8, 15972, -5.0, 1.0, -5.0, 0.0, 15, 0, nextToken(), -3.0
8, 15973, -5.0, 1.0, -5.0, 0.5, 15, 0, nextToken(), -3.0
8, 15974, -5.0, 1.0, -5.0, 1.0, 15, 0, nextToken(), -3.0
8, 15975, -5.0, 1.0, -5.0, 1.5, 15, 0, nextToken(), -3.0
8, 15976, -5.0, 1.0, -5.0, 2.0, 15, 0, nextToken(), -3.0
8, 15977, -5.0, 1.0, -5.0, 2.5, 15, 0, nextToken(), -3.0
8, 15978, -5.0, 1.0, -5.0, 3.0, 15, 0, nextToken(), -3.0
8, 15979, -5.0, 1.0, -5.0, 3.5, 15, 0, nextToken(), -3.0
8, 15980, -5.0, 1.0, -5.0, 4.0, 15, 0, nextToken(), -3.0
8, 15981, -5.0, 1.0, -5.0, 4.5, 15, 0, nextToken(), -3.0
8, 15982, -5.0, 1.0, -5.0, 5.0, 15, 0, nextToken(), -3.0
8, 15983, -5.0, 1.0, -4.5, 0.0, 15, 0, nextToken(), -3.0
8, 15984, -5.0, 1.0, -4.5, 0.5, 15, 0, nextToken(), -3.0
8, 15985, -5.0, 1.0, -4.5, 1.0, 15, 0, nextToken(), -3.0
8, 15986, -5.0, 1.0, -4.5, 1.5, 15, 0, nextToken(), -3.0
8, 15987, -5.0, 1.0, -4.5, 2.0, 15, 0, nextToken(), -3.0
8, 15988, -5.0, 1.0, -4.5, 2.5, 15, 0, nextToken(), -3.0
8, 15989, -5.0, 1.0, -4.5, 3.0, 15, 0, nextToken(), -3.0
8, 15990, -5.0, 1.0, -4.5, 3.5, 15, 0, nextToken(), -3.0
8, 15991, -5.0, 1.0, -4.5, 4.0, 15, 0, nextToken(), -3.0
8, 15992, -5.0, 1.0, -4.5, 4.5, 15, 0, nextToken(), -3.0
8, 15993, -5.0, 1.0, -4.5, 5.0, 15, 0, nextToken(), -3.0
8, 15994, -5.0, 1.0, -4.0, 0.0, 15, 0, nextToken(), -3.0
8, 15995, -5.0, 1.0, -4.0, 0.5, 15, 0, nextToken(), -3.0
8, 15996, -5.0, 1.0, -4.0, 1.0, 15, 0, nextToken(), -3.0
8, 15997, -5.0, 1.0, -4.0, 1.5, 15, 0, nextToken(), -3.0
8, 15998, -5.0, 1.0, -4.0, 2.0, 15, 0, nextToken(), -3.0
8, 15999, -5.0, 1.0, -4.0, 2.5, 15, 0, nextToken(), -3.0
8, 16000, -5.0, 1.0, -4.0, 3.0, 15, 0, nextToken(), -3.0
8, 16001, -5.0, 1.0, -4.0, 3.5, 15, 0, nextToken(), -3.0
8, 16002, -5.0, 1.0, -4.0, 4.0, 15, 0, nextToken(), -3.0
8, 16003, -5.0, 1.0, -4.0, 4.5, 15, 0, nextToken(), -3.0
8, 16004, -5.0, 1.0, -4.0, 5.0, 15, 0, nextToken(), -3.0
8, 16005, -5.0, 1.0, -3.5, 0.0, 15, 0, nextToken(), -3.0
8, 16006, -5.0, 1.0, -3.5, 0.5, 15, 0, nextToken(), -3.0
8, 16007, -5.0, 1.0, -3.5, 1.0, 15, 0, nextToken(), -3.0
8, 16008, -5.0, 1.0, -3.5, 1.5, 15, 0, nextToken(), -3.0
8, 16009, -5.0, 1.0, -3.5, 2.0, 15, 0, nextToken(), -3.0
8, 16010, -5.0, 1.0, -3.5, 2.5, 15, 0, nextToken(), -3.0
8, 16011, -5.0, 1.0, -3.5, 3.0, 15, 0, nextToken(), -3.0
8, 16012, -5.0, 1.0, -3.5, 3.5, 15, 0, nextToken(), -3.0
8, 16013, -5.0, 1.0, -3.5, 4.0, 15, 0, nextToken(), -3.0
8, 16014, -5.0, 1.0, -3.5, 4.5, 15, 0, nextToken(), -3.0
8, 16015, -5.0, 1.0, -3.5, 5.0, 15, 0, nextToken(), -3.0
8, 16016, -5.0, 1.0, -3.0, 0.0, 15, 0, nextToken(), -3.0
8, 16017, -5.0, 1.0, -3.0, 0.5, 15, 0, nextToken(), -3.0
8, 16018, -5.0, 1.0, -3.0, 1.0, 15, 0, nextToken(), -3.0
8, 16019, -5.0, 1.0, -3.0, 1.5, 15, 0, nextToken(), -3.0
8, 16020, -5.0, 1.0, -3.0, 2.0, 15, 0, nextToken(), -3.0
8, 16021, -5.0, 1.0, -3.0, 2.5, 15, 0, nextToken(), -3.0
8, 16022, -5.0, 1.0, -3.0, 3.0, 15, 0, nextToken(), -3.0
8, 16023, -5.0, 1.0, -3.0, 3.5, 15, 0, nextToken(), -3.0
8, 16024, -5.0, 1.0, -3.0, 4.0, 15, 0, nextToken(), -3.0
8, 16025, -5.0, 1.0, -3.0, 4.5, 15, 0, nextToken(), -3.0
8, 16026, -5.0, 1.0, -3.0, 5.0, 15, 1, nextToken(), -3.0
8, 16027, -5.0, 1.0, -2.5, 0.0, 15, 0, nextToken(), -3.0
8, 16028, -5.0, 1.0, -2.5, 0.5, 15, 0, nextToken(), -3.0
8, 16029, -5.0, 1.0, -2.5, 1.0, 15, 0, nextToken(), -3.0
8, 16030, -5.0, 1.0, -2.5, 1.5, 15, 0, nextToken(), -3.0
8, 16031, -5.0, 1.0, -2.5, 2.0, 15, 0, nextToken(), -3.0
8, 16032, -5.0, 1.0, -2.5, 2.5, 15, 0, nextToken(), -3.0
8, 16033, -5.0, 1.0, -2.5, 3.0, 15, 0, nextToken(), -3.0
8, 16034, -5.0, 1.0, -2.5, 3.5, 15, 0, nextToken(), -3.0
8, 16035, -5.0, 1.0, -2.5, 4.0, 15, 0, nextToken(), -3.0
8, 16036, -5.0, 1.0, -2.5, 4.5, 15, 1, nextToken(), -3.0
8, 16037, -5.0, 1.0, -2.5, 5.0, 15, 1, nextToken(), -3.0
8, 16038, -5.0, 1.0, -2.0, 0.0, 15, 0, nextToken(), -3.0
8, 16039, -5.0, 1.0, -2.0, 0.5, 15, 0, nextToken(), -3.0
8, 16040, -5.0, 1.0, -2.0, 1.0, 15, 0, nextToken(), -3.0
8, 16041, -5.0, 1.0, -2.0, 1.5, 15, 0, nextToken(), -3.0
8, 16042, -5.0, 1.0, -2.0, 2.0, 15, 0, nextToken(), -3.0
8, 16043, -5.0, 1.0, -2.0, 2.5, 15, 0, nextToken(), -3.0
8, 16044, -5.0, 1.0, -2.0, 3.0, 15, 0, nextToken(), -3.0
8, 16045, -5.0, 1.0, -2.0, 3.5, 15, 0, nextToken(), -3.0
8, 16046, -5.0, 1.0, -2.0, 4.0, 15, 1, nextToken(), -3.0
8, 16047, -5.0, 1.0, -2.0, 4.5, 15, 1, nextToken(), -3.0
8, 16048, -5.0, 1.0, -2.0, 5.0, 15, 1, nextToken(), -3.0
8, 16049, -5.0, 1.0, -1.5, 0.0, 15, 0, nextToken(), -3.0
8, 16050, -5.0, 1.0, -1.5, 0.5, 15, 0, nextToken(), -3.0
8, 16051, -5.0, 1.0, -1.5, 1.0, 15, 0, nextToken(), -3.0
8, 16052, -5.0, 1.0, -1.5, 1.5, 15, 0, nextToken(), -3.0
8, 16053, -5.0, 1.0, -1.5, 2.0, 15, 0, nextToken(), -3.0
8, 16054, -5.0, 1.0, -1.5, 2.5, 15, 0, nextToken(), -3.0
8, 16055, -5.0, 1.0, -1.5, 3.0, 15, 0, nextToken(), -3.0
8, 16056, -5.0, 1.0, -1.5, 3.5, 15, 1, nextToken(), -3.0
8, 16057, -5.0, 1.0, -1.5, 4.0, 15, 1, nextToken(), -3.0
8, 16058, -5.0, 1.0, -1.5, 4.5, 15, 1, nextToken(), -3.0
8, 16059, -5.0, 1.0, -1.5, 5.0, 15, 1, nextToken(), -3.0
8, 16060, -5.0, 1.0, -1.0, 0.0, 15, 0, nextToken(), -3.0
8, 16061, -5.0, 1.0, -1.0, 0.5, 15, 0, nextToken(), -3.0
8, 16062, -5.0, 1.0, -1.0, 1.0, 15, 0, nextToken(), -3.0
8, 16063, -5.0, 1.0, -1.0, 1.5, 15, 0, nextToken(), -3.0
8, 16064, -5.0, 1.0, -1.0, 2.0, 15, 0, nextToken(), -3.0
8, 16065, -5.0, 1.0, -1.0, 2.5, 15, 0, nextToken(), -3.0
8, 16066, -5.0, 1.0, -1.0, 3.0, 15, 1, nextToken(), -3.0
8, 16067, -5.0, 1.0, -1.0, 3.5, 15, 1, nextToken(), -3.0
8, 16068, -5.0, 1.0, -1.0, 4.0, 15, 1, nextToken(), -3.0
8, 16069, -5.0, 1.0, -1.0, 4.5, 15, 1, nextToken(), -3.0
8, 16070, -5.0, 1.0, -1.0, 5.0, 15, 1, nextToken(), -3.0
8, 16071, -5.0, 1.0, -0.5, 0.0, 15, 0, nextToken(), -3.0
8, 16072, -5.0, 1.0, -0.5, 0.5, 15, 0, nextToken(), -3.0
8, 16073, -5.0, 1.0, -0.5, 1.0, 15, 0, nextToken(), -3.0
8, 16074, -5.0, 1.0, -0.5, 1.5, 15, 0, nextToken(), -3.0
8, 16075, -5.0, 1.0, -0.5, 2.0, 15, 0, nextToken(), -3.0
8, 16076, -5.0, 1.0, -0.5, 2.5, 15, 1, nextToken(), -3.0
8, 16077, -5.0, 1.0, -0.5, 3.0, 15, 1, nextToken(), -3.0
8, 16078, -5.0, 1.0, -0.5, 3.5, 15, 1, nextToken(), -3.0
8, 16079, -5.0, 1.0, -0.5, 4.0, 15, 1, nextToken(), -3.0
8, 16080, -5.0, 1.0, -0.5, 4.5, 15, 1, nextToken(), -3.0
8, 16081, -5.0, 1.0, -0.5, 5.0, 15, 1, nextToken(), -3.0
8, 16082, -5.0, 1.0, 0.0, 0.0, 15, 0, nextToken(), -3.0
8, 16083, -5.0, 1.0, 0.0, 0.5, 15, 0, nextToken(), -3.0
8, 16084, -5.0, 1.0, 0.0, 1.0, 15, 0, nextToken(), -3.0
8, 16085, -5.0, 1.0, 0.0, 1.5, 15, 0, nextToken(), -3.0
8, 16086, -5.0, 1.0, 0.0, 2.0, 15, 1, nextToken(), -3.0
8, 16087, -5.0, 1.0, 0.0, 2.5, 15, 1, nextToken(), -3.0
8, 16088, -5.0, 1.0, 0.0, 3.0, 15, 1, nextToken(), -3.0
8, 16089, -5.0, 1.0, 0.0, 3.5, 15, 1, nextToken(), -3.0
8, 16090, -5.0, 1.0, 0.0, 4.0, 15, 1, nextToken(), -3.0
8, 16091, -5.0, 1.0, 0.0, 4.5, 15, 1, nextToken(), -3.0
8, 16092, -5.0, 1.0, 0.0, 5.0, 15, 1, nextToken(), -3.0
8, 16093, -4.5, 1.0, -5.0, 0.0, 15, 0, nextToken(), -2.5
8, 16094, -4.5, 1.0, -5.0, 0.5, 15, 0, nextToken(), -2.5
8, 16095, -4.5, 1.0, -5.0, 1.0, 15, 0, nextToken(), -2.5
8, 16096, -4.5, 1.0, -5.0, 1.5, 15, 0, nextToken(), -2.5
8, 16097, -4.5, 1.0, -5.0, 2.0, 15, 0, nextToken(), -2.5
8, 16098, -4.5, 1.0, -5.0, 2.5, 15, 0, nextToken(), -2.5
8, 16099, -4.5, 1.0, -5.0, 3.0, 15, 0, nextToken(), -2.5
8, 16100, -4.5, 1.0, -5.0, 3.5, 15, 0, nextToken(), -2.5
8, 16101, -4.5, 1.0, -5.0, 4.0, 15, 0, nextToken(), -2.5
8, 16102, -4.5, 1.0, -5.0, 4.5, 15, 0, nextToken(), -2.5
8, 16103, -4.5, 1.0, -5.0, 5.0, 15, 0, nextToken(), -2.5
8, 16104, -4.5, 1.0, -4.5, 0.0, 15, 0, nextToken(), -2.5
8, 16105, -4.5, 1.0, -4.5, 0.5, 15, 0, nextToken(), -2.5
8, 16106, -4.5, 1.0, -4.5, 1.0, 15, 0, nextToken(), -2.5
8, 16107, -4.5, 1.0, -4.5, 1.5, 15, 0, nextToken(), -2.5
8, 16108, -4.5, 1.0, -4.5, 2.0, 15, 0, nextToken(), -2.5
8, 16109, -4.5, 1.0, -4.5, 2.5, 15, 0, nextToken(), -2.5
8, 16110, -4.5, 1.0, -4.5, 3.0, 15, 0, nextToken(), -2.5
8, 16111, -4.5, 1.0, -4.5, 3.5, 15, 0, nextToken(), -2.5
8, 16112, -4.5, 1.0, -4.5, 4.0, 15, 0, nextToken(), -2.5
8, 16113, -4.5, 1.0, -4.5, 4.5, 15, 0, nextToken(), -2.5
8, 16114, -4.5, 1.0, -4.5, 5.0, 15, 0, nextToken(), -2.5
8, 16115, -4.5, 1.0, -4.0, 0.0, 15, 0, nextToken(), -2.5
8, 16116, -4.5, 1.0, -4.0, 0.5, 15, 0, nextToken(), -2.5
8, 16117, -4.5, 1.0, -4.0, 1.0, 15, 0, nextToken(), -2.5
8, 16118, -4.5, 1.0, -4.0, 1.5, 15, 0, nextToken(), -2.5
8, 16119, -4.5, 1.0, -4.0, 2.0, 15, 0, nextToken(), -2.5
8, 16120, -4.5, 1.0, -4.0, 2.5, 15, 0, nextToken(), -2.5
8, 16121, -4.5, 1.0, -4.0, 3.0, 15, 0, nextToken(), -2.5
8, 16122, -4.5, 1.0, -4.0, 3.5, 15, 0, nextToken(), -2.5
8, 16123, -4.5, 1.0, -4.0, 4.0, 15, 0, nextToken(), -2.5
8, 16124, -4.5, 1.0, -4.0, 4.5, 15, 0, nextToken(), -2.5
8, 16125, -4.5, 1.0, -4.0, 5.0, 15, 0, nextToken(), -2.5
8, 16126, -4.5, 1.0, -3.5, 0.0, 15, 0, nextToken(), -2.5
8, 16127, -4.5, 1.0, -3.5, 0.5, 15, 0, nextToken(), -2.5
8, 16128, -4.5, 1.0, -3.5, 1.0, 15, 0, nextToken(), -2.5
8, 16129, -4.5, 1.0, -3.5, 1.5, 15, 0, nextToken(), -2.5
8, 16130, -4.5, 1.0, -3.5, 2.0, 15, 0, nextToken(), -2.5
8, 16131, -4.5, 1.0, -3.5, 2.5, 15, 0, nextToken(), -2.5
8, 16132, -4.5, 1.0, -3.5, 3.0, 15, 0, nextToken(), -2.5
8, 16133, -4.5, 1.0, -3.5, 3.5, 15, 0, nextToken(), -2.5
8, 16134, -4.5, 1.0, -3.5, 4.0, 15, 0, nextToken(), -2.5
8, 16135, -4.5, 1.0, -3.5, 4.5, 15, 0, nextToken(), -2.5
8, 16136, -4.5, 1.0, -3.5, 5.0, 15, 0, nextToken(), -2.5
8, 16137, -4.5, 1.0, -3.0, 0.0, 15, 0, nextToken(), -2.5
8, 16138, -4.5, 1.0, -3.0, 0.5, 15, 0, nextToken(), -2.5
8, 16139, -4.5, 1.0, -3.0, 1.0, 15, 0, nextToken(), -2.5
8, 16140, -4.5, 1.0, -3.0, 1.5, 15, 0, nextToken(), -2.5
8, 16141, -4.5, 1.0, -3.0, 2.0, 15, 0, nextToken(), -2.5
8, 16142, -4.5, 1.0, -3.0, 2.5, 15, 0, nextToken(), -2.5
8, 16143, -4.5, 1.0, -3.0, 3.0, 15, 0, nextToken(), -2.5
8, 16144, -4.5, 1.0, -3.0, 3.5, 15, 0, nextToken(), -2.5
8, 16145, -4.5, 1.0, -3.0, 4.0, 15, 0, nextToken(), -2.5
8, 16146, -4.5, 1.0, -3.0, 4.5, 15, 0, nextToken(), -2.5
8, 16147, -4.5, 1.0, -3.0, 5.0, 15, 1, nextToken(), -2.5
8, 16148, -4.5, 1.0, -2.5, 0.0, 15, 0, nextToken(), -2.5
8, 16149, -4.5, 1.0, -2.5, 0.5, 15, 0, nextToken(), -2.5
8, 16150, -4.5, 1.0, -2.5, 1.0, 15, 0, nextToken(), -2.5
8, 16151, -4.5, 1.0, -2.5, 1.5, 15, 0, nextToken(), -2.5
8, 16152, -4.5, 1.0, -2.5, 2.0, 15, 0, nextToken(), -2.5
8, 16153, -4.5, 1.0, -2.5, 2.5, 15, 0, nextToken(), -2.5
8, 16154, -4.5, 1.0, -2.5, 3.0, 15, 0, nextToken(), -2.5
8, 16155, -4.5, 1.0, -2.5, 3.5, 15, 0, nextToken(), -2.5
8, 16156, -4.5, 1.0, -2.5, 4.0, 15, 0, nextToken(), -2.5
8, 16157, -4.5, 1.0, -2.5, 4.5, 15, 1, nextToken(), -2.5
8, 16158, -4.5, 1.0, -2.5, 5.0, 15, 1, nextToken(), -2.5
8, 16159, -4.5, 1.0, -2.0, 0.0, 15, 0, nextToken(), -2.5
8, 16160, -4.5, 1.0, -2.0, 0.5, 15, 0, nextToken(), -2.5
8, 16161, -4.5, 1.0, -2.0, 1.0, 15, 0, nextToken(), -2.5
8, 16162, -4.5, 1.0, -2.0, 1.5, 15, 0, nextToken(), -2.5
8, 16163, -4.5, 1.0, -2.0, 2.0, 15, 0, nextToken(), -2.5
8, 16164, -4.5, 1.0, -2.0, 2.5, 15, 0, nextToken(), -2.5
8, 16165, -4.5, 1.0, -2.0, 3.0, 15, 0, nextToken(), -2.5
8, 16166, -4.5, 1.0, -2.0, 3.5, 15, 0, nextToken(), -2.5
8, 16167, -4.5, 1.0, -2.0, 4.0, 15, 1, nextToken(), -2.5
8, 16168, -4.5, 1.0, -2.0, 4.5, 15, 1, nextToken(), -2.5
8, 16169, -4.5, 1.0, -2.0, 5.0, 15, 1, nextToken(), -2.5
8, 16170, -4.5, 1.0, -1.5, 0.0, 15, 0, nextToken(), -2.5
8, 16171, -4.5, 1.0, -1.5, 0.5, 15, 0, nextToken(), -2.5
8, 16172, -4.5, 1.0, -1.5, 1.0, 15, 0, nextToken(), -2.5
8, 16173, -4.5, 1.0, -1.5, 1.5, 15, 0, nextToken(), -2.5
8, 16174, -4.5, 1.0, -1.5, 2.0, 15, 0, nextToken(), -2.5
8, 16175, -4.5, 1.0, -1.5, 2.5, 15, 0, nextToken(), -2.5
8, 16176, -4.5, 1.0, -1.5, 3.0, 15, 0, nextToken(), -2.5
8, 16177, -4.5, 1.0, -1.5, 3.5, 15, 1, nextToken(), -2.5
8, 16178, -4.5, 1.0, -1.5, 4.0, 15, 1, nextToken(), -2.5
8, 16179, -4.5, 1.0, -1.5, 4.5, 15, 1, nextToken(), -2.5
8, 16180, -4.5, 1.0, -1.5, 5.0, 15, 1, nextToken(), -2.5
8, 16181, -4.5, 1.0, -1.0, 0.0, 15, 0, nextToken(), -2.5
8, 16182, -4.5, 1.0, -1.0, 0.5, 15, 0, nextToken(), -2.5
8, 16183, -4.5, 1.0, -1.0, 1.0, 15, 0, nextToken(), -2.5
8, 16184, -4.5, 1.0, -1.0, 1.5, 15, 0, nextToken(), -2.5
8, 16185, -4.5, 1.0, -1.0, 2.0, 15, 0, nextToken(), -2.5
8, 16186, -4.5, 1.0, -1.0, 2.5, 15, 0, nextToken(), -2.5
8, 16187, -4.5, 1.0, -1.0, 3.0, 15, 1, nextToken(), -2.5
8, 16188, -4.5, 1.0, -1.0, 3.5, 15, 1, nextToken(), -2.5
8, 16189, -4.5, 1.0, -1.0, 4.0, 15, 1, nextToken(), -2.5
8, 16190, -4.5, 1.0, -1.0, 4.5, 15, 1, nextToken(), -2.5
8, 16191, -4.5, 1.0, -1.0, 5.0, 15, 1, nextToken(), -2.5
8, 16192, -4.5, 1.0, -0.5, 0.0, 15, 0, nextToken(), -2.5
8, 16193, -4.5, 1.0, -0.5, 0.5, 15, 0, nextToken(), -2.5
8, 16194, -4.5, 1.0, -0.5, 1.0, 15, 0, nextToken(), -2.5
8, 16195, -4.5, 1.0, -0.5, 1.5, 15, 0, nextToken(), -2.5
8, 16196, -4.5, 1.0, -0.5, 2.0, 15, 0, nextToken(), -2.5
8, 16197, -4.5, 1.0, -0.5, 2.5, 15, 1, nextToken(), -2.5
8, 16198, -4.5, 1.0, -0.5, 3.0, 15, 1, nextToken(), -2.5
8, 16199, -4.5, 1.0, -0.5, 3.5, 15, 1, nextToken(), -2.5
8, 16200, -4.5, 1.0, -0.5, 4.0, 15, 1, nextToken(), -2.5
8, 16201, -4.5, 1.0, -0.5, 4.5, 15, 1, nextToken(), -2.5
8, 16202, -4.5, 1.0, -0.5, 5.0, 15, 1, nextToken(), -2.5
8, 16203, -4.5, 1.0, 0.0, 0.0, 15, 0, nextToken(), -2.5
8, 16204, -4.5, 1.0, 0.0, 0.5, 15, 0, nextToken(), -2.5
8, 16205, -4.5, 1.0, 0.0, 1.0, 15, 0, nextToken(), -2.5
8, 16206, -4.5, 1.0, 0.0, 1.5, 15, 0, nextToken(), -2.5
8, 16207, -4.5, 1.0, 0.0, 2.0, 15, 1, nextToken(), -2.5
8, 16208, -4.5, 1.0, 0.0, 2.5, 15, 1, nextToken(), -2.5
8, 16209, -4.5, 1.0, 0.0, 3.0, 15, 1, nextToken(), -2.5
8, 16210, -4.5, 1.0, 0.0, 3.5, 15, 1, nextToken(), -2.5
8, 16211, -4.5, 1.0, 0.0, 4.0, 15, 1, nextToken(), -2.5
8, 16212, -4.5, 1.0, 0.0, 4.5, 15, 1, nextToken(), -2.5
8, 16213, -4.5, 1.0, 0.0, 5.0, 11, 1, message.nextToken(), -2.0
8, 16214, -4.0, 1.0, -5.0, 0.0, 15, 0, nextToken(), -2.0
8, 16215, -4.0, 1.0, -5.0, 0.5, 15, 0, nextToken(), -2.0
8, 16216, -4.0, 1.0, -5.0, 1.0, 15, 0, nextToken(), -2.0
8, 16217, -4.0, 1.0, -5.0, 1.5, 15, 0, nextToken(), -2.0
8, 16218, -4.0, 1.0, -5.0, 2.0, 15, 0, nextToken(), -2.0
8, 16219, -4.0, 1.0, -5.0, 2.5, 15, 0, nextToken(), -2.0
8, 16220, -4.0, 1.0, -5.0, 3.0, 15, 0, nextToken(), -2.0
8, 16221, -4.0, 1.0, -5.0, 3.5, 15, 0, nextToken(), -2.0
8, 16222, -4.0, 1.0, -5.0, 4.0, 15, 0, nextToken(), -2.0
8, 16223, -4.0, 1.0, -5.0, 4.5, 15, 0, nextToken(), -2.0
8, 16224, -4.0, 1.0, -5.0, 5.0, 15, 0, nextToken(), -2.0
8, 16225, -4.0, 1.0, -4.5, 0.0, 15, 0, nextToken(), -2.0
8, 16226, -4.0, 1.0, -4.5, 0.5, 15, 0, nextToken(), -2.0
8, 16227, -4.0, 1.0, -4.5, 1.0, 15, 0, nextToken(), -2.0
8, 16228, -4.0, 1.0, -4.5, 1.5, 15, 0, nextToken(), -2.0
8, 16229, -4.0, 1.0, -4.5, 2.0, 15, 0, nextToken(), -2.0
8, 16230, -4.0, 1.0, -4.5, 2.5, 15, 0, nextToken(), -2.0
8, 16231, -4.0, 1.0, -4.5, 3.0, 15, 0, nextToken(), -2.0
8, 16232, -4.0, 1.0, -4.5, 3.5, 15, 0, nextToken(), -2.0
8, 16233, -4.0, 1.0, -4.5, 4.0, 15, 0, nextToken(), -2.0
8, 16234, -4.0, 1.0, -4.5, 4.5, 15, 0, nextToken(), -2.0
8, 16235, -4.0, 1.0, -4.5, 5.0, 15, 0, nextToken(), -2.0
8, 16236, -4.0, 1.0, -4.0, 0.0, 15, 0, nextToken(), -2.0
8, 16237, -4.0, 1.0, -4.0, 0.5, 15, 0, nextToken(), -2.0
8, 16238, -4.0, 1.0, -4.0, 1.0, 15, 0, nextToken(), -2.0
8, 16239, -4.0, 1.0, -4.0, 1.5, 15, 0, nextToken(), -2.0
8, 16240, -4.0, 1.0, -4.0, 2.0, 15, 0, nextToken(), -2.0
8, 16241, -4.0, 1.0, -4.0, 2.5, 15, 0, nextToken(), -2.0
8, 16242, -4.0, 1.0, -4.0, 3.0, 15, 0, nextToken(), -2.0
8, 16243, -4.0, 1.0, -4.0, 3.5, 15, 0, nextToken(), -2.0
8, 16244, -4.0, 1.0, -4.0, 4.0, 15, 0, nextToken(), -2.0
8, 16245, -4.0, 1.0, -4.0, 4.5, 15, 0, nextToken(), -2.0
8, 16246, -4.0, 1.0, -4.0, 5.0, 15, 0, nextToken(), -2.0
8, 16247, -4.0, 1.0, -3.5, 0.0, 15, 0, nextToken(), -2.0
8, 16248, -4.0, 1.0, -3.5, 0.5, 15, 0, nextToken(), -2.0
8, 16249, -4.0, 1.0, -3.5, 1.0, 15, 0, nextToken(), -2.0
8, 16250, -4.0, 1.0, -3.5, 1.5, 15, 0, nextToken(), -2.0
8, 16251, -4.0, 1.0, -3.5, 2.0, 15, 0, nextToken(), -2.0
8, 16252, -4.0, 1.0, -3.5, 2.5, 15, 0, nextToken(), -2.0
8, 16253, -4.0, 1.0, -3.5, 3.0, 15, 0, nextToken(), -2.0
8, 16254, -4.0, 1.0, -3.5, 3.5, 15, 0, nextToken(), -2.0
8, 16255, -4.0, 1.0, -3.5, 4.0, 15, 0, nextToken(), -2.0
8, 16256, -4.0, 1.0, -3.5, 4.5, 15, 0, nextToken(), -2.0
8, 16257, -4.0, 1.0, -3.5, 5.0, 15, 0, nextToken(), -2.0
8, 16258, -4.0, 1.0, -3.0, 0.0, 15, 0, nextToken(), -2.0
8, 16259, -4.0, 1.0, -3.0, 0.5, 15, 0, nextToken(), -2.0
8, 16260, -4.0, 1.0, -3.0, 1.0, 15, 0, nextToken(), -2.0
8, 16261, -4.0, 1.0, -3.0, 1.5, 15, 0, nextToken(), -2.0
8, 16262, -4.0, 1.0, -3.0, 2.0, 15, 0, nextToken(), -2.0
8, 16263, -4.0, 1.0, -3.0, 2.5, 15, 0, nextToken(), -2.0
8, 16264, -4.0, 1.0, -3.0, 3.0, 15, 0, nextToken(), -2.0
8, 16265, -4.0, 1.0, -3.0, 3.5, 15, 0, nextToken(), -2.0
8, 16266, -4.0, 1.0, -3.0, 4.0, 15, 0, nextToken(), -2.0
8, 16267, -4.0, 1.0, -3.0, 4.5, 15, 0, nextToken(), -2.0
8, 16268, -4.0, 1.0, -3.0, 5.0, 15, 1, nextToken(), -2.0
8, 16269, -4.0, 1.0, -2.5, 0.0, 15, 0, nextToken(), -2.0
8, 16270, -4.0, 1.0, -2.5, 0.5, 15, 0, nextToken(), -2.0
8, 16271, -4.0, 1.0, -2.5, 1.0, 15, 0, nextToken(), -2.0
8, 16272, -4.0, 1.0, -2.5, 1.5, 15, 0, nextToken(), -2.0
8, 16273, -4.0, 1.0, -2.5, 2.0, 15, 0, nextToken(), -2.0
8, 16274, -4.0, 1.0, -2.5, 2.5, 15, 0, nextToken(), -2.0
8, 16275, -4.0, 1.0, -2.5, 3.0, 15, 0, nextToken(), -2.0
8, 16276, -4.0, 1.0, -2.5, 3.5, 15, 0, nextToken(), -2.0
8, 16277, -4.0, 1.0, -2.5, 4.0, 15, 0, nextToken(), -2.0
8, 16278, -4.0, 1.0, -2.5, 4.5, 15, 1, nextToken(), -2.0
8, 16279, -4.0, 1.0, -2.5, 5.0, 15, 1, nextToken(), -2.0
8, 16280, -4.0, 1.0, -2.0, 0.0, 15, 0, nextToken(), -2.0
8, 16281, -4.0, 1.0, -2.0, 0.5, 15, 0, nextToken(), -2.0
8, 16282, -4.0, 1.0, -2.0, 1.0, 15, 0, nextToken(), -2.0
8, 16283, -4.0, 1.0, -2.0, 1.5, 15, 0, nextToken(), -2.0
8, 16284, -4.0, 1.0, -2.0, 2.0, 15, 0, nextToken(), -2.0
8, 16285, -4.0, 1.0, -2.0, 2.5, 15, 0, nextToken(), -2.0
8, 16286, -4.0, 1.0, -2.0, 3.0, 15, 0, nextToken(), -2.0
8, 16287, -4.0, 1.0, -2.0, 3.5, 15, 0, nextToken(), -2.0
8, 16288, -4.0, 1.0, -2.0, 4.0, 15, 1, nextToken(), -2.0
8, 16289, -4.0, 1.0, -2.0, 4.5, 15, 1, nextToken(), -2.0
8, 16290, -4.0, 1.0, -2.0, 5.0, 15, 1, nextToken(), -2.0
8, 16291, -4.0, 1.0, -1.5, 0.0, 15, 0, nextToken(), -2.0
8, 16292, -4.0, 1.0, -1.5, 0.5, 15, 0, nextToken(), -2.0
8, 16293, -4.0, 1.0, -1.5, 1.0, 15, 0, nextToken(), -2.0
8, 16294, -4.0, 1.0, -1.5, 1.5, 15, 0, nextToken(), -2.0
8, 16295, -4.0, 1.0, -1.5, 2.0, 15, 0, nextToken(), -2.0
8, 16296, -4.0, 1.0, -1.5, 2.5, 15, 0, nextToken(), -2.0
8, 16297, -4.0, 1.0, -1.5, 3.0, 15, 0, nextToken(), -2.0
8, 16298, -4.0, 1.0, -1.5, 3.5, 15, 1, nextToken(), -2.0
8, 16299, -4.0, 1.0, -1.5, 4.0, 15, 1, nextToken(), -2.0
8, 16300, -4.0, 1.0, -1.5, 4.5, 15, 1, nextToken(), -2.0
8, 16301, -4.0, 1.0, -1.5, 5.0, 15, 1, nextToken(), -2.0
8, 16302, -4.0, 1.0, -1.0, 0.0, 15, 0, nextToken(), -2.0
8, 16303, -4.0, 1.0, -1.0, 0.5, 15, 0, nextToken(), -2.0
8, 16304, -4.0, 1.0, -1.0, 1.0, 15, 0, nextToken(), -2.0
8, 16305, -4.0, 1.0, -1.0, 1.5, 15, 0, nextToken(), -2.0
8, 16306, -4.0, 1.0, -1.0, 2.0, 15, 0, nextToken(), -2.0
8, 16307, -4.0, 1.0, -1.0, 2.5, 15, 0, nextToken(), -2.0
8, 16308, -4.0, 1.0, -1.0, 3.0, 15, 1, nextToken(), -2.0
8, 16309, -4.0, 1.0, -1.0, 3.5, 15, 1, nextToken(), -2.0
8, 16310, -4.0, 1.0, -1.0, 4.0, 15, 1, nextToken(), -2.0
8, 16311, -4.0, 1.0, -1.0, 4.5, 15, 1, nextToken(), -2.0
8, 16312, -4.0, 1.0, -1.0, 5.0, 15, 1, nextToken(), -2.0
8, 16313, -4.0, 1.0, -0.5, 0.0, 15, 0, nextToken(), -2.0
8, 16314, -4.0, 1.0, -0.5, 0.5, 15, 0, nextToken(), -2.0
8, 16315, -4.0, 1.0, -0.5, 1.0, 15, 0, nextToken(), -2.0
8, 16316, -4.0, 1.0, -0.5, 1.5, 15, 0, nextToken(), -2.0
8, 16317, -4.0, 1.0, -0.5, 2.0, 15, 0, nextToken(), -2.0
8, 16318, -4.0, 1.0, -0.5, 2.5, 15, 1, nextToken(), -2.0
8, 16319, -4.0, 1.0, -0.5, 3.0, 15, 1, nextToken(), -2.0
8, 16320, -4.0, 1.0, -0.5, 3.5, 15, 1, nextToken(), -2.0
8, 16321, -4.0, 1.0, -0.5, 4.0, 15, 1, nextToken(), -2.0
8, 16322, -4.0, 1.0, -0.5, 4.5, 15, 1, nextToken(), -2.0
8, 16323, -4.0, 1.0, -0.5, 5.0, 11, 1, message.nextToken(), -1.5
8, 16324, -4.0, 1.0, 0.0, 0.0, 15, 0, nextToken(), -2.0
8, 16325, -4.0, 1.0, 0.0, 0.5, 15, 0, nextToken(), -2.0
8, 16326, -4.0, 1.0, 0.0, 1.0, 15, 0, nextToken(), -2.0
8, 16327, -4.0, 1.0, 0.0, 1.5, 15, 0, nextToken(), -2.0
8, 16328, -4.0, 1.0, 0.0, 2.0, 15, 1, nextToken(), -2.0
8, 16329, -4.0, 1.0, 0.0, 2.5, 15, 1, nextToken(), -2.0
8, 16330, -4.0, 1.0, 0.0, 3.0, 15, 1, nextToken(), -2.0
8, 16331, -4.0, 1.0, 0.0, 3.5, 15, 1, nextToken(), -2.0
8, 16332, -4.0, 1.0, 0.0, 4.0, 15, 1, nextToken(), -2.0
8, 16333, -4.0, 1.0, 0.0, 4.5, 11, 1, message.nextToken(), -1.5
8, 16334, -4.0, 1.0, 0.0, 5.0, 11, 4, message.nextToken(), -1.0
8, 16335, -3.5, 1.0, -5.0, 0.0, 15, 0, nextToken(), -1.5
8, 16336, -3.5, 1.0, -5.0, 0.5, 15, 0, nextToken(), -1.5
8, 16337, -3.5, 1.0, -5.0, 1.0, 15, 0, nextToken(), -1.5
8, 16338, -3.5, 1.0, -5.0, 1.5, 15, 0, nextToken(), -1.5
8, 16339, -3.5, 1.0, -5.0, 2.0, 15, 0, nextToken(), -1.5
8, 16340, -3.5, 1.0, -5.0, 2.5, 15, 0, nextToken(), -1.5
8, 16341, -3.5, 1.0, -5.0, 3.0, 15, 0, nextToken(), -1.5
8, 16342, -3.5, 1.0, -5.0, 3.5, 15, 0, nextToken(), -1.5
8, 16343, -3.5, 1.0, -5.0, 4.0, 15, 0, nextToken(), -1.5
8, 16344, -3.5, 1.0, -5.0, 4.5, 12, 0, st.nextToken(), 0.5
8, 16345, -3.5, 1.0, -5.0, 5.0, 9, 6, Byte.decode(st.nextToken()), -7.5
8, 16346, -3.5, 1.0, -4.5, 0.0, 15, 0, nextToken(), -1.5
8, 16347, -3.5, 1.0, -4.5, 0.5, 15, 0, nextToken(), -1.5
8, 16348, -3.5, 1.0, -4.5, 1.0, 15, 0, nextToken(), -1.5
8, 16349, -3.5, 1.0, -4.5, 1.5, 15, 0, nextToken(), -1.5
8, 16350, -3.5, 1.0, -4.5, 2.0, 15, 0, nextToken(), -1.5
8, 16351, -3.5, 1.0, -4.5, 2.5, 15, 0, nextToken(), -1.5
8, 16352, -3.5, 1.0, -4.5, 3.0, 15, 0, nextToken(), -1.5
8, 16353, -3.5, 1.0, -4.5, 3.5, 15, 0, nextToken(), -1.5
8, 16354, -3.5, 1.0, -4.5, 4.0, 15, 0, nextToken(), -1.5
8, 16355, -3.5, 1.0, -4.5, 4.5, 12, 0, st.nextToken(), 0.5
8, 16356, -3.5, 1.0, -4.5, 5.0, 9, 6, Byte.decode(st.nextToken()), -7.0
8, 16357, -3.5, 1.0, -4.0, 0.0, 15, 0, nextToken(), -1.5
8, 16358, -3.5, 1.0, -4.0, 0.5, 15, 0, nextToken(), -1.5
8, 16359, -3.5, 1.0, -4.0, 1.0, 15, 0, nextToken(), -1.5
8, 16360, -3.5, 1.0, -4.0, 1.5, 15, 0, nextToken(), -1.5
8, 16361, -3.5, 1.0, -4.0, 2.0, 15, 0, nextToken(), -1.5
8, 16362, -3.5, 1.0, -4.0, 2.5, 15, 0, nextToken(), -1.5
8, 16363, -3.5, 1.0, -4.0, 3.0, 15, 0, nextToken(), -1.5
8, 16364, -3.5, 1.0, -4.0, 3.5, 15, 0, nextToken(), -1.5
8, 16365, -3.5, 1.0, -4.0, 4.0, 15, 0, nextToken(), -1.5
8, 16366, -3.5, 1.0, -4.0, 4.5, 12, 0, st.nextToken(), 0.5
8, 16367, -3.5, 1.0, -4.0, 5.0, 9, 6, Byte.decode(st.nextToken()), -6.5
8, 16368, -3.5, 1.0, -3.5, 0.0, 15, 0, nextToken(), -1.5
8, 16369, -3.5, 1.0, -3.5, 0.5, 15, 0, nextToken(), -1.5
8, 16370, -3.5, 1.0, -3.5, 1.0, 15, 0, nextToken(), -1.5
8, 16371, -3.5, 1.0, -3.5, 1.5, 15, 0, nextToken(), -1.5
8, 16372, -3.5, 1.0, -3.5, 2.0, 15, 0, nextToken(), -1.5
8, 16373, -3.5, 1.0, -3.5, 2.5, 15, 0, nextToken(), -1.5
8, 16374, -3.5, 1.0, -3.5, 3.0, 15, 0, nextToken(), -1.5
8, 16375, -3.5, 1.0, -3.5, 3.5, 15, 0, nextToken(), -1.5
8, 16376, -3.5, 1.0, -3.5, 4.0, 15, 0, nextToken(), -1.5
8, 16377, -3.5, 1.0, -3.5, 4.5, 12, 0, st.nextToken(), 0.5
8, 16378, -3.5, 1.0, -3.5, 5.0, 9, 6, Byte.decode(st.nextToken()), -6.0
8, 16379, -3.5, 1.0, -3.0, 0.0, 15, 0, nextToken(), -1.5
8, 16380, -3.5, 1.0, -3.0, 0.5, 15, 0, nextToken(), -1.5
8, 16381, -3.5, 1.0, -3.0, 1.0, 15, 0, nextToken(), -1.5
8, 16382, -3.5, 1.0, -3.0, 1.5, 15, 0, nextToken(), -1.5
8, 16383, -3.5, 1.0, -3.0, 2.0, 15, 0, nextToken(), -1.5
8, 16384, -3.5, 1.0, -3.0, 2.5, 15, 0, nextToken(), -1.5
8, 16385, -3.5, 1.0, -3.0, 3.0, 15, 0, nextToken(), -1.5
8, 16386, -3.5, 1.0, -3.0, 3.5, 15, 0, nextToken(), -1.5
8, 16387, -3.5, 1.0, -3.0, 4.0, 15, 0, nextToken(), -1.5
8, 16388, -3.5, 1.0, -3.0, 4.5, 12, 0, st.nextToken(), 0.5
8, 16389, -3.5, 1.0, -3.0, 5.0, 9, 6, Byte.decode(st.nextToken()), -5.5
8, 16390, -3.5, 1.0, -2.5, 0.0, 15, 0, nextToken(), -1.5
8, 16391, -3.5, 1.0, -2.5, 0.5, 15, 0, nextToken(), -1.5
8, 16392, -3.5, 1.0, -2.5, 1.0, 15, 0, nextToken(), -1.5
8, 16393, -3.5, 1.0, -2.5, 1.5, 15, 0, nextToken(), -1.5
8, 16394, -3.5, 1.0, -2.5, 2.0, 15, 0, nextToken(), -1.5
8, 16395, -3.5, 1.0, -2.5, 2.5, 15, 0, nextToken(), -1.5
8, 16396, -3.5, 1.0, -2.5, 3.0, 15, 0, nextToken(), -1.5
8, 16397, -3.5, 1.0, -2.5, 3.5, 15, 0, nextToken(), -1.5
8, 16398, -3.5, 1.0, -2.5, 4.0, 15, 0, nextToken(), -1.5
8, 16399, -3.5, 1.0, -2.5, 4.5, 12, 0, st.nextToken(), 0.5
8, 16400, -3.5, 1.0, -2.5, 5.0, 9, 6, Byte.decode(st.nextToken()), -5.0
8, 16401, -3.5, 1.0, -2.0, 0.0, 15, 0, nextToken(), -1.5
8, 16402, -3.5, 1.0, -2.0, 0.5, 15, 0, nextToken(), -1.5
8, 16403, -3.5, 1.0, -2.0, 1.0, 15, 0, nextToken(), -1.5
8, 16404, -3.5, 1.0, -2.0, 1.5, 15, 0, nextToken(), -1.5
8, 16405, -3.5, 1.0, -2.0, 2.0, 15, 0, nextToken(), -1.5
8, 16406, -3.5, 1.0, -2.0, 2.5, 15, 0, nextToken(), -1.5
8, 16407, -3.5, 1.0, -2.0, 3.0, 15, 0, nextToken(), -1.5
8, 16408, -3.5, 1.0, -2.0, 3.5, 15, 0, nextToken(), -1.5
8, 16409, -3.5, 1.0, -2.0, 4.0, 15, 1, nextToken(), -1.5
8, 16410, -3.5, 1.0, -2.0, 4.5, 12, 0, st.nextToken(), 0.5
8, 16411, -3.5, 1.0, -2.0, 5.0, 9, 7, Byte.decode(st.nextToken()), -4.5
8, 16412, -3.5, 1.0, -1.5, 0.0, 15, 0, nextToken(), -1.5
8, 16413, -3.5, 1.0, -1.5, 0.5, 15, 0, nextToken(), -1.5
8, 16414, -3.5, 1.0, -1.5, 1.0, 15, 0, nextToken(), -1.5
8, 16415, -3.5, 1.0, -1.5, 1.5, 15, 0, nextToken(), -1.5
8, 16416, -3.5, 1.0, -1.5, 2.0, 15, 0, nextToken(), -1.5
8, 16417, -3.5, 1.0, -1.5, 2.5, 15, 0, nextToken(), -1.5
8, 16418, -3.5, 1.0, -1.5, 3.0, 15, 0, nextToken(), -1.5
8, 16419, -3.5, 1.0, -1.5, 3.5, 15, 1, nextToken(), -1.5
8, 16420, -3.5, 1.0, -1.5, 4.0, 15, 1, nextToken(), -1.5
8, 16421, -3.5, 1.0, -1.5, 4.5, 12, 0, st.nextToken(), 0.5
8, 16422, -3.5, 1.0, -1.5, 5.0, 12, 1, st.nextToken(), 1.0
8, 16423, -3.5, 1.0, -1.0, 0.0, 15, 0, nextToken(), -1.5
8, 16424, -3.5, 1.0, -1.0, 0.5, 15, 0, nextToken(), -1.5
8, 16425, -3.5, 1.0, -1.0, 1.0, 15, 0, nextToken(), -1.5
8, 16426, -3.5, 1.0, -1.0, 1.5, 15, 0, nextToken(), -1.5
8, 16427, -3.5, 1.0, -1.0, 2.0, 15, 0, nextToken(), -1.5
8, 16428, -3.5, 1.0, -1.0, 2.5, 15, 0, nextToken(), -1.5
8, 16429, -3.5, 1.0, -1.0, 3.0, 15, 1, nextToken(), -1.5
8, 16430, -3.5, 1.0, -1.0, 3.5, 15, 1, nextToken(), -1.5
8, 16431, -3.5, 1.0, -1.0, 4.0, 15, 1, nextToken(), -1.5
8, 16432, -3.5, 1.0, -1.0, 4.5, 12, 1, st.nextToken(), 0.5
8, 16433, -3.5, 1.0, -1.0, 5.0, 12, 1, st.nextToken(), 1.0
8, 16434, -3.5, 1.0, -0.5, 0.0, 15, 0, nextToken(), -1.5
8, 16435, -3.5, 1.0, -0.5, 0.5, 15, 0, nextToken(), -1.5
8, 16436, -3.5, 1.0, -0.5, 1.0, 15, 0, nextToken(), -1.5
8, 16437, -3.5, 1.0, -0.5, 1.5, 15, 0, nextToken(), -1.5
8, 16438, -3.5, 1.0, -0.5, 2.0, 15, 0, nextToken(), -1.5
8, 16439, -3.5, 1.0, -0.5, 2.5, 15, 1, nextToken(), -1.5
8, 16440, -3.5, 1.0, -0.5, 3.0, 15, 1, nextToken(), -1.5
8, 16441, -3.5, 1.0, -0.5, 3.5, 15, 1, nextToken(), -1.5
8, 16442, -3.5, 1.0, -0.5, 4.0, 15, 1, nextToken(), -1.5
8, 16443, -3.5, 1.0, -0.5, 4.5, 12, 2, st.nextToken(), 0.5
8, 16444, -3.5, 1.0, -0.5, 5.0, 12, 4, st.nextToken(), 1.0
8, 16445, -3.5, 1.0, 0.0, 0.0, 15, 0, nextToken(), -1.5
8, 16446, -3.5, 1.0, 0.0, 0.5, 15, 0, nextToken(), -1.5
8, 16447, -3.5, 1.0, 0.0, 1.0, 15, 0, nextToken(), -1.5
8, 16448, -3.5, 1.0, 0.0, 1.5, 15, 0, nextToken(), -1.5
8, 16449, -3.5, 1.0, 0.0, 2.0, 15, 1, nextToken(), -1.5
8, 16450, -3.5, 1.0, 0.0, 2.5, 15, 1, nextToken(), -1.5
8, 16451, -3.5, 1.0, 0.0, 3.0, 15, 1, nextToken(), -1.5
8, 16452, -3.5, 1.0, 0.0, 3.5, 15, 1, nextToken(), -1.5
8, 16453, -3.5, 1.0, 0.0, 4.0, 11, 1, message.nextToken(), -1.0
8, 16454, -3.5, 1.0, 0.0, 4.5, 32, 0, new Task08().getTokens(message).add(st.nextToken(message)), 3.0
8, 16455, -3.5, 1.0, 0.0, 5.0, 32, 0, new Task08().getTokens(message).add(st.nextToken(message)), 5.5
8, 16456, -3.0, 1.0, -5.0, 0.0, 15, 0, nextToken(), -1.0
8, 16457, -3.0, 1.0, -5.0, 0.5, 15, 0, nextToken(), -1.0
8, 16458, -3.0, 1.0, -5.0, 1.0, 15, 0, nextToken(), -1.0
8, 16459, -3.0, 1.0, -5.0, 1.5, 15, 0, nextToken(), -1.0
8, 16460, -3.0, 1.0, -5.0, 2.0, 15, 0, nextToken(), -1.0
8, 16461, -3.0, 1.0, -5.0, 2.5, 15, 0, nextToken(), -1.0
8, 16462, -3.0, 1.0, -5.0, 3.0, 15, 0, nextToken(), -1.0
8, 16463, -3.0, 1.0, -5.0, 3.5, 12, 0, st.nextToken(), 0.5
8, 16464, -3.0, 1.0, -5.0, 4.0, 9, 6, Byte.decode(st.nextToken()), -7.0
8, 16465, -3.0, 1.0, -5.0, 4.5, 0, 0, tokens.add(st.nextToken()), 2.0
8, 16466, -3.0, 1.0, -5.0, 5.0, 0, 0, tokens.add(st.nextToken()), 3.0
8, 16467, -3.0, 1.0, -4.5, 0.0, 15, 0, nextToken(), -1.0
8, 16468, -3.0, 1.0, -4.5, 0.5, 15, 0, nextToken(), -1.0
8, 16469, -3.0, 1.0, -4.5, 1.0, 15, 0, nextToken(), -1.0
8, 16470, -3.0, 1.0, -4.5, 1.5, 15, 0, nextToken(), -1.0
8, 16471, -3.0, 1.0, -4.5, 2.0, 15, 0, nextToken(), -1.0
8, 16472, -3.0, 1.0, -4.5, 2.5, 15, 0, nextToken(), -1.0
8, 16473, -3.0, 1.0, -4.5, 3.0, 15, 0, nextToken(), -1.0
8, 16474, -3.0, 1.0, -4.5, 3.5, 12, 0, st.nextToken(), 0.5
8, 16475, -3.0, 1.0, -4.5, 4.0, 9, 6, Byte.decode(st.nextToken()), -6.5
8, 16476, -3.0, 1.0, -4.5, 4.5, 0, 0, tokens.add(st.nextToken()), 2.0
8, 16477, -3.0, 1.0, -4.5, 5.0, 0, 0, tokens.add(st.nextToken()), 3.0
8, 16478, -3.0, 1.0, -4.0, 0.0, 15, 0, nextToken(), -1.0
8, 16479, -3.0, 1.0, -4.0, 0.5, 15, 0, nextToken(), -1.0
8, 16480, -3.0, 1.0, -4.0, 1.0, 15, 0, nextToken(), -1.0
8, 16481, -3.0, 1.0, -4.0, 1.5, 15, 0, nextToken(), -1.0
8, 16482, -3.0, 1.0, -4.0, 2.0, 15, 0, nextToken(), -1.0
8, 16483, -3.0, 1.0, -4.0, 2.5, 15, 0, nextToken(), -1.0
8, 16484, -3.0, 1.0, -4.0, 3.0, 15, 0, nextToken(), -1.0
8, 16485, -3.0, 1.0, -4.0, 3.5, 12, 0, st.nextToken(), 0.5
8, 16486, -3.0, 1.0, -4.0, 4.0, 9, 6, Byte.decode(st.nextToken()), -6.0
8, 16487, -3.0, 1.0, -4.0, 4.5, 0, 0, tokens.add(st.nextToken()), 2.0
8, 16488, -3.0, 1.0, -4.0, 5.0, 0, 0, tokens.add(st.nextToken()), 3.0
8, 16489, -3.0, 1.0, -3.5, 0.0, 15, 0, nextToken(), -1.0
8, 16490, -3.0, 1.0, -3.5, 0.5, 15, 0, nextToken(), -1.0
8, 16491, -3.0, 1.0, -3.5, 1.0, 15, 0, nextToken(), -1.0
8, 16492, -3.0, 1.0, -3.5, 1.5, 15, 0, nextToken(), -1.0
8, 16493, -3.0, 1.0, -3.5, 2.0, 15, 0, nextToken(), -1.0
8, 16494, -3.0, 1.0, -3.5, 2.5, 15, 0, nextToken(), -1.0
8, 16495, -3.0, 1.0, -3.5, 3.0, 15, 0, nextToken(), -1.0
8, 16496, -3.0, 1.0, -3.5, 3.5, 12, 0, st.nextToken(), 0.5
8, 16497, -3.0, 1.0, -3.5, 4.0, 9, 6, Byte.decode(st.nextToken()), -5.5
8, 16498, -3.0, 1.0, -3.5, 4.5, 0, 0, tokens.add(st.nextToken()), 2.0
8, 16499, -3.0, 1.0, -3.5, 5.0, 0, 0, tokens.add(st.nextToken()), 3.0
8, 16500, -3.0, 1.0, -3.0, 0.0, 15, 0, nextToken(), -1.0
8, 16501, -3.0, 1.0, -3.0, 0.5, 15, 0, nextToken(), -1.0
8, 16502, -3.0, 1.0, -3.0, 1.0, 15, 0, nextToken(), -1.0
8, 16503, -3.0, 1.0, -3.0, 1.5, 15, 0, nextToken(), -1.0
8, 16504, -3.0, 1.0, -3.0, 2.0, 15, 0, nextToken(), -1.0
8, 16505, -3.0, 1.0, -3.0, 2.5, 15, 0, nextToken(), -1.0
8, 16506, -3.0, 1.0, -3.0, 3.0, 15, 0, nextToken(), -1.0
8, 16507, -3.0, 1.0, -3.0, 3.5, 12, 0, st.nextToken(), 0.5
8, 16508, -3.0, 1.0, -3.0, 4.0, 9, 6, Byte.decode(st.nextToken()), -5.0
8, 16509, -3.0, 1.0, -3.0, 4.5, 0, 0, tokens.add(st.nextToken()), 2.0
8, 16510, -3.0, 1.0, -3.0, 5.0, 0, 0, tokens.add(st.nextToken()), 3.0
8, 16511, -3.0, 1.0, -2.5, 0.0, 15, 0, nextToken(), -1.0
8, 16512, -3.0, 1.0, -2.5, 0.5, 15, 0, nextToken(), -1.0
8, 16513, -3.0, 1.0, -2.5, 1.0, 15, 0, nextToken(), -1.0
8, 16514, -3.0, 1.0, -2.5, 1.5, 15, 0, nextToken(), -1.0
8, 16515, -3.0, 1.0, -2.5, 2.0, 15, 0, nextToken(), -1.0
8, 16516, -3.0, 1.0, -2.5, 2.5, 15, 0, nextToken(), -1.0
8, 16517, -3.0, 1.0, -2.5, 3.0, 15, 0, nextToken(), -1.0
8, 16518, -3.0, 1.0, -2.5, 3.5, 12, 0, st.nextToken(), 0.5
8, 16519, -3.0, 1.0, -2.5, 4.0, 9, 6, Byte.decode(st.nextToken()), -4.5
8, 16520, -3.0, 1.0, -2.5, 4.5, 0, 0, tokens.add(st.nextToken()), 2.0
8, 16521, -3.0, 1.0, -2.5, 5.0, 0, 0, tokens.add(st.nextToken()), 3.0
8, 16522, -3.0, 1.0, -2.0, 0.0, 15, 0, nextToken(), -1.0
8, 16523, -3.0, 1.0, -2.0, 0.5, 15, 0, nextToken(), -1.0
8, 16524, -3.0, 1.0, -2.0, 1.0, 15, 0, nextToken(), -1.0
8, 16525, -3.0, 1.0, -2.0, 1.5, 15, 0, nextToken(), -1.0
8, 16526, -3.0, 1.0, -2.0, 2.0, 15, 0, nextToken(), -1.0
8, 16527, -3.0, 1.0, -2.0, 2.5, 15, 0, nextToken(), -1.0
8, 16528, -3.0, 1.0, -2.0, 3.0, 15, 0, nextToken(), -1.0
8, 16529, -3.0, 1.0, -2.0, 3.5, 12, 0, st.nextToken(), 0.5
8, 16530, -3.0, 1.0, -2.0, 4.0, 9, 6, Byte.decode(st.nextToken()), -4.0
8, 16531, -3.0, 1.0, -2.0, 4.5, 0, 0, tokens.add(st.nextToken()), 2.0
8, 16532, -3.0, 1.0, -2.0, 5.0, 7, 0, tokens.add(st.nextToken(message)), 3.0
8, 16533, -3.0, 1.0, -1.5, 0.0, 15, 0, nextToken(), -1.0
8, 16534, -3.0, 1.0, -1.5, 0.5, 15, 0, nextToken(), -1.0
8, 16535, -3.0, 1.0, -1.5, 1.0, 15, 0, nextToken(), -1.0
8, 16536, -3.0, 1.0, -1.5, 1.5, 15, 0, nextToken(), -1.0
8, 16537, -3.0, 1.0, -1.5, 2.0, 15, 0, nextToken(), -1.0
8, 16538, -3.0, 1.0, -1.5, 2.5, 15, 0, nextToken(), -1.0
8, 16539, -3.0, 1.0, -1.5, 3.0, 15, 0, nextToken(), -1.0
8, 16540, -3.0, 1.0, -1.5, 3.5, 12, 0, st.nextToken(), 0.5
8, 16541, -3.0, 1.0, -1.5, 4.0, 9, 7, Byte.decode(st.nextToken()), -3.5
8, 16542, -3.0, 1.0, -1.5, 4.5, 7, 0, tokens.add(st.nextToken(message)), 2.0
8, 16543, -3.0, 1.0, -1.5, 5.0, 7, 0, tokens.add(st.nextToken(message)), 3.5
8, 16544, -3.0, 1.0, -1.0, 0.0, 15, 0, nextToken(), -1.0
8, 16545, -3.0, 1.0, -1.0, 0.5, 15, 0, nextToken(), -1.0
8, 16546, -3.0, 1.0, -1.0, 1.0, 15, 0, nextToken(), -1.0
8, 16547, -3.0, 1.0, -1.0, 1.5, 15, 0, nextToken(), -1.0
8, 16548, -3.0, 1.0, -1.0, 2.0, 15, 0, nextToken(), -1.0
8, 16549, -3.0, 1.0, -1.0, 2.5, 15, 0, nextToken(), -1.0
8, 16550, -3.0, 1.0, -1.0, 3.0, 15, 1, nextToken(), -1.0
8, 16551, -3.0, 1.0, -1.0, 3.5, 12, 0, st.nextToken(), 0.5
8, 16552, -3.0, 1.0, -1.0, 4.0, 12, 1, st.nextToken(), 1.0
8, 16553, -3.0, 1.0, -1.0, 4.5, 7, 0, tokens.add(st.nextToken(message)), 2.5
8, 16554, -3.0, 1.0, -1.0, 5.0, 7, 0, tokens.add(st.nextToken(message)), 4.0
8, 16555, -3.0, 1.0, -0.5, 0.0, 15, 0, nextToken(), -1.0
8, 16556, -3.0, 1.0, -0.5, 0.5, 15, 0, nextToken(), -1.0
8, 16557, -3.0, 1.0, -0.5, 1.0, 15, 0, nextToken(), -1.0
8, 16558, -3.0, 1.0, -0.5, 1.5, 15, 0, nextToken(), -1.0
8, 16559, -3.0, 1.0, -0.5, 2.0, 15, 0, nextToken(), -1.0
8, 16560, -3.0, 1.0, -0.5, 2.5, 15, 1, nextToken(), -1.0
8, 16561, -3.0, 1.0, -0.5, 3.0, 15, 1, nextToken(), -1.0
8, 16562, -3.0, 1.0, -0.5, 3.5, 12, 1, st.nextToken(), 0.5
8, 16563, -3.0, 1.0, -0.5, 4.0, 12, 1, st.nextToken(), 1.0
8, 16564, -3.0, 1.0, -0.5, 4.5, 12, 3, st.nextToken(), 1.5
8, 16565, -3.0, 1.0, -0.5, 5.0, 32, 0, new Task08().getTokens(message).add(st.nextToken(message)), 6.5
8, 16566, -3.0, 1.0, 0.0, 0.0, 15, 0, nextToken(), -1.0
8, 16567, -3.0, 1.0, 0.0, 0.5, 15, 0, nextToken(), -1.0
8, 16568, -3.0, 1.0, 0.0, 1.0, 15, 0, nextToken(), -1.0
8, 16569, -3.0, 1.0, 0.0, 1.5, 15, 0, nextToken(), -1.0
8, 16570, -3.0, 1.0, 0.0, 2.0, 15, 1, nextToken(), -1.0
8, 16571, -3.0, 1.0, 0.0, 2.5, 15, 1, nextToken(), -1.0
8, 16572, -3.0, 1.0, 0.0, 3.0, 15, 1, nextToken(), -1.0
8, 16573, -3.0, 1.0, 0.0, 3.5, 12, 5, st.nextToken(), 0.5
8, 16574, -3.0, 1.0, 0.0, 4.0, 32, 0, new Task08().getTokens(message).add(st.nextToken(message)), 4.0
8, 16575, -3.0, 1.0, 0.0, 4.5, 32, 1, new Task08().getTokens(message).add(st.nextToken(message)), 6.5
8, 16576, -3.0, 1.0, 0.0, 5.0, 32, 1, new Task08().getTokens(message).add(st.nextToken(message)), 9.0
8, 16577, -2.5, 1.0, -5.0, 0.0, 15, 0, nextToken(), -0.5
8, 16578, -2.5, 1.0, -5.0, 0.5, 15, 0, nextToken(), -0.5
8, 16579, -2.5, 1.0, -5.0, 1.0, 15, 0, nextToken(), -0.5
8, 16580, -2.5, 1.0, -5.0, 1.5, 15, 0, nextToken(), -0.5
8, 16581, -2.5, 1.0, -5.0, 2.0, 15, 0, nextToken(), -0.5
8, 16582, -2.5, 1.0, -5.0, 2.5, 12, 0, st.nextToken(), 0.5
8, 16583, -2.5, 1.0, -5.0, 3.0, 9, 6, Byte.decode(st.nextToken()), -6.5
8, 16584, -2.5, 1.0, -5.0, 3.5, 0, 0, tokens.add(st.nextToken()), 2.0
8, 16585, -2.5, 1.0, -5.0, 4.0, 0, 0, tokens.add(st.nextToken()), 3.0
8, 16586, -2.5, 1.0, -5.0, 4.5, 0, 0, tokens.add(st.nextToken()), 4.0
8, 16587, -2.5, 1.0, -5.0, 5.0, 0, 0, tokens.add(st.nextToken()), 5.0
8, 16588, -2.5, 1.0, -4.5, 0.0, 15, 0, nextToken(), -0.5
8, 16589, -2.5, 1.0, -4.5, 0.5, 15, 0, nextToken(), -0.5
8, 16590, -2.5, 1.0, -4.5, 1.0, 15, 0, nextToken(), -0.5
8, 16591, -2.5, 1.0, -4.5, 1.5, 15, 0, nextToken(), -0.5
8, 16592, -2.5, 1.0, -4.5, 2.0, 15, 0, nextToken(), -0.5
8, 16593, -2.5, 1.0, -4.5, 2.5, 12, 0, st.nextToken(), 0.5
8, 16594, -2.5, 1.0, -4.5, 3.0, 9, 6, Byte.decode(st.nextToken()), -6.0
8, 16595, -2.5, 1.0, -4.5, 3.5, 0, 0, tokens.add(st.nextToken()), 2.0
8, 16596, -2.5, 1.0, -4.5, 4.0, 0, 0, tokens.add(st.nextToken()), 3.0
8, 16597, -2.5, 1.0, -4.5, 4.5, 0, 0, tokens.add(st.nextToken()), 4.0
8, 16598, -2.5, 1.0, -4.5, 5.0, 0, 0, tokens.add(st.nextToken()), 5.0
8, 16599, -2.5, 1.0, -4.0, 0.0, 15, 0, nextToken(), -0.5
8, 16600, -2.5, 1.0, -4.0, 0.5, 15, 0, nextToken(), -0.5
8, 16601, -2.5, 1.0, -4.0, 1.0, 15, 0, nextToken(), -0.5
8, 16602, -2.5, 1.0, -4.0, 1.5, 15, 0, nextToken(), -0.5
8, 16603, -2.5, 1.0, -4.0, 2.0, 15, 0, nextToken(), -0.5
8, 16604, -2.5, 1.0, -4.0, 2.5, 12, 0, st.nextToken(), 0.5
8, 16605, -2.5, 1.0, -4.0, 3.0, 9, 6, Byte.decode(st.nextToken()), -5.5
8, 16606, -2.5, 1.0, -4.0, 3.5, 0, 0, tokens.add(st.nextToken()), 2.0
8, 16607, -2.5, 1.0, -4.0, 4.0, 0, 0, tokens.add(st.nextToken()), 3.0
8, 16608, -2.5, 1.0, -4.0, 4.5, 0, 0, tokens.add(st.nextToken()), 4.0
8, 16609, -2.5, 1.0, -4.0, 5.0, 0, 0, tokens.add(st.nextToken()), 5.0
8, 16610, -2.5, 1.0, -3.5, 0.0, 15, 0, nextToken(), -0.5
8, 16611, -2.5, 1.0, -3.5, 0.5, 15, 0, nextToken(), -0.5
8, 16612, -2.5, 1.0, -3.5, 1.0, 15, 0, nextToken(), -0.5
8, 16613, -2.5, 1.0, -3.5, 1.5, 15, 0, nextToken(), -0.5
8, 16614, -2.5, 1.0, -3.5, 2.0, 15, 0, nextToken(), -0.5
8, 16615, -2.5, 1.0, -3.5, 2.5, 12, 0, st.nextToken(), 0.5
8, 16616, -2.5, 1.0, -3.5, 3.0, 9, 6, Byte.decode(st.nextToken()), -5.0
8, 16617, -2.5, 1.0, -3.5, 3.5, 0, 0, tokens.add(st.nextToken()), 2.0
8, 16618, -2.5, 1.0, -3.5, 4.0, 0, 0, tokens.add(st.nextToken()), 3.0
8, 16619, -2.5, 1.0, -3.5, 4.5, 0, 0, tokens.add(st.nextToken()), 4.0
8, 16620, -2.5, 1.0, -3.5, 5.0, 0, 0, tokens.add(st.nextToken()), 5.0
8, 16621, -2.5, 1.0, -3.0, 0.0, 15, 0, nextToken(), -0.5
8, 16622, -2.5, 1.0, -3.0, 0.5, 15, 0, nextToken(), -0.5
8, 16623, -2.5, 1.0, -3.0, 1.0, 15, 0, nextToken(), -0.5
8, 16624, -2.5, 1.0, -3.0, 1.5, 15, 0, nextToken(), -0.5
8, 16625, -2.5, 1.0, -3.0, 2.0, 15, 0, nextToken(), -0.5
8, 16626, -2.5, 1.0, -3.0, 2.5, 12, 0, st.nextToken(), 0.5
8, 16627, -2.5, 1.0, -3.0, 3.0, 9, 6, Byte.decode(st.nextToken()), -4.5
8, 16628, -2.5, 1.0, -3.0, 3.5, 0, 0, tokens.add(st.nextToken()), 2.0
8, 16629, -2.5, 1.0, -3.0, 4.0, 0, 0, tokens.add(st.nextToken()), 3.0
8, 16630, -2.5, 1.0, -3.0, 4.5, 0, 0, tokens.add(st.nextToken()), 4.0
8, 16631, -2.5, 1.0, -3.0, 5.0, 0, 0, tokens.add(st.nextToken()), 5.0
8, 16632, -2.5, 1.0, -2.5, 0.0, 15, 0, nextToken(), -0.5
8, 16633, -2.5, 1.0, -2.5, 0.5, 15, 0, nextToken(), -0.5
8, 16634, -2.5, 1.0, -2.5, 1.0, 15, 0, nextToken(), -0.5
8, 16635, -2.5, 1.0, -2.5, 1.5, 15, 0, nextToken(), -0.5
8, 16636, -2.5, 1.0, -2.5, 2.0, 15, 0, nextToken(), -0.5
8, 16637, -2.5, 1.0, -2.5, 2.5, 12, 0, st.nextToken(), 0.5
8, 16638, -2.5, 1.0, -2.5, 3.0, 9, 6, Byte.decode(st.nextToken()), -4.0
8, 16639, -2.5, 1.0, -2.5, 3.5, 0, 0, tokens.add(st.nextToken()), 2.0
8, 16640, -2.5, 1.0, -2.5, 4.0, 0, 0, tokens.add(st.nextToken()), 3.0
8, 16641, -2.5, 1.0, -2.5, 4.5, 0, 0, tokens.add(st.nextToken()), 4.0
8, 16642, -2.5, 1.0, -2.5, 5.0, 7, 0, tokens.add(st.nextToken(message)), 5.0
8, 16643, -2.5, 1.0, -2.0, 0.0, 15, 0, nextToken(), -0.5
8, 16644, -2.5, 1.0, -2.0, 0.5, 15, 0, nextToken(), -0.5
8, 16645, -2.5, 1.0, -2.0, 1.0, 15, 0, nextToken(), -0.5
8, 16646, -2.5, 1.0, -2.0, 1.5, 15, 0, nextToken(), -0.5
8, 16647, -2.5, 1.0, -2.0, 2.0, 15, 0, nextToken(), -0.5
8, 16648, -2.5, 1.0, -2.0, 2.5, 12, 0, st.nextToken(), 0.5
8, 16649, -2.5, 1.0, -2.0, 3.0, 9, 6, Byte.decode(st.nextToken()), -3.5
8, 16650, -2.5, 1.0, -2.0, 3.5, 0, 0, tokens.add(st.nextToken()), 2.0
8, 16651, -2.5, 1.0, -2.0, 4.0, 0, 0, tokens.add(st.nextToken()), 3.0
8, 16652, -2.5, 1.0, -2.0, 4.5, 7, 0, tokens.add(st.nextToken(message)), 4.0
8, 16653, -2.5, 1.0, -2.0, 5.0, 7, 0, tokens.add(st.nextToken(message)), 5.5
8, 16654, -2.5, 1.0, -1.5, 0.0, 15, 0, nextToken(), -0.5
8, 16655, -2.5, 1.0, -1.5, 0.5, 15, 0, nextToken(), -0.5
8, 16656, -2.5, 1.0, -1.5, 1.0, 15, 0, nextToken(), -0.5
8, 16657, -2.5, 1.0, -1.5, 1.5, 15, 0, nextToken(), -0.5
8, 16658, -2.5, 1.0, -1.5, 2.0, 15, 0, nextToken(), -0.5
8, 16659, -2.5, 1.0, -1.5, 2.5, 12, 0, st.nextToken(), 0.5
8, 16660, -2.5, 1.0, -1.5, 3.0, 9, 6, Byte.decode(st.nextToken()), -3.0
8, 16661, -2.5, 1.0, -1.5, 3.5, 0, 0, tokens.add(st.nextToken()), 2.0
8, 16662, -2.5, 1.0, -1.5, 4.0, 7, 0, tokens.add(st.nextToken(message)), 3.0
8, 16663, -2.5, 1.0, -1.5, 4.5, 7, 0, tokens.add(st.nextToken(message)), 4.5
8, 16664, -2.5, 1.0, -1.5, 5.0, 7, 0, tokens.add(st.nextToken(message)), 6.0
8, 16665, -2.5, 1.0, -1.0, 0.0, 15, 0, nextToken(), -0.5
8, 16666, -2.5, 1.0, -1.0, 0.5, 15, 0, nextToken(), -0.5
8, 16667, -2.5, 1.0, -1.0, 1.0, 15, 0, nextToken(), -0.5
8, 16668, -2.5, 1.0, -1.0, 1.5, 15, 0, nextToken(), -0.5
8, 16669, -2.5, 1.0, -1.0, 2.0, 15, 0, nextToken(), -0.5
8, 16670, -2.5, 1.0, -1.0, 2.5, 12, 0, st.nextToken(), 0.5
8, 16671, -2.5, 1.0, -1.0, 3.0, 9, 7, Byte.decode(st.nextToken()), -2.5
8, 16672, -2.5, 1.0, -1.0, 3.5, 7, 0, tokens.add(st.nextToken(message)), 2.0
8, 16673, -2.5, 1.0, -1.0, 4.0, 7, 0, tokens.add(st.nextToken(message)), 3.5
8, 16674, -2.5, 1.0, -1.0, 4.5, 7, 0, tokens.add(st.nextToken(message)), 5.0
8, 16675, -2.5, 1.0, -1.0, 5.0, 18, 8, st.nextToken(message), 4.5
8, 16676, -2.5, 1.0, -0.5, 0.0, 15, 0, nextToken(), -0.5
8, 16677, -2.5, 1.0, -0.5, 0.5, 15, 0, nextToken(), -0.5
8, 16678, -2.5, 1.0, -0.5, 1.0, 15, 0, nextToken(), -0.5
8, 16679, -2.5, 1.0, -0.5, 1.5, 15, 0, nextToken(), -0.5
8, 16680, -2.5, 1.0, -0.5, 2.0, 15, 0, nextToken(), -0.5
8, 16681, -2.5, 1.0, -0.5, 2.5, 12, 0, st.nextToken(), 0.5
8, 16682, -2.5, 1.0, -0.5, 3.0, 12, 1, st.nextToken(), 1.0
8, 16683, -2.5, 1.0, -0.5, 3.5, 7, 0, tokens.add(st.nextToken(message)), 2.5
8, 16684, -2.5, 1.0, -0.5, 4.0, 12, 7, st.nextToken(), 2.0
8, 16685, -2.5, 1.0, -0.5, 4.5, 32, 0, new Task08().getTokens(message).add(st.nextToken(message)), 7.5
8, 16686, -2.5, 1.0, -0.5, 5.0, 32, 0, new Task08().getTokens(message).add(st.nextToken(message)), 10.0
8, 16687, -2.5, 1.0, 0.0, 0.0, 15, 0, nextToken(), -0.5
8, 16688, -2.5, 1.0, 0.0, 0.5, 15, 0, nextToken(), -0.5
8, 16689, -2.5, 1.0, 0.0, 1.0, 15, 0, nextToken(), -0.5
8, 16690, -2.5, 1.0, 0.0, 1.5, 15, 0, nextToken(), -0.5
8, 16691, -2.5, 1.0, 0.0, 2.0, 15, 1, nextToken(), -0.5
8, 16692, -2.5, 1.0, 0.0, 2.5, 12, 1, st.nextToken(), 0.5
8, 16693, -2.5, 1.0, 0.0, 3.0, 12, 4, st.nextToken(), 1.0
8, 16694, -2.5, 1.0, 0.0, 3.5, 32, 1, new Task08().getTokens(message).add(st.nextToken(message)), 5.0
8, 16695, -2.5, 1.0, 0.0, 4.0, 32, 1, new Task08().getTokens(message).add(st.nextToken(message)), 7.5
8, 16696, -2.5, 1.0, 0.0, 4.5, 32, 3, new Task08().getTokens(message).add(st.nextToken(message)), 10.0
8, 16697, -2.5, 1.0, 0.0, 5.0, 32, 4, new Task08().getTokens(message).add(st.nextToken(message)), 12.5
8, 16698, -2.0, 1.0, -5.0, 0.0, 15, 0, nextToken(), 0.0
8, 16699, -2.0, 1.0, -5.0, 0.5, 15, 0, nextToken(), 0.0
8, 16700, -2.0, 1.0, -5.0, 1.0, 15, 0, nextToken(), 0.0
8, 16701, -2.0, 1.0, -5.0, 1.5, 12, 0, st.nextToken(), 0.5
8, 16702, -2.0, 1.0, -5.0, 2.0, 9, 6, Byte.decode(st.nextToken()), -6.0
8, 16703, -2.0, 1.0, -5.0, 2.5, 0, 0, tokens.add(st.nextToken()), 2.0
8, 16704, -2.0, 1.0, -5.0, 3.0, 0, 0, tokens.add(st.nextToken()), 3.0
8, 16705, -2.0, 1.0, -5.0, 3.5, 0, 0, tokens.add(st.nextToken()), 4.0
8, 16706, -2.0, 1.0, -5.0, 4.0, 0, 0, tokens.add(st.nextToken()), 5.0
8, 16707, -2.0, 1.0, -5.0, 4.5, 0, 0, tokens.add(st.nextToken()), 6.0
8, 16708, -2.0, 1.0, -5.0, 5.0, 0, 0, tokens.add(st.nextToken()), 7.0
8, 16709, -2.0, 1.0, -4.5, 0.0, 15, 0, nextToken(), 0.0
8, 16710, -2.0, 1.0, -4.5, 0.5, 15, 0, nextToken(), 0.0
8, 16711, -2.0, 1.0, -4.5, 1.0, 15, 0, nextToken(), 0.0
8, 16712, -2.0, 1.0, -4.5, 1.5, 12, 0, st.nextToken(), 0.5
8, 16713, -2.0, 1.0, -4.5, 2.0, 9, 6, Byte.decode(st.nextToken()), -5.5
8, 16714, -2.0, 1.0, -4.5, 2.5, 0, 0, tokens.add(st.nextToken()), 2.0
8, 16715, -2.0, 1.0, -4.5, 3.0, 0, 0, tokens.add(st.nextToken()), 3.0
8, 16716, -2.0, 1.0, -4.5, 3.5, 0, 0, tokens.add(st.nextToken()), 4.0
8, 16717, -2.0, 1.0, -4.5, 4.0, 0, 0, tokens.add(st.nextToken()), 5.0
8, 16718, -2.0, 1.0, -4.5, 4.5, 0, 0, tokens.add(st.nextToken()), 6.0
8, 16719, -2.0, 1.0, -4.5, 5.0, 0, 0, tokens.add(st.nextToken()), 7.0
8, 16720, -2.0, 1.0, -4.0, 0.0, 15, 0, nextToken(), 0.0
8, 16721, -2.0, 1.0, -4.0, 0.5, 15, 0, nextToken(), 0.0
8, 16722, -2.0, 1.0, -4.0, 1.0, 15, 0, nextToken(), 0.0
8, 16723, -2.0, 1.0, -4.0, 1.5, 12, 0, st.nextToken(), 0.5
8, 16724, -2.0, 1.0, -4.0, 2.0, 9, 6, Byte.decode(st.nextToken()), -5.0
8, 16725, -2.0, 1.0, -4.0, 2.5, 0, 0, tokens.add(st.nextToken()), 2.0
8, 16726, -2.0, 1.0, -4.0, 3.0, 0, 0, tokens.add(st.nextToken()), 3.0
8, 16727, -2.0, 1.0, -4.0, 3.5, 0, 0, tokens.add(st.nextToken()), 4.0
8, 16728, -2.0, 1.0, -4.0, 4.0, 0, 0, tokens.add(st.nextToken()), 5.0
8, 16729, -2.0, 1.0, -4.0, 4.5, 0, 0, tokens.add(st.nextToken()), 6.0
8, 16730, -2.0, 1.0, -4.0, 5.0, 0, 0, tokens.add(st.nextToken()), 7.0
8, 16731, -2.0, 1.0, -3.5, 0.0, 15, 0, nextToken(), 0.0
8, 16732, -2.0, 1.0, -3.5, 0.5, 15, 0, nextToken(), 0.0
8, 16733, -2.0, 1.0, -3.5, 1.0, 15, 0, nextToken(), 0.0
8, 16734, -2.0, 1.0, -3.5, 1.5, 12, 0, st.nextToken(), 0.5
8, 16735, -2.0, 1.0, -3.5, 2.0, 9, 6, Byte.decode(st.nextToken()), -4.5
8, 16736, -2.0, 1.0, -3.5, 2.5, 0, 0, tokens.add(st.nextToken()), 2.0
8, 16737, -2.0, 1.0, -3.5, 3.0, 0, 0, tokens.add(st.nextToken()), 3.0
8, 16738, -2.0, 1.0, -3.5, 3.5, 0, 0, tokens.add(st.nextToken()), 4.0
8, 16739, -2.0, 1.0, -3.5, 4.0, 0, 0, tokens.add(st.nextToken()), 5.0
8, 16740, -2.0, 1.0, -3.5, 4.5, 0, 0, tokens.add(st.nextToken()), 6.0
8, 16741, -2.0, 1.0, -3.5, 5.0, 0, 0, tokens.add(st.nextToken()), 7.0
8, 16742, -2.0, 1.0, -3.0, 0.0, 15, 0, nextToken(), 0.0
8, 16743, -2.0, 1.0, -3.0, 0.5, 15, 0, nextToken(), 0.0
8, 16744, -2.0, 1.0, -3.0, 1.0, 15, 0, nextToken(), 0.0
8, 16745, -2.0, 1.0, -3.0, 1.5, 12, 0, st.nextToken(), 0.5
8, 16746, -2.0, 1.0, -3.0, 2.0, 9, 6, Byte.decode(st.nextToken()), -4.0
8, 16747, -2.0, 1.0, -3.0, 2.5, 0, 0, tokens.add(st.nextToken()), 2.0
8, 16748, -2.0, 1.0, -3.0, 3.0, 0, 0, tokens.add(st.nextToken()), 3.0
8, 16749, -2.0, 1.0, -3.0, 3.5, 0, 0, tokens.add(st.nextToken()), 4.0
8, 16750, -2.0, 1.0, -3.0, 4.0, 0, 0, tokens.add(st.nextToken()), 5.0
8, 16751, -2.0, 1.0, -3.0, 4.5, 0, 0, tokens.add(st.nextToken()), 6.0
8, 16752, -2.0, 1.0, -3.0, 5.0, 7, 0, tokens.add(st.nextToken(message)), 7.0
8, 16753, -2.0, 1.0, -2.5, 0.0, 15, 0, nextToken(), 0.0
8, 16754, -2.0, 1.0, -2.5, 0.5, 15, 0, nextToken(), 0.0
8, 16755, -2.0, 1.0, -2.5, 1.0, 15, 0, nextToken(), 0.0
8, 16756, -2.0, 1.0, -2.5, 1.5, 12, 0, st.nextToken(), 0.5
8, 16757, -2.0, 1.0, -2.5, 2.0, 9, 6, Byte.decode(st.nextToken()), -3.5
8, 16758, -2.0, 1.0, -2.5, 2.5, 0, 0, tokens.add(st.nextToken()), 2.0
8, 16759, -2.0, 1.0, -2.5, 3.0, 0, 0, tokens.add(st.nextToken()), 3.0
8, 16760, -2.0, 1.0, -2.5, 3.5, 0, 0, tokens.add(st.nextToken()), 4.0
8, 16761, -2.0, 1.0, -2.5, 4.0, 0, 0, tokens.add(st.nextToken()), 5.0
8, 16762, -2.0, 1.0, -2.5, 4.5, 7, 0, tokens.add(st.nextToken(message)), 6.0
8, 16763, -2.0, 1.0, -2.5, 5.0, 7, 0, tokens.add(st.nextToken(message)), 7.5
8, 16764, -2.0, 1.0, -2.0, 0.0, 15, 0, nextToken(), 0.0
8, 16765, -2.0, 1.0, -2.0, 0.5, 15, 0, nextToken(), 0.0
8, 16766, -2.0, 1.0, -2.0, 1.0, 15, 0, nextToken(), 0.0
8, 16767, -2.0, 1.0, -2.0, 1.5, 12, 0, st.nextToken(), 0.5
8, 16768, -2.0, 1.0, -2.0, 2.0, 9, 6, Byte.decode(st.nextToken()), -3.0
8, 16769, -2.0, 1.0, -2.0, 2.5, 0, 0, tokens.add(st.nextToken()), 2.0
8, 16770, -2.0, 1.0, -2.0, 3.0, 0, 0, tokens.add(st.nextToken()), 3.0
8, 16771, -2.0, 1.0, -2.0, 3.5, 0, 0, tokens.add(st.nextToken()), 4.0
8, 16772, -2.0, 1.0, -2.0, 4.0, 7, 0, tokens.add(st.nextToken(message)), 5.0
8, 16773, -2.0, 1.0, -2.0, 4.5, 7, 0, tokens.add(st.nextToken(message)), 6.5
8, 16774, -2.0, 1.0, -2.0, 5.0, 7, 0, tokens.add(st.nextToken(message)), 8.0
8, 16775, -2.0, 1.0, -1.5, 0.0, 15, 0, nextToken(), 0.0
8, 16776, -2.0, 1.0, -1.5, 0.5, 15, 0, nextToken(), 0.0
8, 16777, -2.0, 1.0, -1.5, 1.0, 15, 0, nextToken(), 0.0
8, 16778, -2.0, 1.0, -1.5, 1.5, 12, 0, st.nextToken(), 0.5
8, 16779, -2.0, 1.0, -1.5, 2.0, 9, 6, Byte.decode(st.nextToken()), -2.5
8, 16780, -2.0, 1.0, -1.5, 2.5, 0, 0, tokens.add(st.nextToken()), 2.0
8, 16781, -2.0, 1.0, -1.5, 3.0, 0, 0, tokens.add(st.nextToken()), 3.0
8, 16782, -2.0, 1.0, -1.5, 3.5, 7, 0, tokens.add(st.nextToken(message)), 4.0
8, 16783, -2.0, 1.0, -1.5, 4.0, 7, 0, tokens.add(st.nextToken(message)), 5.5
8, 16784, -2.0, 1.0, -1.5, 4.5, 7, 0, tokens.add(st.nextToken(message)), 7.0
8, 16785, -2.0, 1.0, -1.5, 5.0, 7, 0, tokens.add(st.nextToken(message)), 8.5
8, 16786, -2.0, 1.0, -1.0, 0.0, 15, 0, nextToken(), 0.0
8, 16787, -2.0, 1.0, -1.0, 0.5, 15, 0, nextToken(), 0.0
8, 16788, -2.0, 1.0, -1.0, 1.0, 15, 0, nextToken(), 0.0
8, 16789, -2.0, 1.0, -1.0, 1.5, 12, 0, st.nextToken(), 0.5
8, 16790, -2.0, 1.0, -1.0, 2.0, 9, 6, Byte.decode(st.nextToken()), -2.0
8, 16791, -2.0, 1.0, -1.0, 2.5, 0, 0, tokens.add(st.nextToken()), 2.0
8, 16792, -2.0, 1.0, -1.0, 3.0, 7, 0, tokens.add(st.nextToken(message)), 3.0
8, 16793, -2.0, 1.0, -1.0, 3.5, 7, 0, tokens.add(st.nextToken(message)), 4.5
8, 16794, -2.0, 1.0, -1.0, 4.0, 7, 0, tokens.add(st.nextToken(message)), 6.0
8, 16795, -2.0, 1.0, -1.0, 4.5, 23, 7, tokens.add(message).equals(st.nextToken(message)), 6.0
8, 16796, -2.0, 1.0, -1.0, 5.0, 32, 0, new Task08().getTokens(message).add(st.nextToken(message)), 11.0
8, 16797, -2.0, 1.0, -0.5, 0.0, 15, 0, nextToken(), 0.0
8, 16798, -2.0, 1.0, -0.5, 0.5, 15, 0, nextToken(), 0.0
8, 16799, -2.0, 1.0, -0.5, 1.0, 15, 0, nextToken(), 0.0
8, 16800, -2.0, 1.0, -0.5, 1.5, 12, 0, st.nextToken(), 0.5
8, 16801, -2.0, 1.0, -0.5, 2.0, 9, 7, Byte.decode(st.nextToken()), -1.5
8, 16802, -2.0, 1.0, -0.5, 2.5, 7, 0, tokens.add(st.nextToken(message)), 2.0
8, 16803, -2.0, 1.0, -0.5, 3.0, 7, 0, tokens.add(st.nextToken(message)), 3.5
8, 16804, -2.0, 1.0, -0.5, 3.5, 32, 0, new Task08().getTokens(message).add(st.nextToken(message)), 6.0
8, 16805, -2.0, 1.0, -0.5, 4.0, 32, 0, new Task08().getTokens(message).add(st.nextToken(message)), 8.5
8, 16806, -2.0, 1.0, -0.5, 4.5, 32, 2, new Task08().getTokens(message).add(st.nextToken(message)), 11.0
8, 16807, -2.0, 1.0, -0.5, 5.0, 32, 3, new Task08().getTokens(message).add(st.nextToken(message)), 13.5
8, 16808, -2.0, 1.0, 0.0, 0.0, 15, 0, nextToken(), 0.0
8, 16809, -2.0, 1.0, 0.0, 0.5, 15, 0, nextToken(), 0.0
8, 16810, -2.0, 1.0, 0.0, 1.0, 15, 0, nextToken(), 0.0
8, 16811, -2.0, 1.0, 0.0, 1.5, 12, 0, st.nextToken(), 0.5
8, 16812, -2.0, 1.0, 0.0, 2.0, 12, 1, st.nextToken(), 1.0
8, 16813, -2.0, 1.0, 0.0, 2.5, 32, 1, new Task08().getTokens(message).add(st.nextToken(message)), 3.5
8, 16814, -2.0, 1.0, 0.0, 3.0, 32, 1, new Task08().getTokens(message).add(st.nextToken(message)), 6.0
8, 16815, -2.0, 1.0, 0.0, 3.5, 32, 2, new Task08().getTokens(message).add(st.nextToken(message)), 8.5
8, 16816, -2.0, 1.0, 0.0, 4.0, 32, 4, new Task08().getTokens(message).add(st.nextToken(message)), 11.0
8, 16817, -2.0, 1.0, 0.0, 4.5, 83, 5, st.nextToken(message).replace(message.replace(message, message), message.replace(message, message)), 15.0
8, 16818, -2.0, 1.0, 0.0, 5.0, 99, 6, message.replace(message, message).replace(message.replace(message, message), message.replace(message, message)), 19.0
8, 16819, -1.5, 1.0, -5.0, 0.0, 12, 2, nextToken().nextToken(), -1.0
8, 16820, -1.5, 1.0, -5.0, 0.5, 12, 0, st.nextToken(), 0.5
8, 16821, -1.5, 1.0, -5.0, 1.0, 9, 5, Byte.decode(st.nextToken()), -5.5
8, 16822, -1.5, 1.0, -5.0, 1.5, 0, 0, tokens.add(st.nextToken()), 2.0
8, 16823, -1.5, 1.0, -5.0, 2.0, 0, 0, tokens.add(st.nextToken()), 3.0
8, 16824, -1.5, 1.0, -5.0, 2.5, 0, 0, tokens.add(st.nextToken()), 4.0
8, 16825, -1.5, 1.0, -5.0, 3.0, 0, 0, tokens.add(st.nextToken()), 5.0
8, 16826, -1.5, 1.0, -5.0, 3.5, 0, 0, tokens.add(st.nextToken()), 6.0
8, 16827, -1.5, 1.0, -5.0, 4.0, 0, 0, tokens.add(st.nextToken()), 7.0
8, 16828, -1.5, 1.0, -5.0, 4.5, 0, 0, tokens.add(st.nextToken()), 8.0
8, 16829, -1.5, 1.0, -5.0, 5.0, 0, 0, tokens.add(st.nextToken()), 9.0
8, 16830, -1.5, 1.0, -4.5, 0.0, 12, 2, nextToken().nextToken(), -1.0
8, 16831, -1.5, 1.0, -4.5, 0.5, 12, 0, st.nextToken(), 0.5
8, 16832, -1.5, 1.0, -4.5, 1.0, 9, 5, Byte.decode(st.nextToken()), -5.0
8, 16833, -1.5, 1.0, -4.5, 1.5, 0, 0, tokens.add(st.nextToken()), 2.0
8, 16834, -1.5, 1.0, -4.5, 2.0, 0, 0, tokens.add(st.nextToken()), 3.0
8, 16835, -1.5, 1.0, -4.5, 2.5, 0, 0, tokens.add(st.nextToken()), 4.0
8, 16836, -1.5, 1.0, -4.5, 3.0, 0, 0, tokens.add(st.nextToken()), 5.0
8, 16837, -1.5, 1.0, -4.5, 3.5, 0, 0, tokens.add(st.nextToken()), 6.0
8, 16838, -1.5, 1.0, -4.5, 4.0, 0, 0, tokens.add(st.nextToken()), 7.0
8, 16839, -1.5, 1.0, -4.5, 4.5, 0, 0, tokens.add(st.nextToken()), 8.0
8, 16840, -1.5, 1.0, -4.5, 5.0, 0, 0, tokens.add(st.nextToken()), 9.0
8, 16841, -1.5, 1.0, -4.0, 0.0, 12, 2, nextToken().nextToken(), -1.0
8, 16842, -1.5, 1.0, -4.0, 0.5, 12, 0, st.nextToken(), 0.5
8, 16843, -1.5, 1.0, -4.0, 1.0, 9, 5, Byte.decode(st.nextToken()), -4.5
8, 16844, -1.5, 1.0, -4.0, 1.5, 0, 0, tokens.add(st.nextToken()), 2.0
8, 16845, -1.5, 1.0, -4.0, 2.0, 0, 0, tokens.add(st.nextToken()), 3.0
8, 16846, -1.5, 1.0, -4.0, 2.5, 0, 0, tokens.add(st.nextToken()), 4.0
8, 16847, -1.5, 1.0, -4.0, 3.0, 0, 0, tokens.add(st.nextToken()), 5.0
8, 16848, -1.5, 1.0, -4.0, 3.5, 0, 0, tokens.add(st.nextToken()), 6.0
8, 16849, -1.5, 1.0, -4.0, 4.0, 0, 0, tokens.add(st.nextToken()), 7.0
8, 16850, -1.5, 1.0, -4.0, 4.5, 0, 0, tokens.add(st.nextToken()), 8.0
8, 16851, -1.5, 1.0, -4.0, 5.0, 0, 0, tokens.add(st.nextToken()), 9.0
8, 16852, -1.5, 1.0, -3.5, 0.0, 12, 2, nextToken().nextToken(), -1.0
8, 16853, -1.5, 1.0, -3.5, 0.5, 12, 0, st.nextToken(), 0.5
8, 16854, -1.5, 1.0, -3.5, 1.0, 9, 5, Byte.decode(st.nextToken()), -4.0
8, 16855, -1.5, 1.0, -3.5, 1.5, 0, 0, tokens.add(st.nextToken()), 2.0
8, 16856, -1.5, 1.0, -3.5, 2.0, 0, 0, tokens.add(st.nextToken()), 3.0
8, 16857, -1.5, 1.0, -3.5, 2.5, 0, 0, tokens.add(st.nextToken()), 4.0
8, 16858, -1.5, 1.0, -3.5, 3.0, 0, 0, tokens.add(st.nextToken()), 5.0
8, 16859, -1.5, 1.0, -3.5, 3.5, 0, 0, tokens.add(st.nextToken()), 6.0
8, 16860, -1.5, 1.0, -3.5, 4.0, 0, 0, tokens.add(st.nextToken()), 7.0
8, 16861, -1.5, 1.0, -3.5, 4.5, 0, 0, tokens.add(st.nextToken()), 8.0
8, 16862, -1.5, 1.0, -3.5, 5.0, 7, 0, tokens.add(st.nextToken(message)), 9.0
8, 16863, -1.5, 1.0, -3.0, 0.0, 12, 2, nextToken().nextToken(), -1.0
8, 16864, -1.5, 1.0, -3.0, 0.5, 12, 0, st.nextToken(), 0.5
8, 16865, -1.5, 1.0, -3.0, 1.0, 9, 5, Byte.decode(st.nextToken()), -3.5
8, 16866, -1.5, 1.0, -3.0, 1.5, 0, 0, tokens.add(st.nextToken()), 2.0
8, 16867, -1.5, 1.0, -3.0, 2.0, 0, 0, tokens.add(st.nextToken()), 3.0
8, 16868, -1.5, 1.0, -3.0, 2.5, 0, 0, tokens.add(st.nextToken()), 4.0
8, 16869, -1.5, 1.0, -3.0, 3.0, 0, 0, tokens.add(st.nextToken()), 5.0
8, 16870, -1.5, 1.0, -3.0, 3.5, 0, 0, tokens.add(st.nextToken()), 6.0
8, 16871, -1.5, 1.0, -3.0, 4.0, 0, 0, tokens.add(st.nextToken()), 7.0
8, 16872, -1.5, 1.0, -3.0, 4.5, 7, 0, tokens.add(st.nextToken(message)), 8.0
8, 16873, -1.5, 1.0, -3.0, 5.0, 7, 0, tokens.add(st.nextToken(message)), 9.5
8, 16874, -1.5, 1.0, -2.5, 0.0, 12, 2, nextToken().nextToken(), -1.0
8, 16875, -1.5, 1.0, -2.5, 0.5, 12, 0, st.nextToken(), 0.5
8, 16876, -1.5, 1.0, -2.5, 1.0, 9, 5, Byte.decode(st.nextToken()), -3.0
8, 16877, -1.5, 1.0, -2.5, 1.5, 0, 0, tokens.add(st.nextToken()), 2.0
8, 16878, -1.5, 1.0, -2.5, 2.0, 0, 0, tokens.add(st.nextToken()), 3.0
8, 16879, -1.5, 1.0, -2.5, 2.5, 0, 0, tokens.add(st.nextToken()), 4.0
8, 16880, -1.5, 1.0, -2.5, 3.0, 0, 0, tokens.add(st.nextToken()), 5.0
8, 16881, -1.5, 1.0, -2.5, 3.5, 0, 0, tokens.add(st.nextToken()), 6.0
8, 16882, -1.5, 1.0, -2.5, 4.0, 7, 0, tokens.add(st.nextToken(message)), 7.0
8, 16883, -1.5, 1.0, -2.5, 4.5, 7, 0, tokens.add(st.nextToken(message)), 8.5
8, 16884, -1.5, 1.0, -2.5, 5.0, 7, 0, tokens.add(st.nextToken(message)), 10.0
8, 16885, -1.5, 1.0, -2.0, 0.0, 12, 2, nextToken().nextToken(), -1.0
8, 16886, -1.5, 1.0, -2.0, 0.5, 12, 0, st.nextToken(), 0.5
8, 16887, -1.5, 1.0, -2.0, 1.0, 9, 5, Byte.decode(st.nextToken()), -2.5
8, 16888, -1.5, 1.0, -2.0, 1.5, 0, 0, tokens.add(st.nextToken()), 2.0
8, 16889, -1.5, 1.0, -2.0, 2.0, 0, 0, tokens.add(st.nextToken()), 3.0
8, 16890, -1.5, 1.0, -2.0, 2.5, 0, 0, tokens.add(st.nextToken()), 4.0
8, 16891, -1.5, 1.0, -2.0, 3.0, 0, 0, tokens.add(st.nextToken()), 5.0
8, 16892, -1.5, 1.0, -2.0, 3.5, 7, 0, tokens.add(st.nextToken(message)), 6.0
8, 16893, -1.5, 1.0, -2.0, 4.0, 7, 0, tokens.add(st.nextToken(message)), 7.5
8, 16894, -1.5, 1.0, -2.0, 4.5, 7, 0, tokens.add(st.nextToken(message)), 9.0
8, 16895, -1.5, 1.0, -2.0, 5.0, 7, 0, tokens.add(st.nextToken(message)), 10.5
8, 16896, -1.5, 1.0, -1.5, 0.0, 12, 2, nextToken().nextToken(), -1.0
8, 16897, -1.5, 1.0, -1.5, 0.5, 12, 0, st.nextToken(), 0.5
8, 16898, -1.5, 1.0, -1.5, 1.0, 9, 5, Byte.decode(st.nextToken()), -2.0
8, 16899, -1.5, 1.0, -1.5, 1.5, 0, 0, tokens.add(st.nextToken()), 2.0
8, 16900, -1.5, 1.0, -1.5, 2.0, 0, 0, tokens.add(st.nextToken()), 3.0
8, 16901, -1.5, 1.0, -1.5, 2.5, 0, 0, tokens.add(st.nextToken()), 4.0
8, 16902, -1.5, 1.0, -1.5, 3.0, 7, 0, tokens.add(st.nextToken(message)), 5.0
8, 16903, -1.5, 1.0, -1.5, 3.5, 7, 0, tokens.add(st.nextToken(message)), 6.5
8, 16904, -1.5, 1.0, -1.5, 4.0, 7, 0, tokens.add(st.nextToken(message)), 8.0
8, 16905, -1.5, 1.0, -1.5, 4.5, 7, 0, tokens.add(st.nextToken(message)), 9.5
8, 16906, -1.5, 1.0, -1.5, 5.0, 23, 7, tokens.add(message).equals(st.nextToken(message)), 10.0
8, 16907, -1.5, 1.0, -1.0, 0.0, 12, 3, nextToken().nextToken(), -1.0
8, 16908, -1.5, 1.0, -1.0, 0.5, 12, 0, st.nextToken(), 0.5
8, 16909, -1.5, 1.0, -1.0, 1.0, 9, 5, Byte.decode(st.nextToken()), -1.5
8, 16910, -1.5, 1.0, -1.0, 1.5, 0, 0, tokens.add(st.nextToken()), 2.0
8, 16911, -1.5, 1.0, -1.0, 2.0, 0, 0, tokens.add(st.nextToken()), 3.0
8, 16912, -1.5, 1.0, -1.0, 2.5, 7, 0, tokens.add(st.nextToken(message)), 4.0
8, 16913, -1.5, 1.0, -1.0, 3.0, 7, 0, tokens.add(st.nextToken(message)), 5.5
8, 16914, -1.5, 1.0, -1.0, 3.5, 7, 0, tokens.add(st.nextToken(message)), 7.0
8, 16915, -1.5, 1.0, -1.0, 4.0, 23, 6, tokens.add(message).equals(st.nextToken(message)), 7.5
8, 16916, -1.5, 1.0, -1.0, 4.5, 32, 2, new Task08().getTokens(message).add(st.nextToken(message)), 12.0
8, 16917, -1.5, 1.0, -1.0, 5.0, 32, 3, new Task08().getTokens(message).add(st.nextToken(message)), 14.5
8, 16918, -1.5, 1.0, -0.5, 0.0, 12, 6, nextToken().nextToken(), -1.0
8, 16919, -1.5, 1.0, -0.5, 0.5, 12, 0, st.nextToken(), 0.5
8, 16920, -1.5, 1.0, -0.5, 1.0, 9, 5, Byte.decode(st.nextToken()), -1.0
8, 16921, -1.5, 1.0, -0.5, 1.5, 0, 0, tokens.add(st.nextToken()), 2.0
8, 16922, -1.5, 1.0, -0.5, 2.0, 7, 0, tokens.add(st.nextToken(message)), 3.0
8, 16923, -1.5, 1.0, -0.5, 2.5, 7, 0, tokens.add(st.nextToken(message)), 4.5
8, 16924, -1.5, 1.0, -0.5, 3.0, 23, 7, tokens.add(message).equals(st.nextToken(message)), 5.0
8, 16925, -1.5, 1.0, -0.5, 3.5, 32, 1, new Task08().getTokens(message).add(st.nextToken(message)), 9.5
8, 16926, -1.5, 1.0, -0.5, 4.0, 32, 3, new Task08().getTokens(message).add(st.nextToken(message)), 12.0
8, 16927, -1.5, 1.0, -0.5, 4.5, 32, 9, new Task08().getTokens(message).add(st.nextToken(message)), 14.5
8, 16928, -1.5, 1.0, -0.5, 5.0, 79, 7, tokens.indexOf(message).insert(st.nextToken(message), tokens.indexOf(message), tokens.indexOf(message)), 19.0
8, 16929, -1.5, 1.0, 0.0, 0.0, 15, 0, nextToken(), 0.5
8, 16930, -1.5, 1.0, 0.0, 0.5, 12, 0, st.nextToken(), 0.5
8, 16931, -1.5, 1.0, 0.0, 1.0, 12, 0, st.nextToken(), 1.0
8, 16932, -1.5, 1.0, 0.0, 1.5, 12, 0, st.nextToken(), 1.5
8, 16933, -1.5, 1.0, 0.0, 2.0, 32, 1, new Task08().getTokens(message).add(st.nextToken(message)), 4.5
8, 16934, -1.5, 1.0, 0.0, 2.5, 32, 1, new Task08().getTokens(message).add(st.nextToken(message)), 7.0
8, 16935, -1.5, 1.0, 0.0, 3.0, 32, 4, new Task08().getTokens(message).add(st.nextToken(message)), 9.5
8, 16936, -1.5, 1.0, 0.0, 3.5, 83, 5, st.nextToken(message).replace(message.replace(message, message), message.replace(message, message)), 13.0
8, 16937, -1.5, 1.0, 0.0, 4.0, 83, 5, st.nextToken(message).replace(message.replace(message, message), message.replace(message, message)), 17.0
8, 16938, -1.5, 1.0, 0.0, 4.5, 99, 6, message.replace(message, message).replace(message.replace(message, message), message.replace(message, message)), 21.0
8, 16939, -1.5, 1.0, 0.0, 5.0, 99, 8, message.replace(message, message).replace(message.replace(message, message), message.replace(message, message)), 25.5
8, 16940, -1.0, 1.0, -5.0, 0.0, 12, 0, st.nextToken(), 1.0
8, 16941, -1.0, 1.0, -5.0, 0.5, 0, 0, tokens.add(st.nextToken()), 2.0
8, 16942, -1.0, 1.0, -5.0, 1.0, 0, 0, tokens.add(st.nextToken()), 3.0
8, 16943, -1.0, 1.0, -5.0, 1.5, 0, 0, tokens.add(st.nextToken()), 4.0
8, 16944, -1.0, 1.0, -5.0, 2.0, 0, 0, tokens.add(st.nextToken()), 5.0
8, 16945, -1.0, 1.0, -5.0, 2.5, 0, 0, tokens.add(st.nextToken()), 6.0
8, 16946, -1.0, 1.0, -5.0, 3.0, 0, 0, tokens.add(st.nextToken()), 7.0
8, 16947, -1.0, 1.0, -5.0, 3.5, 0, 0, tokens.add(st.nextToken()), 8.0
8, 16948, -1.0, 1.0, -5.0, 4.0, 0, 0, tokens.add(st.nextToken()), 9.0
8, 16949, -1.0, 1.0, -5.0, 4.5, 0, 0, tokens.add(st.nextToken()), 10.0
8, 16950, -1.0, 1.0, -5.0, 5.0, 0, 0, tokens.add(st.nextToken()), 11.0
8, 16951, -1.0, 1.0, -4.5, 0.0, 12, 0, st.nextToken(), 1.0
8, 16952, -1.0, 1.0, -4.5, 0.5, 0, 0, tokens.add(st.nextToken()), 2.0
8, 16953, -1.0, 1.0, -4.5, 1.0, 0, 0, tokens.add(st.nextToken()), 3.0
8, 16954, -1.0, 1.0, -4.5, 1.5, 0, 0, tokens.add(st.nextToken()), 4.0
8, 16955, -1.0, 1.0, -4.5, 2.0, 0, 0, tokens.add(st.nextToken()), 5.0
8, 16956, -1.0, 1.0, -4.5, 2.5, 0, 0, tokens.add(st.nextToken()), 6.0
8, 16957, -1.0, 1.0, -4.5, 3.0, 0, 0, tokens.add(st.nextToken()), 7.0
8, 16958, -1.0, 1.0, -4.5, 3.5, 0, 0, tokens.add(st.nextToken()), 8.0
8, 16959, -1.0, 1.0, -4.5, 4.0, 0, 0, tokens.add(st.nextToken()), 9.0
8, 16960, -1.0, 1.0, -4.5, 4.5, 0, 0, tokens.add(st.nextToken()), 10.0
8, 16961, -1.0, 1.0, -4.5, 5.0, 0, 0, tokens.add(st.nextToken()), 11.0
8, 16962, -1.0, 1.0, -4.0, 0.0, 12, 0, st.nextToken(), 1.0
8, 16963, -1.0, 1.0, -4.0, 0.5, 0, 0, tokens.add(st.nextToken()), 2.0
8, 16964, -1.0, 1.0, -4.0, 1.0, 0, 0, tokens.add(st.nextToken()), 3.0
8, 16965, -1.0, 1.0, -4.0, 1.5, 0, 0, tokens.add(st.nextToken()), 4.0
8, 16966, -1.0, 1.0, -4.0, 2.0, 0, 0, tokens.add(st.nextToken()), 5.0
8, 16967, -1.0, 1.0, -4.0, 2.5, 0, 0, tokens.add(st.nextToken()), 6.0
8, 16968, -1.0, 1.0, -4.0, 3.0, 0, 0, tokens.add(st.nextToken()), 7.0
8, 16969, -1.0, 1.0, -4.0, 3.5, 0, 0, tokens.add(st.nextToken()), 8.0
8, 16970, -1.0, 1.0, -4.0, 4.0, 0, 0, tokens.add(st.nextToken()), 9.0
8, 16971, -1.0, 1.0, -4.0, 4.5, 0, 0, tokens.add(st.nextToken()), 10.0
8, 16972, -1.0, 1.0, -4.0, 5.0, 7, 0, tokens.add(st.nextToken(message)), 11.0
8, 16973, -1.0, 1.0, -3.5, 0.0, 12, 0, st.nextToken(), 1.0
8, 16974, -1.0, 1.0, -3.5, 0.5, 0, 0, tokens.add(st.nextToken()), 2.0
8, 16975, -1.0, 1.0, -3.5, 1.0, 0, 0, tokens.add(st.nextToken()), 3.0
8, 16976, -1.0, 1.0, -3.5, 1.5, 0, 0, tokens.add(st.nextToken()), 4.0
8, 16977, -1.0, 1.0, -3.5, 2.0, 0, 0, tokens.add(st.nextToken()), 5.0
8, 16978, -1.0, 1.0, -3.5, 2.5, 0, 0, tokens.add(st.nextToken()), 6.0
8, 16979, -1.0, 1.0, -3.5, 3.0, 0, 0, tokens.add(st.nextToken()), 7.0
8, 16980, -1.0, 1.0, -3.5, 3.5, 0, 0, tokens.add(st.nextToken()), 8.0
8, 16981, -1.0, 1.0, -3.5, 4.0, 0, 0, tokens.add(st.nextToken()), 9.0
8, 16982, -1.0, 1.0, -3.5, 4.5, 7, 0, tokens.add(st.nextToken(message)), 10.0
8, 16983, -1.0, 1.0, -3.5, 5.0, 7, 0, tokens.add(st.nextToken(message)), 11.5
8, 16984, -1.0, 1.0, -3.0, 0.0, 12, 0, st.nextToken(), 1.0
8, 16985, -1.0, 1.0, -3.0, 0.5, 0, 0, tokens.add(st.nextToken()), 2.0
8, 16986, -1.0, 1.0, -3.0, 1.0, 0, 0, tokens.add(st.nextToken()), 3.0
8, 16987, -1.0, 1.0, -3.0, 1.5, 0, 0, tokens.add(st.nextToken()), 4.0
8, 16988, -1.0, 1.0, -3.0, 2.0, 0, 0, tokens.add(st.nextToken()), 5.0
8, 16989, -1.0, 1.0, -3.0, 2.5, 0, 0, tokens.add(st.nextToken()), 6.0
8, 16990, -1.0, 1.0, -3.0, 3.0, 0, 0, tokens.add(st.nextToken()), 7.0
8, 16991, -1.0, 1.0, -3.0, 3.5, 0, 0, tokens.add(st.nextToken()), 8.0
8, 16992, -1.0, 1.0, -3.0, 4.0, 7, 0, tokens.add(st.nextToken(message)), 9.0
8, 16993, -1.0, 1.0, -3.0, 4.5, 7, 0, tokens.add(st.nextToken(message)), 10.5
8, 16994, -1.0, 1.0, -3.0, 5.0, 7, 0, tokens.add(st.nextToken(message)), 12.0
8, 16995, -1.0, 1.0, -2.5, 0.0, 12, 0, st.nextToken(), 1.0
8, 16996, -1.0, 1.0, -2.5, 0.5, 0, 0, tokens.add(st.nextToken()), 2.0
8, 16997, -1.0, 1.0, -2.5, 1.0, 0, 0, tokens.add(st.nextToken()), 3.0
8, 16998, -1.0, 1.0, -2.5, 1.5, 0, 0, tokens.add(st.nextToken()), 4.0
8, 16999, -1.0, 1.0, -2.5, 2.0, 0, 0, tokens.add(st.nextToken()), 5.0
8, 17000, -1.0, 1.0, -2.5, 2.5, 0, 0, tokens.add(st.nextToken()), 6.0
8, 17001, -1.0, 1.0, -2.5, 3.0, 0, 0, tokens.add(st.nextToken()), 7.0
8, 17002, -1.0, 1.0, -2.5, 3.5, 7, 0, tokens.add(st.nextToken(message)), 8.0
8, 17003, -1.0, 1.0, -2.5, 4.0, 7, 0, tokens.add(st.nextToken(message)), 9.5
8, 17004, -1.0, 1.0, -2.5, 4.5, 7, 0, tokens.add(st.nextToken(message)), 11.0
8, 17005, -1.0, 1.0, -2.5, 5.0, 7, 2, tokens.add(st.nextToken(message)), 12.5
8, 17006, -1.0, 1.0, -2.0, 0.0, 12, 0, st.nextToken(), 1.0
8, 17007, -1.0, 1.0, -2.0, 0.5, 0, 0, tokens.add(st.nextToken()), 2.0
8, 17008, -1.0, 1.0, -2.0, 1.0, 0, 0, tokens.add(st.nextToken()), 3.0
8, 17009, -1.0, 1.0, -2.0, 1.5, 0, 0, tokens.add(st.nextToken()), 4.0
8, 17010, -1.0, 1.0, -2.0, 2.0, 0, 0, tokens.add(st.nextToken()), 5.0
8, 17011, -1.0, 1.0, -2.0, 2.5, 0, 0, tokens.add(st.nextToken()), 6.0
8, 17012, -1.0, 1.0, -2.0, 3.0, 7, 0, tokens.add(st.nextToken(message)), 7.0
8, 17013, -1.0, 1.0, -2.0, 3.5, 7, 0, tokens.add(st.nextToken(message)), 8.5
8, 17014, -1.0, 1.0, -2.0, 4.0, 7, 0, tokens.add(st.nextToken(message)), 10.0
8, 17015, -1.0, 1.0, -2.0, 4.5, 7, 2, tokens.add(st.nextToken(message)), 11.5
8, 17016, -1.0, 1.0, -2.0, 5.0, 7, 3, tokens.add(st.nextToken(message)), 13.0
8, 17017, -1.0, 1.0, -1.5, 0.0, 12, 0, st.nextToken(), 1.0
8, 17018, -1.0, 1.0, -1.5, 0.5, 0, 0, tokens.add(st.nextToken()), 2.0
8, 17019, -1.0, 1.0, -1.5, 1.0, 0, 0, tokens.add(st.nextToken()), 3.0
8, 17020, -1.0, 1.0, -1.5, 1.5, 0, 0, tokens.add(st.nextToken()), 4.0
8, 17021, -1.0, 1.0, -1.5, 2.0, 0, 0, tokens.add(st.nextToken()), 5.0
8, 17022, -1.0, 1.0, -1.5, 2.5, 7, 0, tokens.add(st.nextToken(message)), 6.0
8, 17023, -1.0, 1.0, -1.5, 3.0, 7, 0, tokens.add(st.nextToken(message)), 7.5
8, 17024, -1.0, 1.0, -1.5, 3.5, 7, 0, tokens.add(st.nextToken(message)), 9.0
8, 17025, -1.0, 1.0, -1.5, 4.0, 7, 2, tokens.add(st.nextToken(message)), 10.5
8, 17026, -1.0, 1.0, -1.5, 4.5, 32, 4, new Task08().getTokens(message).add(st.nextToken(message)), 13.0
8, 17027, -1.0, 1.0, -1.5, 5.0, 32, 6, new Task08().getTokens(message).add(st.nextToken(message)), 15.5
8, 17028, -1.0, 1.0, -1.0, 0.0, 12, 0, st.nextToken(), 1.0
8, 17029, -1.0, 1.0, -1.0, 0.5, 0, 0, tokens.add(st.nextToken()), 2.0
8, 17030, -1.0, 1.0, -1.0, 1.0, 0, 0, tokens.add(st.nextToken()), 3.0
8, 17031, -1.0, 1.0, -1.0, 1.5, 0, 0, tokens.add(st.nextToken()), 4.0
8, 17032, -1.0, 1.0, -1.0, 2.0, 7, 0, tokens.add(st.nextToken(message)), 5.0
8, 17033, -1.0, 1.0, -1.0, 2.5, 7, 0, tokens.add(st.nextToken(message)), 6.5
8, 17034, -1.0, 1.0, -1.0, 3.0, 7, 0, tokens.add(st.nextToken(message)), 8.0
8, 17035, -1.0, 1.0, -1.0, 3.5, 23, 8, tokens.add(message).equals(st.nextToken(message)), 9.0
8, 17036, -1.0, 1.0, -1.0, 4.0, 32, 3, new Task08().getTokens(message).add(st.nextToken(message)), 13.0
8, 17037, -1.0, 1.0, -1.0, 4.5, 32, 8, new Task08().getTokens(message).add(st.nextToken(message)), 15.5
8, 17038, -1.0, 1.0, -1.0, 5.0, 79, 5, tokens.indexOf(message).insert(st.nextToken(message), tokens.indexOf(message), tokens.indexOf(message)), 20.0
8, 17039, -1.0, 1.0, -0.5, 0.0, 12, 0, st.nextToken(), 1.0
8, 17040, -1.0, 1.0, -0.5, 0.5, 9, 9, Byte.decode(st.nextToken()), 0.0
8, 17041, -1.0, 1.0, -0.5, 1.0, 12, 0, st.nextToken(), 2.0
8, 17042, -1.0, 1.0, -0.5, 1.5, 7, 0, tokens.add(st.nextToken(message)), 4.0
8, 17043, -1.0, 1.0, -0.5, 2.0, 12, 6, st.nextToken(), 3.0
8, 17044, -1.0, 1.0, -0.5, 2.5, 23, 6, tokens.add(message).equals(st.nextToken(message)), 6.5
8, 17045, -1.0, 1.0, -0.5, 3.0, 32, 3, new Task08().getTokens(message).add(st.nextToken(message)), 10.5
8, 17046, -1.0, 1.0, -0.5, 3.5, 32, 9, new Task08().getTokens(message).add(st.nextToken(message)), 13.0
8, 17047, -1.0, 1.0, -0.5, 4.0, 79, 5, tokens.indexOf(message).insert(st.nextToken(message), tokens.indexOf(message), tokens.indexOf(message)), 17.5
8, 17048, -1.0, 1.0, -0.5, 4.5, 79, 5, tokens.indexOf(message).insert(st.nextToken(message), tokens.indexOf(message), tokens.indexOf(message)), 21.5
8, 17049, -1.0, 1.0, -0.5, 5.0, 82, 9, st.nextToken(message).getChars(tokens.indexOf(message), tokens.indexOf(message), tokens.indexOf(message)), 25.0
8, 17050, -1.0, 1.0, 0.0, 0.0, 12, 0, st.nextToken(), 1.0
8, 17051, -1.0, 1.0, 0.0, 0.5, 12, 0, st.nextToken(), 1.5
8, 17052, -1.0, 1.0, 0.0, 1.0, 12, 0, st.nextToken(), 2.0
8, 17053, -1.0, 1.0, 0.0, 1.5, 30, 5, st.nextToken(message).put(getTokens().addAll()), 3.5
8, 17054, -1.0, 1.0, 0.0, 2.0, 32, 4, new Task08().getTokens(message).add(st.nextToken(message)), 8.0
8, 17055, -1.0, 1.0, 0.0, 2.5, 83, 5, st.nextToken(message).replace(message.replace(message, message), message.replace(message, message)), 11.0
8, 17056, -1.0, 1.0, 0.0, 3.0, 83, 5, st.nextToken(message).replace(message.replace(message, message), message.replace(message, message)), 15.0
8, 17057, -1.0, 1.0, 0.0, 3.5, 83, 7, st.nextToken(message).replace(message.replace(message, message), message.replace(message, message)), 19.0
8, 17058, -1.0, 1.0, 0.0, 4.0, 99, 9, message.replace(message, message).replace(message.replace(message, message), message.replace(message, message)), 23.0
8, 17059, -1.0, 1.0, 0.0, 4.5, 99, 9, message.replace(message, message).replace(message.replace(message, message), message.replace(message, message)), 27.5
8, 17060, -1.0, 1.0, 0.0, 5.0, 99, 9, message.replace(message, message).replace(message.replace(message, message), message.replace(message, message)), 32.0
8, 17061, -0.5, 1.0, -5.0, 0.0, 0, 0, tokens.add(st.nextToken()), 3.0
8, 17062, -0.5, 1.0, -5.0, 0.5, 0, 0, tokens.add(st.nextToken()), 4.0
8, 17063, -0.5, 1.0, -5.0, 1.0, 0, 0, tokens.add(st.nextToken()), 5.0
8, 17064, -0.5, 1.0, -5.0, 1.5, 0, 0, tokens.add(st.nextToken()), 6.0
8, 17065, -0.5, 1.0, -5.0, 2.0, 0, 0, tokens.add(st.nextToken()), 7.0
8, 17066, -0.5, 1.0, -5.0, 2.5, 0, 0, tokens.add(st.nextToken()), 8.0
8, 17067, -0.5, 1.0, -5.0, 3.0, 0, 0, tokens.add(st.nextToken()), 9.0
8, 17068, -0.5, 1.0, -5.0, 3.5, 0, 0, tokens.add(st.nextToken()), 10.0
8, 17069, -0.5, 1.0, -5.0, 4.0, 0, 0, tokens.add(st.nextToken()), 11.0
8, 17070, -0.5, 1.0, -5.0, 4.5, 0, 0, tokens.add(st.nextToken()), 12.0
8, 17071, -0.5, 1.0, -5.0, 5.0, 0, 0, tokens.add(st.nextToken()), 13.0
8, 17072, -0.5, 1.0, -4.5, 0.0, 0, 0, tokens.add(st.nextToken()), 3.0
8, 17073, -0.5, 1.0, -4.5, 0.5, 0, 0, tokens.add(st.nextToken()), 4.0
8, 17074, -0.5, 1.0, -4.5, 1.0, 0, 0, tokens.add(st.nextToken()), 5.0
8, 17075, -0.5, 1.0, -4.5, 1.5, 0, 0, tokens.add(st.nextToken()), 6.0
8, 17076, -0.5, 1.0, -4.5, 2.0, 0, 0, tokens.add(st.nextToken()), 7.0
8, 17077, -0.5, 1.0, -4.5, 2.5, 0, 0, tokens.add(st.nextToken()), 8.0
8, 17078, -0.5, 1.0, -4.5, 3.0, 0, 0, tokens.add(st.nextToken()), 9.0
8, 17079, -0.5, 1.0, -4.5, 3.5, 0, 0, tokens.add(st.nextToken()), 10.0
8, 17080, -0.5, 1.0, -4.5, 4.0, 0, 0, tokens.add(st.nextToken()), 11.0
8, 17081, -0.5, 1.0, -4.5, 4.5, 0, 0, tokens.add(st.nextToken()), 12.0
8, 17082, -0.5, 1.0, -4.5, 5.0, 7, 0, tokens.add(st.nextToken(message)), 13.0
8, 17083, -0.5, 1.0, -4.0, 0.0, 0, 0, tokens.add(st.nextToken()), 3.0
8, 17084, -0.5, 1.0, -4.0, 0.5, 0, 0, tokens.add(st.nextToken()), 4.0
8, 17085, -0.5, 1.0, -4.0, 1.0, 0, 0, tokens.add(st.nextToken()), 5.0
8, 17086, -0.5, 1.0, -4.0, 1.5, 0, 0, tokens.add(st.nextToken()), 6.0
8, 17087, -0.5, 1.0, -4.0, 2.0, 0, 0, tokens.add(st.nextToken()), 7.0
8, 17088, -0.5, 1.0, -4.0, 2.5, 0, 0, tokens.add(st.nextToken()), 8.0
8, 17089, -0.5, 1.0, -4.0, 3.0, 0, 0, tokens.add(st.nextToken()), 9.0
8, 17090, -0.5, 1.0, -4.0, 3.5, 0, 0, tokens.add(st.nextToken()), 10.0
8, 17091, -0.5, 1.0, -4.0, 4.0, 0, 0, tokens.add(st.nextToken()), 11.0
8, 17092, -0.5, 1.0, -4.0, 4.5, 7, 0, tokens.add(st.nextToken(message)), 12.0
8, 17093, -0.5, 1.0, -4.0, 5.0, 7, 0, tokens.add(st.nextToken(message)), 13.5
8, 17094, -0.5, 1.0, -3.5, 0.0, 0, 0, tokens.add(st.nextToken()), 3.0
8, 17095, -0.5, 1.0, -3.5, 0.5, 0, 0, tokens.add(st.nextToken()), 4.0
8, 17096, -0.5, 1.0, -3.5, 1.0, 0, 0, tokens.add(st.nextToken()), 5.0
8, 17097, -0.5, 1.0, -3.5, 1.5, 0, 0, tokens.add(st.nextToken()), 6.0
8, 17098, -0.5, 1.0, -3.5, 2.0, 0, 0, tokens.add(st.nextToken()), 7.0
8, 17099, -0.5, 1.0, -3.5, 2.5, 0, 0, tokens.add(st.nextToken()), 8.0
8, 17100, -0.5, 1.0, -3.5, 3.0, 0, 0, tokens.add(st.nextToken()), 9.0
8, 17101, -0.5, 1.0, -3.5, 3.5, 0, 0, tokens.add(st.nextToken()), 10.0
8, 17102, -0.5, 1.0, -3.5, 4.0, 7, 0, tokens.add(st.nextToken(message)), 11.0
8, 17103, -0.5, 1.0, -3.5, 4.5, 7, 0, tokens.add(st.nextToken(message)), 12.5
8, 17104, -0.5, 1.0, -3.5, 5.0, 7, 0, tokens.add(st.nextToken(message)), 14.0
8, 17105, -0.5, 1.0, -3.0, 0.0, 0, 0, tokens.add(st.nextToken()), 3.0
8, 17106, -0.5, 1.0, -3.0, 0.5, 0, 0, tokens.add(st.nextToken()), 4.0
8, 17107, -0.5, 1.0, -3.0, 1.0, 0, 0, tokens.add(st.nextToken()), 5.0
8, 17108, -0.5, 1.0, -3.0, 1.5, 0, 0, tokens.add(st.nextToken()), 6.0
8, 17109, -0.5, 1.0, -3.0, 2.0, 0, 0, tokens.add(st.nextToken()), 7.0
8, 17110, -0.5, 1.0, -3.0, 2.5, 0, 0, tokens.add(st.nextToken()), 8.0
8, 17111, -0.5, 1.0, -3.0, 3.0, 0, 0, tokens.add(st.nextToken()), 9.0
8, 17112, -0.5, 1.0, -3.0, 3.5, 7, 0, tokens.add(st.nextToken(message)), 10.0
8, 17113, -0.5, 1.0, -3.0, 4.0, 7, 0, tokens.add(st.nextToken(message)), 11.5
8, 17114, -0.5, 1.0, -3.0, 4.5, 7, 0, tokens.add(st.nextToken(message)), 13.0
8, 17115, -0.5, 1.0, -3.0, 5.0, 7, 2, tokens.add(st.nextToken(message)), 14.5
8, 17116, -0.5, 1.0, -2.5, 0.0, 0, 0, tokens.add(st.nextToken()), 3.0
8, 17117, -0.5, 1.0, -2.5, 0.5, 0, 0, tokens.add(st.nextToken()), 4.0
8, 17118, -0.5, 1.0, -2.5, 1.0, 0, 0, tokens.add(st.nextToken()), 5.0
8, 17119, -0.5, 1.0, -2.5, 1.5, 0, 0, tokens.add(st.nextToken()), 6.0
8, 17120, -0.5, 1.0, -2.5, 2.0, 0, 0, tokens.add(st.nextToken()), 7.0
8, 17121, -0.5, 1.0, -2.5, 2.5, 0, 0, tokens.add(st.nextToken()), 8.0
8, 17122, -0.5, 1.0, -2.5, 3.0, 7, 0, tokens.add(st.nextToken(message)), 9.0
8, 17123, -0.5, 1.0, -2.5, 3.5, 7, 0, tokens.add(st.nextToken(message)), 10.5
8, 17124, -0.5, 1.0, -2.5, 4.0, 7, 0, tokens.add(st.nextToken(message)), 12.0
8, 17125, -0.5, 1.0, -2.5, 4.5, 7, 2, tokens.add(st.nextToken(message)), 13.5
8, 17126, -0.5, 1.0, -2.5, 5.0, 7, 5, tokens.add(st.nextToken(message)), 15.0
8, 17127, -0.5, 1.0, -2.0, 0.0, 0, 0, tokens.add(st.nextToken()), 3.0
8, 17128, -0.5, 1.0, -2.0, 0.5, 0, 0, tokens.add(st.nextToken()), 4.0
8, 17129, -0.5, 1.0, -2.0, 1.0, 0, 0, tokens.add(st.nextToken()), 5.0
8, 17130, -0.5, 1.0, -2.0, 1.5, 0, 0, tokens.add(st.nextToken()), 6.0
8, 17131, -0.5, 1.0, -2.0, 2.0, 0, 0, tokens.add(st.nextToken()), 7.0
8, 17132, -0.5, 1.0, -2.0, 2.5, 7, 0, tokens.add(st.nextToken(message)), 8.0
8, 17133, -0.5, 1.0, -2.0, 3.0, 7, 0, tokens.add(st.nextToken(message)), 9.5
8, 17134, -0.5, 1.0, -2.0, 3.5, 7, 0, tokens.add(st.nextToken(message)), 11.0
8, 17135, -0.5, 1.0, -2.0, 4.0, 7, 2, tokens.add(st.nextToken(message)), 12.5
8, 17136, -0.5, 1.0, -2.0, 4.5, 7, 6, tokens.add(st.nextToken(message)), 14.0
8, 17137, -0.5, 1.0, -2.0, 5.0, 32, 7, new Task08().getTokens(message).add(st.nextToken(message)), 16.5
8, 17138, -0.5, 1.0, -1.5, 0.0, 0, 0, tokens.add(st.nextToken()), 3.0
8, 17139, -0.5, 1.0, -1.5, 0.5, 0, 0, tokens.add(st.nextToken()), 4.0
8, 17140, -0.5, 1.0, -1.5, 1.0, 0, 0, tokens.add(st.nextToken()), 5.0
8, 17141, -0.5, 1.0, -1.5, 1.5, 0, 0, tokens.add(st.nextToken()), 6.0
8, 17142, -0.5, 1.0, -1.5, 2.0, 7, 0, tokens.add(st.nextToken(message)), 7.0
8, 17143, -0.5, 1.0, -1.5, 2.5, 7, 0, tokens.add(st.nextToken(message)), 8.5
8, 17144, -0.5, 1.0, -1.5, 3.0, 7, 1, tokens.add(st.nextToken(message)), 10.0
8, 17145, -0.5, 1.0, -1.5, 3.5, 7, 4, tokens.add(st.nextToken(message)), 11.5
8, 17146, -0.5, 1.0, -1.5, 4.0, 32, 7, new Task08().getTokens(message).add(st.nextToken(message)), 14.0
8, 17147, -0.5, 1.0, -1.5, 4.5, 32, 7, new Task08().getTokens(message).add(st.nextToken(message)), 16.5
8, 17148, -0.5, 1.0, -1.5, 5.0, 51, 4, st.nextToken(message).replace(st.nextToken(message), st.nextToken(message)), 22.0
8, 17149, -0.5, 1.0, -1.0, 0.0, 10, 7, tokens.add(nextToken()).wait(), 1.0
8, 17150, -0.5, 1.0, -1.0, 0.5, 12, 0, st.nextToken(), 2.5
8, 17151, -0.5, 1.0, -1.0, 1.0, 10, 2, st.nextToken(st.nextToken()), 3.0
8, 17152, -0.5, 1.0, -1.0, 1.5, 12, 5, st.nextToken(), 3.5
8, 17153, -0.5, 1.0, -1.0, 2.0, 7, 0, tokens.add(st.nextToken(message)), 7.5
8, 17154, -0.5, 1.0, -1.0, 2.5, 17, 8, st.nextToken(st.nextToken(message)), 7.0
8, 17155, -0.5, 1.0, -1.0, 3.0, 32, 4, new Task08().getTokens(message).add(st.nextToken(message)), 11.5
8, 17156, -0.5, 1.0, -1.0, 3.5, 32, 6, new Task08().getTokens(message).add(st.nextToken(message)), 14.0
8, 17157, -0.5, 1.0, -1.0, 4.0, 79, 5, tokens.indexOf(message).insert(st.nextToken(message), tokens.indexOf(message), tokens.indexOf(message)), 18.5
8, 17158, -0.5, 1.0, -1.0, 4.5, 79, 5, tokens.indexOf(message).insert(st.nextToken(message), tokens.indexOf(message), tokens.indexOf(message)), 22.5
8, 17159, -0.5, 1.0, -1.0, 5.0, 82, 9, st.nextToken(message).getChars(tokens.indexOf(message), tokens.indexOf(message), tokens.indexOf(message)), 25.5
8, 17160, -0.5, 1.0, -0.5, 0.0, 12, 0, st.nextToken(), 2.0
8, 17161, -0.5, 1.0, -0.5, 0.5, 12, 3, st.nextToken(), 2.5
8, 17162, -0.5, 1.0, -0.5, 1.0, 12, 5, st.nextToken(), 3.0
8, 17163, -0.5, 1.0, -0.5, 1.5, 17, 8, st.nextToken(st.nextToken(message)), 4.5
8, 17164, -0.5, 1.0, -0.5, 2.0, 36, 6, new Task08().getTokens(nextToken()).add(st.nextToken(message)), 7.5
8, 17165, -0.5, 1.0, -0.5, 2.5, 32, 6, new Task08().getTokens(message).add(st.nextToken(message)), 11.5
8, 17166, -0.5, 1.0, -0.5, 3.0, 79, 4, tokens.indexOf(message).insert(st.nextToken(message), tokens.indexOf(message), tokens.indexOf(message)), 16.0
8, 17167, -0.5, 1.0, -0.5, 3.5, 82, 9, st.nextToken(message).getChars(tokens.indexOf(message), tokens.indexOf(message), tokens.indexOf(message)), 19.5
8, 17168, -0.5, 1.0, -0.5, 4.0, 82, 9, st.nextToken(message).getChars(tokens.indexOf(message), tokens.indexOf(message), tokens.indexOf(message)), 23.5
8, 17169, -0.5, 1.0, -0.5, 4.5, 82, 9, st.nextToken(message).getChars(tokens.indexOf(message), tokens.indexOf(message), tokens.indexOf(message)), 27.5
8, 17170, -0.5, 1.0, -0.5, 5.0, 95, 6, message.replace(message, message).getChars(tokens.indexOf(message), tokens.indexOf(message), tokens.indexOf(message)), 31.5
8, 17171, -0.5, 1.0, 0.0, 0.0, 17, 8, nextToken().getTokens().add(st.nextToken()), 2.5
8, 17172, -0.5, 1.0, 0.0, 0.5, 29, 2, new Task08().getTokens(nextToken()).add(st.nextToken()), 3.5
8, 17173, -0.5, 1.0, 0.0, 1.0, 34, 6, st.nextToken(message).equals(getTokens().addAll()), 5.0
8, 17174, -0.5, 1.0, 0.0, 1.5, 36, 5, new Task08().getTokens(nextToken()).add(st.nextToken(message)), 7.5
8, 17175, -0.5, 1.0, 0.0, 2.0, 83, 8, st.nextToken(message).replace(message.replace(message, message), message.replace(message, message)), 13.0
8, 17176, -0.5, 1.0, 0.0, 2.5, 83, 8, st.nextToken(message).replace(message.replace(message, message), message.replace(message, message)), 17.0
8, 17177, -0.5, 1.0, 0.0, 3.0, 83, 8, st.nextToken(message).replace(message.replace(message, message), message.replace(message, message)), 21.0
8, 17178, -0.5, 1.0, 0.0, 3.5, 99, 9, message.replace(message, message).replace(message.replace(message, message), message.replace(message, message)), 25.0
8, 17179, -0.5, 1.0, 0.0, 4.0, 99, 9, message.replace(message, message).replace(message.replace(message, message), message.replace(message, message)), 29.5
8, 17180, -0.5, 1.0, 0.0, 4.5, 99, 9, message.replace(message, message).replace(message.replace(message, message), message.replace(message, message)), 34.0
8, 17181, -0.5, 1.0, 0.0, 5.0, 99, 9, message.replace(message, message).replace(message.replace(message, message), message.replace(message, message)), 38.5
8, 17182, 0.0, 1.0, -5.0, 0.0, 0, 0, tokens.add(st.nextToken()), 5.0
8, 17183, 0.0, 1.0, -5.0, 0.5, 0, 0, tokens.add(st.nextToken()), 6.0
8, 17184, 0.0, 1.0, -5.0, 1.0, 0, 0, tokens.add(st.nextToken()), 7.0
8, 17185, 0.0, 1.0, -5.0, 1.5, 0, 0, tokens.add(st.nextToken()), 8.0
8, 17186, 0.0, 1.0, -5.0, 2.0, 0, 0, tokens.add(st.nextToken()), 9.0
8, 17187, 0.0, 1.0, -5.0, 2.5, 0, 0, tokens.add(st.nextToken()), 10.0
8, 17188, 0.0, 1.0, -5.0, 3.0, 0, 0, tokens.add(st.nextToken()), 11.0
8, 17189, 0.0, 1.0, -5.0, 3.5, 0, 0, tokens.add(st.nextToken()), 12.0
8, 17190, 0.0, 1.0, -5.0, 4.0, 0, 0, tokens.add(st.nextToken()), 13.0
8, 17191, 0.0, 1.0, -5.0, 4.5, 0, 0, tokens.add(st.nextToken()), 14.0
8, 17192, 0.0, 1.0, -5.0, 5.0, 0, 0, tokens.add(st.nextToken()), 15.0
8, 17193, 0.0, 1.0, -4.5, 0.0, 0, 0, tokens.add(st.nextToken()), 5.0
8, 17194, 0.0, 1.0, -4.5, 0.5, 0, 0, tokens.add(st.nextToken()), 6.0
8, 17195, 0.0, 1.0, -4.5, 1.0, 0, 0, tokens.add(st.nextToken()), 7.0
8, 17196, 0.0, 1.0, -4.5, 1.5, 0, 0, tokens.add(st.nextToken()), 8.0
8, 17197, 0.0, 1.0, -4.5, 2.0, 0, 0, tokens.add(st.nextToken()), 9.0
8, 17198, 0.0, 1.0, -4.5, 2.5, 0, 0, tokens.add(st.nextToken()), 10.0
8, 17199, 0.0, 1.0, -4.5, 3.0, 0, 0, tokens.add(st.nextToken()), 11.0
8, 17200, 0.0, 1.0, -4.5, 3.5, 0, 0, tokens.add(st.nextToken()), 12.0
8, 17201, 0.0, 1.0, -4.5, 4.0, 0, 0, tokens.add(st.nextToken()), 13.0
8, 17202, 0.0, 1.0, -4.5, 4.5, 0, 0, tokens.add(st.nextToken()), 14.0
8, 17203, 0.0, 1.0, -4.5, 5.0, 7, 0, tokens.add(st.nextToken(message)), 15.5
8, 17204, 0.0, 1.0, -4.0, 0.0, 0, 0, tokens.add(st.nextToken()), 5.0
8, 17205, 0.0, 1.0, -4.0, 0.5, 0, 0, tokens.add(st.nextToken()), 6.0
8, 17206, 0.0, 1.0, -4.0, 1.0, 0, 0, tokens.add(st.nextToken()), 7.0
8, 17207, 0.0, 1.0, -4.0, 1.5, 0, 0, tokens.add(st.nextToken()), 8.0
8, 17208, 0.0, 1.0, -4.0, 2.0, 0, 0, tokens.add(st.nextToken()), 9.0
8, 17209, 0.0, 1.0, -4.0, 2.5, 0, 0, tokens.add(st.nextToken()), 10.0
8, 17210, 0.0, 1.0, -4.0, 3.0, 0, 0, tokens.add(st.nextToken()), 11.0
8, 17211, 0.0, 1.0, -4.0, 3.5, 0, 0, tokens.add(st.nextToken()), 12.0
8, 17212, 0.0, 1.0, -4.0, 4.0, 0, 0, tokens.add(st.nextToken()), 13.0
8, 17213, 0.0, 1.0, -4.0, 4.5, 7, 0, tokens.add(st.nextToken(message)), 14.5
8, 17214, 0.0, 1.0, -4.0, 5.0, 7, 2, tokens.add(st.nextToken(message)), 16.0
8, 17215, 0.0, 1.0, -3.5, 0.0, 0, 0, tokens.add(st.nextToken()), 5.0
8, 17216, 0.0, 1.0, -3.5, 0.5, 0, 0, tokens.add(st.nextToken()), 6.0
8, 17217, 0.0, 1.0, -3.5, 1.0, 0, 0, tokens.add(st.nextToken()), 7.0
8, 17218, 0.0, 1.0, -3.5, 1.5, 0, 0, tokens.add(st.nextToken()), 8.0
8, 17219, 0.0, 1.0, -3.5, 2.0, 0, 0, tokens.add(st.nextToken()), 9.0
8, 17220, 0.0, 1.0, -3.5, 2.5, 0, 0, tokens.add(st.nextToken()), 10.0
8, 17221, 0.0, 1.0, -3.5, 3.0, 0, 0, tokens.add(st.nextToken()), 11.0
8, 17222, 0.0, 1.0, -3.5, 3.5, 0, 0, tokens.add(st.nextToken()), 12.0
8, 17223, 0.0, 1.0, -3.5, 4.0, 7, 0, tokens.add(st.nextToken(message)), 13.5
8, 17224, 0.0, 1.0, -3.5, 4.5, 7, 2, tokens.add(st.nextToken(message)), 15.0
8, 17225, 0.0, 1.0, -3.5, 5.0, 7, 2, tokens.add(st.nextToken(message)), 16.5
8, 17226, 0.0, 1.0, -3.0, 0.0, 0, 0, tokens.add(st.nextToken()), 5.0
8, 17227, 0.0, 1.0, -3.0, 0.5, 0, 0, tokens.add(st.nextToken()), 6.0
8, 17228, 0.0, 1.0, -3.0, 1.0, 0, 0, tokens.add(st.nextToken()), 7.0
8, 17229, 0.0, 1.0, -3.0, 1.5, 0, 0, tokens.add(st.nextToken()), 8.0
8, 17230, 0.0, 1.0, -3.0, 2.0, 0, 0, tokens.add(st.nextToken()), 9.0
8, 17231, 0.0, 1.0, -3.0, 2.5, 0, 0, tokens.add(st.nextToken()), 10.0
8, 17232, 0.0, 1.0, -3.0, 3.0, 0, 0, tokens.add(st.nextToken()), 11.0
8, 17233, 0.0, 1.0, -3.0, 3.5, 7, 0, tokens.add(st.nextToken(message)), 12.5
8, 17234, 0.0, 1.0, -3.0, 4.0, 7, 2, tokens.add(st.nextToken(message)), 14.0
8, 17235, 0.0, 1.0, -3.0, 4.5, 7, 2, tokens.add(st.nextToken(message)), 15.5
8, 17236, 0.0, 1.0, -3.0, 5.0, 7, 6, tokens.add(st.nextToken(message)), 17.0
8, 17237, 0.0, 1.0, -2.5, 0.0, 0, 0, tokens.add(st.nextToken()), 5.0
8, 17238, 0.0, 1.0, -2.5, 0.5, 0, 0, tokens.add(st.nextToken()), 6.0
8, 17239, 0.0, 1.0, -2.5, 1.0, 0, 0, tokens.add(st.nextToken()), 7.0
8, 17240, 0.0, 1.0, -2.5, 1.5, 0, 0, tokens.add(st.nextToken()), 8.0
8, 17241, 0.0, 1.0, -2.5, 2.0, 0, 0, tokens.add(st.nextToken()), 9.0
8, 17242, 0.0, 1.0, -2.5, 2.5, 0, 0, tokens.add(st.nextToken()), 10.0
8, 17243, 0.0, 1.0, -2.5, 3.0, 7, 0, tokens.add(st.nextToken(message)), 11.5
8, 17244, 0.0, 1.0, -2.5, 3.5, 7, 2, tokens.add(st.nextToken(message)), 13.0
8, 17245, 0.0, 1.0, -2.5, 4.0, 7, 3, tokens.add(st.nextToken(message)), 14.5
8, 17246, 0.0, 1.0, -2.5, 4.5, 7, 6, tokens.add(st.nextToken(message)), 16.0
8, 17247, 0.0, 1.0, -2.5, 5.0, 7, 8, tokens.add(st.nextToken(message)), 17.5
8, 17248, 0.0, 1.0, -2.0, 0.0, 0, 0, tokens.add(st.nextToken()), 5.0
8, 17249, 0.0, 1.0, -2.0, 0.5, 0, 0, tokens.add(st.nextToken()), 6.0
8, 17250, 0.0, 1.0, -2.0, 1.0, 0, 0, tokens.add(st.nextToken()), 7.0
8, 17251, 0.0, 1.0, -2.0, 1.5, 0, 0, tokens.add(st.nextToken()), 8.0
8, 17252, 0.0, 1.0, -2.0, 2.0, 0, 0, tokens.add(st.nextToken()), 9.0
8, 17253, 0.0, 1.0, -2.0, 2.5, 7, 1, tokens.add(st.nextToken(message)), 10.5
8, 17254, 0.0, 1.0, -2.0, 3.0, 7, 2, tokens.add(st.nextToken(message)), 12.0
8, 17255, 0.0, 1.0, -2.0, 3.5, 7, 6, tokens.add(st.nextToken(message)), 13.5
8, 17256, 0.0, 1.0, -2.0, 4.0, 7, 8, tokens.add(st.nextToken(message)), 15.0
8, 17257, 0.0, 1.0, -2.0, 4.5, 32, 8, new Task08().getTokens(message).add(st.nextToken(message)), 17.5
8, 17258, 0.0, 1.0, -2.0, 5.0, 51, 3, st.nextToken(message).replace(st.nextToken(message), st.nextToken(message)), 25.0
8, 17259, 0.0, 1.0, -1.5, 0.0, 12, 4, st.nextToken(), 3.0
8, 17260, 0.0, 1.0, -1.5, 0.5, 10, 4, st.nextToken(st.nextToken()), 4.0
8, 17261, 0.0, 1.0, -1.5, 1.0, 10, 4, st.nextToken(st.nextToken()), 5.0
8, 17262, 0.0, 1.0, -1.5, 1.5, 10, 5, st.nextToken(st.nextToken()), 6.0
8, 17263, 0.0, 1.0, -1.5, 2.0, 7, 1, tokens.add(st.nextToken(message)), 9.5
8, 17264, 0.0, 1.0, -1.5, 2.5, 7, 3, tokens.add(st.nextToken(message)), 11.0
8, 17265, 0.0, 1.0, -1.5, 3.0, 46, 9, st.nextToken(message).indexOf(st.nextToken(message), st.countTokens()), 11.5
8, 17266, 0.0, 1.0, -1.5, 3.5, 32, 8, new Task08().getTokens(message).add(st.nextToken(message)), 15.0
8, 17267, 0.0, 1.0, -1.5, 4.0, 51, 4, st.nextToken(message).replace(st.nextToken(message), st.nextToken(message)), 21.0
8, 17268, 0.0, 1.0, -1.5, 4.5, 51, 4, st.nextToken(message).replace(st.nextToken(message), st.nextToken(message)), 24.0
8, 17269, 0.0, 1.0, -1.5, 5.0, 82, 9, st.nextToken(message).getChars(tokens.indexOf(message), tokens.indexOf(message), tokens.indexOf(message)), 26.0
8, 17270, 0.0, 1.0, -1.0, 0.0, 12, 4, tokens.add(nextToken()).notify(), 3.0
8, 17271, 0.0, 1.0, -1.0, 0.5, 10, 5, st.nextToken(st.nextToken()), 4.0
8, 17272, 0.0, 1.0, -1.0, 1.0, 10, 6, st.nextToken(st.nextToken()), 5.0
8, 17273, 0.0, 1.0, -1.0, 1.5, 24, 6, tokens.add(nextToken()).put(st.nextToken(message)), 7.5
8, 17274, 0.0, 1.0, -1.0, 2.0, 36, 9, new Task08().getTokens(nextToken()).add(st.nextToken(message)), 9.0
8, 17275, 0.0, 1.0, -1.0, 2.5, 46, 9, st.nextToken(message).indexOf(st.nextToken(message), st.countTokens()), 11.5
8, 17276, 0.0, 1.0, -1.0, 3.0, 51, 4, st.nextToken(message).replace(st.nextToken(message), st.nextToken(message)), 17.0
8, 17277, 0.0, 1.0, -1.0, 3.5, 82, 9, st.nextToken(message).getChars(tokens.indexOf(message), tokens.indexOf(message), tokens.indexOf(message)), 20.0
8, 17278, 0.0, 1.0, -1.0, 4.0, 82, 9, st.nextToken(message).getChars(tokens.indexOf(message), tokens.indexOf(message), tokens.indexOf(message)), 24.0
8, 17279, 0.0, 1.0, -1.0, 4.5, 82, 9, st.nextToken(message).getChars(tokens.indexOf(message), tokens.indexOf(message), tokens.indexOf(message)), 28.0
8, 17280, 0.0, 1.0, -1.0, 5.0, 82, 9, st.nextToken(message).getChars(tokens.indexOf(message), tokens.indexOf(message), tokens.indexOf(message)), 32.0
8, 17281, 0.0, 1.0, -0.5, 0.0, 17, 1, nextToken().getTokens().add(st.nextToken()), 4.5
8, 17282, 0.0, 1.0, -0.5, 0.5, 17, 3, tokens.add(nextToken()).put(st.nextToken()), 5.5
8, 17283, 0.0, 1.0, -0.5, 1.0, 24, 9, tokens.add(nextToken()).put(st.nextToken(message)), 7.0
8, 17284, 0.0, 1.0, -0.5, 1.5, 36, 9, new Task08().getTokens(nextToken()).add(st.nextToken(message)), 9.0
8, 17285, 0.0, 1.0, -0.5, 2.0, 46, 9, st.nextToken(message).indexOf(st.nextToken(message), st.countTokens()), 11.5
8, 17286, 0.0, 1.0, -0.5, 2.5, 82, 7, st.nextToken(message).getChars(tokens.indexOf(message), tokens.indexOf(message), tokens.indexOf(message)), 18.0
8, 17287, 0.0, 1.0, -0.5, 3.0, 82, 7, st.nextToken(message).getChars(tokens.indexOf(message), tokens.indexOf(message), tokens.indexOf(message)), 22.0
8, 17288, 0.0, 1.0, -0.5, 3.5, 82, 6, st.nextToken(message).getChars(tokens.indexOf(message), tokens.indexOf(message), tokens.indexOf(message)), 26.0
8, 17289, 0.0, 1.0, -0.5, 4.0, 82, 6, st.nextToken(message).getChars(tokens.indexOf(message), tokens.indexOf(message), tokens.indexOf(message)), 30.0
8, 17290, 0.0, 1.0, -0.5, 4.5, 95, 5, message.replace(message, message).getChars(tokens.indexOf(message), tokens.indexOf(message), tokens.indexOf(message)), 34.0
8, 17291, 0.0, 1.0, -0.5, 5.0, 95, 5, message.replace(message, message).getChars(tokens.indexOf(message), tokens.indexOf(message), tokens.indexOf(message)), 38.5
8, 17292, 0.0, 1.0, 0.0, 0.0, 85, 2, Long.valueOf(Long.parseLong(nextToken(), countTokens()), st.nextToken(), hasMoreTokens().compareTo(add())), 5.0
8, 17293, 0.0, 1.0, 0.0, 0.5, 43, 9, new Task08().getTokens(nextToken()).addElement(st.nextToken(message)), 7.0
8, 17294, 0.0, 1.0, 0.0, 1.0, 51, 9, st.nextToken(message).replace(st.nextToken(message), st.nextToken(message)), 9.0
8, 17295, 0.0, 1.0, 0.0, 1.5, 51, 5, st.nextToken(message).replace(st.nextToken(message), st.nextToken(message)), 12.0
8, 17296, 0.0, 1.0, 0.0, 2.0, 83, 8, st.nextToken(message).replace(message.replace(message, message), message.replace(message, message)), 19.0
8, 17297, 0.0, 1.0, 0.0, 2.5, 83, 9, st.nextToken(message).replace(message.replace(message, message), message.replace(message, message)), 23.0
8, 17298, 0.0, 1.0, 0.0, 3.0, 102, 9, message.replace(message, message).replaceAll(message.replace(message, message), message.replace(message, message)), 27.0
8, 17299, 0.0, 1.0, 0.0, 3.5, 102, 9, message.replace(message, message).replaceAll(message.replace(message, message), message.replace(message, message)), 31.5
8, 17300, 0.0, 1.0, 0.0, 4.0, 102, 9, message.replace(message, message).replaceAll(message.replace(message, message), message.replace(message, message)), 36.0
8, 17301, 0.0, 1.0, 0.0, 4.5, 102, 9, message.replace(message, message).replaceAll(message.replace(message, message), message.replace(message, message)), 40.5
8, 17302, 0.0, 1.0, 0.0, 5.0, 102, 9, message.replace(message, message).replaceAll(message.replace(message, message), message.replace(message, message)), 45.0
