11, 13310, -5.0, 1.0, -5.0, 0.0, 12, s
11, 13311, -5.0, 1.0, -5.0, 0.5, 12, s
11, 13312, -5.0, 1.0, -5.0, 1.0, 12, s
11, 13313, -5.0, 1.0, -5.0, 1.5, 12, s
11, 13314, -5.0, 1.0, -5.0, 2.0, 12, s
11, 13315, -5.0, 1.0, -5.0, 2.5, 12, s
11, 13316, -5.0, 1.0, -5.0, 3.0, 12, s
11, 13317, -5.0, 1.0, -5.0, 3.5, 12, s
11, 13318, -5.0, 1.0, -5.0, 4.0, 12, s
11, 13319, -5.0, 1.0, -5.0, 4.5, 12, s
11, 13320, -5.0, 1.0, -5.0, 5.0, 12, s
11, 13321, -5.0, 1.0, -4.5, 0.0, 12, s
11, 13322, -5.0, 1.0, -4.5, 0.5, 12, s
11, 13323, -5.0, 1.0, -4.5, 1.0, 12, s
11, 13324, -5.0, 1.0, -4.5, 1.5, 12, s
11, 13325, -5.0, 1.0, -4.5, 2.0, 12, s
11, 13326, -5.0, 1.0, -4.5, 2.5, 12, s
11, 13327, -5.0, 1.0, -4.5, 3.0, 12, s
11, 13328, -5.0, 1.0, -4.5, 3.5, 12, s
11, 13329, -5.0, 1.0, -4.5, 4.0, 12, s
11, 13330, -5.0, 1.0, -4.5, 4.5, 12, s
11, 13331, -5.0, 1.0, -4.5, 5.0, 12, s
11, 13332, -5.0, 1.0, -4.0, 0.0, 12, s
11, 13333, -5.0, 1.0, -4.0, 0.5, 12, s
11, 13334, -5.0, 1.0, -4.0, 1.0, 12, s
11, 13335, -5.0, 1.0, -4.0, 1.5, 12, s
11, 13336, -5.0, 1.0, -4.0, 2.0, 12, s
11, 13337, -5.0, 1.0, -4.0, 2.5, 12, s
11, 13338, -5.0, 1.0, -4.0, 3.0, 12, s
11, 13339, -5.0, 1.0, -4.0, 3.5, 12, s
11, 13340, -5.0, 1.0, -4.0, 4.0, 12, s
11, 13341, -5.0, 1.0, -4.0, 4.5, 12, s
11, 13342, -5.0, 1.0, -4.0, 5.0, 12, s
11, 13343, -5.0, 1.0, -3.5, 0.0, 12, s
11, 13344, -5.0, 1.0, -3.5, 0.5, 12, s
11, 13345, -5.0, 1.0, -3.5, 1.0, 12, s
11, 13346, -5.0, 1.0, -3.5, 1.5, 12, s
11, 13347, -5.0, 1.0, -3.5, 2.0, 12, s
11, 13348, -5.0, 1.0, -3.5, 2.5, 12, s
11, 13349, -5.0, 1.0, -3.5, 3.0, 12, s
11, 13350, -5.0, 1.0, -3.5, 3.5, 12, s
11, 13351, -5.0, 1.0, -3.5, 4.0, 12, s
11, 13352, -5.0, 1.0, -3.5, 4.5, 12, s
11, 13353, -5.0, 1.0, -3.5, 5.0, 12, s
11, 13354, -5.0, 1.0, -3.0, 0.0, 12, s
11, 13355, -5.0, 1.0, -3.0, 0.5, 12, s
11, 13356, -5.0, 1.0, -3.0, 1.0, 12, s
11, 13357, -5.0, 1.0, -3.0, 1.5, 12, s
11, 13358, -5.0, 1.0, -3.0, 2.0, 12, s
11, 13359, -5.0, 1.0, -3.0, 2.5, 12, s
11, 13360, -5.0, 1.0, -3.0, 3.0, 12, s
11, 13361, -5.0, 1.0, -3.0, 3.5, 12, s
11, 13362, -5.0, 1.0, -3.0, 4.0, 12, s
11, 13363, -5.0, 1.0, -3.0, 4.5, 12, s
11, 13364, -5.0, 1.0, -3.0, 5.0, 12, s
11, 13365, -5.0, 1.0, -2.5, 0.0, 12, s
11, 13366, -5.0, 1.0, -2.5, 0.5, 12, s
11, 13367, -5.0, 1.0, -2.5, 1.0, 12, s
11, 13368, -5.0, 1.0, -2.5, 1.5, 12, s
11, 13369, -5.0, 1.0, -2.5, 2.0, 12, s
11, 13370, -5.0, 1.0, -2.5, 2.5, 12, s
11, 13371, -5.0, 1.0, -2.5, 3.0, 12, s
11, 13372, -5.0, 1.0, -2.5, 3.5, 12, s
11, 13373, -5.0, 1.0, -2.5, 4.0, 12, s
11, 13374, -5.0, 1.0, -2.5, 4.5, 12, s
11, 13375, -5.0, 1.0, -2.5, 5.0, 12, s
11, 13376, -5.0, 1.0, -2.0, 0.0, 12, s
11, 13377, -5.0, 1.0, -2.0, 0.5, 12, s
11, 13378, -5.0, 1.0, -2.0, 1.0, 12, s
11, 13379, -5.0, 1.0, -2.0, 1.5, 12, s
11, 13380, -5.0, 1.0, -2.0, 2.0, 12, s
11, 13381, -5.0, 1.0, -2.0, 2.5, 12, s
11, 13382, -5.0, 1.0, -2.0, 3.0, 12, s
11, 13383, -5.0, 1.0, -2.0, 3.5, 12, s
11, 13384, -5.0, 1.0, -2.0, 4.0, 12, s
11, 13385, -5.0, 1.0, -2.0, 4.5, 12, s
11, 13386, -5.0, 1.0, -2.0, 5.0, 12, s
11, 13387, -5.0, 1.0, -1.5, 0.0, 12, s
11, 13388, -5.0, 1.0, -1.5, 0.5, 12, s
11, 13389, -5.0, 1.0, -1.5, 1.0, 12, s
11, 13390, -5.0, 1.0, -1.5, 1.5, 12, s
11, 13391, -5.0, 1.0, -1.5, 2.0, 12, s
11, 13392, -5.0, 1.0, -1.5, 2.5, 12, s
11, 13393, -5.0, 1.0, -1.5, 3.0, 12, s
11, 13394, -5.0, 1.0, -1.5, 3.5, 12, s
11, 13395, -5.0, 1.0, -1.5, 4.0, 12, s
11, 13396, -5.0, 1.0, -1.5, 4.5, 12, s
11, 13397, -5.0, 1.0, -1.5, 5.0, 12, s
11, 13398, -5.0, 1.0, -1.0, 0.0, 12, s
11, 13399, -5.0, 1.0, -1.0, 0.5, 12, s
11, 13400, -5.0, 1.0, -1.0, 1.0, 12, s
11, 13401, -5.0, 1.0, -1.0, 1.5, 12, s
11, 13402, -5.0, 1.0, -1.0, 2.0, 12, s
11, 13403, -5.0, 1.0, -1.0, 2.5, 12, s
11, 13404, -5.0, 1.0, -1.0, 3.0, 12, s
11, 13405, -5.0, 1.0, -1.0, 3.5, 12, s
11, 13406, -5.0, 1.0, -1.0, 4.0, 12, s
11, 13407, -5.0, 1.0, -1.0, 4.5, 12, s
11, 13408, -5.0, 1.0, -1.0, 5.0, 12, s
11, 13409, -5.0, 1.0, -0.5, 0.0, 12, s
11, 13410, -5.0, 1.0, -0.5, 0.5, 12, s
11, 13411, -5.0, 1.0, -0.5, 1.0, 12, s
11, 13412, -5.0, 1.0, -0.5, 1.5, 12, s
11, 13413, -5.0, 1.0, -0.5, 2.0, 12, s
11, 13414, -5.0, 1.0, -0.5, 2.5, 12, s
11, 13415, -5.0, 1.0, -0.5, 3.0, 12, s
11, 13416, -5.0, 1.0, -0.5, 3.5, 12, s
11, 13417, -5.0, 1.0, -0.5, 4.0, 12, s
11, 13418, -5.0, 1.0, -0.5, 4.5, 12, s
11, 13419, -5.0, 1.0, -0.5, 5.0, 12, s
11, 13420, -5.0, 1.0, 0.0, 0.0, 36, Character.MIN_SUPPLEMENTARY_CODE_POINT
11, 13421, -5.0, 1.0, 0.0, 0.5, 12, s
11, 13422, -5.0, 1.0, 0.0, 1.0, 12, s
11, 13423, -5.0, 1.0, 0.0, 1.5, 12, s
11, 13424, -5.0, 1.0, 0.0, 2.0, 12, s
11, 13425, -5.0, 1.0, 0.0, 2.5, 12, s
11, 13426, -5.0, 1.0, 0.0, 3.0, 12, s
11, 13427, -5.0, 1.0, 0.0, 3.5, 12, s
11, 13428, -5.0, 1.0, 0.0, 4.0, 12, s
11, 13429, -5.0, 1.0, 0.0, 4.5, 12, s
11, 13430, -5.0, 1.0, 0.0, 5.0, 12, s
11, 13431, -4.5, 1.0, -5.0, 0.0, 12, s
11, 13432, -4.5, 1.0, -5.0, 0.5, 12, s
11, 13433, -4.5, 1.0, -5.0, 1.0, 12, s
11, 13434, -4.5, 1.0, -5.0, 1.5, 12, s
11, 13435, -4.5, 1.0, -5.0, 2.0, 12, s
11, 13436, -4.5, 1.0, -5.0, 2.5, 12, s
11, 13437, -4.5, 1.0, -5.0, 3.0, 12, s
11, 13438, -4.5, 1.0, -5.0, 3.5, 12, s
11, 13439, -4.5, 1.0, -5.0, 4.0, 12, s
11, 13440, -4.5, 1.0, -5.0, 4.5, 12, s
11, 13441, -4.5, 1.0, -5.0, 5.0, 12, s
11, 13442, -4.5, 1.0, -4.5, 0.0, 12, s
11, 13443, -4.5, 1.0, -4.5, 0.5, 12, s
11, 13444, -4.5, 1.0, -4.5, 1.0, 12, s
11, 13445, -4.5, 1.0, -4.5, 1.5, 12, s
11, 13446, -4.5, 1.0, -4.5, 2.0, 12, s
11, 13447, -4.5, 1.0, -4.5, 2.5, 12, s
11, 13448, -4.5, 1.0, -4.5, 3.0, 12, s
11, 13449, -4.5, 1.0, -4.5, 3.5, 12, s
11, 13450, -4.5, 1.0, -4.5, 4.0, 12, s
11, 13451, -4.5, 1.0, -4.5, 4.5, 12, s
11, 13452, -4.5, 1.0, -4.5, 5.0, 12, s
11, 13453, -4.5, 1.0, -4.0, 0.0, 12, s
11, 13454, -4.5, 1.0, -4.0, 0.5, 12, s
11, 13455, -4.5, 1.0, -4.0, 1.0, 12, s
11, 13456, -4.5, 1.0, -4.0, 1.5, 12, s
11, 13457, -4.5, 1.0, -4.0, 2.0, 12, s
11, 13458, -4.5, 1.0, -4.0, 2.5, 12, s
11, 13459, -4.5, 1.0, -4.0, 3.0, 12, s
11, 13460, -4.5, 1.0, -4.0, 3.5, 12, s
11, 13461, -4.5, 1.0, -4.0, 4.0, 12, s
11, 13462, -4.5, 1.0, -4.0, 4.5, 12, s
11, 13463, -4.5, 1.0, -4.0, 5.0, 12, s
11, 13464, -4.5, 1.0, -3.5, 0.0, 12, s
11, 13465, -4.5, 1.0, -3.5, 0.5, 12, s
11, 13466, -4.5, 1.0, -3.5, 1.0, 12, s
11, 13467, -4.5, 1.0, -3.5, 1.5, 12, s
11, 13468, -4.5, 1.0, -3.5, 2.0, 12, s
11, 13469, -4.5, 1.0, -3.5, 2.5, 12, s
11, 13470, -4.5, 1.0, -3.5, 3.0, 12, s
11, 13471, -4.5, 1.0, -3.5, 3.5, 12, s
11, 13472, -4.5, 1.0, -3.5, 4.0, 12, s
11, 13473, -4.5, 1.0, -3.5, 4.5, 12, s
11, 13474, -4.5, 1.0, -3.5, 5.0, 12, s
11, 13475, -4.5, 1.0, -3.0, 0.0, 12, s
11, 13476, -4.5, 1.0, -3.0, 0.5, 12, s
11, 13477, -4.5, 1.0, -3.0, 1.0, 12, s
11, 13478, -4.5, 1.0, -3.0, 1.5, 12, s
11, 13479, -4.5, 1.0, -3.0, 2.0, 12, s
11, 13480, -4.5, 1.0, -3.0, 2.5, 12, s
11, 13481, -4.5, 1.0, -3.0, 3.0, 12, s
11, 13482, -4.5, 1.0, -3.0, 3.5, 12, s
11, 13483, -4.5, 1.0, -3.0, 4.0, 12, s
11, 13484, -4.5, 1.0, -3.0, 4.5, 12, s
11, 13485, -4.5, 1.0, -3.0, 5.0, 12, s
11, 13486, -4.5, 1.0, -2.5, 0.0, 12, s
11, 13487, -4.5, 1.0, -2.5, 0.5, 12, s
11, 13488, -4.5, 1.0, -2.5, 1.0, 12, s
11, 13489, -4.5, 1.0, -2.5, 1.5, 12, s
11, 13490, -4.5, 1.0, -2.5, 2.0, 12, s
11, 13491, -4.5, 1.0, -2.5, 2.5, 12, s
11, 13492, -4.5, 1.0, -2.5, 3.0, 12, s
11, 13493, -4.5, 1.0, -2.5, 3.5, 12, s
11, 13494, -4.5, 1.0, -2.5, 4.0, 12, s
11, 13495, -4.5, 1.0, -2.5, 4.5, 12, s
11, 13496, -4.5, 1.0, -2.5, 5.0, 12, s
11, 13497, -4.5, 1.0, -2.0, 0.0, 12, s
11, 13498, -4.5, 1.0, -2.0, 0.5, 12, s
11, 13499, -4.5, 1.0, -2.0, 1.0, 12, s
11, 13500, -4.5, 1.0, -2.0, 1.5, 12, s
11, 13501, -4.5, 1.0, -2.0, 2.0, 12, s
11, 13502, -4.5, 1.0, -2.0, 2.5, 12, s
11, 13503, -4.5, 1.0, -2.0, 3.0, 12, s
11, 13504, -4.5, 1.0, -2.0, 3.5, 12, s
11, 13505, -4.5, 1.0, -2.0, 4.0, 12, s
11, 13506, -4.5, 1.0, -2.0, 4.5, 12, s
11, 13507, -4.5, 1.0, -2.0, 5.0, 12, s
11, 13508, -4.5, 1.0, -1.5, 0.0, 12, s
11, 13509, -4.5, 1.0, -1.5, 0.5, 12, s
11, 13510, -4.5, 1.0, -1.5, 1.0, 12, s
11, 13511, -4.5, 1.0, -1.5, 1.5, 12, s
11, 13512, -4.5, 1.0, -1.5, 2.0, 12, s
11, 13513, -4.5, 1.0, -1.5, 2.5, 12, s
11, 13514, -4.5, 1.0, -1.5, 3.0, 12, s
11, 13515, -4.5, 1.0, -1.5, 3.5, 12, s
11, 13516, -4.5, 1.0, -1.5, 4.0, 12, s
11, 13517, -4.5, 1.0, -1.5, 4.5, 12, s
11, 13518, -4.5, 1.0, -1.5, 5.0, 12, s
11, 13519, -4.5, 1.0, -1.0, 0.0, 12, s
11, 13520, -4.5, 1.0, -1.0, 0.5, 12, s
11, 13521, -4.5, 1.0, -1.0, 1.0, 12, s
11, 13522, -4.5, 1.0, -1.0, 1.5, 12, s
11, 13523, -4.5, 1.0, -1.0, 2.0, 12, s
11, 13524, -4.5, 1.0, -1.0, 2.5, 12, s
11, 13525, -4.5, 1.0, -1.0, 3.0, 12, s
11, 13526, -4.5, 1.0, -1.0, 3.5, 12, s
11, 13527, -4.5, 1.0, -1.0, 4.0, 12, s
11, 13528, -4.5, 1.0, -1.0, 4.5, 12, s
11, 13529, -4.5, 1.0, -1.0, 5.0, 12, s
11, 13530, -4.5, 1.0, -0.5, 0.0, 12, s
11, 13531, -4.5, 1.0, -0.5, 0.5, 12, s
11, 13532, -4.5, 1.0, -0.5, 1.0, 12, s
11, 13533, -4.5, 1.0, -0.5, 1.5, 12, s
11, 13534, -4.5, 1.0, -0.5, 2.0, 12, s
11, 13535, -4.5, 1.0, -0.5, 2.5, 12, s
11, 13536, -4.5, 1.0, -0.5, 3.0, 12, s
11, 13537, -4.5, 1.0, -0.5, 3.5, 12, s
11, 13538, -4.5, 1.0, -0.5, 4.0, 12, s
11, 13539, -4.5, 1.0, -0.5, 4.5, 12, s
11, 13540, -4.5, 1.0, -0.5, 5.0, 12, s
11, 13541, -4.5, 1.0, 0.0, 0.0, 36, Character.MIN_SUPPLEMENTARY_CODE_POINT
11, 13542, -4.5, 1.0, 0.0, 0.5, 12, s
11, 13543, -4.5, 1.0, 0.0, 1.0, 12, s
11, 13544, -4.5, 1.0, 0.0, 1.5, 12, s
11, 13545, -4.5, 1.0, 0.0, 2.0, 12, s
11, 13546, -4.5, 1.0, 0.0, 2.5, 12, s
11, 13547, -4.5, 1.0, 0.0, 3.0, 12, s
11, 13548, -4.5, 1.0, 0.0, 3.5, 12, s
11, 13549, -4.5, 1.0, 0.0, 4.0, 12, s
11, 13550, -4.5, 1.0, 0.0, 4.5, 12, s
11, 13551, -4.5, 1.0, 0.0, 5.0, 47, new Task11().repeatString(new Task11().repeatString(s))
11, 13552, -4.0, 1.0, -5.0, 0.0, 12, s
11, 13553, -4.0, 1.0, -5.0, 0.5, 12, s
11, 13554, -4.0, 1.0, -5.0, 1.0, 12, s
11, 13555, -4.0, 1.0, -5.0, 1.5, 12, s
11, 13556, -4.0, 1.0, -5.0, 2.0, 12, s
11, 13557, -4.0, 1.0, -5.0, 2.5, 12, s
11, 13558, -4.0, 1.0, -5.0, 3.0, 12, s
11, 13559, -4.0, 1.0, -5.0, 3.5, 12, s
11, 13560, -4.0, 1.0, -5.0, 4.0, 12, s
11, 13561, -4.0, 1.0, -5.0, 4.5, 12, s
11, 13562, -4.0, 1.0, -5.0, 5.0, 12, s
11, 13563, -4.0, 1.0, -4.5, 0.0, 12, s
11, 13564, -4.0, 1.0, -4.5, 0.5, 12, s
11, 13565, -4.0, 1.0, -4.5, 1.0, 12, s
11, 13566, -4.0, 1.0, -4.5, 1.5, 12, s
11, 13567, -4.0, 1.0, -4.5, 2.0, 12, s
11, 13568, -4.0, 1.0, -4.5, 2.5, 12, s
11, 13569, -4.0, 1.0, -4.5, 3.0, 12, s
11, 13570, -4.0, 1.0, -4.5, 3.5, 12, s
11, 13571, -4.0, 1.0, -4.5, 4.0, 12, s
11, 13572, -4.0, 1.0, -4.5, 4.5, 12, s
11, 13573, -4.0, 1.0, -4.5, 5.0, 12, s
11, 13574, -4.0, 1.0, -4.0, 0.0, 12, s
11, 13575, -4.0, 1.0, -4.0, 0.5, 12, s
11, 13576, -4.0, 1.0, -4.0, 1.0, 12, s
11, 13577, -4.0, 1.0, -4.0, 1.5, 12, s
11, 13578, -4.0, 1.0, -4.0, 2.0, 12, s
11, 13579, -4.0, 1.0, -4.0, 2.5, 12, s
11, 13580, -4.0, 1.0, -4.0, 3.0, 12, s
11, 13581, -4.0, 1.0, -4.0, 3.5, 12, s
11, 13582, -4.0, 1.0, -4.0, 4.0, 12, s
11, 13583, -4.0, 1.0, -4.0, 4.5, 12, s
11, 13584, -4.0, 1.0, -4.0, 5.0, 12, s
11, 13585, -4.0, 1.0, -3.5, 0.0, 12, s
11, 13586, -4.0, 1.0, -3.5, 0.5, 12, s
11, 13587, -4.0, 1.0, -3.5, 1.0, 12, s
11, 13588, -4.0, 1.0, -3.5, 1.5, 12, s
11, 13589, -4.0, 1.0, -3.5, 2.0, 12, s
11, 13590, -4.0, 1.0, -3.5, 2.5, 12, s
11, 13591, -4.0, 1.0, -3.5, 3.0, 12, s
11, 13592, -4.0, 1.0, -3.5, 3.5, 12, s
11, 13593, -4.0, 1.0, -3.5, 4.0, 12, s
11, 13594, -4.0, 1.0, -3.5, 4.5, 12, s
11, 13595, -4.0, 1.0, -3.5, 5.0, 12, s
11, 13596, -4.0, 1.0, -3.0, 0.0, 12, s
11, 13597, -4.0, 1.0, -3.0, 0.5, 12, s
11, 13598, -4.0, 1.0, -3.0, 1.0, 12, s
11, 13599, -4.0, 1.0, -3.0, 1.5, 12, s
11, 13600, -4.0, 1.0, -3.0, 2.0, 12, s
11, 13601, -4.0, 1.0, -3.0, 2.5, 12, s
11, 13602, -4.0, 1.0, -3.0, 3.0, 12, s
11, 13603, -4.0, 1.0, -3.0, 3.5, 12, s
11, 13604, -4.0, 1.0, -3.0, 4.0, 12, s
11, 13605, -4.0, 1.0, -3.0, 4.5, 12, s
11, 13606, -4.0, 1.0, -3.0, 5.0, 12, s
11, 13607, -4.0, 1.0, -2.5, 0.0, 12, s
11, 13608, -4.0, 1.0, -2.5, 0.5, 12, s
11, 13609, -4.0, 1.0, -2.5, 1.0, 12, s
11, 13610, -4.0, 1.0, -2.5, 1.5, 12, s
11, 13611, -4.0, 1.0, -2.5, 2.0, 12, s
11, 13612, -4.0, 1.0, -2.5, 2.5, 12, s
11, 13613, -4.0, 1.0, -2.5, 3.0, 12, s
11, 13614, -4.0, 1.0, -2.5, 3.5, 12, s
11, 13615, -4.0, 1.0, -2.5, 4.0, 12, s
11, 13616, -4.0, 1.0, -2.5, 4.5, 12, s
11, 13617, -4.0, 1.0, -2.5, 5.0, 12, s
11, 13618, -4.0, 1.0, -2.0, 0.0, 12, s
11, 13619, -4.0, 1.0, -2.0, 0.5, 12, s
11, 13620, -4.0, 1.0, -2.0, 1.0, 12, s
11, 13621, -4.0, 1.0, -2.0, 1.5, 12, s
11, 13622, -4.0, 1.0, -2.0, 2.0, 12, s
11, 13623, -4.0, 1.0, -2.0, 2.5, 12, s
11, 13624, -4.0, 1.0, -2.0, 3.0, 12, s
11, 13625, -4.0, 1.0, -2.0, 3.5, 12, s
11, 13626, -4.0, 1.0, -2.0, 4.0, 12, s
11, 13627, -4.0, 1.0, -2.0, 4.5, 12, s
11, 13628, -4.0, 1.0, -2.0, 5.0, 12, s
11, 13629, -4.0, 1.0, -1.5, 0.0, 12, s
11, 13630, -4.0, 1.0, -1.5, 0.5, 12, s
11, 13631, -4.0, 1.0, -1.5, 1.0, 12, s
11, 13632, -4.0, 1.0, -1.5, 1.5, 12, s
11, 13633, -4.0, 1.0, -1.5, 2.0, 12, s
11, 13634, -4.0, 1.0, -1.5, 2.5, 12, s
11, 13635, -4.0, 1.0, -1.5, 3.0, 12, s
11, 13636, -4.0, 1.0, -1.5, 3.5, 12, s
11, 13637, -4.0, 1.0, -1.5, 4.0, 12, s
11, 13638, -4.0, 1.0, -1.5, 4.5, 12, s
11, 13639, -4.0, 1.0, -1.5, 5.0, 12, s
11, 13640, -4.0, 1.0, -1.0, 0.0, 12, s
11, 13641, -4.0, 1.0, -1.0, 0.5, 12, s
11, 13642, -4.0, 1.0, -1.0, 1.0, 12, s
11, 13643, -4.0, 1.0, -1.0, 1.5, 12, s
11, 13644, -4.0, 1.0, -1.0, 2.0, 12, s
11, 13645, -4.0, 1.0, -1.0, 2.5, 12, s
11, 13646, -4.0, 1.0, -1.0, 3.0, 12, s
11, 13647, -4.0, 1.0, -1.0, 3.5, 12, s
11, 13648, -4.0, 1.0, -1.0, 4.0, 12, s
11, 13649, -4.0, 1.0, -1.0, 4.5, 12, s
11, 13650, -4.0, 1.0, -1.0, 5.0, 12, s
11, 13651, -4.0, 1.0, -0.5, 0.0, 12, s
11, 13652, -4.0, 1.0, -0.5, 0.5, 12, s
11, 13653, -4.0, 1.0, -0.5, 1.0, 12, s
11, 13654, -4.0, 1.0, -0.5, 1.5, 12, s
11, 13655, -4.0, 1.0, -0.5, 2.0, 12, s
11, 13656, -4.0, 1.0, -0.5, 2.5, 12, s
11, 13657, -4.0, 1.0, -0.5, 3.0, 12, s
11, 13658, -4.0, 1.0, -0.5, 3.5, 12, s
11, 13659, -4.0, 1.0, -0.5, 4.0, 12, s
11, 13660, -4.0, 1.0, -0.5, 4.5, 12, s
11, 13661, -4.0, 1.0, -0.5, 5.0, 12, s
11, 13662, -4.0, 1.0, 0.0, 0.0, 36, Character.MIN_SUPPLEMENTARY_CODE_POINT
11, 13663, -4.0, 1.0, 0.0, 0.5, 12, s
11, 13664, -4.0, 1.0, 0.0, 1.0, 12, s
11, 13665, -4.0, 1.0, 0.0, 1.5, 12, s
11, 13666, -4.0, 1.0, 0.0, 2.0, 12, s
11, 13667, -4.0, 1.0, 0.0, 2.5, 12, s
11, 13668, -4.0, 1.0, 0.0, 3.0, 12, s
11, 13669, -4.0, 1.0, 0.0, 3.5, 12, s
11, 13670, -4.0, 1.0, 0.0, 4.0, 12, s
11, 13671, -4.0, 1.0, 0.0, 4.5, 47, new Task11().repeatString(new Task11().repeatString(s))
11, 13672, -4.0, 1.0, 0.0, 5.0, 47, new Task11().repeatString(new Task11().repeatString(s))
11, 13673, -3.5, 1.0, -5.0, 0.0, 12, s
11, 13674, -3.5, 1.0, -5.0, 0.5, 12, s
11, 13675, -3.5, 1.0, -5.0, 1.0, 12, s
11, 13676, -3.5, 1.0, -5.0, 1.5, 12, s
11, 13677, -3.5, 1.0, -5.0, 2.0, 12, s
11, 13678, -3.5, 1.0, -5.0, 2.5, 12, s
11, 13679, -3.5, 1.0, -5.0, 3.0, 12, s
11, 13680, -3.5, 1.0, -5.0, 3.5, 12, s
11, 13681, -3.5, 1.0, -5.0, 4.0, 12, s
11, 13682, -3.5, 1.0, -5.0, 4.5, 12, s
11, 13683, -3.5, 1.0, -5.0, 5.0, 12, s
11, 13684, -3.5, 1.0, -4.5, 0.0, 12, s
11, 13685, -3.5, 1.0, -4.5, 0.5, 12, s
11, 13686, -3.5, 1.0, -4.5, 1.0, 12, s
11, 13687, -3.5, 1.0, -4.5, 1.5, 12, s
11, 13688, -3.5, 1.0, -4.5, 2.0, 12, s
11, 13689, -3.5, 1.0, -4.5, 2.5, 12, s
11, 13690, -3.5, 1.0, -4.5, 3.0, 12, s
11, 13691, -3.5, 1.0, -4.5, 3.5, 12, s
11, 13692, -3.5, 1.0, -4.5, 4.0, 12, s
11, 13693, -3.5, 1.0, -4.5, 4.5, 12, s
11, 13694, -3.5, 1.0, -4.5, 5.0, 12, s
11, 13695, -3.5, 1.0, -4.0, 0.0, 12, s
11, 13696, -3.5, 1.0, -4.0, 0.5, 12, s
11, 13697, -3.5, 1.0, -4.0, 1.0, 12, s
11, 13698, -3.5, 1.0, -4.0, 1.5, 12, s
11, 13699, -3.5, 1.0, -4.0, 2.0, 12, s
11, 13700, -3.5, 1.0, -4.0, 2.5, 12, s
11, 13701, -3.5, 1.0, -4.0, 3.0, 12, s
11, 13702, -3.5, 1.0, -4.0, 3.5, 12, s
11, 13703, -3.5, 1.0, -4.0, 4.0, 12, s
11, 13704, -3.5, 1.0, -4.0, 4.5, 12, s
11, 13705, -3.5, 1.0, -4.0, 5.0, 12, s
11, 13706, -3.5, 1.0, -3.5, 0.0, 12, s
11, 13707, -3.5, 1.0, -3.5, 0.5, 12, s
11, 13708, -3.5, 1.0, -3.5, 1.0, 12, s
11, 13709, -3.5, 1.0, -3.5, 1.5, 12, s
11, 13710, -3.5, 1.0, -3.5, 2.0, 12, s
11, 13711, -3.5, 1.0, -3.5, 2.5, 12, s
11, 13712, -3.5, 1.0, -3.5, 3.0, 12, s
11, 13713, -3.5, 1.0, -3.5, 3.5, 12, s
11, 13714, -3.5, 1.0, -3.5, 4.0, 12, s
11, 13715, -3.5, 1.0, -3.5, 4.5, 12, s
11, 13716, -3.5, 1.0, -3.5, 5.0, 12, s
11, 13717, -3.5, 1.0, -3.0, 0.0, 12, s
11, 13718, -3.5, 1.0, -3.0, 0.5, 12, s
11, 13719, -3.5, 1.0, -3.0, 1.0, 12, s
11, 13720, -3.5, 1.0, -3.0, 1.5, 12, s
11, 13721, -3.5, 1.0, -3.0, 2.0, 12, s
11, 13722, -3.5, 1.0, -3.0, 2.5, 12, s
11, 13723, -3.5, 1.0, -3.0, 3.0, 12, s
11, 13724, -3.5, 1.0, -3.0, 3.5, 12, s
11, 13725, -3.5, 1.0, -3.0, 4.0, 12, s
11, 13726, -3.5, 1.0, -3.0, 4.5, 12, s
11, 13727, -3.5, 1.0, -3.0, 5.0, 12, s
11, 13728, -3.5, 1.0, -2.5, 0.0, 12, s
11, 13729, -3.5, 1.0, -2.5, 0.5, 12, s
11, 13730, -3.5, 1.0, -2.5, 1.0, 12, s
11, 13731, -3.5, 1.0, -2.5, 1.5, 12, s
11, 13732, -3.5, 1.0, -2.5, 2.0, 12, s
11, 13733, -3.5, 1.0, -2.5, 2.5, 12, s
11, 13734, -3.5, 1.0, -2.5, 3.0, 12, s
11, 13735, -3.5, 1.0, -2.5, 3.5, 12, s
11, 13736, -3.5, 1.0, -2.5, 4.0, 12, s
11, 13737, -3.5, 1.0, -2.5, 4.5, 12, s
11, 13738, -3.5, 1.0, -2.5, 5.0, 12, s
11, 13739, -3.5, 1.0, -2.0, 0.0, 12, s
11, 13740, -3.5, 1.0, -2.0, 0.5, 12, s
11, 13741, -3.5, 1.0, -2.0, 1.0, 12, s
11, 13742, -3.5, 1.0, -2.0, 1.5, 12, s
11, 13743, -3.5, 1.0, -2.0, 2.0, 12, s
11, 13744, -3.5, 1.0, -2.0, 2.5, 12, s
11, 13745, -3.5, 1.0, -2.0, 3.0, 12, s
11, 13746, -3.5, 1.0, -2.0, 3.5, 12, s
11, 13747, -3.5, 1.0, -2.0, 4.0, 12, s
11, 13748, -3.5, 1.0, -2.0, 4.5, 12, s
11, 13749, -3.5, 1.0, -2.0, 5.0, 12, s
11, 13750, -3.5, 1.0, -1.5, 0.0, 12, s
11, 13751, -3.5, 1.0, -1.5, 0.5, 12, s
11, 13752, -3.5, 1.0, -1.5, 1.0, 12, s
11, 13753, -3.5, 1.0, -1.5, 1.5, 12, s
11, 13754, -3.5, 1.0, -1.5, 2.0, 12, s
11, 13755, -3.5, 1.0, -1.5, 2.5, 12, s
11, 13756, -3.5, 1.0, -1.5, 3.0, 12, s
11, 13757, -3.5, 1.0, -1.5, 3.5, 12, s
11, 13758, -3.5, 1.0, -1.5, 4.0, 12, s
11, 13759, -3.5, 1.0, -1.5, 4.5, 12, s
11, 13760, -3.5, 1.0, -1.5, 5.0, 12, s
11, 13761, -3.5, 1.0, -1.0, 0.0, 12, s
11, 13762, -3.5, 1.0, -1.0, 0.5, 12, s
11, 13763, -3.5, 1.0, -1.0, 1.0, 12, s
11, 13764, -3.5, 1.0, -1.0, 1.5, 12, s
11, 13765, -3.5, 1.0, -1.0, 2.0, 12, s
11, 13766, -3.5, 1.0, -1.0, 2.5, 12, s
11, 13767, -3.5, 1.0, -1.0, 3.0, 12, s
11, 13768, -3.5, 1.0, -1.0, 3.5, 12, s
11, 13769, -3.5, 1.0, -1.0, 4.0, 12, s
11, 13770, -3.5, 1.0, -1.0, 4.5, 12, s
11, 13771, -3.5, 1.0, -1.0, 5.0, 12, s
11, 13772, -3.5, 1.0, -0.5, 0.0, 12, s
11, 13773, -3.5, 1.0, -0.5, 0.5, 12, s
11, 13774, -3.5, 1.0, -0.5, 1.0, 12, s
11, 13775, -3.5, 1.0, -0.5, 1.5, 12, s
11, 13776, -3.5, 1.0, -0.5, 2.0, 12, s
11, 13777, -3.5, 1.0, -0.5, 2.5, 12, s
11, 13778, -3.5, 1.0, -0.5, 3.0, 12, s
11, 13779, -3.5, 1.0, -0.5, 3.5, 12, s
11, 13780, -3.5, 1.0, -0.5, 4.0, 12, s
11, 13781, -3.5, 1.0, -0.5, 4.5, 12, s
11, 13782, -3.5, 1.0, -0.5, 5.0, 47, new Task11().repeatString(new Task11().repeatString(s))
11, 13783, -3.5, 1.0, 0.0, 0.0, 36, Character.MIN_SUPPLEMENTARY_CODE_POINT
11, 13784, -3.5, 1.0, 0.0, 0.5, 12, s
11, 13785, -3.5, 1.0, 0.0, 1.0, 12, s
11, 13786, -3.5, 1.0, 0.0, 1.5, 12, s
11, 13787, -3.5, 1.0, 0.0, 2.0, 12, s
11, 13788, -3.5, 1.0, 0.0, 2.5, 12, s
11, 13789, -3.5, 1.0, 0.0, 3.0, 12, s
11, 13790, -3.5, 1.0, 0.0, 3.5, 12, s
11, 13791, -3.5, 1.0, 0.0, 4.0, 47, new Task11().repeatString(new Task11().repeatString(s))
11, 13792, -3.5, 1.0, 0.0, 4.5, 117, new StackTraceElement(new Task11().repeatString(s), new Task11().repeatString(s), new Task11().repeatString(s), thisManyTimes)
11, 13793, -3.5, 1.0, 0.0, 5.0, 395, new Task11().repeatString(s).regionMatches(thisManyTimes.regionMatches(s, thisManyTimes, thisManyTimes), Character.offsetByCodePoints(thisManyTimes, thisManyTimes, thisManyTimes, thisManyTimes), new Task11().repeatString(s), Character.offsetByCodePoints(thisManyTimes, thisManyTimes, thisManyTimes, thisManyTimes), Character.offsetByCodePoints(thisManyTimes, thisManyTimes, thisManyTimes, thisManyTimes))
11, 13794, -3.0, 1.0, -5.0, 0.0, 12, s
11, 13795, -3.0, 1.0, -5.0, 0.5, 12, s
11, 13796, -3.0, 1.0, -5.0, 1.0, 12, s
11, 13797, -3.0, 1.0, -5.0, 1.5, 12, s
11, 13798, -3.0, 1.0, -5.0, 2.0, 12, s
11, 13799, -3.0, 1.0, -5.0, 2.5, 12, s
11, 13800, -3.0, 1.0, -5.0, 3.0, 12, s
11, 13801, -3.0, 1.0, -5.0, 3.5, 12, s
11, 13802, -3.0, 1.0, -5.0, 4.0, 12, s
11, 13803, -3.0, 1.0, -5.0, 4.5, 0, buf.append(s)
11, 13804, -3.0, 1.0, -5.0, 5.0, 0, buf.append(s)
11, 13805, -3.0, 1.0, -4.5, 0.0, 12, s
11, 13806, -3.0, 1.0, -4.5, 0.5, 12, s
11, 13807, -3.0, 1.0, -4.5, 1.0, 12, s
11, 13808, -3.0, 1.0, -4.5, 1.5, 12, s
11, 13809, -3.0, 1.0, -4.5, 2.0, 12, s
11, 13810, -3.0, 1.0, -4.5, 2.5, 12, s
11, 13811, -3.0, 1.0, -4.5, 3.0, 12, s
11, 13812, -3.0, 1.0, -4.5, 3.5, 12, s
11, 13813, -3.0, 1.0, -4.5, 4.0, 12, s
11, 13814, -3.0, 1.0, -4.5, 4.5, 0, buf.append(s)
11, 13815, -3.0, 1.0, -4.5, 5.0, 0, buf.append(s)
11, 13816, -3.0, 1.0, -4.0, 0.0, 12, s
11, 13817, -3.0, 1.0, -4.0, 0.5, 12, s
11, 13818, -3.0, 1.0, -4.0, 1.0, 12, s
11, 13819, -3.0, 1.0, -4.0, 1.5, 12, s
11, 13820, -3.0, 1.0, -4.0, 2.0, 12, s
11, 13821, -3.0, 1.0, -4.0, 2.5, 12, s
11, 13822, -3.0, 1.0, -4.0, 3.0, 12, s
11, 13823, -3.0, 1.0, -4.0, 3.5, 12, s
11, 13824, -3.0, 1.0, -4.0, 4.0, 12, s
11, 13825, -3.0, 1.0, -4.0, 4.5, 0, buf.append(s)
11, 13826, -3.0, 1.0, -4.0, 5.0, 0, buf.append(s)
11, 13827, -3.0, 1.0, -3.5, 0.0, 12, s
11, 13828, -3.0, 1.0, -3.5, 0.5, 12, s
11, 13829, -3.0, 1.0, -3.5, 1.0, 12, s
11, 13830, -3.0, 1.0, -3.5, 1.5, 12, s
11, 13831, -3.0, 1.0, -3.5, 2.0, 12, s
11, 13832, -3.0, 1.0, -3.5, 2.5, 12, s
11, 13833, -3.0, 1.0, -3.5, 3.0, 12, s
11, 13834, -3.0, 1.0, -3.5, 3.5, 12, s
11, 13835, -3.0, 1.0, -3.5, 4.0, 12, s
11, 13836, -3.0, 1.0, -3.5, 4.5, 0, buf.append(s)
11, 13837, -3.0, 1.0, -3.5, 5.0, 0, buf.append(s)
11, 13838, -3.0, 1.0, -3.0, 0.0, 12, s
11, 13839, -3.0, 1.0, -3.0, 0.5, 12, s
11, 13840, -3.0, 1.0, -3.0, 1.0, 12, s
11, 13841, -3.0, 1.0, -3.0, 1.5, 12, s
11, 13842, -3.0, 1.0, -3.0, 2.0, 12, s
11, 13843, -3.0, 1.0, -3.0, 2.5, 12, s
11, 13844, -3.0, 1.0, -3.0, 3.0, 12, s
11, 13845, -3.0, 1.0, -3.0, 3.5, 12, s
11, 13846, -3.0, 1.0, -3.0, 4.0, 12, s
11, 13847, -3.0, 1.0, -3.0, 4.5, 0, buf.append(s)
11, 13848, -3.0, 1.0, -3.0, 5.0, 0, buf.append(s)
11, 13849, -3.0, 1.0, -2.5, 0.0, 12, s
11, 13850, -3.0, 1.0, -2.5, 0.5, 12, s
11, 13851, -3.0, 1.0, -2.5, 1.0, 12, s
11, 13852, -3.0, 1.0, -2.5, 1.5, 12, s
11, 13853, -3.0, 1.0, -2.5, 2.0, 12, s
11, 13854, -3.0, 1.0, -2.5, 2.5, 12, s
11, 13855, -3.0, 1.0, -2.5, 3.0, 12, s
11, 13856, -3.0, 1.0, -2.5, 3.5, 12, s
11, 13857, -3.0, 1.0, -2.5, 4.0, 12, s
11, 13858, -3.0, 1.0, -2.5, 4.5, 0, buf.append(s)
11, 13859, -3.0, 1.0, -2.5, 5.0, 0, buf.append(s)
11, 13860, -3.0, 1.0, -2.0, 0.0, 12, s
11, 13861, -3.0, 1.0, -2.0, 0.5, 12, s
11, 13862, -3.0, 1.0, -2.0, 1.0, 12, s
11, 13863, -3.0, 1.0, -2.0, 1.5, 12, s
11, 13864, -3.0, 1.0, -2.0, 2.0, 12, s
11, 13865, -3.0, 1.0, -2.0, 2.5, 12, s
11, 13866, -3.0, 1.0, -2.0, 3.0, 12, s
11, 13867, -3.0, 1.0, -2.0, 3.5, 12, s
11, 13868, -3.0, 1.0, -2.0, 4.0, 12, s
11, 13869, -3.0, 1.0, -2.0, 4.5, 0, buf.append(s)
11, 13870, -3.0, 1.0, -2.0, 5.0, 0, buf.append(s)
11, 13871, -3.0, 1.0, -1.5, 0.0, 12, s
11, 13872, -3.0, 1.0, -1.5, 0.5, 12, s
11, 13873, -3.0, 1.0, -1.5, 1.0, 12, s
11, 13874, -3.0, 1.0, -1.5, 1.5, 12, s
11, 13875, -3.0, 1.0, -1.5, 2.0, 12, s
11, 13876, -3.0, 1.0, -1.5, 2.5, 12, s
11, 13877, -3.0, 1.0, -1.5, 3.0, 12, s
11, 13878, -3.0, 1.0, -1.5, 3.5, 12, s
11, 13879, -3.0, 1.0, -1.5, 4.0, 12, s
11, 13880, -3.0, 1.0, -1.5, 4.5, 0, buf.append(s)
11, 13881, -3.0, 1.0, -1.5, 5.0, 0, buf.append(s)
11, 13882, -3.0, 1.0, -1.0, 0.0, 12, s
11, 13883, -3.0, 1.0, -1.0, 0.5, 12, s
11, 13884, -3.0, 1.0, -1.0, 1.0, 12, s
11, 13885, -3.0, 1.0, -1.0, 1.5, 12, s
11, 13886, -3.0, 1.0, -1.0, 2.0, 12, s
11, 13887, -3.0, 1.0, -1.0, 2.5, 12, s
11, 13888, -3.0, 1.0, -1.0, 3.0, 12, s
11, 13889, -3.0, 1.0, -1.0, 3.5, 12, s
11, 13890, -3.0, 1.0, -1.0, 4.0, 12, s
11, 13891, -3.0, 1.0, -1.0, 4.5, 0, buf.append(s)
11, 13892, -3.0, 1.0, -1.0, 5.0, 0, buf.append(s)
11, 13893, -3.0, 1.0, -0.5, 0.0, 12, s
11, 13894, -3.0, 1.0, -0.5, 0.5, 12, s
11, 13895, -3.0, 1.0, -0.5, 1.0, 12, s
11, 13896, -3.0, 1.0, -0.5, 1.5, 12, s
11, 13897, -3.0, 1.0, -0.5, 2.0, 12, s
11, 13898, -3.0, 1.0, -0.5, 2.5, 12, s
11, 13899, -3.0, 1.0, -0.5, 3.0, 12, s
11, 13900, -3.0, 1.0, -0.5, 3.5, 12, s
11, 13901, -3.0, 1.0, -0.5, 4.0, 12, s
11, 13902, -3.0, 1.0, -0.5, 4.5, 47, new Task11().repeatString(new Task11().repeatString(s))
11, 13903, -3.0, 1.0, -0.5, 5.0, 87, new Task11().repeatString(s).replace(new Task11().repeatString(s), new Task11().repeatString(s))
11, 13904, -3.0, 1.0, 0.0, 0.0, 36, Character.MIN_SUPPLEMENTARY_CODE_POINT
11, 13905, -3.0, 1.0, 0.0, 0.5, 12, s
11, 13906, -3.0, 1.0, 0.0, 1.0, 12, s
11, 13907, -3.0, 1.0, 0.0, 1.5, 12, s
11, 13908, -3.0, 1.0, 0.0, 2.0, 12, s
11, 13909, -3.0, 1.0, 0.0, 2.5, 12, s
11, 13910, -3.0, 1.0, 0.0, 3.0, 12, s
11, 13911, -3.0, 1.0, 0.0, 3.5, 47, new Task11().repeatString(new Task11().repeatString(s))
11, 13912, -3.0, 1.0, 0.0, 4.0, 171, new Task11().repeatString(s).regionMatches(thisManyTimes.regionMatches(s, thisManyTimes, thisManyTimes), thisManyTimes, new Task11().repeatString(s), thisManyTimes, thisManyTimes)
11, 13913, -3.0, 1.0, 0.0, 4.5, 395, new Task11().repeatString(s).regionMatches(thisManyTimes.regionMatches(s, thisManyTimes, thisManyTimes), Character.offsetByCodePoints(thisManyTimes, thisManyTimes, thisManyTimes, thisManyTimes), new Task11().repeatString(s), Character.offsetByCodePoints(thisManyTimes, thisManyTimes, thisManyTimes, thisManyTimes), Character.offsetByCodePoints(thisManyTimes, thisManyTimes, thisManyTimes, thisManyTimes))
11, 13914, -3.0, 1.0, 0.0, 5.0, 395, new Task11().repeatString(s).regionMatches(thisManyTimes.regionMatches(s, thisManyTimes, thisManyTimes), Character.offsetByCodePoints(thisManyTimes, thisManyTimes, thisManyTimes, thisManyTimes), new Task11().repeatString(s), Character.offsetByCodePoints(thisManyTimes, thisManyTimes, thisManyTimes, thisManyTimes), Character.offsetByCodePoints(thisManyTimes, thisManyTimes, thisManyTimes, thisManyTimes))
11, 13915, -2.5, 1.0, -5.0, 0.0, 12, s
11, 13916, -2.5, 1.0, -5.0, 0.5, 12, s
11, 13917, -2.5, 1.0, -5.0, 1.0, 12, s
11, 13918, -2.5, 1.0, -5.0, 1.5, 12, s
11, 13919, -2.5, 1.0, -5.0, 2.0, 12, s
11, 13920, -2.5, 1.0, -5.0, 2.5, 12, s
11, 13921, -2.5, 1.0, -5.0, 3.0, 12, s
11, 13922, -2.5, 1.0, -5.0, 3.5, 0, buf.append(s)
11, 13923, -2.5, 1.0, -5.0, 4.0, 0, buf.append(s)
11, 13924, -2.5, 1.0, -5.0, 4.5, 10, buf.append(s).append(s)
11, 13925, -2.5, 1.0, -5.0, 5.0, 10, buf.append(s).append(s)
11, 13926, -2.5, 1.0, -4.5, 0.0, 12, s
11, 13927, -2.5, 1.0, -4.5, 0.5, 12, s
11, 13928, -2.5, 1.0, -4.5, 1.0, 12, s
11, 13929, -2.5, 1.0, -4.5, 1.5, 12, s
11, 13930, -2.5, 1.0, -4.5, 2.0, 12, s
11, 13931, -2.5, 1.0, -4.5, 2.5, 12, s
11, 13932, -2.5, 1.0, -4.5, 3.0, 12, s
11, 13933, -2.5, 1.0, -4.5, 3.5, 0, buf.append(s)
11, 13934, -2.5, 1.0, -4.5, 4.0, 0, buf.append(s)
11, 13935, -2.5, 1.0, -4.5, 4.5, 10, buf.append(s).append(s)
11, 13936, -2.5, 1.0, -4.5, 5.0, 10, buf.append(s).append(s)
11, 13937, -2.5, 1.0, -4.0, 0.0, 12, s
11, 13938, -2.5, 1.0, -4.0, 0.5, 12, s
11, 13939, -2.5, 1.0, -4.0, 1.0, 12, s
11, 13940, -2.5, 1.0, -4.0, 1.5, 12, s
11, 13941, -2.5, 1.0, -4.0, 2.0, 12, s
11, 13942, -2.5, 1.0, -4.0, 2.5, 12, s
11, 13943, -2.5, 1.0, -4.0, 3.0, 12, s
11, 13944, -2.5, 1.0, -4.0, 3.5, 0, buf.append(s)
11, 13945, -2.5, 1.0, -4.0, 4.0, 0, buf.append(s)
11, 13946, -2.5, 1.0, -4.0, 4.5, 10, buf.append(s).append(s)
11, 13947, -2.5, 1.0, -4.0, 5.0, 10, buf.append(s).append(s)
11, 13948, -2.5, 1.0, -3.5, 0.0, 12, s
11, 13949, -2.5, 1.0, -3.5, 0.5, 12, s
11, 13950, -2.5, 1.0, -3.5, 1.0, 12, s
11, 13951, -2.5, 1.0, -3.5, 1.5, 12, s
11, 13952, -2.5, 1.0, -3.5, 2.0, 12, s
11, 13953, -2.5, 1.0, -3.5, 2.5, 12, s
11, 13954, -2.5, 1.0, -3.5, 3.0, 12, s
11, 13955, -2.5, 1.0, -3.5, 3.5, 0, buf.append(s)
11, 13956, -2.5, 1.0, -3.5, 4.0, 0, buf.append(s)
11, 13957, -2.5, 1.0, -3.5, 4.5, 10, buf.append(s).append(s)
11, 13958, -2.5, 1.0, -3.5, 5.0, 10, buf.append(s).append(s)
11, 13959, -2.5, 1.0, -3.0, 0.0, 12, s
11, 13960, -2.5, 1.0, -3.0, 0.5, 12, s
11, 13961, -2.5, 1.0, -3.0, 1.0, 12, s
11, 13962, -2.5, 1.0, -3.0, 1.5, 12, s
11, 13963, -2.5, 1.0, -3.0, 2.0, 12, s
11, 13964, -2.5, 1.0, -3.0, 2.5, 12, s
11, 13965, -2.5, 1.0, -3.0, 3.0, 12, s
11, 13966, -2.5, 1.0, -3.0, 3.5, 0, buf.append(s)
11, 13967, -2.5, 1.0, -3.0, 4.0, 0, buf.append(s)
11, 13968, -2.5, 1.0, -3.0, 4.5, 10, buf.append(s).append(s)
11, 13969, -2.5, 1.0, -3.0, 5.0, 10, buf.append(s).append(s)
11, 13970, -2.5, 1.0, -2.5, 0.0, 12, s
11, 13971, -2.5, 1.0, -2.5, 0.5, 12, s
11, 13972, -2.5, 1.0, -2.5, 1.0, 12, s
11, 13973, -2.5, 1.0, -2.5, 1.5, 12, s
11, 13974, -2.5, 1.0, -2.5, 2.0, 12, s
11, 13975, -2.5, 1.0, -2.5, 2.5, 12, s
11, 13976, -2.5, 1.0, -2.5, 3.0, 12, s
11, 13977, -2.5, 1.0, -2.5, 3.5, 0, buf.append(s)
11, 13978, -2.5, 1.0, -2.5, 4.0, 0, buf.append(s)
11, 13979, -2.5, 1.0, -2.5, 4.5, 10, buf.append(s).append(s)
11, 13980, -2.5, 1.0, -2.5, 5.0, 10, buf.append(s).append(s)
11, 13981, -2.5, 1.0, -2.0, 0.0, 12, s
11, 13982, -2.5, 1.0, -2.0, 0.5, 12, s
11, 13983, -2.5, 1.0, -2.0, 1.0, 12, s
11, 13984, -2.5, 1.0, -2.0, 1.5, 12, s
11, 13985, -2.5, 1.0, -2.0, 2.0, 12, s
11, 13986, -2.5, 1.0, -2.0, 2.5, 12, s
11, 13987, -2.5, 1.0, -2.0, 3.0, 12, s
11, 13988, -2.5, 1.0, -2.0, 3.5, 0, buf.append(s)
11, 13989, -2.5, 1.0, -2.0, 4.0, 0, buf.append(s)
11, 13990, -2.5, 1.0, -2.0, 4.5, 10, buf.append(s).append(s)
11, 13991, -2.5, 1.0, -2.0, 5.0, 10, buf.append(s).append(s)
11, 13992, -2.5, 1.0, -1.5, 0.0, 12, s
11, 13993, -2.5, 1.0, -1.5, 0.5, 12, s
11, 13994, -2.5, 1.0, -1.5, 1.0, 12, s
11, 13995, -2.5, 1.0, -1.5, 1.5, 12, s
11, 13996, -2.5, 1.0, -1.5, 2.0, 12, s
11, 13997, -2.5, 1.0, -1.5, 2.5, 12, s
11, 13998, -2.5, 1.0, -1.5, 3.0, 12, s
11, 13999, -2.5, 1.0, -1.5, 3.5, 0, buf.append(s)
11, 14000, -2.5, 1.0, -1.5, 4.0, 0, buf.append(s)
11, 14001, -2.5, 1.0, -1.5, 4.5, 10, buf.append(s).append(s)
11, 14002, -2.5, 1.0, -1.5, 5.0, 10, buf.append(s).append(s)
11, 14003, -2.5, 1.0, -1.0, 0.0, 12, s
11, 14004, -2.5, 1.0, -1.0, 0.5, 12, s
11, 14005, -2.5, 1.0, -1.0, 1.0, 12, s
11, 14006, -2.5, 1.0, -1.0, 1.5, 12, s
11, 14007, -2.5, 1.0, -1.0, 2.0, 12, s
11, 14008, -2.5, 1.0, -1.0, 2.5, 12, s
11, 14009, -2.5, 1.0, -1.0, 3.0, 12, s
11, 14010, -2.5, 1.0, -1.0, 3.5, 0, buf.append(s)
11, 14011, -2.5, 1.0, -1.0, 4.0, 0, buf.append(s)
11, 14012, -2.5, 1.0, -1.0, 4.5, 10, buf.append(s).append(s)
11, 14013, -2.5, 1.0, -1.0, 5.0, 68, new Task11().repeatString(s).replace(buf.append(s), new Task11().repeatString(s))
11, 14014, -2.5, 1.0, -0.5, 0.0, 12, s
11, 14015, -2.5, 1.0, -0.5, 0.5, 12, s
11, 14016, -2.5, 1.0, -0.5, 1.0, 12, s
11, 14017, -2.5, 1.0, -0.5, 1.5, 12, s
11, 14018, -2.5, 1.0, -0.5, 2.0, 12, s
11, 14019, -2.5, 1.0, -0.5, 2.5, 12, s
11, 14020, -2.5, 1.0, -0.5, 3.0, 12, s
11, 14021, -2.5, 1.0, -0.5, 3.5, 0, buf.append(s)
11, 14022, -2.5, 1.0, -0.5, 4.0, 61, new Task11().repeatString(s).replace(buf, new Task11().repeatString(s))
11, 14023, -2.5, 1.0, -0.5, 4.5, 98, new Task11().repeatString(s).replace(buf.append(s, thisManyTimes, thisManyTimes), new Task11().repeatString(s))
11, 14024, -2.5, 1.0, -0.5, 5.0, 98, new Task11().repeatString(s).replace(buf.append(s, thisManyTimes, thisManyTimes), new Task11().repeatString(s))
11, 14025, -2.5, 1.0, 0.0, 0.0, 36, Character.MIN_SUPPLEMENTARY_CODE_POINT
11, 14026, -2.5, 1.0, 0.0, 0.5, 12, s
11, 14027, -2.5, 1.0, 0.0, 1.0, 12, s
11, 14028, -2.5, 1.0, 0.0, 1.5, 12, s
11, 14029, -2.5, 1.0, 0.0, 2.0, 12, s
11, 14030, -2.5, 1.0, 0.0, 2.5, 12, s
11, 14031, -2.5, 1.0, 0.0, 3.0, 47, new Task11().repeatString(new Task11().repeatString(s))
11, 14032, -2.5, 1.0, 0.0, 3.5, 395, new Task11().repeatString(s).regionMatches(thisManyTimes.regionMatches(s, thisManyTimes, thisManyTimes), Character.offsetByCodePoints(thisManyTimes, thisManyTimes, thisManyTimes, thisManyTimes), new Task11().repeatString(s), Character.offsetByCodePoints(thisManyTimes, thisManyTimes, thisManyTimes, thisManyTimes), Character.offsetByCodePoints(thisManyTimes, thisManyTimes, thisManyTimes, thisManyTimes))
11, 14033, -2.5, 1.0, 0.0, 4.0, 395, new Task11().repeatString(s).regionMatches(thisManyTimes.regionMatches(s, thisManyTimes, thisManyTimes), Character.offsetByCodePoints(thisManyTimes, thisManyTimes, thisManyTimes, thisManyTimes), new Task11().repeatString(s), Character.offsetByCodePoints(thisManyTimes, thisManyTimes, thisManyTimes, thisManyTimes), Character.offsetByCodePoints(thisManyTimes, thisManyTimes, thisManyTimes, thisManyTimes))
11, 14034, -2.5, 1.0, 0.0, 4.5, 398, new Task11().repeatString(s).regionMatches(s.regionMatches(thisManyTimes, s, thisManyTimes, thisManyTimes), Character.offsetByCodePoints(thisManyTimes, thisManyTimes, thisManyTimes, thisManyTimes), new Task11().repeatString(s), Character.offsetByCodePoints(thisManyTimes, thisManyTimes, thisManyTimes, thisManyTimes), Character.offsetByCodePoints(thisManyTimes, thisManyTimes, thisManyTimes, thisManyTimes))
11, 14035, -2.5, 1.0, 0.0, 5.0, 398, new Task11().repeatString(s).regionMatches(s.regionMatches(thisManyTimes, s, thisManyTimes, thisManyTimes), Character.offsetByCodePoints(thisManyTimes, thisManyTimes, thisManyTimes, thisManyTimes), new Task11().repeatString(s), Character.offsetByCodePoints(thisManyTimes, thisManyTimes, thisManyTimes, thisManyTimes), Character.offsetByCodePoints(thisManyTimes, thisManyTimes, thisManyTimes, thisManyTimes))
11, 14036, -2.0, 1.0, -5.0, 0.0, 12, s
11, 14037, -2.0, 1.0, -5.0, 0.5, 12, s
11, 14038, -2.0, 1.0, -5.0, 1.0, 12, s
11, 14039, -2.0, 1.0, -5.0, 1.5, 12, s
11, 14040, -2.0, 1.0, -5.0, 2.0, 12, s
11, 14041, -2.0, 1.0, -5.0, 2.5, 0, buf.append(s)
11, 14042, -2.0, 1.0, -5.0, 3.0, 0, buf.append(s)
11, 14043, -2.0, 1.0, -5.0, 3.5, 10, buf.append(s).append(s)
11, 14044, -2.0, 1.0, -5.0, 4.0, 10, buf.append(s).append(s)
11, 14045, -2.0, 1.0, -5.0, 4.5, 22, buf.append(s).append(buf.append(s))
11, 14046, -2.0, 1.0, -5.0, 5.0, 22, buf.append(s).append(buf.append(s))
11, 14047, -2.0, 1.0, -4.5, 0.0, 12, s
11, 14048, -2.0, 1.0, -4.5, 0.5, 12, s
11, 14049, -2.0, 1.0, -4.5, 1.0, 12, s
11, 14050, -2.0, 1.0, -4.5, 1.5, 12, s
11, 14051, -2.0, 1.0, -4.5, 2.0, 12, s
11, 14052, -2.0, 1.0, -4.5, 2.5, 0, buf.append(s)
11, 14053, -2.0, 1.0, -4.5, 3.0, 0, buf.append(s)
11, 14054, -2.0, 1.0, -4.5, 3.5, 10, buf.append(s).append(s)
11, 14055, -2.0, 1.0, -4.5, 4.0, 10, buf.append(s).append(s)
11, 14056, -2.0, 1.0, -4.5, 4.5, 22, buf.append(s).append(buf.append(s))
11, 14057, -2.0, 1.0, -4.5, 5.0, 22, buf.append(s).append(buf.append(s))
11, 14058, -2.0, 1.0, -4.0, 0.0, 12, s
11, 14059, -2.0, 1.0, -4.0, 0.5, 12, s
11, 14060, -2.0, 1.0, -4.0, 1.0, 12, s
11, 14061, -2.0, 1.0, -4.0, 1.5, 12, s
11, 14062, -2.0, 1.0, -4.0, 2.0, 12, s
11, 14063, -2.0, 1.0, -4.0, 2.5, 0, buf.append(s)
11, 14064, -2.0, 1.0, -4.0, 3.0, 0, buf.append(s)
11, 14065, -2.0, 1.0, -4.0, 3.5, 10, buf.append(s).append(s)
11, 14066, -2.0, 1.0, -4.0, 4.0, 10, buf.append(s).append(s)
11, 14067, -2.0, 1.0, -4.0, 4.5, 22, buf.append(s).append(buf.append(s))
11, 14068, -2.0, 1.0, -4.0, 5.0, 22, buf.append(s).append(buf.append(s))
11, 14069, -2.0, 1.0, -3.5, 0.0, 12, s
11, 14070, -2.0, 1.0, -3.5, 0.5, 12, s
11, 14071, -2.0, 1.0, -3.5, 1.0, 12, s
11, 14072, -2.0, 1.0, -3.5, 1.5, 12, s
11, 14073, -2.0, 1.0, -3.5, 2.0, 12, s
11, 14074, -2.0, 1.0, -3.5, 2.5, 0, buf.append(s)
11, 14075, -2.0, 1.0, -3.5, 3.0, 0, buf.append(s)
11, 14076, -2.0, 1.0, -3.5, 3.5, 10, buf.append(s).append(s)
11, 14077, -2.0, 1.0, -3.5, 4.0, 10, buf.append(s).append(s)
11, 14078, -2.0, 1.0, -3.5, 4.5, 22, buf.append(s).append(buf.append(s))
11, 14079, -2.0, 1.0, -3.5, 5.0, 22, buf.append(s).append(buf.append(s))
11, 14080, -2.0, 1.0, -3.0, 0.0, 12, s
11, 14081, -2.0, 1.0, -3.0, 0.5, 12, s
11, 14082, -2.0, 1.0, -3.0, 1.0, 12, s
11, 14083, -2.0, 1.0, -3.0, 1.5, 12, s
11, 14084, -2.0, 1.0, -3.0, 2.0, 12, s
11, 14085, -2.0, 1.0, -3.0, 2.5, 0, buf.append(s)
11, 14086, -2.0, 1.0, -3.0, 3.0, 0, buf.append(s)
11, 14087, -2.0, 1.0, -3.0, 3.5, 10, buf.append(s).append(s)
11, 14088, -2.0, 1.0, -3.0, 4.0, 10, buf.append(s).append(s)
11, 14089, -2.0, 1.0, -3.0, 4.5, 22, buf.append(s).append(buf.append(s))
11, 14090, -2.0, 1.0, -3.0, 5.0, 22, buf.append(s).append(buf.append(s))
11, 14091, -2.0, 1.0, -2.5, 0.0, 12, s
11, 14092, -2.0, 1.0, -2.5, 0.5, 12, s
11, 14093, -2.0, 1.0, -2.5, 1.0, 12, s
11, 14094, -2.0, 1.0, -2.5, 1.5, 12, s
11, 14095, -2.0, 1.0, -2.5, 2.0, 12, s
11, 14096, -2.0, 1.0, -2.5, 2.5, 0, buf.append(s)
11, 14097, -2.0, 1.0, -2.5, 3.0, 0, buf.append(s)
11, 14098, -2.0, 1.0, -2.5, 3.5, 10, buf.append(s).append(s)
11, 14099, -2.0, 1.0, -2.5, 4.0, 10, buf.append(s).append(s)
11, 14100, -2.0, 1.0, -2.5, 4.5, 22, buf.append(s).append(buf.append(s))
11, 14101, -2.0, 1.0, -2.5, 5.0, 22, buf.append(s).append(buf.append(s))
11, 14102, -2.0, 1.0, -2.0, 0.0, 12, s
11, 14103, -2.0, 1.0, -2.0, 0.5, 12, s
11, 14104, -2.0, 1.0, -2.0, 1.0, 12, s
11, 14105, -2.0, 1.0, -2.0, 1.5, 12, s
11, 14106, -2.0, 1.0, -2.0, 2.0, 12, s
11, 14107, -2.0, 1.0, -2.0, 2.5, 0, buf.append(s)
11, 14108, -2.0, 1.0, -2.0, 3.0, 0, buf.append(s)
11, 14109, -2.0, 1.0, -2.0, 3.5, 10, buf.append(s).append(s)
11, 14110, -2.0, 1.0, -2.0, 4.0, 10, buf.append(s).append(s)
11, 14111, -2.0, 1.0, -2.0, 4.5, 22, buf.append(s).append(buf.append(s))
11, 14112, -2.0, 1.0, -2.0, 5.0, 22, buf.append(s).append(buf.append(s))
11, 14113, -2.0, 1.0, -1.5, 0.0, 12, s
11, 14114, -2.0, 1.0, -1.5, 0.5, 12, s
11, 14115, -2.0, 1.0, -1.5, 1.0, 12, s
11, 14116, -2.0, 1.0, -1.5, 1.5, 12, s
11, 14117, -2.0, 1.0, -1.5, 2.0, 12, s
11, 14118, -2.0, 1.0, -1.5, 2.5, 0, buf.append(s)
11, 14119, -2.0, 1.0, -1.5, 3.0, 0, buf.append(s)
11, 14120, -2.0, 1.0, -1.5, 3.5, 10, buf.append(s).append(s)
11, 14121, -2.0, 1.0, -1.5, 4.0, 10, buf.append(s).append(s)
11, 14122, -2.0, 1.0, -1.5, 4.5, 22, buf.append(s).append(buf.append(s))
11, 14123, -2.0, 1.0, -1.5, 5.0, 53, s.replace(buf, s).replace(s.replace(buf, s), s.replace(buf, s))
11, 14124, -2.0, 1.0, -1.0, 0.0, 12, s
11, 14125, -2.0, 1.0, -1.0, 0.5, 12, s
11, 14126, -2.0, 1.0, -1.0, 1.0, 12, s
11, 14127, -2.0, 1.0, -1.0, 1.5, 12, s
11, 14128, -2.0, 1.0, -1.0, 2.0, 12, s
11, 14129, -2.0, 1.0, -1.0, 2.5, 0, buf.append(s)
11, 14130, -2.0, 1.0, -1.0, 3.0, 0, buf.append(s)
11, 14131, -2.0, 1.0, -1.0, 3.5, 10, buf.append(s).append(s)
11, 14132, -2.0, 1.0, -1.0, 4.0, 10, buf.append(s).append(s)
11, 14133, -2.0, 1.0, -1.0, 4.5, 53, s.replace(buf, s).replace(s.replace(buf, s), s.replace(buf, s))
11, 14134, -2.0, 1.0, -1.0, 5.0, 53, s.replace(buf, s).replace(s.replace(buf, s), s.replace(buf, s))
11, 14135, -2.0, 1.0, -0.5, 0.0, 12, s
11, 14136, -2.0, 1.0, -0.5, 0.5, 12, s
11, 14137, -2.0, 1.0, -0.5, 1.0, 12, s
11, 14138, -2.0, 1.0, -0.5, 1.5, 12, s
11, 14139, -2.0, 1.0, -0.5, 2.0, 12, s
11, 14140, -2.0, 1.0, -0.5, 2.5, 0, buf.append(s)
11, 14141, -2.0, 1.0, -0.5, 3.0, 0, buf.append(s)
11, 14142, -2.0, 1.0, -0.5, 3.5, 68, new Task11().repeatString(s).replace(buf.append(s), new Task11().repeatString(s))
11, 14143, -2.0, 1.0, -0.5, 4.0, 87, s.replace(buf, s).replace(buf.append(s, thisManyTimes, thisManyTimes), new Task11().repeatString(s))
11, 14144, -2.0, 1.0, -0.5, 4.5, 207, s.replace(buf, s).regionMatches(s.regionMatches(thisManyTimes, s, thisManyTimes, thisManyTimes), buf.indexOf(s, thisManyTimes), new Task11().repeatString(s), buf.indexOf(s, thisManyTimes), buf.indexOf(s, thisManyTimes))
11, 14145, -2.0, 1.0, -0.5, 5.0, 207, s.replace(buf, s).regionMatches(s.regionMatches(thisManyTimes, s, thisManyTimes, thisManyTimes), buf.indexOf(s, thisManyTimes), new Task11().repeatString(s), buf.indexOf(s, thisManyTimes), buf.indexOf(s, thisManyTimes))
11, 14146, -2.0, 1.0, 0.0, 0.0, 36, Character.MIN_SUPPLEMENTARY_CODE_POINT
11, 14147, -2.0, 1.0, 0.0, 0.5, 12, s
11, 14148, -2.0, 1.0, 0.0, 1.0, 12, s
11, 14149, -2.0, 1.0, 0.0, 1.5, 12, s
11, 14150, -2.0, 1.0, 0.0, 2.0, 12, s
11, 14151, -2.0, 1.0, 0.0, 2.5, 98, new Task11().repeatString(s).replace(buf.append(s, thisManyTimes, thisManyTimes), new Task11().repeatString(s))
11, 14152, -2.0, 1.0, 0.0, 3.0, 395, new Task11().repeatString(s).regionMatches(thisManyTimes.regionMatches(s, thisManyTimes, thisManyTimes), Character.offsetByCodePoints(thisManyTimes, thisManyTimes, thisManyTimes, thisManyTimes), new Task11().repeatString(s), Character.offsetByCodePoints(thisManyTimes, thisManyTimes, thisManyTimes, thisManyTimes), Character.offsetByCodePoints(thisManyTimes, thisManyTimes, thisManyTimes, thisManyTimes))
11, 14153, -2.0, 1.0, 0.0, 3.5, 398, new Task11().repeatString(s).regionMatches(s.regionMatches(thisManyTimes, s, thisManyTimes, thisManyTimes), Character.offsetByCodePoints(thisManyTimes, thisManyTimes, thisManyTimes, thisManyTimes), new Task11().repeatString(s), Character.offsetByCodePoints(thisManyTimes, thisManyTimes, thisManyTimes, thisManyTimes), Character.offsetByCodePoints(thisManyTimes, thisManyTimes, thisManyTimes, thisManyTimes))
11, 14154, -2.0, 1.0, 0.0, 4.0, 398, new Task11().repeatString(s).regionMatches(s.regionMatches(thisManyTimes, s, thisManyTimes, thisManyTimes), Character.offsetByCodePoints(thisManyTimes, thisManyTimes, thisManyTimes, thisManyTimes), new Task11().repeatString(s), Character.offsetByCodePoints(thisManyTimes, thisManyTimes, thisManyTimes, thisManyTimes), Character.offsetByCodePoints(thisManyTimes, thisManyTimes, thisManyTimes, thisManyTimes))
11, 14155, -2.0, 1.0, 0.0, 4.5, 398, new Task11().repeatString(s).regionMatches(s.regionMatches(thisManyTimes, s, thisManyTimes, thisManyTimes), Character.offsetByCodePoints(thisManyTimes, thisManyTimes, thisManyTimes, thisManyTimes), new Task11().repeatString(s), Character.offsetByCodePoints(thisManyTimes, thisManyTimes, thisManyTimes, thisManyTimes), Character.offsetByCodePoints(thisManyTimes, thisManyTimes, thisManyTimes, thisManyTimes))
11, 14156, -2.0, 1.0, 0.0, 5.0, 398, new Task11().repeatString(s).regionMatches(s.regionMatches(thisManyTimes, s, thisManyTimes, thisManyTimes), Character.offsetByCodePoints(thisManyTimes, thisManyTimes, thisManyTimes, thisManyTimes), new Task11().repeatString(s), Character.offsetByCodePoints(thisManyTimes, thisManyTimes, thisManyTimes, thisManyTimes), Character.offsetByCodePoints(thisManyTimes, thisManyTimes, thisManyTimes, thisManyTimes))
11, 14157, -1.5, 1.0, -5.0, 0.0, 12, s
11, 14158, -1.5, 1.0, -5.0, 0.5, 12, s
11, 14159, -1.5, 1.0, -5.0, 1.0, 12, s
11, 14160, -1.5, 1.0, -5.0, 1.5, 0, buf.append(s)
11, 14161, -1.5, 1.0, -5.0, 2.0, 0, buf.append(s)
11, 14162, -1.5, 1.0, -5.0, 2.5, 10, buf.append(s).append(s)
11, 14163, -1.5, 1.0, -5.0, 3.0, 10, buf.append(s).append(s)
11, 14164, -1.5, 1.0, -5.0, 3.5, 22, buf.append(s).append(buf.append(s))
11, 14165, -1.5, 1.0, -5.0, 4.0, 22, buf.append(s).append(buf.append(s))
11, 14166, -1.5, 1.0, -5.0, 4.5, 22, buf.append(s).append(buf.append(s))
11, 14167, -1.5, 1.0, -5.0, 5.0, 22, buf.append(s).append(buf.append(s))
11, 14168, -1.5, 1.0, -4.5, 0.0, 12, s
11, 14169, -1.5, 1.0, -4.5, 0.5, 12, s
11, 14170, -1.5, 1.0, -4.5, 1.0, 12, s
11, 14171, -1.5, 1.0, -4.5, 1.5, 0, buf.append(s)
11, 14172, -1.5, 1.0, -4.5, 2.0, 0, buf.append(s)
11, 14173, -1.5, 1.0, -4.5, 2.5, 10, buf.append(s).append(s)
11, 14174, -1.5, 1.0, -4.5, 3.0, 10, buf.append(s).append(s)
11, 14175, -1.5, 1.0, -4.5, 3.5, 22, buf.append(s).append(buf.append(s))
11, 14176, -1.5, 1.0, -4.5, 4.0, 22, buf.append(s).append(buf.append(s))
11, 14177, -1.5, 1.0, -4.5, 4.5, 22, buf.append(s).append(buf.append(s))
11, 14178, -1.5, 1.0, -4.5, 5.0, 22, buf.append(s).append(buf.append(s))
11, 14179, -1.5, 1.0, -4.0, 0.0, 12, s
11, 14180, -1.5, 1.0, -4.0, 0.5, 12, s
11, 14181, -1.5, 1.0, -4.0, 1.0, 12, s
11, 14182, -1.5, 1.0, -4.0, 1.5, 0, buf.append(s)
11, 14183, -1.5, 1.0, -4.0, 2.0, 0, buf.append(s)
11, 14184, -1.5, 1.0, -4.0, 2.5, 10, buf.append(s).append(s)
11, 14185, -1.5, 1.0, -4.0, 3.0, 10, buf.append(s).append(s)
11, 14186, -1.5, 1.0, -4.0, 3.5, 22, buf.append(s).append(buf.append(s))
11, 14187, -1.5, 1.0, -4.0, 4.0, 22, buf.append(s).append(buf.append(s))
11, 14188, -1.5, 1.0, -4.0, 4.5, 22, buf.append(s).append(buf.append(s))
11, 14189, -1.5, 1.0, -4.0, 5.0, 22, buf.append(s).append(buf.append(s))
11, 14190, -1.5, 1.0, -3.5, 0.0, 12, s
11, 14191, -1.5, 1.0, -3.5, 0.5, 12, s
11, 14192, -1.5, 1.0, -3.5, 1.0, 12, s
11, 14193, -1.5, 1.0, -3.5, 1.5, 0, buf.append(s)
11, 14194, -1.5, 1.0, -3.5, 2.0, 0, buf.append(s)
11, 14195, -1.5, 1.0, -3.5, 2.5, 10, buf.append(s).append(s)
11, 14196, -1.5, 1.0, -3.5, 3.0, 10, buf.append(s).append(s)
11, 14197, -1.5, 1.0, -3.5, 3.5, 22, buf.append(s).append(buf.append(s))
11, 14198, -1.5, 1.0, -3.5, 4.0, 22, buf.append(s).append(buf.append(s))
11, 14199, -1.5, 1.0, -3.5, 4.5, 22, buf.append(s).append(buf.append(s))
11, 14200, -1.5, 1.0, -3.5, 5.0, 22, buf.append(s).append(buf.append(s))
11, 14201, -1.5, 1.0, -3.0, 0.0, 12, s
11, 14202, -1.5, 1.0, -3.0, 0.5, 12, s
11, 14203, -1.5, 1.0, -3.0, 1.0, 12, s
11, 14204, -1.5, 1.0, -3.0, 1.5, 0, buf.append(s)
11, 14205, -1.5, 1.0, -3.0, 2.0, 0, buf.append(s)
11, 14206, -1.5, 1.0, -3.0, 2.5, 10, buf.append(s).append(s)
11, 14207, -1.5, 1.0, -3.0, 3.0, 10, buf.append(s).append(s)
11, 14208, -1.5, 1.0, -3.0, 3.5, 22, buf.append(s).append(buf.append(s))
11, 14209, -1.5, 1.0, -3.0, 4.0, 22, buf.append(s).append(buf.append(s))
11, 14210, -1.5, 1.0, -3.0, 4.5, 22, buf.append(s).append(buf.append(s))
11, 14211, -1.5, 1.0, -3.0, 5.0, 22, buf.append(s).append(buf.append(s))
11, 14212, -1.5, 1.0, -2.5, 0.0, 12, s
11, 14213, -1.5, 1.0, -2.5, 0.5, 12, s
11, 14214, -1.5, 1.0, -2.5, 1.0, 12, s
11, 14215, -1.5, 1.0, -2.5, 1.5, 0, buf.append(s)
11, 14216, -1.5, 1.0, -2.5, 2.0, 0, buf.append(s)
11, 14217, -1.5, 1.0, -2.5, 2.5, 10, buf.append(s).append(s)
11, 14218, -1.5, 1.0, -2.5, 3.0, 10, buf.append(s).append(s)
11, 14219, -1.5, 1.0, -2.5, 3.5, 22, buf.append(s).append(buf.append(s))
11, 14220, -1.5, 1.0, -2.5, 4.0, 22, buf.append(s).append(buf.append(s))
11, 14221, -1.5, 1.0, -2.5, 4.5, 22, buf.append(s).append(buf.append(s))
11, 14222, -1.5, 1.0, -2.5, 5.0, 46, s.replace(buf, s).replace(buf.append(s), s.replace(buf, s))
11, 14223, -1.5, 1.0, -2.0, 0.0, 12, s
11, 14224, -1.5, 1.0, -2.0, 0.5, 12, s
11, 14225, -1.5, 1.0, -2.0, 1.0, 12, s
11, 14226, -1.5, 1.0, -2.0, 1.5, 0, buf.append(s)
11, 14227, -1.5, 1.0, -2.0, 2.0, 0, buf.append(s)
11, 14228, -1.5, 1.0, -2.0, 2.5, 10, buf.append(s).append(s)
11, 14229, -1.5, 1.0, -2.0, 3.0, 10, buf.append(s).append(s)
11, 14230, -1.5, 1.0, -2.0, 3.5, 22, buf.append(s).append(buf.append(s))
11, 14231, -1.5, 1.0, -2.0, 4.0, 22, buf.append(s).append(buf.append(s))
11, 14232, -1.5, 1.0, -2.0, 4.5, 46, s.replace(buf, s).replace(buf.append(s), s.replace(buf, s))
11, 14233, -1.5, 1.0, -2.0, 5.0, 53, s.replace(buf, s).replace(s.replace(buf, s), s.replace(buf, s))
11, 14234, -1.5, 1.0, -1.5, 0.0, 12, s
11, 14235, -1.5, 1.0, -1.5, 0.5, 12, s
11, 14236, -1.5, 1.0, -1.5, 1.0, 12, s
11, 14237, -1.5, 1.0, -1.5, 1.5, 0, buf.append(s)
11, 14238, -1.5, 1.0, -1.5, 2.0, 0, buf.append(s)
11, 14239, -1.5, 1.0, -1.5, 2.5, 10, buf.append(s).append(s)
11, 14240, -1.5, 1.0, -1.5, 3.0, 10, buf.append(s).append(s)
11, 14241, -1.5, 1.0, -1.5, 3.5, 22, buf.append(s).append(buf.append(s))
11, 14242, -1.5, 1.0, -1.5, 4.0, 46, s.replace(buf, s).replace(buf.append(s), s.replace(buf, s))
11, 14243, -1.5, 1.0, -1.5, 4.5, 53, s.replace(buf, s).replace(s.replace(buf, s), s.replace(buf, s))
11, 14244, -1.5, 1.0, -1.5, 5.0, 53, s.replace(buf, s).replace(s.replace(buf, s), s.replace(buf, s))
11, 14245, -1.5, 1.0, -1.0, 0.0, 12, s
11, 14246, -1.5, 1.0, -1.0, 0.5, 12, s
11, 14247, -1.5, 1.0, -1.0, 1.0, 12, s
11, 14248, -1.5, 1.0, -1.0, 1.5, 0, buf.append(s)
11, 14249, -1.5, 1.0, -1.0, 2.0, 0, buf.append(s)
11, 14250, -1.5, 1.0, -1.0, 2.5, 10, buf.append(s).append(s)
11, 14251, -1.5, 1.0, -1.0, 3.0, 10, buf.append(s).append(s)
11, 14252, -1.5, 1.0, -1.0, 3.5, 46, s.replace(buf, s).replace(buf.append(s), s.replace(buf, s))
11, 14253, -1.5, 1.0, -1.0, 4.0, 53, s.replace(buf, s).replace(s.replace(buf, s), s.replace(buf, s))
11, 14254, -1.5, 1.0, -1.0, 4.5, 146, s.replace(buf, s).regionMatches(buf.equals(s), buf.indexOf(s, thisManyTimes), s.replace(buf, s), buf.indexOf(s, thisManyTimes), buf.indexOf(s, thisManyTimes))
11, 14255, -1.5, 1.0, -1.0, 5.0, 196, s.replace(buf, s).regionMatches(s.regionMatches(thisManyTimes, s, thisManyTimes, thisManyTimes), buf.indexOf(s, thisManyTimes), s.replace(buf, s), buf.indexOf(s, thisManyTimes), buf.indexOf(s, thisManyTimes))
11, 14256, -1.5, 1.0, -0.5, 0.0, 12, s
11, 14257, -1.5, 1.0, -0.5, 0.5, 12, s
11, 14258, -1.5, 1.0, -0.5, 1.0, 12, s
11, 14259, -1.5, 1.0, -0.5, 1.5, 0, buf.append(s)
11, 14260, -1.5, 1.0, -0.5, 2.0, 0, buf.append(s)
11, 14261, -1.5, 1.0, -0.5, 2.5, 10, buf.append(s).append(s)
11, 14262, -1.5, 1.0, -0.5, 3.0, 46, s.replace(buf, s).replace(buf.append(s), s.replace(buf, s))
11, 14263, -1.5, 1.0, -0.5, 3.5, 196, s.replace(buf, s).regionMatches(s.regionMatches(thisManyTimes, s, thisManyTimes, thisManyTimes), buf.indexOf(s, thisManyTimes), s.replace(buf, s), buf.indexOf(s, thisManyTimes), buf.indexOf(s, thisManyTimes))
11, 14264, -1.5, 1.0, -0.5, 4.0, 196, s.replace(buf, s).regionMatches(s.regionMatches(thisManyTimes, s, thisManyTimes, thisManyTimes), buf.indexOf(s, thisManyTimes), s.replace(buf, s), buf.indexOf(s, thisManyTimes), buf.indexOf(s, thisManyTimes))
11, 14265, -1.5, 1.0, -0.5, 4.5, 196, s.replace(buf, s).regionMatches(s.regionMatches(thisManyTimes, s, thisManyTimes, thisManyTimes), buf.indexOf(s, thisManyTimes), s.replace(buf, s), buf.indexOf(s, thisManyTimes), buf.indexOf(s, thisManyTimes))
11, 14266, -1.5, 1.0, -0.5, 5.0, 196, s.replace(buf, s).regionMatches(s.regionMatches(thisManyTimes, s, thisManyTimes, thisManyTimes), buf.indexOf(s, thisManyTimes), s.replace(buf, s), buf.indexOf(s, thisManyTimes), buf.indexOf(s, thisManyTimes))
11, 14267, -1.5, 1.0, 0.0, 0.0, 36, Character.MIN_SUPPLEMENTARY_CODE_POINT
11, 14268, -1.5, 1.0, 0.0, 0.5, 12, s
11, 14269, -1.5, 1.0, 0.0, 1.0, 12, s
11, 14270, -1.5, 1.0, 0.0, 1.5, 0, buf.append(s)
11, 14271, -1.5, 1.0, 0.0, 2.0, 98, new Task11().repeatString(s).replace(buf.append(s, thisManyTimes, thisManyTimes), new Task11().repeatString(s))
11, 14272, -1.5, 1.0, 0.0, 2.5, 340, new Task11().repeatString(s).regionMatches(s.regionMatches(thisManyTimes, s, thisManyTimes, thisManyTimes), buf.lastIndexOf(s, thisManyTimes), new Task11().repeatString(s), Character.offsetByCodePoints(thisManyTimes, thisManyTimes, thisManyTimes, thisManyTimes), Character.offsetByCodePoints(thisManyTimes, thisManyTimes, thisManyTimes, thisManyTimes))
11, 14273, -1.5, 1.0, 0.0, 3.0, 398, new Task11().repeatString(s).regionMatches(s.regionMatches(thisManyTimes, s, thisManyTimes, thisManyTimes), Character.offsetByCodePoints(thisManyTimes, thisManyTimes, thisManyTimes, thisManyTimes), new Task11().repeatString(s), Character.offsetByCodePoints(thisManyTimes, thisManyTimes, thisManyTimes, thisManyTimes), Character.offsetByCodePoints(thisManyTimes, thisManyTimes, thisManyTimes, thisManyTimes))
11, 14274, -1.5, 1.0, 0.0, 3.5, 398, new Task11().repeatString(s).regionMatches(s.regionMatches(thisManyTimes, s, thisManyTimes, thisManyTimes), Character.offsetByCodePoints(thisManyTimes, thisManyTimes, thisManyTimes, thisManyTimes), new Task11().repeatString(s), Character.offsetByCodePoints(thisManyTimes, thisManyTimes, thisManyTimes, thisManyTimes), Character.offsetByCodePoints(thisManyTimes, thisManyTimes, thisManyTimes, thisManyTimes))
11, 14275, -1.5, 1.0, 0.0, 4.0, 398, new Task11().repeatString(s).regionMatches(s.regionMatches(thisManyTimes, s, thisManyTimes, thisManyTimes), Character.offsetByCodePoints(thisManyTimes, thisManyTimes, thisManyTimes, thisManyTimes), new Task11().repeatString(s), Character.offsetByCodePoints(thisManyTimes, thisManyTimes, thisManyTimes, thisManyTimes), Character.offsetByCodePoints(thisManyTimes, thisManyTimes, thisManyTimes, thisManyTimes))
11, 14276, -1.5, 1.0, 0.0, 4.5, 398, new Task11().repeatString(s).regionMatches(s.regionMatches(thisManyTimes, s, thisManyTimes, thisManyTimes), Character.offsetByCodePoints(thisManyTimes, thisManyTimes, thisManyTimes, thisManyTimes), new Task11().repeatString(s), Character.offsetByCodePoints(thisManyTimes, thisManyTimes, thisManyTimes, thisManyTimes), Character.offsetByCodePoints(thisManyTimes, thisManyTimes, thisManyTimes, thisManyTimes))
11, 14277, -1.5, 1.0, 0.0, 5.0, 398, new Task11().repeatString(s).regionMatches(s.regionMatches(thisManyTimes, s, thisManyTimes, thisManyTimes), Character.offsetByCodePoints(thisManyTimes, thisManyTimes, thisManyTimes, thisManyTimes), new Task11().repeatString(s), Character.offsetByCodePoints(thisManyTimes, thisManyTimes, thisManyTimes, thisManyTimes), Character.offsetByCodePoints(thisManyTimes, thisManyTimes, thisManyTimes, thisManyTimes))
11, 14278, -1.0, 1.0, -5.0, 0.0, 12, s
11, 14279, -1.0, 1.0, -5.0, 0.5, 0, buf.append(s)
11, 14280, -1.0, 1.0, -5.0, 1.0, 0, buf.append(s)
11, 14281, -1.0, 1.0, -5.0, 1.5, 10, buf.append(s).append(s)
11, 14282, -1.0, 1.0, -5.0, 2.0, 10, buf.append(s).append(s)
11, 14283, -1.0, 1.0, -5.0, 2.5, 22, buf.append(s).append(buf.append(s))
11, 14284, -1.0, 1.0, -5.0, 3.0, 22, buf.append(s).append(buf.append(s))
11, 14285, -1.0, 1.0, -5.0, 3.5, 22, buf.append(s).append(buf.append(s))
11, 14286, -1.0, 1.0, -5.0, 4.0, 22, buf.append(s).append(buf.append(s))
11, 14287, -1.0, 1.0, -5.0, 4.5, 22, buf.append(s).append(buf.append(s))
11, 14288, -1.0, 1.0, -5.0, 5.0, 22, buf.append(s).append(buf.append(s))
11, 14289, -1.0, 1.0, -4.5, 0.0, 12, s
11, 14290, -1.0, 1.0, -4.5, 0.5, 0, buf.append(s)
11, 14291, -1.0, 1.0, -4.5, 1.0, 0, buf.append(s)
11, 14292, -1.0, 1.0, -4.5, 1.5, 10, buf.append(s).append(s)
11, 14293, -1.0, 1.0, -4.5, 2.0, 10, buf.append(s).append(s)
11, 14294, -1.0, 1.0, -4.5, 2.5, 22, buf.append(s).append(buf.append(s))
11, 14295, -1.0, 1.0, -4.5, 3.0, 22, buf.append(s).append(buf.append(s))
11, 14296, -1.0, 1.0, -4.5, 3.5, 22, buf.append(s).append(buf.append(s))
11, 14297, -1.0, 1.0, -4.5, 4.0, 22, buf.append(s).append(buf.append(s))
11, 14298, -1.0, 1.0, -4.5, 4.5, 22, buf.append(s).append(buf.append(s))
11, 14299, -1.0, 1.0, -4.5, 5.0, 22, buf.append(s).append(buf.append(s))
11, 14300, -1.0, 1.0, -4.0, 0.0, 12, s
11, 14301, -1.0, 1.0, -4.0, 0.5, 0, buf.append(s)
11, 14302, -1.0, 1.0, -4.0, 1.0, 0, buf.append(s)
11, 14303, -1.0, 1.0, -4.0, 1.5, 10, buf.append(s).append(s)
11, 14304, -1.0, 1.0, -4.0, 2.0, 10, buf.append(s).append(s)
11, 14305, -1.0, 1.0, -4.0, 2.5, 22, buf.append(s).append(buf.append(s))
11, 14306, -1.0, 1.0, -4.0, 3.0, 22, buf.append(s).append(buf.append(s))
11, 14307, -1.0, 1.0, -4.0, 3.5, 22, buf.append(s).append(buf.append(s))
11, 14308, -1.0, 1.0, -4.0, 4.0, 22, buf.append(s).append(buf.append(s))
11, 14309, -1.0, 1.0, -4.0, 4.5, 22, buf.append(s).append(buf.append(s))
11, 14310, -1.0, 1.0, -4.0, 5.0, 22, buf.append(s).append(buf.append(s))
11, 14311, -1.0, 1.0, -3.5, 0.0, 12, s
11, 14312, -1.0, 1.0, -3.5, 0.5, 0, buf.append(s)
11, 14313, -1.0, 1.0, -3.5, 1.0, 0, buf.append(s)
11, 14314, -1.0, 1.0, -3.5, 1.5, 10, buf.append(s).append(s)
11, 14315, -1.0, 1.0, -3.5, 2.0, 10, buf.append(s).append(s)
11, 14316, -1.0, 1.0, -3.5, 2.5, 22, buf.append(s).append(buf.append(s))
11, 14317, -1.0, 1.0, -3.5, 3.0, 22, buf.append(s).append(buf.append(s))
11, 14318, -1.0, 1.0, -3.5, 3.5, 22, buf.append(s).append(buf.append(s))
11, 14319, -1.0, 1.0, -3.5, 4.0, 22, buf.append(s).append(buf.append(s))
11, 14320, -1.0, 1.0, -3.5, 4.5, 22, buf.append(s).append(buf.append(s))
11, 14321, -1.0, 1.0, -3.5, 5.0, 46, s.replace(buf, s).replace(buf.append(s), s.replace(buf, s))
11, 14322, -1.0, 1.0, -3.0, 0.0, 12, s
11, 14323, -1.0, 1.0, -3.0, 0.5, 0, buf.append(s)
11, 14324, -1.0, 1.0, -3.0, 1.0, 0, buf.append(s)
11, 14325, -1.0, 1.0, -3.0, 1.5, 10, buf.append(s).append(s)
11, 14326, -1.0, 1.0, -3.0, 2.0, 10, buf.append(s).append(s)
11, 14327, -1.0, 1.0, -3.0, 2.5, 22, buf.append(s).append(buf.append(s))
11, 14328, -1.0, 1.0, -3.0, 3.0, 22, buf.append(s).append(buf.append(s))
11, 14329, -1.0, 1.0, -3.0, 3.5, 22, buf.append(s).append(buf.append(s))
11, 14330, -1.0, 1.0, -3.0, 4.0, 22, buf.append(s).append(buf.append(s))
11, 14331, -1.0, 1.0, -3.0, 4.5, 46, s.replace(buf, s).replace(buf.append(s), s.replace(buf, s))
11, 14332, -1.0, 1.0, -3.0, 5.0, 46, s.replace(buf, s).replace(buf.append(s), s.replace(buf, s))
11, 14333, -1.0, 1.0, -2.5, 0.0, 12, s
11, 14334, -1.0, 1.0, -2.5, 0.5, 0, buf.append(s)
11, 14335, -1.0, 1.0, -2.5, 1.0, 0, buf.append(s)
11, 14336, -1.0, 1.0, -2.5, 1.5, 10, buf.append(s).append(s)
11, 14337, -1.0, 1.0, -2.5, 2.0, 10, buf.append(s).append(s)
11, 14338, -1.0, 1.0, -2.5, 2.5, 22, buf.append(s).append(buf.append(s))
11, 14339, -1.0, 1.0, -2.5, 3.0, 22, buf.append(s).append(buf.append(s))
11, 14340, -1.0, 1.0, -2.5, 3.5, 22, buf.append(s).append(buf.append(s))
11, 14341, -1.0, 1.0, -2.5, 4.0, 46, s.replace(buf, s).replace(buf.append(s), s.replace(buf, s))
11, 14342, -1.0, 1.0, -2.5, 4.5, 46, s.replace(buf, s).replace(buf.append(s), s.replace(buf, s))
11, 14343, -1.0, 1.0, -2.5, 5.0, 53, s.replace(buf, s).replace(s.replace(buf, s), s.replace(buf, s))
11, 14344, -1.0, 1.0, -2.0, 0.0, 12, s
11, 14345, -1.0, 1.0, -2.0, 0.5, 0, buf.append(s)
11, 14346, -1.0, 1.0, -2.0, 1.0, 0, buf.append(s)
11, 14347, -1.0, 1.0, -2.0, 1.5, 10, buf.append(s).append(s)
11, 14348, -1.0, 1.0, -2.0, 2.0, 10, buf.append(s).append(s)
11, 14349, -1.0, 1.0, -2.0, 2.5, 22, buf.append(s).append(buf.append(s))
11, 14350, -1.0, 1.0, -2.0, 3.0, 22, buf.append(s).append(buf.append(s))
11, 14351, -1.0, 1.0, -2.0, 3.5, 46, s.replace(buf, s).replace(buf.append(s), s.replace(buf, s))
11, 14352, -1.0, 1.0, -2.0, 4.0, 46, s.replace(buf, s).replace(buf.append(s), s.replace(buf, s))
11, 14353, -1.0, 1.0, -2.0, 4.5, 53, s.replace(buf, s).replace(s.replace(buf, s), s.replace(buf, s))
11, 14354, -1.0, 1.0, -2.0, 5.0, 53, s.replace(buf, s).replace(s.replace(buf, s), s.replace(buf, s))
11, 14355, -1.0, 1.0, -1.5, 0.0, 12, s
11, 14356, -1.0, 1.0, -1.5, 0.5, 0, buf.append(s)
11, 14357, -1.0, 1.0, -1.5, 1.0, 0, buf.append(s)
11, 14358, -1.0, 1.0, -1.5, 1.5, 10, buf.append(s).append(s)
11, 14359, -1.0, 1.0, -1.5, 2.0, 10, buf.append(s).append(s)
11, 14360, -1.0, 1.0, -1.5, 2.5, 22, buf.append(s).append(buf.append(s))
11, 14361, -1.0, 1.0, -1.5, 3.0, 46, s.replace(buf, s).replace(buf.append(s), s.replace(buf, s))
11, 14362, -1.0, 1.0, -1.5, 3.5, 46, s.replace(buf, s).replace(buf.append(s), s.replace(buf, s))
11, 14363, -1.0, 1.0, -1.5, 4.0, 53, s.replace(buf, s).replace(s.replace(buf, s), s.replace(buf, s))
11, 14364, -1.0, 1.0, -1.5, 4.5, 101, s.replace(buf, s).regionMatches(buf.equals(s), buf.indexOf(s), s.replace(buf, s), buf.indexOf(s), buf.indexOf(s))
11, 14365, -1.0, 1.0, -1.5, 5.0, 101, s.replace(buf, s).regionMatches(buf.equals(s), buf.indexOf(s), s.replace(buf, s), buf.indexOf(s), buf.indexOf(s))
11, 14366, -1.0, 1.0, -1.0, 0.0, 12, s
11, 14367, -1.0, 1.0, -1.0, 0.5, 0, buf.append(s)
11, 14368, -1.0, 1.0, -1.0, 1.0, 0, buf.append(s)
11, 14369, -1.0, 1.0, -1.0, 1.5, 10, buf.append(s).append(s)
11, 14370, -1.0, 1.0, -1.0, 2.0, 10, buf.append(s).append(s)
11, 14371, -1.0, 1.0, -1.0, 2.5, 46, s.replace(buf, s).replace(buf.append(s), s.replace(buf, s))
11, 14372, -1.0, 1.0, -1.0, 3.0, 46, s.replace(buf, s).replace(buf.append(s), s.replace(buf, s))
11, 14373, -1.0, 1.0, -1.0, 3.5, 101, s.replace(buf, s).regionMatches(buf.equals(s), buf.indexOf(s), s.replace(buf, s), buf.indexOf(s), buf.indexOf(s))
11, 14374, -1.0, 1.0, -1.0, 4.0, 146, s.replace(buf, s).regionMatches(buf.equals(s), buf.indexOf(s, thisManyTimes), s.replace(buf, s), buf.indexOf(s, thisManyTimes), buf.indexOf(s, thisManyTimes))
11, 14375, -1.0, 1.0, -1.0, 4.5, 196, s.replace(buf, s).regionMatches(s.regionMatches(thisManyTimes, s, thisManyTimes, thisManyTimes), buf.indexOf(s, thisManyTimes), s.replace(buf, s), buf.indexOf(s, thisManyTimes), buf.indexOf(s, thisManyTimes))
11, 14376, -1.0, 1.0, -1.0, 5.0, 196, s.replace(buf, s).regionMatches(s.regionMatches(thisManyTimes, s, thisManyTimes, thisManyTimes), buf.indexOf(s, thisManyTimes), s.replace(buf, s), buf.indexOf(s, thisManyTimes), buf.indexOf(s, thisManyTimes))
11, 14377, -1.0, 1.0, -0.5, 0.0, 12, s
11, 14378, -1.0, 1.0, -0.5, 0.5, 0, buf.append(s)
11, 14379, -1.0, 1.0, -0.5, 1.0, 0, buf.append(s)
11, 14380, -1.0, 1.0, -0.5, 1.5, 10, buf.append(s).append(s)
11, 14381, -1.0, 1.0, -0.5, 2.0, 46, s.replace(buf, s).replace(buf.append(s), s.replace(buf, s))
11, 14382, -1.0, 1.0, -0.5, 2.5, 146, s.replace(buf, s).regionMatches(buf.equals(s), buf.indexOf(s, thisManyTimes), s.replace(buf, s), buf.indexOf(s, thisManyTimes), buf.indexOf(s, thisManyTimes))
11, 14383, -1.0, 1.0, -0.5, 3.0, 196, s.replace(buf, s).regionMatches(s.regionMatches(thisManyTimes, s, thisManyTimes, thisManyTimes), buf.indexOf(s, thisManyTimes), s.replace(buf, s), buf.indexOf(s, thisManyTimes), buf.indexOf(s, thisManyTimes))
11, 14384, -1.0, 1.0, -0.5, 3.5, 196, s.replace(buf, s).regionMatches(s.regionMatches(thisManyTimes, s, thisManyTimes, thisManyTimes), buf.indexOf(s, thisManyTimes), s.replace(buf, s), buf.indexOf(s, thisManyTimes), buf.indexOf(s, thisManyTimes))
11, 14385, -1.0, 1.0, -0.5, 4.0, 196, s.replace(buf, s).regionMatches(s.regionMatches(thisManyTimes, s, thisManyTimes, thisManyTimes), buf.indexOf(s, thisManyTimes), s.replace(buf, s), buf.indexOf(s, thisManyTimes), buf.indexOf(s, thisManyTimes))
11, 14386, -1.0, 1.0, -0.5, 4.5, 196, s.replace(buf, s).regionMatches(s.regionMatches(thisManyTimes, s, thisManyTimes, thisManyTimes), buf.indexOf(s, thisManyTimes), s.replace(buf, s), buf.indexOf(s, thisManyTimes), buf.indexOf(s, thisManyTimes))
11, 14387, -1.0, 1.0, -0.5, 5.0, 196, s.replace(buf, s).regionMatches(s.regionMatches(thisManyTimes, s, thisManyTimes, thisManyTimes), buf.indexOf(s, thisManyTimes), s.replace(buf, s), buf.indexOf(s, thisManyTimes), buf.indexOf(s, thisManyTimes))
11, 14388, -1.0, 1.0, 0.0, 0.0, 36, Character.MIN_SUPPLEMENTARY_CODE_POINT
11, 14389, -1.0, 1.0, 0.0, 0.5, 0, buf.append(s)
11, 14390, -1.0, 1.0, 0.0, 1.0, 0, buf.append(s)
11, 14391, -1.0, 1.0, 0.0, 1.5, 340, new Task11().repeatString(s).regionMatches(s.regionMatches(thisManyTimes, s, thisManyTimes, thisManyTimes), buf.lastIndexOf(s, thisManyTimes), new Task11().repeatString(s), Character.offsetByCodePoints(thisManyTimes, thisManyTimes, thisManyTimes, thisManyTimes), Character.offsetByCodePoints(thisManyTimes, thisManyTimes, thisManyTimes, thisManyTimes))
11, 14392, -1.0, 1.0, 0.0, 2.0, 340, new Task11().repeatString(s).regionMatches(s.regionMatches(thisManyTimes, s, thisManyTimes, thisManyTimes), buf.lastIndexOf(s, thisManyTimes), new Task11().repeatString(s), Character.offsetByCodePoints(thisManyTimes, thisManyTimes, thisManyTimes, thisManyTimes), Character.offsetByCodePoints(thisManyTimes, thisManyTimes, thisManyTimes, thisManyTimes))
11, 14393, -1.0, 1.0, 0.0, 2.5, 398, new Task11().repeatString(s).regionMatches(s.regionMatches(thisManyTimes, s, thisManyTimes, thisManyTimes), Character.offsetByCodePoints(thisManyTimes, thisManyTimes, thisManyTimes, thisManyTimes), new Task11().repeatString(s), Character.offsetByCodePoints(thisManyTimes, thisManyTimes, thisManyTimes, thisManyTimes), Character.offsetByCodePoints(thisManyTimes, thisManyTimes, thisManyTimes, thisManyTimes))
11, 14394, -1.0, 1.0, 0.0, 3.0, 398, new Task11().repeatString(s).regionMatches(s.regionMatches(thisManyTimes, s, thisManyTimes, thisManyTimes), Character.offsetByCodePoints(thisManyTimes, thisManyTimes, thisManyTimes, thisManyTimes), new Task11().repeatString(s), Character.offsetByCodePoints(thisManyTimes, thisManyTimes, thisManyTimes, thisManyTimes), Character.offsetByCodePoints(thisManyTimes, thisManyTimes, thisManyTimes, thisManyTimes))
11, 14395, -1.0, 1.0, 0.0, 3.5, 398, new Task11().repeatString(s).regionMatches(s.regionMatches(thisManyTimes, s, thisManyTimes, thisManyTimes), Character.offsetByCodePoints(thisManyTimes, thisManyTimes, thisManyTimes, thisManyTimes), new Task11().repeatString(s), Character.offsetByCodePoints(thisManyTimes, thisManyTimes, thisManyTimes, thisManyTimes), Character.offsetByCodePoints(thisManyTimes, thisManyTimes, thisManyTimes, thisManyTimes))
11, 14396, -1.0, 1.0, 0.0, 4.0, 398, new Task11().repeatString(s).regionMatches(s.regionMatches(thisManyTimes, s, thisManyTimes, thisManyTimes), Character.offsetByCodePoints(thisManyTimes, thisManyTimes, thisManyTimes, thisManyTimes), new Task11().repeatString(s), Character.offsetByCodePoints(thisManyTimes, thisManyTimes, thisManyTimes, thisManyTimes), Character.offsetByCodePoints(thisManyTimes, thisManyTimes, thisManyTimes, thisManyTimes))
11, 14397, -1.0, 1.0, 0.0, 4.5, 398, new Task11().repeatString(s).regionMatches(s.regionMatches(thisManyTimes, s, thisManyTimes, thisManyTimes), Character.offsetByCodePoints(thisManyTimes, thisManyTimes, thisManyTimes, thisManyTimes), new Task11().repeatString(s), Character.offsetByCodePoints(thisManyTimes, thisManyTimes, thisManyTimes, thisManyTimes), Character.offsetByCodePoints(thisManyTimes, thisManyTimes, thisManyTimes, thisManyTimes))
11, 14398, -1.0, 1.0, 0.0, 5.0, 398, new Task11().repeatString(s).regionMatches(s.regionMatches(thisManyTimes, s, thisManyTimes, thisManyTimes), Character.offsetByCodePoints(thisManyTimes, thisManyTimes, thisManyTimes, thisManyTimes), new Task11().repeatString(s), Character.offsetByCodePoints(thisManyTimes, thisManyTimes, thisManyTimes, thisManyTimes), Character.offsetByCodePoints(thisManyTimes, thisManyTimes, thisManyTimes, thisManyTimes))
11, 14399, -0.5, 1.0, -5.0, 0.0, 0, buf.append(s)
11, 14400, -0.5, 1.0, -5.0, 0.5, 9, buf.append().append(s)
11, 14401, -0.5, 1.0, -5.0, 1.0, 10, buf.append(s).append(s)
11, 14402, -0.5, 1.0, -5.0, 1.5, 22, buf.append(s).append(buf.append(s))
11, 14403, -0.5, 1.0, -5.0, 2.0, 22, buf.append(s).append(buf.append(s))
11, 14404, -0.5, 1.0, -5.0, 2.5, 22, buf.append(s).append(buf.append(s))
11, 14405, -0.5, 1.0, -5.0, 3.0, 22, buf.append(s).append(buf.append(s))
11, 14406, -0.5, 1.0, -5.0, 3.5, 22, buf.append(s).append(buf.append(s))
11, 14407, -0.5, 1.0, -5.0, 4.0, 22, buf.append(s).append(buf.append(s))
11, 14408, -0.5, 1.0, -5.0, 4.5, 22, buf.append(s).append(buf.append(s))
11, 14409, -0.5, 1.0, -5.0, 5.0, 22, buf.append(s).append(buf.append(s))
11, 14410, -0.5, 1.0, -4.5, 0.0, 0, buf.append(s)
11, 14411, -0.5, 1.0, -4.5, 0.5, 9, buf.append().append(s)
11, 14412, -0.5, 1.0, -4.5, 1.0, 10, buf.append(s).append(s)
11, 14413, -0.5, 1.0, -4.5, 1.5, 22, buf.append(s).append(buf.append(s))
11, 14414, -0.5, 1.0, -4.5, 2.0, 22, buf.append(s).append(buf.append(s))
11, 14415, -0.5, 1.0, -4.5, 2.5, 22, buf.append(s).append(buf.append(s))
11, 14416, -0.5, 1.0, -4.5, 3.0, 22, buf.append(s).append(buf.append(s))
11, 14417, -0.5, 1.0, -4.5, 3.5, 22, buf.append(s).append(buf.append(s))
11, 14418, -0.5, 1.0, -4.5, 4.0, 22, buf.append(s).append(buf.append(s))
11, 14419, -0.5, 1.0, -4.5, 4.5, 22, buf.append(s).append(buf.append(s))
11, 14420, -0.5, 1.0, -4.5, 5.0, 42, s.replace(buf, s).replace(buf.append(s), buf.append(s))
11, 14421, -0.5, 1.0, -4.0, 0.0, 0, buf.append(s)
11, 14422, -0.5, 1.0, -4.0, 0.5, 9, buf.append().append(s)
11, 14423, -0.5, 1.0, -4.0, 1.0, 10, buf.append(s).append(s)
11, 14424, -0.5, 1.0, -4.0, 1.5, 22, buf.append(s).append(buf.append(s))
11, 14425, -0.5, 1.0, -4.0, 2.0, 22, buf.append(s).append(buf.append(s))
11, 14426, -0.5, 1.0, -4.0, 2.5, 22, buf.append(s).append(buf.append(s))
11, 14427, -0.5, 1.0, -4.0, 3.0, 22, buf.append(s).append(buf.append(s))
11, 14428, -0.5, 1.0, -4.0, 3.5, 22, buf.append(s).append(buf.append(s))
11, 14429, -0.5, 1.0, -4.0, 4.0, 22, buf.append(s).append(buf.append(s))
11, 14430, -0.5, 1.0, -4.0, 4.5, 42, s.replace(buf, s).replace(buf.append(s), buf.append(s))
11, 14431, -0.5, 1.0, -4.0, 5.0, 46, s.replace(buf, s).replace(buf.append(s), s.replace(buf, s))
11, 14432, -0.5, 1.0, -3.5, 0.0, 0, buf.append(s)
11, 14433, -0.5, 1.0, -3.5, 0.5, 9, buf.append().append(s)
11, 14434, -0.5, 1.0, -3.5, 1.0, 10, buf.append(s).append(s)
11, 14435, -0.5, 1.0, -3.5, 1.5, 22, buf.append(s).append(buf.append(s))
11, 14436, -0.5, 1.0, -3.5, 2.0, 22, buf.append(s).append(buf.append(s))
11, 14437, -0.5, 1.0, -3.5, 2.5, 22, buf.append(s).append(buf.append(s))
11, 14438, -0.5, 1.0, -3.5, 3.0, 22, buf.append(s).append(buf.append(s))
11, 14439, -0.5, 1.0, -3.5, 3.5, 22, buf.append(s).append(buf.append(s))
11, 14440, -0.5, 1.0, -3.5, 4.0, 42, s.replace(buf, s).replace(buf.append(s), buf.append(s))
11, 14441, -0.5, 1.0, -3.5, 4.5, 46, s.replace(buf, s).replace(buf.append(s), s.replace(buf, s))
11, 14442, -0.5, 1.0, -3.5, 5.0, 46, s.replace(buf, s).replace(buf.append(s), s.replace(buf, s))
11, 14443, -0.5, 1.0, -3.0, 0.0, 0, buf.append(s)
11, 14444, -0.5, 1.0, -3.0, 0.5, 9, buf.append().append(s)
11, 14445, -0.5, 1.0, -3.0, 1.0, 10, buf.append(s).append(s)
11, 14446, -0.5, 1.0, -3.0, 1.5, 22, buf.append(s).append(buf.append(s))
11, 14447, -0.5, 1.0, -3.0, 2.0, 22, buf.append(s).append(buf.append(s))
11, 14448, -0.5, 1.0, -3.0, 2.5, 22, buf.append(s).append(buf.append(s))
11, 14449, -0.5, 1.0, -3.0, 3.0, 22, buf.append(s).append(buf.append(s))
11, 14450, -0.5, 1.0, -3.0, 3.5, 42, s.replace(buf, s).replace(buf.append(s), buf.append(s))
11, 14451, -0.5, 1.0, -3.0, 4.0, 46, s.replace(buf, s).replace(buf.append(s), s.replace(buf, s))
11, 14452, -0.5, 1.0, -3.0, 4.5, 46, s.replace(buf, s).replace(buf.append(s), s.replace(buf, s))
11, 14453, -0.5, 1.0, -3.0, 5.0, 53, s.replace(buf, s).replace(s.replace(buf, s), s.replace(buf, s))
11, 14454, -0.5, 1.0, -2.5, 0.0, 0, buf.append(s)
11, 14455, -0.5, 1.0, -2.5, 0.5, 9, buf.append().append(s)
11, 14456, -0.5, 1.0, -2.5, 1.0, 10, buf.append(s).append(s)
11, 14457, -0.5, 1.0, -2.5, 1.5, 22, buf.append(s).append(buf.append(s))
11, 14458, -0.5, 1.0, -2.5, 2.0, 22, buf.append(s).append(buf.append(s))
11, 14459, -0.5, 1.0, -2.5, 2.5, 22, buf.append(s).append(buf.append(s))
11, 14460, -0.5, 1.0, -2.5, 3.0, 42, s.replace(buf, s).replace(buf.append(s), buf.append(s))
11, 14461, -0.5, 1.0, -2.5, 3.5, 46, s.replace(buf, s).replace(buf.append(s), s.replace(buf, s))
11, 14462, -0.5, 1.0, -2.5, 4.0, 46, s.replace(buf, s).replace(buf.append(s), s.replace(buf, s))
11, 14463, -0.5, 1.0, -2.5, 4.5, 53, s.replace(buf, s).replace(s.replace(buf, s), s.replace(buf, s))
11, 14464, -0.5, 1.0, -2.5, 5.0, 53, s.replace(buf, s).replace(s.replace(buf, s), s.replace(buf, s))
11, 14465, -0.5, 1.0, -2.0, 0.0, 0, buf.append(s)
11, 14466, -0.5, 1.0, -2.0, 0.5, 9, buf.append().append(s)
11, 14467, -0.5, 1.0, -2.0, 1.0, 10, buf.append(s).append(s)
11, 14468, -0.5, 1.0, -2.0, 1.5, 22, buf.append(s).append(buf.append(s))
11, 14469, -0.5, 1.0, -2.0, 2.0, 22, buf.append(s).append(buf.append(s))
11, 14470, -0.5, 1.0, -2.0, 2.5, 42, s.replace(buf, s).replace(buf.append(s), buf.append(s))
11, 14471, -0.5, 1.0, -2.0, 3.0, 46, s.replace(buf, s).replace(buf.append(s), s.replace(buf, s))
11, 14472, -0.5, 1.0, -2.0, 3.5, 46, s.replace(buf, s).replace(buf.append(s), s.replace(buf, s))
11, 14473, -0.5, 1.0, -2.0, 4.0, 53, s.replace(buf, s).replace(s.replace(buf, s), s.replace(buf, s))
11, 14474, -0.5, 1.0, -2.0, 4.5, 101, s.replace(buf, s).regionMatches(buf.equals(s), buf.indexOf(s), s.replace(buf, s), buf.indexOf(s), buf.indexOf(s))
11, 14475, -0.5, 1.0, -2.0, 5.0, 101, s.replace(buf, s).regionMatches(buf.equals(s), buf.indexOf(s), s.replace(buf, s), buf.indexOf(s), buf.indexOf(s))
11, 14476, -0.5, 1.0, -1.5, 0.0, 0, buf.append(s)
11, 14477, -0.5, 1.0, -1.5, 0.5, 9, buf.append().append(s)
11, 14478, -0.5, 1.0, -1.5, 1.0, 10, buf.append(s).append(s)
11, 14479, -0.5, 1.0, -1.5, 1.5, 22, buf.append(s).append(buf.append(s))
11, 14480, -0.5, 1.0, -1.5, 2.0, 42, s.replace(buf, s).replace(buf.append(s), buf.append(s))
11, 14481, -0.5, 1.0, -1.5, 2.5, 46, s.replace(buf, s).replace(buf.append(s), s.replace(buf, s))
11, 14482, -0.5, 1.0, -1.5, 3.0, 46, s.replace(buf, s).replace(buf.append(s), s.replace(buf, s))
11, 14483, -0.5, 1.0, -1.5, 3.5, 101, s.replace(buf, s).regionMatches(buf.equals(s), buf.indexOf(s), s.replace(buf, s), buf.indexOf(s), buf.indexOf(s))
11, 14484, -0.5, 1.0, -1.5, 4.0, 101, s.replace(buf, s).regionMatches(buf.equals(s), buf.indexOf(s), s.replace(buf, s), buf.indexOf(s), buf.indexOf(s))
11, 14485, -0.5, 1.0, -1.5, 4.5, 101, s.replace(buf, s).regionMatches(buf.equals(s), buf.indexOf(s), s.replace(buf, s), buf.indexOf(s), buf.indexOf(s))
11, 14486, -0.5, 1.0, -1.5, 5.0, 101, s.replace(buf, s).regionMatches(buf.equals(s), buf.indexOf(s), s.replace(buf, s), buf.indexOf(s), buf.indexOf(s))
11, 14487, -0.5, 1.0, -1.0, 0.0, 0, buf.append(s)
11, 14488, -0.5, 1.0, -1.0, 0.5, 9, buf.append().append(s)
11, 14489, -0.5, 1.0, -1.0, 1.0, 10, buf.append(s).append(s)
11, 14490, -0.5, 1.0, -1.0, 1.5, 42, s.replace(buf, s).replace(buf.append(s), buf.append(s))
11, 14491, -0.5, 1.0, -1.0, 2.0, 46, s.replace(buf, s).replace(buf.append(s), s.replace(buf, s))
11, 14492, -0.5, 1.0, -1.0, 2.5, 101, s.replace(buf, s).regionMatches(buf.equals(s), buf.indexOf(s), s.replace(buf, s), buf.indexOf(s), buf.indexOf(s))
11, 14493, -0.5, 1.0, -1.0, 3.0, 101, s.replace(buf, s).regionMatches(buf.equals(s), buf.indexOf(s), s.replace(buf, s), buf.indexOf(s), buf.indexOf(s))
11, 14494, -0.5, 1.0, -1.0, 3.5, 101, s.replace(buf, s).regionMatches(buf.equals(s), buf.indexOf(s), s.replace(buf, s), buf.indexOf(s), buf.indexOf(s))
11, 14495, -0.5, 1.0, -1.0, 4.0, 196, s.replace(buf, s).regionMatches(s.regionMatches(thisManyTimes, s, thisManyTimes, thisManyTimes), buf.indexOf(s, thisManyTimes), s.replace(buf, s), buf.indexOf(s, thisManyTimes), buf.indexOf(s, thisManyTimes))
11, 14496, -0.5, 1.0, -1.0, 4.5, 196, s.replace(buf, s).regionMatches(s.regionMatches(thisManyTimes, s, thisManyTimes, thisManyTimes), buf.indexOf(s, thisManyTimes), s.replace(buf, s), buf.indexOf(s, thisManyTimes), buf.indexOf(s, thisManyTimes))
11, 14497, -0.5, 1.0, -1.0, 5.0, 196, s.replace(buf, s).regionMatches(s.regionMatches(thisManyTimes, s, thisManyTimes, thisManyTimes), buf.indexOf(s, thisManyTimes), s.replace(buf, s), buf.indexOf(s, thisManyTimes), buf.indexOf(s, thisManyTimes))
11, 14498, -0.5, 1.0, -0.5, 0.0, 0, buf.append(s)
11, 14499, -0.5, 1.0, -0.5, 0.5, 9, buf.append().append(s)
11, 14500, -0.5, 1.0, -0.5, 1.0, 10, buf.append(s).append(s)
11, 14501, -0.5, 1.0, -0.5, 1.5, 46, s.replace(buf, s).replace(buf.append(s), s.replace(buf, s))
11, 14502, -0.5, 1.0, -0.5, 2.0, 101, s.replace(buf, s).regionMatches(buf.equals(s), buf.indexOf(s), s.replace(buf, s), buf.indexOf(s), buf.indexOf(s))
11, 14503, -0.5, 1.0, -0.5, 2.5, 196, s.replace(buf, s).regionMatches(s.regionMatches(thisManyTimes, s, thisManyTimes, thisManyTimes), buf.indexOf(s, thisManyTimes), s.replace(buf, s), buf.indexOf(s, thisManyTimes), buf.indexOf(s, thisManyTimes))
11, 14504, -0.5, 1.0, -0.5, 3.0, 196, s.replace(buf, s).regionMatches(s.regionMatches(thisManyTimes, s, thisManyTimes, thisManyTimes), buf.indexOf(s, thisManyTimes), s.replace(buf, s), buf.indexOf(s, thisManyTimes), buf.indexOf(s, thisManyTimes))
11, 14505, -0.5, 1.0, -0.5, 3.5, 196, s.replace(buf, s).regionMatches(s.regionMatches(thisManyTimes, s, thisManyTimes, thisManyTimes), buf.indexOf(s, thisManyTimes), s.replace(buf, s), buf.indexOf(s, thisManyTimes), buf.indexOf(s, thisManyTimes))
11, 14506, -0.5, 1.0, -0.5, 4.0, 196, s.replace(buf, s).regionMatches(s.regionMatches(thisManyTimes, s, thisManyTimes, thisManyTimes), buf.indexOf(s, thisManyTimes), s.replace(buf, s), buf.indexOf(s, thisManyTimes), buf.indexOf(s, thisManyTimes))
11, 14507, -0.5, 1.0, -0.5, 4.5, 196, s.replace(buf, s).regionMatches(s.regionMatches(thisManyTimes, s, thisManyTimes, thisManyTimes), buf.indexOf(s, thisManyTimes), s.replace(buf, s), buf.indexOf(s, thisManyTimes), buf.indexOf(s, thisManyTimes))
11, 14508, -0.5, 1.0, -0.5, 5.0, 196, s.replace(buf, s).regionMatches(s.regionMatches(thisManyTimes, s, thisManyTimes, thisManyTimes), buf.indexOf(s, thisManyTimes), s.replace(buf, s), buf.indexOf(s, thisManyTimes), buf.indexOf(s, thisManyTimes))
11, 14509, -0.5, 1.0, 0.0, 0.0, 0, buf.append(s)
11, 14510, -0.5, 1.0, 0.0, 0.5, 41, buf.append(s).replace(thisManyTimes, thisManyTimes, s)
11, 14511, -0.5, 1.0, 0.0, 1.0, 224, System.arraycopy(buf.append(s, thisManyTimes, thisManyTimes), buf.lastIndexOf(s, thisManyTimes), System.arraycopy(s, thisManyTimes, buf, thisManyTimes, thisManyTimes), buf.lastIndexOf(s, thisManyTimes), buf.lastIndexOf(s, thisManyTimes))
11, 14512, -0.5, 1.0, 0.0, 1.5, 384, s.replace(buf, s).regionMatches(s.regionMatches(thisManyTimes, s, thisManyTimes, thisManyTimes), Character.offsetByCodePoints(thisManyTimes, thisManyTimes, thisManyTimes, thisManyTimes), new Task11().repeatString(s), Character.offsetByCodePoints(thisManyTimes, thisManyTimes, thisManyTimes, thisManyTimes), Character.offsetByCodePoints(thisManyTimes, thisManyTimes, thisManyTimes, thisManyTimes))
11, 14513, -0.5, 1.0, 0.0, 2.0, 384, s.replace(buf, s).regionMatches(s.regionMatches(thisManyTimes, s, thisManyTimes, thisManyTimes), Character.offsetByCodePoints(thisManyTimes, thisManyTimes, thisManyTimes, thisManyTimes), new Task11().repeatString(s), Character.offsetByCodePoints(thisManyTimes, thisManyTimes, thisManyTimes, thisManyTimes), Character.offsetByCodePoints(thisManyTimes, thisManyTimes, thisManyTimes, thisManyTimes))
11, 14514, -0.5, 1.0, 0.0, 2.5, 384, s.replace(buf, s).regionMatches(s.regionMatches(thisManyTimes, s, thisManyTimes, thisManyTimes), Character.offsetByCodePoints(thisManyTimes, thisManyTimes, thisManyTimes, thisManyTimes), new Task11().repeatString(s), Character.offsetByCodePoints(thisManyTimes, thisManyTimes, thisManyTimes, thisManyTimes), Character.offsetByCodePoints(thisManyTimes, thisManyTimes, thisManyTimes, thisManyTimes))
11, 14515, -0.5, 1.0, 0.0, 3.0, 384, s.replace(buf, s).regionMatches(s.regionMatches(thisManyTimes, s, thisManyTimes, thisManyTimes), Character.offsetByCodePoints(thisManyTimes, thisManyTimes, thisManyTimes, thisManyTimes), new Task11().repeatString(s), Character.offsetByCodePoints(thisManyTimes, thisManyTimes, thisManyTimes, thisManyTimes), Character.offsetByCodePoints(thisManyTimes, thisManyTimes, thisManyTimes, thisManyTimes))
11, 14516, -0.5, 1.0, 0.0, 3.5, 384, s.replace(buf, s).regionMatches(s.regionMatches(thisManyTimes, s, thisManyTimes, thisManyTimes), Character.offsetByCodePoints(thisManyTimes, thisManyTimes, thisManyTimes, thisManyTimes), new Task11().repeatString(s), Character.offsetByCodePoints(thisManyTimes, thisManyTimes, thisManyTimes, thisManyTimes), Character.offsetByCodePoints(thisManyTimes, thisManyTimes, thisManyTimes, thisManyTimes))
11, 14517, -0.5, 1.0, 0.0, 4.0, 384, s.replace(buf, s).regionMatches(s.regionMatches(thisManyTimes, s, thisManyTimes, thisManyTimes), Character.offsetByCodePoints(thisManyTimes, thisManyTimes, thisManyTimes, thisManyTimes), new Task11().repeatString(s), Character.offsetByCodePoints(thisManyTimes, thisManyTimes, thisManyTimes, thisManyTimes), Character.offsetByCodePoints(thisManyTimes, thisManyTimes, thisManyTimes, thisManyTimes))
11, 14518, -0.5, 1.0, 0.0, 4.5, 384, s.replace(buf, s).regionMatches(s.regionMatches(thisManyTimes, s, thisManyTimes, thisManyTimes), Character.offsetByCodePoints(thisManyTimes, thisManyTimes, thisManyTimes, thisManyTimes), new Task11().repeatString(s), Character.offsetByCodePoints(thisManyTimes, thisManyTimes, thisManyTimes, thisManyTimes), Character.offsetByCodePoints(thisManyTimes, thisManyTimes, thisManyTimes, thisManyTimes))
11, 14519, -0.5, 1.0, 0.0, 5.0, 384, s.replace(buf, s).regionMatches(s.regionMatches(thisManyTimes, s, thisManyTimes, thisManyTimes), Character.offsetByCodePoints(thisManyTimes, thisManyTimes, thisManyTimes, thisManyTimes), new Task11().repeatString(s), Character.offsetByCodePoints(thisManyTimes, thisManyTimes, thisManyTimes, thisManyTimes), Character.offsetByCodePoints(thisManyTimes, thisManyTimes, thisManyTimes, thisManyTimes))
11, 14520, 0.0, 1.0, -5.0, 0.0, 17, append().append(buf).append(s)
11, 14521, 0.0, 1.0, -5.0, 0.5, 22, buf.append(s).append(buf.append(s))
11, 14522, 0.0, 1.0, -5.0, 1.0, 22, buf.append(s).append(buf.append(s))
11, 14523, 0.0, 1.0, -5.0, 1.5, 22, buf.append(s).append(buf.append(s))
11, 14524, 0.0, 1.0, -5.0, 2.0, 22, buf.append(s).append(buf.append(s))
11, 14525, 0.0, 1.0, -5.0, 2.5, 22, buf.append(s).append(buf.append(s))
11, 14526, 0.0, 1.0, -5.0, 3.0, 22, buf.append(s).append(buf.append(s))
11, 14527, 0.0, 1.0, -5.0, 3.5, 22, buf.append(s).append(buf.append(s))
11, 14528, 0.0, 1.0, -5.0, 4.0, 22, buf.append(s).append(buf.append(s))
11, 14529, 0.0, 1.0, -5.0, 4.5, 42, s.replace(buf, s).replace(buf.append(s), buf.append(s))
11, 14530, 0.0, 1.0, -5.0, 5.0, 42, s.replace(buf, s).replace(buf.append(s), buf.append(s))
11, 14531, 0.0, 1.0, -4.5, 0.0, 17, append().append(buf).append(s)
11, 14532, 0.0, 1.0, -4.5, 0.5, 22, buf.append(s).append(buf.append(s))
11, 14533, 0.0, 1.0, -4.5, 1.0, 22, buf.append(s).append(buf.append(s))
11, 14534, 0.0, 1.0, -4.5, 1.5, 22, buf.append(s).append(buf.append(s))
11, 14535, 0.0, 1.0, -4.5, 2.0, 22, buf.append(s).append(buf.append(s))
11, 14536, 0.0, 1.0, -4.5, 2.5, 22, buf.append(s).append(buf.append(s))
11, 14537, 0.0, 1.0, -4.5, 3.0, 22, buf.append(s).append(buf.append(s))
11, 14538, 0.0, 1.0, -4.5, 3.5, 22, buf.append(s).append(buf.append(s))
11, 14539, 0.0, 1.0, -4.5, 4.0, 42, s.replace(buf, s).replace(buf.append(s), buf.append(s))
11, 14540, 0.0, 1.0, -4.5, 4.5, 42, s.replace(buf, s).replace(buf.append(s), buf.append(s))
11, 14541, 0.0, 1.0, -4.5, 5.0, 46, s.replace(buf, s).replace(buf.append(s), s.replace(buf, s))
11, 14542, 0.0, 1.0, -4.0, 0.0, 17, append().append(buf).append(s)
11, 14543, 0.0, 1.0, -4.0, 0.5, 22, buf.append(s).append(buf.append(s))
11, 14544, 0.0, 1.0, -4.0, 1.0, 22, buf.append(s).append(buf.append(s))
11, 14545, 0.0, 1.0, -4.0, 1.5, 22, buf.append(s).append(buf.append(s))
11, 14546, 0.0, 1.0, -4.0, 2.0, 22, buf.append(s).append(buf.append(s))
11, 14547, 0.0, 1.0, -4.0, 2.5, 22, buf.append(s).append(buf.append(s))
11, 14548, 0.0, 1.0, -4.0, 3.0, 22, buf.append(s).append(buf.append(s))
11, 14549, 0.0, 1.0, -4.0, 3.5, 42, s.replace(buf, s).replace(buf.append(s), buf.append(s))
11, 14550, 0.0, 1.0, -4.0, 4.0, 42, s.replace(buf, s).replace(buf.append(s), buf.append(s))
11, 14551, 0.0, 1.0, -4.0, 4.5, 46, s.replace(buf, s).replace(buf.append(s), s.replace(buf, s))
11, 14552, 0.0, 1.0, -4.0, 5.0, 46, s.replace(buf, s).replace(buf.append(s), s.replace(buf, s))
11, 14553, 0.0, 1.0, -3.5, 0.0, 17, append().append(buf).append(s)
11, 14554, 0.0, 1.0, -3.5, 0.5, 22, buf.append(s).append(buf.append(s))
11, 14555, 0.0, 1.0, -3.5, 1.0, 22, buf.append(s).append(buf.append(s))
11, 14556, 0.0, 1.0, -3.5, 1.5, 22, buf.append(s).append(buf.append(s))
11, 14557, 0.0, 1.0, -3.5, 2.0, 22, buf.append(s).append(buf.append(s))
11, 14558, 0.0, 1.0, -3.5, 2.5, 22, buf.append(s).append(buf.append(s))
11, 14559, 0.0, 1.0, -3.5, 3.0, 42, s.replace(buf, s).replace(buf.append(s), buf.append(s))
11, 14560, 0.0, 1.0, -3.5, 3.5, 42, s.replace(buf, s).replace(buf.append(s), buf.append(s))
11, 14561, 0.0, 1.0, -3.5, 4.0, 46, s.replace(buf, s).replace(buf.append(s), s.replace(buf, s))
11, 14562, 0.0, 1.0, -3.5, 4.5, 46, s.replace(buf, s).replace(buf.append(s), s.replace(buf, s))
11, 14563, 0.0, 1.0, -3.5, 5.0, 53, s.replace(buf, s).replace(s.replace(buf, s), s.replace(buf, s))
11, 14564, 0.0, 1.0, -3.0, 0.0, 17, append().append(buf).append(s)
11, 14565, 0.0, 1.0, -3.0, 0.5, 22, buf.append(s).append(buf.append(s))
11, 14566, 0.0, 1.0, -3.0, 1.0, 22, buf.append(s).append(buf.append(s))
11, 14567, 0.0, 1.0, -3.0, 1.5, 22, buf.append(s).append(buf.append(s))
11, 14568, 0.0, 1.0, -3.0, 2.0, 22, buf.append(s).append(buf.append(s))
11, 14569, 0.0, 1.0, -3.0, 2.5, 42, s.replace(buf, s).replace(buf.append(s), buf.append(s))
11, 14570, 0.0, 1.0, -3.0, 3.0, 42, s.replace(buf, s).replace(buf.append(s), buf.append(s))
11, 14571, 0.0, 1.0, -3.0, 3.5, 46, s.replace(buf, s).replace(buf.append(s), s.replace(buf, s))
11, 14572, 0.0, 1.0, -3.0, 4.0, 46, s.replace(buf, s).replace(buf.append(s), s.replace(buf, s))
11, 14573, 0.0, 1.0, -3.0, 4.5, 53, s.replace(buf, s).replace(s.replace(buf, s), s.replace(buf, s))
11, 14574, 0.0, 1.0, -3.0, 5.0, 53, s.replace(buf, s).replace(s.replace(buf, s), s.replace(buf, s))
11, 14575, 0.0, 1.0, -2.5, 0.0, 17, append().append(buf).append(s)
11, 14576, 0.0, 1.0, -2.5, 0.5, 22, buf.append(s).append(buf.append(s))
11, 14577, 0.0, 1.0, -2.5, 1.0, 22, buf.append(s).append(buf.append(s))
11, 14578, 0.0, 1.0, -2.5, 1.5, 22, buf.append(s).append(buf.append(s))
11, 14579, 0.0, 1.0, -2.5, 2.0, 42, s.replace(buf, s).replace(buf.append(s), buf.append(s))
11, 14580, 0.0, 1.0, -2.5, 2.5, 42, s.replace(buf, s).replace(buf.append(s), buf.append(s))
11, 14581, 0.0, 1.0, -2.5, 3.0, 46, s.replace(buf, s).replace(buf.append(s), s.replace(buf, s))
11, 14582, 0.0, 1.0, -2.5, 3.5, 46, s.replace(buf, s).replace(buf.append(s), s.replace(buf, s))
11, 14583, 0.0, 1.0, -2.5, 4.0, 53, s.replace(buf, s).replace(s.replace(buf, s), s.replace(buf, s))
11, 14584, 0.0, 1.0, -2.5, 4.5, 101, s.replace(buf, s).regionMatches(buf.equals(s), buf.indexOf(s), s.replace(buf, s), buf.indexOf(s), buf.indexOf(s))
11, 14585, 0.0, 1.0, -2.5, 5.0, 101, s.replace(buf, s).regionMatches(buf.equals(s), buf.indexOf(s), s.replace(buf, s), buf.indexOf(s), buf.indexOf(s))
11, 14586, 0.0, 1.0, -2.0, 0.0, 17, append().append(buf).append(s)
11, 14587, 0.0, 1.0, -2.0, 0.5, 22, buf.append(s).append(buf.append(s))
11, 14588, 0.0, 1.0, -2.0, 1.0, 22, buf.append(s).append(buf.append(s))
11, 14589, 0.0, 1.0, -2.0, 1.5, 42, s.replace(buf, s).replace(buf.append(s), buf.append(s))
11, 14590, 0.0, 1.0, -2.0, 2.0, 42, s.replace(buf, s).replace(buf.append(s), buf.append(s))
11, 14591, 0.0, 1.0, -2.0, 2.5, 46, s.replace(buf, s).replace(buf.append(s), s.replace(buf, s))
11, 14592, 0.0, 1.0, -2.0, 3.0, 46, s.replace(buf, s).replace(buf.append(s), s.replace(buf, s))
11, 14593, 0.0, 1.0, -2.0, 3.5, 101, s.replace(buf, s).regionMatches(buf.equals(s), buf.indexOf(s), s.replace(buf, s), buf.indexOf(s), buf.indexOf(s))
11, 14594, 0.0, 1.0, -2.0, 4.0, 101, s.replace(buf, s).regionMatches(buf.equals(s), buf.indexOf(s), s.replace(buf, s), buf.indexOf(s), buf.indexOf(s))
11, 14595, 0.0, 1.0, -2.0, 4.5, 101, s.replace(buf, s).regionMatches(buf.equals(s), buf.indexOf(s), s.replace(buf, s), buf.indexOf(s), buf.indexOf(s))
11, 14596, 0.0, 1.0, -2.0, 5.0, 101, s.replace(buf, s).regionMatches(buf.equals(s), buf.indexOf(s), s.replace(buf, s), buf.indexOf(s), buf.indexOf(s))
11, 14597, 0.0, 1.0, -1.5, 0.0, 17, append().append(buf).append(s)
11, 14598, 0.0, 1.0, -1.5, 0.5, 22, buf.append(s).append(buf.append(s))
11, 14599, 0.0, 1.0, -1.5, 1.0, 42, s.replace(buf, s).replace(buf.append(s), buf.append(s))
11, 14600, 0.0, 1.0, -1.5, 1.5, 42, s.replace(buf, s).replace(buf.append(s), buf.append(s))
11, 14601, 0.0, 1.0, -1.5, 2.0, 46, s.replace(buf, s).replace(buf.append(s), s.replace(buf, s))
11, 14602, 0.0, 1.0, -1.5, 2.5, 101, s.replace(buf, s).regionMatches(buf.equals(s), buf.indexOf(s), s.replace(buf, s), buf.indexOf(s), buf.indexOf(s))
11, 14603, 0.0, 1.0, -1.5, 3.0, 101, s.replace(buf, s).regionMatches(buf.equals(s), buf.indexOf(s), s.replace(buf, s), buf.indexOf(s), buf.indexOf(s))
11, 14604, 0.0, 1.0, -1.5, 3.5, 101, s.replace(buf, s).regionMatches(buf.equals(s), buf.indexOf(s), s.replace(buf, s), buf.indexOf(s), buf.indexOf(s))
11, 14605, 0.0, 1.0, -1.5, 4.0, 101, s.replace(buf, s).regionMatches(buf.equals(s), buf.indexOf(s), s.replace(buf, s), buf.indexOf(s), buf.indexOf(s))
11, 14606, 0.0, 1.0, -1.5, 4.5, 101, s.replace(buf, s).regionMatches(buf.equals(s), buf.indexOf(s), s.replace(buf, s), buf.indexOf(s), buf.indexOf(s))
11, 14607, 0.0, 1.0, -1.5, 5.0, 146, s.replace(buf, s).regionMatches(buf.equals(s), buf.indexOf(s, thisManyTimes), s.replace(buf, s), buf.indexOf(s, thisManyTimes), buf.indexOf(s, thisManyTimes))
11, 14608, 0.0, 1.0, -1.0, 0.0, 17, append().append(buf).append(s)
11, 14609, 0.0, 1.0, -1.0, 0.5, 22, buf.append(s).append(buf.append(s))
11, 14610, 0.0, 1.0, -1.0, 1.0, 42, s.replace(buf, s).replace(buf.append(s), buf.append(s))
11, 14611, 0.0, 1.0, -1.0, 1.5, 101, s.replace(buf, s).regionMatches(buf.equals(s), buf.indexOf(s), s.replace(buf, s), buf.indexOf(s), buf.indexOf(s))
11, 14612, 0.0, 1.0, -1.0, 2.0, 101, s.replace(buf, s).regionMatches(buf.equals(s), buf.indexOf(s), s.replace(buf, s), buf.indexOf(s), buf.indexOf(s))
11, 14613, 0.0, 1.0, -1.0, 2.5, 101, s.replace(buf, s).regionMatches(buf.equals(s), buf.indexOf(s), s.replace(buf, s), buf.indexOf(s), buf.indexOf(s))
11, 14614, 0.0, 1.0, -1.0, 3.0, 101, s.replace(buf, s).regionMatches(buf.equals(s), buf.indexOf(s), s.replace(buf, s), buf.indexOf(s), buf.indexOf(s))
11, 14615, 0.0, 1.0, -1.0, 3.5, 196, s.replace(buf, s).regionMatches(s.regionMatches(thisManyTimes, s, thisManyTimes, thisManyTimes), buf.indexOf(s, thisManyTimes), s.replace(buf, s), buf.indexOf(s, thisManyTimes), buf.indexOf(s, thisManyTimes))
11, 14616, 0.0, 1.0, -1.0, 4.0, 196, s.replace(buf, s).regionMatches(s.regionMatches(thisManyTimes, s, thisManyTimes, thisManyTimes), buf.indexOf(s, thisManyTimes), s.replace(buf, s), buf.indexOf(s, thisManyTimes), buf.indexOf(s, thisManyTimes))
11, 14617, 0.0, 1.0, -1.0, 4.5, 196, s.replace(buf, s).regionMatches(s.regionMatches(thisManyTimes, s, thisManyTimes, thisManyTimes), buf.indexOf(s, thisManyTimes), s.replace(buf, s), buf.indexOf(s, thisManyTimes), buf.indexOf(s, thisManyTimes))
11, 14618, 0.0, 1.0, -1.0, 5.0, 196, s.replace(buf, s).regionMatches(s.regionMatches(thisManyTimes, s, thisManyTimes, thisManyTimes), buf.indexOf(s, thisManyTimes), s.replace(buf, s), buf.indexOf(s, thisManyTimes), buf.indexOf(s, thisManyTimes))
11, 14619, 0.0, 1.0, -0.5, 0.0, 17, append().append(buf).append(s)
11, 14620, 0.0, 1.0, -0.5, 0.5, 49, s.replace(buf, append()).replace(buf.append(s), buf.append(s))
11, 14621, 0.0, 1.0, -0.5, 1.0, 101, s.replace(buf, s).regionMatches(buf.equals(s), buf.indexOf(s), s.replace(buf, s), buf.indexOf(s), buf.indexOf(s))
11, 14622, 0.0, 1.0, -0.5, 1.5, 101, s.replace(buf, s).regionMatches(buf.equals(s), buf.indexOf(s), s.replace(buf, s), buf.indexOf(s), buf.indexOf(s))
11, 14623, 0.0, 1.0, -0.5, 2.0, 196, s.replace(buf, s).regionMatches(s.regionMatches(thisManyTimes, s, thisManyTimes, thisManyTimes), buf.indexOf(s, thisManyTimes), s.replace(buf, s), buf.indexOf(s, thisManyTimes), buf.indexOf(s, thisManyTimes))
11, 14624, 0.0, 1.0, -0.5, 2.5, 196, s.replace(buf, s).regionMatches(s.regionMatches(thisManyTimes, s, thisManyTimes, thisManyTimes), buf.indexOf(s, thisManyTimes), s.replace(buf, s), buf.indexOf(s, thisManyTimes), buf.indexOf(s, thisManyTimes))
11, 14625, 0.0, 1.0, -0.5, 3.0, 196, s.replace(buf, s).regionMatches(s.regionMatches(thisManyTimes, s, thisManyTimes, thisManyTimes), buf.indexOf(s, thisManyTimes), s.replace(buf, s), buf.indexOf(s, thisManyTimes), buf.indexOf(s, thisManyTimes))
11, 14626, 0.0, 1.0, -0.5, 3.5, 196, s.replace(buf, s).regionMatches(s.regionMatches(thisManyTimes, s, thisManyTimes, thisManyTimes), buf.indexOf(s, thisManyTimes), s.replace(buf, s), buf.indexOf(s, thisManyTimes), buf.indexOf(s, thisManyTimes))
11, 14627, 0.0, 1.0, -0.5, 4.0, 196, s.replace(buf, s).regionMatches(s.regionMatches(thisManyTimes, s, thisManyTimes, thisManyTimes), buf.indexOf(s, thisManyTimes), s.replace(buf, s), buf.indexOf(s, thisManyTimes), buf.indexOf(s, thisManyTimes))
11, 14628, 0.0, 1.0, -0.5, 4.5, 196, s.replace(buf, s).regionMatches(s.regionMatches(thisManyTimes, s, thisManyTimes, thisManyTimes), buf.indexOf(s, thisManyTimes), s.replace(buf, s), buf.indexOf(s, thisManyTimes), buf.indexOf(s, thisManyTimes))
11, 14629, 0.0, 1.0, -0.5, 5.0, 196, s.replace(buf, s).regionMatches(s.regionMatches(thisManyTimes, s, thisManyTimes, thisManyTimes), buf.indexOf(s, thisManyTimes), s.replace(buf, s), buf.indexOf(s, thisManyTimes), buf.indexOf(s, thisManyTimes))
11, 14630, 0.0, 1.0, 0.0, 0.0, 68, Enum.valueOf(Enum.valueOf(s), buf.getClass(), s.replace(buf, appendCodePoint()))
11, 14631, 0.0, 1.0, 0.0, 0.5, 420, s.replace(buf, appendCodePoint()).regionMatches(s.regionMatches(Boolean.FALSE, thisManyTimes, s, thisManyTimes, thisManyTimes), Character.offsetByCodePoints(Character.MIN_HIGH_SURROGATE, buf, thisManyTimes, thisManyTimes), s.replaceAll(s, s), Character.offsetByCodePoints(Character.MIN_HIGH_SURROGATE, buf, thisManyTimes, thisManyTimes), Character.offsetByCodePoints(Character.MIN_HIGH_SURROGATE, buf, thisManyTimes, thisManyTimes))
11, 14632, 0.0, 1.0, 0.0, 1.0, 403, s.replace(buf, s).regionMatches(s.regionMatches(Boolean.FALSE, thisManyTimes, s, thisManyTimes, thisManyTimes), Character.offsetByCodePoints(Character.MIN_HIGH_SURROGATE, buf, thisManyTimes, thisManyTimes), s.replace(buf, s), Character.offsetByCodePoints(Character.MIN_HIGH_SURROGATE, buf, thisManyTimes, thisManyTimes), Character.offsetByCodePoints(Character.MIN_HIGH_SURROGATE, buf, thisManyTimes, thisManyTimes))
11, 14633, 0.0, 1.0, 0.0, 1.5, 478, s.replace(buf, s).regionMatches(s.regionMatches(Boolean.FALSE, thisManyTimes, s, thisManyTimes, thisManyTimes), Character.offsetByCodePoints(Character.MIN_HIGH_SURROGATE, thisManyTimes, thisManyTimes, thisManyTimes, thisManyTimes), s.replace(buf, s), Character.offsetByCodePoints(Character.MIN_HIGH_SURROGATE, thisManyTimes, thisManyTimes, thisManyTimes, thisManyTimes), Character.offsetByCodePoints(Character.MIN_HIGH_SURROGATE, thisManyTimes, thisManyTimes, thisManyTimes, thisManyTimes))
11, 14634, 0.0, 1.0, 0.0, 2.0, 478, s.replace(buf, s).regionMatches(s.regionMatches(Boolean.FALSE, thisManyTimes, s, thisManyTimes, thisManyTimes), Character.offsetByCodePoints(Character.MIN_HIGH_SURROGATE, thisManyTimes, thisManyTimes, thisManyTimes, thisManyTimes), s.replace(buf, s), Character.offsetByCodePoints(Character.MIN_HIGH_SURROGATE, thisManyTimes, thisManyTimes, thisManyTimes, thisManyTimes), Character.offsetByCodePoints(Character.MIN_HIGH_SURROGATE, thisManyTimes, thisManyTimes, thisManyTimes, thisManyTimes))
11, 14635, 0.0, 1.0, 0.0, 2.5, 478, s.replace(buf, s).regionMatches(s.regionMatches(Boolean.FALSE, thisManyTimes, s, thisManyTimes, thisManyTimes), Character.offsetByCodePoints(Character.MIN_HIGH_SURROGATE, thisManyTimes, thisManyTimes, thisManyTimes, thisManyTimes), s.replace(buf, s), Character.offsetByCodePoints(Character.MIN_HIGH_SURROGATE, thisManyTimes, thisManyTimes, thisManyTimes, thisManyTimes), Character.offsetByCodePoints(Character.MIN_HIGH_SURROGATE, thisManyTimes, thisManyTimes, thisManyTimes, thisManyTimes))
11, 14636, 0.0, 1.0, 0.0, 3.0, 478, s.replace(buf, s).regionMatches(s.regionMatches(Boolean.FALSE, thisManyTimes, s, thisManyTimes, thisManyTimes), Character.offsetByCodePoints(Character.MIN_HIGH_SURROGATE, thisManyTimes, thisManyTimes, thisManyTimes, thisManyTimes), s.replace(buf, s), Character.offsetByCodePoints(Character.MIN_HIGH_SURROGATE, thisManyTimes, thisManyTimes, thisManyTimes, thisManyTimes), Character.offsetByCodePoints(Character.MIN_HIGH_SURROGATE, thisManyTimes, thisManyTimes, thisManyTimes, thisManyTimes))
11, 14637, 0.0, 1.0, 0.0, 3.5, 478, s.replace(buf, s).regionMatches(s.regionMatches(Boolean.FALSE, thisManyTimes, s, thisManyTimes, thisManyTimes), Character.offsetByCodePoints(Character.MIN_HIGH_SURROGATE, thisManyTimes, thisManyTimes, thisManyTimes, thisManyTimes), s.replace(buf, s), Character.offsetByCodePoints(Character.MIN_HIGH_SURROGATE, thisManyTimes, thisManyTimes, thisManyTimes, thisManyTimes), Character.offsetByCodePoints(Character.MIN_HIGH_SURROGATE, thisManyTimes, thisManyTimes, thisManyTimes, thisManyTimes))
11, 14638, 0.0, 1.0, 0.0, 4.0, 478, s.replace(buf, s).regionMatches(s.regionMatches(Boolean.FALSE, thisManyTimes, s, thisManyTimes, thisManyTimes), Character.offsetByCodePoints(Character.MIN_HIGH_SURROGATE, thisManyTimes, thisManyTimes, thisManyTimes, thisManyTimes), s.replace(buf, s), Character.offsetByCodePoints(Character.MIN_HIGH_SURROGATE, thisManyTimes, thisManyTimes, thisManyTimes, thisManyTimes), Character.offsetByCodePoints(Character.MIN_HIGH_SURROGATE, thisManyTimes, thisManyTimes, thisManyTimes, thisManyTimes))
11, 14639, 0.0, 1.0, 0.0, 4.5, 478, s.replace(buf, s).regionMatches(s.regionMatches(Boolean.FALSE, thisManyTimes, s, thisManyTimes, thisManyTimes), Character.offsetByCodePoints(Character.MIN_HIGH_SURROGATE, thisManyTimes, thisManyTimes, thisManyTimes, thisManyTimes), s.replace(buf, s), Character.offsetByCodePoints(Character.MIN_HIGH_SURROGATE, thisManyTimes, thisManyTimes, thisManyTimes, thisManyTimes), Character.offsetByCodePoints(Character.MIN_HIGH_SURROGATE, thisManyTimes, thisManyTimes, thisManyTimes, thisManyTimes))
11, 14640, 0.0, 1.0, 0.0, 5.0, 478, s.replace(buf, s).regionMatches(s.regionMatches(Boolean.FALSE, thisManyTimes, s, thisManyTimes, thisManyTimes), Character.offsetByCodePoints(Character.MIN_HIGH_SURROGATE, thisManyTimes, thisManyTimes, thisManyTimes, thisManyTimes), s.replace(buf, s), Character.offsetByCodePoints(Character.MIN_HIGH_SURROGATE, thisManyTimes, thisManyTimes, thisManyTimes, thisManyTimes), Character.offsetByCodePoints(Character.MIN_HIGH_SURROGATE, thisManyTimes, thisManyTimes, thisManyTimes, thisManyTimes))
