3, 1331, -5.0, 1.0, -5.0, 0.0, 5, 0, size(), -4.0
3, 1332, -5.0, 1.0, -5.0, 0.5, 5, 0, size(), -4.0
3, 1333, -5.0, 1.0, -5.0, 1.0, 5, 0, size(), -4.0
3, 1334, -5.0, 1.0, -5.0, 1.5, 5, 0, size(), -4.0
3, 1335, -5.0, 1.0, -5.0, 2.0, 5, 0, size(), -4.0
3, 1336, -5.0, 1.0, -5.0, 2.5, 5, 0, size(), -4.0
3, 1337, -5.0, 1.0, -5.0, 3.0, 5, 0, size(), -4.0
3, 1338, -5.0, 1.0, -5.0, 3.5, 5, 0, size(), -4.0
3, 1339, -5.0, 1.0, -5.0, 4.0, 5, 0, size(), -4.0
3, 1340, -5.0, 1.0, -5.0, 4.5, 5, 0, size(), -4.0
3, 1341, -5.0, 1.0, -5.0, 5.0, 5, 0, list.trimSize(), -3.0
3, 1342, -5.0, 1.0, -4.5, 0.0, 5, 0, size(), -4.0
3, 1343, -5.0, 1.0, -4.5, 0.5, 5, 0, size(), -4.0
3, 1344, -5.0, 1.0, -4.5, 1.0, 5, 0, size(), -4.0
3, 1345, -5.0, 1.0, -4.5, 1.5, 5, 0, size(), -4.0
3, 1346, -5.0, 1.0, -4.5, 2.0, 5, 0, size(), -4.0
3, 1347, -5.0, 1.0, -4.5, 2.5, 5, 0, size(), -4.0
3, 1348, -5.0, 1.0, -4.5, 3.0, 5, 0, size(), -4.0
3, 1349, -5.0, 1.0, -4.5, 3.5, 5, 0, size(), -4.0
3, 1350, -5.0, 1.0, -4.5, 4.0, 5, 0, size(), -4.0
3, 1351, -5.0, 1.0, -4.5, 4.5, 5, 0, list.trimSize(), -3.5
3, 1352, -5.0, 1.0, -4.5, 5.0, 5, 0, list.trimSize(), -2.5
3, 1353, -5.0, 1.0, -4.0, 0.0, 5, 0, size(), -4.0
3, 1354, -5.0, 1.0, -4.0, 0.5, 5, 0, size(), -4.0
3, 1355, -5.0, 1.0, -4.0, 1.0, 5, 0, size(), -4.0
3, 1356, -5.0, 1.0, -4.0, 1.5, 5, 0, size(), -4.0
3, 1357, -5.0, 1.0, -4.0, 2.0, 5, 0, size(), -4.0
3, 1358, -5.0, 1.0, -4.0, 2.5, 5, 0, size(), -4.0
3, 1359, -5.0, 1.0, -4.0, 3.0, 5, 0, size(), -4.0
3, 1360, -5.0, 1.0, -4.0, 3.5, 5, 0, size(), -4.0
3, 1361, -5.0, 1.0, -4.0, 4.0, 5, 0, size(), -4.0
3, 1362, -5.0, 1.0, -4.0, 4.5, 5, 0, list.trimSize(), -3.0
3, 1363, -5.0, 1.0, -4.0, 5.0, 5, 0, list.trimSize(), -2.0
3, 1364, -5.0, 1.0, -3.5, 0.0, 5, 0, size(), -4.0
3, 1365, -5.0, 1.0, -3.5, 0.5, 5, 0, size(), -4.0
3, 1366, -5.0, 1.0, -3.5, 1.0, 5, 0, size(), -4.0
3, 1367, -5.0, 1.0, -3.5, 1.5, 5, 0, size(), -4.0
3, 1368, -5.0, 1.0, -3.5, 2.0, 5, 0, size(), -4.0
3, 1369, -5.0, 1.0, -3.5, 2.5, 5, 0, size(), -4.0
3, 1370, -5.0, 1.0, -3.5, 3.0, 5, 0, size(), -4.0
3, 1371, -5.0, 1.0, -3.5, 3.5, 5, 0, size(), -4.0
3, 1372, -5.0, 1.0, -3.5, 4.0, 5, 1, size(), -4.0
3, 1373, -5.0, 1.0, -3.5, 4.5, 5, 0, list.trimSize(), -2.5
3, 1374, -5.0, 1.0, -3.5, 5.0, 5, 0, list.trimSize(), -1.5
3, 1375, -5.0, 1.0, -3.0, 0.0, 5, 0, size(), -4.0
3, 1376, -5.0, 1.0, -3.0, 0.5, 5, 0, size(), -4.0
3, 1377, -5.0, 1.0, -3.0, 1.0, 5, 0, size(), -4.0
3, 1378, -5.0, 1.0, -3.0, 1.5, 5, 0, size(), -4.0
3, 1379, -5.0, 1.0, -3.0, 2.0, 5, 0, size(), -4.0
3, 1380, -5.0, 1.0, -3.0, 2.5, 5, 0, size(), -4.0
3, 1381, -5.0, 1.0, -3.0, 3.0, 5, 0, size(), -4.0
3, 1382, -5.0, 1.0, -3.0, 3.5, 5, 1, size(), -4.0
3, 1383, -5.0, 1.0, -3.0, 4.0, 5, 1, size(), -4.0
3, 1384, -5.0, 1.0, -3.0, 4.5, 5, 0, list.trimSize(), -2.0
3, 1385, -5.0, 1.0, -3.0, 5.0, 5, 0, list.trimSize(), -1.0
3, 1386, -5.0, 1.0, -2.5, 0.0, 5, 0, size(), -4.0
3, 1387, -5.0, 1.0, -2.5, 0.5, 5, 0, size(), -4.0
3, 1388, -5.0, 1.0, -2.5, 1.0, 5, 0, size(), -4.0
3, 1389, -5.0, 1.0, -2.5, 1.5, 5, 0, size(), -4.0
3, 1390, -5.0, 1.0, -2.5, 2.0, 5, 0, size(), -4.0
3, 1391, -5.0, 1.0, -2.5, 2.5, 5, 0, size(), -4.0
3, 1392, -5.0, 1.0, -2.5, 3.0, 5, 1, size(), -4.0
3, 1393, -5.0, 1.0, -2.5, 3.5, 5, 1, size(), -4.0
3, 1394, -5.0, 1.0, -2.5, 4.0, 5, 1, size(), -4.0
3, 1395, -5.0, 1.0, -2.5, 4.5, 5, 0, list.trimSize(), -1.5
3, 1396, -5.0, 1.0, -2.5, 5.0, 5, 0, list.trimSize(), -0.5
3, 1397, -5.0, 1.0, -2.0, 0.0, 5, 0, size(), -4.0
3, 1398, -5.0, 1.0, -2.0, 0.5, 5, 0, size(), -4.0
3, 1399, -5.0, 1.0, -2.0, 1.0, 5, 0, size(), -4.0
3, 1400, -5.0, 1.0, -2.0, 1.5, 5, 0, size(), -4.0
3, 1401, -5.0, 1.0, -2.0, 2.0, 5, 0, size(), -4.0
3, 1402, -5.0, 1.0, -2.0, 2.5, 5, 1, size(), -4.0
3, 1403, -5.0, 1.0, -2.0, 3.0, 5, 1, size(), -4.0
3, 1404, -5.0, 1.0, -2.0, 3.5, 5, 1, size(), -4.0
3, 1405, -5.0, 1.0, -2.0, 4.0, 5, 1, size(), -4.0
3, 1406, -5.0, 1.0, -2.0, 4.5, 5, 0, list.trimSize(), -1.0
3, 1407, -5.0, 1.0, -2.0, 5.0, 5, 0, list.trimSize(), 0.0
3, 1408, -5.0, 1.0, -1.5, 0.0, 5, 0, size(), -4.0
3, 1409, -5.0, 1.0, -1.5, 0.5, 5, 0, size(), -4.0
3, 1410, -5.0, 1.0, -1.5, 1.0, 5, 0, size(), -4.0
3, 1411, -5.0, 1.0, -1.5, 1.5, 5, 0, size(), -4.0
3, 1412, -5.0, 1.0, -1.5, 2.0, 5, 1, size(), -4.0
3, 1413, -5.0, 1.0, -1.5, 2.5, 5, 1, size(), -4.0
3, 1414, -5.0, 1.0, -1.5, 3.0, 5, 1, size(), -4.0
3, 1415, -5.0, 1.0, -1.5, 3.5, 5, 1, size(), -4.0
3, 1416, -5.0, 1.0, -1.5, 4.0, 5, 1, size(), -4.0
3, 1417, -5.0, 1.0, -1.5, 4.5, 5, 0, list.trimSize(), -0.5
3, 1418, -5.0, 1.0, -1.5, 5.0, 5, 0, list.trimSize(), 0.5
3, 1419, -5.0, 1.0, -1.0, 0.0, 5, 0, size(), -4.0
3, 1420, -5.0, 1.0, -1.0, 0.5, 5, 0, size(), -4.0
3, 1421, -5.0, 1.0, -1.0, 1.0, 5, 0, size(), -4.0
3, 1422, -5.0, 1.0, -1.0, 1.5, 5, 1, size(), -4.0
3, 1423, -5.0, 1.0, -1.0, 2.0, 5, 1, size(), -4.0
3, 1424, -5.0, 1.0, -1.0, 2.5, 5, 1, size(), -4.0
3, 1425, -5.0, 1.0, -1.0, 3.0, 5, 1, size(), -4.0
3, 1426, -5.0, 1.0, -1.0, 3.5, 5, 1, size(), -4.0
3, 1427, -5.0, 1.0, -1.0, 4.0, 5, 2, size(), -4.0
3, 1428, -5.0, 1.0, -1.0, 4.5, 5, 0, list.trimSize(), 0.0
3, 1429, -5.0, 1.0, -1.0, 5.0, 5, 0, list.trimSize(), 1.0
3, 1430, -5.0, 1.0, -0.5, 0.0, 5, 0, size(), -4.0
3, 1431, -5.0, 1.0, -0.5, 0.5, 5, 0, size(), -4.0
3, 1432, -5.0, 1.0, -0.5, 1.0, 5, 1, size(), -4.0
3, 1433, -5.0, 1.0, -0.5, 1.5, 5, 1, size(), -4.0
3, 1434, -5.0, 1.0, -0.5, 2.0, 5, 1, size(), -4.0
3, 1435, -5.0, 1.0, -0.5, 2.5, 5, 2, size(), -4.0
3, 1436, -5.0, 1.0, -0.5, 3.0, 5, 2, size(), -4.0
3, 1437, -5.0, 1.0, -0.5, 3.5, 5, 2, size(), -4.0
3, 1438, -5.0, 1.0, -0.5, 4.0, 5, 2, size(), -4.0
3, 1439, -5.0, 1.0, -0.5, 4.5, 5, 0, list.trimSize(), 0.5
3, 1440, -5.0, 1.0, -0.5, 5.0, 5, 0, list.trimSize(), 1.5
3, 1441, -5.0, 1.0, 0.0, 0.0, 5, 0, size(), -4.0
3, 1442, -5.0, 1.0, 0.0, 0.5, 5, 1, size(), -4.0
3, 1443, -5.0, 1.0, 0.0, 1.0, 5, 2, size(), -4.0
3, 1444, -5.0, 1.0, 0.0, 1.5, 5, 2, size(), -4.0
3, 1445, -5.0, 1.0, 0.0, 2.0, 5, 2, size(), -4.0
3, 1446, -5.0, 1.0, 0.0, 2.5, 5, 2, size(), -4.0
3, 1447, -5.0, 1.0, 0.0, 3.0, 5, 2, size(), -4.0
3, 1448, -5.0, 1.0, 0.0, 3.5, 5, 2, size(), -4.0
3, 1449, -5.0, 1.0, 0.0, 4.0, 5, 2, size(), -4.0
3, 1450, -5.0, 1.0, 0.0, 4.5, 5, 0, list.trimSize(), 1.0
3, 1451, -5.0, 1.0, 0.0, 5.0, 5, 29, size(), -4.0
3, 1452, -4.5, 1.0, -5.0, 0.0, 5, 0, size(), -3.5
3, 1453, -4.5, 1.0, -5.0, 0.5, 5, 0, size(), -3.5
3, 1454, -4.5, 1.0, -5.0, 1.0, 5, 0, size(), -3.5
3, 1455, -4.5, 1.0, -5.0, 1.5, 5, 0, size(), -3.5
3, 1456, -4.5, 1.0, -5.0, 2.0, 5, 0, size(), -3.5
3, 1457, -4.5, 1.0, -5.0, 2.5, 5, 0, size(), -3.5
3, 1458, -4.5, 1.0, -5.0, 3.0, 5, 0, size(), -3.5
3, 1459, -4.5, 1.0, -5.0, 3.5, 5, 0, size(), -3.5
3, 1460, -4.5, 1.0, -5.0, 4.0, 5, 0, size(), -3.5
3, 1461, -4.5, 1.0, -5.0, 4.5, 5, 0, list.trimSize(), -3.0
3, 1462, -4.5, 1.0, -5.0, 5.0, 5, 0, list.trimSize(), -2.0
3, 1463, -4.5, 1.0, -4.5, 0.0, 5, 0, size(), -3.5
3, 1464, -4.5, 1.0, -4.5, 0.5, 5, 0, size(), -3.5
3, 1465, -4.5, 1.0, -4.5, 1.0, 5, 0, size(), -3.5
3, 1466, -4.5, 1.0, -4.5, 1.5, 5, 0, size(), -3.5
3, 1467, -4.5, 1.0, -4.5, 2.0, 5, 0, size(), -3.5
3, 1468, -4.5, 1.0, -4.5, 2.5, 5, 0, size(), -3.5
3, 1469, -4.5, 1.0, -4.5, 3.0, 5, 0, size(), -3.5
3, 1470, -4.5, 1.0, -4.5, 3.5, 5, 0, size(), -3.5
3, 1471, -4.5, 1.0, -4.5, 4.0, 5, 0, size(), -3.5
3, 1472, -4.5, 1.0, -4.5, 4.5, 5, 0, list.trimSize(), -2.5
3, 1473, -4.5, 1.0, -4.5, 5.0, 5, 0, list.trimSize(), -1.5
3, 1474, -4.5, 1.0, -4.0, 0.0, 5, 0, size(), -3.5
3, 1475, -4.5, 1.0, -4.0, 0.5, 5, 0, size(), -3.5
3, 1476, -4.5, 1.0, -4.0, 1.0, 5, 0, size(), -3.5
3, 1477, -4.5, 1.0, -4.0, 1.5, 5, 0, size(), -3.5
3, 1478, -4.5, 1.0, -4.0, 2.0, 5, 0, size(), -3.5
3, 1479, -4.5, 1.0, -4.0, 2.5, 5, 0, size(), -3.5
3, 1480, -4.5, 1.0, -4.0, 3.0, 5, 0, size(), -3.5
3, 1481, -4.5, 1.0, -4.0, 3.5, 5, 0, size(), -3.5
3, 1482, -4.5, 1.0, -4.0, 4.0, 5, 0, list.trimSize(), -3.0
3, 1483, -4.5, 1.0, -4.0, 4.5, 5, 0, list.trimSize(), -2.0
3, 1484, -4.5, 1.0, -4.0, 5.0, 5, 0, list.trimSize(), -1.0
3, 1485, -4.5, 1.0, -3.5, 0.0, 5, 0, size(), -3.5
3, 1486, -4.5, 1.0, -3.5, 0.5, 5, 0, size(), -3.5
3, 1487, -4.5, 1.0, -3.5, 1.0, 5, 0, size(), -3.5
3, 1488, -4.5, 1.0, -3.5, 1.5, 5, 0, size(), -3.5
3, 1489, -4.5, 1.0, -3.5, 2.0, 5, 0, size(), -3.5
3, 1490, -4.5, 1.0, -3.5, 2.5, 5, 0, size(), -3.5
3, 1491, -4.5, 1.0, -3.5, 3.0, 5, 0, size(), -3.5
3, 1492, -4.5, 1.0, -3.5, 3.5, 5, 0, size(), -3.5
3, 1493, -4.5, 1.0, -3.5, 4.0, 5, 0, list.trimSize(), -2.5
3, 1494, -4.5, 1.0, -3.5, 4.5, 5, 0, list.trimSize(), -1.5
3, 1495, -4.5, 1.0, -3.5, 5.0, 5, 0, list.trimSize(), -0.5
3, 1496, -4.5, 1.0, -3.0, 0.0, 5, 0, size(), -3.5
3, 1497, -4.5, 1.0, -3.0, 0.5, 5, 0, size(), -3.5
3, 1498, -4.5, 1.0, -3.0, 1.0, 5, 0, size(), -3.5
3, 1499, -4.5, 1.0, -3.0, 1.5, 5, 0, size(), -3.5
3, 1500, -4.5, 1.0, -3.0, 2.0, 5, 0, size(), -3.5
3, 1501, -4.5, 1.0, -3.0, 2.5, 5, 0, size(), -3.5
3, 1502, -4.5, 1.0, -3.0, 3.0, 5, 0, size(), -3.5
3, 1503, -4.5, 1.0, -3.0, 3.5, 5, 1, size(), -3.5
3, 1504, -4.5, 1.0, -3.0, 4.0, 5, 0, list.trimSize(), -2.0
3, 1505, -4.5, 1.0, -3.0, 4.5, 5, 0, list.trimSize(), -1.0
3, 1506, -4.5, 1.0, -3.0, 5.0, 5, 0, list.trimSize(), 0.0
3, 1507, -4.5, 1.0, -2.5, 0.0, 5, 0, size(), -3.5
3, 1508, -4.5, 1.0, -2.5, 0.5, 5, 0, size(), -3.5
3, 1509, -4.5, 1.0, -2.5, 1.0, 5, 0, size(), -3.5
3, 1510, -4.5, 1.0, -2.5, 1.5, 5, 0, size(), -3.5
3, 1511, -4.5, 1.0, -2.5, 2.0, 5, 0, size(), -3.5
3, 1512, -4.5, 1.0, -2.5, 2.5, 5, 0, size(), -3.5
3, 1513, -4.5, 1.0, -2.5, 3.0, 5, 1, size(), -3.5
3, 1514, -4.5, 1.0, -2.5, 3.5, 5, 1, size(), -3.5
3, 1515, -4.5, 1.0, -2.5, 4.0, 5, 0, list.trimSize(), -1.5
3, 1516, -4.5, 1.0, -2.5, 4.5, 5, 0, list.trimSize(), -0.5
3, 1517, -4.5, 1.0, -2.5, 5.0, 5, 0, list.trimSize(), 0.5
3, 1518, -4.5, 1.0, -2.0, 0.0, 5, 0, size(), -3.5
3, 1519, -4.5, 1.0, -2.0, 0.5, 5, 0, size(), -3.5
3, 1520, -4.5, 1.0, -2.0, 1.0, 5, 0, size(), -3.5
3, 1521, -4.5, 1.0, -2.0, 1.5, 5, 0, size(), -3.5
3, 1522, -4.5, 1.0, -2.0, 2.0, 5, 0, size(), -3.5
3, 1523, -4.5, 1.0, -2.0, 2.5, 5, 1, size(), -3.5
3, 1524, -4.5, 1.0, -2.0, 3.0, 5, 1, size(), -3.5
3, 1525, -4.5, 1.0, -2.0, 3.5, 5, 1, size(), -3.5
3, 1526, -4.5, 1.0, -2.0, 4.0, 5, 0, list.trimSize(), -1.0
3, 1527, -4.5, 1.0, -2.0, 4.5, 5, 0, list.trimSize(), 0.0
3, 1528, -4.5, 1.0, -2.0, 5.0, 5, 0, list.trimSize(), 1.0
3, 1529, -4.5, 1.0, -1.5, 0.0, 5, 0, size(), -3.5
3, 1530, -4.5, 1.0, -1.5, 0.5, 5, 0, size(), -3.5
3, 1531, -4.5, 1.0, -1.5, 1.0, 5, 0, size(), -3.5
3, 1532, -4.5, 1.0, -1.5, 1.5, 5, 0, size(), -3.5
3, 1533, -4.5, 1.0, -1.5, 2.0, 5, 1, size(), -3.5
3, 1534, -4.5, 1.0, -1.5, 2.5, 5, 1, size(), -3.5
3, 1535, -4.5, 1.0, -1.5, 3.0, 5, 1, size(), -3.5
3, 1536, -4.5, 1.0, -1.5, 3.5, 5, 1, size(), -3.5
3, 1537, -4.5, 1.0, -1.5, 4.0, 5, 0, list.trimSize(), -0.5
3, 1538, -4.5, 1.0, -1.5, 4.5, 5, 0, list.trimSize(), 0.5
3, 1539, -4.5, 1.0, -1.5, 5.0, 5, 0, list.trimSize(), 1.5
3, 1540, -4.5, 1.0, -1.0, 0.0, 5, 0, size(), -3.5
3, 1541, -4.5, 1.0, -1.0, 0.5, 5, 0, size(), -3.5
3, 1542, -4.5, 1.0, -1.0, 1.0, 5, 0, size(), -3.5
3, 1543, -4.5, 1.0, -1.0, 1.5, 5, 1, size(), -3.5
3, 1544, -4.5, 1.0, -1.0, 2.0, 5, 1, size(), -3.5
3, 1545, -4.5, 1.0, -1.0, 2.5, 5, 1, size(), -3.5
3, 1546, -4.5, 1.0, -1.0, 3.0, 5, 1, size(), -3.5
3, 1547, -4.5, 1.0, -1.0, 3.5, 5, 1, size(), -3.5
3, 1548, -4.5, 1.0, -1.0, 4.0, 5, 0, list.trimSize(), 0.0
3, 1549, -4.5, 1.0, -1.0, 4.5, 5, 0, list.trimSize(), 1.0
3, 1550, -4.5, 1.0, -1.0, 5.0, 5, 0, list.trimSize(), 2.0
3, 1551, -4.5, 1.0, -0.5, 0.0, 5, 0, size(), -3.5
3, 1552, -4.5, 1.0, -0.5, 0.5, 5, 0, size(), -3.5
3, 1553, -4.5, 1.0, -0.5, 1.0, 5, 1, size(), -3.5
3, 1554, -4.5, 1.0, -0.5, 1.5, 5, 1, size(), -3.5
3, 1555, -4.5, 1.0, -0.5, 2.0, 5, 1, size(), -3.5
3, 1556, -4.5, 1.0, -0.5, 2.5, 5, 2, size(), -3.5
3, 1557, -4.5, 1.0, -0.5, 3.0, 5, 2, size(), -3.5
3, 1558, -4.5, 1.0, -0.5, 3.5, 5, 2, size(), -3.5
3, 1559, -4.5, 1.0, -0.5, 4.0, 5, 0, list.trimSize(), 0.5
3, 1560, -4.5, 1.0, -0.5, 4.5, 5, 0, list.trimSize(), 1.5
3, 1561, -4.5, 1.0, -0.5, 5.0, 5, 15, size(), -3.5
3, 1562, -4.5, 1.0, 0.0, 0.0, 5, 0, size(), -3.5
3, 1563, -4.5, 1.0, 0.0, 0.5, 5, 1, size(), -3.5
3, 1564, -4.5, 1.0, 0.0, 1.0, 5, 2, size(), -3.5
3, 1565, -4.5, 1.0, 0.0, 1.5, 5, 2, size(), -3.5
3, 1566, -4.5, 1.0, 0.0, 2.0, 5, 2, size(), -3.5
3, 1567, -4.5, 1.0, 0.0, 2.5, 5, 2, size(), -3.5
3, 1568, -4.5, 1.0, 0.0, 3.0, 5, 2, size(), -3.5
3, 1569, -4.5, 1.0, 0.0, 3.5, 5, 2, size(), -3.5
3, 1570, -4.5, 1.0, 0.0, 4.0, 5, 0, list.trimSize(), 1.0
3, 1571, -4.5, 1.0, 0.0, 4.5, 5, 29, size(), -3.5
3, 1572, -4.5, 1.0, 0.0, 5.0, 5, 46, size(), -3.5
3, 1573, -4.0, 1.0, -5.0, 0.0, 5, 0, size(), -3.0
3, 1574, -4.0, 1.0, -5.0, 0.5, 5, 0, size(), -3.0
3, 1575, -4.0, 1.0, -5.0, 1.0, 5, 0, size(), -3.0
3, 1576, -4.0, 1.0, -5.0, 1.5, 5, 0, size(), -3.0
3, 1577, -4.0, 1.0, -5.0, 2.0, 5, 0, size(), -3.0
3, 1578, -4.0, 1.0, -5.0, 2.5, 5, 0, size(), -3.0
3, 1579, -4.0, 1.0, -5.0, 3.0, 5, 0, size(), -3.0
3, 1580, -4.0, 1.0, -5.0, 3.5, 5, 0, size(), -3.0
3, 1581, -4.0, 1.0, -5.0, 4.0, 5, 0, size(), -3.0
3, 1582, -4.0, 1.0, -5.0, 4.5, 5, 0, list.trimSize(), -2.0
3, 1583, -4.0, 1.0, -5.0, 5.0, 5, 0, list.trimSize(), -1.0
3, 1584, -4.0, 1.0, -4.5, 0.0, 5, 0, size(), -3.0
3, 1585, -4.0, 1.0, -4.5, 0.5, 5, 0, size(), -3.0
3, 1586, -4.0, 1.0, -4.5, 1.0, 5, 0, size(), -3.0
3, 1587, -4.0, 1.0, -4.5, 1.5, 5, 0, size(), -3.0
3, 1588, -4.0, 1.0, -4.5, 2.0, 5, 0, size(), -3.0
3, 1589, -4.0, 1.0, -4.5, 2.5, 5, 0, size(), -3.0
3, 1590, -4.0, 1.0, -4.5, 3.0, 5, 0, size(), -3.0
3, 1591, -4.0, 1.0, -4.5, 3.5, 5, 0, size(), -3.0
3, 1592, -4.0, 1.0, -4.5, 4.0, 5, 0, list.trimSize(), -2.5
3, 1593, -4.0, 1.0, -4.5, 4.5, 5, 0, list.trimSize(), -1.5
3, 1594, -4.0, 1.0, -4.5, 5.0, 5, 0, list.trimSize(), -0.5
3, 1595, -4.0, 1.0, -4.0, 0.0, 5, 0, size(), -3.0
3, 1596, -4.0, 1.0, -4.0, 0.5, 5, 0, size(), -3.0
3, 1597, -4.0, 1.0, -4.0, 1.0, 5, 0, size(), -3.0
3, 1598, -4.0, 1.0, -4.0, 1.5, 5, 0, size(), -3.0
3, 1599, -4.0, 1.0, -4.0, 2.0, 5, 0, size(), -3.0
3, 1600, -4.0, 1.0, -4.0, 2.5, 5, 0, size(), -3.0
3, 1601, -4.0, 1.0, -4.0, 3.0, 5, 0, size(), -3.0
3, 1602, -4.0, 1.0, -4.0, 3.5, 5, 0, size(), -3.0
3, 1603, -4.0, 1.0, -4.0, 4.0, 5, 0, list.trimSize(), -2.0
3, 1604, -4.0, 1.0, -4.0, 4.5, 5, 0, list.trimSize(), -1.0
3, 1605, -4.0, 1.0, -4.0, 5.0, 5, 0, list.trimSize(), 0.0
3, 1606, -4.0, 1.0, -3.5, 0.0, 5, 0, size(), -3.0
3, 1607, -4.0, 1.0, -3.5, 0.5, 5, 0, size(), -3.0
3, 1608, -4.0, 1.0, -3.5, 1.0, 5, 0, size(), -3.0
3, 1609, -4.0, 1.0, -3.5, 1.5, 5, 0, size(), -3.0
3, 1610, -4.0, 1.0, -3.5, 2.0, 5, 0, size(), -3.0
3, 1611, -4.0, 1.0, -3.5, 2.5, 5, 0, size(), -3.0
3, 1612, -4.0, 1.0, -3.5, 3.0, 5, 0, size(), -3.0
3, 1613, -4.0, 1.0, -3.5, 3.5, 5, 0, list.trimSize(), -2.5
3, 1614, -4.0, 1.0, -3.5, 4.0, 5, 0, list.trimSize(), -1.5
3, 1615, -4.0, 1.0, -3.5, 4.5, 5, 0, list.trimSize(), -0.5
3, 1616, -4.0, 1.0, -3.5, 5.0, 5, 0, list.trimSize(), 0.5
3, 1617, -4.0, 1.0, -3.0, 0.0, 5, 0, size(), -3.0
3, 1618, -4.0, 1.0, -3.0, 0.5, 5, 0, size(), -3.0
3, 1619, -4.0, 1.0, -3.0, 1.0, 5, 0, size(), -3.0
3, 1620, -4.0, 1.0, -3.0, 1.5, 5, 0, size(), -3.0
3, 1621, -4.0, 1.0, -3.0, 2.0, 5, 0, size(), -3.0
3, 1622, -4.0, 1.0, -3.0, 2.5, 5, 0, size(), -3.0
3, 1623, -4.0, 1.0, -3.0, 3.0, 5, 0, size(), -3.0
3, 1624, -4.0, 1.0, -3.0, 3.5, 5, 0, list.trimSize(), -2.0
3, 1625, -4.0, 1.0, -3.0, 4.0, 5, 0, list.trimSize(), -1.0
3, 1626, -4.0, 1.0, -3.0, 4.5, 5, 0, list.trimSize(), 0.0
3, 1627, -4.0, 1.0, -3.0, 5.0, 5, 0, list.trimSize(), 1.0
3, 1628, -4.0, 1.0, -2.5, 0.0, 5, 0, size(), -3.0
3, 1629, -4.0, 1.0, -2.5, 0.5, 5, 0, size(), -3.0
3, 1630, -4.0, 1.0, -2.5, 1.0, 5, 0, size(), -3.0
3, 1631, -4.0, 1.0, -2.5, 1.5, 5, 0, size(), -3.0
3, 1632, -4.0, 1.0, -2.5, 2.0, 5, 0, size(), -3.0
3, 1633, -4.0, 1.0, -2.5, 2.5, 5, 0, size(), -3.0
3, 1634, -4.0, 1.0, -2.5, 3.0, 5, 1, size(), -3.0
3, 1635, -4.0, 1.0, -2.5, 3.5, 5, 0, list.trimSize(), -1.5
3, 1636, -4.0, 1.0, -2.5, 4.0, 5, 0, list.trimSize(), -0.5
3, 1637, -4.0, 1.0, -2.5, 4.5, 5, 0, list.trimSize(), 0.5
3, 1638, -4.0, 1.0, -2.5, 5.0, 5, 0, list.trimSize(), 1.5
3, 1639, -4.0, 1.0, -2.0, 0.0, 5, 0, size(), -3.0
3, 1640, -4.0, 1.0, -2.0, 0.5, 5, 0, size(), -3.0
3, 1641, -4.0, 1.0, -2.0, 1.0, 5, 0, size(), -3.0
3, 1642, -4.0, 1.0, -2.0, 1.5, 5, 0, size(), -3.0
3, 1643, -4.0, 1.0, -2.0, 2.0, 5, 0, size(), -3.0
3, 1644, -4.0, 1.0, -2.0, 2.5, 5, 1, size(), -3.0
3, 1645, -4.0, 1.0, -2.0, 3.0, 5, 1, size(), -3.0
3, 1646, -4.0, 1.0, -2.0, 3.5, 5, 0, list.trimSize(), -1.0
3, 1647, -4.0, 1.0, -2.0, 4.0, 5, 0, list.trimSize(), 0.0
3, 1648, -4.0, 1.0, -2.0, 4.5, 5, 0, list.trimSize(), 1.0
3, 1649, -4.0, 1.0, -2.0, 5.0, 5, 0, list.trimSize(), 2.0
3, 1650, -4.0, 1.0, -1.5, 0.0, 5, 0, size(), -3.0
3, 1651, -4.0, 1.0, -1.5, 0.5, 5, 0, size(), -3.0
3, 1652, -4.0, 1.0, -1.5, 1.0, 5, 0, size(), -3.0
3, 1653, -4.0, 1.0, -1.5, 1.5, 5, 0, size(), -3.0
3, 1654, -4.0, 1.0, -1.5, 2.0, 5, 1, size(), -3.0
3, 1655, -4.0, 1.0, -1.5, 2.5, 5, 1, size(), -3.0
3, 1656, -4.0, 1.0, -1.5, 3.0, 5, 1, size(), -3.0
3, 1657, -4.0, 1.0, -1.5, 3.5, 5, 0, list.trimSize(), -0.5
3, 1658, -4.0, 1.0, -1.5, 4.0, 5, 0, list.trimSize(), 0.5
3, 1659, -4.0, 1.0, -1.5, 4.5, 5, 0, list.trimSize(), 1.5
3, 1660, -4.0, 1.0, -1.5, 5.0, 5, 0, list.trimSize(), 2.5
3, 1661, -4.0, 1.0, -1.0, 0.0, 5, 0, size(), -3.0
3, 1662, -4.0, 1.0, -1.0, 0.5, 5, 0, size(), -3.0
3, 1663, -4.0, 1.0, -1.0, 1.0, 5, 0, size(), -3.0
3, 1664, -4.0, 1.0, -1.0, 1.5, 5, 1, size(), -3.0
3, 1665, -4.0, 1.0, -1.0, 2.0, 5, 1, size(), -3.0
3, 1666, -4.0, 1.0, -1.0, 2.5, 5, 1, size(), -3.0
3, 1667, -4.0, 1.0, -1.0, 3.0, 5, 1, size(), -3.0
3, 1668, -4.0, 1.0, -1.0, 3.5, 5, 0, list.trimSize(), 0.0
3, 1669, -4.0, 1.0, -1.0, 4.0, 5, 0, list.trimSize(), 1.0
3, 1670, -4.0, 1.0, -1.0, 4.5, 5, 0, list.trimSize(), 2.0
3, 1671, -4.0, 1.0, -1.0, 5.0, 5, 0, list.trimSize(), 3.0
3, 1672, -4.0, 1.0, -0.5, 0.0, 5, 0, size(), -3.0
3, 1673, -4.0, 1.0, -0.5, 0.5, 5, 0, size(), -3.0
3, 1674, -4.0, 1.0, -0.5, 1.0, 5, 1, size(), -3.0
3, 1675, -4.0, 1.0, -0.5, 1.5, 5, 1, size(), -3.0
3, 1676, -4.0, 1.0, -0.5, 2.0, 5, 1, size(), -3.0
3, 1677, -4.0, 1.0, -0.5, 2.5, 5, 2, size(), -3.0
3, 1678, -4.0, 1.0, -0.5, 3.0, 5, 2, size(), -3.0
3, 1679, -4.0, 1.0, -0.5, 3.5, 5, 0, list.trimSize(), 0.5
3, 1680, -4.0, 1.0, -0.5, 4.0, 5, 0, list.trimSize(), 1.5
3, 1681, -4.0, 1.0, -0.5, 4.5, 5, 15, size(), -3.0
3, 1682, -4.0, 1.0, -0.5, 5.0, 5, 30, size(), -3.0
3, 1683, -4.0, 1.0, 0.0, 0.0, 5, 0, size(), -3.0
3, 1684, -4.0, 1.0, 0.0, 0.5, 5, 1, size(), -3.0
3, 1685, -4.0, 1.0, 0.0, 1.0, 5, 2, size(), -3.0
3, 1686, -4.0, 1.0, 0.0, 1.5, 5, 2, size(), -3.0
3, 1687, -4.0, 1.0, 0.0, 2.0, 5, 2, size(), -3.0
3, 1688, -4.0, 1.0, 0.0, 2.5, 5, 2, size(), -3.0
3, 1689, -4.0, 1.0, 0.0, 3.0, 5, 2, size(), -3.0
3, 1690, -4.0, 1.0, 0.0, 3.5, 5, 0, list.trimSize(), 1.0
3, 1691, -4.0, 1.0, 0.0, 4.0, 5, 29, size(), -3.0
3, 1692, -4.0, 1.0, 0.0, 4.5, 5, 46, size(), -3.0
3, 1693, -4.0, 1.0, 0.0, 5.0, 5, 103, size(), -3.0
3, 1694, -3.5, 1.0, -5.0, 0.0, 5, 0, size(), -2.5
3, 1695, -3.5, 1.0, -5.0, 0.5, 5, 0, size(), -2.5
3, 1696, -3.5, 1.0, -5.0, 1.0, 5, 0, size(), -2.5
3, 1697, -3.5, 1.0, -5.0, 1.5, 5, 0, size(), -2.5
3, 1698, -3.5, 1.0, -5.0, 2.0, 5, 0, size(), -2.5
3, 1699, -3.5, 1.0, -5.0, 2.5, 5, 0, size(), -2.5
3, 1700, -3.5, 1.0, -5.0, 3.0, 5, 0, size(), -2.5
3, 1701, -3.5, 1.0, -5.0, 3.5, 5, 0, size(), -2.5
3, 1702, -3.5, 1.0, -5.0, 4.0, 5, 0, list.trimSize(), -2.0
3, 1703, -3.5, 1.0, -5.0, 4.5, 5, 0, list.trimSize(), -1.0
3, 1704, -3.5, 1.0, -5.0, 5.0, 5, 0, list.trimSize(), 0.0
3, 1705, -3.5, 1.0, -4.5, 0.0, 5, 0, size(), -2.5
3, 1706, -3.5, 1.0, -4.5, 0.5, 5, 0, size(), -2.5
3, 1707, -3.5, 1.0, -4.5, 1.0, 5, 0, size(), -2.5
3, 1708, -3.5, 1.0, -4.5, 1.5, 5, 0, size(), -2.5
3, 1709, -3.5, 1.0, -4.5, 2.0, 5, 0, size(), -2.5
3, 1710, -3.5, 1.0, -4.5, 2.5, 5, 0, size(), -2.5
3, 1711, -3.5, 1.0, -4.5, 3.0, 5, 0, size(), -2.5
3, 1712, -3.5, 1.0, -4.5, 3.5, 5, 0, size(), -2.5
3, 1713, -3.5, 1.0, -4.5, 4.0, 5, 0, list.trimSize(), -1.5
3, 1714, -3.5, 1.0, -4.5, 4.5, 5, 0, list.trimSize(), -0.5
3, 1715, -3.5, 1.0, -4.5, 5.0, 5, 0, list.trimSize(), 0.5
3, 1716, -3.5, 1.0, -4.0, 0.0, 5, 0, size(), -2.5
3, 1717, -3.5, 1.0, -4.0, 0.5, 5, 0, size(), -2.5
3, 1718, -3.5, 1.0, -4.0, 1.0, 5, 0, size(), -2.5
3, 1719, -3.5, 1.0, -4.0, 1.5, 5, 0, size(), -2.5
3, 1720, -3.5, 1.0, -4.0, 2.0, 5, 0, size(), -2.5
3, 1721, -3.5, 1.0, -4.0, 2.5, 5, 0, size(), -2.5
3, 1722, -3.5, 1.0, -4.0, 3.0, 5, 0, size(), -2.5
3, 1723, -3.5, 1.0, -4.0, 3.5, 5, 0, list.trimSize(), -2.0
3, 1724, -3.5, 1.0, -4.0, 4.0, 5, 0, list.trimSize(), -1.0
3, 1725, -3.5, 1.0, -4.0, 4.5, 5, 0, list.trimSize(), 0.0
3, 1726, -3.5, 1.0, -4.0, 5.0, 5, 0, list.trimSize(), 1.0
3, 1727, -3.5, 1.0, -3.5, 0.0, 5, 0, size(), -2.5
3, 1728, -3.5, 1.0, -3.5, 0.5, 5, 0, size(), -2.5
3, 1729, -3.5, 1.0, -3.5, 1.0, 5, 0, size(), -2.5
3, 1730, -3.5, 1.0, -3.5, 1.5, 5, 0, size(), -2.5
3, 1731, -3.5, 1.0, -3.5, 2.0, 5, 0, size(), -2.5
3, 1732, -3.5, 1.0, -3.5, 2.5, 5, 0, size(), -2.5
3, 1733, -3.5, 1.0, -3.5, 3.0, 5, 0, size(), -2.5
3, 1734, -3.5, 1.0, -3.5, 3.5, 5, 0, list.trimSize(), -1.5
3, 1735, -3.5, 1.0, -3.5, 4.0, 5, 0, list.trimSize(), -0.5
3, 1736, -3.5, 1.0, -3.5, 4.5, 5, 0, list.trimSize(), 0.5
3, 1737, -3.5, 1.0, -3.5, 5.0, 5, 0, list.trimSize(), 1.5
3, 1738, -3.5, 1.0, -3.0, 0.0, 5, 0, size(), -2.5
3, 1739, -3.5, 1.0, -3.0, 0.5, 5, 0, size(), -2.5
3, 1740, -3.5, 1.0, -3.0, 1.0, 5, 0, size(), -2.5
3, 1741, -3.5, 1.0, -3.0, 1.5, 5, 0, size(), -2.5
3, 1742, -3.5, 1.0, -3.0, 2.0, 5, 0, size(), -2.5
3, 1743, -3.5, 1.0, -3.0, 2.5, 5, 0, size(), -2.5
3, 1744, -3.5, 1.0, -3.0, 3.0, 5, 0, list.trimSize(), -2.0
3, 1745, -3.5, 1.0, -3.0, 3.5, 5, 0, list.trimSize(), -1.0
3, 1746, -3.5, 1.0, -3.0, 4.0, 5, 0, list.trimSize(), 0.0
3, 1747, -3.5, 1.0, -3.0, 4.5, 5, 0, list.trimSize(), 1.0
3, 1748, -3.5, 1.0, -3.0, 5.0, 5, 0, list.trimSize(), 2.0
3, 1749, -3.5, 1.0, -2.5, 0.0, 5, 0, size(), -2.5
3, 1750, -3.5, 1.0, -2.5, 0.5, 5, 0, size(), -2.5
3, 1751, -3.5, 1.0, -2.5, 1.0, 5, 0, size(), -2.5
3, 1752, -3.5, 1.0, -2.5, 1.5, 5, 0, size(), -2.5
3, 1753, -3.5, 1.0, -2.5, 2.0, 5, 0, size(), -2.5
3, 1754, -3.5, 1.0, -2.5, 2.5, 5, 0, size(), -2.5
3, 1755, -3.5, 1.0, -2.5, 3.0, 5, 0, list.trimSize(), -1.5
3, 1756, -3.5, 1.0, -2.5, 3.5, 5, 0, list.trimSize(), -0.5
3, 1757, -3.5, 1.0, -2.5, 4.0, 5, 0, list.trimSize(), 0.5
3, 1758, -3.5, 1.0, -2.5, 4.5, 5, 0, list.trimSize(), 1.5
3, 1759, -3.5, 1.0, -2.5, 5.0, 5, 0, list.trimSize(), 2.5
3, 1760, -3.5, 1.0, -2.0, 0.0, 5, 0, size(), -2.5
3, 1761, -3.5, 1.0, -2.0, 0.5, 5, 0, size(), -2.5
3, 1762, -3.5, 1.0, -2.0, 1.0, 5, 0, size(), -2.5
3, 1763, -3.5, 1.0, -2.0, 1.5, 5, 0, size(), -2.5
3, 1764, -3.5, 1.0, -2.0, 2.0, 5, 0, size(), -2.5
3, 1765, -3.5, 1.0, -2.0, 2.5, 5, 1, size(), -2.5
3, 1766, -3.5, 1.0, -2.0, 3.0, 5, 0, list.trimSize(), -1.0
3, 1767, -3.5, 1.0, -2.0, 3.5, 5, 0, list.trimSize(), 0.0
3, 1768, -3.5, 1.0, -2.0, 4.0, 5, 0, list.trimSize(), 1.0
3, 1769, -3.5, 1.0, -2.0, 4.5, 5, 0, list.trimSize(), 2.0
3, 1770, -3.5, 1.0, -2.0, 5.0, 5, 0, list.trimSize(), 3.0
3, 1771, -3.5, 1.0, -1.5, 0.0, 5, 0, size(), -2.5
3, 1772, -3.5, 1.0, -1.5, 0.5, 5, 0, size(), -2.5
3, 1773, -3.5, 1.0, -1.5, 1.0, 5, 0, size(), -2.5
3, 1774, -3.5, 1.0, -1.5, 1.5, 5, 0, size(), -2.5
3, 1775, -3.5, 1.0, -1.5, 2.0, 5, 1, size(), -2.5
3, 1776, -3.5, 1.0, -1.5, 2.5, 5, 1, size(), -2.5
3, 1777, -3.5, 1.0, -1.5, 3.0, 5, 0, list.trimSize(), -0.5
3, 1778, -3.5, 1.0, -1.5, 3.5, 5, 0, list.trimSize(), 0.5
3, 1779, -3.5, 1.0, -1.5, 4.0, 5, 0, list.trimSize(), 1.5
3, 1780, -3.5, 1.0, -1.5, 4.5, 5, 0, list.trimSize(), 2.5
3, 1781, -3.5, 1.0, -1.5, 5.0, 5, 0, list.trimSize(), 3.5
3, 1782, -3.5, 1.0, -1.0, 0.0, 5, 0, size(), -2.5
3, 1783, -3.5, 1.0, -1.0, 0.5, 5, 0, size(), -2.5
3, 1784, -3.5, 1.0, -1.0, 1.0, 5, 0, size(), -2.5
3, 1785, -3.5, 1.0, -1.0, 1.5, 5, 1, size(), -2.5
3, 1786, -3.5, 1.0, -1.0, 2.0, 5, 1, size(), -2.5
3, 1787, -3.5, 1.0, -1.0, 2.5, 5, 1, size(), -2.5
3, 1788, -3.5, 1.0, -1.0, 3.0, 5, 0, list.trimSize(), 0.0
3, 1789, -3.5, 1.0, -1.0, 3.5, 5, 0, list.trimSize(), 1.0
3, 1790, -3.5, 1.0, -1.0, 4.0, 5, 0, list.trimSize(), 2.0
3, 1791, -3.5, 1.0, -1.0, 4.5, 5, 0, list.trimSize(), 3.0
3, 1792, -3.5, 1.0, -1.0, 5.0, 5, 25, size(), -2.5
3, 1793, -3.5, 1.0, -0.5, 0.0, 5, 0, size(), -2.5
3, 1794, -3.5, 1.0, -0.5, 0.5, 5, 0, size(), -2.5
3, 1795, -3.5, 1.0, -0.5, 1.0, 5, 1, size(), -2.5
3, 1796, -3.5, 1.0, -0.5, 1.5, 5, 1, size(), -2.5
3, 1797, -3.5, 1.0, -0.5, 2.0, 5, 1, size(), -2.5
3, 1798, -3.5, 1.0, -0.5, 2.5, 5, 2, size(), -2.5
3, 1799, -3.5, 1.0, -0.5, 3.0, 5, 0, list.trimSize(), 0.5
3, 1800, -3.5, 1.0, -0.5, 3.5, 5, 0, list.trimSize(), 1.5
3, 1801, -3.5, 1.0, -0.5, 4.0, 5, 15, size(), -2.5
3, 1802, -3.5, 1.0, -0.5, 4.5, 5, 30, size(), -2.5
3, 1803, -3.5, 1.0, -0.5, 5.0, 5, 36, size(), -2.5
3, 1804, -3.5, 1.0, 0.0, 0.0, 5, 0, size(), -2.5
3, 1805, -3.5, 1.0, 0.0, 0.5, 5, 1, size(), -2.5
3, 1806, -3.5, 1.0, 0.0, 1.0, 5, 2, size(), -2.5
3, 1807, -3.5, 1.0, 0.0, 1.5, 5, 2, size(), -2.5
3, 1808, -3.5, 1.0, 0.0, 2.0, 5, 2, size(), -2.5
3, 1809, -3.5, 1.0, 0.0, 2.5, 5, 2, size(), -2.5
3, 1810, -3.5, 1.0, 0.0, 3.0, 5, 0, list.trimSize(), 1.0
3, 1811, -3.5, 1.0, 0.0, 3.5, 5, 29, size(), -2.5
3, 1812, -3.5, 1.0, 0.0, 4.0, 5, 46, size(), -2.5
3, 1813, -3.5, 1.0, 0.0, 4.5, 5, 106, size(), -2.5
3, 1814, -3.5, 1.0, 0.0, 5.0, 5, 210, size(), -2.5
3, 1815, -3.0, 1.0, -5.0, 0.0, 5, 0, size(), -2.0
3, 1816, -3.0, 1.0, -5.0, 0.5, 5, 0, size(), -2.0
3, 1817, -3.0, 1.0, -5.0, 1.0, 5, 0, size(), -2.0
3, 1818, -3.0, 1.0, -5.0, 1.5, 5, 0, size(), -2.0
3, 1819, -3.0, 1.0, -5.0, 2.0, 5, 0, size(), -2.0
3, 1820, -3.0, 1.0, -5.0, 2.5, 5, 0, size(), -2.0
3, 1821, -3.0, 1.0, -5.0, 3.0, 5, 0, size(), -2.0
3, 1822, -3.0, 1.0, -5.0, 3.5, 5, 0, size(), -2.0
3, 1823, -3.0, 1.0, -5.0, 4.0, 5, 0, list.trimSize(), -1.0
3, 1824, -3.0, 1.0, -5.0, 4.5, 0, 0, list.size(), 0.5
3, 1825, -3.0, 1.0, -5.0, 5.0, 0, 1, list.size(), 1.0
3, 1826, -3.0, 1.0, -4.5, 0.0, 5, 0, size(), -2.0
3, 1827, -3.0, 1.0, -4.5, 0.5, 5, 0, size(), -2.0
3, 1828, -3.0, 1.0, -4.5, 1.0, 5, 0, size(), -2.0
3, 1829, -3.0, 1.0, -4.5, 1.5, 5, 0, size(), -2.0
3, 1830, -3.0, 1.0, -4.5, 2.0, 5, 0, size(), -2.0
3, 1831, -3.0, 1.0, -4.5, 2.5, 5, 0, size(), -2.0
3, 1832, -3.0, 1.0, -4.5, 3.0, 5, 0, size(), -2.0
3, 1833, -3.0, 1.0, -4.5, 3.5, 5, 0, list.trimSize(), -1.5
3, 1834, -3.0, 1.0, -4.5, 4.0, 5, 0, list.trimSize(), -0.5
3, 1835, -3.0, 1.0, -4.5, 4.5, 0, 1, list.size(), 0.5
3, 1836, -3.0, 1.0, -4.5, 5.0, 0, 1, list.size(), 1.0
3, 1837, -3.0, 1.0, -4.0, 0.0, 5, 0, size(), -2.0
3, 1838, -3.0, 1.0, -4.0, 0.5, 5, 0, size(), -2.0
3, 1839, -3.0, 1.0, -4.0, 1.0, 5, 0, size(), -2.0
3, 1840, -3.0, 1.0, -4.0, 1.5, 5, 0, size(), -2.0
3, 1841, -3.0, 1.0, -4.0, 2.0, 5, 0, size(), -2.0
3, 1842, -3.0, 1.0, -4.0, 2.5, 5, 0, size(), -2.0
3, 1843, -3.0, 1.0, -4.0, 3.0, 5, 0, size(), -2.0
3, 1844, -3.0, 1.0, -4.0, 3.5, 5, 0, list.trimSize(), -1.0
3, 1845, -3.0, 1.0, -4.0, 4.0, 5, 0, list.trimSize(), 0.0
3, 1846, -3.0, 1.0, -4.0, 4.5, 0, 1, list.size(), 0.5
3, 1847, -3.0, 1.0, -4.0, 5.0, 0, 1, list.size(), 1.0
3, 1848, -3.0, 1.0, -3.5, 0.0, 5, 0, size(), -2.0
3, 1849, -3.0, 1.0, -3.5, 0.5, 5, 0, size(), -2.0
3, 1850, -3.0, 1.0, -3.5, 1.0, 5, 0, size(), -2.0
3, 1851, -3.0, 1.0, -3.5, 1.5, 5, 0, size(), -2.0
3, 1852, -3.0, 1.0, -3.5, 2.0, 5, 0, size(), -2.0
3, 1853, -3.0, 1.0, -3.5, 2.5, 5, 0, size(), -2.0
3, 1854, -3.0, 1.0, -3.5, 3.0, 5, 0, list.trimSize(), -1.5
3, 1855, -3.0, 1.0, -3.5, 3.5, 5, 0, list.trimSize(), -0.5
3, 1856, -3.0, 1.0, -3.5, 4.0, 5, 0, list.trimSize(), 0.5
3, 1857, -3.0, 1.0, -3.5, 4.5, 0, 1, list.size(), 0.5
3, 1858, -3.0, 1.0, -3.5, 5.0, 0, 1, list.size(), 1.0
3, 1859, -3.0, 1.0, -3.0, 0.0, 5, 0, size(), -2.0
3, 1860, -3.0, 1.0, -3.0, 0.5, 5, 0, size(), -2.0
3, 1861, -3.0, 1.0, -3.0, 1.0, 5, 0, size(), -2.0
3, 1862, -3.0, 1.0, -3.0, 1.5, 5, 0, size(), -2.0
3, 1863, -3.0, 1.0, -3.0, 2.0, 5, 0, size(), -2.0
3, 1864, -3.0, 1.0, -3.0, 2.5, 5, 0, size(), -2.0
3, 1865, -3.0, 1.0, -3.0, 3.0, 5, 0, list.trimSize(), -1.0
3, 1866, -3.0, 1.0, -3.0, 3.5, 5, 0, list.trimSize(), 0.0
3, 1867, -3.0, 1.0, -3.0, 4.0, 5, 0, list.trimSize(), 1.0
3, 1868, -3.0, 1.0, -3.0, 4.5, 0, 1, list.size(), 0.5
3, 1869, -3.0, 1.0, -3.0, 5.0, 0, 1, list.size(), 1.0
3, 1870, -3.0, 1.0, -2.5, 0.0, 5, 0, size(), -2.0
3, 1871, -3.0, 1.0, -2.5, 0.5, 5, 0, size(), -2.0
3, 1872, -3.0, 1.0, -2.5, 1.0, 5, 0, size(), -2.0
3, 1873, -3.0, 1.0, -2.5, 1.5, 5, 0, size(), -2.0
3, 1874, -3.0, 1.0, -2.5, 2.0, 5, 0, size(), -2.0
3, 1875, -3.0, 1.0, -2.5, 2.5, 5, 0, list.trimSize(), -1.5
3, 1876, -3.0, 1.0, -2.5, 3.0, 5, 0, list.trimSize(), -0.5
3, 1877, -3.0, 1.0, -2.5, 3.5, 5, 0, list.trimSize(), 0.5
3, 1878, -3.0, 1.0, -2.5, 4.0, 5, 0, list.trimSize(), 1.5
3, 1879, -3.0, 1.0, -2.5, 4.5, 0, 1, list.size(), 0.5
3, 1880, -3.0, 1.0, -2.5, 5.0, 0, 1, list.size(), 1.0
3, 1881, -3.0, 1.0, -2.0, 0.0, 5, 0, size(), -2.0
3, 1882, -3.0, 1.0, -2.0, 0.5, 5, 0, size(), -2.0
3, 1883, -3.0, 1.0, -2.0, 1.0, 5, 0, size(), -2.0
3, 1884, -3.0, 1.0, -2.0, 1.5, 5, 0, size(), -2.0
3, 1885, -3.0, 1.0, -2.0, 2.0, 5, 0, size(), -2.0
3, 1886, -3.0, 1.0, -2.0, 2.5, 5, 0, list.trimSize(), -1.0
3, 1887, -3.0, 1.0, -2.0, 3.0, 5, 0, list.trimSize(), 0.0
3, 1888, -3.0, 1.0, -2.0, 3.5, 5, 0, list.trimSize(), 1.0
3, 1889, -3.0, 1.0, -2.0, 4.0, 5, 0, list.trimSize(), 2.0
3, 1890, -3.0, 1.0, -2.0, 4.5, 0, 1, list.size(), 0.5
3, 1891, -3.0, 1.0, -2.0, 5.0, 0, 2, list.size(), 1.0
3, 1892, -3.0, 1.0, -1.5, 0.0, 5, 0, size(), -2.0
3, 1893, -3.0, 1.0, -1.5, 0.5, 5, 0, size(), -2.0
3, 1894, -3.0, 1.0, -1.5, 1.0, 5, 0, size(), -2.0
3, 1895, -3.0, 1.0, -1.5, 1.5, 5, 0, size(), -2.0
3, 1896, -3.0, 1.0, -1.5, 2.0, 5, 1, size(), -2.0
3, 1897, -3.0, 1.0, -1.5, 2.5, 5, 0, list.trimSize(), -0.5
3, 1898, -3.0, 1.0, -1.5, 3.0, 5, 0, list.trimSize(), 0.5
3, 1899, -3.0, 1.0, -1.5, 3.5, 5, 0, list.trimSize(), 1.5
3, 1900, -3.0, 1.0, -1.5, 4.0, 5, 0, list.trimSize(), 2.5
3, 1901, -3.0, 1.0, -1.5, 4.5, 0, 2, list.size(), 0.5
3, 1902, -3.0, 1.0, -1.5, 5.0, 0, 1, list.size(), 1.0
3, 1903, -3.0, 1.0, -1.0, 0.0, 5, 0, size(), -2.0
3, 1904, -3.0, 1.0, -1.0, 0.5, 5, 0, size(), -2.0
3, 1905, -3.0, 1.0, -1.0, 1.0, 5, 0, size(), -2.0
3, 1906, -3.0, 1.0, -1.0, 1.5, 5, 1, size(), -2.0
3, 1907, -3.0, 1.0, -1.0, 2.0, 5, 1, size(), -2.0
3, 1908, -3.0, 1.0, -1.0, 2.5, 5, 0, list.trimSize(), 0.0
3, 1909, -3.0, 1.0, -1.0, 3.0, 5, 0, list.trimSize(), 1.0
3, 1910, -3.0, 1.0, -1.0, 3.5, 5, 0, list.trimSize(), 2.0
3, 1911, -3.0, 1.0, -1.0, 4.0, 5, 0, list.trimSize(), 3.0
3, 1912, -3.0, 1.0, -1.0, 4.5, 0, 2, list.size(), 0.5
3, 1913, -3.0, 1.0, -1.0, 5.0, 0, 12, list.size(), 1.0
3, 1914, -3.0, 1.0, -0.5, 0.0, 5, 0, size(), -2.0
3, 1915, -3.0, 1.0, -0.5, 0.5, 5, 0, size(), -2.0
3, 1916, -3.0, 1.0, -0.5, 1.0, 5, 1, size(), -2.0
3, 1917, -3.0, 1.0, -0.5, 1.5, 5, 1, size(), -2.0
3, 1918, -3.0, 1.0, -0.5, 2.0, 5, 1, size(), -2.0
3, 1919, -3.0, 1.0, -0.5, 2.5, 5, 0, list.trimSize(), 0.5
3, 1920, -3.0, 1.0, -0.5, 3.0, 5, 0, list.trimSize(), 1.5
3, 1921, -3.0, 1.0, -0.5, 3.5, 5, 15, size(), -2.0
3, 1922, -3.0, 1.0, -0.5, 4.0, 5, 30, size(), -2.0
3, 1923, -3.0, 1.0, -0.5, 4.5, 0, 31, list.size(), 0.5
3, 1924, -3.0, 1.0, -0.5, 5.0, 0, 36, list.size(), 1.0
3, 1925, -3.0, 1.0, 0.0, 0.0, 5, 0, size(), -2.0
3, 1926, -3.0, 1.0, 0.0, 0.5, 5, 1, size(), -2.0
3, 1927, -3.0, 1.0, 0.0, 1.0, 5, 2, size(), -2.0
3, 1928, -3.0, 1.0, 0.0, 1.5, 5, 2, size(), -2.0
3, 1929, -3.0, 1.0, 0.0, 2.0, 5, 2, size(), -2.0
3, 1930, -3.0, 1.0, 0.0, 2.5, 5, 0, list.trimSize(), 1.0
3, 1931, -3.0, 1.0, 0.0, 3.0, 5, 29, size(), -2.0
3, 1932, -3.0, 1.0, 0.0, 3.5, 5, 54, size(), -2.0
3, 1933, -3.0, 1.0, 0.0, 4.0, 5, 107, size(), -2.0
3, 1934, -3.0, 1.0, 0.0, 4.5, 0, 96, list.size(), 0.5
3, 1935, -3.0, 1.0, 0.0, 5.0, 0, 235, list.size(), 1.0
3, 1936, -2.5, 1.0, -5.0, 0.0, 5, 0, size(), -1.5
3, 1937, -2.5, 1.0, -5.0, 0.5, 5, 0, size(), -1.5
3, 1938, -2.5, 1.0, -5.0, 1.0, 5, 0, size(), -1.5
3, 1939, -2.5, 1.0, -5.0, 1.5, 5, 0, size(), -1.5
3, 1940, -2.5, 1.0, -5.0, 2.0, 5, 0, size(), -1.5
3, 1941, -2.5, 1.0, -5.0, 2.5, 5, 0, size(), -1.5
3, 1942, -2.5, 1.0, -5.0, 3.0, 5, 0, size(), -1.5
3, 1943, -2.5, 1.0, -5.0, 3.5, 0, 0, list.size(), 0.5
3, 1944, -2.5, 1.0, -5.0, 4.0, 0, 0, list.size(), 1.0
3, 1945, -2.5, 1.0, -5.0, 4.5, 0, 0, list.size(), 1.5
3, 1946, -2.5, 1.0, -5.0, 5.0, 0, 1, list.size(), 2.0
3, 1947, -2.5, 1.0, -4.5, 0.0, 5, 0, size(), -1.5
3, 1948, -2.5, 1.0, -4.5, 0.5, 5, 0, size(), -1.5
3, 1949, -2.5, 1.0, -4.5, 1.0, 5, 0, size(), -1.5
3, 1950, -2.5, 1.0, -4.5, 1.5, 5, 0, size(), -1.5
3, 1951, -2.5, 1.0, -4.5, 2.0, 5, 0, size(), -1.5
3, 1952, -2.5, 1.0, -4.5, 2.5, 5, 0, size(), -1.5
3, 1953, -2.5, 1.0, -4.5, 3.0, 5, 0, size(), -1.5
3, 1954, -2.5, 1.0, -4.5, 3.5, 0, 0, list.size(), 0.5
3, 1955, -2.5, 1.0, -4.5, 4.0, 0, 0, list.size(), 1.0
3, 1956, -2.5, 1.0, -4.5, 4.5, 0, 1, list.size(), 1.5
3, 1957, -2.5, 1.0, -4.5, 5.0, 0, 1, list.size(), 2.0
3, 1958, -2.5, 1.0, -4.0, 0.0, 5, 0, size(), -1.5
3, 1959, -2.5, 1.0, -4.0, 0.5, 5, 0, size(), -1.5
3, 1960, -2.5, 1.0, -4.0, 1.0, 5, 0, size(), -1.5
3, 1961, -2.5, 1.0, -4.0, 1.5, 5, 0, size(), -1.5
3, 1962, -2.5, 1.0, -4.0, 2.0, 5, 0, size(), -1.5
3, 1963, -2.5, 1.0, -4.0, 2.5, 5, 0, size(), -1.5
3, 1964, -2.5, 1.0, -4.0, 3.0, 5, 0, list.trimSize(), -1.0
3, 1965, -2.5, 1.0, -4.0, 3.5, 0, 0, list.size(), 0.5
3, 1966, -2.5, 1.0, -4.0, 4.0, 0, 1, list.size(), 1.0
3, 1967, -2.5, 1.0, -4.0, 4.5, 0, 1, list.size(), 1.5
3, 1968, -2.5, 1.0, -4.0, 5.0, 0, 1, list.size(), 2.0
3, 1969, -2.5, 1.0, -3.5, 0.0, 5, 0, size(), -1.5
3, 1970, -2.5, 1.0, -3.5, 0.5, 5, 0, size(), -1.5
3, 1971, -2.5, 1.0, -3.5, 1.0, 5, 0, size(), -1.5
3, 1972, -2.5, 1.0, -3.5, 1.5, 5, 0, size(), -1.5
3, 1973, -2.5, 1.0, -3.5, 2.0, 5, 0, size(), -1.5
3, 1974, -2.5, 1.0, -3.5, 2.5, 5, 0, size(), -1.5
3, 1975, -2.5, 1.0, -3.5, 3.0, 5, 0, list.trimSize(), -0.5
3, 1976, -2.5, 1.0, -3.5, 3.5, 0, 1, list.size(), 0.5
3, 1977, -2.5, 1.0, -3.5, 4.0, 0, 1, list.size(), 1.0
3, 1978, -2.5, 1.0, -3.5, 4.5, 0, 1, list.size(), 1.5
3, 1979, -2.5, 1.0, -3.5, 5.0, 0, 1, list.size(), 2.0
3, 1980, -2.5, 1.0, -3.0, 0.0, 5, 0, size(), -1.5
3, 1981, -2.5, 1.0, -3.0, 0.5, 5, 0, size(), -1.5
3, 1982, -2.5, 1.0, -3.0, 1.0, 5, 0, size(), -1.5
3, 1983, -2.5, 1.0, -3.0, 1.5, 5, 0, size(), -1.5
3, 1984, -2.5, 1.0, -3.0, 2.0, 5, 0, size(), -1.5
3, 1985, -2.5, 1.0, -3.0, 2.5, 5, 0, list.trimSize(), -1.0
3, 1986, -2.5, 1.0, -3.0, 3.0, 5, 0, list.trimSize(), 0.0
3, 1987, -2.5, 1.0, -3.0, 3.5, 0, 1, list.size(), 0.5
3, 1988, -2.5, 1.0, -3.0, 4.0, 0, 1, list.size(), 1.0
3, 1989, -2.5, 1.0, -3.0, 4.5, 0, 1, list.size(), 1.5
3, 1990, -2.5, 1.0, -3.0, 5.0, 0, 1, list.size(), 2.0
3, 1991, -2.5, 1.0, -2.5, 0.0, 5, 0, size(), -1.5
3, 1992, -2.5, 1.0, -2.5, 0.5, 5, 0, size(), -1.5
3, 1993, -2.5, 1.0, -2.5, 1.0, 5, 0, size(), -1.5
3, 1994, -2.5, 1.0, -2.5, 1.5, 5, 0, size(), -1.5
3, 1995, -2.5, 1.0, -2.5, 2.0, 5, 0, size(), -1.5
3, 1996, -2.5, 1.0, -2.5, 2.5, 5, 0, list.trimSize(), -0.5
3, 1997, -2.5, 1.0, -2.5, 3.0, 5, 0, list.trimSize(), 0.5
3, 1998, -2.5, 1.0, -2.5, 3.5, 0, 1, list.size(), 0.5
3, 1999, -2.5, 1.0, -2.5, 4.0, 0, 1, list.size(), 1.0
3, 2000, -2.5, 1.0, -2.5, 4.5, 0, 1, list.size(), 1.5
3, 2001, -2.5, 1.0, -2.5, 5.0, 0, 3, list.size(), 2.0
3, 2002, -2.5, 1.0, -2.0, 0.0, 5, 0, size(), -1.5
3, 2003, -2.5, 1.0, -2.0, 0.5, 5, 0, size(), -1.5
3, 2004, -2.5, 1.0, -2.0, 1.0, 5, 0, size(), -1.5
3, 2005, -2.5, 1.0, -2.0, 1.5, 5, 0, size(), -1.5
3, 2006, -2.5, 1.0, -2.0, 2.0, 5, 0, list.trimSize(), -1.0
3, 2007, -2.5, 1.0, -2.0, 2.5, 5, 0, list.trimSize(), 0.0
3, 2008, -2.5, 1.0, -2.0, 3.0, 5, 0, list.trimSize(), 1.0
3, 2009, -2.5, 1.0, -2.0, 3.5, 0, 1, list.size(), 0.5
3, 2010, -2.5, 1.0, -2.0, 4.0, 0, 1, list.size(), 1.0
3, 2011, -2.5, 1.0, -2.0, 4.5, 0, 2, list.size(), 1.5
3, 2012, -2.5, 1.0, -2.0, 5.0, 0, 4, list.size(), 2.0
3, 2013, -2.5, 1.0, -1.5, 0.0, 5, 0, size(), -1.5
3, 2014, -2.5, 1.0, -1.5, 0.5, 5, 0, size(), -1.5
3, 2015, -2.5, 1.0, -1.5, 1.0, 5, 0, size(), -1.5
3, 2016, -2.5, 1.0, -1.5, 1.5, 5, 0, size(), -1.5
3, 2017, -2.5, 1.0, -1.5, 2.0, 5, 0, list.trimSize(), -0.5
3, 2018, -2.5, 1.0, -1.5, 2.5, 5, 0, list.trimSize(), 0.5
3, 2019, -2.5, 1.0, -1.5, 3.0, 5, 0, list.trimSize(), 1.5
3, 2020, -2.5, 1.0, -1.5, 3.5, 0, 1, list.size(), 0.5
3, 2021, -2.5, 1.0, -1.5, 4.0, 0, 2, list.size(), 1.0
3, 2022, -2.5, 1.0, -1.5, 4.5, 0, 1, list.size(), 1.5
3, 2023, -2.5, 1.0, -1.5, 5.0, 0, 4, list.size(), 2.0
3, 2024, -2.5, 1.0, -1.0, 0.0, 5, 0, size(), -1.5
3, 2025, -2.5, 1.0, -1.0, 0.5, 5, 0, size(), -1.5
3, 2026, -2.5, 1.0, -1.0, 1.0, 5, 0, size(), -1.5
3, 2027, -2.5, 1.0, -1.0, 1.5, 5, 1, size(), -1.5
3, 2028, -2.5, 1.0, -1.0, 2.0, 5, 0, list.trimSize(), 0.0
3, 2029, -2.5, 1.0, -1.0, 2.5, 5, 0, list.trimSize(), 1.0
3, 2030, -2.5, 1.0, -1.0, 3.0, 5, 0, list.trimSize(), 2.0
3, 2031, -2.5, 1.0, -1.0, 3.5, 0, 2, list.size(), 0.5
3, 2032, -2.5, 1.0, -1.0, 4.0, 0, 2, list.size(), 1.0
3, 2033, -2.5, 1.0, -1.0, 4.5, 0, 12, list.size(), 1.5
3, 2034, -2.5, 1.0, -1.0, 5.0, 0, 26, list.size(), 2.0
3, 2035, -2.5, 1.0, -0.5, 0.0, 5, 0, size(), -1.5
3, 2036, -2.5, 1.0, -0.5, 0.5, 5, 0, size(), -1.5
3, 2037, -2.5, 1.0, -0.5, 1.0, 5, 1, size(), -1.5
3, 2038, -2.5, 1.0, -0.5, 1.5, 5, 1, size(), -1.5
3, 2039, -2.5, 1.0, -0.5, 2.0, 5, 0, list.trimSize(), 0.5
3, 2040, -2.5, 1.0, -0.5, 2.5, 5, 0, list.trimSize(), 1.5
3, 2041, -2.5, 1.0, -0.5, 3.0, 5, 15, size(), -1.5
3, 2042, -2.5, 1.0, -0.5, 3.5, 0, 12, list.size(), 0.5
3, 2043, -2.5, 1.0, -0.5, 4.0, 0, 32, list.size(), 1.0
3, 2044, -2.5, 1.0, -0.5, 4.5, 0, 35, list.size(), 1.5
3, 2045, -2.5, 1.0, -0.5, 5.0, 0, 42, list.size(), 2.0
3, 2046, -2.5, 1.0, 0.0, 0.0, 5, 0, size(), -1.5
3, 2047, -2.5, 1.0, 0.0, 0.5, 5, 1, size(), -1.5
3, 2048, -2.5, 1.0, 0.0, 1.0, 5, 2, size(), -1.5
3, 2049, -2.5, 1.0, 0.0, 1.5, 5, 2, size(), -1.5
3, 2050, -2.5, 1.0, 0.0, 2.0, 5, 0, list.trimSize(), 1.0
3, 2051, -2.5, 1.0, 0.0, 2.5, 5, 29, size(), -1.5
3, 2052, -2.5, 1.0, 0.0, 3.0, 5, 54, size(), -1.5
3, 2053, -2.5, 1.0, 0.0, 3.5, 0, 72, list.size(), 0.5
3, 2054, -2.5, 1.0, 0.0, 4.0, 0, 213, list.size(), 1.0
3, 2055, -2.5, 1.0, 0.0, 4.5, 16, 233, Integer.MIN_VALUE, -2.5
3, 2056, -2.5, 1.0, 0.0, 5.0, 16, 236, Integer.MIN_VALUE, -2.5
3, 2057, -2.0, 1.0, -5.0, 0.0, 5, 0, size(), -1.0
3, 2058, -2.0, 1.0, -5.0, 0.5, 5, 0, size(), -1.0
3, 2059, -2.0, 1.0, -5.0, 1.0, 5, 0, size(), -1.0
3, 2060, -2.0, 1.0, -5.0, 1.5, 5, 0, size(), -1.0
3, 2061, -2.0, 1.0, -5.0, 2.0, 5, 0, size(), -1.0
3, 2062, -2.0, 1.0, -5.0, 2.5, 0, 0, list.size(), 0.5
3, 2063, -2.0, 1.0, -5.0, 3.0, 0, 0, list.size(), 1.0
3, 2064, -2.0, 1.0, -5.0, 3.5, 0, 0, list.size(), 1.5
3, 2065, -2.0, 1.0, -5.0, 4.0, 0, 0, list.size(), 2.0
3, 2066, -2.0, 1.0, -5.0, 4.5, 0, 0, list.size(), 2.5
3, 2067, -2.0, 1.0, -5.0, 5.0, 0, 1, list.size(), 3.0
3, 2068, -2.0, 1.0, -4.5, 0.0, 5, 0, size(), -1.0
3, 2069, -2.0, 1.0, -4.5, 0.5, 5, 0, size(), -1.0
3, 2070, -2.0, 1.0, -4.5, 1.0, 5, 0, size(), -1.0
3, 2071, -2.0, 1.0, -4.5, 1.5, 5, 0, size(), -1.0
3, 2072, -2.0, 1.0, -4.5, 2.0, 5, 0, size(), -1.0
3, 2073, -2.0, 1.0, -4.5, 2.5, 0, 0, list.size(), 0.5
3, 2074, -2.0, 1.0, -4.5, 3.0, 0, 0, list.size(), 1.0
3, 2075, -2.0, 1.0, -4.5, 3.5, 0, 0, list.size(), 1.5
3, 2076, -2.0, 1.0, -4.5, 4.0, 0, 0, list.size(), 2.0
3, 2077, -2.0, 1.0, -4.5, 4.5, 0, 1, list.size(), 2.5
3, 2078, -2.0, 1.0, -4.5, 5.0, 0, 1, list.size(), 3.0
3, 2079, -2.0, 1.0, -4.0, 0.0, 5, 0, size(), -1.0
3, 2080, -2.0, 1.0, -4.0, 0.5, 5, 0, size(), -1.0
3, 2081, -2.0, 1.0, -4.0, 1.0, 5, 0, size(), -1.0
3, 2082, -2.0, 1.0, -4.0, 1.5, 5, 0, size(), -1.0
3, 2083, -2.0, 1.0, -4.0, 2.0, 5, 0, size(), -1.0
3, 2084, -2.0, 1.0, -4.0, 2.5, 0, 0, list.size(), 0.5
3, 2085, -2.0, 1.0, -4.0, 3.0, 0, 0, list.size(), 1.0
3, 2086, -2.0, 1.0, -4.0, 3.5, 0, 0, list.size(), 1.5
3, 2087, -2.0, 1.0, -4.0, 4.0, 0, 1, list.size(), 2.0
3, 2088, -2.0, 1.0, -4.0, 4.5, 0, 1, list.size(), 2.5
3, 2089, -2.0, 1.0, -4.0, 5.0, 0, 2, list.size(), 3.0
3, 2090, -2.0, 1.0, -3.5, 0.0, 5, 0, size(), -1.0
3, 2091, -2.0, 1.0, -3.5, 0.5, 5, 0, size(), -1.0
3, 2092, -2.0, 1.0, -3.5, 1.0, 5, 0, size(), -1.0
3, 2093, -2.0, 1.0, -3.5, 1.5, 5, 0, size(), -1.0
3, 2094, -2.0, 1.0, -3.5, 2.0, 5, 0, size(), -1.0
3, 2095, -2.0, 1.0, -3.5, 2.5, 0, 0, list.size(), 0.5
3, 2096, -2.0, 1.0, -3.5, 3.0, 0, 0, list.size(), 1.0
3, 2097, -2.0, 1.0, -3.5, 3.5, 0, 1, list.size(), 1.5
3, 2098, -2.0, 1.0, -3.5, 4.0, 0, 1, list.size(), 2.0
3, 2099, -2.0, 1.0, -3.5, 4.5, 0, 1, list.size(), 2.5
3, 2100, -2.0, 1.0, -3.5, 5.0, 0, 2, list.size(), 3.0
3, 2101, -2.0, 1.0, -3.0, 0.0, 5, 0, size(), -1.0
3, 2102, -2.0, 1.0, -3.0, 0.5, 5, 0, size(), -1.0
3, 2103, -2.0, 1.0, -3.0, 1.0, 5, 0, size(), -1.0
3, 2104, -2.0, 1.0, -3.0, 1.5, 5, 0, size(), -1.0
3, 2105, -2.0, 1.0, -3.0, 2.0, 5, 0, size(), -1.0
3, 2106, -2.0, 1.0, -3.0, 2.5, 0, 0, list.size(), 0.5
3, 2107, -2.0, 1.0, -3.0, 3.0, 0, 1, list.size(), 1.0
3, 2108, -2.0, 1.0, -3.0, 3.5, 0, 1, list.size(), 1.5
3, 2109, -2.0, 1.0, -3.0, 4.0, 0, 1, list.size(), 2.0
3, 2110, -2.0, 1.0, -3.0, 4.5, 0, 2, list.size(), 2.5
3, 2111, -2.0, 1.0, -3.0, 5.0, 0, 3, list.size(), 3.0
3, 2112, -2.0, 1.0, -2.5, 0.0, 5, 0, size(), -1.0
3, 2113, -2.0, 1.0, -2.5, 0.5, 5, 0, size(), -1.0
3, 2114, -2.0, 1.0, -2.5, 1.0, 5, 0, size(), -1.0
3, 2115, -2.0, 1.0, -2.5, 1.5, 5, 0, size(), -1.0
3, 2116, -2.0, 1.0, -2.5, 2.0, 5, 0, list.trimSize(), -0.5
3, 2117, -2.0, 1.0, -2.5, 2.5, 0, 1, list.size(), 0.5
3, 2118, -2.0, 1.0, -2.5, 3.0, 0, 1, list.size(), 1.0
3, 2119, -2.0, 1.0, -2.5, 3.5, 0, 1, list.size(), 1.5
3, 2120, -2.0, 1.0, -2.5, 4.0, 0, 1, list.size(), 2.0
3, 2121, -2.0, 1.0, -2.5, 4.5, 0, 3, list.size(), 2.5
3, 2122, -2.0, 1.0, -2.5, 5.0, 0, 4, list.size(), 3.0
3, 2123, -2.0, 1.0, -2.0, 0.0, 5, 0, size(), -1.0
3, 2124, -2.0, 1.0, -2.0, 0.5, 5, 0, size(), -1.0
3, 2125, -2.0, 1.0, -2.0, 1.0, 5, 0, size(), -1.0
3, 2126, -2.0, 1.0, -2.0, 1.5, 5, 0, size(), -1.0
3, 2127, -2.0, 1.0, -2.0, 2.0, 5, 0, list.trimSize(), 0.0
3, 2128, -2.0, 1.0, -2.0, 2.5, 0, 1, list.size(), 0.5
3, 2129, -2.0, 1.0, -2.0, 3.0, 0, 1, list.size(), 1.0
3, 2130, -2.0, 1.0, -2.0, 3.5, 0, 1, list.size(), 1.5
3, 2131, -2.0, 1.0, -2.0, 4.0, 0, 3, list.size(), 2.0
3, 2132, -2.0, 1.0, -2.0, 4.5, 0, 4, list.size(), 2.5
3, 2133, -2.0, 1.0, -2.0, 5.0, 0, 4, list.size(), 3.0
3, 2134, -2.0, 1.0, -1.5, 0.0, 5, 0, size(), -1.0
3, 2135, -2.0, 1.0, -1.5, 0.5, 5, 0, size(), -1.0
3, 2136, -2.0, 1.0, -1.5, 1.0, 5, 0, size(), -1.0
3, 2137, -2.0, 1.0, -1.5, 1.5, 5, 0, list.trimSize(), -0.5
3, 2138, -2.0, 1.0, -1.5, 2.0, 5, 0, list.trimSize(), 0.5
3, 2139, -2.0, 1.0, -1.5, 2.5, 0, 1, list.size(), 0.5
3, 2140, -2.0, 1.0, -1.5, 3.0, 0, 1, list.size(), 1.0
3, 2141, -2.0, 1.0, -1.5, 3.5, 0, 2, list.size(), 1.5
3, 2142, -2.0, 1.0, -1.5, 4.0, 0, 1, list.size(), 2.0
3, 2143, -2.0, 1.0, -1.5, 4.5, 0, 4, list.size(), 2.5
3, 2144, -2.0, 1.0, -1.5, 5.0, 0, 17, list.size(), 3.0
3, 2145, -2.0, 1.0, -1.0, 0.0, 5, 0, size(), -1.0
3, 2146, -2.0, 1.0, -1.0, 0.5, 5, 0, size(), -1.0
3, 2147, -2.0, 1.0, -1.0, 1.0, 5, 0, size(), -1.0
3, 2148, -2.0, 1.0, -1.0, 1.5, 5, 0, list.trimSize(), 0.0
3, 2149, -2.0, 1.0, -1.0, 2.0, 5, 0, list.trimSize(), 1.0
3, 2150, -2.0, 1.0, -1.0, 2.5, 0, 1, list.size(), 0.5
3, 2151, -2.0, 1.0, -1.0, 3.0, 0, 2, list.size(), 1.0
3, 2152, -2.0, 1.0, -1.0, 3.5, 0, 3, list.size(), 1.5
3, 2153, -2.0, 1.0, -1.0, 4.0, 0, 12, list.size(), 2.0
3, 2154, -2.0, 1.0, -1.0, 4.5, 0, 28, list.size(), 2.5
3, 2155, -2.0, 1.0, -1.0, 5.0, 0, 38, list.size(), 3.0
3, 2156, -2.0, 1.0, -0.5, 0.0, 5, 0, size(), -1.0
3, 2157, -2.0, 1.0, -0.5, 0.5, 5, 0, size(), -1.0
3, 2158, -2.0, 1.0, -0.5, 1.0, 5, 1, size(), -1.0
3, 2159, -2.0, 1.0, -0.5, 1.5, 5, 0, list.trimSize(), 0.5
3, 2160, -2.0, 1.0, -0.5, 2.0, 5, 0, list.trimSize(), 1.5
3, 2161, -2.0, 1.0, -0.5, 2.5, 0, 1, list.size(), 0.5
3, 2162, -2.0, 1.0, -0.5, 3.0, 0, 12, list.size(), 1.0
3, 2163, -2.0, 1.0, -0.5, 3.5, 0, 34, list.size(), 1.5
3, 2164, -2.0, 1.0, -0.5, 4.0, 0, 39, list.size(), 2.0
3, 2165, -2.0, 1.0, -0.5, 4.5, 0, 70, list.size(), 2.5
3, 2166, -2.0, 1.0, -0.5, 5.0, 0, 124, list.size(), 3.0
3, 2167, -2.0, 1.0, 0.0, 0.0, 5, 0, size(), -1.0
3, 2168, -2.0, 1.0, 0.0, 0.5, 5, 1, size(), -1.0
3, 2169, -2.0, 1.0, 0.0, 1.0, 5, 2, size(), -1.0
3, 2170, -2.0, 1.0, 0.0, 1.5, 5, 0, list.trimSize(), 1.0
3, 2171, -2.0, 1.0, 0.0, 2.0, 5, 29, size(), -1.0
3, 2172, -2.0, 1.0, 0.0, 2.5, 0, 37, list.size(), 0.5
3, 2173, -2.0, 1.0, 0.0, 3.0, 0, 96, list.size(), 1.0
3, 2174, -2.0, 1.0, 0.0, 3.5, 16, 234, Integer.MIN_VALUE, -2.0
3, 2175, -2.0, 1.0, 0.0, 4.0, 16, 236, Integer.MIN_VALUE, -2.0
3, 2176, -2.0, 1.0, 0.0, 4.5, 20, 173, new Task03().trimSize(list), 9.5
3, 2177, -2.0, 1.0, 0.0, 5.0, 20, 239, new Task03().trimSize(list), 11.0
3, 2178, -1.5, 1.0, -5.0, 0.0, 5, 0, size(), -0.5
3, 2179, -1.5, 1.0, -5.0, 0.5, 5, 0, size(), -0.5
3, 2180, -1.5, 1.0, -5.0, 1.0, 5, 0, size(), -0.5
3, 2181, -1.5, 1.0, -5.0, 1.5, 0, 0, list.size(), 0.5
3, 2182, -1.5, 1.0, -5.0, 2.0, 0, 0, list.size(), 1.0
3, 2183, -1.5, 1.0, -5.0, 2.5, 0, 0, list.size(), 1.5
3, 2184, -1.5, 1.0, -5.0, 3.0, 0, 0, list.size(), 2.0
3, 2185, -1.5, 1.0, -5.0, 3.5, 0, 0, list.size(), 2.5
3, 2186, -1.5, 1.0, -5.0, 4.0, 0, 0, list.size(), 3.0
3, 2187, -1.5, 1.0, -5.0, 4.5, 0, 0, list.size(), 3.5
3, 2188, -1.5, 1.0, -5.0, 5.0, 0, 2, list.size(), 4.0
3, 2189, -1.5, 1.0, -4.5, 0.0, 5, 0, size(), -0.5
3, 2190, -1.5, 1.0, -4.5, 0.5, 5, 0, size(), -0.5
3, 2191, -1.5, 1.0, -4.5, 1.0, 5, 0, size(), -0.5
3, 2192, -1.5, 1.0, -4.5, 1.5, 0, 0, list.size(), 0.5
3, 2193, -1.5, 1.0, -4.5, 2.0, 0, 0, list.size(), 1.0
3, 2194, -1.5, 1.0, -4.5, 2.5, 0, 0, list.size(), 1.5
3, 2195, -1.5, 1.0, -4.5, 3.0, 0, 0, list.size(), 2.0
3, 2196, -1.5, 1.0, -4.5, 3.5, 0, 0, list.size(), 2.5
3, 2197, -1.5, 1.0, -4.5, 4.0, 0, 0, list.size(), 3.0
3, 2198, -1.5, 1.0, -4.5, 4.5, 0, 2, list.size(), 3.5
3, 2199, -1.5, 1.0, -4.5, 5.0, 0, 2, list.size(), 4.0
3, 2200, -1.5, 1.0, -4.0, 0.0, 5, 0, size(), -0.5
3, 2201, -1.5, 1.0, -4.0, 0.5, 5, 0, size(), -0.5
3, 2202, -1.5, 1.0, -4.0, 1.0, 5, 0, size(), -0.5
3, 2203, -1.5, 1.0, -4.0, 1.5, 0, 0, list.size(), 0.5
3, 2204, -1.5, 1.0, -4.0, 2.0, 0, 0, list.size(), 1.0
3, 2205, -1.5, 1.0, -4.0, 2.5, 0, 0, list.size(), 1.5
3, 2206, -1.5, 1.0, -4.0, 3.0, 0, 0, list.size(), 2.0
3, 2207, -1.5, 1.0, -4.0, 3.5, 0, 0, list.size(), 2.5
3, 2208, -1.5, 1.0, -4.0, 4.0, 0, 1, list.size(), 3.0
3, 2209, -1.5, 1.0, -4.0, 4.5, 0, 2, list.size(), 3.5
3, 2210, -1.5, 1.0, -4.0, 5.0, 0, 2, list.size(), 4.0
3, 2211, -1.5, 1.0, -3.5, 0.0, 5, 0, size(), -0.5
3, 2212, -1.5, 1.0, -3.5, 0.5, 5, 0, size(), -0.5
3, 2213, -1.5, 1.0, -3.5, 1.0, 5, 0, size(), -0.5
3, 2214, -1.5, 1.0, -3.5, 1.5, 0, 0, list.size(), 0.5
3, 2215, -1.5, 1.0, -3.5, 2.0, 0, 0, list.size(), 1.0
3, 2216, -1.5, 1.0, -3.5, 2.5, 0, 0, list.size(), 1.5
3, 2217, -1.5, 1.0, -3.5, 3.0, 0, 0, list.size(), 2.0
3, 2218, -1.5, 1.0, -3.5, 3.5, 0, 1, list.size(), 2.5
3, 2219, -1.5, 1.0, -3.5, 4.0, 0, 2, list.size(), 3.0
3, 2220, -1.5, 1.0, -3.5, 4.5, 0, 2, list.size(), 3.5
3, 2221, -1.5, 1.0, -3.5, 5.0, 0, 4, list.size(), 4.0
3, 2222, -1.5, 1.0, -3.0, 0.0, 5, 0, size(), -0.5
3, 2223, -1.5, 1.0, -3.0, 0.5, 5, 0, size(), -0.5
3, 2224, -1.5, 1.0, -3.0, 1.0, 5, 0, size(), -0.5
3, 2225, -1.5, 1.0, -3.0, 1.5, 0, 0, list.size(), 0.5
3, 2226, -1.5, 1.0, -3.0, 2.0, 0, 0, list.size(), 1.0
3, 2227, -1.5, 1.0, -3.0, 2.5, 0, 0, list.size(), 1.5
3, 2228, -1.5, 1.0, -3.0, 3.0, 0, 1, list.size(), 2.0
3, 2229, -1.5, 1.0, -3.0, 3.5, 0, 1, list.size(), 2.5
3, 2230, -1.5, 1.0, -3.0, 4.0, 0, 2, list.size(), 3.0
3, 2231, -1.5, 1.0, -3.0, 4.5, 0, 4, list.size(), 3.5
3, 2232, -1.5, 1.0, -3.0, 5.0, 0, 5, list.size(), 4.0
3, 2233, -1.5, 1.0, -2.5, 0.0, 5, 0, size(), -0.5
3, 2234, -1.5, 1.0, -2.5, 0.5, 5, 0, size(), -0.5
3, 2235, -1.5, 1.0, -2.5, 1.0, 5, 0, size(), -0.5
3, 2236, -1.5, 1.0, -2.5, 1.5, 0, 0, list.size(), 0.5
3, 2237, -1.5, 1.0, -2.5, 2.0, 0, 0, list.size(), 1.0
3, 2238, -1.5, 1.0, -2.5, 2.5, 0, 1, list.size(), 1.5
3, 2239, -1.5, 1.0, -2.5, 3.0, 0, 1, list.size(), 2.0
3, 2240, -1.5, 1.0, -2.5, 3.5, 0, 2, list.size(), 2.5
3, 2241, -1.5, 1.0, -2.5, 4.0, 0, 4, list.size(), 3.0
3, 2242, -1.5, 1.0, -2.5, 4.5, 0, 5, list.size(), 3.5
3, 2243, -1.5, 1.0, -2.5, 5.0, 0, 11, list.size(), 4.0
3, 2244, -1.5, 1.0, -2.0, 0.0, 5, 0, size(), -0.5
3, 2245, -1.5, 1.0, -2.0, 0.5, 5, 0, size(), -0.5
3, 2246, -1.5, 1.0, -2.0, 1.0, 5, 0, size(), -0.5
3, 2247, -1.5, 1.0, -2.0, 1.5, 0, 0, list.size(), 0.5
3, 2248, -1.5, 1.0, -2.0, 2.0, 0, 1, list.size(), 1.0
3, 2249, -1.5, 1.0, -2.0, 2.5, 0, 1, list.size(), 1.5
3, 2250, -1.5, 1.0, -2.0, 3.0, 0, 1, list.size(), 2.0
3, 2251, -1.5, 1.0, -2.0, 3.5, 0, 4, list.size(), 2.5
3, 2252, -1.5, 1.0, -2.0, 4.0, 0, 4, list.size(), 3.0
3, 2253, -1.5, 1.0, -2.0, 4.5, 0, 10, list.size(), 3.5
3, 2254, -1.5, 1.0, -2.0, 5.0, 0, 13, list.size(), 4.0
3, 2255, -1.5, 1.0, -1.5, 0.0, 5, 0, size(), -0.5
3, 2256, -1.5, 1.0, -1.5, 0.5, 5, 0, size(), -0.5
3, 2257, -1.5, 1.0, -1.5, 1.0, 5, 0, size(), -0.5
3, 2258, -1.5, 1.0, -1.5, 1.5, 0, 1, list.size(), 0.5
3, 2259, -1.5, 1.0, -1.5, 2.0, 0, 1, list.size(), 1.0
3, 2260, -1.5, 1.0, -1.5, 2.5, 0, 1, list.size(), 1.5
3, 2261, -1.5, 1.0, -1.5, 3.0, 0, 4, list.size(), 2.0
3, 2262, -1.5, 1.0, -1.5, 3.5, 0, 2, list.size(), 2.5
3, 2263, -1.5, 1.0, -1.5, 4.0, 0, 10, list.size(), 3.0
3, 2264, -1.5, 1.0, -1.5, 4.5, 0, 21, list.size(), 3.5
3, 2265, -1.5, 1.0, -1.5, 5.0, 0, 24, list.size(), 4.0
3, 2266, -1.5, 1.0, -1.0, 0.0, 5, 0, size(), -0.5
3, 2267, -1.5, 1.0, -1.0, 0.5, 5, 0, size(), -0.5
3, 2268, -1.5, 1.0, -1.0, 1.0, 5, 0, list.trimSize(), 0.0
3, 2269, -1.5, 1.0, -1.0, 1.5, 0, 1, list.size(), 0.5
3, 2270, -1.5, 1.0, -1.0, 2.0, 0, 1, list.size(), 1.0
3, 2271, -1.5, 1.0, -1.0, 2.5, 0, 3, list.size(), 1.5
3, 2272, -1.5, 1.0, -1.0, 3.0, 0, 4, list.size(), 2.0
3, 2273, -1.5, 1.0, -1.0, 3.5, 0, 17, list.size(), 2.5
3, 2274, -1.5, 1.0, -1.0, 4.0, 0, 34, list.size(), 3.0
3, 2275, -1.5, 1.0, -1.0, 4.5, 0, 48, list.size(), 3.5
3, 2276, -1.5, 1.0, -1.0, 5.0, 0, 71, list.size(), 4.0
3, 2277, -1.5, 1.0, -0.5, 0.0, 5, 0, size(), -0.5
3, 2278, -1.5, 1.0, -0.5, 0.5, 5, 0, size(), -0.5
3, 2279, -1.5, 1.0, -0.5, 1.0, 5, 0, list.trimSize(), 0.5
3, 2280, -1.5, 1.0, -0.5, 1.5, 0, 1, list.size(), 0.5
3, 2281, -1.5, 1.0, -0.5, 2.0, 0, 1, list.size(), 1.0
3, 2282, -1.5, 1.0, -0.5, 2.5, 0, 10, list.size(), 1.5
3, 2283, -1.5, 1.0, -0.5, 3.0, 0, 37, list.size(), 2.0
3, 2284, -1.5, 1.0, -0.5, 3.5, 0, 57, list.size(), 2.5
3, 2285, -1.5, 1.0, -0.5, 4.0, 0, 102, list.size(), 3.0
3, 2286, -1.5, 1.0, -0.5, 4.5, 0, 154, list.size(), 3.5
3, 2287, -1.5, 1.0, -0.5, 5.0, 0, 219, list.size(), 4.0
3, 2288, -1.5, 1.0, 0.0, 0.0, 5, 0, size(), -0.5
3, 2289, -1.5, 1.0, 0.0, 0.5, 5, 1, size(), -0.5
3, 2290, -1.5, 1.0, 0.0, 1.0, 5, 0, list.trimSize(), 1.0
3, 2291, -1.5, 1.0, 0.0, 1.5, 0, 23, list.size(), 0.5
3, 2292, -1.5, 1.0, 0.0, 2.0, 0, 38, list.size(), 1.0
3, 2293, -1.5, 1.0, 0.0, 2.5, 0, 143, list.size(), 1.5
3, 2294, -1.5, 1.0, 0.0, 3.0, 16, 237, Integer.MIN_VALUE, -1.5
3, 2295, -1.5, 1.0, 0.0, 3.5, 20, 173, new Task03().trimSize(list), 8.0
3, 2296, -1.5, 1.0, 0.0, 4.0, 20, 246, new Task03().trimSize(list), 9.5
3, 2297, -1.5, 1.0, 0.0, 4.5, 64, 240, noMoreThan.insert(noMoreThan, noMoreThan).append(list.contains(trimSize())), 12.5
3, 2298, -1.5, 1.0, 0.0, 5.0, 74, 249, System.arraycopy(trimSize(), noMoreThan, trimSize(), noMoreThan, noMoreThan).get(), 15.5
3, 2299, -1.0, 1.0, -5.0, 0.0, 5, 0, size(), 0.0
3, 2300, -1.0, 1.0, -5.0, 0.5, 0, 0, list.size(), 0.5
3, 2301, -1.0, 1.0, -5.0, 1.0, 0, 0, list.size(), 1.0
3, 2302, -1.0, 1.0, -5.0, 1.5, 0, 0, list.size(), 1.5
3, 2303, -1.0, 1.0, -5.0, 2.0, 0, 0, list.size(), 2.0
3, 2304, -1.0, 1.0, -5.0, 2.5, 0, 0, list.size(), 2.5
3, 2305, -1.0, 1.0, -5.0, 3.0, 0, 0, list.size(), 3.0
3, 2306, -1.0, 1.0, -5.0, 3.5, 0, 1, list.size(), 3.5
3, 2307, -1.0, 1.0, -5.0, 4.0, 0, 1, list.size(), 4.0
3, 2308, -1.0, 1.0, -5.0, 4.5, 0, 1, list.size(), 4.5
3, 2309, -1.0, 1.0, -5.0, 5.0, 0, 3, list.size(), 5.0
3, 2310, -1.0, 1.0, -4.5, 0.0, 5, 0, size(), 0.0
3, 2311, -1.0, 1.0, -4.5, 0.5, 0, 0, list.size(), 0.5
3, 2312, -1.0, 1.0, -4.5, 1.0, 0, 0, list.size(), 1.0
3, 2313, -1.0, 1.0, -4.5, 1.5, 0, 0, list.size(), 1.5
3, 2314, -1.0, 1.0, -4.5, 2.0, 0, 0, list.size(), 2.0
3, 2315, -1.0, 1.0, -4.5, 2.5, 0, 0, list.size(), 2.5
3, 2316, -1.0, 1.0, -4.5, 3.0, 0, 0, list.size(), 3.0
3, 2317, -1.0, 1.0, -4.5, 3.5, 0, 1, list.size(), 3.5
3, 2318, -1.0, 1.0, -4.5, 4.0, 0, 1, list.size(), 4.0
3, 2319, -1.0, 1.0, -4.5, 4.5, 0, 2, list.size(), 4.5
3, 2320, -1.0, 1.0, -4.5, 5.0, 0, 3, list.size(), 5.0
3, 2321, -1.0, 1.0, -4.0, 0.0, 5, 0, size(), 0.0
3, 2322, -1.0, 1.0, -4.0, 0.5, 0, 0, list.size(), 0.5
3, 2323, -1.0, 1.0, -4.0, 1.0, 0, 0, list.size(), 1.0
3, 2324, -1.0, 1.0, -4.0, 1.5, 0, 0, list.size(), 1.5
3, 2325, -1.0, 1.0, -4.0, 2.0, 0, 0, list.size(), 2.0
3, 2326, -1.0, 1.0, -4.0, 2.5, 0, 0, list.size(), 2.5
3, 2327, -1.0, 1.0, -4.0, 3.0, 0, 0, list.size(), 3.0
3, 2328, -1.0, 1.0, -4.0, 3.5, 0, 1, list.size(), 3.5
3, 2329, -1.0, 1.0, -4.0, 4.0, 0, 2, list.size(), 4.0
3, 2330, -1.0, 1.0, -4.0, 4.5, 0, 3, list.size(), 4.5
3, 2331, -1.0, 1.0, -4.0, 5.0, 0, 6, list.size(), 5.0
3, 2332, -1.0, 1.0, -3.5, 0.0, 5, 0, size(), 0.0
3, 2333, -1.0, 1.0, -3.5, 0.5, 0, 0, list.size(), 0.5
3, 2334, -1.0, 1.0, -3.5, 1.0, 0, 0, list.size(), 1.0
3, 2335, -1.0, 1.0, -3.5, 1.5, 0, 0, list.size(), 1.5
3, 2336, -1.0, 1.0, -3.5, 2.0, 0, 0, list.size(), 2.0
3, 2337, -1.0, 1.0, -3.5, 2.5, 0, 0, list.size(), 2.5
3, 2338, -1.0, 1.0, -3.5, 3.0, 0, 0, list.size(), 3.0
3, 2339, -1.0, 1.0, -3.5, 3.5, 0, 2, list.size(), 3.5
3, 2340, -1.0, 1.0, -3.5, 4.0, 0, 2, list.size(), 4.0
3, 2341, -1.0, 1.0, -3.5, 4.5, 0, 6, list.size(), 4.5
3, 2342, -1.0, 1.0, -3.5, 5.0, 0, 12, list.size(), 5.0
3, 2343, -1.0, 1.0, -3.0, 0.0, 5, 0, size(), 0.0
3, 2344, -1.0, 1.0, -3.0, 0.5, 0, 0, list.size(), 0.5
3, 2345, -1.0, 1.0, -3.0, 1.0, 0, 0, list.size(), 1.0
3, 2346, -1.0, 1.0, -3.0, 1.5, 0, 0, list.size(), 1.5
3, 2347, -1.0, 1.0, -3.0, 2.0, 0, 0, list.size(), 2.0
3, 2348, -1.0, 1.0, -3.0, 2.5, 0, 0, list.size(), 2.5
3, 2349, -1.0, 1.0, -3.0, 3.0, 0, 2, list.size(), 3.0
3, 2350, -1.0, 1.0, -3.0, 3.5, 0, 2, list.size(), 3.5
3, 2351, -1.0, 1.0, -3.0, 4.0, 0, 6, list.size(), 4.0
3, 2352, -1.0, 1.0, -3.0, 4.5, 0, 12, list.size(), 4.5
3, 2353, -1.0, 1.0, -3.0, 5.0, 0, 14, list.size(), 5.0
3, 2354, -1.0, 1.0, -2.5, 0.0, 5, 0, size(), 0.0
3, 2355, -1.0, 1.0, -2.5, 0.5, 0, 0, list.size(), 0.5
3, 2356, -1.0, 1.0, -2.5, 1.0, 0, 0, list.size(), 1.0
3, 2357, -1.0, 1.0, -2.5, 1.5, 0, 0, list.size(), 1.5
3, 2358, -1.0, 1.0, -2.5, 2.0, 0, 0, list.size(), 2.0
3, 2359, -1.0, 1.0, -2.5, 2.5, 0, 1, list.size(), 2.5
3, 2360, -1.0, 1.0, -2.5, 3.0, 0, 2, list.size(), 3.0
3, 2361, -1.0, 1.0, -2.5, 3.5, 0, 4, list.size(), 3.5
3, 2362, -1.0, 1.0, -2.5, 4.0, 0, 12, list.size(), 4.0
3, 2363, -1.0, 1.0, -2.5, 4.5, 0, 11, list.size(), 4.5
3, 2364, -1.0, 1.0, -2.5, 5.0, 0, 19, list.size(), 5.0
3, 2365, -1.0, 1.0, -2.0, 0.0, 5, 0, size(), 0.0
3, 2366, -1.0, 1.0, -2.0, 0.5, 0, 0, list.size(), 0.5
3, 2367, -1.0, 1.0, -2.0, 1.0, 0, 0, list.size(), 1.0
3, 2368, -1.0, 1.0, -2.0, 1.5, 0, 0, list.size(), 1.5
3, 2369, -1.0, 1.0, -2.0, 2.0, 0, 1, list.size(), 2.0
3, 2370, -1.0, 1.0, -2.0, 2.5, 0, 2, list.size(), 2.5
3, 2371, -1.0, 1.0, -2.0, 3.0, 0, 4, list.size(), 3.0
3, 2372, -1.0, 1.0, -2.0, 3.5, 0, 12, list.size(), 3.5
3, 2373, -1.0, 1.0, -2.0, 4.0, 0, 13, list.size(), 4.0
3, 2374, -1.0, 1.0, -2.0, 4.5, 0, 18, list.size(), 4.5
3, 2375, -1.0, 1.0, -2.0, 5.0, 0, 39, list.size(), 5.0
3, 2376, -1.0, 1.0, -1.5, 0.0, 5, 0, size(), 0.0
3, 2377, -1.0, 1.0, -1.5, 0.5, 0, 0, list.size(), 0.5
3, 2378, -1.0, 1.0, -1.5, 1.0, 0, 0, list.size(), 1.0
3, 2379, -1.0, 1.0, -1.5, 1.5, 0, 1, list.size(), 1.5
3, 2380, -1.0, 1.0, -1.5, 2.0, 0, 1, list.size(), 2.0
3, 2381, -1.0, 1.0, -1.5, 2.5, 0, 4, list.size(), 2.5
3, 2382, -1.0, 1.0, -1.5, 3.0, 0, 6, list.size(), 3.0
3, 2383, -1.0, 1.0, -1.5, 3.5, 0, 14, list.size(), 3.5
3, 2384, -1.0, 1.0, -1.5, 4.0, 0, 26, list.size(), 4.0
3, 2385, -1.0, 1.0, -1.5, 4.5, 0, 45, list.size(), 4.5
3, 2386, -1.0, 1.0, -1.5, 5.0, 0, 65, list.size(), 5.0
3, 2387, -1.0, 1.0, -1.0, 0.0, 5, 0, size(), 0.0
3, 2388, -1.0, 1.0, -1.0, 0.5, 0, 0, list.size(), 0.5
3, 2389, -1.0, 1.0, -1.0, 1.0, 0, 1, list.size(), 1.0
3, 2390, -1.0, 1.0, -1.0, 1.5, 0, 1, list.size(), 1.5
3, 2391, -1.0, 1.0, -1.0, 2.0, 0, 4, list.size(), 2.0
3, 2392, -1.0, 1.0, -1.0, 2.5, 0, 9, list.size(), 2.5
3, 2393, -1.0, 1.0, -1.0, 3.0, 0, 21, list.size(), 3.0
3, 2394, -1.0, 1.0, -1.0, 3.5, 0, 47, list.size(), 3.5
3, 2395, -1.0, 1.0, -1.0, 4.0, 0, 68, list.size(), 4.0
3, 2396, -1.0, 1.0, -1.0, 4.5, 0, 88, list.size(), 4.5
3, 2397, -1.0, 1.0, -1.0, 5.0, 0, 126, list.size(), 5.0
3, 2398, -1.0, 1.0, -0.5, 0.0, 5, 0, size(), 0.0
3, 2399, -1.0, 1.0, -0.5, 0.5, 0, 1, list.size(), 0.5
3, 2400, -1.0, 1.0, -0.5, 1.0, 0, 1, list.size(), 1.0
3, 2401, -1.0, 1.0, -0.5, 1.5, 0, 1, list.size(), 1.5
3, 2402, -1.0, 1.0, -0.5, 2.0, 0, 19, list.size(), 2.0
3, 2403, -1.0, 1.0, -0.5, 2.5, 0, 41, list.size(), 2.5
3, 2404, -1.0, 1.0, -0.5, 3.0, 0, 84, list.size(), 3.0
3, 2405, -1.0, 1.0, -0.5, 3.5, 0, 138, list.size(), 3.5
3, 2406, -1.0, 1.0, -0.5, 4.0, 0, 196, list.size(), 4.0
3, 2407, -1.0, 1.0, -0.5, 4.5, 20, 72, new Task03().trimSize(list), 11.0
3, 2408, -1.0, 1.0, -0.5, 5.0, 20, 103, new Task03().trimSize(list), 12.5
3, 2409, -1.0, 1.0, 0.0, 0.0, 5, 0, size(), 0.0
3, 2410, -1.0, 1.0, 0.0, 0.5, 0, 1, list.size(), 0.5
3, 2411, -1.0, 1.0, 0.0, 1.0, 0, 23, list.size(), 1.0
3, 2412, -1.0, 1.0, 0.0, 1.5, 0, 128, list.size(), 1.5
3, 2413, -1.0, 1.0, 0.0, 2.0, 20, 83, new Task03().trimSize(list), 5.0
3, 2414, -1.0, 1.0, 0.0, 2.5, 20, 183, new Task03().trimSize(list), 6.5
3, 2415, -1.0, 1.0, 0.0, 3.0, 64, 173, noMoreThan.insert(noMoreThan, noMoreThan).append(list.contains(trimSize())), 9.0
3, 2416, -1.0, 1.0, 0.0, 3.5, 64, 239, noMoreThan.insert(noMoreThan, noMoreThan).append(list.contains(trimSize())), 11.5
3, 2417, -1.0, 1.0, 0.0, 4.0, 64, 240, noMoreThan.insert(noMoreThan, noMoreThan).append(list.contains(trimSize())), 14.0
3, 2418, -1.0, 1.0, 0.0, 4.5, 75, 156, list.add(System.arraycopy(trimSize(), noMoreThan, trimSize(), noMoreThan, noMoreThan)), 21.0
3, 2419, -1.0, 1.0, 0.0, 5.0, 75, 157, list.add(System.arraycopy(trimSize(), noMoreThan, trimSize(), noMoreThan, noMoreThan)), 24.0
3, 2420, -0.5, 1.0, -5.0, 0.0, 0, 0, list.size(), 1.0
3, 2421, -0.5, 1.0, -5.0, 0.5, 0, 0, list.size(), 1.5
3, 2422, -0.5, 1.0, -5.0, 1.0, 0, 0, list.size(), 2.0
3, 2423, -0.5, 1.0, -5.0, 1.5, 0, 0, list.size(), 2.5
3, 2424, -0.5, 1.0, -5.0, 2.0, 0, 0, list.size(), 3.0
3, 2425, -0.5, 1.0, -5.0, 2.5, 0, 1, list.size(), 3.5
3, 2426, -0.5, 1.0, -5.0, 3.0, 0, 1, list.size(), 4.0
3, 2427, -0.5, 1.0, -5.0, 3.5, 0, 1, list.size(), 4.5
3, 2428, -0.5, 1.0, -5.0, 4.0, 0, 2, list.size(), 5.0
3, 2429, -0.5, 1.0, -5.0, 4.5, 0, 3, list.size(), 5.5
3, 2430, -0.5, 1.0, -5.0, 5.0, 0, 4, list.size(), 6.0
3, 2431, -0.5, 1.0, -4.5, 0.0, 0, 0, list.size(), 1.0
3, 2432, -0.5, 1.0, -4.5, 0.5, 0, 0, list.size(), 1.5
3, 2433, -0.5, 1.0, -4.5, 1.0, 0, 0, list.size(), 2.0
3, 2434, -0.5, 1.0, -4.5, 1.5, 0, 0, list.size(), 2.5
3, 2435, -0.5, 1.0, -4.5, 2.0, 0, 0, list.size(), 3.0
3, 2436, -0.5, 1.0, -4.5, 2.5, 0, 1, list.size(), 3.5
3, 2437, -0.5, 1.0, -4.5, 3.0, 0, 1, list.size(), 4.0
3, 2438, -0.5, 1.0, -4.5, 3.5, 0, 2, list.size(), 4.5
3, 2439, -0.5, 1.0, -4.5, 4.0, 0, 2, list.size(), 5.0
3, 2440, -0.5, 1.0, -4.5, 4.5, 0, 4, list.size(), 5.5
3, 2441, -0.5, 1.0, -4.5, 5.0, 0, 8, list.size(), 6.0
3, 2442, -0.5, 1.0, -4.0, 0.0, 0, 0, list.size(), 1.0
3, 2443, -0.5, 1.0, -4.0, 0.5, 0, 0, list.size(), 1.5
3, 2444, -0.5, 1.0, -4.0, 1.0, 0, 0, list.size(), 2.0
3, 2445, -0.5, 1.0, -4.0, 1.5, 0, 0, list.size(), 2.5
3, 2446, -0.5, 1.0, -4.0, 2.0, 0, 0, list.size(), 3.0
3, 2447, -0.5, 1.0, -4.0, 2.5, 0, 1, list.size(), 3.5
3, 2448, -0.5, 1.0, -4.0, 3.0, 0, 1, list.size(), 4.0
3, 2449, -0.5, 1.0, -4.0, 3.5, 0, 2, list.size(), 4.5
3, 2450, -0.5, 1.0, -4.0, 4.0, 0, 4, list.size(), 5.0
3, 2451, -0.5, 1.0, -4.0, 4.5, 0, 8, list.size(), 5.5
3, 2452, -0.5, 1.0, -4.0, 5.0, 0, 14, list.size(), 6.0
3, 2453, -0.5, 1.0, -3.5, 0.0, 0, 0, list.size(), 1.0
3, 2454, -0.5, 1.0, -3.5, 0.5, 0, 0, list.size(), 1.5
3, 2455, -0.5, 1.0, -3.5, 1.0, 0, 0, list.size(), 2.0
3, 2456, -0.5, 1.0, -3.5, 1.5, 0, 0, list.size(), 2.5
3, 2457, -0.5, 1.0, -3.5, 2.0, 0, 1, list.size(), 3.0
3, 2458, -0.5, 1.0, -3.5, 2.5, 0, 1, list.size(), 3.5
3, 2459, -0.5, 1.0, -3.5, 3.0, 0, 2, list.size(), 4.0
3, 2460, -0.5, 1.0, -3.5, 3.5, 0, 4, list.size(), 4.5
3, 2461, -0.5, 1.0, -3.5, 4.0, 0, 8, list.size(), 5.0
3, 2462, -0.5, 1.0, -3.5, 4.5, 0, 14, list.size(), 5.5
3, 2463, -0.5, 1.0, -3.5, 5.0, 0, 26, list.size(), 6.0
3, 2464, -0.5, 1.0, -3.0, 0.0, 0, 0, list.size(), 1.0
3, 2465, -0.5, 1.0, -3.0, 0.5, 0, 0, list.size(), 1.5
3, 2466, -0.5, 1.0, -3.0, 1.0, 0, 0, list.size(), 2.0
3, 2467, -0.5, 1.0, -3.0, 1.5, 0, 0, list.size(), 2.5
3, 2468, -0.5, 1.0, -3.0, 2.0, 0, 1, list.size(), 3.0
3, 2469, -0.5, 1.0, -3.0, 2.5, 0, 1, list.size(), 3.5
3, 2470, -0.5, 1.0, -3.0, 3.0, 0, 3, list.size(), 4.0
3, 2471, -0.5, 1.0, -3.0, 3.5, 0, 8, list.size(), 4.5
3, 2472, -0.5, 1.0, -3.0, 4.0, 0, 14, list.size(), 5.0
3, 2473, -0.5, 1.0, -3.0, 4.5, 0, 27, list.size(), 5.5
3, 2474, -0.5, 1.0, -3.0, 5.0, 0, 31, list.size(), 6.0
3, 2475, -0.5, 1.0, -2.5, 0.0, 0, 0, list.size(), 1.0
3, 2476, -0.5, 1.0, -2.5, 0.5, 0, 0, list.size(), 1.5
3, 2477, -0.5, 1.0, -2.5, 1.0, 0, 0, list.size(), 2.0
3, 2478, -0.5, 1.0, -2.5, 1.5, 0, 0, list.size(), 2.5
3, 2479, -0.5, 1.0, -2.5, 2.0, 0, 1, list.size(), 3.0
3, 2480, -0.5, 1.0, -2.5, 2.5, 0, 3, list.size(), 3.5
3, 2481, -0.5, 1.0, -2.5, 3.0, 0, 8, list.size(), 4.0
3, 2482, -0.5, 1.0, -2.5, 3.5, 0, 14, list.size(), 4.5
3, 2483, -0.5, 1.0, -2.5, 4.0, 0, 28, list.size(), 5.0
3, 2484, -0.5, 1.0, -2.5, 4.5, 0, 30, list.size(), 5.5
3, 2485, -0.5, 1.0, -2.5, 5.0, 0, 38, list.size(), 6.0
3, 2486, -0.5, 1.0, -2.0, 0.0, 0, 0, list.size(), 1.0
3, 2487, -0.5, 1.0, -2.0, 0.5, 0, 0, list.size(), 1.5
3, 2488, -0.5, 1.0, -2.0, 1.0, 0, 0, list.size(), 2.0
3, 2489, -0.5, 1.0, -2.0, 1.5, 0, 0, list.size(), 2.5
3, 2490, -0.5, 1.0, -2.0, 2.0, 0, 2, list.size(), 3.0
3, 2491, -0.5, 1.0, -2.0, 2.5, 0, 8, list.size(), 3.5
3, 2492, -0.5, 1.0, -2.0, 3.0, 0, 13, list.size(), 4.0
3, 2493, -0.5, 1.0, -2.0, 3.5, 0, 28, list.size(), 4.5
3, 2494, -0.5, 1.0, -2.0, 4.0, 0, 36, list.size(), 5.0
3, 2495, -0.5, 1.0, -2.0, 4.5, 0, 47, list.size(), 5.5
3, 2496, -0.5, 1.0, -2.0, 5.0, 0, 52, list.size(), 6.0
3, 2497, -0.5, 1.0, -1.5, 0.0, 0, 0, list.size(), 1.0
3, 2498, -0.5, 1.0, -1.5, 0.5, 0, 0, list.size(), 1.5
3, 2499, -0.5, 1.0, -1.5, 1.0, 0, 0, list.size(), 2.0
3, 2500, -0.5, 1.0, -1.5, 1.5, 0, 2, list.size(), 2.5
3, 2501, -0.5, 1.0, -1.5, 2.0, 0, 8, list.size(), 3.0
3, 2502, -0.5, 1.0, -1.5, 2.5, 0, 9, list.size(), 3.5
3, 2503, -0.5, 1.0, -1.5, 3.0, 0, 29, list.size(), 4.0
3, 2504, -0.5, 1.0, -1.5, 3.5, 0, 46, list.size(), 4.5
3, 2505, -0.5, 1.0, -1.5, 4.0, 0, 52, list.size(), 5.0
3, 2506, -0.5, 1.0, -1.5, 4.5, 0, 82, list.size(), 5.5
3, 2507, -0.5, 1.0, -1.5, 5.0, 0, 88, list.size(), 6.0
3, 2508, -0.5, 1.0, -1.0, 0.0, 0, 0, list.size(), 1.0
3, 2509, -0.5, 1.0, -1.0, 0.5, 0, 0, list.size(), 1.5
3, 2510, -0.5, 1.0, -1.0, 1.0, 0, 1, list.size(), 2.0
3, 2511, -0.5, 1.0, -1.0, 1.5, 0, 6, list.size(), 2.5
3, 2512, -0.5, 1.0, -1.0, 2.0, 0, 12, list.size(), 3.0
3, 2513, -0.5, 1.0, -1.0, 2.5, 0, 41, list.size(), 3.5
3, 2514, -0.5, 1.0, -1.0, 3.0, 0, 62, list.size(), 4.0
3, 2515, -0.5, 1.0, -1.0, 3.5, 0, 86, list.size(), 4.5
3, 2516, -0.5, 1.0, -1.0, 4.0, 0, 124, list.size(), 5.0
3, 2517, -0.5, 1.0, -1.0, 4.5, 0, 153, list.size(), 5.5
3, 2518, -0.5, 1.0, -1.0, 5.0, 0, 190, list.size(), 6.0
3, 2519, -0.5, 1.0, -0.5, 0.0, 0, 0, list.size(), 1.0
3, 2520, -0.5, 1.0, -0.5, 0.5, 0, 1, list.size(), 1.5
3, 2521, -0.5, 1.0, -0.5, 1.0, 0, 1, list.size(), 2.0
3, 2522, -0.5, 1.0, -0.5, 1.5, 0, 23, list.size(), 2.5
3, 2523, -0.5, 1.0, -0.5, 2.0, 0, 67, list.size(), 3.0
3, 2524, -0.5, 1.0, -0.5, 2.5, 0, 134, list.size(), 3.5
3, 2525, -0.5, 1.0, -0.5, 3.0, 0, 191, list.size(), 4.0
3, 2526, -0.5, 1.0, -0.5, 3.5, 20, 72, new Task03().trimSize(list), 9.5
3, 2527, -0.5, 1.0, -0.5, 4.0, 20, 113, new Task03().trimSize(list), 11.0
3, 2528, -0.5, 1.0, -0.5, 4.5, 20, 174, new Task03().trimSize(list), 12.5
3, 2529, -0.5, 1.0, -0.5, 5.0, 20, 209, new Task03().trimSize(list), 14.0
3, 2530, -0.5, 1.0, 0.0, 0.0, 5, 40, size(), 0.5
3, 2531, -0.5, 1.0, 0.0, 0.5, 0, 33, list.size(), 1.5
3, 2532, -0.5, 1.0, 0.0, 1.0, 20, 80, new Task03().trimSize(list), 3.5
3, 2533, -0.5, 1.0, 0.0, 1.5, 20, 190, new Task03().trimSize(list), 5.0
3, 2534, -0.5, 1.0, 0.0, 2.0, 64, 183, noMoreThan.insert(noMoreThan, noMoreThan).append(list.contains(trimSize())), 8.0
3, 2535, -0.5, 1.0, 0.0, 2.5, 64, 191, noMoreThan.insert(noMoreThan, noMoreThan).append(list.contains(trimSize())), 10.5
3, 2536, -0.5, 1.0, 0.0, 3.0, 64, 237, noMoreThan.insert(noMoreThan, noMoreThan).append(list.contains(trimSize())), 13.0
3, 2537, -0.5, 1.0, 0.0, 3.5, 75, 157, list.add(System.arraycopy(trimSize(), noMoreThan, trimSize(), noMoreThan, noMoreThan)), 19.0
3, 2538, -0.5, 1.0, 0.0, 4.0, 75, 159, list.add(System.arraycopy(trimSize(), noMoreThan, trimSize(), noMoreThan, noMoreThan)), 22.0
3, 2539, -0.5, 1.0, 0.0, 4.5, 75, 159, list.add(System.arraycopy(trimSize(), noMoreThan, trimSize(), noMoreThan, noMoreThan)), 25.0
3, 2540, -0.5, 1.0, 0.0, 5.0, 75, 159, list.add(System.arraycopy(trimSize(), noMoreThan, trimSize(), noMoreThan, noMoreThan)), 28.0
3, 2541, 0.0, 1.0, -5.0, 0.0, 0, 0, list.size(), 2.0
3, 2542, 0.0, 1.0, -5.0, 0.5, 0, 0, list.size(), 2.5
3, 2543, 0.0, 1.0, -5.0, 1.0, 0, 0, list.size(), 3.0
3, 2544, 0.0, 1.0, -5.0, 1.5, 0, 1, list.size(), 3.5
3, 2545, 0.0, 1.0, -5.0, 2.0, 0, 1, list.size(), 4.0
3, 2546, 0.0, 1.0, -5.0, 2.5, 0, 2, list.size(), 4.5
3, 2547, 0.0, 1.0, -5.0, 3.0, 0, 2, list.size(), 5.0
3, 2548, 0.0, 1.0, -5.0, 3.5, 0, 3, list.size(), 5.5
3, 2549, 0.0, 1.0, -5.0, 4.0, 0, 3, list.size(), 6.0
3, 2550, 0.0, 1.0, -5.0, 4.5, 0, 3, list.size(), 6.5
3, 2551, 0.0, 1.0, -5.0, 5.0, 0, 21, list.size(), 7.0
3, 2552, 0.0, 1.0, -4.5, 0.0, 0, 0, list.size(), 2.0
3, 2553, 0.0, 1.0, -4.5, 0.5, 0, 0, list.size(), 2.5
3, 2554, 0.0, 1.0, -4.5, 1.0, 0, 0, list.size(), 3.0
3, 2555, 0.0, 1.0, -4.5, 1.5, 0, 1, list.size(), 3.5
3, 2556, 0.0, 1.0, -4.5, 2.0, 0, 1, list.size(), 4.0
3, 2557, 0.0, 1.0, -4.5, 2.5, 0, 2, list.size(), 4.5
3, 2558, 0.0, 1.0, -4.5, 3.0, 0, 3, list.size(), 5.0
3, 2559, 0.0, 1.0, -4.5, 3.5, 0, 3, list.size(), 5.5
3, 2560, 0.0, 1.0, -4.5, 4.0, 0, 3, list.size(), 6.0
3, 2561, 0.0, 1.0, -4.5, 4.5, 0, 21, list.size(), 6.5
3, 2562, 0.0, 1.0, -4.5, 5.0, 0, 30, list.size(), 7.0
3, 2563, 0.0, 1.0, -4.0, 0.0, 0, 0, list.size(), 2.0
3, 2564, 0.0, 1.0, -4.0, 0.5, 0, 0, list.size(), 2.5
3, 2565, 0.0, 1.0, -4.0, 1.0, 0, 1, list.size(), 3.0
3, 2566, 0.0, 1.0, -4.0, 1.5, 0, 1, list.size(), 3.5
3, 2567, 0.0, 1.0, -4.0, 2.0, 0, 2, list.size(), 4.0
3, 2568, 0.0, 1.0, -4.0, 2.5, 0, 2, list.size(), 4.5
3, 2569, 0.0, 1.0, -4.0, 3.0, 0, 3, list.size(), 5.0
3, 2570, 0.0, 1.0, -4.0, 3.5, 0, 3, list.size(), 5.5
3, 2571, 0.0, 1.0, -4.0, 4.0, 0, 21, list.size(), 6.0
3, 2572, 0.0, 1.0, -4.0, 4.5, 0, 30, list.size(), 6.5
3, 2573, 0.0, 1.0, -4.0, 5.0, 0, 31, list.size(), 7.0
3, 2574, 0.0, 1.0, -3.5, 0.0, 0, 0, list.size(), 2.0
3, 2575, 0.0, 1.0, -3.5, 0.5, 0, 0, list.size(), 2.5
3, 2576, 0.0, 1.0, -3.5, 1.0, 0, 1, list.size(), 3.0
3, 2577, 0.0, 1.0, -3.5, 1.5, 0, 1, list.size(), 3.5
3, 2578, 0.0, 1.0, -3.5, 2.0, 0, 2, list.size(), 4.0
3, 2579, 0.0, 1.0, -3.5, 2.5, 0, 3, list.size(), 4.5
3, 2580, 0.0, 1.0, -3.5, 3.0, 0, 3, list.size(), 5.0
3, 2581, 0.0, 1.0, -3.5, 3.5, 0, 21, list.size(), 5.5
3, 2582, 0.0, 1.0, -3.5, 4.0, 0, 30, list.size(), 6.0
3, 2583, 0.0, 1.0, -3.5, 4.5, 0, 29, list.size(), 6.5
3, 2584, 0.0, 1.0, -3.5, 5.0, 0, 30, list.size(), 7.0
3, 2585, 0.0, 1.0, -3.0, 0.0, 0, 0, list.size(), 2.0
3, 2586, 0.0, 1.0, -3.0, 0.5, 0, 0, list.size(), 2.5
3, 2587, 0.0, 1.0, -3.0, 1.0, 0, 1, list.size(), 3.0
3, 2588, 0.0, 1.0, -3.0, 1.5, 0, 2, list.size(), 3.5
3, 2589, 0.0, 1.0, -3.0, 2.0, 0, 3, list.size(), 4.0
3, 2590, 0.0, 1.0, -3.0, 2.5, 0, 3, list.size(), 4.5
3, 2591, 0.0, 1.0, -3.0, 3.0, 0, 21, list.size(), 5.0
3, 2592, 0.0, 1.0, -3.0, 3.5, 0, 30, list.size(), 5.5
3, 2593, 0.0, 1.0, -3.0, 4.0, 0, 30, list.size(), 6.0
3, 2594, 0.0, 1.0, -3.0, 4.5, 0, 34, list.size(), 6.5
3, 2595, 0.0, 1.0, -3.0, 5.0, 0, 38, list.size(), 7.0
3, 2596, 0.0, 1.0, -2.5, 0.0, 0, 0, list.size(), 2.0
3, 2597, 0.0, 1.0, -2.5, 0.5, 0, 0, list.size(), 2.5
3, 2598, 0.0, 1.0, -2.5, 1.0, 0, 1, list.size(), 3.0
3, 2599, 0.0, 1.0, -2.5, 1.5, 0, 2, list.size(), 3.5
3, 2600, 0.0, 1.0, -2.5, 2.0, 0, 3, list.size(), 4.0
3, 2601, 0.0, 1.0, -2.5, 2.5, 0, 21, list.size(), 4.5
3, 2602, 0.0, 1.0, -2.5, 3.0, 0, 29, list.size(), 5.0
3, 2603, 0.0, 1.0, -2.5, 3.5, 0, 29, list.size(), 5.5
3, 2604, 0.0, 1.0, -2.5, 4.0, 0, 34, list.size(), 6.0
3, 2605, 0.0, 1.0, -2.5, 4.5, 0, 41, list.size(), 6.5
3, 2606, 0.0, 1.0, -2.5, 5.0, 0, 71, list.size(), 7.0
3, 2607, 0.0, 1.0, -2.0, 0.0, 0, 0, list.size(), 2.0
3, 2608, 0.0, 1.0, -2.0, 0.5, 0, 1, list.size(), 2.5
3, 2609, 0.0, 1.0, -2.0, 1.0, 0, 2, list.size(), 3.0
3, 2610, 0.0, 1.0, -2.0, 1.5, 0, 3, list.size(), 3.5
3, 2611, 0.0, 1.0, -2.0, 2.0, 0, 21, list.size(), 4.0
3, 2612, 0.0, 1.0, -2.0, 2.5, 0, 29, list.size(), 4.5
3, 2613, 0.0, 1.0, -2.0, 3.0, 0, 34, list.size(), 5.0
3, 2614, 0.0, 1.0, -2.0, 3.5, 0, 41, list.size(), 5.5
3, 2615, 0.0, 1.0, -2.0, 4.0, 0, 71, list.size(), 6.0
3, 2616, 0.0, 1.0, -2.0, 4.5, 0, 69, list.size(), 6.5
3, 2617, 0.0, 1.0, -2.0, 5.0, 0, 84, list.size(), 7.0
3, 2618, 0.0, 1.0, -1.5, 0.0, 0, 0, list.size(), 2.0
3, 2619, 0.0, 1.0, -1.5, 0.5, 0, 1, list.size(), 2.5
3, 2620, 0.0, 1.0, -1.5, 1.0, 0, 3, list.size(), 3.0
3, 2621, 0.0, 1.0, -1.5, 1.5, 0, 23, list.size(), 3.5
3, 2622, 0.0, 1.0, -1.5, 2.0, 0, 27, list.size(), 4.0
3, 2623, 0.0, 1.0, -1.5, 2.5, 0, 38, list.size(), 4.5
3, 2624, 0.0, 1.0, -1.5, 3.0, 0, 68, list.size(), 5.0
3, 2625, 0.0, 1.0, -1.5, 3.5, 0, 69, list.size(), 5.5
3, 2626, 0.0, 1.0, -1.5, 4.0, 0, 91, list.size(), 6.0
3, 2627, 0.0, 1.0, -1.5, 4.5, 0, 122, list.size(), 6.5
3, 2628, 0.0, 1.0, -1.5, 5.0, 0, 127, list.size(), 7.0
3, 2629, 0.0, 1.0, -1.0, 0.0, 0, 0, list.size(), 2.0
3, 2630, 0.0, 1.0, -1.0, 0.5, 0, 2, list.size(), 2.5
3, 2631, 0.0, 1.0, -1.0, 1.0, 0, 23, list.size(), 3.0
3, 2632, 0.0, 1.0, -1.0, 1.5, 0, 32, list.size(), 3.5
3, 2633, 0.0, 1.0, -1.0, 2.0, 0, 68, list.size(), 4.0
3, 2634, 0.0, 1.0, -1.0, 2.5, 0, 89, list.size(), 4.5
3, 2635, 0.0, 1.0, -1.0, 3.0, 0, 122, list.size(), 5.0
3, 2636, 0.0, 1.0, -1.0, 3.5, 0, 159, list.size(), 5.5
3, 2637, 0.0, 1.0, -1.0, 4.0, 0, 190, list.size(), 6.0
3, 2638, 0.0, 1.0, -1.0, 4.5, 0, 213, list.size(), 6.5
3, 2639, 0.0, 1.0, -1.0, 5.0, 20, 86, new Task03().trimSize(list), 14.0
3, 2640, 0.0, 1.0, -0.5, 0.0, 0, 0, list.size(), 2.0
3, 2641, 0.0, 1.0, -0.5, 0.5, 0, 17, list.size(), 2.5
3, 2642, 0.0, 1.0, -0.5, 1.0, 0, 68, list.size(), 3.0
3, 2643, 0.0, 1.0, -0.5, 1.5, 0, 129, list.size(), 3.5
3, 2644, 0.0, 1.0, -0.5, 2.0, 0, 197, list.size(), 4.0
3, 2645, 0.0, 1.0, -0.5, 2.5, 0, 244, list.size(), 4.5
3, 2646, 0.0, 1.0, -0.5, 3.0, 20, 128, new Task03().trimSize(list), 9.5
3, 2647, 0.0, 1.0, -0.5, 3.5, 20, 196, new Task03().trimSize(list), 11.0
3, 2648, 0.0, 1.0, -0.5, 4.0, 20, 220, new Task03().trimSize(list), 12.5
3, 2649, 0.0, 1.0, -0.5, 4.5, 20, 241, new Task03().trimSize(list), 14.0
3, 2650, 0.0, 1.0, -0.5, 5.0, 51, 204, list.contains(trimSize()).compareTo(list.contains(trimSize())), 19.0
3, 2651, 0.0, 1.0, 0.0, 0.0, 6, 104, subList().size(), 2.0
3, 2652, 0.0, 1.0, 0.0, 0.5, 20, 220, new Task03().trimSize(list), 3.5
3, 2653, 0.0, 1.0, 0.0, 1.0, 64, 135, noMoreThan.insert(noMoreThan, noMoreThan).append(list.contains(trimSize())), 7.0
3, 2654, 0.0, 1.0, 0.0, 1.5, 64, 187, noMoreThan.insert(noMoreThan, noMoreThan).append(list.contains(trimSize())), 9.5
3, 2655, 0.0, 1.0, 0.0, 2.0, 64, 193, noMoreThan.insert(noMoreThan, noMoreThan).append(list.contains(trimSize())), 12.0
3, 2656, 0.0, 1.0, 0.0, 2.5, 75, 160, list.add(System.arraycopy(trimSize(), noMoreThan, trimSize(), noMoreThan, noMoreThan)), 17.0
3, 2657, 0.0, 1.0, 0.0, 3.0, 75, 160, list.add(System.arraycopy(trimSize(), noMoreThan, trimSize(), noMoreThan, noMoreThan)), 20.0
3, 2658, 0.0, 1.0, 0.0, 3.5, 75, 160, list.add(System.arraycopy(trimSize(), noMoreThan, trimSize(), noMoreThan, noMoreThan)), 23.0
3, 2659, 0.0, 1.0, 0.0, 4.0, 75, 160, list.add(System.arraycopy(trimSize(), noMoreThan, trimSize(), noMoreThan, noMoreThan)), 26.0
3, 2660, 0.0, 1.0, 0.0, 4.5, 75, 160, list.add(System.arraycopy(trimSize(), noMoreThan, trimSize(), noMoreThan, noMoreThan)), 29.0
3, 2661, 0.0, 1.0, 0.0, 5.0, 75, 160, list.add(System.arraycopy(trimSize(), noMoreThan, trimSize(), noMoreThan, noMoreThan)), 32.0
