14, 37268, -5.0, 1.0, -5.0, 0.0, 6, 0, toLowerCase(), -2.0
14, 37269, -5.0, 1.0, -5.0, 0.5, 6, 0, toLowerCase(), -2.0
14, 37270, -5.0, 1.0, -5.0, 1.0, 6, 0, toLowerCase(), -2.0
14, 37271, -5.0, 1.0, -5.0, 1.5, 6, 0, toLowerCase(), -2.0
14, 37272, -5.0, 1.0, -5.0, 2.0, 6, 0, toLowerCase(), -2.0
14, 37273, -5.0, 1.0, -5.0, 2.5, 14, 0, input, -1.5
14, 37274, -5.0, 1.0, -5.0, 3.0, 14, 0, input, -1.0
14, 37275, -5.0, 1.0, -5.0, 3.5, 14, 0, input, -0.5
14, 37276, -5.0, 1.0, -5.0, 4.0, 14, 0, input, 0.0
14, 37277, -5.0, 1.0, -5.0, 4.5, 14, 0, input, 0.5
14, 37278, -5.0, 1.0, -5.0, 5.0, 14, 0, input, 1.0
14, 37279, -5.0, 1.0, -4.5, 0.0, 6, 0, toLowerCase(), -2.0
14, 37280, -5.0, 1.0, -4.5, 0.5, 6, 0, toLowerCase(), -2.0
14, 37281, -5.0, 1.0, -4.5, 1.0, 6, 0, toLowerCase(), -2.0
14, 37282, -5.0, 1.0, -4.5, 1.5, 6, 0, toLowerCase(), -2.0
14, 37283, -5.0, 1.0, -4.5, 2.0, 6, 0, toLowerCase(), -2.0
14, 37284, -5.0, 1.0, -4.5, 2.5, 14, 0, input, -1.5
14, 37285, -5.0, 1.0, -4.5, 3.0, 14, 0, input, -1.0
14, 37286, -5.0, 1.0, -4.5, 3.5, 14, 0, input, -0.5
14, 37287, -5.0, 1.0, -4.5, 4.0, 14, 0, input, 0.0
14, 37288, -5.0, 1.0, -4.5, 4.5, 14, 0, input, 0.5
14, 37289, -5.0, 1.0, -4.5, 5.0, 14, 0, input, 1.0
14, 37290, -5.0, 1.0, -4.0, 0.0, 6, 0, toLowerCase(), -2.0
14, 37291, -5.0, 1.0, -4.0, 0.5, 6, 0, toLowerCase(), -2.0
14, 37292, -5.0, 1.0, -4.0, 1.0, 6, 0, toLowerCase(), -2.0
14, 37293, -5.0, 1.0, -4.0, 1.5, 6, 0, toLowerCase(), -2.0
14, 37294, -5.0, 1.0, -4.0, 2.0, 6, 0, toLowerCase(), -2.0
14, 37295, -5.0, 1.0, -4.0, 2.5, 14, 0, input, -1.5
14, 37296, -5.0, 1.0, -4.0, 3.0, 14, 0, input, -1.0
14, 37297, -5.0, 1.0, -4.0, 3.5, 14, 0, input, -0.5
14, 37298, -5.0, 1.0, -4.0, 4.0, 14, 0, input, 0.0
14, 37299, -5.0, 1.0, -4.0, 4.5, 14, 0, input, 0.5
14, 37300, -5.0, 1.0, -4.0, 5.0, 14, 0, input, 1.0
14, 37301, -5.0, 1.0, -3.5, 0.0, 6, 0, toLowerCase(), -2.0
14, 37302, -5.0, 1.0, -3.5, 0.5, 6, 0, toLowerCase(), -2.0
14, 37303, -5.0, 1.0, -3.5, 1.0, 6, 0, toLowerCase(), -2.0
14, 37304, -5.0, 1.0, -3.5, 1.5, 6, 0, toLowerCase(), -2.0
14, 37305, -5.0, 1.0, -3.5, 2.0, 6, 0, toLowerCase(), -2.0
14, 37306, -5.0, 1.0, -3.5, 2.5, 14, 0, input, -1.5
14, 37307, -5.0, 1.0, -3.5, 3.0, 14, 0, input, -1.0
14, 37308, -5.0, 1.0, -3.5, 3.5, 14, 0, input, -0.5
14, 37309, -5.0, 1.0, -3.5, 4.0, 14, 0, input, 0.0
14, 37310, -5.0, 1.0, -3.5, 4.5, 14, 0, input, 0.5
14, 37311, -5.0, 1.0, -3.5, 5.0, 14, 0, input, 1.0
14, 37312, -5.0, 1.0, -3.0, 0.0, 6, 0, toLowerCase(), -2.0
14, 37313, -5.0, 1.0, -3.0, 0.5, 6, 0, toLowerCase(), -2.0
14, 37314, -5.0, 1.0, -3.0, 1.0, 6, 0, toLowerCase(), -2.0
14, 37315, -5.0, 1.0, -3.0, 1.5, 6, 0, toLowerCase(), -2.0
14, 37316, -5.0, 1.0, -3.0, 2.0, 6, 0, toLowerCase(), -2.0
14, 37317, -5.0, 1.0, -3.0, 2.5, 14, 0, input, -1.5
14, 37318, -5.0, 1.0, -3.0, 3.0, 14, 0, input, -1.0
14, 37319, -5.0, 1.0, -3.0, 3.5, 14, 0, input, -0.5
14, 37320, -5.0, 1.0, -3.0, 4.0, 14, 0, input, 0.0
14, 37321, -5.0, 1.0, -3.0, 4.5, 14, 0, input, 0.5
14, 37322, -5.0, 1.0, -3.0, 5.0, 14, 0, input, 1.0
14, 37323, -5.0, 1.0, -2.5, 0.0, 6, 0, toLowerCase(), -2.0
14, 37324, -5.0, 1.0, -2.5, 0.5, 6, 0, toLowerCase(), -2.0
14, 37325, -5.0, 1.0, -2.5, 1.0, 6, 0, toLowerCase(), -2.0
14, 37326, -5.0, 1.0, -2.5, 1.5, 6, 0, toLowerCase(), -2.0
14, 37327, -5.0, 1.0, -2.5, 2.0, 6, 0, toLowerCase(), -2.0
14, 37328, -5.0, 1.0, -2.5, 2.5, 14, 0, input, -1.5
14, 37329, -5.0, 1.0, -2.5, 3.0, 14, 0, input, -1.0
14, 37330, -5.0, 1.0, -2.5, 3.5, 14, 0, input, -0.5
14, 37331, -5.0, 1.0, -2.5, 4.0, 14, 0, input, 0.0
14, 37332, -5.0, 1.0, -2.5, 4.5, 14, 0, input, 0.5
14, 37333, -5.0, 1.0, -2.5, 5.0, 14, 0, input, 1.0
14, 37334, -5.0, 1.0, -2.0, 0.0, 6, 0, toLowerCase(), -2.0
14, 37335, -5.0, 1.0, -2.0, 0.5, 6, 0, toLowerCase(), -2.0
14, 37336, -5.0, 1.0, -2.0, 1.0, 6, 0, toLowerCase(), -2.0
14, 37337, -5.0, 1.0, -2.0, 1.5, 6, 0, toLowerCase(), -2.0
14, 37338, -5.0, 1.0, -2.0, 2.0, 6, 0, toLowerCase(), -2.0
14, 37339, -5.0, 1.0, -2.0, 2.5, 14, 0, input, -1.5
14, 37340, -5.0, 1.0, -2.0, 3.0, 14, 0, input, -1.0
14, 37341, -5.0, 1.0, -2.0, 3.5, 14, 0, input, -0.5
14, 37342, -5.0, 1.0, -2.0, 4.0, 14, 0, input, 0.0
14, 37343, -5.0, 1.0, -2.0, 4.5, 14, 0, input, 0.5
14, 37344, -5.0, 1.0, -2.0, 5.0, 14, 0, input, 1.0
14, 37345, -5.0, 1.0, -1.5, 0.0, 6, 0, toLowerCase(), -2.0
14, 37346, -5.0, 1.0, -1.5, 0.5, 6, 0, toLowerCase(), -2.0
14, 37347, -5.0, 1.0, -1.5, 1.0, 6, 0, toLowerCase(), -2.0
14, 37348, -5.0, 1.0, -1.5, 1.5, 6, 0, toLowerCase(), -2.0
14, 37349, -5.0, 1.0, -1.5, 2.0, 6, 0, toLowerCase(), -2.0
14, 37350, -5.0, 1.0, -1.5, 2.5, 14, 0, input, -1.5
14, 37351, -5.0, 1.0, -1.5, 3.0, 14, 0, input, -1.0
14, 37352, -5.0, 1.0, -1.5, 3.5, 14, 0, input, -0.5
14, 37353, -5.0, 1.0, -1.5, 4.0, 14, 0, input, 0.0
14, 37354, -5.0, 1.0, -1.5, 4.5, 14, 0, input, 0.5
14, 37355, -5.0, 1.0, -1.5, 5.0, 14, 0, input, 1.0
14, 37356, -5.0, 1.0, -1.0, 0.0, 6, 0, toLowerCase(), -2.0
14, 37357, -5.0, 1.0, -1.0, 0.5, 6, 0, toLowerCase(), -2.0
14, 37358, -5.0, 1.0, -1.0, 1.0, 6, 0, toLowerCase(), -2.0
14, 37359, -5.0, 1.0, -1.0, 1.5, 6, 0, toLowerCase(), -2.0
14, 37360, -5.0, 1.0, -1.0, 2.0, 6, 0, toLowerCase(), -2.0
14, 37361, -5.0, 1.0, -1.0, 2.5, 14, 0, input, -1.5
14, 37362, -5.0, 1.0, -1.0, 3.0, 14, 0, input, -1.0
14, 37363, -5.0, 1.0, -1.0, 3.5, 14, 0, input, -0.5
14, 37364, -5.0, 1.0, -1.0, 4.0, 14, 0, input, 0.0
14, 37365, -5.0, 1.0, -1.0, 4.5, 14, 0, input, 0.5
14, 37366, -5.0, 1.0, -1.0, 5.0, 14, 0, input, 1.0
14, 37367, -5.0, 1.0, -0.5, 0.0, 6, 0, toLowerCase(), -2.0
14, 37368, -5.0, 1.0, -0.5, 0.5, 6, 0, toLowerCase(), -2.0
14, 37369, -5.0, 1.0, -0.5, 1.0, 6, 0, toLowerCase(), -2.0
14, 37370, -5.0, 1.0, -0.5, 1.5, 6, 0, toLowerCase(), -2.0
14, 37371, -5.0, 1.0, -0.5, 2.0, 6, 0, toLowerCase(), -2.0
14, 37372, -5.0, 1.0, -0.5, 2.5, 14, 0, input, -1.5
14, 37373, -5.0, 1.0, -0.5, 3.0, 14, 0, input, -1.0
14, 37374, -5.0, 1.0, -0.5, 3.5, 14, 0, input, -0.5
14, 37375, -5.0, 1.0, -0.5, 4.0, 14, 0, input, 0.0
14, 37376, -5.0, 1.0, -0.5, 4.5, 14, 0, input, 0.5
14, 37377, -5.0, 1.0, -0.5, 5.0, 14, 0, input, 1.0
14, 37378, -5.0, 1.0, 0.0, 0.0, 6, 0, toLowerCase(), -2.0
14, 37379, -5.0, 1.0, 0.0, 0.5, 6, 0, toLowerCase(), -2.0
14, 37380, -5.0, 1.0, 0.0, 1.0, 6, 0, toLowerCase(), -2.0
14, 37381, -5.0, 1.0, 0.0, 1.5, 6, 0, toLowerCase(), -2.0
14, 37382, -5.0, 1.0, 0.0, 2.0, 6, 0, toLowerCase(), -2.0
14, 37383, -5.0, 1.0, 0.0, 2.5, 14, 0, input, -1.5
14, 37384, -5.0, 1.0, 0.0, 3.0, 14, 0, input, -1.0
14, 37385, -5.0, 1.0, 0.0, 3.5, 14, 0, input, -0.5
14, 37386, -5.0, 1.0, 0.0, 4.0, 14, 0, input, 0.0
14, 37387, -5.0, 1.0, 0.0, 4.5, 14, 0, input, 0.5
14, 37388, -5.0, 1.0, 0.0, 5.0, 14, 0, input, 1.0
14, 37389, -4.5, 1.0, -5.0, 0.0, 6, 0, toLowerCase(), -1.5
14, 37390, -4.5, 1.0, -5.0, 0.5, 6, 0, toLowerCase(), -1.5
14, 37391, -4.5, 1.0, -5.0, 1.0, 6, 0, toLowerCase(), -1.5
14, 37392, -4.5, 1.0, -5.0, 1.5, 6, 0, toLowerCase(), -1.5
14, 37393, -4.5, 1.0, -5.0, 2.0, 6, 0, toLowerCase(), -1.5
14, 37394, -4.5, 1.0, -5.0, 2.5, 14, 0, input, -1.0
14, 37395, -4.5, 1.0, -5.0, 3.0, 14, 0, input, -0.5
14, 37396, -4.5, 1.0, -5.0, 3.5, 14, 0, input, 0.0
14, 37397, -4.5, 1.0, -5.0, 4.0, 14, 0, input, 0.5
14, 37398, -4.5, 1.0, -5.0, 4.5, 14, 0, input, 1.0
14, 37399, -4.5, 1.0, -5.0, 5.0, 14, 0, input, 1.5
14, 37400, -4.5, 1.0, -4.5, 0.0, 6, 0, toLowerCase(), -1.5
14, 37401, -4.5, 1.0, -4.5, 0.5, 6, 0, toLowerCase(), -1.5
14, 37402, -4.5, 1.0, -4.5, 1.0, 6, 0, toLowerCase(), -1.5
14, 37403, -4.5, 1.0, -4.5, 1.5, 6, 0, toLowerCase(), -1.5
14, 37404, -4.5, 1.0, -4.5, 2.0, 6, 0, toLowerCase(), -1.5
14, 37405, -4.5, 1.0, -4.5, 2.5, 14, 0, input, -1.0
14, 37406, -4.5, 1.0, -4.5, 3.0, 14, 0, input, -0.5
14, 37407, -4.5, 1.0, -4.5, 3.5, 14, 0, input, 0.0
14, 37408, -4.5, 1.0, -4.5, 4.0, 14, 0, input, 0.5
14, 37409, -4.5, 1.0, -4.5, 4.5, 14, 0, input, 1.0
14, 37410, -4.5, 1.0, -4.5, 5.0, 14, 0, input, 1.5
14, 37411, -4.5, 1.0, -4.0, 0.0, 6, 0, toLowerCase(), -1.5
14, 37412, -4.5, 1.0, -4.0, 0.5, 6, 0, toLowerCase(), -1.5
14, 37413, -4.5, 1.0, -4.0, 1.0, 6, 0, toLowerCase(), -1.5
14, 37414, -4.5, 1.0, -4.0, 1.5, 6, 0, toLowerCase(), -1.5
14, 37415, -4.5, 1.0, -4.0, 2.0, 6, 0, toLowerCase(), -1.5
14, 37416, -4.5, 1.0, -4.0, 2.5, 14, 0, input, -1.0
14, 37417, -4.5, 1.0, -4.0, 3.0, 14, 0, input, -0.5
14, 37418, -4.5, 1.0, -4.0, 3.5, 14, 0, input, 0.0
14, 37419, -4.5, 1.0, -4.0, 4.0, 14, 0, input, 0.5
14, 37420, -4.5, 1.0, -4.0, 4.5, 14, 0, input, 1.0
14, 37421, -4.5, 1.0, -4.0, 5.0, 14, 0, input, 1.5
14, 37422, -4.5, 1.0, -3.5, 0.0, 6, 0, toLowerCase(), -1.5
14, 37423, -4.5, 1.0, -3.5, 0.5, 6, 0, toLowerCase(), -1.5
14, 37424, -4.5, 1.0, -3.5, 1.0, 6, 0, toLowerCase(), -1.5
14, 37425, -4.5, 1.0, -3.5, 1.5, 6, 0, toLowerCase(), -1.5
14, 37426, -4.5, 1.0, -3.5, 2.0, 6, 0, toLowerCase(), -1.5
14, 37427, -4.5, 1.0, -3.5, 2.5, 14, 0, input, -1.0
14, 37428, -4.5, 1.0, -3.5, 3.0, 14, 0, input, -0.5
14, 37429, -4.5, 1.0, -3.5, 3.5, 14, 0, input, 0.0
14, 37430, -4.5, 1.0, -3.5, 4.0, 14, 0, input, 0.5
14, 37431, -4.5, 1.0, -3.5, 4.5, 14, 0, input, 1.0
14, 37432, -4.5, 1.0, -3.5, 5.0, 14, 0, input, 1.5
14, 37433, -4.5, 1.0, -3.0, 0.0, 6, 0, toLowerCase(), -1.5
14, 37434, -4.5, 1.0, -3.0, 0.5, 6, 0, toLowerCase(), -1.5
14, 37435, -4.5, 1.0, -3.0, 1.0, 6, 0, toLowerCase(), -1.5
14, 37436, -4.5, 1.0, -3.0, 1.5, 6, 0, toLowerCase(), -1.5
14, 37437, -4.5, 1.0, -3.0, 2.0, 6, 0, toLowerCase(), -1.5
14, 37438, -4.5, 1.0, -3.0, 2.5, 14, 0, input, -1.0
14, 37439, -4.5, 1.0, -3.0, 3.0, 14, 0, input, -0.5
14, 37440, -4.5, 1.0, -3.0, 3.5, 14, 0, input, 0.0
14, 37441, -4.5, 1.0, -3.0, 4.0, 14, 0, input, 0.5
14, 37442, -4.5, 1.0, -3.0, 4.5, 14, 0, input, 1.0
14, 37443, -4.5, 1.0, -3.0, 5.0, 14, 0, input, 1.5
14, 37444, -4.5, 1.0, -2.5, 0.0, 6, 0, toLowerCase(), -1.5
14, 37445, -4.5, 1.0, -2.5, 0.5, 6, 0, toLowerCase(), -1.5
14, 37446, -4.5, 1.0, -2.5, 1.0, 6, 0, toLowerCase(), -1.5
14, 37447, -4.5, 1.0, -2.5, 1.5, 6, 0, toLowerCase(), -1.5
14, 37448, -4.5, 1.0, -2.5, 2.0, 6, 0, toLowerCase(), -1.5
14, 37449, -4.5, 1.0, -2.5, 2.5, 14, 0, input, -1.0
14, 37450, -4.5, 1.0, -2.5, 3.0, 14, 0, input, -0.5
14, 37451, -4.5, 1.0, -2.5, 3.5, 14, 0, input, 0.0
14, 37452, -4.5, 1.0, -2.5, 4.0, 14, 0, input, 0.5
14, 37453, -4.5, 1.0, -2.5, 4.5, 14, 0, input, 1.0
14, 37454, -4.5, 1.0, -2.5, 5.0, 14, 0, input, 1.5
14, 37455, -4.5, 1.0, -2.0, 0.0, 6, 0, toLowerCase(), -1.5
14, 37456, -4.5, 1.0, -2.0, 0.5, 6, 0, toLowerCase(), -1.5
14, 37457, -4.5, 1.0, -2.0, 1.0, 6, 0, toLowerCase(), -1.5
14, 37458, -4.5, 1.0, -2.0, 1.5, 6, 0, toLowerCase(), -1.5
14, 37459, -4.5, 1.0, -2.0, 2.0, 6, 0, toLowerCase(), -1.5
14, 37460, -4.5, 1.0, -2.0, 2.5, 14, 0, input, -1.0
14, 37461, -4.5, 1.0, -2.0, 3.0, 14, 0, input, -0.5
14, 37462, -4.5, 1.0, -2.0, 3.5, 14, 0, input, 0.0
14, 37463, -4.5, 1.0, -2.0, 4.0, 14, 0, input, 0.5
14, 37464, -4.5, 1.0, -2.0, 4.5, 14, 0, input, 1.0
14, 37465, -4.5, 1.0, -2.0, 5.0, 14, 0, input, 1.5
14, 37466, -4.5, 1.0, -1.5, 0.0, 6, 0, toLowerCase(), -1.5
14, 37467, -4.5, 1.0, -1.5, 0.5, 6, 0, toLowerCase(), -1.5
14, 37468, -4.5, 1.0, -1.5, 1.0, 6, 0, toLowerCase(), -1.5
14, 37469, -4.5, 1.0, -1.5, 1.5, 6, 0, toLowerCase(), -1.5
14, 37470, -4.5, 1.0, -1.5, 2.0, 6, 0, toLowerCase(), -1.5
14, 37471, -4.5, 1.0, -1.5, 2.5, 14, 0, input, -1.0
14, 37472, -4.5, 1.0, -1.5, 3.0, 14, 0, input, -0.5
14, 37473, -4.5, 1.0, -1.5, 3.5, 14, 0, input, 0.0
14, 37474, -4.5, 1.0, -1.5, 4.0, 14, 0, input, 0.5
14, 37475, -4.5, 1.0, -1.5, 4.5, 14, 0, input, 1.0
14, 37476, -4.5, 1.0, -1.5, 5.0, 14, 0, input, 1.5
14, 37477, -4.5, 1.0, -1.0, 0.0, 6, 0, toLowerCase(), -1.5
14, 37478, -4.5, 1.0, -1.0, 0.5, 6, 0, toLowerCase(), -1.5
14, 37479, -4.5, 1.0, -1.0, 1.0, 6, 0, toLowerCase(), -1.5
14, 37480, -4.5, 1.0, -1.0, 1.5, 6, 0, toLowerCase(), -1.5
14, 37481, -4.5, 1.0, -1.0, 2.0, 6, 0, toLowerCase(), -1.5
14, 37482, -4.5, 1.0, -1.0, 2.5, 14, 0, input, -1.0
14, 37483, -4.5, 1.0, -1.0, 3.0, 14, 0, input, -0.5
14, 37484, -4.5, 1.0, -1.0, 3.5, 14, 0, input, 0.0
14, 37485, -4.5, 1.0, -1.0, 4.0, 14, 0, input, 0.5
14, 37486, -4.5, 1.0, -1.0, 4.5, 14, 0, input, 1.0
14, 37487, -4.5, 1.0, -1.0, 5.0, 14, 0, input, 1.5
14, 37488, -4.5, 1.0, -0.5, 0.0, 6, 0, toLowerCase(), -1.5
14, 37489, -4.5, 1.0, -0.5, 0.5, 6, 0, toLowerCase(), -1.5
14, 37490, -4.5, 1.0, -0.5, 1.0, 6, 0, toLowerCase(), -1.5
14, 37491, -4.5, 1.0, -0.5, 1.5, 6, 0, toLowerCase(), -1.5
14, 37492, -4.5, 1.0, -0.5, 2.0, 6, 0, toLowerCase(), -1.5
14, 37493, -4.5, 1.0, -0.5, 2.5, 14, 0, input, -1.0
14, 37494, -4.5, 1.0, -0.5, 3.0, 14, 0, input, -0.5
14, 37495, -4.5, 1.0, -0.5, 3.5, 14, 0, input, 0.0
14, 37496, -4.5, 1.0, -0.5, 4.0, 14, 0, input, 0.5
14, 37497, -4.5, 1.0, -0.5, 4.5, 14, 0, input, 1.0
14, 37498, -4.5, 1.0, -0.5, 5.0, 14, 0, input, 1.5
14, 37499, -4.5, 1.0, 0.0, 0.0, 6, 0, toLowerCase(), -1.5
14, 37500, -4.5, 1.0, 0.0, 0.5, 6, 0, toLowerCase(), -1.5
14, 37501, -4.5, 1.0, 0.0, 1.0, 6, 0, toLowerCase(), -1.5
14, 37502, -4.5, 1.0, 0.0, 1.5, 6, 0, toLowerCase(), -1.5
14, 37503, -4.5, 1.0, 0.0, 2.0, 6, 0, toLowerCase(), -1.5
14, 37504, -4.5, 1.0, 0.0, 2.5, 14, 0, input, -1.0
14, 37505, -4.5, 1.0, 0.0, 3.0, 14, 0, input, -0.5
14, 37506, -4.5, 1.0, 0.0, 3.5, 14, 0, input, 0.0
14, 37507, -4.5, 1.0, 0.0, 4.0, 14, 0, input, 0.5
14, 37508, -4.5, 1.0, 0.0, 4.5, 14, 0, input, 1.0
14, 37509, -4.5, 1.0, 0.0, 5.0, 14, 0, input, 1.5
14, 37510, -4.0, 1.0, -5.0, 0.0, 6, 0, toLowerCase(), -1.0
14, 37511, -4.0, 1.0, -5.0, 0.5, 6, 0, toLowerCase(), -1.0
14, 37512, -4.0, 1.0, -5.0, 1.0, 6, 0, toLowerCase(), -1.0
14, 37513, -4.0, 1.0, -5.0, 1.5, 6, 0, toLowerCase(), -1.0
14, 37514, -4.0, 1.0, -5.0, 2.0, 6, 0, toLowerCase(), -1.0
14, 37515, -4.0, 1.0, -5.0, 2.5, 14, 0, input, -0.5
14, 37516, -4.0, 1.0, -5.0, 3.0, 14, 0, input, 0.0
14, 37517, -4.0, 1.0, -5.0, 3.5, 14, 0, input, 0.5
14, 37518, -4.0, 1.0, -5.0, 4.0, 14, 0, input, 1.0
14, 37519, -4.0, 1.0, -5.0, 4.5, 14, 0, input, 1.5
14, 37520, -4.0, 1.0, -5.0, 5.0, 14, 0, input, 2.0
14, 37521, -4.0, 1.0, -4.5, 0.0, 6, 0, toLowerCase(), -1.0
14, 37522, -4.0, 1.0, -4.5, 0.5, 6, 0, toLowerCase(), -1.0
14, 37523, -4.0, 1.0, -4.5, 1.0, 6, 0, toLowerCase(), -1.0
14, 37524, -4.0, 1.0, -4.5, 1.5, 6, 0, toLowerCase(), -1.0
14, 37525, -4.0, 1.0, -4.5, 2.0, 6, 0, toLowerCase(), -1.0
14, 37526, -4.0, 1.0, -4.5, 2.5, 14, 0, input, -0.5
14, 37527, -4.0, 1.0, -4.5, 3.0, 14, 0, input, 0.0
14, 37528, -4.0, 1.0, -4.5, 3.5, 14, 0, input, 0.5
14, 37529, -4.0, 1.0, -4.5, 4.0, 14, 0, input, 1.0
14, 37530, -4.0, 1.0, -4.5, 4.5, 14, 0, input, 1.5
14, 37531, -4.0, 1.0, -4.5, 5.0, 14, 0, input, 2.0
14, 37532, -4.0, 1.0, -4.0, 0.0, 6, 0, toLowerCase(), -1.0
14, 37533, -4.0, 1.0, -4.0, 0.5, 6, 0, toLowerCase(), -1.0
14, 37534, -4.0, 1.0, -4.0, 1.0, 6, 0, toLowerCase(), -1.0
14, 37535, -4.0, 1.0, -4.0, 1.5, 6, 0, toLowerCase(), -1.0
14, 37536, -4.0, 1.0, -4.0, 2.0, 6, 0, toLowerCase(), -1.0
14, 37537, -4.0, 1.0, -4.0, 2.5, 14, 0, input, -0.5
14, 37538, -4.0, 1.0, -4.0, 3.0, 14, 0, input, 0.0
14, 37539, -4.0, 1.0, -4.0, 3.5, 14, 0, input, 0.5
14, 37540, -4.0, 1.0, -4.0, 4.0, 14, 0, input, 1.0
14, 37541, -4.0, 1.0, -4.0, 4.5, 14, 0, input, 1.5
14, 37542, -4.0, 1.0, -4.0, 5.0, 14, 0, input, 2.0
14, 37543, -4.0, 1.0, -3.5, 0.0, 6, 0, toLowerCase(), -1.0
14, 37544, -4.0, 1.0, -3.5, 0.5, 6, 0, toLowerCase(), -1.0
14, 37545, -4.0, 1.0, -3.5, 1.0, 6, 0, toLowerCase(), -1.0
14, 37546, -4.0, 1.0, -3.5, 1.5, 6, 0, toLowerCase(), -1.0
14, 37547, -4.0, 1.0, -3.5, 2.0, 6, 0, toLowerCase(), -1.0
14, 37548, -4.0, 1.0, -3.5, 2.5, 14, 0, input, -0.5
14, 37549, -4.0, 1.0, -3.5, 3.0, 14, 0, input, 0.0
14, 37550, -4.0, 1.0, -3.5, 3.5, 14, 0, input, 0.5
14, 37551, -4.0, 1.0, -3.5, 4.0, 14, 0, input, 1.0
14, 37552, -4.0, 1.0, -3.5, 4.5, 14, 0, input, 1.5
14, 37553, -4.0, 1.0, -3.5, 5.0, 14, 0, input, 2.0
14, 37554, -4.0, 1.0, -3.0, 0.0, 6, 0, toLowerCase(), -1.0
14, 37555, -4.0, 1.0, -3.0, 0.5, 6, 0, toLowerCase(), -1.0
14, 37556, -4.0, 1.0, -3.0, 1.0, 6, 0, toLowerCase(), -1.0
14, 37557, -4.0, 1.0, -3.0, 1.5, 6, 0, toLowerCase(), -1.0
14, 37558, -4.0, 1.0, -3.0, 2.0, 6, 0, toLowerCase(), -1.0
14, 37559, -4.0, 1.0, -3.0, 2.5, 14, 0, input, -0.5
14, 37560, -4.0, 1.0, -3.0, 3.0, 14, 0, input, 0.0
14, 37561, -4.0, 1.0, -3.0, 3.5, 14, 0, input, 0.5
14, 37562, -4.0, 1.0, -3.0, 4.0, 14, 0, input, 1.0
14, 37563, -4.0, 1.0, -3.0, 4.5, 14, 0, input, 1.5
14, 37564, -4.0, 1.0, -3.0, 5.0, 14, 0, input, 2.0
14, 37565, -4.0, 1.0, -2.5, 0.0, 6, 0, toLowerCase(), -1.0
14, 37566, -4.0, 1.0, -2.5, 0.5, 6, 0, toLowerCase(), -1.0
14, 37567, -4.0, 1.0, -2.5, 1.0, 6, 0, toLowerCase(), -1.0
14, 37568, -4.0, 1.0, -2.5, 1.5, 6, 0, toLowerCase(), -1.0
14, 37569, -4.0, 1.0, -2.5, 2.0, 6, 0, toLowerCase(), -1.0
14, 37570, -4.0, 1.0, -2.5, 2.5, 14, 0, input, -0.5
14, 37571, -4.0, 1.0, -2.5, 3.0, 14, 0, input, 0.0
14, 37572, -4.0, 1.0, -2.5, 3.5, 14, 0, input, 0.5
14, 37573, -4.0, 1.0, -2.5, 4.0, 14, 0, input, 1.0
14, 37574, -4.0, 1.0, -2.5, 4.5, 14, 0, input, 1.5
14, 37575, -4.0, 1.0, -2.5, 5.0, 14, 0, input, 2.0
14, 37576, -4.0, 1.0, -2.0, 0.0, 6, 0, toLowerCase(), -1.0
14, 37577, -4.0, 1.0, -2.0, 0.5, 6, 0, toLowerCase(), -1.0
14, 37578, -4.0, 1.0, -2.0, 1.0, 6, 0, toLowerCase(), -1.0
14, 37579, -4.0, 1.0, -2.0, 1.5, 6, 0, toLowerCase(), -1.0
14, 37580, -4.0, 1.0, -2.0, 2.0, 6, 0, toLowerCase(), -1.0
14, 37581, -4.0, 1.0, -2.0, 2.5, 14, 0, input, -0.5
14, 37582, -4.0, 1.0, -2.0, 3.0, 14, 0, input, 0.0
14, 37583, -4.0, 1.0, -2.0, 3.5, 14, 0, input, 0.5
14, 37584, -4.0, 1.0, -2.0, 4.0, 14, 0, input, 1.0
14, 37585, -4.0, 1.0, -2.0, 4.5, 14, 0, input, 1.5
14, 37586, -4.0, 1.0, -2.0, 5.0, 14, 0, input, 2.0
14, 37587, -4.0, 1.0, -1.5, 0.0, 6, 0, toLowerCase(), -1.0
14, 37588, -4.0, 1.0, -1.5, 0.5, 6, 0, toLowerCase(), -1.0
14, 37589, -4.0, 1.0, -1.5, 1.0, 6, 0, toLowerCase(), -1.0
14, 37590, -4.0, 1.0, -1.5, 1.5, 6, 0, toLowerCase(), -1.0
14, 37591, -4.0, 1.0, -1.5, 2.0, 6, 0, toLowerCase(), -1.0
14, 37592, -4.0, 1.0, -1.5, 2.5, 14, 0, input, -0.5
14, 37593, -4.0, 1.0, -1.5, 3.0, 14, 0, input, 0.0
14, 37594, -4.0, 1.0, -1.5, 3.5, 14, 0, input, 0.5
14, 37595, -4.0, 1.0, -1.5, 4.0, 14, 0, input, 1.0
14, 37596, -4.0, 1.0, -1.5, 4.5, 14, 0, input, 1.5
14, 37597, -4.0, 1.0, -1.5, 5.0, 14, 0, input, 2.0
14, 37598, -4.0, 1.0, -1.0, 0.0, 6, 0, toLowerCase(), -1.0
14, 37599, -4.0, 1.0, -1.0, 0.5, 6, 0, toLowerCase(), -1.0
14, 37600, -4.0, 1.0, -1.0, 1.0, 6, 0, toLowerCase(), -1.0
14, 37601, -4.0, 1.0, -1.0, 1.5, 6, 0, toLowerCase(), -1.0
14, 37602, -4.0, 1.0, -1.0, 2.0, 6, 0, toLowerCase(), -1.0
14, 37603, -4.0, 1.0, -1.0, 2.5, 14, 0, input, -0.5
14, 37604, -4.0, 1.0, -1.0, 3.0, 14, 0, input, 0.0
14, 37605, -4.0, 1.0, -1.0, 3.5, 14, 0, input, 0.5
14, 37606, -4.0, 1.0, -1.0, 4.0, 14, 0, input, 1.0
14, 37607, -4.0, 1.0, -1.0, 4.5, 14, 0, input, 1.5
14, 37608, -4.0, 1.0, -1.0, 5.0, 14, 0, input, 2.0
14, 37609, -4.0, 1.0, -0.5, 0.0, 6, 0, toLowerCase(), -1.0
14, 37610, -4.0, 1.0, -0.5, 0.5, 6, 0, toLowerCase(), -1.0
14, 37611, -4.0, 1.0, -0.5, 1.0, 6, 0, toLowerCase(), -1.0
14, 37612, -4.0, 1.0, -0.5, 1.5, 6, 0, toLowerCase(), -1.0
14, 37613, -4.0, 1.0, -0.5, 2.0, 6, 0, toLowerCase(), -1.0
14, 37614, -4.0, 1.0, -0.5, 2.5, 14, 0, input, -0.5
14, 37615, -4.0, 1.0, -0.5, 3.0, 14, 0, input, 0.0
14, 37616, -4.0, 1.0, -0.5, 3.5, 14, 0, input, 0.5
14, 37617, -4.0, 1.0, -0.5, 4.0, 14, 0, input, 1.0
14, 37618, -4.0, 1.0, -0.5, 4.5, 14, 0, input, 1.5
14, 37619, -4.0, 1.0, -0.5, 5.0, 14, 0, input, 2.0
14, 37620, -4.0, 1.0, 0.0, 0.0, 6, 0, toLowerCase(), -1.0
14, 37621, -4.0, 1.0, 0.0, 0.5, 6, 0, toLowerCase(), -1.0
14, 37622, -4.0, 1.0, 0.0, 1.0, 6, 0, toLowerCase(), -1.0
14, 37623, -4.0, 1.0, 0.0, 1.5, 6, 0, toLowerCase(), -1.0
14, 37624, -4.0, 1.0, 0.0, 2.0, 6, 0, toLowerCase(), -1.0
14, 37625, -4.0, 1.0, 0.0, 2.5, 14, 0, input, -0.5
14, 37626, -4.0, 1.0, 0.0, 3.0, 14, 0, input, 0.0
14, 37627, -4.0, 1.0, 0.0, 3.5, 14, 0, input, 0.5
14, 37628, -4.0, 1.0, 0.0, 4.0, 14, 0, input, 1.0
14, 37629, -4.0, 1.0, 0.0, 4.5, 14, 0, input, 1.5
14, 37630, -4.0, 1.0, 0.0, 5.0, 14, 0, input, 2.0
14, 37631, -3.5, 1.0, -5.0, 0.0, 6, 0, toLowerCase(), -0.5
14, 37632, -3.5, 1.0, -5.0, 0.5, 6, 0, toLowerCase(), -0.5
14, 37633, -3.5, 1.0, -5.0, 1.0, 6, 0, toLowerCase(), -0.5
14, 37634, -3.5, 1.0, -5.0, 1.5, 6, 0, toLowerCase(), -0.5
14, 37635, -3.5, 1.0, -5.0, 2.0, 6, 0, toLowerCase(), -0.5
14, 37636, -3.5, 1.0, -5.0, 2.5, 14, 0, input, 0.0
14, 37637, -3.5, 1.0, -5.0, 3.0, 14, 0, input, 0.5
14, 37638, -3.5, 1.0, -5.0, 3.5, 14, 0, input, 1.0
14, 37639, -3.5, 1.0, -5.0, 4.0, 14, 0, input, 1.5
14, 37640, -3.5, 1.0, -5.0, 4.5, 14, 0, input, 2.0
14, 37641, -3.5, 1.0, -5.0, 5.0, 14, 0, input, 2.5
14, 37642, -3.5, 1.0, -4.5, 0.0, 6, 0, toLowerCase(), -0.5
14, 37643, -3.5, 1.0, -4.5, 0.5, 6, 0, toLowerCase(), -0.5
14, 37644, -3.5, 1.0, -4.5, 1.0, 6, 0, toLowerCase(), -0.5
14, 37645, -3.5, 1.0, -4.5, 1.5, 6, 0, toLowerCase(), -0.5
14, 37646, -3.5, 1.0, -4.5, 2.0, 6, 0, toLowerCase(), -0.5
14, 37647, -3.5, 1.0, -4.5, 2.5, 14, 0, input, 0.0
14, 37648, -3.5, 1.0, -4.5, 3.0, 14, 0, input, 0.5
14, 37649, -3.5, 1.0, -4.5, 3.5, 14, 0, input, 1.0
14, 37650, -3.5, 1.0, -4.5, 4.0, 14, 0, input, 1.5
14, 37651, -3.5, 1.0, -4.5, 4.5, 14, 0, input, 2.0
14, 37652, -3.5, 1.0, -4.5, 5.0, 14, 0, input, 2.5
14, 37653, -3.5, 1.0, -4.0, 0.0, 6, 0, toLowerCase(), -0.5
14, 37654, -3.5, 1.0, -4.0, 0.5, 6, 0, toLowerCase(), -0.5
14, 37655, -3.5, 1.0, -4.0, 1.0, 6, 0, toLowerCase(), -0.5
14, 37656, -3.5, 1.0, -4.0, 1.5, 6, 0, toLowerCase(), -0.5
14, 37657, -3.5, 1.0, -4.0, 2.0, 6, 0, toLowerCase(), -0.5
14, 37658, -3.5, 1.0, -4.0, 2.5, 14, 0, input, 0.0
14, 37659, -3.5, 1.0, -4.0, 3.0, 14, 0, input, 0.5
14, 37660, -3.5, 1.0, -4.0, 3.5, 14, 0, input, 1.0
14, 37661, -3.5, 1.0, -4.0, 4.0, 14, 0, input, 1.5
14, 37662, -3.5, 1.0, -4.0, 4.5, 14, 0, input, 2.0
14, 37663, -3.5, 1.0, -4.0, 5.0, 14, 0, input, 2.5
14, 37664, -3.5, 1.0, -3.5, 0.0, 6, 0, toLowerCase(), -0.5
14, 37665, -3.5, 1.0, -3.5, 0.5, 6, 0, toLowerCase(), -0.5
14, 37666, -3.5, 1.0, -3.5, 1.0, 6, 0, toLowerCase(), -0.5
14, 37667, -3.5, 1.0, -3.5, 1.5, 6, 0, toLowerCase(), -0.5
14, 37668, -3.5, 1.0, -3.5, 2.0, 6, 0, toLowerCase(), -0.5
14, 37669, -3.5, 1.0, -3.5, 2.5, 14, 0, input, 0.0
14, 37670, -3.5, 1.0, -3.5, 3.0, 14, 0, input, 0.5
14, 37671, -3.5, 1.0, -3.5, 3.5, 14, 0, input, 1.0
14, 37672, -3.5, 1.0, -3.5, 4.0, 14, 0, input, 1.5
14, 37673, -3.5, 1.0, -3.5, 4.5, 14, 0, input, 2.0
14, 37674, -3.5, 1.0, -3.5, 5.0, 14, 0, input, 2.5
14, 37675, -3.5, 1.0, -3.0, 0.0, 6, 0, toLowerCase(), -0.5
14, 37676, -3.5, 1.0, -3.0, 0.5, 6, 0, toLowerCase(), -0.5
14, 37677, -3.5, 1.0, -3.0, 1.0, 6, 0, toLowerCase(), -0.5
14, 37678, -3.5, 1.0, -3.0, 1.5, 6, 0, toLowerCase(), -0.5
14, 37679, -3.5, 1.0, -3.0, 2.0, 6, 0, toLowerCase(), -0.5
14, 37680, -3.5, 1.0, -3.0, 2.5, 14, 0, input, 0.0
14, 37681, -3.5, 1.0, -3.0, 3.0, 14, 0, input, 0.5
14, 37682, -3.5, 1.0, -3.0, 3.5, 14, 0, input, 1.0
14, 37683, -3.5, 1.0, -3.0, 4.0, 14, 0, input, 1.5
14, 37684, -3.5, 1.0, -3.0, 4.5, 14, 0, input, 2.0
14, 37685, -3.5, 1.0, -3.0, 5.0, 14, 0, input, 2.5
14, 37686, -3.5, 1.0, -2.5, 0.0, 6, 0, toLowerCase(), -0.5
14, 37687, -3.5, 1.0, -2.5, 0.5, 6, 0, toLowerCase(), -0.5
14, 37688, -3.5, 1.0, -2.5, 1.0, 6, 0, toLowerCase(), -0.5
14, 37689, -3.5, 1.0, -2.5, 1.5, 6, 0, toLowerCase(), -0.5
14, 37690, -3.5, 1.0, -2.5, 2.0, 6, 0, toLowerCase(), -0.5
14, 37691, -3.5, 1.0, -2.5, 2.5, 14, 0, input, 0.0
14, 37692, -3.5, 1.0, -2.5, 3.0, 14, 0, input, 0.5
14, 37693, -3.5, 1.0, -2.5, 3.5, 14, 0, input, 1.0
14, 37694, -3.5, 1.0, -2.5, 4.0, 14, 0, input, 1.5
14, 37695, -3.5, 1.0, -2.5, 4.5, 14, 0, input, 2.0
14, 37696, -3.5, 1.0, -2.5, 5.0, 14, 0, input, 2.5
14, 37697, -3.5, 1.0, -2.0, 0.0, 6, 0, toLowerCase(), -0.5
14, 37698, -3.5, 1.0, -2.0, 0.5, 6, 0, toLowerCase(), -0.5
14, 37699, -3.5, 1.0, -2.0, 1.0, 6, 0, toLowerCase(), -0.5
14, 37700, -3.5, 1.0, -2.0, 1.5, 6, 0, toLowerCase(), -0.5
14, 37701, -3.5, 1.0, -2.0, 2.0, 6, 0, toLowerCase(), -0.5
14, 37702, -3.5, 1.0, -2.0, 2.5, 14, 0, input, 0.0
14, 37703, -3.5, 1.0, -2.0, 3.0, 14, 0, input, 0.5
14, 37704, -3.5, 1.0, -2.0, 3.5, 14, 0, input, 1.0
14, 37705, -3.5, 1.0, -2.0, 4.0, 14, 0, input, 1.5
14, 37706, -3.5, 1.0, -2.0, 4.5, 14, 0, input, 2.0
14, 37707, -3.5, 1.0, -2.0, 5.0, 14, 0, input, 2.5
14, 37708, -3.5, 1.0, -1.5, 0.0, 6, 0, toLowerCase(), -0.5
14, 37709, -3.5, 1.0, -1.5, 0.5, 6, 0, toLowerCase(), -0.5
14, 37710, -3.5, 1.0, -1.5, 1.0, 6, 0, toLowerCase(), -0.5
14, 37711, -3.5, 1.0, -1.5, 1.5, 6, 0, toLowerCase(), -0.5
14, 37712, -3.5, 1.0, -1.5, 2.0, 6, 0, toLowerCase(), -0.5
14, 37713, -3.5, 1.0, -1.5, 2.5, 14, 0, input, 0.0
14, 37714, -3.5, 1.0, -1.5, 3.0, 14, 0, input, 0.5
14, 37715, -3.5, 1.0, -1.5, 3.5, 14, 0, input, 1.0
14, 37716, -3.5, 1.0, -1.5, 4.0, 14, 0, input, 1.5
14, 37717, -3.5, 1.0, -1.5, 4.5, 14, 0, input, 2.0
14, 37718, -3.5, 1.0, -1.5, 5.0, 14, 0, input, 2.5
14, 37719, -3.5, 1.0, -1.0, 0.0, 6, 0, toLowerCase(), -0.5
14, 37720, -3.5, 1.0, -1.0, 0.5, 6, 0, toLowerCase(), -0.5
14, 37721, -3.5, 1.0, -1.0, 1.0, 6, 0, toLowerCase(), -0.5
14, 37722, -3.5, 1.0, -1.0, 1.5, 6, 0, toLowerCase(), -0.5
14, 37723, -3.5, 1.0, -1.0, 2.0, 6, 0, toLowerCase(), -0.5
14, 37724, -3.5, 1.0, -1.0, 2.5, 14, 0, input, 0.0
14, 37725, -3.5, 1.0, -1.0, 3.0, 14, 0, input, 0.5
14, 37726, -3.5, 1.0, -1.0, 3.5, 14, 0, input, 1.0
14, 37727, -3.5, 1.0, -1.0, 4.0, 14, 0, input, 1.5
14, 37728, -3.5, 1.0, -1.0, 4.5, 14, 0, input, 2.0
14, 37729, -3.5, 1.0, -1.0, 5.0, 14, 0, input, 2.5
14, 37730, -3.5, 1.0, -0.5, 0.0, 6, 0, toLowerCase(), -0.5
14, 37731, -3.5, 1.0, -0.5, 0.5, 6, 0, toLowerCase(), -0.5
14, 37732, -3.5, 1.0, -0.5, 1.0, 6, 0, toLowerCase(), -0.5
14, 37733, -3.5, 1.0, -0.5, 1.5, 6, 0, toLowerCase(), -0.5
14, 37734, -3.5, 1.0, -0.5, 2.0, 6, 0, toLowerCase(), -0.5
14, 37735, -3.5, 1.0, -0.5, 2.5, 14, 0, input, 0.0
14, 37736, -3.5, 1.0, -0.5, 3.0, 14, 0, input, 0.5
14, 37737, -3.5, 1.0, -0.5, 3.5, 14, 0, input, 1.0
14, 37738, -3.5, 1.0, -0.5, 4.0, 14, 0, input, 1.5
14, 37739, -3.5, 1.0, -0.5, 4.5, 14, 0, input, 2.0
14, 37740, -3.5, 1.0, -0.5, 5.0, 14, 0, input, 2.5
14, 37741, -3.5, 1.0, 0.0, 0.0, 6, 0, toLowerCase(), -0.5
14, 37742, -3.5, 1.0, 0.0, 0.5, 6, 0, toLowerCase(), -0.5
14, 37743, -3.5, 1.0, 0.0, 1.0, 6, 0, toLowerCase(), -0.5
14, 37744, -3.5, 1.0, 0.0, 1.5, 6, 0, toLowerCase(), -0.5
14, 37745, -3.5, 1.0, 0.0, 2.0, 6, 0, toLowerCase(), -0.5
14, 37746, -3.5, 1.0, 0.0, 2.5, 14, 0, input, 0.0
14, 37747, -3.5, 1.0, 0.0, 3.0, 14, 0, input, 0.5
14, 37748, -3.5, 1.0, 0.0, 3.5, 14, 0, input, 1.0
14, 37749, -3.5, 1.0, 0.0, 4.0, 14, 0, input, 1.5
14, 37750, -3.5, 1.0, 0.0, 4.5, 14, 0, input, 2.0
14, 37751, -3.5, 1.0, 0.0, 5.0, 14, 0, input, 2.5
14, 37752, -3.0, 1.0, -5.0, 0.0, 6, 0, toLowerCase(), 0.0
14, 37753, -3.0, 1.0, -5.0, 0.5, 6, 0, toLowerCase(), 0.0
14, 37754, -3.0, 1.0, -5.0, 1.0, 6, 0, toLowerCase(), 0.0
14, 37755, -3.0, 1.0, -5.0, 1.5, 6, 0, toLowerCase(), 0.0
14, 37756, -3.0, 1.0, -5.0, 2.0, 6, 0, toLowerCase(), 0.0
14, 37757, -3.0, 1.0, -5.0, 2.5, 0, 0, input.toLowerCase(), 0.5
14, 37758, -3.0, 1.0, -5.0, 3.0, 0, 0, input.toLowerCase(), 1.0
14, 37759, -3.0, 1.0, -5.0, 3.5, 0, 0, input.toLowerCase(), 1.5
14, 37760, -3.0, 1.0, -5.0, 4.0, 0, 0, input.toLowerCase(), 2.0
14, 37761, -3.0, 1.0, -5.0, 4.5, 0, 0, input.toLowerCase(), 2.5
14, 37762, -3.0, 1.0, -5.0, 5.0, 0, 0, input.toLowerCase(), 3.0
14, 37763, -3.0, 1.0, -4.5, 0.0, 6, 0, toLowerCase(), 0.0
14, 37764, -3.0, 1.0, -4.5, 0.5, 6, 0, toLowerCase(), 0.0
14, 37765, -3.0, 1.0, -4.5, 1.0, 6, 0, toLowerCase(), 0.0
14, 37766, -3.0, 1.0, -4.5, 1.5, 6, 0, toLowerCase(), 0.0
14, 37767, -3.0, 1.0, -4.5, 2.0, 6, 0, toLowerCase(), 0.0
14, 37768, -3.0, 1.0, -4.5, 2.5, 0, 0, input.toLowerCase(), 0.5
14, 37769, -3.0, 1.0, -4.5, 3.0, 0, 0, input.toLowerCase(), 1.0
14, 37770, -3.0, 1.0, -4.5, 3.5, 0, 0, input.toLowerCase(), 1.5
14, 37771, -3.0, 1.0, -4.5, 4.0, 0, 0, input.toLowerCase(), 2.0
14, 37772, -3.0, 1.0, -4.5, 4.5, 0, 0, input.toLowerCase(), 2.5
14, 37773, -3.0, 1.0, -4.5, 5.0, 0, 0, input.toLowerCase(), 3.0
14, 37774, -3.0, 1.0, -4.0, 0.0, 6, 0, toLowerCase(), 0.0
14, 37775, -3.0, 1.0, -4.0, 0.5, 6, 0, toLowerCase(), 0.0
14, 37776, -3.0, 1.0, -4.0, 1.0, 6, 0, toLowerCase(), 0.0
14, 37777, -3.0, 1.0, -4.0, 1.5, 6, 0, toLowerCase(), 0.0
14, 37778, -3.0, 1.0, -4.0, 2.0, 6, 0, toLowerCase(), 0.0
14, 37779, -3.0, 1.0, -4.0, 2.5, 0, 0, input.toLowerCase(), 0.5
14, 37780, -3.0, 1.0, -4.0, 3.0, 0, 0, input.toLowerCase(), 1.0
14, 37781, -3.0, 1.0, -4.0, 3.5, 0, 0, input.toLowerCase(), 1.5
14, 37782, -3.0, 1.0, -4.0, 4.0, 0, 0, input.toLowerCase(), 2.0
14, 37783, -3.0, 1.0, -4.0, 4.5, 0, 0, input.toLowerCase(), 2.5
14, 37784, -3.0, 1.0, -4.0, 5.0, 0, 0, input.toLowerCase(), 3.0
14, 37785, -3.0, 1.0, -3.5, 0.0, 6, 0, toLowerCase(), 0.0
14, 37786, -3.0, 1.0, -3.5, 0.5, 6, 0, toLowerCase(), 0.0
14, 37787, -3.0, 1.0, -3.5, 1.0, 6, 0, toLowerCase(), 0.0
14, 37788, -3.0, 1.0, -3.5, 1.5, 6, 0, toLowerCase(), 0.0
14, 37789, -3.0, 1.0, -3.5, 2.0, 6, 0, toLowerCase(), 0.0
14, 37790, -3.0, 1.0, -3.5, 2.5, 0, 0, input.toLowerCase(), 0.5
14, 37791, -3.0, 1.0, -3.5, 3.0, 0, 0, input.toLowerCase(), 1.0
14, 37792, -3.0, 1.0, -3.5, 3.5, 0, 0, input.toLowerCase(), 1.5
14, 37793, -3.0, 1.0, -3.5, 4.0, 0, 0, input.toLowerCase(), 2.0
14, 37794, -3.0, 1.0, -3.5, 4.5, 0, 0, input.toLowerCase(), 2.5
14, 37795, -3.0, 1.0, -3.5, 5.0, 0, 0, input.toLowerCase(), 3.0
14, 37796, -3.0, 1.0, -3.0, 0.0, 6, 0, toLowerCase(), 0.0
14, 37797, -3.0, 1.0, -3.0, 0.5, 6, 0, toLowerCase(), 0.0
14, 37798, -3.0, 1.0, -3.0, 1.0, 6, 0, toLowerCase(), 0.0
14, 37799, -3.0, 1.0, -3.0, 1.5, 6, 0, toLowerCase(), 0.0
14, 37800, -3.0, 1.0, -3.0, 2.0, 6, 0, toLowerCase(), 0.0
14, 37801, -3.0, 1.0, -3.0, 2.5, 0, 0, input.toLowerCase(), 0.5
14, 37802, -3.0, 1.0, -3.0, 3.0, 0, 0, input.toLowerCase(), 1.0
14, 37803, -3.0, 1.0, -3.0, 3.5, 0, 0, input.toLowerCase(), 1.5
14, 37804, -3.0, 1.0, -3.0, 4.0, 0, 0, input.toLowerCase(), 2.0
14, 37805, -3.0, 1.0, -3.0, 4.5, 0, 0, input.toLowerCase(), 2.5
14, 37806, -3.0, 1.0, -3.0, 5.0, 0, 0, input.toLowerCase(), 3.0
14, 37807, -3.0, 1.0, -2.5, 0.0, 6, 0, toLowerCase(), 0.0
14, 37808, -3.0, 1.0, -2.5, 0.5, 6, 0, toLowerCase(), 0.0
14, 37809, -3.0, 1.0, -2.5, 1.0, 6, 0, toLowerCase(), 0.0
14, 37810, -3.0, 1.0, -2.5, 1.5, 6, 0, toLowerCase(), 0.0
14, 37811, -3.0, 1.0, -2.5, 2.0, 6, 0, toLowerCase(), 0.0
14, 37812, -3.0, 1.0, -2.5, 2.5, 0, 0, input.toLowerCase(), 0.5
14, 37813, -3.0, 1.0, -2.5, 3.0, 0, 0, input.toLowerCase(), 1.0
14, 37814, -3.0, 1.0, -2.5, 3.5, 0, 0, input.toLowerCase(), 1.5
14, 37815, -3.0, 1.0, -2.5, 4.0, 0, 0, input.toLowerCase(), 2.0
14, 37816, -3.0, 1.0, -2.5, 4.5, 0, 0, input.toLowerCase(), 2.5
14, 37817, -3.0, 1.0, -2.5, 5.0, 0, 0, input.toLowerCase(), 3.0
14, 37818, -3.0, 1.0, -2.0, 0.0, 6, 0, toLowerCase(), 0.0
14, 37819, -3.0, 1.0, -2.0, 0.5, 6, 0, toLowerCase(), 0.0
14, 37820, -3.0, 1.0, -2.0, 1.0, 6, 0, toLowerCase(), 0.0
14, 37821, -3.0, 1.0, -2.0, 1.5, 6, 0, toLowerCase(), 0.0
14, 37822, -3.0, 1.0, -2.0, 2.0, 6, 0, toLowerCase(), 0.0
14, 37823, -3.0, 1.0, -2.0, 2.5, 0, 0, input.toLowerCase(), 0.5
14, 37824, -3.0, 1.0, -2.0, 3.0, 0, 0, input.toLowerCase(), 1.0
14, 37825, -3.0, 1.0, -2.0, 3.5, 0, 0, input.toLowerCase(), 1.5
14, 37826, -3.0, 1.0, -2.0, 4.0, 0, 0, input.toLowerCase(), 2.0
14, 37827, -3.0, 1.0, -2.0, 4.5, 0, 0, input.toLowerCase(), 2.5
14, 37828, -3.0, 1.0, -2.0, 5.0, 0, 0, input.toLowerCase(), 3.0
14, 37829, -3.0, 1.0, -1.5, 0.0, 6, 0, toLowerCase(), 0.0
14, 37830, -3.0, 1.0, -1.5, 0.5, 6, 0, toLowerCase(), 0.0
14, 37831, -3.0, 1.0, -1.5, 1.0, 6, 0, toLowerCase(), 0.0
14, 37832, -3.0, 1.0, -1.5, 1.5, 6, 0, toLowerCase(), 0.0
14, 37833, -3.0, 1.0, -1.5, 2.0, 6, 0, toLowerCase(), 0.0
14, 37834, -3.0, 1.0, -1.5, 2.5, 0, 0, input.toLowerCase(), 0.5
14, 37835, -3.0, 1.0, -1.5, 3.0, 0, 0, input.toLowerCase(), 1.0
14, 37836, -3.0, 1.0, -1.5, 3.5, 0, 0, input.toLowerCase(), 1.5
14, 37837, -3.0, 1.0, -1.5, 4.0, 0, 0, input.toLowerCase(), 2.0
14, 37838, -3.0, 1.0, -1.5, 4.5, 0, 0, input.toLowerCase(), 2.5
14, 37839, -3.0, 1.0, -1.5, 5.0, 0, 0, input.toLowerCase(), 3.0
14, 37840, -3.0, 1.0, -1.0, 0.0, 6, 0, toLowerCase(), 0.0
14, 37841, -3.0, 1.0, -1.0, 0.5, 6, 0, toLowerCase(), 0.0
14, 37842, -3.0, 1.0, -1.0, 1.0, 6, 0, toLowerCase(), 0.0
14, 37843, -3.0, 1.0, -1.0, 1.5, 6, 0, toLowerCase(), 0.0
14, 37844, -3.0, 1.0, -1.0, 2.0, 6, 0, toLowerCase(), 0.0
14, 37845, -3.0, 1.0, -1.0, 2.5, 0, 0, input.toLowerCase(), 0.5
14, 37846, -3.0, 1.0, -1.0, 3.0, 0, 0, input.toLowerCase(), 1.0
14, 37847, -3.0, 1.0, -1.0, 3.5, 0, 0, input.toLowerCase(), 1.5
14, 37848, -3.0, 1.0, -1.0, 4.0, 0, 0, input.toLowerCase(), 2.0
14, 37849, -3.0, 1.0, -1.0, 4.5, 0, 0, input.toLowerCase(), 2.5
14, 37850, -3.0, 1.0, -1.0, 5.0, 0, 0, input.toLowerCase(), 3.0
14, 37851, -3.0, 1.0, -0.5, 0.0, 6, 0, toLowerCase(), 0.0
14, 37852, -3.0, 1.0, -0.5, 0.5, 6, 0, toLowerCase(), 0.0
14, 37853, -3.0, 1.0, -0.5, 1.0, 6, 0, toLowerCase(), 0.0
14, 37854, -3.0, 1.0, -0.5, 1.5, 6, 0, toLowerCase(), 0.0
14, 37855, -3.0, 1.0, -0.5, 2.0, 6, 0, toLowerCase(), 0.0
14, 37856, -3.0, 1.0, -0.5, 2.5, 0, 0, input.toLowerCase(), 0.5
14, 37857, -3.0, 1.0, -0.5, 3.0, 0, 0, input.toLowerCase(), 1.0
14, 37858, -3.0, 1.0, -0.5, 3.5, 0, 0, input.toLowerCase(), 1.5
14, 37859, -3.0, 1.0, -0.5, 4.0, 0, 0, input.toLowerCase(), 2.0
14, 37860, -3.0, 1.0, -0.5, 4.5, 0, 0, input.toLowerCase(), 2.5
14, 37861, -3.0, 1.0, -0.5, 5.0, 0, 0, input.toLowerCase(), 3.0
14, 37862, -3.0, 1.0, 0.0, 0.0, 6, 0, toLowerCase(), 0.0
14, 37863, -3.0, 1.0, 0.0, 0.5, 6, 0, toLowerCase(), 0.0
14, 37864, -3.0, 1.0, 0.0, 1.0, 6, 0, toLowerCase(), 0.0
14, 37865, -3.0, 1.0, 0.0, 1.5, 6, 0, toLowerCase(), 0.0
14, 37866, -3.0, 1.0, 0.0, 2.0, 6, 0, toLowerCase(), 0.0
14, 37867, -3.0, 1.0, 0.0, 2.5, 0, 0, input.toLowerCase(), 0.5
14, 37868, -3.0, 1.0, 0.0, 3.0, 0, 0, input.toLowerCase(), 1.0
14, 37869, -3.0, 1.0, 0.0, 3.5, 0, 0, input.toLowerCase(), 1.5
14, 37870, -3.0, 1.0, 0.0, 4.0, 0, 0, input.toLowerCase(), 2.0
14, 37871, -3.0, 1.0, 0.0, 4.5, 0, 0, input.toLowerCase(), 2.5
14, 37872, -3.0, 1.0, 0.0, 5.0, 69, 0, new String(input.compareToIgnoreCase(input), input.compareToIgnoreCase(input), input), 4.0
14, 37873, -2.5, 1.0, -5.0, 0.0, 6, 0, toLowerCase(), 0.5
14, 37874, -2.5, 1.0, -5.0, 0.5, 6, 0, toLowerCase(), 0.5
14, 37875, -2.5, 1.0, -5.0, 1.0, 6, 0, toLowerCase(), 0.5
14, 37876, -2.5, 1.0, -5.0, 1.5, 0, 0, input.toLowerCase(), 0.5
14, 37877, -2.5, 1.0, -5.0, 2.0, 0, 0, input.toLowerCase(), 1.0
14, 37878, -2.5, 1.0, -5.0, 2.5, 0, 0, input.toLowerCase(), 1.5
14, 37879, -2.5, 1.0, -5.0, 3.0, 0, 0, input.toLowerCase(), 2.0
14, 37880, -2.5, 1.0, -5.0, 3.5, 0, 0, input.toLowerCase(), 2.5
14, 37881, -2.5, 1.0, -5.0, 4.0, 0, 0, input.toLowerCase(), 3.0
14, 37882, -2.5, 1.0, -5.0, 4.5, 0, 0, input.toLowerCase(), 3.5
14, 37883, -2.5, 1.0, -5.0, 5.0, 0, 0, input.toLowerCase(), 4.0
14, 37884, -2.5, 1.0, -4.5, 0.0, 6, 0, toLowerCase(), 0.5
14, 37885, -2.5, 1.0, -4.5, 0.5, 6, 0, toLowerCase(), 0.5
14, 37886, -2.5, 1.0, -4.5, 1.0, 6, 0, toLowerCase(), 0.5
14, 37887, -2.5, 1.0, -4.5, 1.5, 0, 0, input.toLowerCase(), 0.5
14, 37888, -2.5, 1.0, -4.5, 2.0, 0, 0, input.toLowerCase(), 1.0
14, 37889, -2.5, 1.0, -4.5, 2.5, 0, 0, input.toLowerCase(), 1.5
14, 37890, -2.5, 1.0, -4.5, 3.0, 0, 0, input.toLowerCase(), 2.0
14, 37891, -2.5, 1.0, -4.5, 3.5, 0, 0, input.toLowerCase(), 2.5
14, 37892, -2.5, 1.0, -4.5, 4.0, 0, 0, input.toLowerCase(), 3.0
14, 37893, -2.5, 1.0, -4.5, 4.5, 0, 0, input.toLowerCase(), 3.5
14, 37894, -2.5, 1.0, -4.5, 5.0, 0, 0, input.toLowerCase(), 4.0
14, 37895, -2.5, 1.0, -4.0, 0.0, 6, 0, toLowerCase(), 0.5
14, 37896, -2.5, 1.0, -4.0, 0.5, 6, 0, toLowerCase(), 0.5
14, 37897, -2.5, 1.0, -4.0, 1.0, 6, 0, toLowerCase(), 0.5
14, 37898, -2.5, 1.0, -4.0, 1.5, 0, 0, input.toLowerCase(), 0.5
14, 37899, -2.5, 1.0, -4.0, 2.0, 0, 0, input.toLowerCase(), 1.0
14, 37900, -2.5, 1.0, -4.0, 2.5, 0, 0, input.toLowerCase(), 1.5
14, 37901, -2.5, 1.0, -4.0, 3.0, 0, 0, input.toLowerCase(), 2.0
14, 37902, -2.5, 1.0, -4.0, 3.5, 0, 0, input.toLowerCase(), 2.5
14, 37903, -2.5, 1.0, -4.0, 4.0, 0, 0, input.toLowerCase(), 3.0
14, 37904, -2.5, 1.0, -4.0, 4.5, 0, 0, input.toLowerCase(), 3.5
14, 37905, -2.5, 1.0, -4.0, 5.0, 0, 0, input.toLowerCase(), 4.0
14, 37906, -2.5, 1.0, -3.5, 0.0, 6, 0, toLowerCase(), 0.5
14, 37907, -2.5, 1.0, -3.5, 0.5, 6, 0, toLowerCase(), 0.5
14, 37908, -2.5, 1.0, -3.5, 1.0, 6, 0, toLowerCase(), 0.5
14, 37909, -2.5, 1.0, -3.5, 1.5, 0, 0, input.toLowerCase(), 0.5
14, 37910, -2.5, 1.0, -3.5, 2.0, 0, 0, input.toLowerCase(), 1.0
14, 37911, -2.5, 1.0, -3.5, 2.5, 0, 0, input.toLowerCase(), 1.5
14, 37912, -2.5, 1.0, -3.5, 3.0, 0, 0, input.toLowerCase(), 2.0
14, 37913, -2.5, 1.0, -3.5, 3.5, 0, 0, input.toLowerCase(), 2.5
14, 37914, -2.5, 1.0, -3.5, 4.0, 0, 0, input.toLowerCase(), 3.0
14, 37915, -2.5, 1.0, -3.5, 4.5, 0, 0, input.toLowerCase(), 3.5
14, 37916, -2.5, 1.0, -3.5, 5.0, 0, 0, input.toLowerCase(), 4.0
14, 37917, -2.5, 1.0, -3.0, 0.0, 6, 0, toLowerCase(), 0.5
14, 37918, -2.5, 1.0, -3.0, 0.5, 6, 0, toLowerCase(), 0.5
14, 37919, -2.5, 1.0, -3.0, 1.0, 6, 0, toLowerCase(), 0.5
14, 37920, -2.5, 1.0, -3.0, 1.5, 0, 0, input.toLowerCase(), 0.5
14, 37921, -2.5, 1.0, -3.0, 2.0, 0, 0, input.toLowerCase(), 1.0
14, 37922, -2.5, 1.0, -3.0, 2.5, 0, 0, input.toLowerCase(), 1.5
14, 37923, -2.5, 1.0, -3.0, 3.0, 0, 0, input.toLowerCase(), 2.0
14, 37924, -2.5, 1.0, -3.0, 3.5, 0, 0, input.toLowerCase(), 2.5
14, 37925, -2.5, 1.0, -3.0, 4.0, 0, 0, input.toLowerCase(), 3.0
14, 37926, -2.5, 1.0, -3.0, 4.5, 0, 0, input.toLowerCase(), 3.5
14, 37927, -2.5, 1.0, -3.0, 5.0, 0, 0, input.toLowerCase(), 4.0
14, 37928, -2.5, 1.0, -2.5, 0.0, 6, 0, toLowerCase(), 0.5
14, 37929, -2.5, 1.0, -2.5, 0.5, 6, 0, toLowerCase(), 0.5
14, 37930, -2.5, 1.0, -2.5, 1.0, 6, 0, toLowerCase(), 0.5
14, 37931, -2.5, 1.0, -2.5, 1.5, 0, 0, input.toLowerCase(), 0.5
14, 37932, -2.5, 1.0, -2.5, 2.0, 0, 0, input.toLowerCase(), 1.0
14, 37933, -2.5, 1.0, -2.5, 2.5, 0, 0, input.toLowerCase(), 1.5
14, 37934, -2.5, 1.0, -2.5, 3.0, 0, 0, input.toLowerCase(), 2.0
14, 37935, -2.5, 1.0, -2.5, 3.5, 0, 0, input.toLowerCase(), 2.5
14, 37936, -2.5, 1.0, -2.5, 4.0, 0, 0, input.toLowerCase(), 3.0
14, 37937, -2.5, 1.0, -2.5, 4.5, 0, 0, input.toLowerCase(), 3.5
14, 37938, -2.5, 1.0, -2.5, 5.0, 0, 0, input.toLowerCase(), 4.0
14, 37939, -2.5, 1.0, -2.0, 0.0, 6, 0, toLowerCase(), 0.5
14, 37940, -2.5, 1.0, -2.0, 0.5, 6, 0, toLowerCase(), 0.5
14, 37941, -2.5, 1.0, -2.0, 1.0, 6, 0, toLowerCase(), 0.5
14, 37942, -2.5, 1.0, -2.0, 1.5, 0, 0, input.toLowerCase(), 0.5
14, 37943, -2.5, 1.0, -2.0, 2.0, 0, 0, input.toLowerCase(), 1.0
14, 37944, -2.5, 1.0, -2.0, 2.5, 0, 0, input.toLowerCase(), 1.5
14, 37945, -2.5, 1.0, -2.0, 3.0, 0, 0, input.toLowerCase(), 2.0
14, 37946, -2.5, 1.0, -2.0, 3.5, 0, 0, input.toLowerCase(), 2.5
14, 37947, -2.5, 1.0, -2.0, 4.0, 0, 0, input.toLowerCase(), 3.0
14, 37948, -2.5, 1.0, -2.0, 4.5, 0, 0, input.toLowerCase(), 3.5
14, 37949, -2.5, 1.0, -2.0, 5.0, 0, 0, input.toLowerCase(), 4.0
14, 37950, -2.5, 1.0, -1.5, 0.0, 6, 0, toLowerCase(), 0.5
14, 37951, -2.5, 1.0, -1.5, 0.5, 6, 0, toLowerCase(), 0.5
14, 37952, -2.5, 1.0, -1.5, 1.0, 6, 0, toLowerCase(), 0.5
14, 37953, -2.5, 1.0, -1.5, 1.5, 0, 0, input.toLowerCase(), 0.5
14, 37954, -2.5, 1.0, -1.5, 2.0, 0, 0, input.toLowerCase(), 1.0
14, 37955, -2.5, 1.0, -1.5, 2.5, 0, 0, input.toLowerCase(), 1.5
14, 37956, -2.5, 1.0, -1.5, 3.0, 0, 0, input.toLowerCase(), 2.0
14, 37957, -2.5, 1.0, -1.5, 3.5, 0, 0, input.toLowerCase(), 2.5
14, 37958, -2.5, 1.0, -1.5, 4.0, 0, 0, input.toLowerCase(), 3.0
14, 37959, -2.5, 1.0, -1.5, 4.5, 0, 0, input.toLowerCase(), 3.5
14, 37960, -2.5, 1.0, -1.5, 5.0, 0, 0, input.toLowerCase(), 4.0
14, 37961, -2.5, 1.0, -1.0, 0.0, 6, 0, toLowerCase(), 0.5
14, 37962, -2.5, 1.0, -1.0, 0.5, 6, 0, toLowerCase(), 0.5
14, 37963, -2.5, 1.0, -1.0, 1.0, 6, 0, toLowerCase(), 0.5
14, 37964, -2.5, 1.0, -1.0, 1.5, 0, 0, input.toLowerCase(), 0.5
14, 37965, -2.5, 1.0, -1.0, 2.0, 0, 0, input.toLowerCase(), 1.0
14, 37966, -2.5, 1.0, -1.0, 2.5, 0, 0, input.toLowerCase(), 1.5
14, 37967, -2.5, 1.0, -1.0, 3.0, 0, 0, input.toLowerCase(), 2.0
14, 37968, -2.5, 1.0, -1.0, 3.5, 0, 0, input.toLowerCase(), 2.5
14, 37969, -2.5, 1.0, -1.0, 4.0, 0, 0, input.toLowerCase(), 3.0
14, 37970, -2.5, 1.0, -1.0, 4.5, 0, 0, input.toLowerCase(), 3.5
14, 37971, -2.5, 1.0, -1.0, 5.0, 22, 0, input.toLowerCase().replace(input, input), 5.5
14, 37972, -2.5, 1.0, -0.5, 0.0, 6, 0, toLowerCase(), 0.5
14, 37973, -2.5, 1.0, -0.5, 0.5, 6, 0, toLowerCase(), 0.5
14, 37974, -2.5, 1.0, -0.5, 1.0, 6, 0, toLowerCase(), 0.5
14, 37975, -2.5, 1.0, -0.5, 1.5, 0, 0, input.toLowerCase(), 0.5
14, 37976, -2.5, 1.0, -0.5, 2.0, 0, 0, input.toLowerCase(), 1.0
14, 37977, -2.5, 1.0, -0.5, 2.5, 0, 0, input.toLowerCase(), 1.5
14, 37978, -2.5, 1.0, -0.5, 3.0, 0, 0, input.toLowerCase(), 2.0
14, 37979, -2.5, 1.0, -0.5, 3.5, 0, 0, input.toLowerCase(), 2.5
14, 37980, -2.5, 1.0, -0.5, 4.0, 0, 0, input.toLowerCase(), 3.0
14, 37981, -2.5, 1.0, -0.5, 4.5, 22, 0, input.toLowerCase().replace(input, input), 4.5
14, 37982, -2.5, 1.0, -0.5, 5.0, 80, 0, input.replace(input, input).replace(input.replace(input, input), input.replace(input, input)), 11.5
14, 37983, -2.5, 1.0, 0.0, 0.0, 6, 0, toLowerCase(), 0.5
14, 37984, -2.5, 1.0, 0.0, 0.5, 6, 0, toLowerCase(), 0.5
14, 37985, -2.5, 1.0, 0.0, 1.0, 6, 0, toLowerCase(), 0.5
14, 37986, -2.5, 1.0, 0.0, 1.5, 0, 0, input.toLowerCase(), 0.5
14, 37987, -2.5, 1.0, 0.0, 2.0, 0, 0, input.toLowerCase(), 1.0
14, 37988, -2.5, 1.0, 0.0, 2.5, 0, 0, input.toLowerCase(), 1.5
14, 37989, -2.5, 1.0, 0.0, 3.0, 0, 0, input.toLowerCase(), 2.0
14, 37990, -2.5, 1.0, 0.0, 3.5, 0, 0, input.toLowerCase(), 2.5
14, 37991, -2.5, 1.0, 0.0, 4.0, 25, 0, input.toLowerCase().replaceAll(input, input), 3.5
14, 37992, -2.5, 1.0, 0.0, 4.5, 94, 0, input.replaceAll(input, input).replaceFirst(input.replaceAll(input, input), input.replaceAll(input, input)), 9.0
14, 37993, -2.5, 1.0, 0.0, 5.0, 94, 0, input.replaceAll(input, input).replaceFirst(input.replaceAll(input, input), input.replaceAll(input, input)), 13.5
14, 37994, -2.0, 1.0, -5.0, 0.0, 6, 0, toLowerCase(), 1.0
14, 37995, -2.0, 1.0, -5.0, 0.5, 0, 0, input.toLowerCase(), 0.5
14, 37996, -2.0, 1.0, -5.0, 1.0, 0, 0, input.toLowerCase(), 1.0
14, 37997, -2.0, 1.0, -5.0, 1.5, 0, 0, input.toLowerCase(), 1.5
14, 37998, -2.0, 1.0, -5.0, 2.0, 0, 0, input.toLowerCase(), 2.0
14, 37999, -2.0, 1.0, -5.0, 2.5, 0, 0, input.toLowerCase(), 2.5
14, 38000, -2.0, 1.0, -5.0, 3.0, 0, 0, input.toLowerCase(), 3.0
14, 38001, -2.0, 1.0, -5.0, 3.5, 0, 0, input.toLowerCase(), 3.5
14, 38002, -2.0, 1.0, -5.0, 4.0, 0, 0, input.toLowerCase(), 4.0
14, 38003, -2.0, 1.0, -5.0, 4.5, 0, 0, input.toLowerCase(), 4.5
14, 38004, -2.0, 1.0, -5.0, 5.0, 0, 0, input.toLowerCase(), 5.0
14, 38005, -2.0, 1.0, -4.5, 0.0, 6, 0, toLowerCase(), 1.0
14, 38006, -2.0, 1.0, -4.5, 0.5, 0, 0, input.toLowerCase(), 0.5
14, 38007, -2.0, 1.0, -4.5, 1.0, 0, 0, input.toLowerCase(), 1.0
14, 38008, -2.0, 1.0, -4.5, 1.5, 0, 0, input.toLowerCase(), 1.5
14, 38009, -2.0, 1.0, -4.5, 2.0, 0, 0, input.toLowerCase(), 2.0
14, 38010, -2.0, 1.0, -4.5, 2.5, 0, 0, input.toLowerCase(), 2.5
14, 38011, -2.0, 1.0, -4.5, 3.0, 0, 0, input.toLowerCase(), 3.0
14, 38012, -2.0, 1.0, -4.5, 3.5, 0, 0, input.toLowerCase(), 3.5
14, 38013, -2.0, 1.0, -4.5, 4.0, 0, 0, input.toLowerCase(), 4.0
14, 38014, -2.0, 1.0, -4.5, 4.5, 0, 0, input.toLowerCase(), 4.5
14, 38015, -2.0, 1.0, -4.5, 5.0, 0, 0, input.toLowerCase(), 5.0
14, 38016, -2.0, 1.0, -4.0, 0.0, 6, 0, toLowerCase(), 1.0
14, 38017, -2.0, 1.0, -4.0, 0.5, 0, 0, input.toLowerCase(), 0.5
14, 38018, -2.0, 1.0, -4.0, 1.0, 0, 0, input.toLowerCase(), 1.0
14, 38019, -2.0, 1.0, -4.0, 1.5, 0, 0, input.toLowerCase(), 1.5
14, 38020, -2.0, 1.0, -4.0, 2.0, 0, 0, input.toLowerCase(), 2.0
14, 38021, -2.0, 1.0, -4.0, 2.5, 0, 0, input.toLowerCase(), 2.5
14, 38022, -2.0, 1.0, -4.0, 3.0, 0, 0, input.toLowerCase(), 3.0
14, 38023, -2.0, 1.0, -4.0, 3.5, 0, 0, input.toLowerCase(), 3.5
14, 38024, -2.0, 1.0, -4.0, 4.0, 0, 0, input.toLowerCase(), 4.0
14, 38025, -2.0, 1.0, -4.0, 4.5, 0, 0, input.toLowerCase(), 4.5
14, 38026, -2.0, 1.0, -4.0, 5.0, 0, 0, input.toLowerCase(), 5.0
14, 38027, -2.0, 1.0, -3.5, 0.0, 6, 0, toLowerCase(), 1.0
14, 38028, -2.0, 1.0, -3.5, 0.5, 0, 0, input.toLowerCase(), 0.5
14, 38029, -2.0, 1.0, -3.5, 1.0, 0, 0, input.toLowerCase(), 1.0
14, 38030, -2.0, 1.0, -3.5, 1.5, 0, 0, input.toLowerCase(), 1.5
14, 38031, -2.0, 1.0, -3.5, 2.0, 0, 0, input.toLowerCase(), 2.0
14, 38032, -2.0, 1.0, -3.5, 2.5, 0, 0, input.toLowerCase(), 2.5
14, 38033, -2.0, 1.0, -3.5, 3.0, 0, 0, input.toLowerCase(), 3.0
14, 38034, -2.0, 1.0, -3.5, 3.5, 0, 0, input.toLowerCase(), 3.5
14, 38035, -2.0, 1.0, -3.5, 4.0, 0, 0, input.toLowerCase(), 4.0
14, 38036, -2.0, 1.0, -3.5, 4.5, 0, 0, input.toLowerCase(), 4.5
14, 38037, -2.0, 1.0, -3.5, 5.0, 0, 0, input.toLowerCase(), 5.0
14, 38038, -2.0, 1.0, -3.0, 0.0, 6, 0, toLowerCase(), 1.0
14, 38039, -2.0, 1.0, -3.0, 0.5, 0, 0, input.toLowerCase(), 0.5
14, 38040, -2.0, 1.0, -3.0, 1.0, 0, 0, input.toLowerCase(), 1.0
14, 38041, -2.0, 1.0, -3.0, 1.5, 0, 0, input.toLowerCase(), 1.5
14, 38042, -2.0, 1.0, -3.0, 2.0, 0, 0, input.toLowerCase(), 2.0
14, 38043, -2.0, 1.0, -3.0, 2.5, 0, 0, input.toLowerCase(), 2.5
14, 38044, -2.0, 1.0, -3.0, 3.0, 0, 0, input.toLowerCase(), 3.0
14, 38045, -2.0, 1.0, -3.0, 3.5, 0, 0, input.toLowerCase(), 3.5
14, 38046, -2.0, 1.0, -3.0, 4.0, 0, 0, input.toLowerCase(), 4.0
14, 38047, -2.0, 1.0, -3.0, 4.5, 0, 0, input.toLowerCase(), 4.5
14, 38048, -2.0, 1.0, -3.0, 5.0, 0, 0, input.toLowerCase(), 5.0
14, 38049, -2.0, 1.0, -2.5, 0.0, 6, 0, toLowerCase(), 1.0
14, 38050, -2.0, 1.0, -2.5, 0.5, 0, 0, input.toLowerCase(), 0.5
14, 38051, -2.0, 1.0, -2.5, 1.0, 0, 0, input.toLowerCase(), 1.0
14, 38052, -2.0, 1.0, -2.5, 1.5, 0, 0, input.toLowerCase(), 1.5
14, 38053, -2.0, 1.0, -2.5, 2.0, 0, 0, input.toLowerCase(), 2.0
14, 38054, -2.0, 1.0, -2.5, 2.5, 0, 0, input.toLowerCase(), 2.5
14, 38055, -2.0, 1.0, -2.5, 3.0, 0, 0, input.toLowerCase(), 3.0
14, 38056, -2.0, 1.0, -2.5, 3.5, 0, 0, input.toLowerCase(), 3.5
14, 38057, -2.0, 1.0, -2.5, 4.0, 0, 0, input.toLowerCase(), 4.0
14, 38058, -2.0, 1.0, -2.5, 4.5, 0, 0, input.toLowerCase(), 4.5
14, 38059, -2.0, 1.0, -2.5, 5.0, 22, 0, input.toLowerCase().replace(input, input), 6.5
14, 38060, -2.0, 1.0, -2.0, 0.0, 6, 0, toLowerCase(), 1.0
14, 38061, -2.0, 1.0, -2.0, 0.5, 0, 0, input.toLowerCase(), 0.5
14, 38062, -2.0, 1.0, -2.0, 1.0, 0, 0, input.toLowerCase(), 1.0
14, 38063, -2.0, 1.0, -2.0, 1.5, 0, 0, input.toLowerCase(), 1.5
14, 38064, -2.0, 1.0, -2.0, 2.0, 0, 0, input.toLowerCase(), 2.0
14, 38065, -2.0, 1.0, -2.0, 2.5, 0, 0, input.toLowerCase(), 2.5
14, 38066, -2.0, 1.0, -2.0, 3.0, 0, 0, input.toLowerCase(), 3.0
14, 38067, -2.0, 1.0, -2.0, 3.5, 0, 0, input.toLowerCase(), 3.5
14, 38068, -2.0, 1.0, -2.0, 4.0, 0, 0, input.toLowerCase(), 4.0
14, 38069, -2.0, 1.0, -2.0, 4.5, 22, 0, input.toLowerCase().replace(input, input), 5.5
14, 38070, -2.0, 1.0, -2.0, 5.0, 22, 0, input.toLowerCase().replace(input, input), 7.0
14, 38071, -2.0, 1.0, -1.5, 0.0, 6, 0, toLowerCase(), 1.0
14, 38072, -2.0, 1.0, -1.5, 0.5, 0, 0, input.toLowerCase(), 0.5
14, 38073, -2.0, 1.0, -1.5, 1.0, 0, 0, input.toLowerCase(), 1.0
14, 38074, -2.0, 1.0, -1.5, 1.5, 0, 0, input.toLowerCase(), 1.5
14, 38075, -2.0, 1.0, -1.5, 2.0, 0, 0, input.toLowerCase(), 2.0
14, 38076, -2.0, 1.0, -1.5, 2.5, 0, 0, input.toLowerCase(), 2.5
14, 38077, -2.0, 1.0, -1.5, 3.0, 0, 0, input.toLowerCase(), 3.0
14, 38078, -2.0, 1.0, -1.5, 3.5, 0, 0, input.toLowerCase(), 3.5
14, 38079, -2.0, 1.0, -1.5, 4.0, 22, 0, input.toLowerCase().replace(input, input), 4.5
14, 38080, -2.0, 1.0, -1.5, 4.5, 22, 0, input.toLowerCase().replace(input, input), 6.0
14, 38081, -2.0, 1.0, -1.5, 5.0, 80, 0, input.replace(input, input).replace(input.replace(input, input), input.replace(input, input)), 14.0
14, 38082, -2.0, 1.0, -1.0, 0.0, 6, 0, toLowerCase(), 1.0
14, 38083, -2.0, 1.0, -1.0, 0.5, 0, 0, input.toLowerCase(), 0.5
14, 38084, -2.0, 1.0, -1.0, 1.0, 0, 0, input.toLowerCase(), 1.0
14, 38085, -2.0, 1.0, -1.0, 1.5, 0, 0, input.toLowerCase(), 1.5
14, 38086, -2.0, 1.0, -1.0, 2.0, 0, 0, input.toLowerCase(), 2.0
14, 38087, -2.0, 1.0, -1.0, 2.5, 0, 0, input.toLowerCase(), 2.5
14, 38088, -2.0, 1.0, -1.0, 3.0, 0, 0, input.toLowerCase(), 3.0
14, 38089, -2.0, 1.0, -1.0, 3.5, 22, 0, input.toLowerCase().replace(input, input), 3.5
14, 38090, -2.0, 1.0, -1.0, 4.0, 22, 0, input.toLowerCase().replace(input, input), 5.0
14, 38091, -2.0, 1.0, -1.0, 4.5, 80, 0, input.replace(input, input).replace(input.replace(input, input), input.replace(input, input)), 11.5
14, 38092, -2.0, 1.0, -1.0, 5.0, 80, 0, input.replace(input, input).replace(input.replace(input, input), input.replace(input, input)), 16.0
14, 38093, -2.0, 1.0, -0.5, 0.0, 6, 0, toLowerCase(), 1.0
14, 38094, -2.0, 1.0, -0.5, 0.5, 0, 0, input.toLowerCase(), 0.5
14, 38095, -2.0, 1.0, -0.5, 1.0, 0, 0, input.toLowerCase(), 1.0
14, 38096, -2.0, 1.0, -0.5, 1.5, 0, 0, input.toLowerCase(), 1.5
14, 38097, -2.0, 1.0, -0.5, 2.0, 0, 0, input.toLowerCase(), 2.0
14, 38098, -2.0, 1.0, -0.5, 2.5, 0, 0, input.toLowerCase(), 2.5
14, 38099, -2.0, 1.0, -0.5, 3.0, 0, 0, input.toLowerCase(), 3.0
14, 38100, -2.0, 1.0, -0.5, 3.5, 22, 0, input.toLowerCase().replace(input, input), 4.0
14, 38101, -2.0, 1.0, -0.5, 4.0, 80, 0, input.replace(input, input).replace(input.replace(input, input), input.replace(input, input)), 9.0
14, 38102, -2.0, 1.0, -0.5, 4.5, 80, 0, input.replace(input, input).replace(input.replace(input, input), input.replace(input, input)), 13.5
14, 38103, -2.0, 1.0, -0.5, 5.0, 80, 0, input.replace(input, input).replace(input.replace(input, input), input.replace(input, input)), 18.0
14, 38104, -2.0, 1.0, 0.0, 0.0, 6, 0, toLowerCase(), 1.0
14, 38105, -2.0, 1.0, 0.0, 0.5, 0, 0, input.toLowerCase(), 0.5
14, 38106, -2.0, 1.0, 0.0, 1.0, 0, 0, input.toLowerCase(), 1.0
14, 38107, -2.0, 1.0, 0.0, 1.5, 0, 0, input.toLowerCase(), 1.5
14, 38108, -2.0, 1.0, 0.0, 2.0, 0, 0, input.toLowerCase(), 2.0
14, 38109, -2.0, 1.0, 0.0, 2.5, 0, 0, input.toLowerCase(), 2.5
14, 38110, -2.0, 1.0, 0.0, 3.0, 25, 0, input.toLowerCase().replaceAll(input, input), 3.0
14, 38111, -2.0, 1.0, 0.0, 3.5, 66, 0, input.toLowerCase().replace(input.replace(input, input), input.replace(input, input)), 6.5
14, 38112, -2.0, 1.0, 0.0, 4.0, 94, 0, input.replaceAll(input, input).replaceFirst(input.replaceAll(input, input), input.replaceAll(input, input)), 11.0
14, 38113, -2.0, 1.0, 0.0, 4.5, 94, 0, input.replaceAll(input, input).replaceFirst(input.replaceAll(input, input), input.replaceAll(input, input)), 15.5
14, 38114, -2.0, 1.0, 0.0, 5.0, 94, 0, input.replaceAll(input, input).replaceFirst(input.replaceAll(input, input), input.replaceAll(input, input)), 20.0
14, 38115, -1.5, 1.0, -5.0, 0.0, 0, 0, input.toLowerCase(), 1.0
14, 38116, -1.5, 1.0, -5.0, 0.5, 0, 0, input.toLowerCase(), 1.5
14, 38117, -1.5, 1.0, -5.0, 1.0, 0, 0, input.toLowerCase(), 2.0
14, 38118, -1.5, 1.0, -5.0, 1.5, 0, 0, input.toLowerCase(), 2.5
14, 38119, -1.5, 1.0, -5.0, 2.0, 0, 0, input.toLowerCase(), 3.0
14, 38120, -1.5, 1.0, -5.0, 2.5, 0, 0, input.toLowerCase(), 3.5
14, 38121, -1.5, 1.0, -5.0, 3.0, 0, 0, input.toLowerCase(), 4.0
14, 38122, -1.5, 1.0, -5.0, 3.5, 0, 0, input.toLowerCase(), 4.5
14, 38123, -1.5, 1.0, -5.0, 4.0, 0, 0, input.toLowerCase(), 5.0
14, 38124, -1.5, 1.0, -5.0, 4.5, 0, 0, input.toLowerCase(), 5.5
14, 38125, -1.5, 1.0, -5.0, 5.0, 0, 0, input.toLowerCase(), 6.0
14, 38126, -1.5, 1.0, -4.5, 0.0, 0, 0, input.toLowerCase(), 1.0
14, 38127, -1.5, 1.0, -4.5, 0.5, 0, 0, input.toLowerCase(), 1.5
14, 38128, -1.5, 1.0, -4.5, 1.0, 0, 0, input.toLowerCase(), 2.0
14, 38129, -1.5, 1.0, -4.5, 1.5, 0, 0, input.toLowerCase(), 2.5
14, 38130, -1.5, 1.0, -4.5, 2.0, 0, 0, input.toLowerCase(), 3.0
14, 38131, -1.5, 1.0, -4.5, 2.5, 0, 0, input.toLowerCase(), 3.5
14, 38132, -1.5, 1.0, -4.5, 3.0, 0, 0, input.toLowerCase(), 4.0
14, 38133, -1.5, 1.0, -4.5, 3.5, 0, 0, input.toLowerCase(), 4.5
14, 38134, -1.5, 1.0, -4.5, 4.0, 0, 0, input.toLowerCase(), 5.0
14, 38135, -1.5, 1.0, -4.5, 4.5, 0, 0, input.toLowerCase(), 5.5
14, 38136, -1.5, 1.0, -4.5, 5.0, 0, 0, input.toLowerCase(), 6.0
14, 38137, -1.5, 1.0, -4.0, 0.0, 0, 0, input.toLowerCase(), 1.0
14, 38138, -1.5, 1.0, -4.0, 0.5, 0, 0, input.toLowerCase(), 1.5
14, 38139, -1.5, 1.0, -4.0, 1.0, 0, 0, input.toLowerCase(), 2.0
14, 38140, -1.5, 1.0, -4.0, 1.5, 0, 0, input.toLowerCase(), 2.5
14, 38141, -1.5, 1.0, -4.0, 2.0, 0, 0, input.toLowerCase(), 3.0
14, 38142, -1.5, 1.0, -4.0, 2.5, 0, 0, input.toLowerCase(), 3.5
14, 38143, -1.5, 1.0, -4.0, 3.0, 0, 0, input.toLowerCase(), 4.0
14, 38144, -1.5, 1.0, -4.0, 3.5, 0, 0, input.toLowerCase(), 4.5
14, 38145, -1.5, 1.0, -4.0, 4.0, 0, 0, input.toLowerCase(), 5.0
14, 38146, -1.5, 1.0, -4.0, 4.5, 0, 0, input.toLowerCase(), 5.5
14, 38147, -1.5, 1.0, -4.0, 5.0, 22, 0, input.toLowerCase().replace(input, input), 7.5
14, 38148, -1.5, 1.0, -3.5, 0.0, 0, 0, input.toLowerCase(), 1.0
14, 38149, -1.5, 1.0, -3.5, 0.5, 0, 0, input.toLowerCase(), 1.5
14, 38150, -1.5, 1.0, -3.5, 1.0, 0, 0, input.toLowerCase(), 2.0
14, 38151, -1.5, 1.0, -3.5, 1.5, 0, 0, input.toLowerCase(), 2.5
14, 38152, -1.5, 1.0, -3.5, 2.0, 0, 0, input.toLowerCase(), 3.0
14, 38153, -1.5, 1.0, -3.5, 2.5, 0, 0, input.toLowerCase(), 3.5
14, 38154, -1.5, 1.0, -3.5, 3.0, 0, 0, input.toLowerCase(), 4.0
14, 38155, -1.5, 1.0, -3.5, 3.5, 0, 0, input.toLowerCase(), 4.5
14, 38156, -1.5, 1.0, -3.5, 4.0, 0, 0, input.toLowerCase(), 5.0
14, 38157, -1.5, 1.0, -3.5, 4.5, 22, 0, input.toLowerCase().replace(input, input), 6.5
14, 38158, -1.5, 1.0, -3.5, 5.0, 22, 0, input.toLowerCase().replace(input, input), 8.0
14, 38159, -1.5, 1.0, -3.0, 0.0, 0, 0, input.toLowerCase(), 1.0
14, 38160, -1.5, 1.0, -3.0, 0.5, 0, 0, input.toLowerCase(), 1.5
14, 38161, -1.5, 1.0, -3.0, 1.0, 0, 0, input.toLowerCase(), 2.0
14, 38162, -1.5, 1.0, -3.0, 1.5, 0, 0, input.toLowerCase(), 2.5
14, 38163, -1.5, 1.0, -3.0, 2.0, 0, 0, input.toLowerCase(), 3.0
14, 38164, -1.5, 1.0, -3.0, 2.5, 0, 0, input.toLowerCase(), 3.5
14, 38165, -1.5, 1.0, -3.0, 3.0, 0, 0, input.toLowerCase(), 4.0
14, 38166, -1.5, 1.0, -3.0, 3.5, 0, 0, input.toLowerCase(), 4.5
14, 38167, -1.5, 1.0, -3.0, 4.0, 22, 0, input.toLowerCase().replace(input, input), 5.5
14, 38168, -1.5, 1.0, -3.0, 4.5, 22, 0, input.toLowerCase().replace(input, input), 7.0
14, 38169, -1.5, 1.0, -3.0, 5.0, 22, 0, input.toLowerCase().replace(input, input), 8.5
14, 38170, -1.5, 1.0, -2.5, 0.0, 0, 0, input.toLowerCase(), 1.0
14, 38171, -1.5, 1.0, -2.5, 0.5, 0, 0, input.toLowerCase(), 1.5
14, 38172, -1.5, 1.0, -2.5, 1.0, 0, 0, input.toLowerCase(), 2.0
14, 38173, -1.5, 1.0, -2.5, 1.5, 0, 0, input.toLowerCase(), 2.5
14, 38174, -1.5, 1.0, -2.5, 2.0, 0, 0, input.toLowerCase(), 3.0
14, 38175, -1.5, 1.0, -2.5, 2.5, 0, 0, input.toLowerCase(), 3.5
14, 38176, -1.5, 1.0, -2.5, 3.0, 0, 0, input.toLowerCase(), 4.0
14, 38177, -1.5, 1.0, -2.5, 3.5, 22, 0, input.toLowerCase().replace(input, input), 4.5
14, 38178, -1.5, 1.0, -2.5, 4.0, 22, 0, input.toLowerCase().replace(input, input), 6.0
14, 38179, -1.5, 1.0, -2.5, 4.5, 22, 0, input.toLowerCase().replace(input, input), 7.5
14, 38180, -1.5, 1.0, -2.5, 5.0, 80, 0, input.replace(input, input).replace(input.replace(input, input), input.replace(input, input)), 16.5
14, 38181, -1.5, 1.0, -2.0, 0.0, 0, 0, input.toLowerCase(), 1.0
14, 38182, -1.5, 1.0, -2.0, 0.5, 0, 0, input.toLowerCase(), 1.5
14, 38183, -1.5, 1.0, -2.0, 1.0, 0, 0, input.toLowerCase(), 2.0
14, 38184, -1.5, 1.0, -2.0, 1.5, 0, 0, input.toLowerCase(), 2.5
14, 38185, -1.5, 1.0, -2.0, 2.0, 0, 0, input.toLowerCase(), 3.0
14, 38186, -1.5, 1.0, -2.0, 2.5, 0, 0, input.toLowerCase(), 3.5
14, 38187, -1.5, 1.0, -2.0, 3.0, 0, 0, input.toLowerCase(), 4.0
14, 38188, -1.5, 1.0, -2.0, 3.5, 22, 0, input.toLowerCase().replace(input, input), 5.0
14, 38189, -1.5, 1.0, -2.0, 4.0, 22, 0, input.toLowerCase().replace(input, input), 6.5
14, 38190, -1.5, 1.0, -2.0, 4.5, 80, 0, input.replace(input, input).replace(input.replace(input, input), input.replace(input, input)), 14.0
14, 38191, -1.5, 1.0, -2.0, 5.0, 80, 0, input.replace(input, input).replace(input.replace(input, input), input.replace(input, input)), 18.5
14, 38192, -1.5, 1.0, -1.5, 0.0, 0, 0, input.toLowerCase(), 1.0
14, 38193, -1.5, 1.0, -1.5, 0.5, 0, 0, input.toLowerCase(), 1.5
14, 38194, -1.5, 1.0, -1.5, 1.0, 0, 0, input.toLowerCase(), 2.0
14, 38195, -1.5, 1.0, -1.5, 1.5, 0, 0, input.toLowerCase(), 2.5
14, 38196, -1.5, 1.0, -1.5, 2.0, 0, 0, input.toLowerCase(), 3.0
14, 38197, -1.5, 1.0, -1.5, 2.5, 0, 0, input.toLowerCase(), 3.5
14, 38198, -1.5, 1.0, -1.5, 3.0, 22, 0, input.toLowerCase().replace(input, input), 4.0
14, 38199, -1.5, 1.0, -1.5, 3.5, 22, 0, input.toLowerCase().replace(input, input), 5.5
14, 38200, -1.5, 1.0, -1.5, 4.0, 80, 0, input.replace(input, input).replace(input.replace(input, input), input.replace(input, input)), 11.5
14, 38201, -1.5, 1.0, -1.5, 4.5, 80, 0, input.replace(input, input).replace(input.replace(input, input), input.replace(input, input)), 16.0
14, 38202, -1.5, 1.0, -1.5, 5.0, 80, 0, input.replace(input, input).replace(input.replace(input, input), input.replace(input, input)), 20.5
14, 38203, -1.5, 1.0, -1.0, 0.0, 0, 0, input.toLowerCase(), 1.0
14, 38204, -1.5, 1.0, -1.0, 0.5, 0, 0, input.toLowerCase(), 1.5
14, 38205, -1.5, 1.0, -1.0, 1.0, 0, 0, input.toLowerCase(), 2.0
14, 38206, -1.5, 1.0, -1.0, 1.5, 0, 0, input.toLowerCase(), 2.5
14, 38207, -1.5, 1.0, -1.0, 2.0, 0, 0, input.toLowerCase(), 3.0
14, 38208, -1.5, 1.0, -1.0, 2.5, 0, 0, input.toLowerCase(), 3.5
14, 38209, -1.5, 1.0, -1.0, 3.0, 22, 0, input.toLowerCase().replace(input, input), 4.5
14, 38210, -1.5, 1.0, -1.0, 3.5, 66, 0, input.toLowerCase().replace(input.replace(input, input), input.replace(input, input)), 9.0
14, 38211, -1.5, 1.0, -1.0, 4.0, 80, 0, input.replace(input, input).replace(input.replace(input, input), input.replace(input, input)), 13.5
14, 38212, -1.5, 1.0, -1.0, 4.5, 80, 0, input.replace(input, input).replace(input.replace(input, input), input.replace(input, input)), 18.0
14, 38213, -1.5, 1.0, -1.0, 5.0, 80, 0, input.replace(input, input).replace(input.replace(input, input), input.replace(input, input)), 22.5
14, 38214, -1.5, 1.0, -0.5, 0.0, 0, 0, input.toLowerCase(), 1.0
14, 38215, -1.5, 1.0, -0.5, 0.5, 0, 0, input.toLowerCase(), 1.5
14, 38216, -1.5, 1.0, -0.5, 1.0, 0, 0, input.toLowerCase(), 2.0
14, 38217, -1.5, 1.0, -0.5, 1.5, 0, 0, input.toLowerCase(), 2.5
14, 38218, -1.5, 1.0, -0.5, 2.0, 0, 0, input.toLowerCase(), 3.0
14, 38219, -1.5, 1.0, -0.5, 2.5, 22, 0, input.toLowerCase().replace(input, input), 3.5
14, 38220, -1.5, 1.0, -0.5, 3.0, 66, 0, input.toLowerCase().replace(input.replace(input, input), input.replace(input, input)), 7.0
14, 38221, -1.5, 1.0, -0.5, 3.5, 80, 0, input.replace(input, input).replace(input.replace(input, input), input.replace(input, input)), 11.0
14, 38222, -1.5, 1.0, -0.5, 4.0, 80, 0, input.replace(input, input).replace(input.replace(input, input), input.replace(input, input)), 15.5
14, 38223, -1.5, 1.0, -0.5, 4.5, 80, 0, input.replace(input, input).replace(input.replace(input, input), input.replace(input, input)), 20.0
14, 38224, -1.5, 1.0, -0.5, 5.0, 80, 0, input.replace(input, input).replace(input.replace(input, input), input.replace(input, input)), 24.5
14, 38225, -1.5, 1.0, 0.0, 0.0, 0, 0, input.toLowerCase(), 1.0
14, 38226, -1.5, 1.0, 0.0, 0.5, 0, 0, input.toLowerCase(), 1.5
14, 38227, -1.5, 1.0, 0.0, 1.0, 0, 0, input.toLowerCase(), 2.0
14, 38228, -1.5, 1.0, 0.0, 1.5, 0, 0, input.toLowerCase(), 2.5
14, 38229, -1.5, 1.0, 0.0, 2.0, 0, 0, input.toLowerCase(), 3.0
14, 38230, -1.5, 1.0, 0.0, 2.5, 25, 0, input.toLowerCase().replaceAll(input, input), 4.0
14, 38231, -1.5, 1.0, 0.0, 3.0, 66, 0, input.toLowerCase().replace(input.replace(input, input), input.replace(input, input)), 8.5
14, 38232, -1.5, 1.0, 0.0, 3.5, 94, 0, input.replaceAll(input, input).replaceFirst(input.replaceAll(input, input), input.replaceAll(input, input)), 13.0
14, 38233, -1.5, 1.0, 0.0, 4.0, 94, 0, input.replaceAll(input, input).replaceFirst(input.replaceAll(input, input), input.replaceAll(input, input)), 17.5
14, 38234, -1.5, 1.0, 0.0, 4.5, 94, 0, input.replaceAll(input, input).replaceFirst(input.replaceAll(input, input), input.replaceAll(input, input)), 22.0
14, 38235, -1.5, 1.0, 0.0, 5.0, 94, 0, input.replaceAll(input, input).replaceFirst(input.replaceAll(input, input), input.replaceAll(input, input)), 26.5
14, 38236, -1.0, 1.0, -5.0, 0.0, 0, 0, input.toLowerCase(), 2.0
14, 38237, -1.0, 1.0, -5.0, 0.5, 0, 0, input.toLowerCase(), 2.5
14, 38238, -1.0, 1.0, -5.0, 1.0, 0, 0, input.toLowerCase(), 3.0
14, 38239, -1.0, 1.0, -5.0, 1.5, 0, 0, input.toLowerCase(), 3.5
14, 38240, -1.0, 1.0, -5.0, 2.0, 0, 0, input.toLowerCase(), 4.0
14, 38241, -1.0, 1.0, -5.0, 2.5, 0, 0, input.toLowerCase(), 4.5
14, 38242, -1.0, 1.0, -5.0, 3.0, 0, 0, input.toLowerCase(), 5.0
14, 38243, -1.0, 1.0, -5.0, 3.5, 0, 0, input.toLowerCase(), 5.5
14, 38244, -1.0, 1.0, -5.0, 4.0, 0, 0, input.toLowerCase(), 6.0
14, 38245, -1.0, 1.0, -5.0, 4.5, 22, 0, input.toLowerCase().replace(input, input), 7.5
14, 38246, -1.0, 1.0, -5.0, 5.0, 22, 0, input.toLowerCase().replace(input, input), 9.0
14, 38247, -1.0, 1.0, -4.5, 0.0, 0, 0, input.toLowerCase(), 2.0
14, 38248, -1.0, 1.0, -4.5, 0.5, 0, 0, input.toLowerCase(), 2.5
14, 38249, -1.0, 1.0, -4.5, 1.0, 0, 0, input.toLowerCase(), 3.0
14, 38250, -1.0, 1.0, -4.5, 1.5, 0, 0, input.toLowerCase(), 3.5
14, 38251, -1.0, 1.0, -4.5, 2.0, 0, 0, input.toLowerCase(), 4.0
14, 38252, -1.0, 1.0, -4.5, 2.5, 0, 0, input.toLowerCase(), 4.5
14, 38253, -1.0, 1.0, -4.5, 3.0, 0, 0, input.toLowerCase(), 5.0
14, 38254, -1.0, 1.0, -4.5, 3.5, 0, 0, input.toLowerCase(), 5.5
14, 38255, -1.0, 1.0, -4.5, 4.0, 22, 0, input.toLowerCase().replace(input, input), 6.5
14, 38256, -1.0, 1.0, -4.5, 4.5, 22, 0, input.toLowerCase().replace(input, input), 8.0
14, 38257, -1.0, 1.0, -4.5, 5.0, 22, 0, input.toLowerCase().replace(input, input), 9.5
14, 38258, -1.0, 1.0, -4.0, 0.0, 0, 0, input.toLowerCase(), 2.0
14, 38259, -1.0, 1.0, -4.0, 0.5, 0, 0, input.toLowerCase(), 2.5
14, 38260, -1.0, 1.0, -4.0, 1.0, 0, 0, input.toLowerCase(), 3.0
14, 38261, -1.0, 1.0, -4.0, 1.5, 0, 0, input.toLowerCase(), 3.5
14, 38262, -1.0, 1.0, -4.0, 2.0, 0, 0, input.toLowerCase(), 4.0
14, 38263, -1.0, 1.0, -4.0, 2.5, 0, 0, input.toLowerCase(), 4.5
14, 38264, -1.0, 1.0, -4.0, 3.0, 0, 0, input.toLowerCase(), 5.0
14, 38265, -1.0, 1.0, -4.0, 3.5, 22, 0, input.toLowerCase().replace(input, input), 5.5
14, 38266, -1.0, 1.0, -4.0, 4.0, 22, 0, input.toLowerCase().replace(input, input), 7.0
14, 38267, -1.0, 1.0, -4.0, 4.5, 22, 0, input.toLowerCase().replace(input, input), 8.5
14, 38268, -1.0, 1.0, -4.0, 5.0, 22, 0, input.toLowerCase().replace(input, input), 10.0
14, 38269, -1.0, 1.0, -3.5, 0.0, 0, 0, input.toLowerCase(), 2.0
14, 38270, -1.0, 1.0, -3.5, 0.5, 0, 0, input.toLowerCase(), 2.5
14, 38271, -1.0, 1.0, -3.5, 1.0, 0, 0, input.toLowerCase(), 3.0
14, 38272, -1.0, 1.0, -3.5, 1.5, 0, 0, input.toLowerCase(), 3.5
14, 38273, -1.0, 1.0, -3.5, 2.0, 0, 0, input.toLowerCase(), 4.0
14, 38274, -1.0, 1.0, -3.5, 2.5, 0, 0, input.toLowerCase(), 4.5
14, 38275, -1.0, 1.0, -3.5, 3.0, 0, 0, input.toLowerCase(), 5.0
14, 38276, -1.0, 1.0, -3.5, 3.5, 22, 0, input.toLowerCase().replace(input, input), 6.0
14, 38277, -1.0, 1.0, -3.5, 4.0, 22, 0, input.toLowerCase().replace(input, input), 7.5
14, 38278, -1.0, 1.0, -3.5, 4.5, 22, 0, input.toLowerCase().replace(input, input), 9.0
14, 38279, -1.0, 1.0, -3.5, 5.0, 80, 0, input.replace(input, input).replace(input.replace(input, input), input.replace(input, input)), 19.0
14, 38280, -1.0, 1.0, -3.0, 0.0, 0, 0, input.toLowerCase(), 2.0
14, 38281, -1.0, 1.0, -3.0, 0.5, 0, 0, input.toLowerCase(), 2.5
14, 38282, -1.0, 1.0, -3.0, 1.0, 0, 0, input.toLowerCase(), 3.0
14, 38283, -1.0, 1.0, -3.0, 1.5, 0, 0, input.toLowerCase(), 3.5
14, 38284, -1.0, 1.0, -3.0, 2.0, 0, 0, input.toLowerCase(), 4.0
14, 38285, -1.0, 1.0, -3.0, 2.5, 0, 0, input.toLowerCase(), 4.5
14, 38286, -1.0, 1.0, -3.0, 3.0, 22, 0, input.toLowerCase().replace(input, input), 5.0
14, 38287, -1.0, 1.0, -3.0, 3.5, 22, 0, input.toLowerCase().replace(input, input), 6.5
14, 38288, -1.0, 1.0, -3.0, 4.0, 22, 0, input.toLowerCase().replace(input, input), 8.0
14, 38289, -1.0, 1.0, -3.0, 4.5, 80, 0, input.replace(input, input).replace(input.replace(input, input), input.replace(input, input)), 16.5
14, 38290, -1.0, 1.0, -3.0, 5.0, 80, 0, input.replace(input, input).replace(input.replace(input, input), input.replace(input, input)), 21.0
14, 38291, -1.0, 1.0, -2.5, 0.0, 0, 0, input.toLowerCase(), 2.0
14, 38292, -1.0, 1.0, -2.5, 0.5, 0, 0, input.toLowerCase(), 2.5
14, 38293, -1.0, 1.0, -2.5, 1.0, 0, 0, input.toLowerCase(), 3.0
14, 38294, -1.0, 1.0, -2.5, 1.5, 0, 0, input.toLowerCase(), 3.5
14, 38295, -1.0, 1.0, -2.5, 2.0, 0, 0, input.toLowerCase(), 4.0
14, 38296, -1.0, 1.0, -2.5, 2.5, 0, 0, input.toLowerCase(), 4.5
14, 38297, -1.0, 1.0, -2.5, 3.0, 22, 0, input.toLowerCase().replace(input, input), 5.5
14, 38298, -1.0, 1.0, -2.5, 3.5, 22, 0, input.toLowerCase().replace(input, input), 7.0
14, 38299, -1.0, 1.0, -2.5, 4.0, 80, 0, input.replace(input, input).replace(input.replace(input, input), input.replace(input, input)), 14.0
14, 38300, -1.0, 1.0, -2.5, 4.5, 80, 0, input.replace(input, input).replace(input.replace(input, input), input.replace(input, input)), 18.5
14, 38301, -1.0, 1.0, -2.5, 5.0, 80, 0, input.replace(input, input).replace(input.replace(input, input), input.replace(input, input)), 23.0
14, 38302, -1.0, 1.0, -2.0, 0.0, 0, 0, input.toLowerCase(), 2.0
14, 38303, -1.0, 1.0, -2.0, 0.5, 0, 0, input.toLowerCase(), 2.5
14, 38304, -1.0, 1.0, -2.0, 1.0, 0, 0, input.toLowerCase(), 3.0
14, 38305, -1.0, 1.0, -2.0, 1.5, 0, 0, input.toLowerCase(), 3.5
14, 38306, -1.0, 1.0, -2.0, 2.0, 0, 0, input.toLowerCase(), 4.0
14, 38307, -1.0, 1.0, -2.0, 2.5, 22, 0, input.toLowerCase().replace(input, input), 4.5
14, 38308, -1.0, 1.0, -2.0, 3.0, 22, 0, input.toLowerCase().replace(input, input), 6.0
14, 38309, -1.0, 1.0, -2.0, 3.5, 66, 0, input.toLowerCase().replace(input.replace(input, input), input.replace(input, input)), 11.5
14, 38310, -1.0, 1.0, -2.0, 4.0, 80, 0, input.replace(input, input).replace(input.replace(input, input), input.replace(input, input)), 16.0
14, 38311, -1.0, 1.0, -2.0, 4.5, 80, 0, input.replace(input, input).replace(input.replace(input, input), input.replace(input, input)), 20.5
14, 38312, -1.0, 1.0, -2.0, 5.0, 80, 0, input.replace(input, input).replace(input.replace(input, input), input.replace(input, input)), 25.0
14, 38313, -1.0, 1.0, -1.5, 0.0, 0, 0, input.toLowerCase(), 2.0
14, 38314, -1.0, 1.0, -1.5, 0.5, 0, 0, input.toLowerCase(), 2.5
14, 38315, -1.0, 1.0, -1.5, 1.0, 0, 0, input.toLowerCase(), 3.0
14, 38316, -1.0, 1.0, -1.5, 1.5, 0, 0, input.toLowerCase(), 3.5
14, 38317, -1.0, 1.0, -1.5, 2.0, 0, 0, input.toLowerCase(), 4.0
14, 38318, -1.0, 1.0, -1.5, 2.5, 22, 0, input.toLowerCase().replace(input, input), 5.0
14, 38319, -1.0, 1.0, -1.5, 3.0, 66, 0, input.toLowerCase().replace(input.replace(input, input), input.replace(input, input)), 9.5
14, 38320, -1.0, 1.0, -1.5, 3.5, 80, 0, input.replace(input, input).replace(input.replace(input, input), input.replace(input, input)), 13.5
14, 38321, -1.0, 1.0, -1.5, 4.0, 80, 0, input.replace(input, input).replace(input.replace(input, input), input.replace(input, input)), 18.0
14, 38322, -1.0, 1.0, -1.5, 4.5, 80, 0, input.replace(input, input).replace(input.replace(input, input), input.replace(input, input)), 22.5
14, 38323, -1.0, 1.0, -1.5, 5.0, 80, 0, input.replace(input, input).replace(input.replace(input, input), input.replace(input, input)), 27.0
14, 38324, -1.0, 1.0, -1.0, 0.0, 0, 0, input.toLowerCase(), 2.0
14, 38325, -1.0, 1.0, -1.0, 0.5, 0, 0, input.toLowerCase(), 2.5
14, 38326, -1.0, 1.0, -1.0, 1.0, 0, 0, input.toLowerCase(), 3.0
14, 38327, -1.0, 1.0, -1.0, 1.5, 0, 0, input.toLowerCase(), 3.5
14, 38328, -1.0, 1.0, -1.0, 2.0, 22, 0, input.toLowerCase().replace(input, input), 4.0
14, 38329, -1.0, 1.0, -1.0, 2.5, 22, 0, input.toLowerCase().replace(input, input), 5.5
14, 38330, -1.0, 1.0, -1.0, 3.0, 66, 0, input.toLowerCase().replace(input.replace(input, input), input.replace(input, input)), 11.0
14, 38331, -1.0, 1.0, -1.0, 3.5, 80, 0, input.replace(input, input).replace(input.replace(input, input), input.replace(input, input)), 15.5
14, 38332, -1.0, 1.0, -1.0, 4.0, 80, 0, input.replace(input, input).replace(input.replace(input, input), input.replace(input, input)), 20.0
14, 38333, -1.0, 1.0, -1.0, 4.5, 80, 0, input.replace(input, input).replace(input.replace(input, input), input.replace(input, input)), 24.5
14, 38334, -1.0, 1.0, -1.0, 5.0, 80, 0, input.replace(input, input).replace(input.replace(input, input), input.replace(input, input)), 29.0
14, 38335, -1.0, 1.0, -0.5, 0.0, 0, 0, input.toLowerCase(), 2.0
14, 38336, -1.0, 1.0, -0.5, 0.5, 0, 0, input.toLowerCase(), 2.5
14, 38337, -1.0, 1.0, -0.5, 1.0, 0, 0, input.toLowerCase(), 3.0
14, 38338, -1.0, 1.0, -0.5, 1.5, 0, 0, input.toLowerCase(), 3.5
14, 38339, -1.0, 1.0, -0.5, 2.0, 22, 0, input.toLowerCase().replace(input, input), 4.5
14, 38340, -1.0, 1.0, -0.5, 2.5, 74, 0, input.replace(toLowerCase(), input).substring(input.compareTo(input), input.compareTo(input)), 6.0
14, 38341, -1.0, 1.0, -0.5, 3.0, 80, 0, input.replace(input, input).replace(input.replace(input, input), input.replace(input, input)), 13.0
14, 38342, -1.0, 1.0, -0.5, 3.5, 80, 0, input.replace(input, input).replace(input.replace(input, input), input.replace(input, input)), 17.5
14, 38343, -1.0, 1.0, -0.5, 4.0, 80, 0, input.replace(input, input).replace(input.replace(input, input), input.replace(input, input)), 22.0
14, 38344, -1.0, 1.0, -0.5, 4.5, 80, 0, input.replace(input, input).replace(input.replace(input, input), input.replace(input, input)), 26.5
14, 38345, -1.0, 1.0, -0.5, 5.0, 80, 0, input.replace(input, input).replace(input.replace(input, input), input.replace(input, input)), 31.0
14, 38346, -1.0, 1.0, 0.0, 0.0, 0, 0, input.toLowerCase(), 2.0
14, 38347, -1.0, 1.0, 0.0, 0.5, 0, 0, input.toLowerCase(), 2.5
14, 38348, -1.0, 1.0, 0.0, 1.0, 0, 0, input.toLowerCase(), 3.0
14, 38349, -1.0, 1.0, 0.0, 1.5, 25, 0, input.toLowerCase().replaceAll(input, input), 3.5
14, 38350, -1.0, 1.0, 0.0, 2.0, 25, 0, input.toLowerCase().replaceAll(input, input), 5.0
14, 38351, -1.0, 1.0, 0.0, 2.5, 85, 0, input.replace(toLowerCase(), input).replaceAll(String.format(input, input), String.format(input, input)), 8.0
14, 38352, -1.0, 1.0, 0.0, 3.0, 94, 0, input.replaceAll(input, input).replaceFirst(input.replaceAll(input, input), input.replaceAll(input, input)), 15.0
14, 38353, -1.0, 1.0, 0.0, 3.5, 94, 0, input.replaceAll(input, input).replaceFirst(input.replaceAll(input, input), input.replaceAll(input, input)), 19.5
14, 38354, -1.0, 1.0, 0.0, 4.0, 94, 0, input.replaceAll(input, input).replaceFirst(input.replaceAll(input, input), input.replaceAll(input, input)), 24.0
14, 38355, -1.0, 1.0, 0.0, 4.5, 94, 0, input.replaceAll(input, input).replaceFirst(input.replaceAll(input, input), input.replaceAll(input, input)), 28.5
14, 38356, -1.0, 1.0, 0.0, 5.0, 94, 0, input.replaceAll(input, input).replaceFirst(input.replaceAll(input, input), input.replaceAll(input, input)), 33.0
14, 38357, -0.5, 1.0, -5.0, 0.0, 0, 0, input.toLowerCase(), 3.0
14, 38358, -0.5, 1.0, -5.0, 0.5, 0, 0, input.toLowerCase(), 3.5
14, 38359, -0.5, 1.0, -5.0, 1.0, 0, 0, input.toLowerCase(), 4.0
14, 38360, -0.5, 1.0, -5.0, 1.5, 0, 0, input.toLowerCase(), 4.5
14, 38361, -0.5, 1.0, -5.0, 2.0, 0, 0, input.toLowerCase(), 5.0
14, 38362, -0.5, 1.0, -5.0, 2.5, 0, 0, input.toLowerCase(), 5.5
14, 38363, -0.5, 1.0, -5.0, 3.0, 0, 0, input.toLowerCase(), 6.0
14, 38364, -0.5, 1.0, -5.0, 3.5, 22, 0, input.toLowerCase().replace(input, input), 7.0
14, 38365, -0.5, 1.0, -5.0, 4.0, 22, 0, input.toLowerCase().replace(input, input), 8.5
14, 38366, -0.5, 1.0, -5.0, 4.5, 22, 0, input.toLowerCase().replace(input, input), 10.0
14, 38367, -0.5, 1.0, -5.0, 5.0, 22, 0, input.toLowerCase().replace(input, input), 11.5
14, 38368, -0.5, 1.0, -4.5, 0.0, 0, 0, input.toLowerCase(), 3.0
14, 38369, -0.5, 1.0, -4.5, 0.5, 0, 0, input.toLowerCase(), 3.5
14, 38370, -0.5, 1.0, -4.5, 1.0, 0, 0, input.toLowerCase(), 4.0
14, 38371, -0.5, 1.0, -4.5, 1.5, 0, 0, input.toLowerCase(), 4.5
14, 38372, -0.5, 1.0, -4.5, 2.0, 0, 0, input.toLowerCase(), 5.0
14, 38373, -0.5, 1.0, -4.5, 2.5, 0, 0, input.toLowerCase(), 5.5
14, 38374, -0.5, 1.0, -4.5, 3.0, 22, 0, input.toLowerCase().replace(input, input), 6.0
14, 38375, -0.5, 1.0, -4.5, 3.5, 22, 0, input.toLowerCase().replace(input, input), 7.5
14, 38376, -0.5, 1.0, -4.5, 4.0, 22, 0, input.toLowerCase().replace(input, input), 9.0
14, 38377, -0.5, 1.0, -4.5, 4.5, 22, 0, input.toLowerCase().replace(input, input), 10.5
14, 38378, -0.5, 1.0, -4.5, 5.0, 80, 0, input.replace(input, input).replace(input.replace(input, input), input.replace(input, input)), 21.5
14, 38379, -0.5, 1.0, -4.0, 0.0, 0, 0, input.toLowerCase(), 3.0
14, 38380, -0.5, 1.0, -4.0, 0.5, 0, 0, input.toLowerCase(), 3.5
14, 38381, -0.5, 1.0, -4.0, 1.0, 0, 0, input.toLowerCase(), 4.0
14, 38382, -0.5, 1.0, -4.0, 1.5, 0, 0, input.toLowerCase(), 4.5
14, 38383, -0.5, 1.0, -4.0, 2.0, 0, 0, input.toLowerCase(), 5.0
14, 38384, -0.5, 1.0, -4.0, 2.5, 0, 0, input.toLowerCase(), 5.5
14, 38385, -0.5, 1.0, -4.0, 3.0, 22, 0, input.toLowerCase().replace(input, input), 6.5
14, 38386, -0.5, 1.0, -4.0, 3.5, 22, 0, input.toLowerCase().replace(input, input), 8.0
14, 38387, -0.5, 1.0, -4.0, 4.0, 22, 0, input.toLowerCase().replace(input, input), 9.5
14, 38388, -0.5, 1.0, -4.0, 4.5, 80, 0, input.replace(input, input).replace(input.replace(input, input), input.replace(input, input)), 19.0
14, 38389, -0.5, 1.0, -4.0, 5.0, 80, 0, input.replace(input, input).replace(input.replace(input, input), input.replace(input, input)), 23.5
14, 38390, -0.5, 1.0, -3.5, 0.0, 0, 0, input.toLowerCase(), 3.0
14, 38391, -0.5, 1.0, -3.5, 0.5, 0, 0, input.toLowerCase(), 3.5
14, 38392, -0.5, 1.0, -3.5, 1.0, 0, 0, input.toLowerCase(), 4.0
14, 38393, -0.5, 1.0, -3.5, 1.5, 0, 0, input.toLowerCase(), 4.5
14, 38394, -0.5, 1.0, -3.5, 2.0, 0, 0, input.toLowerCase(), 5.0
14, 38395, -0.5, 1.0, -3.5, 2.5, 22, 0, input.toLowerCase().replace(input, input), 5.5
14, 38396, -0.5, 1.0, -3.5, 3.0, 22, 0, input.toLowerCase().replace(input, input), 7.0
14, 38397, -0.5, 1.0, -3.5, 3.5, 22, 0, input.toLowerCase().replace(input, input), 8.5
14, 38398, -0.5, 1.0, -3.5, 4.0, 80, 0, input.replace(input, input).replace(input.replace(input, input), input.replace(input, input)), 16.5
14, 38399, -0.5, 1.0, -3.5, 4.5, 80, 0, input.replace(input, input).replace(input.replace(input, input), input.replace(input, input)), 21.0
14, 38400, -0.5, 1.0, -3.5, 5.0, 80, 0, input.replace(input, input).replace(input.replace(input, input), input.replace(input, input)), 25.5
14, 38401, -0.5, 1.0, -3.0, 0.0, 0, 0, input.toLowerCase(), 3.0
14, 38402, -0.5, 1.0, -3.0, 0.5, 0, 0, input.toLowerCase(), 3.5
14, 38403, -0.5, 1.0, -3.0, 1.0, 0, 0, input.toLowerCase(), 4.0
14, 38404, -0.5, 1.0, -3.0, 1.5, 0, 0, input.toLowerCase(), 4.5
14, 38405, -0.5, 1.0, -3.0, 2.0, 0, 0, input.toLowerCase(), 5.0
14, 38406, -0.5, 1.0, -3.0, 2.5, 22, 0, input.toLowerCase().replace(input, input), 6.0
14, 38407, -0.5, 1.0, -3.0, 3.0, 22, 0, input.toLowerCase().replace(input, input), 7.5
14, 38408, -0.5, 1.0, -3.0, 3.5, 66, 0, input.toLowerCase().replace(input.replace(input, input), input.replace(input, input)), 14.0
14, 38409, -0.5, 1.0, -3.0, 4.0, 80, 0, input.replace(input, input).replace(input.replace(input, input), input.replace(input, input)), 18.5
14, 38410, -0.5, 1.0, -3.0, 4.5, 80, 0, input.replace(input, input).replace(input.replace(input, input), input.replace(input, input)), 23.0
14, 38411, -0.5, 1.0, -3.0, 5.0, 80, 0, input.replace(input, input).replace(input.replace(input, input), input.replace(input, input)), 27.5
14, 38412, -0.5, 1.0, -2.5, 0.0, 0, 0, input.toLowerCase(), 3.0
14, 38413, -0.5, 1.0, -2.5, 0.5, 0, 0, input.toLowerCase(), 3.5
14, 38414, -0.5, 1.0, -2.5, 1.0, 0, 0, input.toLowerCase(), 4.0
14, 38415, -0.5, 1.0, -2.5, 1.5, 0, 0, input.toLowerCase(), 4.5
14, 38416, -0.5, 1.0, -2.5, 2.0, 22, 0, input.toLowerCase().replace(input, input), 5.0
14, 38417, -0.5, 1.0, -2.5, 2.5, 22, 0, input.toLowerCase().replace(input, input), 6.5
14, 38418, -0.5, 1.0, -2.5, 3.0, 66, 0, input.toLowerCase().replace(input.replace(input, input), input.replace(input, input)), 12.0
14, 38419, -0.5, 1.0, -2.5, 3.5, 80, 0, input.replace(input, input).replace(input.replace(input, input), input.replace(input, input)), 16.0
14, 38420, -0.5, 1.0, -2.5, 4.0, 80, 0, input.replace(input, input).replace(input.replace(input, input), input.replace(input, input)), 20.5
14, 38421, -0.5, 1.0, -2.5, 4.5, 80, 0, input.replace(input, input).replace(input.replace(input, input), input.replace(input, input)), 25.0
14, 38422, -0.5, 1.0, -2.5, 5.0, 80, 0, input.replace(input, input).replace(input.replace(input, input), input.replace(input, input)), 29.5
14, 38423, -0.5, 1.0, -2.0, 0.0, 0, 0, input.toLowerCase(), 3.0
14, 38424, -0.5, 1.0, -2.0, 0.5, 0, 0, input.toLowerCase(), 3.5
14, 38425, -0.5, 1.0, -2.0, 1.0, 0, 0, input.toLowerCase(), 4.0
14, 38426, -0.5, 1.0, -2.0, 1.5, 0, 0, input.toLowerCase(), 4.5
14, 38427, -0.5, 1.0, -2.0, 2.0, 22, 0, input.toLowerCase().replace(input, input), 5.5
14, 38428, -0.5, 1.0, -2.0, 2.5, 22, 0, input.toLowerCase().replace(input, input), 7.0
14, 38429, -0.5, 1.0, -2.0, 3.0, 66, 0, input.toLowerCase().replace(input.replace(input, input), input.replace(input, input)), 13.5
14, 38430, -0.5, 1.0, -2.0, 3.5, 80, 0, input.replace(input, input).replace(input.replace(input, input), input.replace(input, input)), 18.0
14, 38431, -0.5, 1.0, -2.0, 4.0, 80, 0, input.replace(input, input).replace(input.replace(input, input), input.replace(input, input)), 22.5
14, 38432, -0.5, 1.0, -2.0, 4.5, 80, 0, input.replace(input, input).replace(input.replace(input, input), input.replace(input, input)), 27.0
14, 38433, -0.5, 1.0, -2.0, 5.0, 80, 0, input.replace(input, input).replace(input.replace(input, input), input.replace(input, input)), 31.5
14, 38434, -0.5, 1.0, -1.5, 0.0, 0, 0, input.toLowerCase(), 3.0
14, 38435, -0.5, 1.0, -1.5, 0.5, 0, 0, input.toLowerCase(), 3.5
14, 38436, -0.5, 1.0, -1.5, 1.0, 0, 0, input.toLowerCase(), 4.0
14, 38437, -0.5, 1.0, -1.5, 1.5, 22, 0, input.toLowerCase().replace(input, input), 4.5
14, 38438, -0.5, 1.0, -1.5, 2.0, 22, 0, input.toLowerCase().replace(input, input), 6.0
14, 38439, -0.5, 1.0, -1.5, 2.5, 74, 0, input.replace(toLowerCase(), input).substring(input.compareTo(input), input.compareTo(input)), 7.5
14, 38440, -0.5, 1.0, -1.5, 3.0, 80, 0, input.replace(input, input).replace(input.replace(input, input), input.replace(input, input)), 15.5
14, 38441, -0.5, 1.0, -1.5, 3.5, 80, 0, input.replace(input, input).replace(input.replace(input, input), input.replace(input, input)), 20.0
14, 38442, -0.5, 1.0, -1.5, 4.0, 80, 0, input.replace(input, input).replace(input.replace(input, input), input.replace(input, input)), 24.5
14, 38443, -0.5, 1.0, -1.5, 4.5, 80, 0, input.replace(input, input).replace(input.replace(input, input), input.replace(input, input)), 29.0
14, 38444, -0.5, 1.0, -1.5, 5.0, 80, 0, input.replace(input, input).replace(input.replace(input, input), input.replace(input, input)), 33.5
14, 38445, -0.5, 1.0, -1.0, 0.0, 0, 0, input.toLowerCase(), 3.0
14, 38446, -0.5, 1.0, -1.0, 0.5, 0, 0, input.toLowerCase(), 3.5
14, 38447, -0.5, 1.0, -1.0, 1.0, 0, 0, input.toLowerCase(), 4.0
14, 38448, -0.5, 1.0, -1.0, 1.5, 22, 0, input.toLowerCase().replace(input, input), 5.0
14, 38449, -0.5, 1.0, -1.0, 2.0, 22, 0, input.toLowerCase().replace(input, input), 6.5
14, 38450, -0.5, 1.0, -1.0, 2.5, 82, 0, input.replace(toLowerCase(), input).replace(String.format(input, input), String.format(input, input)), 9.5
14, 38451, -0.5, 1.0, -1.0, 3.0, 80, 0, input.replace(input, input).replace(input.replace(input, input), input.replace(input, input)), 17.5
14, 38452, -0.5, 1.0, -1.0, 3.5, 80, 0, input.replace(input, input).replace(input.replace(input, input), input.replace(input, input)), 22.0
14, 38453, -0.5, 1.0, -1.0, 4.0, 80, 0, input.replace(input, input).replace(input.replace(input, input), input.replace(input, input)), 26.5
14, 38454, -0.5, 1.0, -1.0, 4.5, 80, 0, input.replace(input, input).replace(input.replace(input, input), input.replace(input, input)), 31.0
14, 38455, -0.5, 1.0, -1.0, 5.0, 80, 0, input.replace(input, input).replace(input.replace(input, input), input.replace(input, input)), 35.5
14, 38456, -0.5, 1.0, -0.5, 0.0, 0, 0, input.toLowerCase(), 3.0
14, 38457, -0.5, 1.0, -0.5, 0.5, 0, 0, input.toLowerCase(), 3.5
14, 38458, -0.5, 1.0, -0.5, 1.0, 22, 0, input.toLowerCase().replace(input, input), 4.0
14, 38459, -0.5, 1.0, -0.5, 1.5, 22, 0, input.toLowerCase().replace(input, input), 5.5
14, 38460, -0.5, 1.0, -0.5, 2.0, 96, 0, toLowerCase().replace(input, input).substring(input.compareToIgnoreCase(input), input.compareToIgnoreCase(input)), 7.5
14, 38461, -0.5, 1.0, -0.5, 2.5, 82, 0, input.replace(toLowerCase(), input).replace(String.format(input, input), String.format(input, input)), 11.5
14, 38462, -0.5, 1.0, -0.5, 3.0, 80, 0, input.replace(input, input).replace(input.replace(input, input), input.replace(input, input)), 19.5
14, 38463, -0.5, 1.0, -0.5, 3.5, 80, 0, input.replace(input, input).replace(input.replace(input, input), input.replace(input, input)), 24.0
14, 38464, -0.5, 1.0, -0.5, 4.0, 80, 0, input.replace(input, input).replace(input.replace(input, input), input.replace(input, input)), 28.5
14, 38465, -0.5, 1.0, -0.5, 4.5, 80, 0, input.replace(input, input).replace(input.replace(input, input), input.replace(input, input)), 33.0
14, 38466, -0.5, 1.0, -0.5, 5.0, 80, 0, input.replace(input, input).replace(input.replace(input, input), input.replace(input, input)), 37.5
14, 38467, -0.5, 1.0, 0.0, 0.0, 0, 0, input.toLowerCase(), 3.0
14, 38468, -0.5, 1.0, 0.0, 0.5, 0, 0, input.toLowerCase(), 3.5
14, 38469, -0.5, 1.0, 0.0, 1.0, 25, 0, input.toLowerCase().replaceAll(input, input), 4.5
14, 38470, -0.5, 1.0, 0.0, 1.5, 101, 0, new String(input.compareToIgnoreCase(input), input.compareToIgnoreCase(input), toLowerCase().replaceFirst(input, input)), 7.5
14, 38471, -0.5, 1.0, 0.0, 2.0, 101, 0, new String(input.compareToIgnoreCase(input), input.compareToIgnoreCase(input), toLowerCase().replaceFirst(input, input)), 10.5
14, 38472, -0.5, 1.0, 0.0, 2.5, 85, 0, input.replace(toLowerCase(), input).replaceAll(String.format(input, input), String.format(input, input)), 13.5
14, 38473, -0.5, 1.0, 0.0, 3.0, 94, 0, input.replaceAll(input, input).replaceFirst(input.replaceAll(input, input), input.replaceAll(input, input)), 21.5
14, 38474, -0.5, 1.0, 0.0, 3.5, 94, 0, input.replaceAll(input, input).replaceFirst(input.replaceAll(input, input), input.replaceAll(input, input)), 26.0
14, 38475, -0.5, 1.0, 0.0, 4.0, 94, 0, input.replaceAll(input, input).replaceFirst(input.replaceAll(input, input), input.replaceAll(input, input)), 30.5
14, 38476, -0.5, 1.0, 0.0, 4.5, 94, 0, input.replaceAll(input, input).replaceFirst(input.replaceAll(input, input), input.replaceAll(input, input)), 35.0
14, 38477, -0.5, 1.0, 0.0, 5.0, 94, 0, input.replaceAll(input, input).replaceFirst(input.replaceAll(input, input), input.replaceAll(input, input)), 39.5
14, 38478, 0.0, 1.0, -5.0, 0.0, 0, 0, input.toLowerCase(), 4.0
14, 38479, 0.0, 1.0, -5.0, 0.5, 0, 0, input.toLowerCase(), 4.5
14, 38480, 0.0, 1.0, -5.0, 1.0, 0, 0, input.toLowerCase(), 5.0
14, 38481, 0.0, 1.0, -5.0, 1.5, 0, 0, input.toLowerCase(), 5.5
14, 38482, 0.0, 1.0, -5.0, 2.0, 0, 0, input.toLowerCase(), 6.0
14, 38483, 0.0, 1.0, -5.0, 2.5, 22, 0, input.toLowerCase().replace(input, input), 6.5
14, 38484, 0.0, 1.0, -5.0, 3.0, 22, 0, input.toLowerCase().replace(input, input), 8.0
14, 38485, 0.0, 1.0, -5.0, 3.5, 22, 0, input.toLowerCase().replace(input, input), 9.5
14, 38486, 0.0, 1.0, -5.0, 4.0, 22, 0, input.toLowerCase().replace(input, input), 11.0
14, 38487, 0.0, 1.0, -5.0, 4.5, 80, 0, input.replace(input, input).replace(input.replace(input, input), input.replace(input, input)), 21.5
14, 38488, 0.0, 1.0, -5.0, 5.0, 80, 0, input.replace(input, input).replace(input.replace(input, input), input.replace(input, input)), 26.0
14, 38489, 0.0, 1.0, -4.5, 0.0, 0, 0, input.toLowerCase(), 4.0
14, 38490, 0.0, 1.0, -4.5, 0.5, 0, 0, input.toLowerCase(), 4.5
14, 38491, 0.0, 1.0, -4.5, 1.0, 0, 0, input.toLowerCase(), 5.0
14, 38492, 0.0, 1.0, -4.5, 1.5, 0, 0, input.toLowerCase(), 5.5
14, 38493, 0.0, 1.0, -4.5, 2.0, 0, 0, input.toLowerCase(), 6.0
14, 38494, 0.0, 1.0, -4.5, 2.5, 22, 0, input.toLowerCase().replace(input, input), 7.0
14, 38495, 0.0, 1.0, -4.5, 3.0, 22, 0, input.toLowerCase().replace(input, input), 8.5
14, 38496, 0.0, 1.0, -4.5, 3.5, 22, 0, input.toLowerCase().replace(input, input), 10.0
14, 38497, 0.0, 1.0, -4.5, 4.0, 80, 0, input.replace(input, input).replace(input.replace(input, input), input.replace(input, input)), 19.0
14, 38498, 0.0, 1.0, -4.5, 4.5, 80, 0, input.replace(input, input).replace(input.replace(input, input), input.replace(input, input)), 23.5
14, 38499, 0.0, 1.0, -4.5, 5.0, 80, 0, input.replace(input, input).replace(input.replace(input, input), input.replace(input, input)), 28.0
14, 38500, 0.0, 1.0, -4.0, 0.0, 0, 0, input.toLowerCase(), 4.0
14, 38501, 0.0, 1.0, -4.0, 0.5, 0, 0, input.toLowerCase(), 4.5
14, 38502, 0.0, 1.0, -4.0, 1.0, 0, 0, input.toLowerCase(), 5.0
14, 38503, 0.0, 1.0, -4.0, 1.5, 0, 0, input.toLowerCase(), 5.5
14, 38504, 0.0, 1.0, -4.0, 2.0, 22, 0, input.toLowerCase().replace(input, input), 6.0
14, 38505, 0.0, 1.0, -4.0, 2.5, 22, 0, input.toLowerCase().replace(input, input), 7.5
14, 38506, 0.0, 1.0, -4.0, 3.0, 22, 0, input.toLowerCase().replace(input, input), 9.0
14, 38507, 0.0, 1.0, -4.0, 3.5, 66, 0, input.toLowerCase().replace(input.replace(input, input), input.replace(input, input)), 16.5
14, 38508, 0.0, 1.0, -4.0, 4.0, 80, 0, input.replace(input, input).replace(input.replace(input, input), input.replace(input, input)), 21.0
14, 38509, 0.0, 1.0, -4.0, 4.5, 80, 0, input.replace(input, input).replace(input.replace(input, input), input.replace(input, input)), 25.5
14, 38510, 0.0, 1.0, -4.0, 5.0, 80, 0, input.replace(input, input).replace(input.replace(input, input), input.replace(input, input)), 30.0
14, 38511, 0.0, 1.0, -3.5, 0.0, 0, 0, input.toLowerCase(), 4.0
14, 38512, 0.0, 1.0, -3.5, 0.5, 0, 0, input.toLowerCase(), 4.5
14, 38513, 0.0, 1.0, -3.5, 1.0, 0, 0, input.toLowerCase(), 5.0
14, 38514, 0.0, 1.0, -3.5, 1.5, 0, 0, input.toLowerCase(), 5.5
14, 38515, 0.0, 1.0, -3.5, 2.0, 22, 0, input.toLowerCase().replace(input, input), 6.5
14, 38516, 0.0, 1.0, -3.5, 2.5, 22, 0, input.toLowerCase().replace(input, input), 8.0
14, 38517, 0.0, 1.0, -3.5, 3.0, 66, 0, input.toLowerCase().replace(input.replace(input, input), input.replace(input, input)), 14.5
14, 38518, 0.0, 1.0, -3.5, 3.5, 80, 0, input.replace(input, input).replace(input.replace(input, input), input.replace(input, input)), 18.5
14, 38519, 0.0, 1.0, -3.5, 4.0, 80, 0, input.replace(input, input).replace(input.replace(input, input), input.replace(input, input)), 23.0
14, 38520, 0.0, 1.0, -3.5, 4.5, 80, 0, input.replace(input, input).replace(input.replace(input, input), input.replace(input, input)), 27.5
14, 38521, 0.0, 1.0, -3.5, 5.0, 80, 0, input.replace(input, input).replace(input.replace(input, input), input.replace(input, input)), 32.0
14, 38522, 0.0, 1.0, -3.0, 0.0, 0, 0, input.toLowerCase(), 4.0
14, 38523, 0.0, 1.0, -3.0, 0.5, 0, 0, input.toLowerCase(), 4.5
14, 38524, 0.0, 1.0, -3.0, 1.0, 0, 0, input.toLowerCase(), 5.0
14, 38525, 0.0, 1.0, -3.0, 1.5, 22, 0, input.toLowerCase().replace(input, input), 5.5
14, 38526, 0.0, 1.0, -3.0, 2.0, 22, 0, input.toLowerCase().replace(input, input), 7.0
14, 38527, 0.0, 1.0, -3.0, 2.5, 22, 0, input.toLowerCase().replace(input, input), 8.5
14, 38528, 0.0, 1.0, -3.0, 3.0, 66, 0, input.toLowerCase().replace(input.replace(input, input), input.replace(input, input)), 16.0
14, 38529, 0.0, 1.0, -3.0, 3.5, 80, 0, input.replace(input, input).replace(input.replace(input, input), input.replace(input, input)), 20.5
14, 38530, 0.0, 1.0, -3.0, 4.0, 80, 0, input.replace(input, input).replace(input.replace(input, input), input.replace(input, input)), 25.0
14, 38531, 0.0, 1.0, -3.0, 4.5, 80, 0, input.replace(input, input).replace(input.replace(input, input), input.replace(input, input)), 29.5
14, 38532, 0.0, 1.0, -3.0, 5.0, 80, 0, input.replace(input, input).replace(input.replace(input, input), input.replace(input, input)), 34.0
14, 38533, 0.0, 1.0, -2.5, 0.0, 0, 0, input.toLowerCase(), 4.0
14, 38534, 0.0, 1.0, -2.5, 0.5, 0, 0, input.toLowerCase(), 4.5
14, 38535, 0.0, 1.0, -2.5, 1.0, 0, 0, input.toLowerCase(), 5.0
14, 38536, 0.0, 1.0, -2.5, 1.5, 22, 0, input.toLowerCase().replace(input, input), 6.0
14, 38537, 0.0, 1.0, -2.5, 2.0, 22, 0, input.toLowerCase().replace(input, input), 7.5
14, 38538, 0.0, 1.0, -2.5, 2.5, 74, 0, input.replace(toLowerCase(), input).substring(input.compareTo(input), input.compareTo(input)), 9.0
14, 38539, 0.0, 1.0, -2.5, 3.0, 80, 0, input.replace(input, input).replace(input.replace(input, input), input.replace(input, input)), 18.0
14, 38540, 0.0, 1.0, -2.5, 3.5, 80, 0, input.replace(input, input).replace(input.replace(input, input), input.replace(input, input)), 22.5
14, 38541, 0.0, 1.0, -2.5, 4.0, 80, 0, input.replace(input, input).replace(input.replace(input, input), input.replace(input, input)), 27.0
14, 38542, 0.0, 1.0, -2.5, 4.5, 80, 0, input.replace(input, input).replace(input.replace(input, input), input.replace(input, input)), 31.5
14, 38543, 0.0, 1.0, -2.5, 5.0, 80, 0, input.replace(input, input).replace(input.replace(input, input), input.replace(input, input)), 36.0
14, 38544, 0.0, 1.0, -2.0, 0.0, 0, 0, input.toLowerCase(), 4.0
14, 38545, 0.0, 1.0, -2.0, 0.5, 0, 0, input.toLowerCase(), 4.5
14, 38546, 0.0, 1.0, -2.0, 1.0, 22, 0, input.toLowerCase().replace(input, input), 5.0
14, 38547, 0.0, 1.0, -2.0, 1.5, 22, 0, input.toLowerCase().replace(input, input), 6.5
14, 38548, 0.0, 1.0, -2.0, 2.0, 22, 0, input.toLowerCase().replace(input, input), 8.0
14, 38549, 0.0, 1.0, -2.0, 2.5, 98, 0, input.replace(toLowerCase(), input).replace(input.replace(toLowerCase(), input), input.replace(toLowerCase(), input)), 11.0
14, 38550, 0.0, 1.0, -2.0, 3.0, 80, 0, input.replace(input, input).replace(input.replace(input, input), input.replace(input, input)), 20.0
14, 38551, 0.0, 1.0, -2.0, 3.5, 80, 0, input.replace(input, input).replace(input.replace(input, input), input.replace(input, input)), 24.5
14, 38552, 0.0, 1.0, -2.0, 4.0, 80, 0, input.replace(input, input).replace(input.replace(input, input), input.replace(input, input)), 29.0
14, 38553, 0.0, 1.0, -2.0, 4.5, 80, 0, input.replace(input, input).replace(input.replace(input, input), input.replace(input, input)), 33.5
14, 38554, 0.0, 1.0, -2.0, 5.0, 80, 0, input.replace(input, input).replace(input.replace(input, input), input.replace(input, input)), 38.0
14, 38555, 0.0, 1.0, -1.5, 0.0, 0, 0, input.toLowerCase(), 4.0
14, 38556, 0.0, 1.0, -1.5, 0.5, 0, 0, input.toLowerCase(), 4.5
14, 38557, 0.0, 1.0, -1.5, 1.0, 22, 0, input.toLowerCase().replace(input, input), 5.5
14, 38558, 0.0, 1.0, -1.5, 1.5, 22, 0, input.toLowerCase().replace(input, input), 7.0
14, 38559, 0.0, 1.0, -1.5, 2.0, 98, 0, toLowerCase().replace(input, input).replace(toLowerCase().replace(input, input), toLowerCase().replace(input, input)), 10.0
14, 38560, 0.0, 1.0, -1.5, 2.5, 98, 0, input.replace(toLowerCase(), input).replace(input.replace(toLowerCase(), input), input.replace(toLowerCase(), input)), 13.0
14, 38561, 0.0, 1.0, -1.5, 3.0, 80, 0, input.replace(input, input).replace(input.replace(input, input), input.replace(input, input)), 22.0
14, 38562, 0.0, 1.0, -1.5, 3.5, 80, 0, input.replace(input, input).replace(input.replace(input, input), input.replace(input, input)), 26.5
14, 38563, 0.0, 1.0, -1.5, 4.0, 80, 0, input.replace(input, input).replace(input.replace(input, input), input.replace(input, input)), 31.0
14, 38564, 0.0, 1.0, -1.5, 4.5, 80, 0, input.replace(input, input).replace(input.replace(input, input), input.replace(input, input)), 35.5
14, 38565, 0.0, 1.0, -1.5, 5.0, 80, 0, input.replace(input, input).replace(input.replace(input, input), input.replace(input, input)), 40.0
14, 38566, 0.0, 1.0, -1.0, 0.0, 0, 0, input.toLowerCase(), 4.0
14, 38567, 0.0, 1.0, -1.0, 0.5, 22, 0, input.toLowerCase().replace(input, input), 4.5
14, 38568, 0.0, 1.0, -1.0, 1.0, 22, 0, input.toLowerCase().replace(input, input), 6.0
14, 38569, 0.0, 1.0, -1.0, 1.5, 98, 0, toLowerCase().replace(input, input).replace(toLowerCase().replace(input, input), toLowerCase().replace(input, input)), 9.0
14, 38570, 0.0, 1.0, -1.0, 2.0, 98, 0, toLowerCase().replace(input, input).replace(toLowerCase().replace(input, input), toLowerCase().replace(input, input)), 12.0
14, 38571, 0.0, 1.0, -1.0, 2.5, 98, 0, input.replace(toLowerCase(), input).replace(input.replace(toLowerCase(), input), input.replace(toLowerCase(), input)), 15.0
14, 38572, 0.0, 1.0, -1.0, 3.0, 80, 0, input.replace(input, input).replace(input.replace(input, input), input.replace(input, input)), 24.0
14, 38573, 0.0, 1.0, -1.0, 3.5, 80, 0, input.replace(input, input).replace(input.replace(input, input), input.replace(input, input)), 28.5
14, 38574, 0.0, 1.0, -1.0, 4.0, 80, 0, input.replace(input, input).replace(input.replace(input, input), input.replace(input, input)), 33.0
14, 38575, 0.0, 1.0, -1.0, 4.5, 80, 0, input.replace(input, input).replace(input.replace(input, input), input.replace(input, input)), 37.5
14, 38576, 0.0, 1.0, -1.0, 5.0, 80, 0, input.replace(input, input).replace(input.replace(input, input), input.replace(input, input)), 42.0
14, 38577, 0.0, 1.0, -0.5, 0.0, 0, 0, input.toLowerCase(), 4.0
14, 38578, 0.0, 1.0, -0.5, 0.5, 22, 0, input.toLowerCase().replace(input, input), 5.0
14, 38579, 0.0, 1.0, -0.5, 1.0, 98, 0, toLowerCase().replace(input, input).replace(toLowerCase().replace(input, input), toLowerCase().replace(input, input)), 8.0
14, 38580, 0.0, 1.0, -0.5, 1.5, 98, 0, toLowerCase().replace(input, input).replace(toLowerCase().replace(input, input), toLowerCase().replace(input, input)), 11.0
14, 38581, 0.0, 1.0, -0.5, 2.0, 98, 0, toLowerCase().replace(input, input).replace(toLowerCase().replace(input, input), toLowerCase().replace(input, input)), 14.0
14, 38582, 0.0, 1.0, -0.5, 2.5, 98, 0, input.replace(toLowerCase(), input).replace(input.replace(toLowerCase(), input), input.replace(toLowerCase(), input)), 17.0
14, 38583, 0.0, 1.0, -0.5, 3.0, 80, 0, input.replace(input, input).replace(input.replace(input, input), input.replace(input, input)), 26.0
14, 38584, 0.0, 1.0, -0.5, 3.5, 80, 0, input.replace(input, input).replace(input.replace(input, input), input.replace(input, input)), 30.5
14, 38585, 0.0, 1.0, -0.5, 4.0, 80, 0, input.replace(input, input).replace(input.replace(input, input), input.replace(input, input)), 35.0
14, 38586, 0.0, 1.0, -0.5, 4.5, 80, 0, input.replace(input, input).replace(input.replace(input, input), input.replace(input, input)), 39.5
14, 38587, 0.0, 1.0, -0.5, 5.0, 80, 0, input.replace(input, input).replace(input.replace(input, input), input.replace(input, input)), 44.0
14, 38588, 0.0, 1.0, 0.0, 0.0, 34, 0, String.valueOf(String.valueOf(toLowerCase(), input)), 4.0
14, 38589, 0.0, 1.0, 0.0, 0.5, 113, 0, toLowerCase().replaceFirst(input, input).replace(toLowerCase().replaceFirst(input, input), toLowerCase().replaceFirst(input, input)), 7.0
14, 38590, 0.0, 1.0, 0.0, 1.0, 113, 0, toLowerCase().replaceFirst(input, input).replace(toLowerCase().replaceFirst(input, input), toLowerCase().replaceFirst(input, input)), 10.0
14, 38591, 0.0, 1.0, 0.0, 1.5, 101, 0, new String(input.compareToIgnoreCase(input), input.compareToIgnoreCase(input), toLowerCase().replaceFirst(input, input)), 13.0
14, 38592, 0.0, 1.0, 0.0, 2.0, 101, 0, new String(input.compareToIgnoreCase(input), input.compareToIgnoreCase(input), toLowerCase().replaceFirst(input, input)), 16.0
14, 38593, 0.0, 1.0, 0.0, 2.5, 100, 0, String.valueOf(input.replace(toLowerCase(), input), input.compareToIgnoreCase(input), input.compareToIgnoreCase(input)), 19.0
14, 38594, 0.0, 1.0, 0.0, 3.0, 85, 0, input.replace(input, input).replaceFirst(input.replace(input, input), input.replace(input, input)), 28.0
14, 38595, 0.0, 1.0, 0.0, 3.5, 85, 0, input.replace(input, input).replaceFirst(input.replace(input, input), input.replace(input, input)), 32.5
14, 38596, 0.0, 1.0, 0.0, 4.0, 85, 0, input.replace(input, input).replaceFirst(input.replace(input, input), input.replace(input, input)), 37.0
14, 38597, 0.0, 1.0, 0.0, 4.5, 85, 0, input.replace(input, input).replaceFirst(input.replace(input, input), input.replace(input, input)), 41.5
14, 38598, 0.0, 1.0, 0.0, 5.0, 85, 0, input.replace(input, input).replaceFirst(input.replace(input, input), input.replace(input, input)), 46.0
