3, 2662, -5.0, 1.0, -5.0, 0.0, 5, size()
3, 2663, -5.0, 1.0, -5.0, 0.5, 5, size()
3, 2664, -5.0, 1.0, -5.0, 1.0, 5, size()
3, 2665, -5.0, 1.0, -5.0, 1.5, 5, size()
3, 2666, -5.0, 1.0, -5.0, 2.0, 5, size()
3, 2667, -5.0, 1.0, -5.0, 2.5, 5, size()
3, 2668, -5.0, 1.0, -5.0, 3.0, 5, size()
3, 2669, -5.0, 1.0, -5.0, 3.5, 5, size()
3, 2670, -5.0, 1.0, -5.0, 4.0, 5, size()
3, 2671, -5.0, 1.0, -5.0, 4.5, 5, size()
3, 2672, -5.0, 1.0, -5.0, 5.0, 5, list.trimSize()
3, 2673, -5.0, 1.0, -4.5, 0.0, 5, size()
3, 2674, -5.0, 1.0, -4.5, 0.5, 5, size()
3, 2675, -5.0, 1.0, -4.5, 1.0, 5, size()
3, 2676, -5.0, 1.0, -4.5, 1.5, 5, size()
3, 2677, -5.0, 1.0, -4.5, 2.0, 5, size()
3, 2678, -5.0, 1.0, -4.5, 2.5, 5, size()
3, 2679, -5.0, 1.0, -4.5, 3.0, 5, size()
3, 2680, -5.0, 1.0, -4.5, 3.5, 5, size()
3, 2681, -5.0, 1.0, -4.5, 4.0, 5, size()
3, 2682, -5.0, 1.0, -4.5, 4.5, 5, list.trimSize()
3, 2683, -5.0, 1.0, -4.5, 5.0, 5, list.trimSize()
3, 2684, -5.0, 1.0, -4.0, 0.0, 5, size()
3, 2685, -5.0, 1.0, -4.0, 0.5, 5, size()
3, 2686, -5.0, 1.0, -4.0, 1.0, 5, size()
3, 2687, -5.0, 1.0, -4.0, 1.5, 5, size()
3, 2688, -5.0, 1.0, -4.0, 2.0, 5, size()
3, 2689, -5.0, 1.0, -4.0, 2.5, 5, size()
3, 2690, -5.0, 1.0, -4.0, 3.0, 5, size()
3, 2691, -5.0, 1.0, -4.0, 3.5, 5, size()
3, 2692, -5.0, 1.0, -4.0, 4.0, 5, size()
3, 2693, -5.0, 1.0, -4.0, 4.5, 5, list.trimSize()
3, 2694, -5.0, 1.0, -4.0, 5.0, 5, list.trimSize()
3, 2695, -5.0, 1.0, -3.5, 0.0, 5, size()
3, 2696, -5.0, 1.0, -3.5, 0.5, 5, size()
3, 2697, -5.0, 1.0, -3.5, 1.0, 5, size()
3, 2698, -5.0, 1.0, -3.5, 1.5, 5, size()
3, 2699, -5.0, 1.0, -3.5, 2.0, 5, size()
3, 2700, -5.0, 1.0, -3.5, 2.5, 5, size()
3, 2701, -5.0, 1.0, -3.5, 3.0, 5, size()
3, 2702, -5.0, 1.0, -3.5, 3.5, 5, size()
3, 2703, -5.0, 1.0, -3.5, 4.0, 5, size()
3, 2704, -5.0, 1.0, -3.5, 4.5, 5, list.trimSize()
3, 2705, -5.0, 1.0, -3.5, 5.0, 5, list.trimSize()
3, 2706, -5.0, 1.0, -3.0, 0.0, 5, size()
3, 2707, -5.0, 1.0, -3.0, 0.5, 5, size()
3, 2708, -5.0, 1.0, -3.0, 1.0, 5, size()
3, 2709, -5.0, 1.0, -3.0, 1.5, 5, size()
3, 2710, -5.0, 1.0, -3.0, 2.0, 5, size()
3, 2711, -5.0, 1.0, -3.0, 2.5, 5, size()
3, 2712, -5.0, 1.0, -3.0, 3.0, 5, size()
3, 2713, -5.0, 1.0, -3.0, 3.5, 5, size()
3, 2714, -5.0, 1.0, -3.0, 4.0, 5, size()
3, 2715, -5.0, 1.0, -3.0, 4.5, 5, list.trimSize()
3, 2716, -5.0, 1.0, -3.0, 5.0, 5, list.trimSize()
3, 2717, -5.0, 1.0, -2.5, 0.0, 5, size()
3, 2718, -5.0, 1.0, -2.5, 0.5, 5, size()
3, 2719, -5.0, 1.0, -2.5, 1.0, 5, size()
3, 2720, -5.0, 1.0, -2.5, 1.5, 5, size()
3, 2721, -5.0, 1.0, -2.5, 2.0, 5, size()
3, 2722, -5.0, 1.0, -2.5, 2.5, 5, size()
3, 2723, -5.0, 1.0, -2.5, 3.0, 5, size()
3, 2724, -5.0, 1.0, -2.5, 3.5, 5, size()
3, 2725, -5.0, 1.0, -2.5, 4.0, 5, size()
3, 2726, -5.0, 1.0, -2.5, 4.5, 5, list.trimSize()
3, 2727, -5.0, 1.0, -2.5, 5.0, 5, list.trimSize()
3, 2728, -5.0, 1.0, -2.0, 0.0, 5, size()
3, 2729, -5.0, 1.0, -2.0, 0.5, 5, size()
3, 2730, -5.0, 1.0, -2.0, 1.0, 5, size()
3, 2731, -5.0, 1.0, -2.0, 1.5, 5, size()
3, 2732, -5.0, 1.0, -2.0, 2.0, 5, size()
3, 2733, -5.0, 1.0, -2.0, 2.5, 5, size()
3, 2734, -5.0, 1.0, -2.0, 3.0, 5, size()
3, 2735, -5.0, 1.0, -2.0, 3.5, 5, size()
3, 2736, -5.0, 1.0, -2.0, 4.0, 5, size()
3, 2737, -5.0, 1.0, -2.0, 4.5, 5, list.trimSize()
3, 2738, -5.0, 1.0, -2.0, 5.0, 5, list.trimSize()
3, 2739, -5.0, 1.0, -1.5, 0.0, 5, size()
3, 2740, -5.0, 1.0, -1.5, 0.5, 5, size()
3, 2741, -5.0, 1.0, -1.5, 1.0, 5, size()
3, 2742, -5.0, 1.0, -1.5, 1.5, 5, size()
3, 2743, -5.0, 1.0, -1.5, 2.0, 5, size()
3, 2744, -5.0, 1.0, -1.5, 2.5, 5, size()
3, 2745, -5.0, 1.0, -1.5, 3.0, 5, size()
3, 2746, -5.0, 1.0, -1.5, 3.5, 5, size()
3, 2747, -5.0, 1.0, -1.5, 4.0, 5, size()
3, 2748, -5.0, 1.0, -1.5, 4.5, 5, list.trimSize()
3, 2749, -5.0, 1.0, -1.5, 5.0, 5, list.trimSize()
3, 2750, -5.0, 1.0, -1.0, 0.0, 5, size()
3, 2751, -5.0, 1.0, -1.0, 0.5, 5, size()
3, 2752, -5.0, 1.0, -1.0, 1.0, 5, size()
3, 2753, -5.0, 1.0, -1.0, 1.5, 5, size()
3, 2754, -5.0, 1.0, -1.0, 2.0, 5, size()
3, 2755, -5.0, 1.0, -1.0, 2.5, 5, size()
3, 2756, -5.0, 1.0, -1.0, 3.0, 5, size()
3, 2757, -5.0, 1.0, -1.0, 3.5, 5, size()
3, 2758, -5.0, 1.0, -1.0, 4.0, 5, size()
3, 2759, -5.0, 1.0, -1.0, 4.5, 5, list.trimSize()
3, 2760, -5.0, 1.0, -1.0, 5.0, 5, list.trimSize()
3, 2761, -5.0, 1.0, -0.5, 0.0, 5, size()
3, 2762, -5.0, 1.0, -0.5, 0.5, 5, size()
3, 2763, -5.0, 1.0, -0.5, 1.0, 5, size()
3, 2764, -5.0, 1.0, -0.5, 1.5, 5, size()
3, 2765, -5.0, 1.0, -0.5, 2.0, 5, size()
3, 2766, -5.0, 1.0, -0.5, 2.5, 5, size()
3, 2767, -5.0, 1.0, -0.5, 3.0, 5, size()
3, 2768, -5.0, 1.0, -0.5, 3.5, 5, size()
3, 2769, -5.0, 1.0, -0.5, 4.0, 5, size()
3, 2770, -5.0, 1.0, -0.5, 4.5, 5, list.trimSize()
3, 2771, -5.0, 1.0, -0.5, 5.0, 5, list.trimSize()
3, 2772, -5.0, 1.0, 0.0, 0.0, 5, size()
3, 2773, -5.0, 1.0, 0.0, 0.5, 5, size()
3, 2774, -5.0, 1.0, 0.0, 1.0, 5, size()
3, 2775, -5.0, 1.0, 0.0, 1.5, 5, size()
3, 2776, -5.0, 1.0, 0.0, 2.0, 5, size()
3, 2777, -5.0, 1.0, 0.0, 2.5, 5, size()
3, 2778, -5.0, 1.0, 0.0, 3.0, 5, size()
3, 2779, -5.0, 1.0, 0.0, 3.5, 5, size()
3, 2780, -5.0, 1.0, 0.0, 4.0, 5, size()
3, 2781, -5.0, 1.0, 0.0, 4.5, 5, list.trimSize()
3, 2782, -5.0, 1.0, 0.0, 5.0, 5, size()
3, 2783, -4.5, 1.0, -5.0, 0.0, 5, size()
3, 2784, -4.5, 1.0, -5.0, 0.5, 5, size()
3, 2785, -4.5, 1.0, -5.0, 1.0, 5, size()
3, 2786, -4.5, 1.0, -5.0, 1.5, 5, size()
3, 2787, -4.5, 1.0, -5.0, 2.0, 5, size()
3, 2788, -4.5, 1.0, -5.0, 2.5, 5, size()
3, 2789, -4.5, 1.0, -5.0, 3.0, 5, size()
3, 2790, -4.5, 1.0, -5.0, 3.5, 5, size()
3, 2791, -4.5, 1.0, -5.0, 4.0, 5, size()
3, 2792, -4.5, 1.0, -5.0, 4.5, 5, list.trimSize()
3, 2793, -4.5, 1.0, -5.0, 5.0, 5, list.trimSize()
3, 2794, -4.5, 1.0, -4.5, 0.0, 5, size()
3, 2795, -4.5, 1.0, -4.5, 0.5, 5, size()
3, 2796, -4.5, 1.0, -4.5, 1.0, 5, size()
3, 2797, -4.5, 1.0, -4.5, 1.5, 5, size()
3, 2798, -4.5, 1.0, -4.5, 2.0, 5, size()
3, 2799, -4.5, 1.0, -4.5, 2.5, 5, size()
3, 2800, -4.5, 1.0, -4.5, 3.0, 5, size()
3, 2801, -4.5, 1.0, -4.5, 3.5, 5, size()
3, 2802, -4.5, 1.0, -4.5, 4.0, 5, size()
3, 2803, -4.5, 1.0, -4.5, 4.5, 5, list.trimSize()
3, 2804, -4.5, 1.0, -4.5, 5.0, 5, list.trimSize()
3, 2805, -4.5, 1.0, -4.0, 0.0, 5, size()
3, 2806, -4.5, 1.0, -4.0, 0.5, 5, size()
3, 2807, -4.5, 1.0, -4.0, 1.0, 5, size()
3, 2808, -4.5, 1.0, -4.0, 1.5, 5, size()
3, 2809, -4.5, 1.0, -4.0, 2.0, 5, size()
3, 2810, -4.5, 1.0, -4.0, 2.5, 5, size()
3, 2811, -4.5, 1.0, -4.0, 3.0, 5, size()
3, 2812, -4.5, 1.0, -4.0, 3.5, 5, size()
3, 2813, -4.5, 1.0, -4.0, 4.0, 5, list.trimSize()
3, 2814, -4.5, 1.0, -4.0, 4.5, 5, list.trimSize()
3, 2815, -4.5, 1.0, -4.0, 5.0, 5, list.trimSize()
3, 2816, -4.5, 1.0, -3.5, 0.0, 5, size()
3, 2817, -4.5, 1.0, -3.5, 0.5, 5, size()
3, 2818, -4.5, 1.0, -3.5, 1.0, 5, size()
3, 2819, -4.5, 1.0, -3.5, 1.5, 5, size()
3, 2820, -4.5, 1.0, -3.5, 2.0, 5, size()
3, 2821, -4.5, 1.0, -3.5, 2.5, 5, size()
3, 2822, -4.5, 1.0, -3.5, 3.0, 5, size()
3, 2823, -4.5, 1.0, -3.5, 3.5, 5, size()
3, 2824, -4.5, 1.0, -3.5, 4.0, 5, list.trimSize()
3, 2825, -4.5, 1.0, -3.5, 4.5, 5, list.trimSize()
3, 2826, -4.5, 1.0, -3.5, 5.0, 5, list.trimSize()
3, 2827, -4.5, 1.0, -3.0, 0.0, 5, size()
3, 2828, -4.5, 1.0, -3.0, 0.5, 5, size()
3, 2829, -4.5, 1.0, -3.0, 1.0, 5, size()
3, 2830, -4.5, 1.0, -3.0, 1.5, 5, size()
3, 2831, -4.5, 1.0, -3.0, 2.0, 5, size()
3, 2832, -4.5, 1.0, -3.0, 2.5, 5, size()
3, 2833, -4.5, 1.0, -3.0, 3.0, 5, size()
3, 2834, -4.5, 1.0, -3.0, 3.5, 5, size()
3, 2835, -4.5, 1.0, -3.0, 4.0, 5, list.trimSize()
3, 2836, -4.5, 1.0, -3.0, 4.5, 5, list.trimSize()
3, 2837, -4.5, 1.0, -3.0, 5.0, 5, list.trimSize()
3, 2838, -4.5, 1.0, -2.5, 0.0, 5, size()
3, 2839, -4.5, 1.0, -2.5, 0.5, 5, size()
3, 2840, -4.5, 1.0, -2.5, 1.0, 5, size()
3, 2841, -4.5, 1.0, -2.5, 1.5, 5, size()
3, 2842, -4.5, 1.0, -2.5, 2.0, 5, size()
3, 2843, -4.5, 1.0, -2.5, 2.5, 5, size()
3, 2844, -4.5, 1.0, -2.5, 3.0, 5, size()
3, 2845, -4.5, 1.0, -2.5, 3.5, 5, size()
3, 2846, -4.5, 1.0, -2.5, 4.0, 5, list.trimSize()
3, 2847, -4.5, 1.0, -2.5, 4.5, 5, list.trimSize()
3, 2848, -4.5, 1.0, -2.5, 5.0, 5, list.trimSize()
3, 2849, -4.5, 1.0, -2.0, 0.0, 5, size()
3, 2850, -4.5, 1.0, -2.0, 0.5, 5, size()
3, 2851, -4.5, 1.0, -2.0, 1.0, 5, size()
3, 2852, -4.5, 1.0, -2.0, 1.5, 5, size()
3, 2853, -4.5, 1.0, -2.0, 2.0, 5, size()
3, 2854, -4.5, 1.0, -2.0, 2.5, 5, size()
3, 2855, -4.5, 1.0, -2.0, 3.0, 5, size()
3, 2856, -4.5, 1.0, -2.0, 3.5, 5, size()
3, 2857, -4.5, 1.0, -2.0, 4.0, 5, list.trimSize()
3, 2858, -4.5, 1.0, -2.0, 4.5, 5, list.trimSize()
3, 2859, -4.5, 1.0, -2.0, 5.0, 5, list.trimSize()
3, 2860, -4.5, 1.0, -1.5, 0.0, 5, size()
3, 2861, -4.5, 1.0, -1.5, 0.5, 5, size()
3, 2862, -4.5, 1.0, -1.5, 1.0, 5, size()
3, 2863, -4.5, 1.0, -1.5, 1.5, 5, size()
3, 2864, -4.5, 1.0, -1.5, 2.0, 5, size()
3, 2865, -4.5, 1.0, -1.5, 2.5, 5, size()
3, 2866, -4.5, 1.0, -1.5, 3.0, 5, size()
3, 2867, -4.5, 1.0, -1.5, 3.5, 5, size()
3, 2868, -4.5, 1.0, -1.5, 4.0, 5, list.trimSize()
3, 2869, -4.5, 1.0, -1.5, 4.5, 5, list.trimSize()
3, 2870, -4.5, 1.0, -1.5, 5.0, 5, list.trimSize()
3, 2871, -4.5, 1.0, -1.0, 0.0, 5, size()
3, 2872, -4.5, 1.0, -1.0, 0.5, 5, size()
3, 2873, -4.5, 1.0, -1.0, 1.0, 5, size()
3, 2874, -4.5, 1.0, -1.0, 1.5, 5, size()
3, 2875, -4.5, 1.0, -1.0, 2.0, 5, size()
3, 2876, -4.5, 1.0, -1.0, 2.5, 5, size()
3, 2877, -4.5, 1.0, -1.0, 3.0, 5, size()
3, 2878, -4.5, 1.0, -1.0, 3.5, 5, size()
3, 2879, -4.5, 1.0, -1.0, 4.0, 5, list.trimSize()
3, 2880, -4.5, 1.0, -1.0, 4.5, 5, list.trimSize()
3, 2881, -4.5, 1.0, -1.0, 5.0, 5, list.trimSize()
3, 2882, -4.5, 1.0, -0.5, 0.0, 5, size()
3, 2883, -4.5, 1.0, -0.5, 0.5, 5, size()
3, 2884, -4.5, 1.0, -0.5, 1.0, 5, size()
3, 2885, -4.5, 1.0, -0.5, 1.5, 5, size()
3, 2886, -4.5, 1.0, -0.5, 2.0, 5, size()
3, 2887, -4.5, 1.0, -0.5, 2.5, 5, size()
3, 2888, -4.5, 1.0, -0.5, 3.0, 5, size()
3, 2889, -4.5, 1.0, -0.5, 3.5, 5, size()
3, 2890, -4.5, 1.0, -0.5, 4.0, 5, list.trimSize()
3, 2891, -4.5, 1.0, -0.5, 4.5, 5, list.trimSize()
3, 2892, -4.5, 1.0, -0.5, 5.0, 5, size()
3, 2893, -4.5, 1.0, 0.0, 0.0, 5, size()
3, 2894, -4.5, 1.0, 0.0, 0.5, 5, size()
3, 2895, -4.5, 1.0, 0.0, 1.0, 5, size()
3, 2896, -4.5, 1.0, 0.0, 1.5, 5, size()
3, 2897, -4.5, 1.0, 0.0, 2.0, 5, size()
3, 2898, -4.5, 1.0, 0.0, 2.5, 5, size()
3, 2899, -4.5, 1.0, 0.0, 3.0, 5, size()
3, 2900, -4.5, 1.0, 0.0, 3.5, 5, size()
3, 2901, -4.5, 1.0, 0.0, 4.0, 5, list.trimSize()
3, 2902, -4.5, 1.0, 0.0, 4.5, 5, size()
3, 2903, -4.5, 1.0, 0.0, 5.0, 5, size()
3, 2904, -4.0, 1.0, -5.0, 0.0, 5, size()
3, 2905, -4.0, 1.0, -5.0, 0.5, 5, size()
3, 2906, -4.0, 1.0, -5.0, 1.0, 5, size()
3, 2907, -4.0, 1.0, -5.0, 1.5, 5, size()
3, 2908, -4.0, 1.0, -5.0, 2.0, 5, size()
3, 2909, -4.0, 1.0, -5.0, 2.5, 5, size()
3, 2910, -4.0, 1.0, -5.0, 3.0, 5, size()
3, 2911, -4.0, 1.0, -5.0, 3.5, 5, size()
3, 2912, -4.0, 1.0, -5.0, 4.0, 5, size()
3, 2913, -4.0, 1.0, -5.0, 4.5, 5, list.trimSize()
3, 2914, -4.0, 1.0, -5.0, 5.0, 5, list.trimSize()
3, 2915, -4.0, 1.0, -4.5, 0.0, 5, size()
3, 2916, -4.0, 1.0, -4.5, 0.5, 5, size()
3, 2917, -4.0, 1.0, -4.5, 1.0, 5, size()
3, 2918, -4.0, 1.0, -4.5, 1.5, 5, size()
3, 2919, -4.0, 1.0, -4.5, 2.0, 5, size()
3, 2920, -4.0, 1.0, -4.5, 2.5, 5, size()
3, 2921, -4.0, 1.0, -4.5, 3.0, 5, size()
3, 2922, -4.0, 1.0, -4.5, 3.5, 5, size()
3, 2923, -4.0, 1.0, -4.5, 4.0, 5, list.trimSize()
3, 2924, -4.0, 1.0, -4.5, 4.5, 5, list.trimSize()
3, 2925, -4.0, 1.0, -4.5, 5.0, 5, list.trimSize()
3, 2926, -4.0, 1.0, -4.0, 0.0, 5, size()
3, 2927, -4.0, 1.0, -4.0, 0.5, 5, size()
3, 2928, -4.0, 1.0, -4.0, 1.0, 5, size()
3, 2929, -4.0, 1.0, -4.0, 1.5, 5, size()
3, 2930, -4.0, 1.0, -4.0, 2.0, 5, size()
3, 2931, -4.0, 1.0, -4.0, 2.5, 5, size()
3, 2932, -4.0, 1.0, -4.0, 3.0, 5, size()
3, 2933, -4.0, 1.0, -4.0, 3.5, 5, size()
3, 2934, -4.0, 1.0, -4.0, 4.0, 5, list.trimSize()
3, 2935, -4.0, 1.0, -4.0, 4.5, 5, list.trimSize()
3, 2936, -4.0, 1.0, -4.0, 5.0, 5, list.trimSize()
3, 2937, -4.0, 1.0, -3.5, 0.0, 5, size()
3, 2938, -4.0, 1.0, -3.5, 0.5, 5, size()
3, 2939, -4.0, 1.0, -3.5, 1.0, 5, size()
3, 2940, -4.0, 1.0, -3.5, 1.5, 5, size()
3, 2941, -4.0, 1.0, -3.5, 2.0, 5, size()
3, 2942, -4.0, 1.0, -3.5, 2.5, 5, size()
3, 2943, -4.0, 1.0, -3.5, 3.0, 5, size()
3, 2944, -4.0, 1.0, -3.5, 3.5, 5, list.trimSize()
3, 2945, -4.0, 1.0, -3.5, 4.0, 5, list.trimSize()
3, 2946, -4.0, 1.0, -3.5, 4.5, 5, list.trimSize()
3, 2947, -4.0, 1.0, -3.5, 5.0, 5, list.trimSize()
3, 2948, -4.0, 1.0, -3.0, 0.0, 5, size()
3, 2949, -4.0, 1.0, -3.0, 0.5, 5, size()
3, 2950, -4.0, 1.0, -3.0, 1.0, 5, size()
3, 2951, -4.0, 1.0, -3.0, 1.5, 5, size()
3, 2952, -4.0, 1.0, -3.0, 2.0, 5, size()
3, 2953, -4.0, 1.0, -3.0, 2.5, 5, size()
3, 2954, -4.0, 1.0, -3.0, 3.0, 5, size()
3, 2955, -4.0, 1.0, -3.0, 3.5, 5, list.trimSize()
3, 2956, -4.0, 1.0, -3.0, 4.0, 5, list.trimSize()
3, 2957, -4.0, 1.0, -3.0, 4.5, 5, list.trimSize()
3, 2958, -4.0, 1.0, -3.0, 5.0, 5, list.trimSize()
3, 2959, -4.0, 1.0, -2.5, 0.0, 5, size()
3, 2960, -4.0, 1.0, -2.5, 0.5, 5, size()
3, 2961, -4.0, 1.0, -2.5, 1.0, 5, size()
3, 2962, -4.0, 1.0, -2.5, 1.5, 5, size()
3, 2963, -4.0, 1.0, -2.5, 2.0, 5, size()
3, 2964, -4.0, 1.0, -2.5, 2.5, 5, size()
3, 2965, -4.0, 1.0, -2.5, 3.0, 5, size()
3, 2966, -4.0, 1.0, -2.5, 3.5, 5, list.trimSize()
3, 2967, -4.0, 1.0, -2.5, 4.0, 5, list.trimSize()
3, 2968, -4.0, 1.0, -2.5, 4.5, 5, list.trimSize()
3, 2969, -4.0, 1.0, -2.5, 5.0, 5, list.trimSize()
3, 2970, -4.0, 1.0, -2.0, 0.0, 5, size()
3, 2971, -4.0, 1.0, -2.0, 0.5, 5, size()
3, 2972, -4.0, 1.0, -2.0, 1.0, 5, size()
3, 2973, -4.0, 1.0, -2.0, 1.5, 5, size()
3, 2974, -4.0, 1.0, -2.0, 2.0, 5, size()
3, 2975, -4.0, 1.0, -2.0, 2.5, 5, size()
3, 2976, -4.0, 1.0, -2.0, 3.0, 5, size()
3, 2977, -4.0, 1.0, -2.0, 3.5, 5, list.trimSize()
3, 2978, -4.0, 1.0, -2.0, 4.0, 5, list.trimSize()
3, 2979, -4.0, 1.0, -2.0, 4.5, 5, list.trimSize()
3, 2980, -4.0, 1.0, -2.0, 5.0, 5, list.trimSize()
3, 2981, -4.0, 1.0, -1.5, 0.0, 5, size()
3, 2982, -4.0, 1.0, -1.5, 0.5, 5, size()
3, 2983, -4.0, 1.0, -1.5, 1.0, 5, size()
3, 2984, -4.0, 1.0, -1.5, 1.5, 5, size()
3, 2985, -4.0, 1.0, -1.5, 2.0, 5, size()
3, 2986, -4.0, 1.0, -1.5, 2.5, 5, size()
3, 2987, -4.0, 1.0, -1.5, 3.0, 5, size()
3, 2988, -4.0, 1.0, -1.5, 3.5, 5, list.trimSize()
3, 2989, -4.0, 1.0, -1.5, 4.0, 5, list.trimSize()
3, 2990, -4.0, 1.0, -1.5, 4.5, 5, list.trimSize()
3, 2991, -4.0, 1.0, -1.5, 5.0, 5, list.trimSize()
3, 2992, -4.0, 1.0, -1.0, 0.0, 5, size()
3, 2993, -4.0, 1.0, -1.0, 0.5, 5, size()
3, 2994, -4.0, 1.0, -1.0, 1.0, 5, size()
3, 2995, -4.0, 1.0, -1.0, 1.5, 5, size()
3, 2996, -4.0, 1.0, -1.0, 2.0, 5, size()
3, 2997, -4.0, 1.0, -1.0, 2.5, 5, size()
3, 2998, -4.0, 1.0, -1.0, 3.0, 5, size()
3, 2999, -4.0, 1.0, -1.0, 3.5, 5, list.trimSize()
3, 3000, -4.0, 1.0, -1.0, 4.0, 5, list.trimSize()
3, 3001, -4.0, 1.0, -1.0, 4.5, 5, list.trimSize()
3, 3002, -4.0, 1.0, -1.0, 5.0, 5, list.trimSize()
3, 3003, -4.0, 1.0, -0.5, 0.0, 5, size()
3, 3004, -4.0, 1.0, -0.5, 0.5, 5, size()
3, 3005, -4.0, 1.0, -0.5, 1.0, 5, size()
3, 3006, -4.0, 1.0, -0.5, 1.5, 5, size()
3, 3007, -4.0, 1.0, -0.5, 2.0, 5, size()
3, 3008, -4.0, 1.0, -0.5, 2.5, 5, size()
3, 3009, -4.0, 1.0, -0.5, 3.0, 5, size()
3, 3010, -4.0, 1.0, -0.5, 3.5, 5, list.trimSize()
3, 3011, -4.0, 1.0, -0.5, 4.0, 5, list.trimSize()
3, 3012, -4.0, 1.0, -0.5, 4.5, 5, size()
3, 3013, -4.0, 1.0, -0.5, 5.0, 5, size()
3, 3014, -4.0, 1.0, 0.0, 0.0, 5, size()
3, 3015, -4.0, 1.0, 0.0, 0.5, 5, size()
3, 3016, -4.0, 1.0, 0.0, 1.0, 5, size()
3, 3017, -4.0, 1.0, 0.0, 1.5, 5, size()
3, 3018, -4.0, 1.0, 0.0, 2.0, 5, size()
3, 3019, -4.0, 1.0, 0.0, 2.5, 5, size()
3, 3020, -4.0, 1.0, 0.0, 3.0, 5, size()
3, 3021, -4.0, 1.0, 0.0, 3.5, 5, list.trimSize()
3, 3022, -4.0, 1.0, 0.0, 4.0, 5, size()
3, 3023, -4.0, 1.0, 0.0, 4.5, 5, size()
3, 3024, -4.0, 1.0, 0.0, 5.0, 5, size()
3, 3025, -3.5, 1.0, -5.0, 0.0, 5, size()
3, 3026, -3.5, 1.0, -5.0, 0.5, 5, size()
3, 3027, -3.5, 1.0, -5.0, 1.0, 5, size()
3, 3028, -3.5, 1.0, -5.0, 1.5, 5, size()
3, 3029, -3.5, 1.0, -5.0, 2.0, 5, size()
3, 3030, -3.5, 1.0, -5.0, 2.5, 5, size()
3, 3031, -3.5, 1.0, -5.0, 3.0, 5, size()
3, 3032, -3.5, 1.0, -5.0, 3.5, 5, size()
3, 3033, -3.5, 1.0, -5.0, 4.0, 5, list.trimSize()
3, 3034, -3.5, 1.0, -5.0, 4.5, 5, list.trimSize()
3, 3035, -3.5, 1.0, -5.0, 5.0, 5, list.trimSize()
3, 3036, -3.5, 1.0, -4.5, 0.0, 5, size()
3, 3037, -3.5, 1.0, -4.5, 0.5, 5, size()
3, 3038, -3.5, 1.0, -4.5, 1.0, 5, size()
3, 3039, -3.5, 1.0, -4.5, 1.5, 5, size()
3, 3040, -3.5, 1.0, -4.5, 2.0, 5, size()
3, 3041, -3.5, 1.0, -4.5, 2.5, 5, size()
3, 3042, -3.5, 1.0, -4.5, 3.0, 5, size()
3, 3043, -3.5, 1.0, -4.5, 3.5, 5, size()
3, 3044, -3.5, 1.0, -4.5, 4.0, 5, list.trimSize()
3, 3045, -3.5, 1.0, -4.5, 4.5, 5, list.trimSize()
3, 3046, -3.5, 1.0, -4.5, 5.0, 5, list.trimSize()
3, 3047, -3.5, 1.0, -4.0, 0.0, 5, size()
3, 3048, -3.5, 1.0, -4.0, 0.5, 5, size()
3, 3049, -3.5, 1.0, -4.0, 1.0, 5, size()
3, 3050, -3.5, 1.0, -4.0, 1.5, 5, size()
3, 3051, -3.5, 1.0, -4.0, 2.0, 5, size()
3, 3052, -3.5, 1.0, -4.0, 2.5, 5, size()
3, 3053, -3.5, 1.0, -4.0, 3.0, 5, size()
3, 3054, -3.5, 1.0, -4.0, 3.5, 5, list.trimSize()
3, 3055, -3.5, 1.0, -4.0, 4.0, 5, list.trimSize()
3, 3056, -3.5, 1.0, -4.0, 4.5, 5, list.trimSize()
3, 3057, -3.5, 1.0, -4.0, 5.0, 5, list.trimSize()
3, 3058, -3.5, 1.0, -3.5, 0.0, 5, size()
3, 3059, -3.5, 1.0, -3.5, 0.5, 5, size()
3, 3060, -3.5, 1.0, -3.5, 1.0, 5, size()
3, 3061, -3.5, 1.0, -3.5, 1.5, 5, size()
3, 3062, -3.5, 1.0, -3.5, 2.0, 5, size()
3, 3063, -3.5, 1.0, -3.5, 2.5, 5, size()
3, 3064, -3.5, 1.0, -3.5, 3.0, 5, size()
3, 3065, -3.5, 1.0, -3.5, 3.5, 5, list.trimSize()
3, 3066, -3.5, 1.0, -3.5, 4.0, 5, list.trimSize()
3, 3067, -3.5, 1.0, -3.5, 4.5, 5, list.trimSize()
3, 3068, -3.5, 1.0, -3.5, 5.0, 5, list.trimSize()
3, 3069, -3.5, 1.0, -3.0, 0.0, 5, size()
3, 3070, -3.5, 1.0, -3.0, 0.5, 5, size()
3, 3071, -3.5, 1.0, -3.0, 1.0, 5, size()
3, 3072, -3.5, 1.0, -3.0, 1.5, 5, size()
3, 3073, -3.5, 1.0, -3.0, 2.0, 5, size()
3, 3074, -3.5, 1.0, -3.0, 2.5, 5, size()
3, 3075, -3.5, 1.0, -3.0, 3.0, 5, list.trimSize()
3, 3076, -3.5, 1.0, -3.0, 3.5, 5, list.trimSize()
3, 3077, -3.5, 1.0, -3.0, 4.0, 5, list.trimSize()
3, 3078, -3.5, 1.0, -3.0, 4.5, 5, list.trimSize()
3, 3079, -3.5, 1.0, -3.0, 5.0, 5, list.trimSize()
3, 3080, -3.5, 1.0, -2.5, 0.0, 5, size()
3, 3081, -3.5, 1.0, -2.5, 0.5, 5, size()
3, 3082, -3.5, 1.0, -2.5, 1.0, 5, size()
3, 3083, -3.5, 1.0, -2.5, 1.5, 5, size()
3, 3084, -3.5, 1.0, -2.5, 2.0, 5, size()
3, 3085, -3.5, 1.0, -2.5, 2.5, 5, size()
3, 3086, -3.5, 1.0, -2.5, 3.0, 5, list.trimSize()
3, 3087, -3.5, 1.0, -2.5, 3.5, 5, list.trimSize()
3, 3088, -3.5, 1.0, -2.5, 4.0, 5, list.trimSize()
3, 3089, -3.5, 1.0, -2.5, 4.5, 5, list.trimSize()
3, 3090, -3.5, 1.0, -2.5, 5.0, 5, list.trimSize()
3, 3091, -3.5, 1.0, -2.0, 0.0, 5, size()
3, 3092, -3.5, 1.0, -2.0, 0.5, 5, size()
3, 3093, -3.5, 1.0, -2.0, 1.0, 5, size()
3, 3094, -3.5, 1.0, -2.0, 1.5, 5, size()
3, 3095, -3.5, 1.0, -2.0, 2.0, 5, size()
3, 3096, -3.5, 1.0, -2.0, 2.5, 5, size()
3, 3097, -3.5, 1.0, -2.0, 3.0, 5, list.trimSize()
3, 3098, -3.5, 1.0, -2.0, 3.5, 5, list.trimSize()
3, 3099, -3.5, 1.0, -2.0, 4.0, 5, list.trimSize()
3, 3100, -3.5, 1.0, -2.0, 4.5, 5, list.trimSize()
3, 3101, -3.5, 1.0, -2.0, 5.0, 5, list.trimSize()
3, 3102, -3.5, 1.0, -1.5, 0.0, 5, size()
3, 3103, -3.5, 1.0, -1.5, 0.5, 5, size()
3, 3104, -3.5, 1.0, -1.5, 1.0, 5, size()
3, 3105, -3.5, 1.0, -1.5, 1.5, 5, size()
3, 3106, -3.5, 1.0, -1.5, 2.0, 5, size()
3, 3107, -3.5, 1.0, -1.5, 2.5, 5, size()
3, 3108, -3.5, 1.0, -1.5, 3.0, 5, list.trimSize()
3, 3109, -3.5, 1.0, -1.5, 3.5, 5, list.trimSize()
3, 3110, -3.5, 1.0, -1.5, 4.0, 5, list.trimSize()
3, 3111, -3.5, 1.0, -1.5, 4.5, 5, list.trimSize()
3, 3112, -3.5, 1.0, -1.5, 5.0, 5, list.trimSize()
3, 3113, -3.5, 1.0, -1.0, 0.0, 5, size()
3, 3114, -3.5, 1.0, -1.0, 0.5, 5, size()
3, 3115, -3.5, 1.0, -1.0, 1.0, 5, size()
3, 3116, -3.5, 1.0, -1.0, 1.5, 5, size()
3, 3117, -3.5, 1.0, -1.0, 2.0, 5, size()
3, 3118, -3.5, 1.0, -1.0, 2.5, 5, size()
3, 3119, -3.5, 1.0, -1.0, 3.0, 5, list.trimSize()
3, 3120, -3.5, 1.0, -1.0, 3.5, 5, list.trimSize()
3, 3121, -3.5, 1.0, -1.0, 4.0, 5, list.trimSize()
3, 3122, -3.5, 1.0, -1.0, 4.5, 5, list.trimSize()
3, 3123, -3.5, 1.0, -1.0, 5.0, 5, size()
3, 3124, -3.5, 1.0, -0.5, 0.0, 5, size()
3, 3125, -3.5, 1.0, -0.5, 0.5, 5, size()
3, 3126, -3.5, 1.0, -0.5, 1.0, 5, size()
3, 3127, -3.5, 1.0, -0.5, 1.5, 5, size()
3, 3128, -3.5, 1.0, -0.5, 2.0, 5, size()
3, 3129, -3.5, 1.0, -0.5, 2.5, 5, size()
3, 3130, -3.5, 1.0, -0.5, 3.0, 5, list.trimSize()
3, 3131, -3.5, 1.0, -0.5, 3.5, 5, list.trimSize()
3, 3132, -3.5, 1.0, -0.5, 4.0, 5, size()
3, 3133, -3.5, 1.0, -0.5, 4.5, 5, size()
3, 3134, -3.5, 1.0, -0.5, 5.0, 5, size()
3, 3135, -3.5, 1.0, 0.0, 0.0, 5, size()
3, 3136, -3.5, 1.0, 0.0, 0.5, 5, size()
3, 3137, -3.5, 1.0, 0.0, 1.0, 5, size()
3, 3138, -3.5, 1.0, 0.0, 1.5, 5, size()
3, 3139, -3.5, 1.0, 0.0, 2.0, 5, size()
3, 3140, -3.5, 1.0, 0.0, 2.5, 5, size()
3, 3141, -3.5, 1.0, 0.0, 3.0, 5, list.trimSize()
3, 3142, -3.5, 1.0, 0.0, 3.5, 5, size()
3, 3143, -3.5, 1.0, 0.0, 4.0, 5, size()
3, 3144, -3.5, 1.0, 0.0, 4.5, 5, size()
3, 3145, -3.5, 1.0, 0.0, 5.0, 5, size()
3, 3146, -3.0, 1.0, -5.0, 0.0, 5, size()
3, 3147, -3.0, 1.0, -5.0, 0.5, 5, size()
3, 3148, -3.0, 1.0, -5.0, 1.0, 5, size()
3, 3149, -3.0, 1.0, -5.0, 1.5, 5, size()
3, 3150, -3.0, 1.0, -5.0, 2.0, 5, size()
3, 3151, -3.0, 1.0, -5.0, 2.5, 5, size()
3, 3152, -3.0, 1.0, -5.0, 3.0, 5, size()
3, 3153, -3.0, 1.0, -5.0, 3.5, 5, size()
3, 3154, -3.0, 1.0, -5.0, 4.0, 5, list.trimSize()
3, 3155, -3.0, 1.0, -5.0, 4.5, 0, list.size()
3, 3156, -3.0, 1.0, -5.0, 5.0, 0, list.size()
3, 3157, -3.0, 1.0, -4.5, 0.0, 5, size()
3, 3158, -3.0, 1.0, -4.5, 0.5, 5, size()
3, 3159, -3.0, 1.0, -4.5, 1.0, 5, size()
3, 3160, -3.0, 1.0, -4.5, 1.5, 5, size()
3, 3161, -3.0, 1.0, -4.5, 2.0, 5, size()
3, 3162, -3.0, 1.0, -4.5, 2.5, 5, size()
3, 3163, -3.0, 1.0, -4.5, 3.0, 5, size()
3, 3164, -3.0, 1.0, -4.5, 3.5, 5, list.trimSize()
3, 3165, -3.0, 1.0, -4.5, 4.0, 5, list.trimSize()
3, 3166, -3.0, 1.0, -4.5, 4.5, 0, list.size()
3, 3167, -3.0, 1.0, -4.5, 5.0, 0, list.size()
3, 3168, -3.0, 1.0, -4.0, 0.0, 5, size()
3, 3169, -3.0, 1.0, -4.0, 0.5, 5, size()
3, 3170, -3.0, 1.0, -4.0, 1.0, 5, size()
3, 3171, -3.0, 1.0, -4.0, 1.5, 5, size()
3, 3172, -3.0, 1.0, -4.0, 2.0, 5, size()
3, 3173, -3.0, 1.0, -4.0, 2.5, 5, size()
3, 3174, -3.0, 1.0, -4.0, 3.0, 5, size()
3, 3175, -3.0, 1.0, -4.0, 3.5, 5, list.trimSize()
3, 3176, -3.0, 1.0, -4.0, 4.0, 5, list.trimSize()
3, 3177, -3.0, 1.0, -4.0, 4.5, 0, list.size()
3, 3178, -3.0, 1.0, -4.0, 5.0, 0, list.size()
3, 3179, -3.0, 1.0, -3.5, 0.0, 5, size()
3, 3180, -3.0, 1.0, -3.5, 0.5, 5, size()
3, 3181, -3.0, 1.0, -3.5, 1.0, 5, size()
3, 3182, -3.0, 1.0, -3.5, 1.5, 5, size()
3, 3183, -3.0, 1.0, -3.5, 2.0, 5, size()
3, 3184, -3.0, 1.0, -3.5, 2.5, 5, size()
3, 3185, -3.0, 1.0, -3.5, 3.0, 5, list.trimSize()
3, 3186, -3.0, 1.0, -3.5, 3.5, 5, list.trimSize()
3, 3187, -3.0, 1.0, -3.5, 4.0, 5, list.trimSize()
3, 3188, -3.0, 1.0, -3.5, 4.5, 0, list.size()
3, 3189, -3.0, 1.0, -3.5, 5.0, 0, list.size()
3, 3190, -3.0, 1.0, -3.0, 0.0, 5, size()
3, 3191, -3.0, 1.0, -3.0, 0.5, 5, size()
3, 3192, -3.0, 1.0, -3.0, 1.0, 5, size()
3, 3193, -3.0, 1.0, -3.0, 1.5, 5, size()
3, 3194, -3.0, 1.0, -3.0, 2.0, 5, size()
3, 3195, -3.0, 1.0, -3.0, 2.5, 5, size()
3, 3196, -3.0, 1.0, -3.0, 3.0, 5, list.trimSize()
3, 3197, -3.0, 1.0, -3.0, 3.5, 5, list.trimSize()
3, 3198, -3.0, 1.0, -3.0, 4.0, 5, list.trimSize()
3, 3199, -3.0, 1.0, -3.0, 4.5, 0, list.size()
3, 3200, -3.0, 1.0, -3.0, 5.0, 0, list.size()
3, 3201, -3.0, 1.0, -2.5, 0.0, 5, size()
3, 3202, -3.0, 1.0, -2.5, 0.5, 5, size()
3, 3203, -3.0, 1.0, -2.5, 1.0, 5, size()
3, 3204, -3.0, 1.0, -2.5, 1.5, 5, size()
3, 3205, -3.0, 1.0, -2.5, 2.0, 5, size()
3, 3206, -3.0, 1.0, -2.5, 2.5, 5, list.trimSize()
3, 3207, -3.0, 1.0, -2.5, 3.0, 5, list.trimSize()
3, 3208, -3.0, 1.0, -2.5, 3.5, 5, list.trimSize()
3, 3209, -3.0, 1.0, -2.5, 4.0, 5, list.trimSize()
3, 3210, -3.0, 1.0, -2.5, 4.5, 0, list.size()
3, 3211, -3.0, 1.0, -2.5, 5.0, 0, list.size()
3, 3212, -3.0, 1.0, -2.0, 0.0, 5, size()
3, 3213, -3.0, 1.0, -2.0, 0.5, 5, size()
3, 3214, -3.0, 1.0, -2.0, 1.0, 5, size()
3, 3215, -3.0, 1.0, -2.0, 1.5, 5, size()
3, 3216, -3.0, 1.0, -2.0, 2.0, 5, size()
3, 3217, -3.0, 1.0, -2.0, 2.5, 5, list.trimSize()
3, 3218, -3.0, 1.0, -2.0, 3.0, 5, list.trimSize()
3, 3219, -3.0, 1.0, -2.0, 3.5, 5, list.trimSize()
3, 3220, -3.0, 1.0, -2.0, 4.0, 5, list.trimSize()
3, 3221, -3.0, 1.0, -2.0, 4.5, 0, list.size()
3, 3222, -3.0, 1.0, -2.0, 5.0, 0, list.size()
3, 3223, -3.0, 1.0, -1.5, 0.0, 5, size()
3, 3224, -3.0, 1.0, -1.5, 0.5, 5, size()
3, 3225, -3.0, 1.0, -1.5, 1.0, 5, size()
3, 3226, -3.0, 1.0, -1.5, 1.5, 5, size()
3, 3227, -3.0, 1.0, -1.5, 2.0, 5, size()
3, 3228, -3.0, 1.0, -1.5, 2.5, 5, list.trimSize()
3, 3229, -3.0, 1.0, -1.5, 3.0, 5, list.trimSize()
3, 3230, -3.0, 1.0, -1.5, 3.5, 5, list.trimSize()
3, 3231, -3.0, 1.0, -1.5, 4.0, 5, list.trimSize()
3, 3232, -3.0, 1.0, -1.5, 4.5, 0, list.size()
3, 3233, -3.0, 1.0, -1.5, 5.0, 0, list.size()
3, 3234, -3.0, 1.0, -1.0, 0.0, 5, size()
3, 3235, -3.0, 1.0, -1.0, 0.5, 5, size()
3, 3236, -3.0, 1.0, -1.0, 1.0, 5, size()
3, 3237, -3.0, 1.0, -1.0, 1.5, 5, size()
3, 3238, -3.0, 1.0, -1.0, 2.0, 5, size()
3, 3239, -3.0, 1.0, -1.0, 2.5, 5, list.trimSize()
3, 3240, -3.0, 1.0, -1.0, 3.0, 5, list.trimSize()
3, 3241, -3.0, 1.0, -1.0, 3.5, 5, list.trimSize()
3, 3242, -3.0, 1.0, -1.0, 4.0, 5, list.trimSize()
3, 3243, -3.0, 1.0, -1.0, 4.5, 0, list.size()
3, 3244, -3.0, 1.0, -1.0, 5.0, 0, list.size()
3, 3245, -3.0, 1.0, -0.5, 0.0, 5, size()
3, 3246, -3.0, 1.0, -0.5, 0.5, 5, size()
3, 3247, -3.0, 1.0, -0.5, 1.0, 5, size()
3, 3248, -3.0, 1.0, -0.5, 1.5, 5, size()
3, 3249, -3.0, 1.0, -0.5, 2.0, 5, size()
3, 3250, -3.0, 1.0, -0.5, 2.5, 5, list.trimSize()
3, 3251, -3.0, 1.0, -0.5, 3.0, 5, list.trimSize()
3, 3252, -3.0, 1.0, -0.5, 3.5, 5, size()
3, 3253, -3.0, 1.0, -0.5, 4.0, 5, size()
3, 3254, -3.0, 1.0, -0.5, 4.5, 0, list.size()
3, 3255, -3.0, 1.0, -0.5, 5.0, 0, list.size()
3, 3256, -3.0, 1.0, 0.0, 0.0, 5, size()
3, 3257, -3.0, 1.0, 0.0, 0.5, 5, size()
3, 3258, -3.0, 1.0, 0.0, 1.0, 5, size()
3, 3259, -3.0, 1.0, 0.0, 1.5, 5, size()
3, 3260, -3.0, 1.0, 0.0, 2.0, 5, size()
3, 3261, -3.0, 1.0, 0.0, 2.5, 5, list.trimSize()
3, 3262, -3.0, 1.0, 0.0, 3.0, 5, size()
3, 3263, -3.0, 1.0, 0.0, 3.5, 5, size()
3, 3264, -3.0, 1.0, 0.0, 4.0, 5, size()
3, 3265, -3.0, 1.0, 0.0, 4.5, 0, list.size()
3, 3266, -3.0, 1.0, 0.0, 5.0, 0, list.size()
3, 3267, -2.5, 1.0, -5.0, 0.0, 5, size()
3, 3268, -2.5, 1.0, -5.0, 0.5, 5, size()
3, 3269, -2.5, 1.0, -5.0, 1.0, 5, size()
3, 3270, -2.5, 1.0, -5.0, 1.5, 5, size()
3, 3271, -2.5, 1.0, -5.0, 2.0, 5, size()
3, 3272, -2.5, 1.0, -5.0, 2.5, 5, size()
3, 3273, -2.5, 1.0, -5.0, 3.0, 5, size()
3, 3274, -2.5, 1.0, -5.0, 3.5, 0, list.size()
3, 3275, -2.5, 1.0, -5.0, 4.0, 0, list.size()
3, 3276, -2.5, 1.0, -5.0, 4.5, 0, list.size()
3, 3277, -2.5, 1.0, -5.0, 5.0, 0, list.size()
3, 3278, -2.5, 1.0, -4.5, 0.0, 5, size()
3, 3279, -2.5, 1.0, -4.5, 0.5, 5, size()
3, 3280, -2.5, 1.0, -4.5, 1.0, 5, size()
3, 3281, -2.5, 1.0, -4.5, 1.5, 5, size()
3, 3282, -2.5, 1.0, -4.5, 2.0, 5, size()
3, 3283, -2.5, 1.0, -4.5, 2.5, 5, size()
3, 3284, -2.5, 1.0, -4.5, 3.0, 5, size()
3, 3285, -2.5, 1.0, -4.5, 3.5, 0, list.size()
3, 3286, -2.5, 1.0, -4.5, 4.0, 0, list.size()
3, 3287, -2.5, 1.0, -4.5, 4.5, 0, list.size()
3, 3288, -2.5, 1.0, -4.5, 5.0, 0, list.size()
3, 3289, -2.5, 1.0, -4.0, 0.0, 5, size()
3, 3290, -2.5, 1.0, -4.0, 0.5, 5, size()
3, 3291, -2.5, 1.0, -4.0, 1.0, 5, size()
3, 3292, -2.5, 1.0, -4.0, 1.5, 5, size()
3, 3293, -2.5, 1.0, -4.0, 2.0, 5, size()
3, 3294, -2.5, 1.0, -4.0, 2.5, 5, size()
3, 3295, -2.5, 1.0, -4.0, 3.0, 5, list.trimSize()
3, 3296, -2.5, 1.0, -4.0, 3.5, 0, list.size()
3, 3297, -2.5, 1.0, -4.0, 4.0, 0, list.size()
3, 3298, -2.5, 1.0, -4.0, 4.5, 0, list.size()
3, 3299, -2.5, 1.0, -4.0, 5.0, 0, list.size()
3, 3300, -2.5, 1.0, -3.5, 0.0, 5, size()
3, 3301, -2.5, 1.0, -3.5, 0.5, 5, size()
3, 3302, -2.5, 1.0, -3.5, 1.0, 5, size()
3, 3303, -2.5, 1.0, -3.5, 1.5, 5, size()
3, 3304, -2.5, 1.0, -3.5, 2.0, 5, size()
3, 3305, -2.5, 1.0, -3.5, 2.5, 5, size()
3, 3306, -2.5, 1.0, -3.5, 3.0, 5, list.trimSize()
3, 3307, -2.5, 1.0, -3.5, 3.5, 0, list.size()
3, 3308, -2.5, 1.0, -3.5, 4.0, 0, list.size()
3, 3309, -2.5, 1.0, -3.5, 4.5, 0, list.size()
3, 3310, -2.5, 1.0, -3.5, 5.0, 0, list.size()
3, 3311, -2.5, 1.0, -3.0, 0.0, 5, size()
3, 3312, -2.5, 1.0, -3.0, 0.5, 5, size()
3, 3313, -2.5, 1.0, -3.0, 1.0, 5, size()
3, 3314, -2.5, 1.0, -3.0, 1.5, 5, size()
3, 3315, -2.5, 1.0, -3.0, 2.0, 5, size()
3, 3316, -2.5, 1.0, -3.0, 2.5, 5, list.trimSize()
3, 3317, -2.5, 1.0, -3.0, 3.0, 5, list.trimSize()
3, 3318, -2.5, 1.0, -3.0, 3.5, 0, list.size()
3, 3319, -2.5, 1.0, -3.0, 4.0, 0, list.size()
3, 3320, -2.5, 1.0, -3.0, 4.5, 0, list.size()
3, 3321, -2.5, 1.0, -3.0, 5.0, 0, list.size()
3, 3322, -2.5, 1.0, -2.5, 0.0, 5, size()
3, 3323, -2.5, 1.0, -2.5, 0.5, 5, size()
3, 3324, -2.5, 1.0, -2.5, 1.0, 5, size()
3, 3325, -2.5, 1.0, -2.5, 1.5, 5, size()
3, 3326, -2.5, 1.0, -2.5, 2.0, 5, size()
3, 3327, -2.5, 1.0, -2.5, 2.5, 5, list.trimSize()
3, 3328, -2.5, 1.0, -2.5, 3.0, 5, list.trimSize()
3, 3329, -2.5, 1.0, -2.5, 3.5, 0, list.size()
3, 3330, -2.5, 1.0, -2.5, 4.0, 0, list.size()
3, 3331, -2.5, 1.0, -2.5, 4.5, 0, list.size()
3, 3332, -2.5, 1.0, -2.5, 5.0, 0, list.size()
3, 3333, -2.5, 1.0, -2.0, 0.0, 5, size()
3, 3334, -2.5, 1.0, -2.0, 0.5, 5, size()
3, 3335, -2.5, 1.0, -2.0, 1.0, 5, size()
3, 3336, -2.5, 1.0, -2.0, 1.5, 5, size()
3, 3337, -2.5, 1.0, -2.0, 2.0, 5, list.trimSize()
3, 3338, -2.5, 1.0, -2.0, 2.5, 5, list.trimSize()
3, 3339, -2.5, 1.0, -2.0, 3.0, 5, list.trimSize()
3, 3340, -2.5, 1.0, -2.0, 3.5, 0, list.size()
3, 3341, -2.5, 1.0, -2.0, 4.0, 0, list.size()
3, 3342, -2.5, 1.0, -2.0, 4.5, 0, list.size()
3, 3343, -2.5, 1.0, -2.0, 5.0, 0, list.size()
3, 3344, -2.5, 1.0, -1.5, 0.0, 5, size()
3, 3345, -2.5, 1.0, -1.5, 0.5, 5, size()
3, 3346, -2.5, 1.0, -1.5, 1.0, 5, size()
3, 3347, -2.5, 1.0, -1.5, 1.5, 5, size()
3, 3348, -2.5, 1.0, -1.5, 2.0, 5, list.trimSize()
3, 3349, -2.5, 1.0, -1.5, 2.5, 5, list.trimSize()
3, 3350, -2.5, 1.0, -1.5, 3.0, 5, list.trimSize()
3, 3351, -2.5, 1.0, -1.5, 3.5, 0, list.size()
3, 3352, -2.5, 1.0, -1.5, 4.0, 0, list.size()
3, 3353, -2.5, 1.0, -1.5, 4.5, 0, list.size()
3, 3354, -2.5, 1.0, -1.5, 5.0, 0, list.size()
3, 3355, -2.5, 1.0, -1.0, 0.0, 5, size()
3, 3356, -2.5, 1.0, -1.0, 0.5, 5, size()
3, 3357, -2.5, 1.0, -1.0, 1.0, 5, size()
3, 3358, -2.5, 1.0, -1.0, 1.5, 5, size()
3, 3359, -2.5, 1.0, -1.0, 2.0, 5, list.trimSize()
3, 3360, -2.5, 1.0, -1.0, 2.5, 5, list.trimSize()
3, 3361, -2.5, 1.0, -1.0, 3.0, 5, list.trimSize()
3, 3362, -2.5, 1.0, -1.0, 3.5, 0, list.size()
3, 3363, -2.5, 1.0, -1.0, 4.0, 0, list.size()
3, 3364, -2.5, 1.0, -1.0, 4.5, 0, list.size()
3, 3365, -2.5, 1.0, -1.0, 5.0, 0, list.size()
3, 3366, -2.5, 1.0, -0.5, 0.0, 5, size()
3, 3367, -2.5, 1.0, -0.5, 0.5, 5, size()
3, 3368, -2.5, 1.0, -0.5, 1.0, 5, size()
3, 3369, -2.5, 1.0, -0.5, 1.5, 5, size()
3, 3370, -2.5, 1.0, -0.5, 2.0, 5, list.trimSize()
3, 3371, -2.5, 1.0, -0.5, 2.5, 5, list.trimSize()
3, 3372, -2.5, 1.0, -0.5, 3.0, 5, size()
3, 3373, -2.5, 1.0, -0.5, 3.5, 0, list.size()
3, 3374, -2.5, 1.0, -0.5, 4.0, 0, list.size()
3, 3375, -2.5, 1.0, -0.5, 4.5, 0, list.size()
3, 3376, -2.5, 1.0, -0.5, 5.0, 0, list.size()
3, 3377, -2.5, 1.0, 0.0, 0.0, 5, size()
3, 3378, -2.5, 1.0, 0.0, 0.5, 5, size()
3, 3379, -2.5, 1.0, 0.0, 1.0, 5, size()
3, 3380, -2.5, 1.0, 0.0, 1.5, 5, size()
3, 3381, -2.5, 1.0, 0.0, 2.0, 5, list.trimSize()
3, 3382, -2.5, 1.0, 0.0, 2.5, 5, size()
3, 3383, -2.5, 1.0, 0.0, 3.0, 5, size()
3, 3384, -2.5, 1.0, 0.0, 3.5, 0, list.size()
3, 3385, -2.5, 1.0, 0.0, 4.0, 0, list.size()
3, 3386, -2.5, 1.0, 0.0, 4.5, 16, Integer.MIN_VALUE
3, 3387, -2.5, 1.0, 0.0, 5.0, 16, Integer.MIN_VALUE
3, 3388, -2.0, 1.0, -5.0, 0.0, 5, size()
3, 3389, -2.0, 1.0, -5.0, 0.5, 5, size()
3, 3390, -2.0, 1.0, -5.0, 1.0, 5, size()
3, 3391, -2.0, 1.0, -5.0, 1.5, 5, size()
3, 3392, -2.0, 1.0, -5.0, 2.0, 5, size()
3, 3393, -2.0, 1.0, -5.0, 2.5, 0, list.size()
3, 3394, -2.0, 1.0, -5.0, 3.0, 0, list.size()
3, 3395, -2.0, 1.0, -5.0, 3.5, 0, list.size()
3, 3396, -2.0, 1.0, -5.0, 4.0, 0, list.size()
3, 3397, -2.0, 1.0, -5.0, 4.5, 0, list.size()
3, 3398, -2.0, 1.0, -5.0, 5.0, 0, list.size()
3, 3399, -2.0, 1.0, -4.5, 0.0, 5, size()
3, 3400, -2.0, 1.0, -4.5, 0.5, 5, size()
3, 3401, -2.0, 1.0, -4.5, 1.0, 5, size()
3, 3402, -2.0, 1.0, -4.5, 1.5, 5, size()
3, 3403, -2.0, 1.0, -4.5, 2.0, 5, size()
3, 3404, -2.0, 1.0, -4.5, 2.5, 0, list.size()
3, 3405, -2.0, 1.0, -4.5, 3.0, 0, list.size()
3, 3406, -2.0, 1.0, -4.5, 3.5, 0, list.size()
3, 3407, -2.0, 1.0, -4.5, 4.0, 0, list.size()
3, 3408, -2.0, 1.0, -4.5, 4.5, 0, list.size()
3, 3409, -2.0, 1.0, -4.5, 5.0, 0, list.size()
3, 3410, -2.0, 1.0, -4.0, 0.0, 5, size()
3, 3411, -2.0, 1.0, -4.0, 0.5, 5, size()
3, 3412, -2.0, 1.0, -4.0, 1.0, 5, size()
3, 3413, -2.0, 1.0, -4.0, 1.5, 5, size()
3, 3414, -2.0, 1.0, -4.0, 2.0, 5, size()
3, 3415, -2.0, 1.0, -4.0, 2.5, 0, list.size()
3, 3416, -2.0, 1.0, -4.0, 3.0, 0, list.size()
3, 3417, -2.0, 1.0, -4.0, 3.5, 0, list.size()
3, 3418, -2.0, 1.0, -4.0, 4.0, 0, list.size()
3, 3419, -2.0, 1.0, -4.0, 4.5, 0, list.size()
3, 3420, -2.0, 1.0, -4.0, 5.0, 0, list.size()
3, 3421, -2.0, 1.0, -3.5, 0.0, 5, size()
3, 3422, -2.0, 1.0, -3.5, 0.5, 5, size()
3, 3423, -2.0, 1.0, -3.5, 1.0, 5, size()
3, 3424, -2.0, 1.0, -3.5, 1.5, 5, size()
3, 3425, -2.0, 1.0, -3.5, 2.0, 5, size()
3, 3426, -2.0, 1.0, -3.5, 2.5, 0, list.size()
3, 3427, -2.0, 1.0, -3.5, 3.0, 0, list.size()
3, 3428, -2.0, 1.0, -3.5, 3.5, 0, list.size()
3, 3429, -2.0, 1.0, -3.5, 4.0, 0, list.size()
3, 3430, -2.0, 1.0, -3.5, 4.5, 0, list.size()
3, 3431, -2.0, 1.0, -3.5, 5.0, 0, list.size()
3, 3432, -2.0, 1.0, -3.0, 0.0, 5, size()
3, 3433, -2.0, 1.0, -3.0, 0.5, 5, size()
3, 3434, -2.0, 1.0, -3.0, 1.0, 5, size()
3, 3435, -2.0, 1.0, -3.0, 1.5, 5, size()
3, 3436, -2.0, 1.0, -3.0, 2.0, 5, size()
3, 3437, -2.0, 1.0, -3.0, 2.5, 0, list.size()
3, 3438, -2.0, 1.0, -3.0, 3.0, 0, list.size()
3, 3439, -2.0, 1.0, -3.0, 3.5, 0, list.size()
3, 3440, -2.0, 1.0, -3.0, 4.0, 0, list.size()
3, 3441, -2.0, 1.0, -3.0, 4.5, 0, list.size()
3, 3442, -2.0, 1.0, -3.0, 5.0, 0, list.size()
3, 3443, -2.0, 1.0, -2.5, 0.0, 5, size()
3, 3444, -2.0, 1.0, -2.5, 0.5, 5, size()
3, 3445, -2.0, 1.0, -2.5, 1.0, 5, size()
3, 3446, -2.0, 1.0, -2.5, 1.5, 5, size()
3, 3447, -2.0, 1.0, -2.5, 2.0, 5, list.trimSize()
3, 3448, -2.0, 1.0, -2.5, 2.5, 0, list.size()
3, 3449, -2.0, 1.0, -2.5, 3.0, 0, list.size()
3, 3450, -2.0, 1.0, -2.5, 3.5, 0, list.size()
3, 3451, -2.0, 1.0, -2.5, 4.0, 0, list.size()
3, 3452, -2.0, 1.0, -2.5, 4.5, 0, list.size()
3, 3453, -2.0, 1.0, -2.5, 5.0, 0, list.size()
3, 3454, -2.0, 1.0, -2.0, 0.0, 5, size()
3, 3455, -2.0, 1.0, -2.0, 0.5, 5, size()
3, 3456, -2.0, 1.0, -2.0, 1.0, 5, size()
3, 3457, -2.0, 1.0, -2.0, 1.5, 5, size()
3, 3458, -2.0, 1.0, -2.0, 2.0, 5, list.trimSize()
3, 3459, -2.0, 1.0, -2.0, 2.5, 0, list.size()
3, 3460, -2.0, 1.0, -2.0, 3.0, 0, list.size()
3, 3461, -2.0, 1.0, -2.0, 3.5, 0, list.size()
3, 3462, -2.0, 1.0, -2.0, 4.0, 0, list.size()
3, 3463, -2.0, 1.0, -2.0, 4.5, 0, list.size()
3, 3464, -2.0, 1.0, -2.0, 5.0, 0, list.size()
3, 3465, -2.0, 1.0, -1.5, 0.0, 5, size()
3, 3466, -2.0, 1.0, -1.5, 0.5, 5, size()
3, 3467, -2.0, 1.0, -1.5, 1.0, 5, size()
3, 3468, -2.0, 1.0, -1.5, 1.5, 5, list.trimSize()
3, 3469, -2.0, 1.0, -1.5, 2.0, 5, list.trimSize()
3, 3470, -2.0, 1.0, -1.5, 2.5, 0, list.size()
3, 3471, -2.0, 1.0, -1.5, 3.0, 0, list.size()
3, 3472, -2.0, 1.0, -1.5, 3.5, 0, list.size()
3, 3473, -2.0, 1.0, -1.5, 4.0, 0, list.size()
3, 3474, -2.0, 1.0, -1.5, 4.5, 0, list.size()
3, 3475, -2.0, 1.0, -1.5, 5.0, 0, list.size()
3, 3476, -2.0, 1.0, -1.0, 0.0, 5, size()
3, 3477, -2.0, 1.0, -1.0, 0.5, 5, size()
3, 3478, -2.0, 1.0, -1.0, 1.0, 5, size()
3, 3479, -2.0, 1.0, -1.0, 1.5, 5, list.trimSize()
3, 3480, -2.0, 1.0, -1.0, 2.0, 5, list.trimSize()
3, 3481, -2.0, 1.0, -1.0, 2.5, 0, list.size()
3, 3482, -2.0, 1.0, -1.0, 3.0, 0, list.size()
3, 3483, -2.0, 1.0, -1.0, 3.5, 0, list.size()
3, 3484, -2.0, 1.0, -1.0, 4.0, 0, list.size()
3, 3485, -2.0, 1.0, -1.0, 4.5, 0, list.size()
3, 3486, -2.0, 1.0, -1.0, 5.0, 0, list.size()
3, 3487, -2.0, 1.0, -0.5, 0.0, 5, size()
3, 3488, -2.0, 1.0, -0.5, 0.5, 5, size()
3, 3489, -2.0, 1.0, -0.5, 1.0, 5, size()
3, 3490, -2.0, 1.0, -0.5, 1.5, 5, list.trimSize()
3, 3491, -2.0, 1.0, -0.5, 2.0, 5, list.trimSize()
3, 3492, -2.0, 1.0, -0.5, 2.5, 0, list.size()
3, 3493, -2.0, 1.0, -0.5, 3.0, 0, list.size()
3, 3494, -2.0, 1.0, -0.5, 3.5, 0, list.size()
3, 3495, -2.0, 1.0, -0.5, 4.0, 0, list.size()
3, 3496, -2.0, 1.0, -0.5, 4.5, 0, list.size()
3, 3497, -2.0, 1.0, -0.5, 5.0, 0, list.size()
3, 3498, -2.0, 1.0, 0.0, 0.0, 5, size()
3, 3499, -2.0, 1.0, 0.0, 0.5, 5, size()
3, 3500, -2.0, 1.0, 0.0, 1.0, 5, size()
3, 3501, -2.0, 1.0, 0.0, 1.5, 5, list.trimSize()
3, 3502, -2.0, 1.0, 0.0, 2.0, 5, size()
3, 3503, -2.0, 1.0, 0.0, 2.5, 0, list.size()
3, 3504, -2.0, 1.0, 0.0, 3.0, 0, list.size()
3, 3505, -2.0, 1.0, 0.0, 3.5, 16, Integer.MIN_VALUE
3, 3506, -2.0, 1.0, 0.0, 4.0, 16, Integer.MIN_VALUE
3, 3507, -2.0, 1.0, 0.0, 4.5, 20, new Task03().trimSize(list)
3, 3508, -2.0, 1.0, 0.0, 5.0, 20, new Task03().trimSize(list)
3, 3509, -1.5, 1.0, -5.0, 0.0, 5, size()
3, 3510, -1.5, 1.0, -5.0, 0.5, 5, size()
3, 3511, -1.5, 1.0, -5.0, 1.0, 5, size()
3, 3512, -1.5, 1.0, -5.0, 1.5, 0, list.size()
3, 3513, -1.5, 1.0, -5.0, 2.0, 0, list.size()
3, 3514, -1.5, 1.0, -5.0, 2.5, 0, list.size()
3, 3515, -1.5, 1.0, -5.0, 3.0, 0, list.size()
3, 3516, -1.5, 1.0, -5.0, 3.5, 0, list.size()
3, 3517, -1.5, 1.0, -5.0, 4.0, 0, list.size()
3, 3518, -1.5, 1.0, -5.0, 4.5, 0, list.size()
3, 3519, -1.5, 1.0, -5.0, 5.0, 0, list.size()
3, 3520, -1.5, 1.0, -4.5, 0.0, 5, size()
3, 3521, -1.5, 1.0, -4.5, 0.5, 5, size()
3, 3522, -1.5, 1.0, -4.5, 1.0, 5, size()
3, 3523, -1.5, 1.0, -4.5, 1.5, 0, list.size()
3, 3524, -1.5, 1.0, -4.5, 2.0, 0, list.size()
3, 3525, -1.5, 1.0, -4.5, 2.5, 0, list.size()
3, 3526, -1.5, 1.0, -4.5, 3.0, 0, list.size()
3, 3527, -1.5, 1.0, -4.5, 3.5, 0, list.size()
3, 3528, -1.5, 1.0, -4.5, 4.0, 0, list.size()
3, 3529, -1.5, 1.0, -4.5, 4.5, 0, list.size()
3, 3530, -1.5, 1.0, -4.5, 5.0, 0, list.size()
3, 3531, -1.5, 1.0, -4.0, 0.0, 5, size()
3, 3532, -1.5, 1.0, -4.0, 0.5, 5, size()
3, 3533, -1.5, 1.0, -4.0, 1.0, 5, size()
3, 3534, -1.5, 1.0, -4.0, 1.5, 0, list.size()
3, 3535, -1.5, 1.0, -4.0, 2.0, 0, list.size()
3, 3536, -1.5, 1.0, -4.0, 2.5, 0, list.size()
3, 3537, -1.5, 1.0, -4.0, 3.0, 0, list.size()
3, 3538, -1.5, 1.0, -4.0, 3.5, 0, list.size()
3, 3539, -1.5, 1.0, -4.0, 4.0, 0, list.size()
3, 3540, -1.5, 1.0, -4.0, 4.5, 0, list.size()
3, 3541, -1.5, 1.0, -4.0, 5.0, 0, list.size()
3, 3542, -1.5, 1.0, -3.5, 0.0, 5, size()
3, 3543, -1.5, 1.0, -3.5, 0.5, 5, size()
3, 3544, -1.5, 1.0, -3.5, 1.0, 5, size()
3, 3545, -1.5, 1.0, -3.5, 1.5, 0, list.size()
3, 3546, -1.5, 1.0, -3.5, 2.0, 0, list.size()
3, 3547, -1.5, 1.0, -3.5, 2.5, 0, list.size()
3, 3548, -1.5, 1.0, -3.5, 3.0, 0, list.size()
3, 3549, -1.5, 1.0, -3.5, 3.5, 0, list.size()
3, 3550, -1.5, 1.0, -3.5, 4.0, 0, list.size()
3, 3551, -1.5, 1.0, -3.5, 4.5, 0, list.size()
3, 3552, -1.5, 1.0, -3.5, 5.0, 0, list.size()
3, 3553, -1.5, 1.0, -3.0, 0.0, 5, size()
3, 3554, -1.5, 1.0, -3.0, 0.5, 5, size()
3, 3555, -1.5, 1.0, -3.0, 1.0, 5, size()
3, 3556, -1.5, 1.0, -3.0, 1.5, 0, list.size()
3, 3557, -1.5, 1.0, -3.0, 2.0, 0, list.size()
3, 3558, -1.5, 1.0, -3.0, 2.5, 0, list.size()
3, 3559, -1.5, 1.0, -3.0, 3.0, 0, list.size()
3, 3560, -1.5, 1.0, -3.0, 3.5, 0, list.size()
3, 3561, -1.5, 1.0, -3.0, 4.0, 0, list.size()
3, 3562, -1.5, 1.0, -3.0, 4.5, 0, list.size()
3, 3563, -1.5, 1.0, -3.0, 5.0, 0, list.size()
3, 3564, -1.5, 1.0, -2.5, 0.0, 5, size()
3, 3565, -1.5, 1.0, -2.5, 0.5, 5, size()
3, 3566, -1.5, 1.0, -2.5, 1.0, 5, size()
3, 3567, -1.5, 1.0, -2.5, 1.5, 0, list.size()
3, 3568, -1.5, 1.0, -2.5, 2.0, 0, list.size()
3, 3569, -1.5, 1.0, -2.5, 2.5, 0, list.size()
3, 3570, -1.5, 1.0, -2.5, 3.0, 0, list.size()
3, 3571, -1.5, 1.0, -2.5, 3.5, 0, list.size()
3, 3572, -1.5, 1.0, -2.5, 4.0, 0, list.size()
3, 3573, -1.5, 1.0, -2.5, 4.5, 0, list.size()
3, 3574, -1.5, 1.0, -2.5, 5.0, 0, list.size()
3, 3575, -1.5, 1.0, -2.0, 0.0, 5, size()
3, 3576, -1.5, 1.0, -2.0, 0.5, 5, size()
3, 3577, -1.5, 1.0, -2.0, 1.0, 5, size()
3, 3578, -1.5, 1.0, -2.0, 1.5, 0, list.size()
3, 3579, -1.5, 1.0, -2.0, 2.0, 0, list.size()
3, 3580, -1.5, 1.0, -2.0, 2.5, 0, list.size()
3, 3581, -1.5, 1.0, -2.0, 3.0, 0, list.size()
3, 3582, -1.5, 1.0, -2.0, 3.5, 0, list.size()
3, 3583, -1.5, 1.0, -2.0, 4.0, 0, list.size()
3, 3584, -1.5, 1.0, -2.0, 4.5, 0, list.size()
3, 3585, -1.5, 1.0, -2.0, 5.0, 0, list.size()
3, 3586, -1.5, 1.0, -1.5, 0.0, 5, size()
3, 3587, -1.5, 1.0, -1.5, 0.5, 5, size()
3, 3588, -1.5, 1.0, -1.5, 1.0, 5, size()
3, 3589, -1.5, 1.0, -1.5, 1.5, 0, list.size()
3, 3590, -1.5, 1.0, -1.5, 2.0, 0, list.size()
3, 3591, -1.5, 1.0, -1.5, 2.5, 0, list.size()
3, 3592, -1.5, 1.0, -1.5, 3.0, 0, list.size()
3, 3593, -1.5, 1.0, -1.5, 3.5, 0, list.size()
3, 3594, -1.5, 1.0, -1.5, 4.0, 0, list.size()
3, 3595, -1.5, 1.0, -1.5, 4.5, 0, list.size()
3, 3596, -1.5, 1.0, -1.5, 5.0, 0, list.size()
3, 3597, -1.5, 1.0, -1.0, 0.0, 5, size()
3, 3598, -1.5, 1.0, -1.0, 0.5, 5, size()
3, 3599, -1.5, 1.0, -1.0, 1.0, 5, list.trimSize()
3, 3600, -1.5, 1.0, -1.0, 1.5, 0, list.size()
3, 3601, -1.5, 1.0, -1.0, 2.0, 0, list.size()
3, 3602, -1.5, 1.0, -1.0, 2.5, 0, list.size()
3, 3603, -1.5, 1.0, -1.0, 3.0, 0, list.size()
3, 3604, -1.5, 1.0, -1.0, 3.5, 0, list.size()
3, 3605, -1.5, 1.0, -1.0, 4.0, 0, list.size()
3, 3606, -1.5, 1.0, -1.0, 4.5, 0, list.size()
3, 3607, -1.5, 1.0, -1.0, 5.0, 0, list.size()
3, 3608, -1.5, 1.0, -0.5, 0.0, 5, size()
3, 3609, -1.5, 1.0, -0.5, 0.5, 5, size()
3, 3610, -1.5, 1.0, -0.5, 1.0, 5, list.trimSize()
3, 3611, -1.5, 1.0, -0.5, 1.5, 0, list.size()
3, 3612, -1.5, 1.0, -0.5, 2.0, 0, list.size()
3, 3613, -1.5, 1.0, -0.5, 2.5, 0, list.size()
3, 3614, -1.5, 1.0, -0.5, 3.0, 0, list.size()
3, 3615, -1.5, 1.0, -0.5, 3.5, 0, list.size()
3, 3616, -1.5, 1.0, -0.5, 4.0, 0, list.size()
3, 3617, -1.5, 1.0, -0.5, 4.5, 0, list.size()
3, 3618, -1.5, 1.0, -0.5, 5.0, 0, list.size()
3, 3619, -1.5, 1.0, 0.0, 0.0, 5, size()
3, 3620, -1.5, 1.0, 0.0, 0.5, 5, size()
3, 3621, -1.5, 1.0, 0.0, 1.0, 5, list.trimSize()
3, 3622, -1.5, 1.0, 0.0, 1.5, 0, list.size()
3, 3623, -1.5, 1.0, 0.0, 2.0, 0, list.size()
3, 3624, -1.5, 1.0, 0.0, 2.5, 0, list.size()
3, 3625, -1.5, 1.0, 0.0, 3.0, 16, Integer.MIN_VALUE
3, 3626, -1.5, 1.0, 0.0, 3.5, 20, new Task03().trimSize(list)
3, 3627, -1.5, 1.0, 0.0, 4.0, 20, new Task03().trimSize(list)
3, 3628, -1.5, 1.0, 0.0, 4.5, 64, noMoreThan.insert(noMoreThan, noMoreThan).append(list.contains(trimSize()))
3, 3629, -1.5, 1.0, 0.0, 5.0, 74, System.arraycopy(trimSize(), noMoreThan, trimSize(), noMoreThan, noMoreThan).get()
3, 3630, -1.0, 1.0, -5.0, 0.0, 5, size()
3, 3631, -1.0, 1.0, -5.0, 0.5, 0, list.size()
3, 3632, -1.0, 1.0, -5.0, 1.0, 0, list.size()
3, 3633, -1.0, 1.0, -5.0, 1.5, 0, list.size()
3, 3634, -1.0, 1.0, -5.0, 2.0, 0, list.size()
3, 3635, -1.0, 1.0, -5.0, 2.5, 0, list.size()
3, 3636, -1.0, 1.0, -5.0, 3.0, 0, list.size()
3, 3637, -1.0, 1.0, -5.0, 3.5, 0, list.size()
3, 3638, -1.0, 1.0, -5.0, 4.0, 0, list.size()
3, 3639, -1.0, 1.0, -5.0, 4.5, 0, list.size()
3, 3640, -1.0, 1.0, -5.0, 5.0, 0, list.size()
3, 3641, -1.0, 1.0, -4.5, 0.0, 5, size()
3, 3642, -1.0, 1.0, -4.5, 0.5, 0, list.size()
3, 3643, -1.0, 1.0, -4.5, 1.0, 0, list.size()
3, 3644, -1.0, 1.0, -4.5, 1.5, 0, list.size()
3, 3645, -1.0, 1.0, -4.5, 2.0, 0, list.size()
3, 3646, -1.0, 1.0, -4.5, 2.5, 0, list.size()
3, 3647, -1.0, 1.0, -4.5, 3.0, 0, list.size()
3, 3648, -1.0, 1.0, -4.5, 3.5, 0, list.size()
3, 3649, -1.0, 1.0, -4.5, 4.0, 0, list.size()
3, 3650, -1.0, 1.0, -4.5, 4.5, 0, list.size()
3, 3651, -1.0, 1.0, -4.5, 5.0, 0, list.size()
3, 3652, -1.0, 1.0, -4.0, 0.0, 5, size()
3, 3653, -1.0, 1.0, -4.0, 0.5, 0, list.size()
3, 3654, -1.0, 1.0, -4.0, 1.0, 0, list.size()
3, 3655, -1.0, 1.0, -4.0, 1.5, 0, list.size()
3, 3656, -1.0, 1.0, -4.0, 2.0, 0, list.size()
3, 3657, -1.0, 1.0, -4.0, 2.5, 0, list.size()
3, 3658, -1.0, 1.0, -4.0, 3.0, 0, list.size()
3, 3659, -1.0, 1.0, -4.0, 3.5, 0, list.size()
3, 3660, -1.0, 1.0, -4.0, 4.0, 0, list.size()
3, 3661, -1.0, 1.0, -4.0, 4.5, 0, list.size()
3, 3662, -1.0, 1.0, -4.0, 5.0, 0, list.size()
3, 3663, -1.0, 1.0, -3.5, 0.0, 5, size()
3, 3664, -1.0, 1.0, -3.5, 0.5, 0, list.size()
3, 3665, -1.0, 1.0, -3.5, 1.0, 0, list.size()
3, 3666, -1.0, 1.0, -3.5, 1.5, 0, list.size()
3, 3667, -1.0, 1.0, -3.5, 2.0, 0, list.size()
3, 3668, -1.0, 1.0, -3.5, 2.5, 0, list.size()
3, 3669, -1.0, 1.0, -3.5, 3.0, 0, list.size()
3, 3670, -1.0, 1.0, -3.5, 3.5, 0, list.size()
3, 3671, -1.0, 1.0, -3.5, 4.0, 0, list.size()
3, 3672, -1.0, 1.0, -3.5, 4.5, 0, list.size()
3, 3673, -1.0, 1.0, -3.5, 5.0, 0, list.size()
3, 3674, -1.0, 1.0, -3.0, 0.0, 5, size()
3, 3675, -1.0, 1.0, -3.0, 0.5, 0, list.size()
3, 3676, -1.0, 1.0, -3.0, 1.0, 0, list.size()
3, 3677, -1.0, 1.0, -3.0, 1.5, 0, list.size()
3, 3678, -1.0, 1.0, -3.0, 2.0, 0, list.size()
3, 3679, -1.0, 1.0, -3.0, 2.5, 0, list.size()
3, 3680, -1.0, 1.0, -3.0, 3.0, 0, list.size()
3, 3681, -1.0, 1.0, -3.0, 3.5, 0, list.size()
3, 3682, -1.0, 1.0, -3.0, 4.0, 0, list.size()
3, 3683, -1.0, 1.0, -3.0, 4.5, 0, list.size()
3, 3684, -1.0, 1.0, -3.0, 5.0, 0, list.size()
3, 3685, -1.0, 1.0, -2.5, 0.0, 5, size()
3, 3686, -1.0, 1.0, -2.5, 0.5, 0, list.size()
3, 3687, -1.0, 1.0, -2.5, 1.0, 0, list.size()
3, 3688, -1.0, 1.0, -2.5, 1.5, 0, list.size()
3, 3689, -1.0, 1.0, -2.5, 2.0, 0, list.size()
3, 3690, -1.0, 1.0, -2.5, 2.5, 0, list.size()
3, 3691, -1.0, 1.0, -2.5, 3.0, 0, list.size()
3, 3692, -1.0, 1.0, -2.5, 3.5, 0, list.size()
3, 3693, -1.0, 1.0, -2.5, 4.0, 0, list.size()
3, 3694, -1.0, 1.0, -2.5, 4.5, 0, list.size()
3, 3695, -1.0, 1.0, -2.5, 5.0, 0, list.size()
3, 3696, -1.0, 1.0, -2.0, 0.0, 5, size()
3, 3697, -1.0, 1.0, -2.0, 0.5, 0, list.size()
3, 3698, -1.0, 1.0, -2.0, 1.0, 0, list.size()
3, 3699, -1.0, 1.0, -2.0, 1.5, 0, list.size()
3, 3700, -1.0, 1.0, -2.0, 2.0, 0, list.size()
3, 3701, -1.0, 1.0, -2.0, 2.5, 0, list.size()
3, 3702, -1.0, 1.0, -2.0, 3.0, 0, list.size()
3, 3703, -1.0, 1.0, -2.0, 3.5, 0, list.size()
3, 3704, -1.0, 1.0, -2.0, 4.0, 0, list.size()
3, 3705, -1.0, 1.0, -2.0, 4.5, 0, list.size()
3, 3706, -1.0, 1.0, -2.0, 5.0, 0, list.size()
3, 3707, -1.0, 1.0, -1.5, 0.0, 5, size()
3, 3708, -1.0, 1.0, -1.5, 0.5, 0, list.size()
3, 3709, -1.0, 1.0, -1.5, 1.0, 0, list.size()
3, 3710, -1.0, 1.0, -1.5, 1.5, 0, list.size()
3, 3711, -1.0, 1.0, -1.5, 2.0, 0, list.size()
3, 3712, -1.0, 1.0, -1.5, 2.5, 0, list.size()
3, 3713, -1.0, 1.0, -1.5, 3.0, 0, list.size()
3, 3714, -1.0, 1.0, -1.5, 3.5, 0, list.size()
3, 3715, -1.0, 1.0, -1.5, 4.0, 0, list.size()
3, 3716, -1.0, 1.0, -1.5, 4.5, 0, list.size()
3, 3717, -1.0, 1.0, -1.5, 5.0, 0, list.size()
3, 3718, -1.0, 1.0, -1.0, 0.0, 5, size()
3, 3719, -1.0, 1.0, -1.0, 0.5, 0, list.size()
3, 3720, -1.0, 1.0, -1.0, 1.0, 0, list.size()
3, 3721, -1.0, 1.0, -1.0, 1.5, 0, list.size()
3, 3722, -1.0, 1.0, -1.0, 2.0, 0, list.size()
3, 3723, -1.0, 1.0, -1.0, 2.5, 0, list.size()
3, 3724, -1.0, 1.0, -1.0, 3.0, 0, list.size()
3, 3725, -1.0, 1.0, -1.0, 3.5, 0, list.size()
3, 3726, -1.0, 1.0, -1.0, 4.0, 0, list.size()
3, 3727, -1.0, 1.0, -1.0, 4.5, 0, list.size()
3, 3728, -1.0, 1.0, -1.0, 5.0, 0, list.size()
3, 3729, -1.0, 1.0, -0.5, 0.0, 5, size()
3, 3730, -1.0, 1.0, -0.5, 0.5, 0, list.size()
3, 3731, -1.0, 1.0, -0.5, 1.0, 0, list.size()
3, 3732, -1.0, 1.0, -0.5, 1.5, 0, list.size()
3, 3733, -1.0, 1.0, -0.5, 2.0, 0, list.size()
3, 3734, -1.0, 1.0, -0.5, 2.5, 0, list.size()
3, 3735, -1.0, 1.0, -0.5, 3.0, 0, list.size()
3, 3736, -1.0, 1.0, -0.5, 3.5, 0, list.size()
3, 3737, -1.0, 1.0, -0.5, 4.0, 0, list.size()
3, 3738, -1.0, 1.0, -0.5, 4.5, 20, new Task03().trimSize(list)
3, 3739, -1.0, 1.0, -0.5, 5.0, 20, new Task03().trimSize(list)
3, 3740, -1.0, 1.0, 0.0, 0.0, 5, size()
3, 3741, -1.0, 1.0, 0.0, 0.5, 0, list.size()
3, 3742, -1.0, 1.0, 0.0, 1.0, 0, list.size()
3, 3743, -1.0, 1.0, 0.0, 1.5, 0, list.size()
3, 3744, -1.0, 1.0, 0.0, 2.0, 20, new Task03().trimSize(list)
3, 3745, -1.0, 1.0, 0.0, 2.5, 20, new Task03().trimSize(list)
3, 3746, -1.0, 1.0, 0.0, 3.0, 64, noMoreThan.insert(noMoreThan, noMoreThan).append(list.contains(trimSize()))
3, 3747, -1.0, 1.0, 0.0, 3.5, 64, noMoreThan.insert(noMoreThan, noMoreThan).append(list.contains(trimSize()))
3, 3748, -1.0, 1.0, 0.0, 4.0, 64, noMoreThan.insert(noMoreThan, noMoreThan).append(list.contains(trimSize()))
3, 3749, -1.0, 1.0, 0.0, 4.5, 75, list.add(System.arraycopy(trimSize(), noMoreThan, trimSize(), noMoreThan, noMoreThan))
3, 3750, -1.0, 1.0, 0.0, 5.0, 75, list.add(System.arraycopy(trimSize(), noMoreThan, trimSize(), noMoreThan, noMoreThan))
3, 3751, -0.5, 1.0, -5.0, 0.0, 0, list.size()
3, 3752, -0.5, 1.0, -5.0, 0.5, 0, list.size()
3, 3753, -0.5, 1.0, -5.0, 1.0, 0, list.size()
3, 3754, -0.5, 1.0, -5.0, 1.5, 0, list.size()
3, 3755, -0.5, 1.0, -5.0, 2.0, 0, list.size()
3, 3756, -0.5, 1.0, -5.0, 2.5, 0, list.size()
3, 3757, -0.5, 1.0, -5.0, 3.0, 0, list.size()
3, 3758, -0.5, 1.0, -5.0, 3.5, 0, list.size()
3, 3759, -0.5, 1.0, -5.0, 4.0, 0, list.size()
3, 3760, -0.5, 1.0, -5.0, 4.5, 0, list.size()
3, 3761, -0.5, 1.0, -5.0, 5.0, 0, list.size()
3, 3762, -0.5, 1.0, -4.5, 0.0, 0, list.size()
3, 3763, -0.5, 1.0, -4.5, 0.5, 0, list.size()
3, 3764, -0.5, 1.0, -4.5, 1.0, 0, list.size()
3, 3765, -0.5, 1.0, -4.5, 1.5, 0, list.size()
3, 3766, -0.5, 1.0, -4.5, 2.0, 0, list.size()
3, 3767, -0.5, 1.0, -4.5, 2.5, 0, list.size()
3, 3768, -0.5, 1.0, -4.5, 3.0, 0, list.size()
3, 3769, -0.5, 1.0, -4.5, 3.5, 0, list.size()
3, 3770, -0.5, 1.0, -4.5, 4.0, 0, list.size()
3, 3771, -0.5, 1.0, -4.5, 4.5, 0, list.size()
3, 3772, -0.5, 1.0, -4.5, 5.0, 0, list.size()
3, 3773, -0.5, 1.0, -4.0, 0.0, 0, list.size()
3, 3774, -0.5, 1.0, -4.0, 0.5, 0, list.size()
3, 3775, -0.5, 1.0, -4.0, 1.0, 0, list.size()
3, 3776, -0.5, 1.0, -4.0, 1.5, 0, list.size()
3, 3777, -0.5, 1.0, -4.0, 2.0, 0, list.size()
3, 3778, -0.5, 1.0, -4.0, 2.5, 0, list.size()
3, 3779, -0.5, 1.0, -4.0, 3.0, 0, list.size()
3, 3780, -0.5, 1.0, -4.0, 3.5, 0, list.size()
3, 3781, -0.5, 1.0, -4.0, 4.0, 0, list.size()
3, 3782, -0.5, 1.0, -4.0, 4.5, 0, list.size()
3, 3783, -0.5, 1.0, -4.0, 5.0, 0, list.size()
3, 3784, -0.5, 1.0, -3.5, 0.0, 0, list.size()
3, 3785, -0.5, 1.0, -3.5, 0.5, 0, list.size()
3, 3786, -0.5, 1.0, -3.5, 1.0, 0, list.size()
3, 3787, -0.5, 1.0, -3.5, 1.5, 0, list.size()
3, 3788, -0.5, 1.0, -3.5, 2.0, 0, list.size()
3, 3789, -0.5, 1.0, -3.5, 2.5, 0, list.size()
3, 3790, -0.5, 1.0, -3.5, 3.0, 0, list.size()
3, 3791, -0.5, 1.0, -3.5, 3.5, 0, list.size()
3, 3792, -0.5, 1.0, -3.5, 4.0, 0, list.size()
3, 3793, -0.5, 1.0, -3.5, 4.5, 0, list.size()
3, 3794, -0.5, 1.0, -3.5, 5.0, 0, list.size()
3, 3795, -0.5, 1.0, -3.0, 0.0, 0, list.size()
3, 3796, -0.5, 1.0, -3.0, 0.5, 0, list.size()
3, 3797, -0.5, 1.0, -3.0, 1.0, 0, list.size()
3, 3798, -0.5, 1.0, -3.0, 1.5, 0, list.size()
3, 3799, -0.5, 1.0, -3.0, 2.0, 0, list.size()
3, 3800, -0.5, 1.0, -3.0, 2.5, 0, list.size()
3, 3801, -0.5, 1.0, -3.0, 3.0, 0, list.size()
3, 3802, -0.5, 1.0, -3.0, 3.5, 0, list.size()
3, 3803, -0.5, 1.0, -3.0, 4.0, 0, list.size()
3, 3804, -0.5, 1.0, -3.0, 4.5, 0, list.size()
3, 3805, -0.5, 1.0, -3.0, 5.0, 0, list.size()
3, 3806, -0.5, 1.0, -2.5, 0.0, 0, list.size()
3, 3807, -0.5, 1.0, -2.5, 0.5, 0, list.size()
3, 3808, -0.5, 1.0, -2.5, 1.0, 0, list.size()
3, 3809, -0.5, 1.0, -2.5, 1.5, 0, list.size()
3, 3810, -0.5, 1.0, -2.5, 2.0, 0, list.size()
3, 3811, -0.5, 1.0, -2.5, 2.5, 0, list.size()
3, 3812, -0.5, 1.0, -2.5, 3.0, 0, list.size()
3, 3813, -0.5, 1.0, -2.5, 3.5, 0, list.size()
3, 3814, -0.5, 1.0, -2.5, 4.0, 0, list.size()
3, 3815, -0.5, 1.0, -2.5, 4.5, 0, list.size()
3, 3816, -0.5, 1.0, -2.5, 5.0, 0, list.size()
3, 3817, -0.5, 1.0, -2.0, 0.0, 0, list.size()
3, 3818, -0.5, 1.0, -2.0, 0.5, 0, list.size()
3, 3819, -0.5, 1.0, -2.0, 1.0, 0, list.size()
3, 3820, -0.5, 1.0, -2.0, 1.5, 0, list.size()
3, 3821, -0.5, 1.0, -2.0, 2.0, 0, list.size()
3, 3822, -0.5, 1.0, -2.0, 2.5, 0, list.size()
3, 3823, -0.5, 1.0, -2.0, 3.0, 0, list.size()
3, 3824, -0.5, 1.0, -2.0, 3.5, 0, list.size()
3, 3825, -0.5, 1.0, -2.0, 4.0, 0, list.size()
3, 3826, -0.5, 1.0, -2.0, 4.5, 0, list.size()
3, 3827, -0.5, 1.0, -2.0, 5.0, 0, list.size()
3, 3828, -0.5, 1.0, -1.5, 0.0, 0, list.size()
3, 3829, -0.5, 1.0, -1.5, 0.5, 0, list.size()
3, 3830, -0.5, 1.0, -1.5, 1.0, 0, list.size()
3, 3831, -0.5, 1.0, -1.5, 1.5, 0, list.size()
3, 3832, -0.5, 1.0, -1.5, 2.0, 0, list.size()
3, 3833, -0.5, 1.0, -1.5, 2.5, 0, list.size()
3, 3834, -0.5, 1.0, -1.5, 3.0, 0, list.size()
3, 3835, -0.5, 1.0, -1.5, 3.5, 0, list.size()
3, 3836, -0.5, 1.0, -1.5, 4.0, 0, list.size()
3, 3837, -0.5, 1.0, -1.5, 4.5, 0, list.size()
3, 3838, -0.5, 1.0, -1.5, 5.0, 0, list.size()
3, 3839, -0.5, 1.0, -1.0, 0.0, 0, list.size()
3, 3840, -0.5, 1.0, -1.0, 0.5, 0, list.size()
3, 3841, -0.5, 1.0, -1.0, 1.0, 0, list.size()
3, 3842, -0.5, 1.0, -1.0, 1.5, 0, list.size()
3, 3843, -0.5, 1.0, -1.0, 2.0, 0, list.size()
3, 3844, -0.5, 1.0, -1.0, 2.5, 0, list.size()
3, 3845, -0.5, 1.0, -1.0, 3.0, 0, list.size()
3, 3846, -0.5, 1.0, -1.0, 3.5, 0, list.size()
3, 3847, -0.5, 1.0, -1.0, 4.0, 0, list.size()
3, 3848, -0.5, 1.0, -1.0, 4.5, 0, list.size()
3, 3849, -0.5, 1.0, -1.0, 5.0, 0, list.size()
3, 3850, -0.5, 1.0, -0.5, 0.0, 0, list.size()
3, 3851, -0.5, 1.0, -0.5, 0.5, 0, list.size()
3, 3852, -0.5, 1.0, -0.5, 1.0, 0, list.size()
3, 3853, -0.5, 1.0, -0.5, 1.5, 0, list.size()
3, 3854, -0.5, 1.0, -0.5, 2.0, 0, list.size()
3, 3855, -0.5, 1.0, -0.5, 2.5, 0, list.size()
3, 3856, -0.5, 1.0, -0.5, 3.0, 0, list.size()
3, 3857, -0.5, 1.0, -0.5, 3.5, 20, new Task03().trimSize(list)
3, 3858, -0.5, 1.0, -0.5, 4.0, 20, new Task03().trimSize(list)
3, 3859, -0.5, 1.0, -0.5, 4.5, 20, new Task03().trimSize(list)
3, 3860, -0.5, 1.0, -0.5, 5.0, 20, new Task03().trimSize(list)
3, 3861, -0.5, 1.0, 0.0, 0.0, 5, size()
3, 3862, -0.5, 1.0, 0.0, 0.5, 0, list.size()
3, 3863, -0.5, 1.0, 0.0, 1.0, 20, new Task03().trimSize(list)
3, 3864, -0.5, 1.0, 0.0, 1.5, 20, new Task03().trimSize(list)
3, 3865, -0.5, 1.0, 0.0, 2.0, 64, noMoreThan.insert(noMoreThan, noMoreThan).append(list.contains(trimSize()))
3, 3866, -0.5, 1.0, 0.0, 2.5, 64, noMoreThan.insert(noMoreThan, noMoreThan).append(list.contains(trimSize()))
3, 3867, -0.5, 1.0, 0.0, 3.0, 64, noMoreThan.insert(noMoreThan, noMoreThan).append(list.contains(trimSize()))
3, 3868, -0.5, 1.0, 0.0, 3.5, 75, list.add(System.arraycopy(trimSize(), noMoreThan, trimSize(), noMoreThan, noMoreThan))
3, 3869, -0.5, 1.0, 0.0, 4.0, 75, list.add(System.arraycopy(trimSize(), noMoreThan, trimSize(), noMoreThan, noMoreThan))
3, 3870, -0.5, 1.0, 0.0, 4.5, 75, list.add(System.arraycopy(trimSize(), noMoreThan, trimSize(), noMoreThan, noMoreThan))
3, 3871, -0.5, 1.0, 0.0, 5.0, 75, list.add(System.arraycopy(trimSize(), noMoreThan, trimSize(), noMoreThan, noMoreThan))
3, 3872, 0.0, 1.0, -5.0, 0.0, 0, list.size()
3, 3873, 0.0, 1.0, -5.0, 0.5, 0, list.size()
3, 3874, 0.0, 1.0, -5.0, 1.0, 0, list.size()
3, 3875, 0.0, 1.0, -5.0, 1.5, 0, list.size()
3, 3876, 0.0, 1.0, -5.0, 2.0, 0, list.size()
3, 3877, 0.0, 1.0, -5.0, 2.5, 0, list.size()
3, 3878, 0.0, 1.0, -5.0, 3.0, 0, list.size()
3, 3879, 0.0, 1.0, -5.0, 3.5, 0, list.size()
3, 3880, 0.0, 1.0, -5.0, 4.0, 0, list.size()
3, 3881, 0.0, 1.0, -5.0, 4.5, 0, list.size()
3, 3882, 0.0, 1.0, -5.0, 5.0, 0, list.size()
3, 3883, 0.0, 1.0, -4.5, 0.0, 0, list.size()
3, 3884, 0.0, 1.0, -4.5, 0.5, 0, list.size()
3, 3885, 0.0, 1.0, -4.5, 1.0, 0, list.size()
3, 3886, 0.0, 1.0, -4.5, 1.5, 0, list.size()
3, 3887, 0.0, 1.0, -4.5, 2.0, 0, list.size()
3, 3888, 0.0, 1.0, -4.5, 2.5, 0, list.size()
3, 3889, 0.0, 1.0, -4.5, 3.0, 0, list.size()
3, 3890, 0.0, 1.0, -4.5, 3.5, 0, list.size()
3, 3891, 0.0, 1.0, -4.5, 4.0, 0, list.size()
3, 3892, 0.0, 1.0, -4.5, 4.5, 0, list.size()
3, 3893, 0.0, 1.0, -4.5, 5.0, 0, list.size()
3, 3894, 0.0, 1.0, -4.0, 0.0, 0, list.size()
3, 3895, 0.0, 1.0, -4.0, 0.5, 0, list.size()
3, 3896, 0.0, 1.0, -4.0, 1.0, 0, list.size()
3, 3897, 0.0, 1.0, -4.0, 1.5, 0, list.size()
3, 3898, 0.0, 1.0, -4.0, 2.0, 0, list.size()
3, 3899, 0.0, 1.0, -4.0, 2.5, 0, list.size()
3, 3900, 0.0, 1.0, -4.0, 3.0, 0, list.size()
3, 3901, 0.0, 1.0, -4.0, 3.5, 0, list.size()
3, 3902, 0.0, 1.0, -4.0, 4.0, 0, list.size()
3, 3903, 0.0, 1.0, -4.0, 4.5, 0, list.size()
3, 3904, 0.0, 1.0, -4.0, 5.0, 0, list.size()
3, 3905, 0.0, 1.0, -3.5, 0.0, 0, list.size()
3, 3906, 0.0, 1.0, -3.5, 0.5, 0, list.size()
3, 3907, 0.0, 1.0, -3.5, 1.0, 0, list.size()
3, 3908, 0.0, 1.0, -3.5, 1.5, 0, list.size()
3, 3909, 0.0, 1.0, -3.5, 2.0, 0, list.size()
3, 3910, 0.0, 1.0, -3.5, 2.5, 0, list.size()
3, 3911, 0.0, 1.0, -3.5, 3.0, 0, list.size()
3, 3912, 0.0, 1.0, -3.5, 3.5, 0, list.size()
3, 3913, 0.0, 1.0, -3.5, 4.0, 0, list.size()
3, 3914, 0.0, 1.0, -3.5, 4.5, 0, list.size()
3, 3915, 0.0, 1.0, -3.5, 5.0, 0, list.size()
3, 3916, 0.0, 1.0, -3.0, 0.0, 0, list.size()
3, 3917, 0.0, 1.0, -3.0, 0.5, 0, list.size()
3, 3918, 0.0, 1.0, -3.0, 1.0, 0, list.size()
3, 3919, 0.0, 1.0, -3.0, 1.5, 0, list.size()
3, 3920, 0.0, 1.0, -3.0, 2.0, 0, list.size()
3, 3921, 0.0, 1.0, -3.0, 2.5, 0, list.size()
3, 3922, 0.0, 1.0, -3.0, 3.0, 0, list.size()
3, 3923, 0.0, 1.0, -3.0, 3.5, 0, list.size()
3, 3924, 0.0, 1.0, -3.0, 4.0, 0, list.size()
3, 3925, 0.0, 1.0, -3.0, 4.5, 0, list.size()
3, 3926, 0.0, 1.0, -3.0, 5.0, 0, list.size()
3, 3927, 0.0, 1.0, -2.5, 0.0, 0, list.size()
3, 3928, 0.0, 1.0, -2.5, 0.5, 0, list.size()
3, 3929, 0.0, 1.0, -2.5, 1.0, 0, list.size()
3, 3930, 0.0, 1.0, -2.5, 1.5, 0, list.size()
3, 3931, 0.0, 1.0, -2.5, 2.0, 0, list.size()
3, 3932, 0.0, 1.0, -2.5, 2.5, 0, list.size()
3, 3933, 0.0, 1.0, -2.5, 3.0, 0, list.size()
3, 3934, 0.0, 1.0, -2.5, 3.5, 0, list.size()
3, 3935, 0.0, 1.0, -2.5, 4.0, 0, list.size()
3, 3936, 0.0, 1.0, -2.5, 4.5, 0, list.size()
3, 3937, 0.0, 1.0, -2.5, 5.0, 0, list.size()
3, 3938, 0.0, 1.0, -2.0, 0.0, 0, list.size()
3, 3939, 0.0, 1.0, -2.0, 0.5, 0, list.size()
3, 3940, 0.0, 1.0, -2.0, 1.0, 0, list.size()
3, 3941, 0.0, 1.0, -2.0, 1.5, 0, list.size()
3, 3942, 0.0, 1.0, -2.0, 2.0, 0, list.size()
3, 3943, 0.0, 1.0, -2.0, 2.5, 0, list.size()
3, 3944, 0.0, 1.0, -2.0, 3.0, 0, list.size()
3, 3945, 0.0, 1.0, -2.0, 3.5, 0, list.size()
3, 3946, 0.0, 1.0, -2.0, 4.0, 0, list.size()
3, 3947, 0.0, 1.0, -2.0, 4.5, 0, list.size()
3, 3948, 0.0, 1.0, -2.0, 5.0, 0, list.size()
3, 3949, 0.0, 1.0, -1.5, 0.0, 0, list.size()
3, 3950, 0.0, 1.0, -1.5, 0.5, 0, list.size()
3, 3951, 0.0, 1.0, -1.5, 1.0, 0, list.size()
3, 3952, 0.0, 1.0, -1.5, 1.5, 0, list.size()
3, 3953, 0.0, 1.0, -1.5, 2.0, 0, list.size()
3, 3954, 0.0, 1.0, -1.5, 2.5, 0, list.size()
3, 3955, 0.0, 1.0, -1.5, 3.0, 0, list.size()
3, 3956, 0.0, 1.0, -1.5, 3.5, 0, list.size()
3, 3957, 0.0, 1.0, -1.5, 4.0, 0, list.size()
3, 3958, 0.0, 1.0, -1.5, 4.5, 0, list.size()
3, 3959, 0.0, 1.0, -1.5, 5.0, 0, list.size()
3, 3960, 0.0, 1.0, -1.0, 0.0, 0, list.size()
3, 3961, 0.0, 1.0, -1.0, 0.5, 0, list.size()
3, 3962, 0.0, 1.0, -1.0, 1.0, 0, list.size()
3, 3963, 0.0, 1.0, -1.0, 1.5, 0, list.size()
3, 3964, 0.0, 1.0, -1.0, 2.0, 0, list.size()
3, 3965, 0.0, 1.0, -1.0, 2.5, 0, list.size()
3, 3966, 0.0, 1.0, -1.0, 3.0, 0, list.size()
3, 3967, 0.0, 1.0, -1.0, 3.5, 0, list.size()
3, 3968, 0.0, 1.0, -1.0, 4.0, 0, list.size()
3, 3969, 0.0, 1.0, -1.0, 4.5, 0, list.size()
3, 3970, 0.0, 1.0, -1.0, 5.0, 20, new Task03().trimSize(list)
3, 3971, 0.0, 1.0, -0.5, 0.0, 0, list.size()
3, 3972, 0.0, 1.0, -0.5, 0.5, 0, list.size()
3, 3973, 0.0, 1.0, -0.5, 1.0, 0, list.size()
3, 3974, 0.0, 1.0, -0.5, 1.5, 0, list.size()
3, 3975, 0.0, 1.0, -0.5, 2.0, 0, list.size()
3, 3976, 0.0, 1.0, -0.5, 2.5, 0, list.size()
3, 3977, 0.0, 1.0, -0.5, 3.0, 20, new Task03().trimSize(list)
3, 3978, 0.0, 1.0, -0.5, 3.5, 20, new Task03().trimSize(list)
3, 3979, 0.0, 1.0, -0.5, 4.0, 20, new Task03().trimSize(list)
3, 3980, 0.0, 1.0, -0.5, 4.5, 20, new Task03().trimSize(list)
3, 3981, 0.0, 1.0, -0.5, 5.0, 51, list.contains(trimSize()).compareTo(list.contains(trimSize()))
3, 3982, 0.0, 1.0, 0.0, 0.0, 6, subList().size()
3, 3983, 0.0, 1.0, 0.0, 0.5, 20, new Task03().trimSize(list)
3, 3984, 0.0, 1.0, 0.0, 1.0, 64, noMoreThan.insert(noMoreThan, noMoreThan).append(list.contains(trimSize()))
3, 3985, 0.0, 1.0, 0.0, 1.5, 64, noMoreThan.insert(noMoreThan, noMoreThan).append(list.contains(trimSize()))
3, 3986, 0.0, 1.0, 0.0, 2.0, 64, noMoreThan.insert(noMoreThan, noMoreThan).append(list.contains(trimSize()))
3, 3987, 0.0, 1.0, 0.0, 2.5, 75, list.add(System.arraycopy(trimSize(), noMoreThan, trimSize(), noMoreThan, noMoreThan))
3, 3988, 0.0, 1.0, 0.0, 3.0, 75, list.add(System.arraycopy(trimSize(), noMoreThan, trimSize(), noMoreThan, noMoreThan))
3, 3989, 0.0, 1.0, 0.0, 3.5, 75, list.add(System.arraycopy(trimSize(), noMoreThan, trimSize(), noMoreThan, noMoreThan))
3, 3990, 0.0, 1.0, 0.0, 4.0, 75, list.add(System.arraycopy(trimSize(), noMoreThan, trimSize(), noMoreThan, noMoreThan))
3, 3991, 0.0, 1.0, 0.0, 4.5, 75, list.add(System.arraycopy(trimSize(), noMoreThan, trimSize(), noMoreThan, noMoreThan))
3, 3992, 0.0, 1.0, 0.0, 5.0, 75, list.add(System.arraycopy(trimSize(), noMoreThan, trimSize(), noMoreThan, noMoreThan))
