4, 2662, -5.0, 1.0, -5.0, 0.0, 11, 0, contains(), -4.0
4, 2663, -5.0, 1.0, -5.0, 0.5, 11, 0, contains(), -4.0
4, 2664, -5.0, 1.0, -5.0, 1.0, 11, 0, contains(), -4.0
4, 2665, -5.0, 1.0, -5.0, 1.5, 11, 0, contains(), -4.0
4, 2666, -5.0, 1.0, -5.0, 2.0, 11, 0, contains(), -4.0
4, 2667, -5.0, 1.0, -5.0, 2.5, 11, 0, contains(), -4.0
4, 2668, -5.0, 1.0, -5.0, 3.0, 11, 0, contains(), -4.0
4, 2669, -5.0, 1.0, -5.0, 3.5, 11, 0, contains(), -4.0
4, 2670, -5.0, 1.0, -5.0, 4.0, 11, 0, contains(), -4.0
4, 2671, -5.0, 1.0, -5.0, 4.5, 9, 0, food.contains(), -3.5
4, 2672, -5.0, 1.0, -5.0, 5.0, 9, 0, food.contains(), -3.0
4, 2673, -5.0, 1.0, -4.5, 0.0, 11, 0, contains(), -4.0
4, 2674, -5.0, 1.0, -4.5, 0.5, 11, 0, contains(), -4.0
4, 2675, -5.0, 1.0, -4.5, 1.0, 11, 0, contains(), -4.0
4, 2676, -5.0, 1.0, -4.5, 1.5, 11, 0, contains(), -4.0
4, 2677, -5.0, 1.0, -4.5, 2.0, 11, 0, contains(), -4.0
4, 2678, -5.0, 1.0, -4.5, 2.5, 11, 0, contains(), -4.0
4, 2679, -5.0, 1.0, -4.5, 3.0, 11, 0, contains(), -4.0
4, 2680, -5.0, 1.0, -4.5, 3.5, 11, 0, contains(), -4.0
4, 2681, -5.0, 1.0, -4.5, 4.0, 11, 0, contains(), -4.0
4, 2682, -5.0, 1.0, -4.5, 4.5, 9, 0, food.contains(), -3.5
4, 2683, -5.0, 1.0, -4.5, 5.0, 9, 0, food.contains(), -3.0
4, 2684, -5.0, 1.0, -4.0, 0.0, 11, 0, contains(), -4.0
4, 2685, -5.0, 1.0, -4.0, 0.5, 11, 0, contains(), -4.0
4, 2686, -5.0, 1.0, -4.0, 1.0, 11, 0, contains(), -4.0
4, 2687, -5.0, 1.0, -4.0, 1.5, 11, 0, contains(), -4.0
4, 2688, -5.0, 1.0, -4.0, 2.0, 11, 0, contains(), -4.0
4, 2689, -5.0, 1.0, -4.0, 2.5, 11, 0, contains(), -4.0
4, 2690, -5.0, 1.0, -4.0, 3.0, 11, 0, contains(), -4.0
4, 2691, -5.0, 1.0, -4.0, 3.5, 11, 0, contains(), -4.0
4, 2692, -5.0, 1.0, -4.0, 4.0, 11, 0, contains(), -4.0
4, 2693, -5.0, 1.0, -4.0, 4.5, 9, 0, food.contains(), -3.5
4, 2694, -5.0, 1.0, -4.0, 5.0, 9, 0, food.contains(), -3.0
4, 2695, -5.0, 1.0, -3.5, 0.0, 11, 0, contains(), -4.0
4, 2696, -5.0, 1.0, -3.5, 0.5, 11, 0, contains(), -4.0
4, 2697, -5.0, 1.0, -3.5, 1.0, 11, 0, contains(), -4.0
4, 2698, -5.0, 1.0, -3.5, 1.5, 11, 0, contains(), -4.0
4, 2699, -5.0, 1.0, -3.5, 2.0, 11, 0, contains(), -4.0
4, 2700, -5.0, 1.0, -3.5, 2.5, 11, 0, contains(), -4.0
4, 2701, -5.0, 1.0, -3.5, 3.0, 11, 0, contains(), -4.0
4, 2702, -5.0, 1.0, -3.5, 3.5, 11, 0, contains(), -4.0
4, 2703, -5.0, 1.0, -3.5, 4.0, 11, 0, contains(), -4.0
4, 2704, -5.0, 1.0, -3.5, 4.5, 9, 0, food.contains(), -3.5
4, 2705, -5.0, 1.0, -3.5, 5.0, 9, 0, food.contains(), -3.0
4, 2706, -5.0, 1.0, -3.0, 0.0, 11, 0, contains(), -4.0
4, 2707, -5.0, 1.0, -3.0, 0.5, 11, 0, contains(), -4.0
4, 2708, -5.0, 1.0, -3.0, 1.0, 11, 0, contains(), -4.0
4, 2709, -5.0, 1.0, -3.0, 1.5, 11, 0, contains(), -4.0
4, 2710, -5.0, 1.0, -3.0, 2.0, 11, 0, contains(), -4.0
4, 2711, -5.0, 1.0, -3.0, 2.5, 11, 0, contains(), -4.0
4, 2712, -5.0, 1.0, -3.0, 3.0, 11, 0, contains(), -4.0
4, 2713, -5.0, 1.0, -3.0, 3.5, 11, 0, contains(), -4.0
4, 2714, -5.0, 1.0, -3.0, 4.0, 11, 0, contains(), -4.0
4, 2715, -5.0, 1.0, -3.0, 4.5, 9, 0, food.contains(), -3.5
4, 2716, -5.0, 1.0, -3.0, 5.0, 9, 0, food.contains(), -3.0
4, 2717, -5.0, 1.0, -2.5, 0.0, 11, 0, contains(), -4.0
4, 2718, -5.0, 1.0, -2.5, 0.5, 11, 0, contains(), -4.0
4, 2719, -5.0, 1.0, -2.5, 1.0, 11, 0, contains(), -4.0
4, 2720, -5.0, 1.0, -2.5, 1.5, 11, 0, contains(), -4.0
4, 2721, -5.0, 1.0, -2.5, 2.0, 11, 0, contains(), -4.0
4, 2722, -5.0, 1.0, -2.5, 2.5, 11, 0, contains(), -4.0
4, 2723, -5.0, 1.0, -2.5, 3.0, 11, 0, contains(), -4.0
4, 2724, -5.0, 1.0, -2.5, 3.5, 11, 0, contains(), -4.0
4, 2725, -5.0, 1.0, -2.5, 4.0, 11, 0, contains(), -4.0
4, 2726, -5.0, 1.0, -2.5, 4.5, 9, 0, food.contains(), -3.5
4, 2727, -5.0, 1.0, -2.5, 5.0, 9, 0, food.contains(), -3.0
4, 2728, -5.0, 1.0, -2.0, 0.0, 11, 0, contains(), -4.0
4, 2729, -5.0, 1.0, -2.0, 0.5, 11, 0, contains(), -4.0
4, 2730, -5.0, 1.0, -2.0, 1.0, 11, 0, contains(), -4.0
4, 2731, -5.0, 1.0, -2.0, 1.5, 11, 0, contains(), -4.0
4, 2732, -5.0, 1.0, -2.0, 2.0, 11, 0, contains(), -4.0
4, 2733, -5.0, 1.0, -2.0, 2.5, 11, 0, contains(), -4.0
4, 2734, -5.0, 1.0, -2.0, 3.0, 11, 0, contains(), -4.0
4, 2735, -5.0, 1.0, -2.0, 3.5, 11, 0, contains(), -4.0
4, 2736, -5.0, 1.0, -2.0, 4.0, 11, 0, contains(), -4.0
4, 2737, -5.0, 1.0, -2.0, 4.5, 9, 0, food.contains(), -3.5
4, 2738, -5.0, 1.0, -2.0, 5.0, 9, 1, food.contains(), -3.0
4, 2739, -5.0, 1.0, -1.5, 0.0, 11, 0, contains(), -4.0
4, 2740, -5.0, 1.0, -1.5, 0.5, 11, 0, contains(), -4.0
4, 2741, -5.0, 1.0, -1.5, 1.0, 11, 0, contains(), -4.0
4, 2742, -5.0, 1.0, -1.5, 1.5, 11, 0, contains(), -4.0
4, 2743, -5.0, 1.0, -1.5, 2.0, 11, 0, contains(), -4.0
4, 2744, -5.0, 1.0, -1.5, 2.5, 11, 0, contains(), -4.0
4, 2745, -5.0, 1.0, -1.5, 3.0, 11, 0, contains(), -4.0
4, 2746, -5.0, 1.0, -1.5, 3.5, 11, 0, contains(), -4.0
4, 2747, -5.0, 1.0, -1.5, 4.0, 11, 0, contains(), -4.0
4, 2748, -5.0, 1.0, -1.5, 4.5, 9, 1, food.contains(), -3.5
4, 2749, -5.0, 1.0, -1.5, 5.0, 9, 1, food.contains(), -3.0
4, 2750, -5.0, 1.0, -1.0, 0.0, 11, 0, contains(), -4.0
4, 2751, -5.0, 1.0, -1.0, 0.5, 11, 0, contains(), -4.0
4, 2752, -5.0, 1.0, -1.0, 1.0, 11, 0, contains(), -4.0
4, 2753, -5.0, 1.0, -1.0, 1.5, 11, 0, contains(), -4.0
4, 2754, -5.0, 1.0, -1.0, 2.0, 11, 0, contains(), -4.0
4, 2755, -5.0, 1.0, -1.0, 2.5, 11, 0, contains(), -4.0
4, 2756, -5.0, 1.0, -1.0, 3.0, 11, 0, contains(), -4.0
4, 2757, -5.0, 1.0, -1.0, 3.5, 11, 1, contains(), -4.0
4, 2758, -5.0, 1.0, -1.0, 4.0, 11, 1, contains(), -4.0
4, 2759, -5.0, 1.0, -1.0, 4.5, 9, 1, food.contains(), -3.5
4, 2760, -5.0, 1.0, -1.0, 5.0, 9, 1, food.contains(), -3.0
4, 2761, -5.0, 1.0, -0.5, 0.0, 11, 0, contains(), -4.0
4, 2762, -5.0, 1.0, -0.5, 0.5, 11, 0, contains(), -4.0
4, 2763, -5.0, 1.0, -0.5, 1.0, 11, 0, contains(), -4.0
4, 2764, -5.0, 1.0, -0.5, 1.5, 11, 0, contains(), -4.0
4, 2765, -5.0, 1.0, -0.5, 2.0, 11, 0, contains(), -4.0
4, 2766, -5.0, 1.0, -0.5, 2.5, 11, 1, contains(), -4.0
4, 2767, -5.0, 1.0, -0.5, 3.0, 11, 1, contains(), -4.0
4, 2768, -5.0, 1.0, -0.5, 3.5, 11, 1, contains(), -4.0
4, 2769, -5.0, 1.0, -0.5, 4.0, 11, 1, contains(), -4.0
4, 2770, -5.0, 1.0, -0.5, 4.5, 9, 1, food.contains(), -3.5
4, 2771, -5.0, 1.0, -0.5, 5.0, 9, 1, food.contains(), -3.0
4, 2772, -5.0, 1.0, 0.0, 0.0, 11, 2, contains(), -4.0
4, 2773, -5.0, 1.0, 0.0, 0.5, 11, 2, contains(), -4.0
4, 2774, -5.0, 1.0, 0.0, 1.0, 11, 2, contains(), -4.0
4, 2775, -5.0, 1.0, 0.0, 1.5, 11, 3, contains(), -4.0
4, 2776, -5.0, 1.0, 0.0, 2.0, 11, 3, contains(), -4.0
4, 2777, -5.0, 1.0, 0.0, 2.5, 11, 3, contains(), -4.0
4, 2778, -5.0, 1.0, 0.0, 3.0, 11, 3, contains(), -4.0
4, 2779, -5.0, 1.0, 0.0, 3.5, 11, 3, contains(), -4.0
4, 2780, -5.0, 1.0, 0.0, 4.0, 11, 3, contains(), -4.0
4, 2781, -5.0, 1.0, 0.0, 4.5, 9, 2, food.contains(), -3.5
4, 2782, -5.0, 1.0, 0.0, 5.0, 9, 2, food.contains(), -3.0
4, 2783, -4.5, 1.0, -5.0, 0.0, 11, 0, contains(), -3.5
4, 2784, -4.5, 1.0, -5.0, 0.5, 11, 0, contains(), -3.5
4, 2785, -4.5, 1.0, -5.0, 1.0, 11, 0, contains(), -3.5
4, 2786, -4.5, 1.0, -5.0, 1.5, 11, 0, contains(), -3.5
4, 2787, -4.5, 1.0, -5.0, 2.0, 11, 0, contains(), -3.5
4, 2788, -4.5, 1.0, -5.0, 2.5, 11, 0, contains(), -3.5
4, 2789, -4.5, 1.0, -5.0, 3.0, 11, 0, contains(), -3.5
4, 2790, -4.5, 1.0, -5.0, 3.5, 11, 0, contains(), -3.5
4, 2791, -4.5, 1.0, -5.0, 4.0, 9, 0, food.contains(), -3.0
4, 2792, -4.5, 1.0, -5.0, 4.5, 9, 0, food.contains(), -2.5
4, 2793, -4.5, 1.0, -5.0, 5.0, 9, 0, food.contains(), -2.0
4, 2794, -4.5, 1.0, -4.5, 0.0, 11, 0, contains(), -3.5
4, 2795, -4.5, 1.0, -4.5, 0.5, 11, 0, contains(), -3.5
4, 2796, -4.5, 1.0, -4.5, 1.0, 11, 0, contains(), -3.5
4, 2797, -4.5, 1.0, -4.5, 1.5, 11, 0, contains(), -3.5
4, 2798, -4.5, 1.0, -4.5, 2.0, 11, 0, contains(), -3.5
4, 2799, -4.5, 1.0, -4.5, 2.5, 11, 0, contains(), -3.5
4, 2800, -4.5, 1.0, -4.5, 3.0, 11, 0, contains(), -3.5
4, 2801, -4.5, 1.0, -4.5, 3.5, 11, 0, contains(), -3.5
4, 2802, -4.5, 1.0, -4.5, 4.0, 9, 0, food.contains(), -3.0
4, 2803, -4.5, 1.0, -4.5, 4.5, 9, 0, food.contains(), -2.5
4, 2804, -4.5, 1.0, -4.5, 5.0, 9, 0, food.contains(), -2.0
4, 2805, -4.5, 1.0, -4.0, 0.0, 11, 0, contains(), -3.5
4, 2806, -4.5, 1.0, -4.0, 0.5, 11, 0, contains(), -3.5
4, 2807, -4.5, 1.0, -4.0, 1.0, 11, 0, contains(), -3.5
4, 2808, -4.5, 1.0, -4.0, 1.5, 11, 0, contains(), -3.5
4, 2809, -4.5, 1.0, -4.0, 2.0, 11, 0, contains(), -3.5
4, 2810, -4.5, 1.0, -4.0, 2.5, 11, 0, contains(), -3.5
4, 2811, -4.5, 1.0, -4.0, 3.0, 11, 0, contains(), -3.5
4, 2812, -4.5, 1.0, -4.0, 3.5, 11, 0, contains(), -3.5
4, 2813, -4.5, 1.0, -4.0, 4.0, 9, 0, food.contains(), -3.0
4, 2814, -4.5, 1.0, -4.0, 4.5, 9, 0, food.contains(), -2.5
4, 2815, -4.5, 1.0, -4.0, 5.0, 9, 0, food.contains(), -2.0
4, 2816, -4.5, 1.0, -3.5, 0.0, 11, 0, contains(), -3.5
4, 2817, -4.5, 1.0, -3.5, 0.5, 11, 0, contains(), -3.5
4, 2818, -4.5, 1.0, -3.5, 1.0, 11, 0, contains(), -3.5
4, 2819, -4.5, 1.0, -3.5, 1.5, 11, 0, contains(), -3.5
4, 2820, -4.5, 1.0, -3.5, 2.0, 11, 0, contains(), -3.5
4, 2821, -4.5, 1.0, -3.5, 2.5, 11, 0, contains(), -3.5
4, 2822, -4.5, 1.0, -3.5, 3.0, 11, 0, contains(), -3.5
4, 2823, -4.5, 1.0, -3.5, 3.5, 11, 0, contains(), -3.5
4, 2824, -4.5, 1.0, -3.5, 4.0, 9, 0, food.contains(), -3.0
4, 2825, -4.5, 1.0, -3.5, 4.5, 9, 0, food.contains(), -2.5
4, 2826, -4.5, 1.0, -3.5, 5.0, 9, 0, food.contains(), -2.0
4, 2827, -4.5, 1.0, -3.0, 0.0, 11, 0, contains(), -3.5
4, 2828, -4.5, 1.0, -3.0, 0.5, 11, 0, contains(), -3.5
4, 2829, -4.5, 1.0, -3.0, 1.0, 11, 0, contains(), -3.5
4, 2830, -4.5, 1.0, -3.0, 1.5, 11, 0, contains(), -3.5
4, 2831, -4.5, 1.0, -3.0, 2.0, 11, 0, contains(), -3.5
4, 2832, -4.5, 1.0, -3.0, 2.5, 11, 0, contains(), -3.5
4, 2833, -4.5, 1.0, -3.0, 3.0, 11, 0, contains(), -3.5
4, 2834, -4.5, 1.0, -3.0, 3.5, 11, 0, contains(), -3.5
4, 2835, -4.5, 1.0, -3.0, 4.0, 9, 0, food.contains(), -3.0
4, 2836, -4.5, 1.0, -3.0, 4.5, 9, 0, food.contains(), -2.5
4, 2837, -4.5, 1.0, -3.0, 5.0, 9, 0, food.contains(), -2.0
4, 2838, -4.5, 1.0, -2.5, 0.0, 11, 0, contains(), -3.5
4, 2839, -4.5, 1.0, -2.5, 0.5, 11, 0, contains(), -3.5
4, 2840, -4.5, 1.0, -2.5, 1.0, 11, 0, contains(), -3.5
4, 2841, -4.5, 1.0, -2.5, 1.5, 11, 0, contains(), -3.5
4, 2842, -4.5, 1.0, -2.5, 2.0, 11, 0, contains(), -3.5
4, 2843, -4.5, 1.0, -2.5, 2.5, 11, 0, contains(), -3.5
4, 2844, -4.5, 1.0, -2.5, 3.0, 11, 0, contains(), -3.5
4, 2845, -4.5, 1.0, -2.5, 3.5, 11, 0, contains(), -3.5
4, 2846, -4.5, 1.0, -2.5, 4.0, 9, 0, food.contains(), -3.0
4, 2847, -4.5, 1.0, -2.5, 4.5, 9, 0, food.contains(), -2.5
4, 2848, -4.5, 1.0, -2.5, 5.0, 9, 0, food.contains(), -2.0
4, 2849, -4.5, 1.0, -2.0, 0.0, 11, 0, contains(), -3.5
4, 2850, -4.5, 1.0, -2.0, 0.5, 11, 0, contains(), -3.5
4, 2851, -4.5, 1.0, -2.0, 1.0, 11, 0, contains(), -3.5
4, 2852, -4.5, 1.0, -2.0, 1.5, 11, 0, contains(), -3.5
4, 2853, -4.5, 1.0, -2.0, 2.0, 11, 0, contains(), -3.5
4, 2854, -4.5, 1.0, -2.0, 2.5, 11, 0, contains(), -3.5
4, 2855, -4.5, 1.0, -2.0, 3.0, 11, 0, contains(), -3.5
4, 2856, -4.5, 1.0, -2.0, 3.5, 11, 0, contains(), -3.5
4, 2857, -4.5, 1.0, -2.0, 4.0, 9, 0, food.contains(), -3.0
4, 2858, -4.5, 1.0, -2.0, 4.5, 9, 0, food.contains(), -2.5
4, 2859, -4.5, 1.0, -2.0, 5.0, 9, 1, food.contains(), -2.0
4, 2860, -4.5, 1.0, -1.5, 0.0, 11, 0, contains(), -3.5
4, 2861, -4.5, 1.0, -1.5, 0.5, 11, 0, contains(), -3.5
4, 2862, -4.5, 1.0, -1.5, 1.0, 11, 0, contains(), -3.5
4, 2863, -4.5, 1.0, -1.5, 1.5, 11, 0, contains(), -3.5
4, 2864, -4.5, 1.0, -1.5, 2.0, 11, 0, contains(), -3.5
4, 2865, -4.5, 1.0, -1.5, 2.5, 11, 0, contains(), -3.5
4, 2866, -4.5, 1.0, -1.5, 3.0, 11, 0, contains(), -3.5
4, 2867, -4.5, 1.0, -1.5, 3.5, 11, 0, contains(), -3.5
4, 2868, -4.5, 1.0, -1.5, 4.0, 9, 1, food.contains(), -3.0
4, 2869, -4.5, 1.0, -1.5, 4.5, 9, 1, food.contains(), -2.5
4, 2870, -4.5, 1.0, -1.5, 5.0, 9, 1, food.contains(), -2.0
4, 2871, -4.5, 1.0, -1.0, 0.0, 11, 0, contains(), -3.5
4, 2872, -4.5, 1.0, -1.0, 0.5, 11, 0, contains(), -3.5
4, 2873, -4.5, 1.0, -1.0, 1.0, 11, 0, contains(), -3.5
4, 2874, -4.5, 1.0, -1.0, 1.5, 11, 0, contains(), -3.5
4, 2875, -4.5, 1.0, -1.0, 2.0, 11, 0, contains(), -3.5
4, 2876, -4.5, 1.0, -1.0, 2.5, 11, 0, contains(), -3.5
4, 2877, -4.5, 1.0, -1.0, 3.0, 11, 0, contains(), -3.5
4, 2878, -4.5, 1.0, -1.0, 3.5, 11, 1, contains(), -3.5
4, 2879, -4.5, 1.0, -1.0, 4.0, 9, 1, food.contains(), -3.0
4, 2880, -4.5, 1.0, -1.0, 4.5, 9, 1, food.contains(), -2.5
4, 2881, -4.5, 1.0, -1.0, 5.0, 9, 1, food.contains(), -2.0
4, 2882, -4.5, 1.0, -0.5, 0.0, 11, 0, contains(), -3.5
4, 2883, -4.5, 1.0, -0.5, 0.5, 11, 0, contains(), -3.5
4, 2884, -4.5, 1.0, -0.5, 1.0, 11, 0, contains(), -3.5
4, 2885, -4.5, 1.0, -0.5, 1.5, 11, 0, contains(), -3.5
4, 2886, -4.5, 1.0, -0.5, 2.0, 11, 0, contains(), -3.5
4, 2887, -4.5, 1.0, -0.5, 2.5, 11, 1, contains(), -3.5
4, 2888, -4.5, 1.0, -0.5, 3.0, 11, 1, contains(), -3.5
4, 2889, -4.5, 1.0, -0.5, 3.5, 11, 1, contains(), -3.5
4, 2890, -4.5, 1.0, -0.5, 4.0, 9, 1, food.contains(), -3.0
4, 2891, -4.5, 1.0, -0.5, 4.5, 9, 1, food.contains(), -2.5
4, 2892, -4.5, 1.0, -0.5, 5.0, 9, 1, food.contains(), -2.0
4, 2893, -4.5, 1.0, 0.0, 0.0, 11, 2, contains(), -3.5
4, 2894, -4.5, 1.0, 0.0, 0.5, 11, 2, contains(), -3.5
4, 2895, -4.5, 1.0, 0.0, 1.0, 11, 2, contains(), -3.5
4, 2896, -4.5, 1.0, 0.0, 1.5, 11, 3, contains(), -3.5
4, 2897, -4.5, 1.0, 0.0, 2.0, 11, 3, contains(), -3.5
4, 2898, -4.5, 1.0, 0.0, 2.5, 11, 3, contains(), -3.5
4, 2899, -4.5, 1.0, 0.0, 3.0, 11, 3, contains(), -3.5
4, 2900, -4.5, 1.0, 0.0, 3.5, 11, 3, contains(), -3.5
4, 2901, -4.5, 1.0, 0.0, 4.0, 9, 2, food.contains(), -3.0
4, 2902, -4.5, 1.0, 0.0, 4.5, 9, 2, food.contains(), -2.5
4, 2903, -4.5, 1.0, 0.0, 5.0, 9, 9, food.contains(), -2.0
4, 2904, -4.0, 1.0, -5.0, 0.0, 11, 0, contains(), -3.0
4, 2905, -4.0, 1.0, -5.0, 0.5, 11, 0, contains(), -3.0
4, 2906, -4.0, 1.0, -5.0, 1.0, 11, 0, contains(), -3.0
4, 2907, -4.0, 1.0, -5.0, 1.5, 11, 0, contains(), -3.0
4, 2908, -4.0, 1.0, -5.0, 2.0, 11, 0, contains(), -3.0
4, 2909, -4.0, 1.0, -5.0, 2.5, 11, 0, contains(), -3.0
4, 2910, -4.0, 1.0, -5.0, 3.0, 11, 0, contains(), -3.0
4, 2911, -4.0, 1.0, -5.0, 3.5, 9, 0, food.contains(), -2.5
4, 2912, -4.0, 1.0, -5.0, 4.0, 9, 0, food.contains(), -2.0
4, 2913, -4.0, 1.0, -5.0, 4.5, 9, 0, food.contains(), -1.5
4, 2914, -4.0, 1.0, -5.0, 5.0, 9, 0, food.contains(), -1.0
4, 2915, -4.0, 1.0, -4.5, 0.0, 11, 0, contains(), -3.0
4, 2916, -4.0, 1.0, -4.5, 0.5, 11, 0, contains(), -3.0
4, 2917, -4.0, 1.0, -4.5, 1.0, 11, 0, contains(), -3.0
4, 2918, -4.0, 1.0, -4.5, 1.5, 11, 0, contains(), -3.0
4, 2919, -4.0, 1.0, -4.5, 2.0, 11, 0, contains(), -3.0
4, 2920, -4.0, 1.0, -4.5, 2.5, 11, 0, contains(), -3.0
4, 2921, -4.0, 1.0, -4.5, 3.0, 11, 0, contains(), -3.0
4, 2922, -4.0, 1.0, -4.5, 3.5, 9, 0, food.contains(), -2.5
4, 2923, -4.0, 1.0, -4.5, 4.0, 9, 0, food.contains(), -2.0
4, 2924, -4.0, 1.0, -4.5, 4.5, 9, 0, food.contains(), -1.5
4, 2925, -4.0, 1.0, -4.5, 5.0, 9, 0, food.contains(), -1.0
4, 2926, -4.0, 1.0, -4.0, 0.0, 11, 0, contains(), -3.0
4, 2927, -4.0, 1.0, -4.0, 0.5, 11, 0, contains(), -3.0
4, 2928, -4.0, 1.0, -4.0, 1.0, 11, 0, contains(), -3.0
4, 2929, -4.0, 1.0, -4.0, 1.5, 11, 0, contains(), -3.0
4, 2930, -4.0, 1.0, -4.0, 2.0, 11, 0, contains(), -3.0
4, 2931, -4.0, 1.0, -4.0, 2.5, 11, 0, contains(), -3.0
4, 2932, -4.0, 1.0, -4.0, 3.0, 11, 0, contains(), -3.0
4, 2933, -4.0, 1.0, -4.0, 3.5, 9, 0, food.contains(), -2.5
4, 2934, -4.0, 1.0, -4.0, 4.0, 9, 0, food.contains(), -2.0
4, 2935, -4.0, 1.0, -4.0, 4.5, 9, 0, food.contains(), -1.5
4, 2936, -4.0, 1.0, -4.0, 5.0, 9, 0, food.contains(), -1.0
4, 2937, -4.0, 1.0, -3.5, 0.0, 11, 0, contains(), -3.0
4, 2938, -4.0, 1.0, -3.5, 0.5, 11, 0, contains(), -3.0
4, 2939, -4.0, 1.0, -3.5, 1.0, 11, 0, contains(), -3.0
4, 2940, -4.0, 1.0, -3.5, 1.5, 11, 0, contains(), -3.0
4, 2941, -4.0, 1.0, -3.5, 2.0, 11, 0, contains(), -3.0
4, 2942, -4.0, 1.0, -3.5, 2.5, 11, 0, contains(), -3.0
4, 2943, -4.0, 1.0, -3.5, 3.0, 11, 0, contains(), -3.0
4, 2944, -4.0, 1.0, -3.5, 3.5, 9, 0, food.contains(), -2.5
4, 2945, -4.0, 1.0, -3.5, 4.0, 9, 0, food.contains(), -2.0
4, 2946, -4.0, 1.0, -3.5, 4.5, 9, 0, food.contains(), -1.5
4, 2947, -4.0, 1.0, -3.5, 5.0, 9, 0, food.contains(), -1.0
4, 2948, -4.0, 1.0, -3.0, 0.0, 11, 0, contains(), -3.0
4, 2949, -4.0, 1.0, -3.0, 0.5, 11, 0, contains(), -3.0
4, 2950, -4.0, 1.0, -3.0, 1.0, 11, 0, contains(), -3.0
4, 2951, -4.0, 1.0, -3.0, 1.5, 11, 0, contains(), -3.0
4, 2952, -4.0, 1.0, -3.0, 2.0, 11, 0, contains(), -3.0
4, 2953, -4.0, 1.0, -3.0, 2.5, 11, 0, contains(), -3.0
4, 2954, -4.0, 1.0, -3.0, 3.0, 11, 0, contains(), -3.0
4, 2955, -4.0, 1.0, -3.0, 3.5, 9, 0, food.contains(), -2.5
4, 2956, -4.0, 1.0, -3.0, 4.0, 9, 0, food.contains(), -2.0
4, 2957, -4.0, 1.0, -3.0, 4.5, 9, 0, food.contains(), -1.5
4, 2958, -4.0, 1.0, -3.0, 5.0, 9, 0, food.contains(), -1.0
4, 2959, -4.0, 1.0, -2.5, 0.0, 11, 0, contains(), -3.0
4, 2960, -4.0, 1.0, -2.5, 0.5, 11, 0, contains(), -3.0
4, 2961, -4.0, 1.0, -2.5, 1.0, 11, 0, contains(), -3.0
4, 2962, -4.0, 1.0, -2.5, 1.5, 11, 0, contains(), -3.0
4, 2963, -4.0, 1.0, -2.5, 2.0, 11, 0, contains(), -3.0
4, 2964, -4.0, 1.0, -2.5, 2.5, 11, 0, contains(), -3.0
4, 2965, -4.0, 1.0, -2.5, 3.0, 11, 0, contains(), -3.0
4, 2966, -4.0, 1.0, -2.5, 3.5, 9, 0, food.contains(), -2.5
4, 2967, -4.0, 1.0, -2.5, 4.0, 9, 0, food.contains(), -2.0
4, 2968, -4.0, 1.0, -2.5, 4.5, 9, 0, food.contains(), -1.5
4, 2969, -4.0, 1.0, -2.5, 5.0, 9, 0, food.contains(), -1.0
4, 2970, -4.0, 1.0, -2.0, 0.0, 11, 0, contains(), -3.0
4, 2971, -4.0, 1.0, -2.0, 0.5, 11, 0, contains(), -3.0
4, 2972, -4.0, 1.0, -2.0, 1.0, 11, 0, contains(), -3.0
4, 2973, -4.0, 1.0, -2.0, 1.5, 11, 0, contains(), -3.0
4, 2974, -4.0, 1.0, -2.0, 2.0, 11, 0, contains(), -3.0
4, 2975, -4.0, 1.0, -2.0, 2.5, 11, 0, contains(), -3.0
4, 2976, -4.0, 1.0, -2.0, 3.0, 11, 0, contains(), -3.0
4, 2977, -4.0, 1.0, -2.0, 3.5, 9, 0, food.contains(), -2.5
4, 2978, -4.0, 1.0, -2.0, 4.0, 9, 0, food.contains(), -2.0
4, 2979, -4.0, 1.0, -2.0, 4.5, 9, 0, food.contains(), -1.5
4, 2980, -4.0, 1.0, -2.0, 5.0, 9, 1, food.contains(), -1.0
4, 2981, -4.0, 1.0, -1.5, 0.0, 11, 0, contains(), -3.0
4, 2982, -4.0, 1.0, -1.5, 0.5, 11, 0, contains(), -3.0
4, 2983, -4.0, 1.0, -1.5, 1.0, 11, 0, contains(), -3.0
4, 2984, -4.0, 1.0, -1.5, 1.5, 11, 0, contains(), -3.0
4, 2985, -4.0, 1.0, -1.5, 2.0, 11, 0, contains(), -3.0
4, 2986, -4.0, 1.0, -1.5, 2.5, 11, 0, contains(), -3.0
4, 2987, -4.0, 1.0, -1.5, 3.0, 11, 0, contains(), -3.0
4, 2988, -4.0, 1.0, -1.5, 3.5, 9, 0, food.contains(), -2.5
4, 2989, -4.0, 1.0, -1.5, 4.0, 9, 1, food.contains(), -2.0
4, 2990, -4.0, 1.0, -1.5, 4.5, 9, 1, food.contains(), -1.5
4, 2991, -4.0, 1.0, -1.5, 5.0, 9, 1, food.contains(), -1.0
4, 2992, -4.0, 1.0, -1.0, 0.0, 11, 0, contains(), -3.0
4, 2993, -4.0, 1.0, -1.0, 0.5, 11, 0, contains(), -3.0
4, 2994, -4.0, 1.0, -1.0, 1.0, 11, 0, contains(), -3.0
4, 2995, -4.0, 1.0, -1.0, 1.5, 11, 0, contains(), -3.0
4, 2996, -4.0, 1.0, -1.0, 2.0, 11, 0, contains(), -3.0
4, 2997, -4.0, 1.0, -1.0, 2.5, 11, 0, contains(), -3.0
4, 2998, -4.0, 1.0, -1.0, 3.0, 11, 0, contains(), -3.0
4, 2999, -4.0, 1.0, -1.0, 3.5, 9, 1, food.contains(), -2.5
4, 3000, -4.0, 1.0, -1.0, 4.0, 9, 1, food.contains(), -2.0
4, 3001, -4.0, 1.0, -1.0, 4.5, 9, 1, food.contains(), -1.5
4, 3002, -4.0, 1.0, -1.0, 5.0, 9, 1, food.contains(), -1.0
4, 3003, -4.0, 1.0, -0.5, 0.0, 11, 0, contains(), -3.0
4, 3004, -4.0, 1.0, -0.5, 0.5, 11, 0, contains(), -3.0
4, 3005, -4.0, 1.0, -0.5, 1.0, 11, 0, contains(), -3.0
4, 3006, -4.0, 1.0, -0.5, 1.5, 11, 0, contains(), -3.0
4, 3007, -4.0, 1.0, -0.5, 2.0, 11, 0, contains(), -3.0
4, 3008, -4.0, 1.0, -0.5, 2.5, 11, 1, contains(), -3.0
4, 3009, -4.0, 1.0, -0.5, 3.0, 11, 1, contains(), -3.0
4, 3010, -4.0, 1.0, -0.5, 3.5, 9, 1, food.contains(), -2.5
4, 3011, -4.0, 1.0, -0.5, 4.0, 9, 1, food.contains(), -2.0
4, 3012, -4.0, 1.0, -0.5, 4.5, 9, 1, food.contains(), -1.5
4, 3013, -4.0, 1.0, -0.5, 5.0, 9, 1, food.contains(), -1.0
4, 3014, -4.0, 1.0, 0.0, 0.0, 11, 2, contains(), -3.0
4, 3015, -4.0, 1.0, 0.0, 0.5, 11, 2, contains(), -3.0
4, 3016, -4.0, 1.0, 0.0, 1.0, 11, 2, contains(), -3.0
4, 3017, -4.0, 1.0, 0.0, 1.5, 11, 3, contains(), -3.0
4, 3018, -4.0, 1.0, 0.0, 2.0, 11, 3, contains(), -3.0
4, 3019, -4.0, 1.0, 0.0, 2.5, 11, 3, contains(), -3.0
4, 3020, -4.0, 1.0, 0.0, 3.0, 11, 3, contains(), -3.0
4, 3021, -4.0, 1.0, 0.0, 3.5, 9, 2, food.contains(), -2.5
4, 3022, -4.0, 1.0, 0.0, 4.0, 9, 2, food.contains(), -2.0
4, 3023, -4.0, 1.0, 0.0, 4.5, 9, 9, food.contains(), -1.5
4, 3024, -4.0, 1.0, 0.0, 5.0, 9, 12, food.contains(), -1.0
4, 3025, -3.5, 1.0, -5.0, 0.0, 11, 0, contains(), -2.5
4, 3026, -3.5, 1.0, -5.0, 0.5, 11, 0, contains(), -2.5
4, 3027, -3.5, 1.0, -5.0, 1.0, 11, 0, contains(), -2.5
4, 3028, -3.5, 1.0, -5.0, 1.5, 11, 0, contains(), -2.5
4, 3029, -3.5, 1.0, -5.0, 2.0, 11, 0, contains(), -2.5
4, 3030, -3.5, 1.0, -5.0, 2.5, 11, 0, contains(), -2.5
4, 3031, -3.5, 1.0, -5.0, 3.0, 9, 0, food.contains(), -2.0
4, 3032, -3.5, 1.0, -5.0, 3.5, 9, 0, food.contains(), -1.5
4, 3033, -3.5, 1.0, -5.0, 4.0, 9, 0, food.contains(), -1.0
4, 3034, -3.5, 1.0, -5.0, 4.5, 9, 0, food.contains(), -0.5
4, 3035, -3.5, 1.0, -5.0, 5.0, 9, 0, food.contains(), 0.0
4, 3036, -3.5, 1.0, -4.5, 0.0, 11, 0, contains(), -2.5
4, 3037, -3.5, 1.0, -4.5, 0.5, 11, 0, contains(), -2.5
4, 3038, -3.5, 1.0, -4.5, 1.0, 11, 0, contains(), -2.5
4, 3039, -3.5, 1.0, -4.5, 1.5, 11, 0, contains(), -2.5
4, 3040, -3.5, 1.0, -4.5, 2.0, 11, 0, contains(), -2.5
4, 3041, -3.5, 1.0, -4.5, 2.5, 11, 0, contains(), -2.5
4, 3042, -3.5, 1.0, -4.5, 3.0, 9, 0, food.contains(), -2.0
4, 3043, -3.5, 1.0, -4.5, 3.5, 9, 0, food.contains(), -1.5
4, 3044, -3.5, 1.0, -4.5, 4.0, 9, 0, food.contains(), -1.0
4, 3045, -3.5, 1.0, -4.5, 4.5, 9, 0, food.contains(), -0.5
4, 3046, -3.5, 1.0, -4.5, 5.0, 9, 0, food.contains(), 0.0
4, 3047, -3.5, 1.0, -4.0, 0.0, 11, 0, contains(), -2.5
4, 3048, -3.5, 1.0, -4.0, 0.5, 11, 0, contains(), -2.5
4, 3049, -3.5, 1.0, -4.0, 1.0, 11, 0, contains(), -2.5
4, 3050, -3.5, 1.0, -4.0, 1.5, 11, 0, contains(), -2.5
4, 3051, -3.5, 1.0, -4.0, 2.0, 11, 0, contains(), -2.5
4, 3052, -3.5, 1.0, -4.0, 2.5, 11, 0, contains(), -2.5
4, 3053, -3.5, 1.0, -4.0, 3.0, 9, 0, food.contains(), -2.0
4, 3054, -3.5, 1.0, -4.0, 3.5, 9, 0, food.contains(), -1.5
4, 3055, -3.5, 1.0, -4.0, 4.0, 9, 0, food.contains(), -1.0
4, 3056, -3.5, 1.0, -4.0, 4.5, 9, 0, food.contains(), -0.5
4, 3057, -3.5, 1.0, -4.0, 5.0, 9, 0, food.contains(), 0.0
4, 3058, -3.5, 1.0, -3.5, 0.0, 11, 0, contains(), -2.5
4, 3059, -3.5, 1.0, -3.5, 0.5, 11, 0, contains(), -2.5
4, 3060, -3.5, 1.0, -3.5, 1.0, 11, 0, contains(), -2.5
4, 3061, -3.5, 1.0, -3.5, 1.5, 11, 0, contains(), -2.5
4, 3062, -3.5, 1.0, -3.5, 2.0, 11, 0, contains(), -2.5
4, 3063, -3.5, 1.0, -3.5, 2.5, 11, 0, contains(), -2.5
4, 3064, -3.5, 1.0, -3.5, 3.0, 9, 0, food.contains(), -2.0
4, 3065, -3.5, 1.0, -3.5, 3.5, 9, 0, food.contains(), -1.5
4, 3066, -3.5, 1.0, -3.5, 4.0, 9, 0, food.contains(), -1.0
4, 3067, -3.5, 1.0, -3.5, 4.5, 9, 0, food.contains(), -0.5
4, 3068, -3.5, 1.0, -3.5, 5.0, 9, 0, food.contains(), 0.0
4, 3069, -3.5, 1.0, -3.0, 0.0, 11, 0, contains(), -2.5
4, 3070, -3.5, 1.0, -3.0, 0.5, 11, 0, contains(), -2.5
4, 3071, -3.5, 1.0, -3.0, 1.0, 11, 0, contains(), -2.5
4, 3072, -3.5, 1.0, -3.0, 1.5, 11, 0, contains(), -2.5
4, 3073, -3.5, 1.0, -3.0, 2.0, 11, 0, contains(), -2.5
4, 3074, -3.5, 1.0, -3.0, 2.5, 11, 0, contains(), -2.5
4, 3075, -3.5, 1.0, -3.0, 3.0, 9, 0, food.contains(), -2.0
4, 3076, -3.5, 1.0, -3.0, 3.5, 9, 0, food.contains(), -1.5
4, 3077, -3.5, 1.0, -3.0, 4.0, 9, 0, food.contains(), -1.0
4, 3078, -3.5, 1.0, -3.0, 4.5, 9, 0, food.contains(), -0.5
4, 3079, -3.5, 1.0, -3.0, 5.0, 9, 0, food.contains(), 0.0
4, 3080, -3.5, 1.0, -2.5, 0.0, 11, 0, contains(), -2.5
4, 3081, -3.5, 1.0, -2.5, 0.5, 11, 0, contains(), -2.5
4, 3082, -3.5, 1.0, -2.5, 1.0, 11, 0, contains(), -2.5
4, 3083, -3.5, 1.0, -2.5, 1.5, 11, 0, contains(), -2.5
4, 3084, -3.5, 1.0, -2.5, 2.0, 11, 0, contains(), -2.5
4, 3085, -3.5, 1.0, -2.5, 2.5, 11, 0, contains(), -2.5
4, 3086, -3.5, 1.0, -2.5, 3.0, 9, 0, food.contains(), -2.0
4, 3087, -3.5, 1.0, -2.5, 3.5, 9, 0, food.contains(), -1.5
4, 3088, -3.5, 1.0, -2.5, 4.0, 9, 0, food.contains(), -1.0
4, 3089, -3.5, 1.0, -2.5, 4.5, 9, 0, food.contains(), -0.5
4, 3090, -3.5, 1.0, -2.5, 5.0, 9, 0, food.contains(), 0.0
4, 3091, -3.5, 1.0, -2.0, 0.0, 11, 0, contains(), -2.5
4, 3092, -3.5, 1.0, -2.0, 0.5, 11, 0, contains(), -2.5
4, 3093, -3.5, 1.0, -2.0, 1.0, 11, 0, contains(), -2.5
4, 3094, -3.5, 1.0, -2.0, 1.5, 11, 0, contains(), -2.5
4, 3095, -3.5, 1.0, -2.0, 2.0, 11, 0, contains(), -2.5
4, 3096, -3.5, 1.0, -2.0, 2.5, 11, 0, contains(), -2.5
4, 3097, -3.5, 1.0, -2.0, 3.0, 9, 0, food.contains(), -2.0
4, 3098, -3.5, 1.0, -2.0, 3.5, 9, 0, food.contains(), -1.5
4, 3099, -3.5, 1.0, -2.0, 4.0, 9, 0, food.contains(), -1.0
4, 3100, -3.5, 1.0, -2.0, 4.5, 9, 0, food.contains(), -0.5
4, 3101, -3.5, 1.0, -2.0, 5.0, 9, 1, food.contains(), 0.0
4, 3102, -3.5, 1.0, -1.5, 0.0, 11, 0, contains(), -2.5
4, 3103, -3.5, 1.0, -1.5, 0.5, 11, 0, contains(), -2.5
4, 3104, -3.5, 1.0, -1.5, 1.0, 11, 0, contains(), -2.5
4, 3105, -3.5, 1.0, -1.5, 1.5, 11, 0, contains(), -2.5
4, 3106, -3.5, 1.0, -1.5, 2.0, 11, 0, contains(), -2.5
4, 3107, -3.5, 1.0, -1.5, 2.5, 11, 0, contains(), -2.5
4, 3108, -3.5, 1.0, -1.5, 3.0, 9, 0, food.contains(), -2.0
4, 3109, -3.5, 1.0, -1.5, 3.5, 9, 0, food.contains(), -1.5
4, 3110, -3.5, 1.0, -1.5, 4.0, 9, 1, food.contains(), -1.0
4, 3111, -3.5, 1.0, -1.5, 4.5, 9, 1, food.contains(), -0.5
4, 3112, -3.5, 1.0, -1.5, 5.0, 9, 1, food.contains(), 0.0
4, 3113, -3.5, 1.0, -1.0, 0.0, 11, 0, contains(), -2.5
4, 3114, -3.5, 1.0, -1.0, 0.5, 11, 0, contains(), -2.5
4, 3115, -3.5, 1.0, -1.0, 1.0, 11, 0, contains(), -2.5
4, 3116, -3.5, 1.0, -1.0, 1.5, 11, 0, contains(), -2.5
4, 3117, -3.5, 1.0, -1.0, 2.0, 11, 0, contains(), -2.5
4, 3118, -3.5, 1.0, -1.0, 2.5, 11, 0, contains(), -2.5
4, 3119, -3.5, 1.0, -1.0, 3.0, 9, 1, food.contains(), -2.0
4, 3120, -3.5, 1.0, -1.0, 3.5, 9, 1, food.contains(), -1.5
4, 3121, -3.5, 1.0, -1.0, 4.0, 9, 1, food.contains(), -1.0
4, 3122, -3.5, 1.0, -1.0, 4.5, 9, 1, food.contains(), -0.5
4, 3123, -3.5, 1.0, -1.0, 5.0, 9, 1, food.contains(), 0.0
4, 3124, -3.5, 1.0, -0.5, 0.0, 11, 0, contains(), -2.5
4, 3125, -3.5, 1.0, -0.5, 0.5, 11, 0, contains(), -2.5
4, 3126, -3.5, 1.0, -0.5, 1.0, 11, 0, contains(), -2.5
4, 3127, -3.5, 1.0, -0.5, 1.5, 11, 0, contains(), -2.5
4, 3128, -3.5, 1.0, -0.5, 2.0, 11, 0, contains(), -2.5
4, 3129, -3.5, 1.0, -0.5, 2.5, 11, 1, contains(), -2.5
4, 3130, -3.5, 1.0, -0.5, 3.0, 9, 1, food.contains(), -2.0
4, 3131, -3.5, 1.0, -0.5, 3.5, 9, 1, food.contains(), -1.5
4, 3132, -3.5, 1.0, -0.5, 4.0, 9, 1, food.contains(), -1.0
4, 3133, -3.5, 1.0, -0.5, 4.5, 9, 1, food.contains(), -0.5
4, 3134, -3.5, 1.0, -0.5, 5.0, 9, 4, food.contains(), 0.0
4, 3135, -3.5, 1.0, 0.0, 0.0, 11, 2, contains(), -2.5
4, 3136, -3.5, 1.0, 0.0, 0.5, 11, 2, contains(), -2.5
4, 3137, -3.5, 1.0, 0.0, 1.0, 11, 2, contains(), -2.5
4, 3138, -3.5, 1.0, 0.0, 1.5, 11, 3, contains(), -2.5
4, 3139, -3.5, 1.0, 0.0, 2.0, 11, 3, contains(), -2.5
4, 3140, -3.5, 1.0, 0.0, 2.5, 11, 3, contains(), -2.5
4, 3141, -3.5, 1.0, 0.0, 3.0, 9, 2, food.contains(), -2.0
4, 3142, -3.5, 1.0, 0.0, 3.5, 9, 2, food.contains(), -1.5
4, 3143, -3.5, 1.0, 0.0, 4.0, 9, 9, food.contains(), -1.0
4, 3144, -3.5, 1.0, 0.0, 4.5, 9, 19, food.contains(), -0.5
4, 3145, -3.5, 1.0, 0.0, 5.0, 9, 19, food.contains(), 0.0
4, 3146, -3.0, 1.0, -5.0, 0.0, 11, 0, contains(), -2.0
4, 3147, -3.0, 1.0, -5.0, 0.5, 11, 0, contains(), -2.0
4, 3148, -3.0, 1.0, -5.0, 1.0, 11, 0, contains(), -2.0
4, 3149, -3.0, 1.0, -5.0, 1.5, 11, 0, contains(), -2.0
4, 3150, -3.0, 1.0, -5.0, 2.0, 11, 0, contains(), -2.0
4, 3151, -3.0, 1.0, -5.0, 2.5, 9, 0, food.contains(), -1.5
4, 3152, -3.0, 1.0, -5.0, 3.0, 9, 0, food.contains(), -1.0
4, 3153, -3.0, 1.0, -5.0, 3.5, 9, 0, food.contains(), -0.5
4, 3154, -3.0, 1.0, -5.0, 4.0, 9, 0, food.contains(), 0.0
4, 3155, -3.0, 1.0, -5.0, 4.5, 0, 0, fruits.contains(food), 3.0
4, 3156, -3.0, 1.0, -5.0, 5.0, 0, 0, fruits.contains(food), 4.0
4, 3157, -3.0, 1.0, -4.5, 0.0, 11, 0, contains(), -2.0
4, 3158, -3.0, 1.0, -4.5, 0.5, 11, 0, contains(), -2.0
4, 3159, -3.0, 1.0, -4.5, 1.0, 11, 0, contains(), -2.0
4, 3160, -3.0, 1.0, -4.5, 1.5, 11, 0, contains(), -2.0
4, 3161, -3.0, 1.0, -4.5, 2.0, 11, 0, contains(), -2.0
4, 3162, -3.0, 1.0, -4.5, 2.5, 9, 0, food.contains(), -1.5
4, 3163, -3.0, 1.0, -4.5, 3.0, 9, 0, food.contains(), -1.0
4, 3164, -3.0, 1.0, -4.5, 3.5, 9, 0, food.contains(), -0.5
4, 3165, -3.0, 1.0, -4.5, 4.0, 9, 0, food.contains(), 0.0
4, 3166, -3.0, 1.0, -4.5, 4.5, 0, 0, fruits.contains(food), 3.0
4, 3167, -3.0, 1.0, -4.5, 5.0, 0, 0, fruits.contains(food), 4.0
4, 3168, -3.0, 1.0, -4.0, 0.0, 11, 0, contains(), -2.0
4, 3169, -3.0, 1.0, -4.0, 0.5, 11, 0, contains(), -2.0
4, 3170, -3.0, 1.0, -4.0, 1.0, 11, 0, contains(), -2.0
4, 3171, -3.0, 1.0, -4.0, 1.5, 11, 0, contains(), -2.0
4, 3172, -3.0, 1.0, -4.0, 2.0, 11, 0, contains(), -2.0
4, 3173, -3.0, 1.0, -4.0, 2.5, 9, 0, food.contains(), -1.5
4, 3174, -3.0, 1.0, -4.0, 3.0, 9, 0, food.contains(), -1.0
4, 3175, -3.0, 1.0, -4.0, 3.5, 9, 0, food.contains(), -0.5
4, 3176, -3.0, 1.0, -4.0, 4.0, 9, 0, food.contains(), 0.0
4, 3177, -3.0, 1.0, -4.0, 4.5, 0, 0, fruits.contains(food), 3.0
4, 3178, -3.0, 1.0, -4.0, 5.0, 0, 0, fruits.contains(food), 4.0
4, 3179, -3.0, 1.0, -3.5, 0.0, 11, 0, contains(), -2.0
4, 3180, -3.0, 1.0, -3.5, 0.5, 11, 0, contains(), -2.0
4, 3181, -3.0, 1.0, -3.5, 1.0, 11, 0, contains(), -2.0
4, 3182, -3.0, 1.0, -3.5, 1.5, 11, 0, contains(), -2.0
4, 3183, -3.0, 1.0, -3.5, 2.0, 11, 0, contains(), -2.0
4, 3184, -3.0, 1.0, -3.5, 2.5, 9, 0, food.contains(), -1.5
4, 3185, -3.0, 1.0, -3.5, 3.0, 9, 0, food.contains(), -1.0
4, 3186, -3.0, 1.0, -3.5, 3.5, 9, 0, food.contains(), -0.5
4, 3187, -3.0, 1.0, -3.5, 4.0, 9, 0, food.contains(), 0.0
4, 3188, -3.0, 1.0, -3.5, 4.5, 0, 0, fruits.contains(food), 3.0
4, 3189, -3.0, 1.0, -3.5, 5.0, 0, 0, fruits.contains(food), 4.0
4, 3190, -3.0, 1.0, -3.0, 0.0, 11, 0, contains(), -2.0
4, 3191, -3.0, 1.0, -3.0, 0.5, 11, 0, contains(), -2.0
4, 3192, -3.0, 1.0, -3.0, 1.0, 11, 0, contains(), -2.0
4, 3193, -3.0, 1.0, -3.0, 1.5, 11, 0, contains(), -2.0
4, 3194, -3.0, 1.0, -3.0, 2.0, 11, 0, contains(), -2.0
4, 3195, -3.0, 1.0, -3.0, 2.5, 9, 0, food.contains(), -1.5
4, 3196, -3.0, 1.0, -3.0, 3.0, 9, 0, food.contains(), -1.0
4, 3197, -3.0, 1.0, -3.0, 3.5, 9, 0, food.contains(), -0.5
4, 3198, -3.0, 1.0, -3.0, 4.0, 9, 0, food.contains(), 0.0
4, 3199, -3.0, 1.0, -3.0, 4.5, 0, 0, fruits.contains(food), 3.0
4, 3200, -3.0, 1.0, -3.0, 5.0, 0, 0, fruits.contains(food), 4.0
4, 3201, -3.0, 1.0, -2.5, 0.0, 11, 0, contains(), -2.0
4, 3202, -3.0, 1.0, -2.5, 0.5, 11, 0, contains(), -2.0
4, 3203, -3.0, 1.0, -2.5, 1.0, 11, 0, contains(), -2.0
4, 3204, -3.0, 1.0, -2.5, 1.5, 11, 0, contains(), -2.0
4, 3205, -3.0, 1.0, -2.5, 2.0, 11, 0, contains(), -2.0
4, 3206, -3.0, 1.0, -2.5, 2.5, 9, 0, food.contains(), -1.5
4, 3207, -3.0, 1.0, -2.5, 3.0, 9, 0, food.contains(), -1.0
4, 3208, -3.0, 1.0, -2.5, 3.5, 9, 0, food.contains(), -0.5
4, 3209, -3.0, 1.0, -2.5, 4.0, 9, 0, food.contains(), 0.0
4, 3210, -3.0, 1.0, -2.5, 4.5, 0, 0, fruits.contains(food), 3.0
4, 3211, -3.0, 1.0, -2.5, 5.0, 0, 0, fruits.contains(food), 4.0
4, 3212, -3.0, 1.0, -2.0, 0.0, 11, 0, contains(), -2.0
4, 3213, -3.0, 1.0, -2.0, 0.5, 11, 0, contains(), -2.0
4, 3214, -3.0, 1.0, -2.0, 1.0, 11, 0, contains(), -2.0
4, 3215, -3.0, 1.0, -2.0, 1.5, 11, 0, contains(), -2.0
4, 3216, -3.0, 1.0, -2.0, 2.0, 11, 0, contains(), -2.0
4, 3217, -3.0, 1.0, -2.0, 2.5, 9, 0, food.contains(), -1.5
4, 3218, -3.0, 1.0, -2.0, 3.0, 9, 0, food.contains(), -1.0
4, 3219, -3.0, 1.0, -2.0, 3.5, 9, 0, food.contains(), -0.5
4, 3220, -3.0, 1.0, -2.0, 4.0, 9, 0, food.contains(), 0.0
4, 3221, -3.0, 1.0, -2.0, 4.5, 0, 0, fruits.contains(food), 3.0
4, 3222, -3.0, 1.0, -2.0, 5.0, 0, 0, fruits.contains(food), 4.0
4, 3223, -3.0, 1.0, -1.5, 0.0, 11, 0, contains(), -2.0
4, 3224, -3.0, 1.0, -1.5, 0.5, 11, 0, contains(), -2.0
4, 3225, -3.0, 1.0, -1.5, 1.0, 11, 0, contains(), -2.0
4, 3226, -3.0, 1.0, -1.5, 1.5, 11, 0, contains(), -2.0
4, 3227, -3.0, 1.0, -1.5, 2.0, 11, 0, contains(), -2.0
4, 3228, -3.0, 1.0, -1.5, 2.5, 9, 0, food.contains(), -1.5
4, 3229, -3.0, 1.0, -1.5, 3.0, 9, 0, food.contains(), -1.0
4, 3230, -3.0, 1.0, -1.5, 3.5, 9, 0, food.contains(), -0.5
4, 3231, -3.0, 1.0, -1.5, 4.0, 9, 1, food.contains(), 0.0
4, 3232, -3.0, 1.0, -1.5, 4.5, 0, 0, fruits.contains(food), 3.0
4, 3233, -3.0, 1.0, -1.5, 5.0, 0, 0, fruits.contains(food), 4.0
4, 3234, -3.0, 1.0, -1.0, 0.0, 11, 0, contains(), -2.0
4, 3235, -3.0, 1.0, -1.0, 0.5, 11, 0, contains(), -2.0
4, 3236, -3.0, 1.0, -1.0, 1.0, 11, 0, contains(), -2.0
4, 3237, -3.0, 1.0, -1.0, 1.5, 11, 0, contains(), -2.0
4, 3238, -3.0, 1.0, -1.0, 2.0, 11, 0, contains(), -2.0
4, 3239, -3.0, 1.0, -1.0, 2.5, 9, 0, food.contains(), -1.5
4, 3240, -3.0, 1.0, -1.0, 3.0, 9, 1, food.contains(), -1.0
4, 3241, -3.0, 1.0, -1.0, 3.5, 9, 1, food.contains(), -0.5
4, 3242, -3.0, 1.0, -1.0, 4.0, 9, 1, food.contains(), 0.0
4, 3243, -3.0, 1.0, -1.0, 4.5, 0, 0, fruits.contains(food), 3.0
4, 3244, -3.0, 1.0, -1.0, 5.0, 0, 0, fruits.contains(food), 4.0
4, 3245, -3.0, 1.0, -0.5, 0.0, 11, 0, contains(), -2.0
4, 3246, -3.0, 1.0, -0.5, 0.5, 11, 0, contains(), -2.0
4, 3247, -3.0, 1.0, -0.5, 1.0, 11, 0, contains(), -2.0
4, 3248, -3.0, 1.0, -0.5, 1.5, 11, 0, contains(), -2.0
4, 3249, -3.0, 1.0, -0.5, 2.0, 11, 0, contains(), -2.0
4, 3250, -3.0, 1.0, -0.5, 2.5, 9, 1, food.contains(), -1.5
4, 3251, -3.0, 1.0, -0.5, 3.0, 9, 1, food.contains(), -1.0
4, 3252, -3.0, 1.0, -0.5, 3.5, 9, 1, food.contains(), -0.5
4, 3253, -3.0, 1.0, -0.5, 4.0, 9, 1, food.contains(), 0.0
4, 3254, -3.0, 1.0, -0.5, 4.5, 5, 2, food.contains(food), 2.0
4, 3255, -3.0, 1.0, -0.5, 5.0, 5, 5, food.contains(food), 3.0
4, 3256, -3.0, 1.0, 0.0, 0.0, 11, 2, contains(), -2.0
4, 3257, -3.0, 1.0, 0.0, 0.5, 11, 2, contains(), -2.0
4, 3258, -3.0, 1.0, 0.0, 1.0, 11, 2, contains(), -2.0
4, 3259, -3.0, 1.0, 0.0, 1.5, 11, 3, contains(), -2.0
4, 3260, -3.0, 1.0, 0.0, 2.0, 11, 3, contains(), -2.0
4, 3261, -3.0, 1.0, 0.0, 2.5, 9, 2, food.contains(), -1.5
4, 3262, -3.0, 1.0, 0.0, 3.0, 9, 2, food.contains(), -1.0
4, 3263, -3.0, 1.0, 0.0, 3.5, 9, 9, food.contains(), -0.5
4, 3264, -3.0, 1.0, 0.0, 4.0, 9, 19, food.contains(), 0.0
4, 3265, -3.0, 1.0, 0.0, 4.5, 5, 20, food.contains(food), 2.0
4, 3266, -3.0, 1.0, 0.0, 5.0, 5, 20, food.contains(food), 3.0
4, 3267, -2.5, 1.0, -5.0, 0.0, 11, 0, contains(), -1.5
4, 3268, -2.5, 1.0, -5.0, 0.5, 11, 0, contains(), -1.5
4, 3269, -2.5, 1.0, -5.0, 1.0, 11, 0, contains(), -1.5
4, 3270, -2.5, 1.0, -5.0, 1.5, 11, 0, contains(), -1.5
4, 3271, -2.5, 1.0, -5.0, 2.0, 9, 0, food.contains(), -1.0
4, 3272, -2.5, 1.0, -5.0, 2.5, 9, 0, food.contains(), -0.5
4, 3273, -2.5, 1.0, -5.0, 3.0, 9, 0, food.contains(), 0.0
4, 3274, -2.5, 1.0, -5.0, 3.5, 0, 0, fruits.contains(food), 2.5
4, 3275, -2.5, 1.0, -5.0, 4.0, 0, 0, fruits.contains(food), 3.5
4, 3276, -2.5, 1.0, -5.0, 4.5, 0, 0, fruits.contains(food), 4.5
4, 3277, -2.5, 1.0, -5.0, 5.0, 0, 0, fruits.contains(food), 5.5
4, 3278, -2.5, 1.0, -4.5, 0.0, 11, 0, contains(), -1.5
4, 3279, -2.5, 1.0, -4.5, 0.5, 11, 0, contains(), -1.5
4, 3280, -2.5, 1.0, -4.5, 1.0, 11, 0, contains(), -1.5
4, 3281, -2.5, 1.0, -4.5, 1.5, 11, 0, contains(), -1.5
4, 3282, -2.5, 1.0, -4.5, 2.0, 9, 0, food.contains(), -1.0
4, 3283, -2.5, 1.0, -4.5, 2.5, 9, 0, food.contains(), -0.5
4, 3284, -2.5, 1.0, -4.5, 3.0, 9, 0, food.contains(), 0.0
4, 3285, -2.5, 1.0, -4.5, 3.5, 0, 0, fruits.contains(food), 2.5
4, 3286, -2.5, 1.0, -4.5, 4.0, 0, 0, fruits.contains(food), 3.5
4, 3287, -2.5, 1.0, -4.5, 4.5, 0, 0, fruits.contains(food), 4.5
4, 3288, -2.5, 1.0, -4.5, 5.0, 0, 0, fruits.contains(food), 5.5
4, 3289, -2.5, 1.0, -4.0, 0.0, 11, 0, contains(), -1.5
4, 3290, -2.5, 1.0, -4.0, 0.5, 11, 0, contains(), -1.5
4, 3291, -2.5, 1.0, -4.0, 1.0, 11, 0, contains(), -1.5
4, 3292, -2.5, 1.0, -4.0, 1.5, 11, 0, contains(), -1.5
4, 3293, -2.5, 1.0, -4.0, 2.0, 9, 0, food.contains(), -1.0
4, 3294, -2.5, 1.0, -4.0, 2.5, 9, 0, food.contains(), -0.5
4, 3295, -2.5, 1.0, -4.0, 3.0, 9, 0, food.contains(), 0.0
4, 3296, -2.5, 1.0, -4.0, 3.5, 0, 0, fruits.contains(food), 2.5
4, 3297, -2.5, 1.0, -4.0, 4.0, 0, 0, fruits.contains(food), 3.5
4, 3298, -2.5, 1.0, -4.0, 4.5, 0, 0, fruits.contains(food), 4.5
4, 3299, -2.5, 1.0, -4.0, 5.0, 0, 0, fruits.contains(food), 5.5
4, 3300, -2.5, 1.0, -3.5, 0.0, 11, 0, contains(), -1.5
4, 3301, -2.5, 1.0, -3.5, 0.5, 11, 0, contains(), -1.5
4, 3302, -2.5, 1.0, -3.5, 1.0, 11, 0, contains(), -1.5
4, 3303, -2.5, 1.0, -3.5, 1.5, 11, 0, contains(), -1.5
4, 3304, -2.5, 1.0, -3.5, 2.0, 9, 0, food.contains(), -1.0
4, 3305, -2.5, 1.0, -3.5, 2.5, 9, 0, food.contains(), -0.5
4, 3306, -2.5, 1.0, -3.5, 3.0, 9, 0, food.contains(), 0.0
4, 3307, -2.5, 1.0, -3.5, 3.5, 0, 0, fruits.contains(food), 2.5
4, 3308, -2.5, 1.0, -3.5, 4.0, 0, 0, fruits.contains(food), 3.5
4, 3309, -2.5, 1.0, -3.5, 4.5, 0, 0, fruits.contains(food), 4.5
4, 3310, -2.5, 1.0, -3.5, 5.0, 0, 0, fruits.contains(food), 5.5
4, 3311, -2.5, 1.0, -3.0, 0.0, 11, 0, contains(), -1.5
4, 3312, -2.5, 1.0, -3.0, 0.5, 11, 0, contains(), -1.5
4, 3313, -2.5, 1.0, -3.0, 1.0, 11, 0, contains(), -1.5
4, 3314, -2.5, 1.0, -3.0, 1.5, 11, 0, contains(), -1.5
4, 3315, -2.5, 1.0, -3.0, 2.0, 9, 0, food.contains(), -1.0
4, 3316, -2.5, 1.0, -3.0, 2.5, 9, 0, food.contains(), -0.5
4, 3317, -2.5, 1.0, -3.0, 3.0, 9, 0, food.contains(), 0.0
4, 3318, -2.5, 1.0, -3.0, 3.5, 0, 0, fruits.contains(food), 2.5
4, 3319, -2.5, 1.0, -3.0, 4.0, 0, 0, fruits.contains(food), 3.5
4, 3320, -2.5, 1.0, -3.0, 4.5, 0, 0, fruits.contains(food), 4.5
4, 3321, -2.5, 1.0, -3.0, 5.0, 0, 0, fruits.contains(food), 5.5
4, 3322, -2.5, 1.0, -2.5, 0.0, 11, 0, contains(), -1.5
4, 3323, -2.5, 1.0, -2.5, 0.5, 11, 0, contains(), -1.5
4, 3324, -2.5, 1.0, -2.5, 1.0, 11, 0, contains(), -1.5
4, 3325, -2.5, 1.0, -2.5, 1.5, 11, 0, contains(), -1.5
4, 3326, -2.5, 1.0, -2.5, 2.0, 9, 0, food.contains(), -1.0
4, 3327, -2.5, 1.0, -2.5, 2.5, 9, 0, food.contains(), -0.5
4, 3328, -2.5, 1.0, -2.5, 3.0, 9, 0, food.contains(), 0.0
4, 3329, -2.5, 1.0, -2.5, 3.5, 0, 0, fruits.contains(food), 2.5
4, 3330, -2.5, 1.0, -2.5, 4.0, 0, 0, fruits.contains(food), 3.5
4, 3331, -2.5, 1.0, -2.5, 4.5, 0, 0, fruits.contains(food), 4.5
4, 3332, -2.5, 1.0, -2.5, 5.0, 0, 0, fruits.contains(food), 5.5
4, 3333, -2.5, 1.0, -2.0, 0.0, 11, 0, contains(), -1.5
4, 3334, -2.5, 1.0, -2.0, 0.5, 11, 0, contains(), -1.5
4, 3335, -2.5, 1.0, -2.0, 1.0, 11, 0, contains(), -1.5
4, 3336, -2.5, 1.0, -2.0, 1.5, 11, 0, contains(), -1.5
4, 3337, -2.5, 1.0, -2.0, 2.0, 9, 0, food.contains(), -1.0
4, 3338, -2.5, 1.0, -2.0, 2.5, 9, 0, food.contains(), -0.5
4, 3339, -2.5, 1.0, -2.0, 3.0, 9, 0, food.contains(), 0.0
4, 3340, -2.5, 1.0, -2.0, 3.5, 0, 0, fruits.contains(food), 2.5
4, 3341, -2.5, 1.0, -2.0, 4.0, 0, 0, fruits.contains(food), 3.5
4, 3342, -2.5, 1.0, -2.0, 4.5, 0, 0, fruits.contains(food), 4.5
4, 3343, -2.5, 1.0, -2.0, 5.0, 0, 0, fruits.contains(food), 5.5
4, 3344, -2.5, 1.0, -1.5, 0.0, 11, 0, contains(), -1.5
4, 3345, -2.5, 1.0, -1.5, 0.5, 11, 0, contains(), -1.5
4, 3346, -2.5, 1.0, -1.5, 1.0, 11, 0, contains(), -1.5
4, 3347, -2.5, 1.0, -1.5, 1.5, 11, 0, contains(), -1.5
4, 3348, -2.5, 1.0, -1.5, 2.0, 9, 0, food.contains(), -1.0
4, 3349, -2.5, 1.0, -1.5, 2.5, 9, 0, food.contains(), -0.5
4, 3350, -2.5, 1.0, -1.5, 3.0, 9, 0, food.contains(), 0.0
4, 3351, -2.5, 1.0, -1.5, 3.5, 0, 0, fruits.contains(food), 2.5
4, 3352, -2.5, 1.0, -1.5, 4.0, 0, 0, fruits.contains(food), 3.5
4, 3353, -2.5, 1.0, -1.5, 4.5, 0, 0, fruits.contains(food), 4.5
4, 3354, -2.5, 1.0, -1.5, 5.0, 0, 0, fruits.contains(food), 5.5
4, 3355, -2.5, 1.0, -1.0, 0.0, 11, 0, contains(), -1.5
4, 3356, -2.5, 1.0, -1.0, 0.5, 11, 0, contains(), -1.5
4, 3357, -2.5, 1.0, -1.0, 1.0, 11, 0, contains(), -1.5
4, 3358, -2.5, 1.0, -1.0, 1.5, 11, 0, contains(), -1.5
4, 3359, -2.5, 1.0, -1.0, 2.0, 9, 0, food.contains(), -1.0
4, 3360, -2.5, 1.0, -1.0, 2.5, 9, 0, food.contains(), -0.5
4, 3361, -2.5, 1.0, -1.0, 3.0, 9, 1, food.contains(), 0.0
4, 3362, -2.5, 1.0, -1.0, 3.5, 0, 0, fruits.contains(food), 2.5
4, 3363, -2.5, 1.0, -1.0, 4.0, 0, 0, fruits.contains(food), 3.5
4, 3364, -2.5, 1.0, -1.0, 4.5, 0, 0, fruits.contains(food), 4.5
4, 3365, -2.5, 1.0, -1.0, 5.0, 5, 3, food.contains(food), 4.5
4, 3366, -2.5, 1.0, -0.5, 0.0, 11, 0, contains(), -1.5
4, 3367, -2.5, 1.0, -0.5, 0.5, 11, 0, contains(), -1.5
4, 3368, -2.5, 1.0, -0.5, 1.0, 11, 0, contains(), -1.5
4, 3369, -2.5, 1.0, -0.5, 1.5, 11, 0, contains(), -1.5
4, 3370, -2.5, 1.0, -0.5, 2.0, 9, 1, food.contains(), -1.0
4, 3371, -2.5, 1.0, -0.5, 2.5, 9, 1, food.contains(), -0.5
4, 3372, -2.5, 1.0, -0.5, 3.0, 9, 1, food.contains(), 0.0
4, 3373, -2.5, 1.0, -0.5, 3.5, 0, 0, fruits.contains(food), 2.5
4, 3374, -2.5, 1.0, -0.5, 4.0, 5, 3, food.contains(food), 2.5
4, 3375, -2.5, 1.0, -0.5, 4.5, 5, 5, food.contains(food), 3.5
4, 3376, -2.5, 1.0, -0.5, 5.0, 5, 39, fruits.containsAll(), 1.5
4, 3377, -2.5, 1.0, 0.0, 0.0, 11, 2, contains(), -1.5
4, 3378, -2.5, 1.0, 0.0, 0.5, 11, 2, contains(), -1.5
4, 3379, -2.5, 1.0, 0.0, 1.0, 11, 2, contains(), -1.5
4, 3380, -2.5, 1.0, 0.0, 1.5, 11, 3, contains(), -1.5
4, 3381, -2.5, 1.0, 0.0, 2.0, 9, 2, food.contains(), -1.0
4, 3382, -2.5, 1.0, 0.0, 2.5, 9, 2, food.contains(), -0.5
4, 3383, -2.5, 1.0, 0.0, 3.0, 9, 8, food.contains(), 0.0
4, 3384, -2.5, 1.0, 0.0, 3.5, 5, 14, food.contains(food), 1.5
4, 3385, -2.5, 1.0, 0.0, 4.0, 5, 20, food.contains(food), 2.5
4, 3386, -2.5, 1.0, 0.0, 4.5, 5, 41, fruits.containsAll(), 1.5
4, 3387, -2.5, 1.0, 0.0, 5.0, 5, 45, fruits.containsAll(), 2.0
4, 3388, -2.0, 1.0, -5.0, 0.0, 11, 0, contains(), -1.0
4, 3389, -2.0, 1.0, -5.0, 0.5, 11, 0, contains(), -1.0
4, 3390, -2.0, 1.0, -5.0, 1.0, 11, 0, contains(), -1.0
4, 3391, -2.0, 1.0, -5.0, 1.5, 9, 0, food.contains(), -0.5
4, 3392, -2.0, 1.0, -5.0, 2.0, 9, 0, food.contains(), 0.0
4, 3393, -2.0, 1.0, -5.0, 2.5, 0, 0, fruits.contains(food), 2.0
4, 3394, -2.0, 1.0, -5.0, 3.0, 0, 0, fruits.contains(food), 3.0
4, 3395, -2.0, 1.0, -5.0, 3.5, 0, 0, fruits.contains(food), 4.0
4, 3396, -2.0, 1.0, -5.0, 4.0, 0, 0, fruits.contains(food), 5.0
4, 3397, -2.0, 1.0, -5.0, 4.5, 5, 1, food.contains(food), 5.0
4, 3398, -2.0, 1.0, -5.0, 5.0, 5, 1, food.contains(food), 6.0
4, 3399, -2.0, 1.0, -4.5, 0.0, 11, 0, contains(), -1.0
4, 3400, -2.0, 1.0, -4.5, 0.5, 11, 0, contains(), -1.0
4, 3401, -2.0, 1.0, -4.5, 1.0, 11, 0, contains(), -1.0
4, 3402, -2.0, 1.0, -4.5, 1.5, 9, 0, food.contains(), -0.5
4, 3403, -2.0, 1.0, -4.5, 2.0, 9, 0, food.contains(), 0.0
4, 3404, -2.0, 1.0, -4.5, 2.5, 0, 0, fruits.contains(food), 2.0
4, 3405, -2.0, 1.0, -4.5, 3.0, 0, 0, fruits.contains(food), 3.0
4, 3406, -2.0, 1.0, -4.5, 3.5, 0, 0, fruits.contains(food), 4.0
4, 3407, -2.0, 1.0, -4.5, 4.0, 0, 0, fruits.contains(food), 5.0
4, 3408, -2.0, 1.0, -4.5, 4.5, 5, 1, food.contains(food), 5.0
4, 3409, -2.0, 1.0, -4.5, 5.0, 5, 1, food.contains(food), 6.0
4, 3410, -2.0, 1.0, -4.0, 0.0, 11, 0, contains(), -1.0
4, 3411, -2.0, 1.0, -4.0, 0.5, 11, 0, contains(), -1.0
4, 3412, -2.0, 1.0, -4.0, 1.0, 11, 0, contains(), -1.0
4, 3413, -2.0, 1.0, -4.0, 1.5, 9, 0, food.contains(), -0.5
4, 3414, -2.0, 1.0, -4.0, 2.0, 9, 0, food.contains(), 0.0
4, 3415, -2.0, 1.0, -4.0, 2.5, 0, 0, fruits.contains(food), 2.0
4, 3416, -2.0, 1.0, -4.0, 3.0, 0, 0, fruits.contains(food), 3.0
4, 3417, -2.0, 1.0, -4.0, 3.5, 0, 0, fruits.contains(food), 4.0
4, 3418, -2.0, 1.0, -4.0, 4.0, 0, 0, fruits.contains(food), 5.0
4, 3419, -2.0, 1.0, -4.0, 4.5, 5, 1, food.contains(food), 5.0
4, 3420, -2.0, 1.0, -4.0, 5.0, 5, 1, food.contains(food), 6.0
4, 3421, -2.0, 1.0, -3.5, 0.0, 11, 0, contains(), -1.0
4, 3422, -2.0, 1.0, -3.5, 0.5, 11, 0, contains(), -1.0
4, 3423, -2.0, 1.0, -3.5, 1.0, 11, 0, contains(), -1.0
4, 3424, -2.0, 1.0, -3.5, 1.5, 9, 0, food.contains(), -0.5
4, 3425, -2.0, 1.0, -3.5, 2.0, 9, 0, food.contains(), 0.0
4, 3426, -2.0, 1.0, -3.5, 2.5, 0, 0, fruits.contains(food), 2.0
4, 3427, -2.0, 1.0, -3.5, 3.0, 0, 0, fruits.contains(food), 3.0
4, 3428, -2.0, 1.0, -3.5, 3.5, 0, 0, fruits.contains(food), 4.0
4, 3429, -2.0, 1.0, -3.5, 4.0, 0, 0, fruits.contains(food), 5.0
4, 3430, -2.0, 1.0, -3.5, 4.5, 5, 1, food.contains(food), 5.0
4, 3431, -2.0, 1.0, -3.5, 5.0, 5, 1, food.contains(food), 6.0
4, 3432, -2.0, 1.0, -3.0, 0.0, 11, 0, contains(), -1.0
4, 3433, -2.0, 1.0, -3.0, 0.5, 11, 0, contains(), -1.0
4, 3434, -2.0, 1.0, -3.0, 1.0, 11, 0, contains(), -1.0
4, 3435, -2.0, 1.0, -3.0, 1.5, 9, 0, food.contains(), -0.5
4, 3436, -2.0, 1.0, -3.0, 2.0, 9, 0, food.contains(), 0.0
4, 3437, -2.0, 1.0, -3.0, 2.5, 0, 0, fruits.contains(food), 2.0
4, 3438, -2.0, 1.0, -3.0, 3.0, 0, 0, fruits.contains(food), 3.0
4, 3439, -2.0, 1.0, -3.0, 3.5, 0, 0, fruits.contains(food), 4.0
4, 3440, -2.0, 1.0, -3.0, 4.0, 0, 0, fruits.contains(food), 5.0
4, 3441, -2.0, 1.0, -3.0, 4.5, 5, 1, food.contains(food), 5.0
4, 3442, -2.0, 1.0, -3.0, 5.0, 5, 1, food.contains(food), 6.0
4, 3443, -2.0, 1.0, -2.5, 0.0, 11, 0, contains(), -1.0
4, 3444, -2.0, 1.0, -2.5, 0.5, 11, 0, contains(), -1.0
4, 3445, -2.0, 1.0, -2.5, 1.0, 11, 0, contains(), -1.0
4, 3446, -2.0, 1.0, -2.5, 1.5, 9, 0, food.contains(), -0.5
4, 3447, -2.0, 1.0, -2.5, 2.0, 9, 0, food.contains(), 0.0
4, 3448, -2.0, 1.0, -2.5, 2.5, 0, 0, fruits.contains(food), 2.0
4, 3449, -2.0, 1.0, -2.5, 3.0, 0, 0, fruits.contains(food), 3.0
4, 3450, -2.0, 1.0, -2.5, 3.5, 0, 0, fruits.contains(food), 4.0
4, 3451, -2.0, 1.0, -2.5, 4.0, 0, 0, fruits.contains(food), 5.0
4, 3452, -2.0, 1.0, -2.5, 4.5, 5, 1, food.contains(food), 5.0
4, 3453, -2.0, 1.0, -2.5, 5.0, 5, 2, food.contains(food), 6.0
4, 3454, -2.0, 1.0, -2.0, 0.0, 11, 0, contains(), -1.0
4, 3455, -2.0, 1.0, -2.0, 0.5, 11, 0, contains(), -1.0
4, 3456, -2.0, 1.0, -2.0, 1.0, 11, 0, contains(), -1.0
4, 3457, -2.0, 1.0, -2.0, 1.5, 9, 0, food.contains(), -0.5
4, 3458, -2.0, 1.0, -2.0, 2.0, 9, 0, food.contains(), 0.0
4, 3459, -2.0, 1.0, -2.0, 2.5, 0, 0, fruits.contains(food), 2.0
4, 3460, -2.0, 1.0, -2.0, 3.0, 0, 0, fruits.contains(food), 3.0
4, 3461, -2.0, 1.0, -2.0, 3.5, 0, 0, fruits.contains(food), 4.0
4, 3462, -2.0, 1.0, -2.0, 4.0, 0, 0, fruits.contains(food), 5.0
4, 3463, -2.0, 1.0, -2.0, 4.5, 5, 1, food.contains(food), 5.0
4, 3464, -2.0, 1.0, -2.0, 5.0, 5, 2, food.contains(food), 6.0
4, 3465, -2.0, 1.0, -1.5, 0.0, 11, 0, contains(), -1.0
4, 3466, -2.0, 1.0, -1.5, 0.5, 11, 0, contains(), -1.0
4, 3467, -2.0, 1.0, -1.5, 1.0, 11, 0, contains(), -1.0
4, 3468, -2.0, 1.0, -1.5, 1.5, 9, 0, food.contains(), -0.5
4, 3469, -2.0, 1.0, -1.5, 2.0, 9, 0, food.contains(), 0.0
4, 3470, -2.0, 1.0, -1.5, 2.5, 0, 0, fruits.contains(food), 2.0
4, 3471, -2.0, 1.0, -1.5, 3.0, 0, 0, fruits.contains(food), 3.0
4, 3472, -2.0, 1.0, -1.5, 3.5, 0, 0, fruits.contains(food), 4.0
4, 3473, -2.0, 1.0, -1.5, 4.0, 0, 0, fruits.contains(food), 5.0
4, 3474, -2.0, 1.0, -1.5, 4.5, 5, 2, food.contains(food), 5.0
4, 3475, -2.0, 1.0, -1.5, 5.0, 5, 31, fruits.containsAll(), 1.5
4, 3476, -2.0, 1.0, -1.0, 0.0, 11, 0, contains(), -1.0
4, 3477, -2.0, 1.0, -1.0, 0.5, 11, 0, contains(), -1.0
4, 3478, -2.0, 1.0, -1.0, 1.0, 11, 0, contains(), -1.0
4, 3479, -2.0, 1.0, -1.0, 1.5, 9, 0, food.contains(), -0.5
4, 3480, -2.0, 1.0, -1.0, 2.0, 9, 0, food.contains(), 0.0
4, 3481, -2.0, 1.0, -1.0, 2.5, 0, 0, fruits.contains(food), 2.0
4, 3482, -2.0, 1.0, -1.0, 3.0, 0, 0, fruits.contains(food), 3.0
4, 3483, -2.0, 1.0, -1.0, 3.5, 0, 0, fruits.contains(food), 4.0
4, 3484, -2.0, 1.0, -1.0, 4.0, 0, 0, fruits.contains(food), 5.0
4, 3485, -2.0, 1.0, -1.0, 4.5, 5, 32, fruits.containsAll(), 1.5
4, 3486, -2.0, 1.0, -1.0, 5.0, 5, 37, fruits.containsAll(), 2.0
4, 3487, -2.0, 1.0, -0.5, 0.0, 11, 0, contains(), -1.0
4, 3488, -2.0, 1.0, -0.5, 0.5, 11, 0, contains(), -1.0
4, 3489, -2.0, 1.0, -0.5, 1.0, 11, 0, contains(), -1.0
4, 3490, -2.0, 1.0, -0.5, 1.5, 9, 0, food.contains(), -0.5
4, 3491, -2.0, 1.0, -0.5, 2.0, 9, 1, food.contains(), 0.0
4, 3492, -2.0, 1.0, -0.5, 2.5, 0, 0, fruits.contains(food), 2.0
4, 3493, -2.0, 1.0, -0.5, 3.0, 0, 0, fruits.contains(food), 3.0
4, 3494, -2.0, 1.0, -0.5, 3.5, 5, 4, food.contains(food), 3.0
4, 3495, -2.0, 1.0, -0.5, 4.0, 5, 33, fruits.containsAll(), 1.5
4, 3496, -2.0, 1.0, -0.5, 4.5, 5, 43, fruits.containsAll(), 2.0
4, 3497, -2.0, 1.0, -0.5, 5.0, 5, 44, fruits.containsAll(), 2.5
4, 3498, -2.0, 1.0, 0.0, 0.0, 11, 2, contains(), -1.0
4, 3499, -2.0, 1.0, 0.0, 0.5, 11, 2, contains(), -1.0
4, 3500, -2.0, 1.0, 0.0, 1.0, 11, 2, contains(), -1.0
4, 3501, -2.0, 1.0, 0.0, 1.5, 9, 2, food.contains(), -0.5
4, 3502, -2.0, 1.0, 0.0, 2.0, 9, 2, food.contains(), 0.0
4, 3503, -2.0, 1.0, 0.0, 2.5, 5, 8, food.contains(food), 1.0
4, 3504, -2.0, 1.0, 0.0, 3.0, 5, 14, food.contains(food), 2.0
4, 3505, -2.0, 1.0, 0.0, 3.5, 5, 37, fruits.containsAll(), 1.5
4, 3506, -2.0, 1.0, 0.0, 4.0, 5, 45, fruits.containsAll(), 2.0
4, 3507, -2.0, 1.0, 0.0, 4.5, 5, 46, fruits.containsAll(), 2.5
4, 3508, -2.0, 1.0, 0.0, 5.0, 5, 62, fruits.containsAll(), 3.0
4, 3509, -1.5, 1.0, -5.0, 0.0, 11, 0, contains(), -0.5
4, 3510, -1.5, 1.0, -5.0, 0.5, 11, 0, contains(), -0.5
4, 3511, -1.5, 1.0, -5.0, 1.0, 9, 0, food.contains(), 0.0
4, 3512, -1.5, 1.0, -5.0, 1.5, 0, 0, fruits.contains(food), 1.5
4, 3513, -1.5, 1.0, -5.0, 2.0, 0, 0, fruits.contains(food), 2.5
4, 3514, -1.5, 1.0, -5.0, 2.5, 0, 0, fruits.contains(food), 3.5
4, 3515, -1.5, 1.0, -5.0, 3.0, 0, 0, fruits.contains(food), 4.5
4, 3516, -1.5, 1.0, -5.0, 3.5, 5, 1, food.contains(food), 4.5
4, 3517, -1.5, 1.0, -5.0, 4.0, 5, 1, food.contains(food), 5.5
4, 3518, -1.5, 1.0, -5.0, 4.5, 5, 1, food.contains(food), 6.5
4, 3519, -1.5, 1.0, -5.0, 5.0, 5, 1, food.contains(food), 7.5
4, 3520, -1.5, 1.0, -4.5, 0.0, 11, 0, contains(), -0.5
4, 3521, -1.5, 1.0, -4.5, 0.5, 11, 0, contains(), -0.5
4, 3522, -1.5, 1.0, -4.5, 1.0, 9, 0, food.contains(), 0.0
4, 3523, -1.5, 1.0, -4.5, 1.5, 0, 0, fruits.contains(food), 1.5
4, 3524, -1.5, 1.0, -4.5, 2.0, 0, 0, fruits.contains(food), 2.5
4, 3525, -1.5, 1.0, -4.5, 2.5, 0, 0, fruits.contains(food), 3.5
4, 3526, -1.5, 1.0, -4.5, 3.0, 0, 0, fruits.contains(food), 4.5
4, 3527, -1.5, 1.0, -4.5, 3.5, 5, 1, food.contains(food), 4.5
4, 3528, -1.5, 1.0, -4.5, 4.0, 5, 1, food.contains(food), 5.5
4, 3529, -1.5, 1.0, -4.5, 4.5, 5, 1, food.contains(food), 6.5
4, 3530, -1.5, 1.0, -4.5, 5.0, 5, 2, food.contains(food), 7.5
4, 3531, -1.5, 1.0, -4.0, 0.0, 11, 0, contains(), -0.5
4, 3532, -1.5, 1.0, -4.0, 0.5, 11, 0, contains(), -0.5
4, 3533, -1.5, 1.0, -4.0, 1.0, 9, 0, food.contains(), 0.0
4, 3534, -1.5, 1.0, -4.0, 1.5, 0, 0, fruits.contains(food), 1.5
4, 3535, -1.5, 1.0, -4.0, 2.0, 0, 0, fruits.contains(food), 2.5
4, 3536, -1.5, 1.0, -4.0, 2.5, 0, 0, fruits.contains(food), 3.5
4, 3537, -1.5, 1.0, -4.0, 3.0, 0, 0, fruits.contains(food), 4.5
4, 3538, -1.5, 1.0, -4.0, 3.5, 5, 1, food.contains(food), 4.5
4, 3539, -1.5, 1.0, -4.0, 4.0, 5, 1, food.contains(food), 5.5
4, 3540, -1.5, 1.0, -4.0, 4.5, 5, 1, food.contains(food), 6.5
4, 3541, -1.5, 1.0, -4.0, 5.0, 5, 2, food.contains(food), 7.5
4, 3542, -1.5, 1.0, -3.5, 0.0, 11, 0, contains(), -0.5
4, 3543, -1.5, 1.0, -3.5, 0.5, 11, 0, contains(), -0.5
4, 3544, -1.5, 1.0, -3.5, 1.0, 9, 0, food.contains(), 0.0
4, 3545, -1.5, 1.0, -3.5, 1.5, 0, 0, fruits.contains(food), 1.5
4, 3546, -1.5, 1.0, -3.5, 2.0, 0, 0, fruits.contains(food), 2.5
4, 3547, -1.5, 1.0, -3.5, 2.5, 0, 0, fruits.contains(food), 3.5
4, 3548, -1.5, 1.0, -3.5, 3.0, 0, 0, fruits.contains(food), 4.5
4, 3549, -1.5, 1.0, -3.5, 3.5, 5, 1, food.contains(food), 4.5
4, 3550, -1.5, 1.0, -3.5, 4.0, 5, 1, food.contains(food), 5.5
4, 3551, -1.5, 1.0, -3.5, 4.5, 5, 2, food.contains(food), 6.5
4, 3552, -1.5, 1.0, -3.5, 5.0, 5, 2, food.contains(food), 7.5
4, 3553, -1.5, 1.0, -3.0, 0.0, 11, 0, contains(), -0.5
4, 3554, -1.5, 1.0, -3.0, 0.5, 11, 0, contains(), -0.5
4, 3555, -1.5, 1.0, -3.0, 1.0, 9, 0, food.contains(), 0.0
4, 3556, -1.5, 1.0, -3.0, 1.5, 0, 0, fruits.contains(food), 1.5
4, 3557, -1.5, 1.0, -3.0, 2.0, 0, 0, fruits.contains(food), 2.5
4, 3558, -1.5, 1.0, -3.0, 2.5, 0, 0, fruits.contains(food), 3.5
4, 3559, -1.5, 1.0, -3.0, 3.0, 0, 0, fruits.contains(food), 4.5
4, 3560, -1.5, 1.0, -3.0, 3.5, 5, 1, food.contains(food), 4.5
4, 3561, -1.5, 1.0, -3.0, 4.0, 5, 1, food.contains(food), 5.5
4, 3562, -1.5, 1.0, -3.0, 4.5, 5, 2, food.contains(food), 6.5
4, 3563, -1.5, 1.0, -3.0, 5.0, 5, 2, food.contains(food), 7.5
4, 3564, -1.5, 1.0, -2.5, 0.0, 11, 0, contains(), -0.5
4, 3565, -1.5, 1.0, -2.5, 0.5, 11, 0, contains(), -0.5
4, 3566, -1.5, 1.0, -2.5, 1.0, 9, 0, food.contains(), 0.0
4, 3567, -1.5, 1.0, -2.5, 1.5, 0, 0, fruits.contains(food), 1.5
4, 3568, -1.5, 1.0, -2.5, 2.0, 0, 0, fruits.contains(food), 2.5
4, 3569, -1.5, 1.0, -2.5, 2.5, 0, 0, fruits.contains(food), 3.5
4, 3570, -1.5, 1.0, -2.5, 3.0, 0, 0, fruits.contains(food), 4.5
4, 3571, -1.5, 1.0, -2.5, 3.5, 5, 1, food.contains(food), 4.5
4, 3572, -1.5, 1.0, -2.5, 4.0, 5, 2, food.contains(food), 5.5
4, 3573, -1.5, 1.0, -2.5, 4.5, 5, 2, food.contains(food), 6.5
4, 3574, -1.5, 1.0, -2.5, 5.0, 5, 29, fruits.containsAll(), 1.5
4, 3575, -1.5, 1.0, -2.0, 0.0, 11, 0, contains(), -0.5
4, 3576, -1.5, 1.0, -2.0, 0.5, 11, 0, contains(), -0.5
4, 3577, -1.5, 1.0, -2.0, 1.0, 9, 0, food.contains(), 0.0
4, 3578, -1.5, 1.0, -2.0, 1.5, 0, 0, fruits.contains(food), 1.5
4, 3579, -1.5, 1.0, -2.0, 2.0, 0, 0, fruits.contains(food), 2.5
4, 3580, -1.5, 1.0, -2.0, 2.5, 0, 0, fruits.contains(food), 3.5
4, 3581, -1.5, 1.0, -2.0, 3.0, 0, 0, fruits.contains(food), 4.5
4, 3582, -1.5, 1.0, -2.0, 3.5, 5, 1, food.contains(food), 4.5
4, 3583, -1.5, 1.0, -2.0, 4.0, 5, 2, food.contains(food), 5.5
4, 3584, -1.5, 1.0, -2.0, 4.5, 5, 29, fruits.containsAll(), 1.5
4, 3585, -1.5, 1.0, -2.0, 5.0, 5, 33, fruits.containsAll(), 2.0
4, 3586, -1.5, 1.0, -1.5, 0.0, 11, 0, contains(), -0.5
4, 3587, -1.5, 1.0, -1.5, 0.5, 11, 0, contains(), -0.5
4, 3588, -1.5, 1.0, -1.5, 1.0, 9, 0, food.contains(), 0.0
4, 3589, -1.5, 1.0, -1.5, 1.5, 0, 0, fruits.contains(food), 1.5
4, 3590, -1.5, 1.0, -1.5, 2.0, 0, 0, fruits.contains(food), 2.5
4, 3591, -1.5, 1.0, -1.5, 2.5, 0, 0, fruits.contains(food), 3.5
4, 3592, -1.5, 1.0, -1.5, 3.0, 0, 0, fruits.contains(food), 4.5
4, 3593, -1.5, 1.0, -1.5, 3.5, 5, 2, food.contains(food), 4.5
4, 3594, -1.5, 1.0, -1.5, 4.0, 5, 29, fruits.containsAll(), 1.5
4, 3595, -1.5, 1.0, -1.5, 4.5, 5, 33, fruits.containsAll(), 2.0
4, 3596, -1.5, 1.0, -1.5, 5.0, 5, 38, fruits.containsAll(), 2.5
4, 3597, -1.5, 1.0, -1.0, 0.0, 11, 0, contains(), -0.5
4, 3598, -1.5, 1.0, -1.0, 0.5, 11, 0, contains(), -0.5
4, 3599, -1.5, 1.0, -1.0, 1.0, 9, 0, food.contains(), 0.0
4, 3600, -1.5, 1.0, -1.0, 1.5, 0, 0, fruits.contains(food), 1.5
4, 3601, -1.5, 1.0, -1.0, 2.0, 0, 0, fruits.contains(food), 2.5
4, 3602, -1.5, 1.0, -1.0, 2.5, 0, 0, fruits.contains(food), 3.5
4, 3603, -1.5, 1.0, -1.0, 3.0, 0, 0, fruits.contains(food), 4.5
4, 3604, -1.5, 1.0, -1.0, 3.5, 5, 29, fruits.containsAll(), 1.5
4, 3605, -1.5, 1.0, -1.0, 4.0, 5, 34, fruits.containsAll(), 2.0
4, 3606, -1.5, 1.0, -1.0, 4.5, 5, 42, fruits.containsAll(), 2.5
4, 3607, -1.5, 1.0, -1.0, 5.0, 5, 43, fruits.containsAll(), 3.0
4, 3608, -1.5, 1.0, -0.5, 0.0, 11, 0, contains(), -0.5
4, 3609, -1.5, 1.0, -0.5, 0.5, 11, 0, contains(), -0.5
4, 3610, -1.5, 1.0, -0.5, 1.0, 9, 0, food.contains(), 0.0
4, 3611, -1.5, 1.0, -0.5, 1.5, 0, 0, fruits.contains(food), 1.5
4, 3612, -1.5, 1.0, -0.5, 2.0, 0, 0, fruits.contains(food), 2.5
4, 3613, -1.5, 1.0, -0.5, 2.5, 0, 0, fruits.contains(food), 3.5
4, 3614, -1.5, 1.0, -0.5, 3.0, 5, 31, fruits.containsAll(), 1.5
4, 3615, -1.5, 1.0, -0.5, 3.5, 5, 40, fruits.containsAll(), 2.0
4, 3616, -1.5, 1.0, -0.5, 4.0, 5, 44, fruits.containsAll(), 2.5
4, 3617, -1.5, 1.0, -0.5, 4.5, 5, 45, fruits.containsAll(), 3.0
4, 3618, -1.5, 1.0, -0.5, 5.0, 5, 48, fruits.containsAll(), 3.5
4, 3619, -1.5, 1.0, 0.0, 0.0, 11, 2, contains(), -0.5
4, 3620, -1.5, 1.0, 0.0, 0.5, 11, 2, contains(), -0.5
4, 3621, -1.5, 1.0, 0.0, 1.0, 9, 2, food.contains(), 0.0
4, 3622, -1.5, 1.0, 0.0, 1.5, 0, 0, fruits.contains(food), 1.5
4, 3623, -1.5, 1.0, 0.0, 2.0, 5, 6, food.contains(food), 1.5
4, 3624, -1.5, 1.0, 0.0, 2.5, 5, 33, fruits.containsAll(), 1.5
4, 3625, -1.5, 1.0, 0.0, 3.0, 5, 45, fruits.containsAll(), 2.0
4, 3626, -1.5, 1.0, 0.0, 3.5, 5, 47, fruits.containsAll(), 2.5
4, 3627, -1.5, 1.0, 0.0, 4.0, 5, 116, fruits.containsAll(), 3.0
4, 3628, -1.5, 1.0, 0.0, 4.5, 5, 122, fruits.containsAll(), 3.5
4, 3629, -1.5, 1.0, 0.0, 5.0, 5, 123, fruits.containsAll(), 4.0
4, 3630, -1.0, 1.0, -5.0, 0.0, 11, 0, contains(), 0.0
4, 3631, -1.0, 1.0, -5.0, 0.5, 0, 0, fruits.contains(food), 1.0
4, 3632, -1.0, 1.0, -5.0, 1.0, 0, 0, fruits.contains(food), 2.0
4, 3633, -1.0, 1.0, -5.0, 1.5, 0, 0, fruits.contains(food), 3.0
4, 3634, -1.0, 1.0, -5.0, 2.0, 0, 0, fruits.contains(food), 4.0
4, 3635, -1.0, 1.0, -5.0, 2.5, 5, 2, food.contains(food), 4.0
4, 3636, -1.0, 1.0, -5.0, 3.0, 5, 2, food.contains(food), 5.0
4, 3637, -1.0, 1.0, -5.0, 3.5, 5, 2, food.contains(food), 6.0
4, 3638, -1.0, 1.0, -5.0, 4.0, 5, 2, food.contains(food), 7.0
4, 3639, -1.0, 1.0, -5.0, 4.5, 5, 3, food.contains(food), 8.0
4, 3640, -1.0, 1.0, -5.0, 5.0, 5, 3, food.contains(food), 9.0
4, 3641, -1.0, 1.0, -4.5, 0.0, 11, 0, contains(), 0.0
4, 3642, -1.0, 1.0, -4.5, 0.5, 0, 0, fruits.contains(food), 1.0
4, 3643, -1.0, 1.0, -4.5, 1.0, 0, 0, fruits.contains(food), 2.0
4, 3644, -1.0, 1.0, -4.5, 1.5, 0, 0, fruits.contains(food), 3.0
4, 3645, -1.0, 1.0, -4.5, 2.0, 0, 0, fruits.contains(food), 4.0
4, 3646, -1.0, 1.0, -4.5, 2.5, 5, 2, food.contains(food), 4.0
4, 3647, -1.0, 1.0, -4.5, 3.0, 5, 2, food.contains(food), 5.0
4, 3648, -1.0, 1.0, -4.5, 3.5, 5, 2, food.contains(food), 6.0
4, 3649, -1.0, 1.0, -4.5, 4.0, 5, 3, food.contains(food), 7.0
4, 3650, -1.0, 1.0, -4.5, 4.5, 5, 3, food.contains(food), 8.0
4, 3651, -1.0, 1.0, -4.5, 5.0, 5, 3, food.contains(food), 9.0
4, 3652, -1.0, 1.0, -4.0, 0.0, 11, 0, contains(), 0.0
4, 3653, -1.0, 1.0, -4.0, 0.5, 0, 0, fruits.contains(food), 1.0
4, 3654, -1.0, 1.0, -4.0, 1.0, 0, 0, fruits.contains(food), 2.0
4, 3655, -1.0, 1.0, -4.0, 1.5, 0, 0, fruits.contains(food), 3.0
4, 3656, -1.0, 1.0, -4.0, 2.0, 0, 0, fruits.contains(food), 4.0
4, 3657, -1.0, 1.0, -4.0, 2.5, 5, 2, food.contains(food), 4.0
4, 3658, -1.0, 1.0, -4.0, 3.0, 5, 2, food.contains(food), 5.0
4, 3659, -1.0, 1.0, -4.0, 3.5, 5, 2, food.contains(food), 6.0
4, 3660, -1.0, 1.0, -4.0, 4.0, 5, 3, food.contains(food), 7.0
4, 3661, -1.0, 1.0, -4.0, 4.5, 5, 3, food.contains(food), 8.0
4, 3662, -1.0, 1.0, -4.0, 5.0, 5, 3, food.contains(food), 9.0
4, 3663, -1.0, 1.0, -3.5, 0.0, 11, 0, contains(), 0.0
4, 3664, -1.0, 1.0, -3.5, 0.5, 0, 0, fruits.contains(food), 1.0
4, 3665, -1.0, 1.0, -3.5, 1.0, 0, 0, fruits.contains(food), 2.0
4, 3666, -1.0, 1.0, -3.5, 1.5, 0, 0, fruits.contains(food), 3.0
4, 3667, -1.0, 1.0, -3.5, 2.0, 0, 0, fruits.contains(food), 4.0
4, 3668, -1.0, 1.0, -3.5, 2.5, 5, 2, food.contains(food), 4.0
4, 3669, -1.0, 1.0, -3.5, 3.0, 5, 2, food.contains(food), 5.0
4, 3670, -1.0, 1.0, -3.5, 3.5, 5, 3, food.contains(food), 6.0
4, 3671, -1.0, 1.0, -3.5, 4.0, 5, 3, food.contains(food), 7.0
4, 3672, -1.0, 1.0, -3.5, 4.5, 5, 3, food.contains(food), 8.0
4, 3673, -1.0, 1.0, -3.5, 5.0, 5, 29, fruits.containsAll(), 1.5
4, 3674, -1.0, 1.0, -3.0, 0.0, 11, 0, contains(), 0.0
4, 3675, -1.0, 1.0, -3.0, 0.5, 0, 0, fruits.contains(food), 1.0
4, 3676, -1.0, 1.0, -3.0, 1.0, 0, 0, fruits.contains(food), 2.0
4, 3677, -1.0, 1.0, -3.0, 1.5, 0, 0, fruits.contains(food), 3.0
4, 3678, -1.0, 1.0, -3.0, 2.0, 0, 0, fruits.contains(food), 4.0
4, 3679, -1.0, 1.0, -3.0, 2.5, 5, 2, food.contains(food), 4.0
4, 3680, -1.0, 1.0, -3.0, 3.0, 5, 2, food.contains(food), 5.0
4, 3681, -1.0, 1.0, -3.0, 3.5, 5, 3, food.contains(food), 6.0
4, 3682, -1.0, 1.0, -3.0, 4.0, 5, 3, food.contains(food), 7.0
4, 3683, -1.0, 1.0, -3.0, 4.5, 5, 29, fruits.containsAll(), 1.5
4, 3684, -1.0, 1.0, -3.0, 5.0, 5, 32, fruits.containsAll(), 2.0
4, 3685, -1.0, 1.0, -2.5, 0.0, 11, 0, contains(), 0.0
4, 3686, -1.0, 1.0, -2.5, 0.5, 0, 0, fruits.contains(food), 1.0
4, 3687, -1.0, 1.0, -2.5, 1.0, 0, 0, fruits.contains(food), 2.0
4, 3688, -1.0, 1.0, -2.5, 1.5, 0, 0, fruits.contains(food), 3.0
4, 3689, -1.0, 1.0, -2.5, 2.0, 0, 0, fruits.contains(food), 4.0
4, 3690, -1.0, 1.0, -2.5, 2.5, 5, 2, food.contains(food), 4.0
4, 3691, -1.0, 1.0, -2.5, 3.0, 5, 3, food.contains(food), 5.0
4, 3692, -1.0, 1.0, -2.5, 3.5, 5, 3, food.contains(food), 6.0
4, 3693, -1.0, 1.0, -2.5, 4.0, 5, 29, fruits.containsAll(), 1.5
4, 3694, -1.0, 1.0, -2.5, 4.5, 5, 32, fruits.containsAll(), 2.0
4, 3695, -1.0, 1.0, -2.5, 5.0, 5, 33, fruits.containsAll(), 2.5
4, 3696, -1.0, 1.0, -2.0, 0.0, 11, 0, contains(), 0.0
4, 3697, -1.0, 1.0, -2.0, 0.5, 0, 0, fruits.contains(food), 1.0
4, 3698, -1.0, 1.0, -2.0, 1.0, 0, 0, fruits.contains(food), 2.0
4, 3699, -1.0, 1.0, -2.0, 1.5, 0, 0, fruits.contains(food), 3.0
4, 3700, -1.0, 1.0, -2.0, 2.0, 0, 0, fruits.contains(food), 4.0
4, 3701, -1.0, 1.0, -2.0, 2.5, 5, 2, food.contains(food), 4.0
4, 3702, -1.0, 1.0, -2.0, 3.0, 5, 3, food.contains(food), 5.0
4, 3703, -1.0, 1.0, -2.0, 3.5, 5, 29, fruits.containsAll(), 1.5
4, 3704, -1.0, 1.0, -2.0, 4.0, 5, 32, fruits.containsAll(), 2.0
4, 3705, -1.0, 1.0, -2.0, 4.5, 5, 33, fruits.containsAll(), 2.5
4, 3706, -1.0, 1.0, -2.0, 5.0, 5, 38, fruits.containsAll(), 3.0
4, 3707, -1.0, 1.0, -1.5, 0.0, 11, 0, contains(), 0.0
4, 3708, -1.0, 1.0, -1.5, 0.5, 0, 0, fruits.contains(food), 1.0
4, 3709, -1.0, 1.0, -1.5, 1.0, 0, 0, fruits.contains(food), 2.0
4, 3710, -1.0, 1.0, -1.5, 1.5, 0, 0, fruits.contains(food), 3.0
4, 3711, -1.0, 1.0, -1.5, 2.0, 0, 0, fruits.contains(food), 4.0
4, 3712, -1.0, 1.0, -1.5, 2.5, 5, 3, food.contains(food), 4.0
4, 3713, -1.0, 1.0, -1.5, 3.0, 5, 29, fruits.containsAll(), 1.5
4, 3714, -1.0, 1.0, -1.5, 3.5, 5, 33, fruits.containsAll(), 2.0
4, 3715, -1.0, 1.0, -1.5, 4.0, 5, 35, fruits.containsAll(), 2.5
4, 3716, -1.0, 1.0, -1.5, 4.5, 5, 42, fruits.containsAll(), 3.0
4, 3717, -1.0, 1.0, -1.5, 5.0, 5, 42, fruits.containsAll(), 3.5
4, 3718, -1.0, 1.0, -1.0, 0.0, 11, 0, contains(), 0.0
4, 3719, -1.0, 1.0, -1.0, 0.5, 0, 0, fruits.contains(food), 1.0
4, 3720, -1.0, 1.0, -1.0, 1.0, 0, 0, fruits.contains(food), 2.0
4, 3721, -1.0, 1.0, -1.0, 1.5, 0, 0, fruits.contains(food), 3.0
4, 3722, -1.0, 1.0, -1.0, 2.0, 0, 0, fruits.contains(food), 4.0
4, 3723, -1.0, 1.0, -1.0, 2.5, 5, 29, fruits.containsAll(), 1.5
4, 3724, -1.0, 1.0, -1.0, 3.0, 5, 34, fruits.containsAll(), 2.0
4, 3725, -1.0, 1.0, -1.0, 3.5, 5, 40, fruits.containsAll(), 2.5
4, 3726, -1.0, 1.0, -1.0, 4.0, 5, 42, fruits.containsAll(), 3.0
4, 3727, -1.0, 1.0, -1.0, 4.5, 5, 47, fruits.containsAll(), 3.5
4, 3728, -1.0, 1.0, -1.0, 5.0, 5, 48, fruits.containsAll(), 4.0
4, 3729, -1.0, 1.0, -0.5, 0.0, 11, 0, contains(), 0.0
4, 3730, -1.0, 1.0, -0.5, 0.5, 0, 0, fruits.contains(food), 1.0
4, 3731, -1.0, 1.0, -0.5, 1.0, 0, 0, fruits.contains(food), 2.0
4, 3732, -1.0, 1.0, -0.5, 1.5, 0, 0, fruits.contains(food), 3.0
4, 3733, -1.0, 1.0, -0.5, 2.0, 5, 29, fruits.containsAll(), 1.5
4, 3734, -1.0, 1.0, -0.5, 2.5, 5, 37, fruits.containsAll(), 2.0
4, 3735, -1.0, 1.0, -0.5, 3.0, 5, 44, fruits.containsAll(), 2.5
4, 3736, -1.0, 1.0, -0.5, 3.5, 5, 48, fruits.containsAll(), 3.0
4, 3737, -1.0, 1.0, -0.5, 4.0, 5, 57, fruits.containsAll(), 3.5
4, 3738, -1.0, 1.0, -0.5, 4.5, 5, 76, fruits.containsAll(), 4.0
4, 3739, -1.0, 1.0, -0.5, 5.0, 5, 93, fruits.containsAll(), 4.5
4, 3740, -1.0, 1.0, 0.0, 0.0, 11, 2, contains(), 0.0
4, 3741, -1.0, 1.0, 0.0, 0.5, 0, 0, fruits.contains(food), 1.0
4, 3742, -1.0, 1.0, 0.0, 1.0, 0, 0, fruits.contains(food), 2.0
4, 3743, -1.0, 1.0, 0.0, 1.5, 5, 19, food.contains(food), 2.0
4, 3744, -1.0, 1.0, 0.0, 2.0, 5, 42, fruits.containsAll(), 2.0
4, 3745, -1.0, 1.0, 0.0, 2.5, 5, 100, fruits.containsAll(), 2.5
4, 3746, -1.0, 1.0, 0.0, 3.0, 5, 117, fruits.containsAll(), 3.0
4, 3747, -1.0, 1.0, 0.0, 3.5, 5, 143, fruits.containsAll(), 3.5
4, 3748, -1.0, 1.0, 0.0, 4.0, 5, 156, fruits.containsAll(), 4.0
4, 3749, -1.0, 1.0, 0.0, 4.5, 5, 160, fruits.containsAll(), 4.5
4, 3750, -1.0, 1.0, 0.0, 5.0, 5, 160, fruits.containsAll(), 5.0
4, 3751, -0.5, 1.0, -5.0, 0.0, 0, 0, fruits.contains(food), 1.5
4, 3752, -0.5, 1.0, -5.0, 0.5, 0, 0, fruits.contains(food), 2.5
4, 3753, -0.5, 1.0, -5.0, 1.0, 0, 0, fruits.contains(food), 3.5
4, 3754, -0.5, 1.0, -5.0, 1.5, 5, 2, food.contains(food), 3.5
4, 3755, -0.5, 1.0, -5.0, 2.0, 5, 2, food.contains(food), 4.5
4, 3756, -0.5, 1.0, -5.0, 2.5, 5, 2, food.contains(food), 5.5
4, 3757, -0.5, 1.0, -5.0, 3.0, 5, 2, food.contains(food), 6.5
4, 3758, -0.5, 1.0, -5.0, 3.5, 5, 3, food.contains(food), 7.5
4, 3759, -0.5, 1.0, -5.0, 4.0, 5, 3, food.contains(food), 8.5
4, 3760, -0.5, 1.0, -5.0, 4.5, 5, 3, food.contains(food), 9.5
4, 3761, -0.5, 1.0, -5.0, 5.0, 5, 3, food.contains(food), 10.5
4, 3762, -0.5, 1.0, -4.5, 0.0, 0, 0, fruits.contains(food), 1.5
4, 3763, -0.5, 1.0, -4.5, 0.5, 0, 0, fruits.contains(food), 2.5
4, 3764, -0.5, 1.0, -4.5, 1.0, 0, 0, fruits.contains(food), 3.5
4, 3765, -0.5, 1.0, -4.5, 1.5, 5, 2, food.contains(food), 3.5
4, 3766, -0.5, 1.0, -4.5, 2.0, 5, 2, food.contains(food), 4.5
4, 3767, -0.5, 1.0, -4.5, 2.5, 5, 2, food.contains(food), 5.5
4, 3768, -0.5, 1.0, -4.5, 3.0, 5, 3, food.contains(food), 6.5
4, 3769, -0.5, 1.0, -4.5, 3.5, 5, 3, food.contains(food), 7.5
4, 3770, -0.5, 1.0, -4.5, 4.0, 5, 3, food.contains(food), 8.5
4, 3771, -0.5, 1.0, -4.5, 4.5, 5, 3, food.contains(food), 9.5
4, 3772, -0.5, 1.0, -4.5, 5.0, 5, 24, fruits.containsAll(), 1.5
4, 3773, -0.5, 1.0, -4.0, 0.0, 0, 0, fruits.contains(food), 1.5
4, 3774, -0.5, 1.0, -4.0, 0.5, 0, 0, fruits.contains(food), 2.5
4, 3775, -0.5, 1.0, -4.0, 1.0, 0, 0, fruits.contains(food), 3.5
4, 3776, -0.5, 1.0, -4.0, 1.5, 5, 2, food.contains(food), 3.5
4, 3777, -0.5, 1.0, -4.0, 2.0, 5, 2, food.contains(food), 4.5
4, 3778, -0.5, 1.0, -4.0, 2.5, 5, 2, food.contains(food), 5.5
4, 3779, -0.5, 1.0, -4.0, 3.0, 5, 3, food.contains(food), 6.5
4, 3780, -0.5, 1.0, -4.0, 3.5, 5, 3, food.contains(food), 7.5
4, 3781, -0.5, 1.0, -4.0, 4.0, 5, 3, food.contains(food), 8.5
4, 3782, -0.5, 1.0, -4.0, 4.5, 5, 24, fruits.containsAll(), 1.5
4, 3783, -0.5, 1.0, -4.0, 5.0, 5, 29, fruits.containsAll(), 2.0
4, 3784, -0.5, 1.0, -3.5, 0.0, 0, 0, fruits.contains(food), 1.5
4, 3785, -0.5, 1.0, -3.5, 0.5, 0, 0, fruits.contains(food), 2.5
4, 3786, -0.5, 1.0, -3.5, 1.0, 0, 0, fruits.contains(food), 3.5
4, 3787, -0.5, 1.0, -3.5, 1.5, 5, 2, food.contains(food), 3.5
4, 3788, -0.5, 1.0, -3.5, 2.0, 5, 2, food.contains(food), 4.5
4, 3789, -0.5, 1.0, -3.5, 2.5, 5, 3, food.contains(food), 5.5
4, 3790, -0.5, 1.0, -3.5, 3.0, 5, 3, food.contains(food), 6.5
4, 3791, -0.5, 1.0, -3.5, 3.5, 5, 3, food.contains(food), 7.5
4, 3792, -0.5, 1.0, -3.5, 4.0, 5, 24, fruits.containsAll(), 1.5
4, 3793, -0.5, 1.0, -3.5, 4.5, 5, 29, fruits.containsAll(), 2.0
4, 3794, -0.5, 1.0, -3.5, 5.0, 5, 33, fruits.containsAll(), 2.5
4, 3795, -0.5, 1.0, -3.0, 0.0, 0, 0, fruits.contains(food), 1.5
4, 3796, -0.5, 1.0, -3.0, 0.5, 0, 0, fruits.contains(food), 2.5
4, 3797, -0.5, 1.0, -3.0, 1.0, 0, 0, fruits.contains(food), 3.5
4, 3798, -0.5, 1.0, -3.0, 1.5, 5, 2, food.contains(food), 3.5
4, 3799, -0.5, 1.0, -3.0, 2.0, 5, 2, food.contains(food), 4.5
4, 3800, -0.5, 1.0, -3.0, 2.5, 5, 3, food.contains(food), 5.5
4, 3801, -0.5, 1.0, -3.0, 3.0, 5, 3, food.contains(food), 6.5
4, 3802, -0.5, 1.0, -3.0, 3.5, 5, 24, fruits.containsAll(), 1.5
4, 3803, -0.5, 1.0, -3.0, 4.0, 5, 29, fruits.containsAll(), 2.0
4, 3804, -0.5, 1.0, -3.0, 4.5, 5, 33, fruits.containsAll(), 2.5
4, 3805, -0.5, 1.0, -3.0, 5.0, 5, 33, fruits.containsAll(), 3.0
4, 3806, -0.5, 1.0, -2.5, 0.0, 0, 0, fruits.contains(food), 1.5
4, 3807, -0.5, 1.0, -2.5, 0.5, 0, 0, fruits.contains(food), 2.5
4, 3808, -0.5, 1.0, -2.5, 1.0, 0, 0, fruits.contains(food), 3.5
4, 3809, -0.5, 1.0, -2.5, 1.5, 5, 2, food.contains(food), 3.5
4, 3810, -0.5, 1.0, -2.5, 2.0, 5, 3, food.contains(food), 4.5
4, 3811, -0.5, 1.0, -2.5, 2.5, 5, 3, food.contains(food), 5.5
4, 3812, -0.5, 1.0, -2.5, 3.0, 5, 24, fruits.containsAll(), 1.5
4, 3813, -0.5, 1.0, -2.5, 3.5, 5, 29, fruits.containsAll(), 2.0
4, 3814, -0.5, 1.0, -2.5, 4.0, 5, 33, fruits.containsAll(), 2.5
4, 3815, -0.5, 1.0, -2.5, 4.5, 5, 34, fruits.containsAll(), 3.0
4, 3816, -0.5, 1.0, -2.5, 5.0, 5, 38, fruits.containsAll(), 3.5
4, 3817, -0.5, 1.0, -2.0, 0.0, 0, 0, fruits.contains(food), 1.5
4, 3818, -0.5, 1.0, -2.0, 0.5, 0, 0, fruits.contains(food), 2.5
4, 3819, -0.5, 1.0, -2.0, 1.0, 0, 0, fruits.contains(food), 3.5
4, 3820, -0.5, 1.0, -2.0, 1.5, 5, 2, food.contains(food), 3.5
4, 3821, -0.5, 1.0, -2.0, 2.0, 5, 3, food.contains(food), 4.5
4, 3822, -0.5, 1.0, -2.0, 2.5, 5, 24, fruits.containsAll(), 1.5
4, 3823, -0.5, 1.0, -2.0, 3.0, 5, 29, fruits.containsAll(), 2.0
4, 3824, -0.5, 1.0, -2.0, 3.5, 5, 33, fruits.containsAll(), 2.5
4, 3825, -0.5, 1.0, -2.0, 4.0, 5, 35, fruits.containsAll(), 3.0
4, 3826, -0.5, 1.0, -2.0, 4.5, 5, 42, fruits.containsAll(), 3.5
4, 3827, -0.5, 1.0, -2.0, 5.0, 5, 45, fruits.containsAll(), 4.0
4, 3828, -0.5, 1.0, -1.5, 0.0, 0, 0, fruits.contains(food), 1.5
4, 3829, -0.5, 1.0, -1.5, 0.5, 0, 0, fruits.contains(food), 2.5
4, 3830, -0.5, 1.0, -1.5, 1.0, 0, 0, fruits.contains(food), 3.5
4, 3831, -0.5, 1.0, -1.5, 1.5, 5, 3, food.contains(food), 3.5
4, 3832, -0.5, 1.0, -1.5, 2.0, 5, 24, fruits.containsAll(), 1.5
4, 3833, -0.5, 1.0, -1.5, 2.5, 5, 29, fruits.containsAll(), 2.0
4, 3834, -0.5, 1.0, -1.5, 3.0, 5, 35, fruits.containsAll(), 2.5
4, 3835, -0.5, 1.0, -1.5, 3.5, 5, 40, fruits.containsAll(), 3.0
4, 3836, -0.5, 1.0, -1.5, 4.0, 5, 45, fruits.containsAll(), 3.5
4, 3837, -0.5, 1.0, -1.5, 4.5, 5, 46, fruits.containsAll(), 4.0
4, 3838, -0.5, 1.0, -1.5, 5.0, 5, 47, fruits.containsAll(), 4.5
4, 3839, -0.5, 1.0, -1.0, 0.0, 0, 0, fruits.contains(food), 1.5
4, 3840, -0.5, 1.0, -1.0, 0.5, 0, 0, fruits.contains(food), 2.5
4, 3841, -0.5, 1.0, -1.0, 1.0, 0, 0, fruits.contains(food), 3.5
4, 3842, -0.5, 1.0, -1.0, 1.5, 5, 24, fruits.containsAll(), 1.5
4, 3843, -0.5, 1.0, -1.0, 2.0, 5, 31, fruits.containsAll(), 2.0
4, 3844, -0.5, 1.0, -1.0, 2.5, 5, 37, fruits.containsAll(), 2.5
4, 3845, -0.5, 1.0, -1.0, 3.0, 5, 45, fruits.containsAll(), 3.0
4, 3846, -0.5, 1.0, -1.0, 3.5, 5, 47, fruits.containsAll(), 3.5
4, 3847, -0.5, 1.0, -1.0, 4.0, 5, 57, fruits.containsAll(), 4.0
4, 3848, -0.5, 1.0, -1.0, 4.5, 5, 57, fruits.containsAll(), 4.5
4, 3849, -0.5, 1.0, -1.0, 5.0, 5, 75, fruits.containsAll(), 5.0
4, 3850, -0.5, 1.0, -0.5, 0.0, 0, 0, fruits.contains(food), 1.5
4, 3851, -0.5, 1.0, -0.5, 0.5, 0, 0, fruits.contains(food), 2.5
4, 3852, -0.5, 1.0, -0.5, 1.0, 0, 0, fruits.contains(food), 3.5
4, 3853, -0.5, 1.0, -0.5, 1.5, 5, 34, fruits.containsAll(), 2.0
4, 3854, -0.5, 1.0, -0.5, 2.0, 5, 45, fruits.containsAll(), 2.5
4, 3855, -0.5, 1.0, -0.5, 2.5, 5, 57, fruits.containsAll(), 3.0
4, 3856, -0.5, 1.0, -0.5, 3.0, 5, 71, fruits.containsAll(), 3.5
4, 3857, -0.5, 1.0, -0.5, 3.5, 5, 90, fruits.containsAll(), 4.0
4, 3858, -0.5, 1.0, -0.5, 4.0, 5, 113, fruits.containsAll(), 4.5
4, 3859, -0.5, 1.0, -0.5, 4.5, 5, 127, fruits.containsAll(), 5.0
4, 3860, -0.5, 1.0, -0.5, 5.0, 5, 143, fruits.containsAll(), 5.5
4, 3861, -0.5, 1.0, 0.0, 0.0, 0, 0, fruits.contains(food), 1.5
4, 3862, -0.5, 1.0, 0.0, 0.5, 0, 0, fruits.contains(food), 2.5
4, 3863, -0.5, 1.0, 0.0, 1.0, 5, 91, fruits.containsAll(), 2.0
4, 3864, -0.5, 1.0, 0.0, 1.5, 5, 103, fruits.containsAll(), 2.5
4, 3865, -0.5, 1.0, 0.0, 2.0, 5, 138, fruits.containsAll(), 3.0
4, 3866, -0.5, 1.0, 0.0, 2.5, 5, 157, fruits.containsAll(), 3.5
4, 3867, -0.5, 1.0, 0.0, 3.0, 5, 160, fruits.containsAll(), 4.0
4, 3868, -0.5, 1.0, 0.0, 3.5, 5, 174, fruits.containsAll(), 4.5
4, 3869, -0.5, 1.0, 0.0, 4.0, 5, 182, fruits.containsAll(), 5.0
4, 3870, -0.5, 1.0, 0.0, 4.5, 5, 182, fruits.containsAll(), 5.5
4, 3871, -0.5, 1.0, 0.0, 5.0, 5, 182, fruits.containsAll(), 6.0
4, 3872, 0.0, 1.0, -5.0, 0.0, 0, 1, fruits.contains(food), 3.0
4, 3873, 0.0, 1.0, -5.0, 0.5, 5, 2, food.contains(food), 3.0
4, 3874, 0.0, 1.0, -5.0, 1.0, 5, 2, food.contains(food), 4.0
4, 3875, 0.0, 1.0, -5.0, 1.5, 5, 2, food.contains(food), 5.0
4, 3876, 0.0, 1.0, -5.0, 2.0, 5, 2, food.contains(food), 6.0
4, 3877, 0.0, 1.0, -5.0, 2.5, 5, 3, food.contains(food), 7.0
4, 3878, 0.0, 1.0, -5.0, 3.0, 5, 3, food.contains(food), 8.0
4, 3879, 0.0, 1.0, -5.0, 3.5, 5, 3, food.contains(food), 9.0
4, 3880, 0.0, 1.0, -5.0, 4.0, 5, 3, food.contains(food), 10.0
4, 3881, 0.0, 1.0, -5.0, 4.5, 5, 24, fruits.containsAll(), 1.5
4, 3882, 0.0, 1.0, -5.0, 5.0, 5, 29, fruits.containsAll(), 2.0
4, 3883, 0.0, 1.0, -4.5, 0.0, 0, 1, fruits.contains(food), 3.0
4, 3884, 0.0, 1.0, -4.5, 0.5, 5, 2, food.contains(food), 3.0
4, 3885, 0.0, 1.0, -4.5, 1.0, 5, 2, food.contains(food), 4.0
4, 3886, 0.0, 1.0, -4.5, 1.5, 5, 2, food.contains(food), 5.0
4, 3887, 0.0, 1.0, -4.5, 2.0, 5, 3, food.contains(food), 6.0
4, 3888, 0.0, 1.0, -4.5, 2.5, 5, 3, food.contains(food), 7.0
4, 3889, 0.0, 1.0, -4.5, 3.0, 5, 3, food.contains(food), 8.0
4, 3890, 0.0, 1.0, -4.5, 3.5, 5, 3, food.contains(food), 9.0
4, 3891, 0.0, 1.0, -4.5, 4.0, 5, 24, fruits.containsAll(), 1.5
4, 3892, 0.0, 1.0, -4.5, 4.5, 5, 29, fruits.containsAll(), 2.0
4, 3893, 0.0, 1.0, -4.5, 5.0, 5, 32, fruits.containsAll(), 2.5
4, 3894, 0.0, 1.0, -4.0, 0.0, 0, 1, fruits.contains(food), 3.0
4, 3895, 0.0, 1.0, -4.0, 0.5, 5, 2, food.contains(food), 3.0
4, 3896, 0.0, 1.0, -4.0, 1.0, 5, 2, food.contains(food), 4.0
4, 3897, 0.0, 1.0, -4.0, 1.5, 5, 2, food.contains(food), 5.0
4, 3898, 0.0, 1.0, -4.0, 2.0, 5, 3, food.contains(food), 6.0
4, 3899, 0.0, 1.0, -4.0, 2.5, 5, 3, food.contains(food), 7.0
4, 3900, 0.0, 1.0, -4.0, 3.0, 5, 3, food.contains(food), 8.0
4, 3901, 0.0, 1.0, -4.0, 3.5, 5, 24, fruits.containsAll(), 1.5
4, 3902, 0.0, 1.0, -4.0, 4.0, 5, 29, fruits.containsAll(), 2.0
4, 3903, 0.0, 1.0, -4.0, 4.5, 5, 32, fruits.containsAll(), 2.5
4, 3904, 0.0, 1.0, -4.0, 5.0, 5, 33, fruits.containsAll(), 3.0
4, 3905, 0.0, 1.0, -3.5, 0.0, 0, 1, fruits.contains(food), 3.0
4, 3906, 0.0, 1.0, -3.5, 0.5, 5, 2, food.contains(food), 3.0
4, 3907, 0.0, 1.0, -3.5, 1.0, 5, 2, food.contains(food), 4.0
4, 3908, 0.0, 1.0, -3.5, 1.5, 5, 3, food.contains(food), 5.0
4, 3909, 0.0, 1.0, -3.5, 2.0, 5, 3, food.contains(food), 6.0
4, 3910, 0.0, 1.0, -3.5, 2.5, 5, 3, food.contains(food), 7.0
4, 3911, 0.0, 1.0, -3.5, 3.0, 5, 24, fruits.containsAll(), 1.5
4, 3912, 0.0, 1.0, -3.5, 3.5, 5, 29, fruits.containsAll(), 2.0
4, 3913, 0.0, 1.0, -3.5, 4.0, 5, 32, fruits.containsAll(), 2.5
4, 3914, 0.0, 1.0, -3.5, 4.5, 5, 33, fruits.containsAll(), 3.0
4, 3915, 0.0, 1.0, -3.5, 5.0, 5, 34, fruits.containsAll(), 3.5
4, 3916, 0.0, 1.0, -3.0, 0.0, 0, 1, fruits.contains(food), 3.0
4, 3917, 0.0, 1.0, -3.0, 0.5, 5, 2, food.contains(food), 3.0
4, 3918, 0.0, 1.0, -3.0, 1.0, 5, 2, food.contains(food), 4.0
4, 3919, 0.0, 1.0, -3.0, 1.5, 5, 3, food.contains(food), 5.0
4, 3920, 0.0, 1.0, -3.0, 2.0, 5, 3, food.contains(food), 6.0
4, 3921, 0.0, 1.0, -3.0, 2.5, 5, 24, fruits.containsAll(), 1.5
4, 3922, 0.0, 1.0, -3.0, 3.0, 5, 29, fruits.containsAll(), 2.0
4, 3923, 0.0, 1.0, -3.0, 3.5, 5, 32, fruits.containsAll(), 2.5
4, 3924, 0.0, 1.0, -3.0, 4.0, 5, 33, fruits.containsAll(), 3.0
4, 3925, 0.0, 1.0, -3.0, 4.5, 5, 34, fruits.containsAll(), 3.5
4, 3926, 0.0, 1.0, -3.0, 5.0, 5, 38, fruits.containsAll(), 4.0
4, 3927, 0.0, 1.0, -2.5, 0.0, 0, 1, fruits.contains(food), 3.0
4, 3928, 0.0, 1.0, -2.5, 0.5, 5, 2, food.contains(food), 3.0
4, 3929, 0.0, 1.0, -2.5, 1.0, 5, 3, food.contains(food), 4.0
4, 3930, 0.0, 1.0, -2.5, 1.5, 5, 3, food.contains(food), 5.0
4, 3931, 0.0, 1.0, -2.5, 2.0, 5, 24, fruits.containsAll(), 1.5
4, 3932, 0.0, 1.0, -2.5, 2.5, 5, 29, fruits.containsAll(), 2.0
4, 3933, 0.0, 1.0, -2.5, 3.0, 5, 32, fruits.containsAll(), 2.5
4, 3934, 0.0, 1.0, -2.5, 3.5, 5, 34, fruits.containsAll(), 3.0
4, 3935, 0.0, 1.0, -2.5, 4.0, 5, 35, fruits.containsAll(), 3.5
4, 3936, 0.0, 1.0, -2.5, 4.5, 5, 45, fruits.containsAll(), 4.0
4, 3937, 0.0, 1.0, -2.5, 5.0, 5, 45, fruits.containsAll(), 4.5
4, 3938, 0.0, 1.0, -2.0, 0.0, 0, 1, fruits.contains(food), 3.0
4, 3939, 0.0, 1.0, -2.0, 0.5, 5, 2, food.contains(food), 3.0
4, 3940, 0.0, 1.0, -2.0, 1.0, 5, 3, food.contains(food), 4.0
4, 3941, 0.0, 1.0, -2.0, 1.5, 5, 23, fruits.containsAll(), 1.5
4, 3942, 0.0, 1.0, -2.0, 2.0, 5, 29, fruits.containsAll(), 2.0
4, 3943, 0.0, 1.0, -2.0, 2.5, 5, 33, fruits.containsAll(), 2.5
4, 3944, 0.0, 1.0, -2.0, 3.0, 5, 35, fruits.containsAll(), 3.0
4, 3945, 0.0, 1.0, -2.0, 3.5, 5, 43, fruits.containsAll(), 3.5
4, 3946, 0.0, 1.0, -2.0, 4.0, 5, 45, fruits.containsAll(), 4.0
4, 3947, 0.0, 1.0, -2.0, 4.5, 5, 45, fruits.containsAll(), 4.5
4, 3948, 0.0, 1.0, -2.0, 5.0, 5, 46, fruits.containsAll(), 5.0
4, 3949, 0.0, 1.0, -1.5, 0.0, 0, 1, fruits.contains(food), 3.0
4, 3950, 0.0, 1.0, -1.5, 0.5, 5, 3, food.contains(food), 3.0
4, 3951, 0.0, 1.0, -1.5, 1.0, 5, 23, fruits.containsAll(), 1.5
4, 3952, 0.0, 1.0, -1.5, 1.5, 5, 29, fruits.containsAll(), 2.0
4, 3953, 0.0, 1.0, -1.5, 2.0, 5, 35, fruits.containsAll(), 2.5
4, 3954, 0.0, 1.0, -1.5, 2.5, 5, 40, fruits.containsAll(), 3.0
4, 3955, 0.0, 1.0, -1.5, 3.0, 5, 45, fruits.containsAll(), 3.5
4, 3956, 0.0, 1.0, -1.5, 3.5, 5, 45, fruits.containsAll(), 4.0
4, 3957, 0.0, 1.0, -1.5, 4.0, 5, 56, fruits.containsAll(), 4.5
4, 3958, 0.0, 1.0, -1.5, 4.5, 5, 57, fruits.containsAll(), 5.0
4, 3959, 0.0, 1.0, -1.5, 5.0, 5, 57, fruits.containsAll(), 5.5
4, 3960, 0.0, 1.0, -1.0, 0.0, 0, 1, fruits.contains(food), 3.0
4, 3961, 0.0, 1.0, -1.0, 0.5, 5, 9, food.contains(food), 3.0
4, 3962, 0.0, 1.0, -1.0, 1.0, 5, 30, fruits.containsAll(), 2.0
4, 3963, 0.0, 1.0, -1.0, 1.5, 5, 40, fruits.containsAll(), 2.5
4, 3964, 0.0, 1.0, -1.0, 2.0, 5, 43, fruits.containsAll(), 3.0
4, 3965, 0.0, 1.0, -1.0, 2.5, 5, 56, fruits.containsAll(), 3.5
4, 3966, 0.0, 1.0, -1.0, 3.0, 5, 57, fruits.containsAll(), 4.0
4, 3967, 0.0, 1.0, -1.0, 3.5, 5, 72, fruits.containsAll(), 4.5
4, 3968, 0.0, 1.0, -1.0, 4.0, 5, 76, fruits.containsAll(), 5.0
4, 3969, 0.0, 1.0, -1.0, 4.5, 5, 92, fruits.containsAll(), 5.5
4, 3970, 0.0, 1.0, -1.0, 5.0, 5, 98, fruits.containsAll(), 6.0
4, 3971, 0.0, 1.0, -0.5, 0.0, 0, 1, fruits.contains(food), 3.0
4, 3972, 0.0, 1.0, -0.5, 0.5, 5, 34, fruits.containsAll(), 2.0
4, 3973, 0.0, 1.0, -0.5, 1.0, 5, 52, fruits.containsAll(), 2.5
4, 3974, 0.0, 1.0, -0.5, 1.5, 5, 73, fruits.containsAll(), 3.0
4, 3975, 0.0, 1.0, -0.5, 2.0, 5, 88, fruits.containsAll(), 3.5
4, 3976, 0.0, 1.0, -0.5, 2.5, 5, 111, fruits.containsAll(), 4.0
4, 3977, 0.0, 1.0, -0.5, 3.0, 5, 126, fruits.containsAll(), 4.5
4, 3978, 0.0, 1.0, -0.5, 3.5, 5, 138, fruits.containsAll(), 5.0
4, 3979, 0.0, 1.0, -0.5, 4.0, 5, 149, fruits.containsAll(), 5.5
4, 3980, 0.0, 1.0, -0.5, 4.5, 5, 161, fruits.containsAll(), 6.0
4, 3981, 0.0, 1.0, -0.5, 5.0, 5, 175, fruits.containsAll(), 6.5
4, 3982, 0.0, 1.0, 0.0, 0.0, 0, 49, fruits.contains(food), 3.0
4, 3983, 0.0, 1.0, 0.0, 0.5, 5, 147, fruits.containsAll(), 2.5
4, 3984, 0.0, 1.0, 0.0, 1.0, 5, 169, fruits.containsAll(), 3.0
4, 3985, 0.0, 1.0, 0.0, 1.5, 5, 186, fruits.containsAll(), 3.5
4, 3986, 0.0, 1.0, 0.0, 2.0, 5, 186, fruits.containsAll(), 4.0
4, 3987, 0.0, 1.0, 0.0, 2.5, 5, 186, fruits.containsAll(), 4.5
4, 3988, 0.0, 1.0, 0.0, 3.0, 5, 186, fruits.containsAll(), 5.0
4, 3989, 0.0, 1.0, 0.0, 3.5, 5, 186, fruits.containsAll(), 5.5
4, 3990, 0.0, 1.0, 0.0, 4.0, 5, 186, fruits.containsAll(), 6.0
4, 3991, 0.0, 1.0, 0.0, 4.5, 5, 186, fruits.containsAll(), 6.5
4, 3992, 0.0, 1.0, 0.0, 5.0, 5, 186, fruits.containsAll(), 7.0
