14, 3993, -5.0, 1.0, -5.0, 0.0, 6, 0, toLowerCase(), -2.0
14, 3994, -5.0, 1.0, -5.0, 0.5, 6, 0, toLowerCase(), -2.0
14, 3995, -5.0, 1.0, -5.0, 1.0, 6, 0, toLowerCase(), -2.0
14, 3996, -5.0, 1.0, -5.0, 1.5, 6, 0, toLowerCase(), -2.0
14, 3997, -5.0, 1.0, -5.0, 2.0, 6, 0, toLowerCase(), -2.0
14, 3998, -5.0, 1.0, -5.0, 2.5, 6, 1, toLowerCase(), -2.0
14, 3999, -5.0, 1.0, -5.0, 3.0, 6, 1, toLowerCase(), -2.0
14, 4000, -5.0, 1.0, -5.0, 3.5, 6, 1, toLowerCase(), -2.0
14, 4001, -5.0, 1.0, -5.0, 4.0, 6, 1, toLowerCase(), -2.0
14, 4002, -5.0, 1.0, -5.0, 4.5, 6, 1, toLowerCase(), -2.0
14, 4003, -5.0, 1.0, -5.0, 5.0, 6, 1, toLowerCase(), -2.0
14, 4004, -5.0, 1.0, -4.5, 0.0, 6, 0, toLowerCase(), -2.0
14, 4005, -5.0, 1.0, -4.5, 0.5, 6, 0, toLowerCase(), -2.0
14, 4006, -5.0, 1.0, -4.5, 1.0, 6, 0, toLowerCase(), -2.0
14, 4007, -5.0, 1.0, -4.5, 1.5, 6, 0, toLowerCase(), -2.0
14, 4008, -5.0, 1.0, -4.5, 2.0, 6, 0, toLowerCase(), -2.0
14, 4009, -5.0, 1.0, -4.5, 2.5, 6, 1, toLowerCase(), -2.0
14, 4010, -5.0, 1.0, -4.5, 3.0, 6, 1, toLowerCase(), -2.0
14, 4011, -5.0, 1.0, -4.5, 3.5, 6, 1, toLowerCase(), -2.0
14, 4012, -5.0, 1.0, -4.5, 4.0, 6, 1, toLowerCase(), -2.0
14, 4013, -5.0, 1.0, -4.5, 4.5, 6, 1, toLowerCase(), -2.0
14, 4014, -5.0, 1.0, -4.5, 5.0, 6, 1, toLowerCase(), -2.0
14, 4015, -5.0, 1.0, -4.0, 0.0, 6, 0, toLowerCase(), -2.0
14, 4016, -5.0, 1.0, -4.0, 0.5, 6, 0, toLowerCase(), -2.0
14, 4017, -5.0, 1.0, -4.0, 1.0, 6, 0, toLowerCase(), -2.0
14, 4018, -5.0, 1.0, -4.0, 1.5, 6, 0, toLowerCase(), -2.0
14, 4019, -5.0, 1.0, -4.0, 2.0, 6, 0, toLowerCase(), -2.0
14, 4020, -5.0, 1.0, -4.0, 2.5, 6, 1, toLowerCase(), -2.0
14, 4021, -5.0, 1.0, -4.0, 3.0, 6, 1, toLowerCase(), -2.0
14, 4022, -5.0, 1.0, -4.0, 3.5, 6, 1, toLowerCase(), -2.0
14, 4023, -5.0, 1.0, -4.0, 4.0, 6, 1, toLowerCase(), -2.0
14, 4024, -5.0, 1.0, -4.0, 4.5, 6, 1, toLowerCase(), -2.0
14, 4025, -5.0, 1.0, -4.0, 5.0, 6, 1, toLowerCase(), -2.0
14, 4026, -5.0, 1.0, -3.5, 0.0, 6, 0, toLowerCase(), -2.0
14, 4027, -5.0, 1.0, -3.5, 0.5, 6, 0, toLowerCase(), -2.0
14, 4028, -5.0, 1.0, -3.5, 1.0, 6, 0, toLowerCase(), -2.0
14, 4029, -5.0, 1.0, -3.5, 1.5, 6, 0, toLowerCase(), -2.0
14, 4030, -5.0, 1.0, -3.5, 2.0, 6, 0, toLowerCase(), -2.0
14, 4031, -5.0, 1.0, -3.5, 2.5, 6, 1, toLowerCase(), -2.0
14, 4032, -5.0, 1.0, -3.5, 3.0, 6, 1, toLowerCase(), -2.0
14, 4033, -5.0, 1.0, -3.5, 3.5, 6, 1, toLowerCase(), -2.0
14, 4034, -5.0, 1.0, -3.5, 4.0, 6, 1, toLowerCase(), -2.0
14, 4035, -5.0, 1.0, -3.5, 4.5, 6, 1, toLowerCase(), -2.0
14, 4036, -5.0, 1.0, -3.5, 5.0, 6, 1, toLowerCase(), -2.0
14, 4037, -5.0, 1.0, -3.0, 0.0, 6, 0, toLowerCase(), -2.0
14, 4038, -5.0, 1.0, -3.0, 0.5, 6, 0, toLowerCase(), -2.0
14, 4039, -5.0, 1.0, -3.0, 1.0, 6, 0, toLowerCase(), -2.0
14, 4040, -5.0, 1.0, -3.0, 1.5, 6, 0, toLowerCase(), -2.0
14, 4041, -5.0, 1.0, -3.0, 2.0, 6, 0, toLowerCase(), -2.0
14, 4042, -5.0, 1.0, -3.0, 2.5, 6, 1, toLowerCase(), -2.0
14, 4043, -5.0, 1.0, -3.0, 3.0, 6, 1, toLowerCase(), -2.0
14, 4044, -5.0, 1.0, -3.0, 3.5, 6, 1, toLowerCase(), -2.0
14, 4045, -5.0, 1.0, -3.0, 4.0, 6, 1, toLowerCase(), -2.0
14, 4046, -5.0, 1.0, -3.0, 4.5, 6, 1, toLowerCase(), -2.0
14, 4047, -5.0, 1.0, -3.0, 5.0, 6, 1, toLowerCase(), -2.0
14, 4048, -5.0, 1.0, -2.5, 0.0, 6, 0, toLowerCase(), -2.0
14, 4049, -5.0, 1.0, -2.5, 0.5, 6, 0, toLowerCase(), -2.0
14, 4050, -5.0, 1.0, -2.5, 1.0, 6, 0, toLowerCase(), -2.0
14, 4051, -5.0, 1.0, -2.5, 1.5, 6, 0, toLowerCase(), -2.0
14, 4052, -5.0, 1.0, -2.5, 2.0, 6, 0, toLowerCase(), -2.0
14, 4053, -5.0, 1.0, -2.5, 2.5, 6, 1, toLowerCase(), -2.0
14, 4054, -5.0, 1.0, -2.5, 3.0, 6, 1, toLowerCase(), -2.0
14, 4055, -5.0, 1.0, -2.5, 3.5, 6, 1, toLowerCase(), -2.0
14, 4056, -5.0, 1.0, -2.5, 4.0, 6, 1, toLowerCase(), -2.0
14, 4057, -5.0, 1.0, -2.5, 4.5, 6, 1, toLowerCase(), -2.0
14, 4058, -5.0, 1.0, -2.5, 5.0, 6, 1, toLowerCase(), -2.0
14, 4059, -5.0, 1.0, -2.0, 0.0, 6, 0, toLowerCase(), -2.0
14, 4060, -5.0, 1.0, -2.0, 0.5, 6, 0, toLowerCase(), -2.0
14, 4061, -5.0, 1.0, -2.0, 1.0, 6, 0, toLowerCase(), -2.0
14, 4062, -5.0, 1.0, -2.0, 1.5, 6, 0, toLowerCase(), -2.0
14, 4063, -5.0, 1.0, -2.0, 2.0, 6, 0, toLowerCase(), -2.0
14, 4064, -5.0, 1.0, -2.0, 2.5, 6, 1, toLowerCase(), -2.0
14, 4065, -5.0, 1.0, -2.0, 3.0, 6, 1, toLowerCase(), -2.0
14, 4066, -5.0, 1.0, -2.0, 3.5, 6, 1, toLowerCase(), -2.0
14, 4067, -5.0, 1.0, -2.0, 4.0, 6, 1, toLowerCase(), -2.0
14, 4068, -5.0, 1.0, -2.0, 4.5, 6, 1, toLowerCase(), -2.0
14, 4069, -5.0, 1.0, -2.0, 5.0, 6, 1, toLowerCase(), -2.0
14, 4070, -5.0, 1.0, -1.5, 0.0, 6, 0, toLowerCase(), -2.0
14, 4071, -5.0, 1.0, -1.5, 0.5, 6, 0, toLowerCase(), -2.0
14, 4072, -5.0, 1.0, -1.5, 1.0, 6, 0, toLowerCase(), -2.0
14, 4073, -5.0, 1.0, -1.5, 1.5, 6, 0, toLowerCase(), -2.0
14, 4074, -5.0, 1.0, -1.5, 2.0, 6, 0, toLowerCase(), -2.0
14, 4075, -5.0, 1.0, -1.5, 2.5, 6, 1, toLowerCase(), -2.0
14, 4076, -5.0, 1.0, -1.5, 3.0, 6, 1, toLowerCase(), -2.0
14, 4077, -5.0, 1.0, -1.5, 3.5, 6, 1, toLowerCase(), -2.0
14, 4078, -5.0, 1.0, -1.5, 4.0, 6, 1, toLowerCase(), -2.0
14, 4079, -5.0, 1.0, -1.5, 4.5, 6, 1, toLowerCase(), -2.0
14, 4080, -5.0, 1.0, -1.5, 5.0, 6, 1, toLowerCase(), -2.0
14, 4081, -5.0, 1.0, -1.0, 0.0, 6, 0, toLowerCase(), -2.0
14, 4082, -5.0, 1.0, -1.0, 0.5, 6, 0, toLowerCase(), -2.0
14, 4083, -5.0, 1.0, -1.0, 1.0, 6, 0, toLowerCase(), -2.0
14, 4084, -5.0, 1.0, -1.0, 1.5, 6, 0, toLowerCase(), -2.0
14, 4085, -5.0, 1.0, -1.0, 2.0, 6, 0, toLowerCase(), -2.0
14, 4086, -5.0, 1.0, -1.0, 2.5, 6, 1, toLowerCase(), -2.0
14, 4087, -5.0, 1.0, -1.0, 3.0, 6, 1, toLowerCase(), -2.0
14, 4088, -5.0, 1.0, -1.0, 3.5, 6, 1, toLowerCase(), -2.0
14, 4089, -5.0, 1.0, -1.0, 4.0, 6, 1, toLowerCase(), -2.0
14, 4090, -5.0, 1.0, -1.0, 4.5, 6, 1, toLowerCase(), -2.0
14, 4091, -5.0, 1.0, -1.0, 5.0, 6, 1, toLowerCase(), -2.0
14, 4092, -5.0, 1.0, -0.5, 0.0, 6, 0, toLowerCase(), -2.0
14, 4093, -5.0, 1.0, -0.5, 0.5, 6, 0, toLowerCase(), -2.0
14, 4094, -5.0, 1.0, -0.5, 1.0, 6, 0, toLowerCase(), -2.0
14, 4095, -5.0, 1.0, -0.5, 1.5, 6, 0, toLowerCase(), -2.0
14, 4096, -5.0, 1.0, -0.5, 2.0, 6, 0, toLowerCase(), -2.0
14, 4097, -5.0, 1.0, -0.5, 2.5, 6, 1, toLowerCase(), -2.0
14, 4098, -5.0, 1.0, -0.5, 3.0, 6, 1, toLowerCase(), -2.0
14, 4099, -5.0, 1.0, -0.5, 3.5, 6, 1, toLowerCase(), -2.0
14, 4100, -5.0, 1.0, -0.5, 4.0, 6, 1, toLowerCase(), -2.0
14, 4101, -5.0, 1.0, -0.5, 4.5, 6, 1, toLowerCase(), -2.0
14, 4102, -5.0, 1.0, -0.5, 5.0, 6, 1, toLowerCase(), -2.0
14, 4103, -5.0, 1.0, 0.0, 0.0, 6, 0, toLowerCase(), -2.0
14, 4104, -5.0, 1.0, 0.0, 0.5, 6, 0, toLowerCase(), -2.0
14, 4105, -5.0, 1.0, 0.0, 1.0, 6, 0, toLowerCase(), -2.0
14, 4106, -5.0, 1.0, 0.0, 1.5, 6, 0, toLowerCase(), -2.0
14, 4107, -5.0, 1.0, 0.0, 2.0, 6, 0, toLowerCase(), -2.0
14, 4108, -5.0, 1.0, 0.0, 2.5, 6, 1, toLowerCase(), -2.0
14, 4109, -5.0, 1.0, 0.0, 3.0, 6, 1, toLowerCase(), -2.0
14, 4110, -5.0, 1.0, 0.0, 3.5, 6, 1, toLowerCase(), -2.0
14, 4111, -5.0, 1.0, 0.0, 4.0, 6, 1, toLowerCase(), -2.0
14, 4112, -5.0, 1.0, 0.0, 4.5, 6, 1, toLowerCase(), -2.0
14, 4113, -5.0, 1.0, 0.0, 5.0, 6, 1, toLowerCase(), -2.0
14, 4114, -4.5, 1.0, -5.0, 0.0, 6, 0, toLowerCase(), -1.5
14, 4115, -4.5, 1.0, -5.0, 0.5, 6, 0, toLowerCase(), -1.5
14, 4116, -4.5, 1.0, -5.0, 1.0, 6, 0, toLowerCase(), -1.5
14, 4117, -4.5, 1.0, -5.0, 1.5, 6, 0, toLowerCase(), -1.5
14, 4118, -4.5, 1.0, -5.0, 2.0, 6, 0, toLowerCase(), -1.5
14, 4119, -4.5, 1.0, -5.0, 2.5, 6, 1, toLowerCase(), -1.5
14, 4120, -4.5, 1.0, -5.0, 3.0, 6, 1, toLowerCase(), -1.5
14, 4121, -4.5, 1.0, -5.0, 3.5, 6, 1, toLowerCase(), -1.5
14, 4122, -4.5, 1.0, -5.0, 4.0, 6, 1, toLowerCase(), -1.5
14, 4123, -4.5, 1.0, -5.0, 4.5, 6, 1, toLowerCase(), -1.5
14, 4124, -4.5, 1.0, -5.0, 5.0, 6, 1, toLowerCase(), -1.5
14, 4125, -4.5, 1.0, -4.5, 0.0, 6, 0, toLowerCase(), -1.5
14, 4126, -4.5, 1.0, -4.5, 0.5, 6, 0, toLowerCase(), -1.5
14, 4127, -4.5, 1.0, -4.5, 1.0, 6, 0, toLowerCase(), -1.5
14, 4128, -4.5, 1.0, -4.5, 1.5, 6, 0, toLowerCase(), -1.5
14, 4129, -4.5, 1.0, -4.5, 2.0, 6, 0, toLowerCase(), -1.5
14, 4130, -4.5, 1.0, -4.5, 2.5, 6, 1, toLowerCase(), -1.5
14, 4131, -4.5, 1.0, -4.5, 3.0, 6, 1, toLowerCase(), -1.5
14, 4132, -4.5, 1.0, -4.5, 3.5, 6, 1, toLowerCase(), -1.5
14, 4133, -4.5, 1.0, -4.5, 4.0, 6, 1, toLowerCase(), -1.5
14, 4134, -4.5, 1.0, -4.5, 4.5, 6, 1, toLowerCase(), -1.5
14, 4135, -4.5, 1.0, -4.5, 5.0, 6, 1, toLowerCase(), -1.5
14, 4136, -4.5, 1.0, -4.0, 0.0, 6, 0, toLowerCase(), -1.5
14, 4137, -4.5, 1.0, -4.0, 0.5, 6, 0, toLowerCase(), -1.5
14, 4138, -4.5, 1.0, -4.0, 1.0, 6, 0, toLowerCase(), -1.5
14, 4139, -4.5, 1.0, -4.0, 1.5, 6, 0, toLowerCase(), -1.5
14, 4140, -4.5, 1.0, -4.0, 2.0, 6, 0, toLowerCase(), -1.5
14, 4141, -4.5, 1.0, -4.0, 2.5, 6, 1, toLowerCase(), -1.5
14, 4142, -4.5, 1.0, -4.0, 3.0, 6, 1, toLowerCase(), -1.5
14, 4143, -4.5, 1.0, -4.0, 3.5, 6, 1, toLowerCase(), -1.5
14, 4144, -4.5, 1.0, -4.0, 4.0, 6, 1, toLowerCase(), -1.5
14, 4145, -4.5, 1.0, -4.0, 4.5, 6, 1, toLowerCase(), -1.5
14, 4146, -4.5, 1.0, -4.0, 5.0, 6, 1, toLowerCase(), -1.5
14, 4147, -4.5, 1.0, -3.5, 0.0, 6, 0, toLowerCase(), -1.5
14, 4148, -4.5, 1.0, -3.5, 0.5, 6, 0, toLowerCase(), -1.5
14, 4149, -4.5, 1.0, -3.5, 1.0, 6, 0, toLowerCase(), -1.5
14, 4150, -4.5, 1.0, -3.5, 1.5, 6, 0, toLowerCase(), -1.5
14, 4151, -4.5, 1.0, -3.5, 2.0, 6, 0, toLowerCase(), -1.5
14, 4152, -4.5, 1.0, -3.5, 2.5, 6, 1, toLowerCase(), -1.5
14, 4153, -4.5, 1.0, -3.5, 3.0, 6, 1, toLowerCase(), -1.5
14, 4154, -4.5, 1.0, -3.5, 3.5, 6, 1, toLowerCase(), -1.5
14, 4155, -4.5, 1.0, -3.5, 4.0, 6, 1, toLowerCase(), -1.5
14, 4156, -4.5, 1.0, -3.5, 4.5, 6, 1, toLowerCase(), -1.5
14, 4157, -4.5, 1.0, -3.5, 5.0, 6, 1, toLowerCase(), -1.5
14, 4158, -4.5, 1.0, -3.0, 0.0, 6, 0, toLowerCase(), -1.5
14, 4159, -4.5, 1.0, -3.0, 0.5, 6, 0, toLowerCase(), -1.5
14, 4160, -4.5, 1.0, -3.0, 1.0, 6, 0, toLowerCase(), -1.5
14, 4161, -4.5, 1.0, -3.0, 1.5, 6, 0, toLowerCase(), -1.5
14, 4162, -4.5, 1.0, -3.0, 2.0, 6, 0, toLowerCase(), -1.5
14, 4163, -4.5, 1.0, -3.0, 2.5, 6, 1, toLowerCase(), -1.5
14, 4164, -4.5, 1.0, -3.0, 3.0, 6, 1, toLowerCase(), -1.5
14, 4165, -4.5, 1.0, -3.0, 3.5, 6, 1, toLowerCase(), -1.5
14, 4166, -4.5, 1.0, -3.0, 4.0, 6, 1, toLowerCase(), -1.5
14, 4167, -4.5, 1.0, -3.0, 4.5, 6, 1, toLowerCase(), -1.5
14, 4168, -4.5, 1.0, -3.0, 5.0, 6, 1, toLowerCase(), -1.5
14, 4169, -4.5, 1.0, -2.5, 0.0, 6, 0, toLowerCase(), -1.5
14, 4170, -4.5, 1.0, -2.5, 0.5, 6, 0, toLowerCase(), -1.5
14, 4171, -4.5, 1.0, -2.5, 1.0, 6, 0, toLowerCase(), -1.5
14, 4172, -4.5, 1.0, -2.5, 1.5, 6, 0, toLowerCase(), -1.5
14, 4173, -4.5, 1.0, -2.5, 2.0, 6, 0, toLowerCase(), -1.5
14, 4174, -4.5, 1.0, -2.5, 2.5, 6, 1, toLowerCase(), -1.5
14, 4175, -4.5, 1.0, -2.5, 3.0, 6, 1, toLowerCase(), -1.5
14, 4176, -4.5, 1.0, -2.5, 3.5, 6, 1, toLowerCase(), -1.5
14, 4177, -4.5, 1.0, -2.5, 4.0, 6, 1, toLowerCase(), -1.5
14, 4178, -4.5, 1.0, -2.5, 4.5, 6, 1, toLowerCase(), -1.5
14, 4179, -4.5, 1.0, -2.5, 5.0, 6, 1, toLowerCase(), -1.5
14, 4180, -4.5, 1.0, -2.0, 0.0, 6, 0, toLowerCase(), -1.5
14, 4181, -4.5, 1.0, -2.0, 0.5, 6, 0, toLowerCase(), -1.5
14, 4182, -4.5, 1.0, -2.0, 1.0, 6, 0, toLowerCase(), -1.5
14, 4183, -4.5, 1.0, -2.0, 1.5, 6, 0, toLowerCase(), -1.5
14, 4184, -4.5, 1.0, -2.0, 2.0, 6, 0, toLowerCase(), -1.5
14, 4185, -4.5, 1.0, -2.0, 2.5, 6, 1, toLowerCase(), -1.5
14, 4186, -4.5, 1.0, -2.0, 3.0, 6, 1, toLowerCase(), -1.5
14, 4187, -4.5, 1.0, -2.0, 3.5, 6, 1, toLowerCase(), -1.5
14, 4188, -4.5, 1.0, -2.0, 4.0, 6, 1, toLowerCase(), -1.5
14, 4189, -4.5, 1.0, -2.0, 4.5, 6, 1, toLowerCase(), -1.5
14, 4190, -4.5, 1.0, -2.0, 5.0, 6, 1, toLowerCase(), -1.5
14, 4191, -4.5, 1.0, -1.5, 0.0, 6, 0, toLowerCase(), -1.5
14, 4192, -4.5, 1.0, -1.5, 0.5, 6, 0, toLowerCase(), -1.5
14, 4193, -4.5, 1.0, -1.5, 1.0, 6, 0, toLowerCase(), -1.5
14, 4194, -4.5, 1.0, -1.5, 1.5, 6, 0, toLowerCase(), -1.5
14, 4195, -4.5, 1.0, -1.5, 2.0, 6, 0, toLowerCase(), -1.5
14, 4196, -4.5, 1.0, -1.5, 2.5, 6, 1, toLowerCase(), -1.5
14, 4197, -4.5, 1.0, -1.5, 3.0, 6, 1, toLowerCase(), -1.5
14, 4198, -4.5, 1.0, -1.5, 3.5, 6, 1, toLowerCase(), -1.5
14, 4199, -4.5, 1.0, -1.5, 4.0, 6, 1, toLowerCase(), -1.5
14, 4200, -4.5, 1.0, -1.5, 4.5, 6, 1, toLowerCase(), -1.5
14, 4201, -4.5, 1.0, -1.5, 5.0, 6, 1, toLowerCase(), -1.5
14, 4202, -4.5, 1.0, -1.0, 0.0, 6, 0, toLowerCase(), -1.5
14, 4203, -4.5, 1.0, -1.0, 0.5, 6, 0, toLowerCase(), -1.5
14, 4204, -4.5, 1.0, -1.0, 1.0, 6, 0, toLowerCase(), -1.5
14, 4205, -4.5, 1.0, -1.0, 1.5, 6, 0, toLowerCase(), -1.5
14, 4206, -4.5, 1.0, -1.0, 2.0, 6, 0, toLowerCase(), -1.5
14, 4207, -4.5, 1.0, -1.0, 2.5, 6, 1, toLowerCase(), -1.5
14, 4208, -4.5, 1.0, -1.0, 3.0, 6, 1, toLowerCase(), -1.5
14, 4209, -4.5, 1.0, -1.0, 3.5, 6, 1, toLowerCase(), -1.5
14, 4210, -4.5, 1.0, -1.0, 4.0, 6, 1, toLowerCase(), -1.5
14, 4211, -4.5, 1.0, -1.0, 4.5, 6, 1, toLowerCase(), -1.5
14, 4212, -4.5, 1.0, -1.0, 5.0, 6, 1, toLowerCase(), -1.5
14, 4213, -4.5, 1.0, -0.5, 0.0, 6, 0, toLowerCase(), -1.5
14, 4214, -4.5, 1.0, -0.5, 0.5, 6, 0, toLowerCase(), -1.5
14, 4215, -4.5, 1.0, -0.5, 1.0, 6, 0, toLowerCase(), -1.5
14, 4216, -4.5, 1.0, -0.5, 1.5, 6, 0, toLowerCase(), -1.5
14, 4217, -4.5, 1.0, -0.5, 2.0, 6, 0, toLowerCase(), -1.5
14, 4218, -4.5, 1.0, -0.5, 2.5, 6, 1, toLowerCase(), -1.5
14, 4219, -4.5, 1.0, -0.5, 3.0, 6, 1, toLowerCase(), -1.5
14, 4220, -4.5, 1.0, -0.5, 3.5, 6, 1, toLowerCase(), -1.5
14, 4221, -4.5, 1.0, -0.5, 4.0, 6, 1, toLowerCase(), -1.5
14, 4222, -4.5, 1.0, -0.5, 4.5, 6, 1, toLowerCase(), -1.5
14, 4223, -4.5, 1.0, -0.5, 5.0, 6, 1, toLowerCase(), -1.5
14, 4224, -4.5, 1.0, 0.0, 0.0, 6, 0, toLowerCase(), -1.5
14, 4225, -4.5, 1.0, 0.0, 0.5, 6, 0, toLowerCase(), -1.5
14, 4226, -4.5, 1.0, 0.0, 1.0, 6, 0, toLowerCase(), -1.5
14, 4227, -4.5, 1.0, 0.0, 1.5, 6, 0, toLowerCase(), -1.5
14, 4228, -4.5, 1.0, 0.0, 2.0, 6, 0, toLowerCase(), -1.5
14, 4229, -4.5, 1.0, 0.0, 2.5, 6, 1, toLowerCase(), -1.5
14, 4230, -4.5, 1.0, 0.0, 3.0, 6, 1, toLowerCase(), -1.5
14, 4231, -4.5, 1.0, 0.0, 3.5, 6, 1, toLowerCase(), -1.5
14, 4232, -4.5, 1.0, 0.0, 4.0, 6, 1, toLowerCase(), -1.5
14, 4233, -4.5, 1.0, 0.0, 4.5, 6, 1, toLowerCase(), -1.5
14, 4234, -4.5, 1.0, 0.0, 5.0, 6, 1, toLowerCase(), -1.5
14, 4235, -4.0, 1.0, -5.0, 0.0, 6, 0, toLowerCase(), -1.0
14, 4236, -4.0, 1.0, -5.0, 0.5, 6, 0, toLowerCase(), -1.0
14, 4237, -4.0, 1.0, -5.0, 1.0, 6, 0, toLowerCase(), -1.0
14, 4238, -4.0, 1.0, -5.0, 1.5, 6, 0, toLowerCase(), -1.0
14, 4239, -4.0, 1.0, -5.0, 2.0, 6, 0, toLowerCase(), -1.0
14, 4240, -4.0, 1.0, -5.0, 2.5, 6, 1, toLowerCase(), -1.0
14, 4241, -4.0, 1.0, -5.0, 3.0, 6, 1, toLowerCase(), -1.0
14, 4242, -4.0, 1.0, -5.0, 3.5, 6, 1, toLowerCase(), -1.0
14, 4243, -4.0, 1.0, -5.0, 4.0, 6, 1, toLowerCase(), -1.0
14, 4244, -4.0, 1.0, -5.0, 4.5, 0, 1, input.toLowerCase(), 0.5
14, 4245, -4.0, 1.0, -5.0, 5.0, 0, 1, input.toLowerCase(), 1.0
14, 4246, -4.0, 1.0, -4.5, 0.0, 6, 0, toLowerCase(), -1.0
14, 4247, -4.0, 1.0, -4.5, 0.5, 6, 0, toLowerCase(), -1.0
14, 4248, -4.0, 1.0, -4.5, 1.0, 6, 0, toLowerCase(), -1.0
14, 4249, -4.0, 1.0, -4.5, 1.5, 6, 0, toLowerCase(), -1.0
14, 4250, -4.0, 1.0, -4.5, 2.0, 6, 0, toLowerCase(), -1.0
14, 4251, -4.0, 1.0, -4.5, 2.5, 6, 1, toLowerCase(), -1.0
14, 4252, -4.0, 1.0, -4.5, 3.0, 6, 1, toLowerCase(), -1.0
14, 4253, -4.0, 1.0, -4.5, 3.5, 6, 1, toLowerCase(), -1.0
14, 4254, -4.0, 1.0, -4.5, 4.0, 6, 1, toLowerCase(), -1.0
14, 4255, -4.0, 1.0, -4.5, 4.5, 0, 1, input.toLowerCase(), 0.5
14, 4256, -4.0, 1.0, -4.5, 5.0, 0, 1, input.toLowerCase(), 1.0
14, 4257, -4.0, 1.0, -4.0, 0.0, 6, 0, toLowerCase(), -1.0
14, 4258, -4.0, 1.0, -4.0, 0.5, 6, 0, toLowerCase(), -1.0
14, 4259, -4.0, 1.0, -4.0, 1.0, 6, 0, toLowerCase(), -1.0
14, 4260, -4.0, 1.0, -4.0, 1.5, 6, 0, toLowerCase(), -1.0
14, 4261, -4.0, 1.0, -4.0, 2.0, 6, 0, toLowerCase(), -1.0
14, 4262, -4.0, 1.0, -4.0, 2.5, 6, 1, toLowerCase(), -1.0
14, 4263, -4.0, 1.0, -4.0, 3.0, 6, 1, toLowerCase(), -1.0
14, 4264, -4.0, 1.0, -4.0, 3.5, 6, 1, toLowerCase(), -1.0
14, 4265, -4.0, 1.0, -4.0, 4.0, 6, 1, toLowerCase(), -1.0
14, 4266, -4.0, 1.0, -4.0, 4.5, 0, 1, input.toLowerCase(), 0.5
14, 4267, -4.0, 1.0, -4.0, 5.0, 0, 1, input.toLowerCase(), 1.0
14, 4268, -4.0, 1.0, -3.5, 0.0, 6, 0, toLowerCase(), -1.0
14, 4269, -4.0, 1.0, -3.5, 0.5, 6, 0, toLowerCase(), -1.0
14, 4270, -4.0, 1.0, -3.5, 1.0, 6, 0, toLowerCase(), -1.0
14, 4271, -4.0, 1.0, -3.5, 1.5, 6, 0, toLowerCase(), -1.0
14, 4272, -4.0, 1.0, -3.5, 2.0, 6, 0, toLowerCase(), -1.0
14, 4273, -4.0, 1.0, -3.5, 2.5, 6, 1, toLowerCase(), -1.0
14, 4274, -4.0, 1.0, -3.5, 3.0, 6, 1, toLowerCase(), -1.0
14, 4275, -4.0, 1.0, -3.5, 3.5, 6, 1, toLowerCase(), -1.0
14, 4276, -4.0, 1.0, -3.5, 4.0, 6, 1, toLowerCase(), -1.0
14, 4277, -4.0, 1.0, -3.5, 4.5, 0, 1, input.toLowerCase(), 0.5
14, 4278, -4.0, 1.0, -3.5, 5.0, 0, 1, input.toLowerCase(), 1.0
14, 4279, -4.0, 1.0, -3.0, 0.0, 6, 0, toLowerCase(), -1.0
14, 4280, -4.0, 1.0, -3.0, 0.5, 6, 0, toLowerCase(), -1.0
14, 4281, -4.0, 1.0, -3.0, 1.0, 6, 0, toLowerCase(), -1.0
14, 4282, -4.0, 1.0, -3.0, 1.5, 6, 0, toLowerCase(), -1.0
14, 4283, -4.0, 1.0, -3.0, 2.0, 6, 0, toLowerCase(), -1.0
14, 4284, -4.0, 1.0, -3.0, 2.5, 6, 1, toLowerCase(), -1.0
14, 4285, -4.0, 1.0, -3.0, 3.0, 6, 1, toLowerCase(), -1.0
14, 4286, -4.0, 1.0, -3.0, 3.5, 6, 1, toLowerCase(), -1.0
14, 4287, -4.0, 1.0, -3.0, 4.0, 6, 1, toLowerCase(), -1.0
14, 4288, -4.0, 1.0, -3.0, 4.5, 0, 1, input.toLowerCase(), 0.5
14, 4289, -4.0, 1.0, -3.0, 5.0, 0, 1, input.toLowerCase(), 1.0
14, 4290, -4.0, 1.0, -2.5, 0.0, 6, 0, toLowerCase(), -1.0
14, 4291, -4.0, 1.0, -2.5, 0.5, 6, 0, toLowerCase(), -1.0
14, 4292, -4.0, 1.0, -2.5, 1.0, 6, 0, toLowerCase(), -1.0
14, 4293, -4.0, 1.0, -2.5, 1.5, 6, 0, toLowerCase(), -1.0
14, 4294, -4.0, 1.0, -2.5, 2.0, 6, 0, toLowerCase(), -1.0
14, 4295, -4.0, 1.0, -2.5, 2.5, 6, 1, toLowerCase(), -1.0
14, 4296, -4.0, 1.0, -2.5, 3.0, 6, 1, toLowerCase(), -1.0
14, 4297, -4.0, 1.0, -2.5, 3.5, 6, 1, toLowerCase(), -1.0
14, 4298, -4.0, 1.0, -2.5, 4.0, 6, 1, toLowerCase(), -1.0
14, 4299, -4.0, 1.0, -2.5, 4.5, 0, 1, input.toLowerCase(), 0.5
14, 4300, -4.0, 1.0, -2.5, 5.0, 0, 1, input.toLowerCase(), 1.0
14, 4301, -4.0, 1.0, -2.0, 0.0, 6, 0, toLowerCase(), -1.0
14, 4302, -4.0, 1.0, -2.0, 0.5, 6, 0, toLowerCase(), -1.0
14, 4303, -4.0, 1.0, -2.0, 1.0, 6, 0, toLowerCase(), -1.0
14, 4304, -4.0, 1.0, -2.0, 1.5, 6, 0, toLowerCase(), -1.0
14, 4305, -4.0, 1.0, -2.0, 2.0, 6, 0, toLowerCase(), -1.0
14, 4306, -4.0, 1.0, -2.0, 2.5, 6, 1, toLowerCase(), -1.0
14, 4307, -4.0, 1.0, -2.0, 3.0, 6, 1, toLowerCase(), -1.0
14, 4308, -4.0, 1.0, -2.0, 3.5, 6, 1, toLowerCase(), -1.0
14, 4309, -4.0, 1.0, -2.0, 4.0, 6, 1, toLowerCase(), -1.0
14, 4310, -4.0, 1.0, -2.0, 4.5, 0, 1, input.toLowerCase(), 0.5
14, 4311, -4.0, 1.0, -2.0, 5.0, 0, 1, input.toLowerCase(), 1.0
14, 4312, -4.0, 1.0, -1.5, 0.0, 6, 0, toLowerCase(), -1.0
14, 4313, -4.0, 1.0, -1.5, 0.5, 6, 0, toLowerCase(), -1.0
14, 4314, -4.0, 1.0, -1.5, 1.0, 6, 0, toLowerCase(), -1.0
14, 4315, -4.0, 1.0, -1.5, 1.5, 6, 0, toLowerCase(), -1.0
14, 4316, -4.0, 1.0, -1.5, 2.0, 6, 0, toLowerCase(), -1.0
14, 4317, -4.0, 1.0, -1.5, 2.5, 6, 1, toLowerCase(), -1.0
14, 4318, -4.0, 1.0, -1.5, 3.0, 6, 1, toLowerCase(), -1.0
14, 4319, -4.0, 1.0, -1.5, 3.5, 6, 1, toLowerCase(), -1.0
14, 4320, -4.0, 1.0, -1.5, 4.0, 6, 1, toLowerCase(), -1.0
14, 4321, -4.0, 1.0, -1.5, 4.5, 0, 1, input.toLowerCase(), 0.5
14, 4322, -4.0, 1.0, -1.5, 5.0, 0, 1, input.toLowerCase(), 1.0
14, 4323, -4.0, 1.0, -1.0, 0.0, 6, 0, toLowerCase(), -1.0
14, 4324, -4.0, 1.0, -1.0, 0.5, 6, 0, toLowerCase(), -1.0
14, 4325, -4.0, 1.0, -1.0, 1.0, 6, 0, toLowerCase(), -1.0
14, 4326, -4.0, 1.0, -1.0, 1.5, 6, 0, toLowerCase(), -1.0
14, 4327, -4.0, 1.0, -1.0, 2.0, 6, 0, toLowerCase(), -1.0
14, 4328, -4.0, 1.0, -1.0, 2.5, 6, 1, toLowerCase(), -1.0
14, 4329, -4.0, 1.0, -1.0, 3.0, 6, 1, toLowerCase(), -1.0
14, 4330, -4.0, 1.0, -1.0, 3.5, 6, 1, toLowerCase(), -1.0
14, 4331, -4.0, 1.0, -1.0, 4.0, 6, 1, toLowerCase(), -1.0
14, 4332, -4.0, 1.0, -1.0, 4.5, 0, 1, input.toLowerCase(), 0.5
14, 4333, -4.0, 1.0, -1.0, 5.0, 0, 1, input.toLowerCase(), 1.0
14, 4334, -4.0, 1.0, -0.5, 0.0, 6, 0, toLowerCase(), -1.0
14, 4335, -4.0, 1.0, -0.5, 0.5, 6, 0, toLowerCase(), -1.0
14, 4336, -4.0, 1.0, -0.5, 1.0, 6, 0, toLowerCase(), -1.0
14, 4337, -4.0, 1.0, -0.5, 1.5, 6, 0, toLowerCase(), -1.0
14, 4338, -4.0, 1.0, -0.5, 2.0, 6, 0, toLowerCase(), -1.0
14, 4339, -4.0, 1.0, -0.5, 2.5, 6, 1, toLowerCase(), -1.0
14, 4340, -4.0, 1.0, -0.5, 3.0, 6, 1, toLowerCase(), -1.0
14, 4341, -4.0, 1.0, -0.5, 3.5, 6, 1, toLowerCase(), -1.0
14, 4342, -4.0, 1.0, -0.5, 4.0, 6, 1, toLowerCase(), -1.0
14, 4343, -4.0, 1.0, -0.5, 4.5, 0, 1, input.toLowerCase(), 0.5
14, 4344, -4.0, 1.0, -0.5, 5.0, 0, 1, input.toLowerCase(), 1.0
14, 4345, -4.0, 1.0, 0.0, 0.0, 6, 0, toLowerCase(), -1.0
14, 4346, -4.0, 1.0, 0.0, 0.5, 6, 0, toLowerCase(), -1.0
14, 4347, -4.0, 1.0, 0.0, 1.0, 6, 0, toLowerCase(), -1.0
14, 4348, -4.0, 1.0, 0.0, 1.5, 6, 0, toLowerCase(), -1.0
14, 4349, -4.0, 1.0, 0.0, 2.0, 6, 0, toLowerCase(), -1.0
14, 4350, -4.0, 1.0, 0.0, 2.5, 6, 1, toLowerCase(), -1.0
14, 4351, -4.0, 1.0, 0.0, 3.0, 6, 1, toLowerCase(), -1.0
14, 4352, -4.0, 1.0, 0.0, 3.5, 6, 1, toLowerCase(), -1.0
14, 4353, -4.0, 1.0, 0.0, 4.0, 6, 1, toLowerCase(), -1.0
14, 4354, -4.0, 1.0, 0.0, 4.5, 0, 1, input.toLowerCase(), 0.5
14, 4355, -4.0, 1.0, 0.0, 5.0, 0, 1, input.toLowerCase(), 1.0
14, 4356, -3.5, 1.0, -5.0, 0.0, 6, 0, toLowerCase(), -0.5
14, 4357, -3.5, 1.0, -5.0, 0.5, 6, 0, toLowerCase(), -0.5
14, 4358, -3.5, 1.0, -5.0, 1.0, 6, 0, toLowerCase(), -0.5
14, 4359, -3.5, 1.0, -5.0, 1.5, 6, 0, toLowerCase(), -0.5
14, 4360, -3.5, 1.0, -5.0, 2.0, 6, 0, toLowerCase(), -0.5
14, 4361, -3.5, 1.0, -5.0, 2.5, 6, 1, toLowerCase(), -0.5
14, 4362, -3.5, 1.0, -5.0, 3.0, 6, 1, toLowerCase(), -0.5
14, 4363, -3.5, 1.0, -5.0, 3.5, 0, 1, input.toLowerCase(), 0.5
14, 4364, -3.5, 1.0, -5.0, 4.0, 0, 1, input.toLowerCase(), 1.0
14, 4365, -3.5, 1.0, -5.0, 4.5, 0, 1, input.toLowerCase(), 1.5
14, 4366, -3.5, 1.0, -5.0, 5.0, 0, 1, input.toLowerCase(), 2.0
14, 4367, -3.5, 1.0, -4.5, 0.0, 6, 0, toLowerCase(), -0.5
14, 4368, -3.5, 1.0, -4.5, 0.5, 6, 0, toLowerCase(), -0.5
14, 4369, -3.5, 1.0, -4.5, 1.0, 6, 0, toLowerCase(), -0.5
14, 4370, -3.5, 1.0, -4.5, 1.5, 6, 0, toLowerCase(), -0.5
14, 4371, -3.5, 1.0, -4.5, 2.0, 6, 0, toLowerCase(), -0.5
14, 4372, -3.5, 1.0, -4.5, 2.5, 6, 1, toLowerCase(), -0.5
14, 4373, -3.5, 1.0, -4.5, 3.0, 6, 1, toLowerCase(), -0.5
14, 4374, -3.5, 1.0, -4.5, 3.5, 0, 1, input.toLowerCase(), 0.5
14, 4375, -3.5, 1.0, -4.5, 4.0, 0, 1, input.toLowerCase(), 1.0
14, 4376, -3.5, 1.0, -4.5, 4.5, 0, 1, input.toLowerCase(), 1.5
14, 4377, -3.5, 1.0, -4.5, 5.0, 0, 1, input.toLowerCase(), 2.0
14, 4378, -3.5, 1.0, -4.0, 0.0, 6, 0, toLowerCase(), -0.5
14, 4379, -3.5, 1.0, -4.0, 0.5, 6, 0, toLowerCase(), -0.5
14, 4380, -3.5, 1.0, -4.0, 1.0, 6, 0, toLowerCase(), -0.5
14, 4381, -3.5, 1.0, -4.0, 1.5, 6, 0, toLowerCase(), -0.5
14, 4382, -3.5, 1.0, -4.0, 2.0, 6, 0, toLowerCase(), -0.5
14, 4383, -3.5, 1.0, -4.0, 2.5, 6, 1, toLowerCase(), -0.5
14, 4384, -3.5, 1.0, -4.0, 3.0, 6, 1, toLowerCase(), -0.5
14, 4385, -3.5, 1.0, -4.0, 3.5, 0, 1, input.toLowerCase(), 0.5
14, 4386, -3.5, 1.0, -4.0, 4.0, 0, 1, input.toLowerCase(), 1.0
14, 4387, -3.5, 1.0, -4.0, 4.5, 0, 1, input.toLowerCase(), 1.5
14, 4388, -3.5, 1.0, -4.0, 5.0, 0, 1, input.toLowerCase(), 2.0
14, 4389, -3.5, 1.0, -3.5, 0.0, 6, 0, toLowerCase(), -0.5
14, 4390, -3.5, 1.0, -3.5, 0.5, 6, 0, toLowerCase(), -0.5
14, 4391, -3.5, 1.0, -3.5, 1.0, 6, 0, toLowerCase(), -0.5
14, 4392, -3.5, 1.0, -3.5, 1.5, 6, 0, toLowerCase(), -0.5
14, 4393, -3.5, 1.0, -3.5, 2.0, 6, 0, toLowerCase(), -0.5
14, 4394, -3.5, 1.0, -3.5, 2.5, 6, 1, toLowerCase(), -0.5
14, 4395, -3.5, 1.0, -3.5, 3.0, 6, 1, toLowerCase(), -0.5
14, 4396, -3.5, 1.0, -3.5, 3.5, 0, 1, input.toLowerCase(), 0.5
14, 4397, -3.5, 1.0, -3.5, 4.0, 0, 1, input.toLowerCase(), 1.0
14, 4398, -3.5, 1.0, -3.5, 4.5, 0, 1, input.toLowerCase(), 1.5
14, 4399, -3.5, 1.0, -3.5, 5.0, 0, 1, input.toLowerCase(), 2.0
14, 4400, -3.5, 1.0, -3.0, 0.0, 6, 0, toLowerCase(), -0.5
14, 4401, -3.5, 1.0, -3.0, 0.5, 6, 0, toLowerCase(), -0.5
14, 4402, -3.5, 1.0, -3.0, 1.0, 6, 0, toLowerCase(), -0.5
14, 4403, -3.5, 1.0, -3.0, 1.5, 6, 0, toLowerCase(), -0.5
14, 4404, -3.5, 1.0, -3.0, 2.0, 6, 0, toLowerCase(), -0.5
14, 4405, -3.5, 1.0, -3.0, 2.5, 6, 1, toLowerCase(), -0.5
14, 4406, -3.5, 1.0, -3.0, 3.0, 6, 1, toLowerCase(), -0.5
14, 4407, -3.5, 1.0, -3.0, 3.5, 0, 1, input.toLowerCase(), 0.5
14, 4408, -3.5, 1.0, -3.0, 4.0, 0, 1, input.toLowerCase(), 1.0
14, 4409, -3.5, 1.0, -3.0, 4.5, 0, 1, input.toLowerCase(), 1.5
14, 4410, -3.5, 1.0, -3.0, 5.0, 0, 1, input.toLowerCase(), 2.0
14, 4411, -3.5, 1.0, -2.5, 0.0, 6, 0, toLowerCase(), -0.5
14, 4412, -3.5, 1.0, -2.5, 0.5, 6, 0, toLowerCase(), -0.5
14, 4413, -3.5, 1.0, -2.5, 1.0, 6, 0, toLowerCase(), -0.5
14, 4414, -3.5, 1.0, -2.5, 1.5, 6, 0, toLowerCase(), -0.5
14, 4415, -3.5, 1.0, -2.5, 2.0, 6, 0, toLowerCase(), -0.5
14, 4416, -3.5, 1.0, -2.5, 2.5, 6, 1, toLowerCase(), -0.5
14, 4417, -3.5, 1.0, -2.5, 3.0, 6, 1, toLowerCase(), -0.5
14, 4418, -3.5, 1.0, -2.5, 3.5, 0, 1, input.toLowerCase(), 0.5
14, 4419, -3.5, 1.0, -2.5, 4.0, 0, 1, input.toLowerCase(), 1.0
14, 4420, -3.5, 1.0, -2.5, 4.5, 0, 1, input.toLowerCase(), 1.5
14, 4421, -3.5, 1.0, -2.5, 5.0, 0, 1, input.toLowerCase(), 2.0
14, 4422, -3.5, 1.0, -2.0, 0.0, 6, 0, toLowerCase(), -0.5
14, 4423, -3.5, 1.0, -2.0, 0.5, 6, 0, toLowerCase(), -0.5
14, 4424, -3.5, 1.0, -2.0, 1.0, 6, 0, toLowerCase(), -0.5
14, 4425, -3.5, 1.0, -2.0, 1.5, 6, 0, toLowerCase(), -0.5
14, 4426, -3.5, 1.0, -2.0, 2.0, 6, 0, toLowerCase(), -0.5
14, 4427, -3.5, 1.0, -2.0, 2.5, 6, 1, toLowerCase(), -0.5
14, 4428, -3.5, 1.0, -2.0, 3.0, 6, 1, toLowerCase(), -0.5
14, 4429, -3.5, 1.0, -2.0, 3.5, 0, 1, input.toLowerCase(), 0.5
14, 4430, -3.5, 1.0, -2.0, 4.0, 0, 1, input.toLowerCase(), 1.0
14, 4431, -3.5, 1.0, -2.0, 4.5, 0, 1, input.toLowerCase(), 1.5
14, 4432, -3.5, 1.0, -2.0, 5.0, 0, 1, input.toLowerCase(), 2.0
14, 4433, -3.5, 1.0, -1.5, 0.0, 6, 0, toLowerCase(), -0.5
14, 4434, -3.5, 1.0, -1.5, 0.5, 6, 0, toLowerCase(), -0.5
14, 4435, -3.5, 1.0, -1.5, 1.0, 6, 0, toLowerCase(), -0.5
14, 4436, -3.5, 1.0, -1.5, 1.5, 6, 0, toLowerCase(), -0.5
14, 4437, -3.5, 1.0, -1.5, 2.0, 6, 0, toLowerCase(), -0.5
14, 4438, -3.5, 1.0, -1.5, 2.5, 6, 1, toLowerCase(), -0.5
14, 4439, -3.5, 1.0, -1.5, 3.0, 6, 1, toLowerCase(), -0.5
14, 4440, -3.5, 1.0, -1.5, 3.5, 0, 1, input.toLowerCase(), 0.5
14, 4441, -3.5, 1.0, -1.5, 4.0, 0, 1, input.toLowerCase(), 1.0
14, 4442, -3.5, 1.0, -1.5, 4.5, 0, 1, input.toLowerCase(), 1.5
14, 4443, -3.5, 1.0, -1.5, 5.0, 0, 1, input.toLowerCase(), 2.0
14, 4444, -3.5, 1.0, -1.0, 0.0, 6, 0, toLowerCase(), -0.5
14, 4445, -3.5, 1.0, -1.0, 0.5, 6, 0, toLowerCase(), -0.5
14, 4446, -3.5, 1.0, -1.0, 1.0, 6, 0, toLowerCase(), -0.5
14, 4447, -3.5, 1.0, -1.0, 1.5, 6, 0, toLowerCase(), -0.5
14, 4448, -3.5, 1.0, -1.0, 2.0, 6, 0, toLowerCase(), -0.5
14, 4449, -3.5, 1.0, -1.0, 2.5, 6, 1, toLowerCase(), -0.5
14, 4450, -3.5, 1.0, -1.0, 3.0, 6, 1, toLowerCase(), -0.5
14, 4451, -3.5, 1.0, -1.0, 3.5, 0, 1, input.toLowerCase(), 0.5
14, 4452, -3.5, 1.0, -1.0, 4.0, 0, 1, input.toLowerCase(), 1.0
14, 4453, -3.5, 1.0, -1.0, 4.5, 0, 1, input.toLowerCase(), 1.5
14, 4454, -3.5, 1.0, -1.0, 5.0, 0, 1, input.toLowerCase(), 2.0
14, 4455, -3.5, 1.0, -0.5, 0.0, 6, 0, toLowerCase(), -0.5
14, 4456, -3.5, 1.0, -0.5, 0.5, 6, 0, toLowerCase(), -0.5
14, 4457, -3.5, 1.0, -0.5, 1.0, 6, 0, toLowerCase(), -0.5
14, 4458, -3.5, 1.0, -0.5, 1.5, 6, 0, toLowerCase(), -0.5
14, 4459, -3.5, 1.0, -0.5, 2.0, 6, 0, toLowerCase(), -0.5
14, 4460, -3.5, 1.0, -0.5, 2.5, 6, 1, toLowerCase(), -0.5
14, 4461, -3.5, 1.0, -0.5, 3.0, 6, 1, toLowerCase(), -0.5
14, 4462, -3.5, 1.0, -0.5, 3.5, 0, 1, input.toLowerCase(), 0.5
14, 4463, -3.5, 1.0, -0.5, 4.0, 0, 1, input.toLowerCase(), 1.0
14, 4464, -3.5, 1.0, -0.5, 4.5, 0, 1, input.toLowerCase(), 1.5
14, 4465, -3.5, 1.0, -0.5, 5.0, 0, 1, input.toLowerCase(), 2.0
14, 4466, -3.5, 1.0, 0.0, 0.0, 6, 0, toLowerCase(), -0.5
14, 4467, -3.5, 1.0, 0.0, 0.5, 6, 0, toLowerCase(), -0.5
14, 4468, -3.5, 1.0, 0.0, 1.0, 6, 0, toLowerCase(), -0.5
14, 4469, -3.5, 1.0, 0.0, 1.5, 6, 0, toLowerCase(), -0.5
14, 4470, -3.5, 1.0, 0.0, 2.0, 6, 0, toLowerCase(), -0.5
14, 4471, -3.5, 1.0, 0.0, 2.5, 6, 1, toLowerCase(), -0.5
14, 4472, -3.5, 1.0, 0.0, 3.0, 6, 1, toLowerCase(), -0.5
14, 4473, -3.5, 1.0, 0.0, 3.5, 0, 1, input.toLowerCase(), 0.5
14, 4474, -3.5, 1.0, 0.0, 4.0, 0, 1, input.toLowerCase(), 1.0
14, 4475, -3.5, 1.0, 0.0, 4.5, 0, 1, input.toLowerCase(), 1.5
14, 4476, -3.5, 1.0, 0.0, 5.0, 0, 1, input.toLowerCase(), 2.0
14, 4477, -3.0, 1.0, -5.0, 0.0, 6, 0, toLowerCase(), 0.0
14, 4478, -3.0, 1.0, -5.0, 0.5, 6, 0, toLowerCase(), 0.0
14, 4479, -3.0, 1.0, -5.0, 1.0, 6, 0, toLowerCase(), 0.0
14, 4480, -3.0, 1.0, -5.0, 1.5, 6, 0, toLowerCase(), 0.0
14, 4481, -3.0, 1.0, -5.0, 2.0, 6, 0, toLowerCase(), 0.0
14, 4482, -3.0, 1.0, -5.0, 2.5, 0, 0, input.toLowerCase(), 0.5
14, 4483, -3.0, 1.0, -5.0, 3.0, 0, 0, input.toLowerCase(), 1.0
14, 4484, -3.0, 1.0, -5.0, 3.5, 0, 0, input.toLowerCase(), 1.5
14, 4485, -3.0, 1.0, -5.0, 4.0, 0, 0, input.toLowerCase(), 2.0
14, 4486, -3.0, 1.0, -5.0, 4.5, 0, 0, input.toLowerCase(), 2.5
14, 4487, -3.0, 1.0, -5.0, 5.0, 0, 0, input.toLowerCase(), 3.0
14, 4488, -3.0, 1.0, -4.5, 0.0, 6, 0, toLowerCase(), 0.0
14, 4489, -3.0, 1.0, -4.5, 0.5, 6, 0, toLowerCase(), 0.0
14, 4490, -3.0, 1.0, -4.5, 1.0, 6, 0, toLowerCase(), 0.0
14, 4491, -3.0, 1.0, -4.5, 1.5, 6, 0, toLowerCase(), 0.0
14, 4492, -3.0, 1.0, -4.5, 2.0, 6, 0, toLowerCase(), 0.0
14, 4493, -3.0, 1.0, -4.5, 2.5, 0, 0, input.toLowerCase(), 0.5
14, 4494, -3.0, 1.0, -4.5, 3.0, 0, 0, input.toLowerCase(), 1.0
14, 4495, -3.0, 1.0, -4.5, 3.5, 0, 0, input.toLowerCase(), 1.5
14, 4496, -3.0, 1.0, -4.5, 4.0, 0, 0, input.toLowerCase(), 2.0
14, 4497, -3.0, 1.0, -4.5, 4.5, 0, 0, input.toLowerCase(), 2.5
14, 4498, -3.0, 1.0, -4.5, 5.0, 0, 0, input.toLowerCase(), 3.0
14, 4499, -3.0, 1.0, -4.0, 0.0, 6, 0, toLowerCase(), 0.0
14, 4500, -3.0, 1.0, -4.0, 0.5, 6, 0, toLowerCase(), 0.0
14, 4501, -3.0, 1.0, -4.0, 1.0, 6, 0, toLowerCase(), 0.0
14, 4502, -3.0, 1.0, -4.0, 1.5, 6, 0, toLowerCase(), 0.0
14, 4503, -3.0, 1.0, -4.0, 2.0, 6, 0, toLowerCase(), 0.0
14, 4504, -3.0, 1.0, -4.0, 2.5, 0, 0, input.toLowerCase(), 0.5
14, 4505, -3.0, 1.0, -4.0, 3.0, 0, 0, input.toLowerCase(), 1.0
14, 4506, -3.0, 1.0, -4.0, 3.5, 0, 0, input.toLowerCase(), 1.5
14, 4507, -3.0, 1.0, -4.0, 4.0, 0, 0, input.toLowerCase(), 2.0
14, 4508, -3.0, 1.0, -4.0, 4.5, 0, 0, input.toLowerCase(), 2.5
14, 4509, -3.0, 1.0, -4.0, 5.0, 0, 0, input.toLowerCase(), 3.0
14, 4510, -3.0, 1.0, -3.5, 0.0, 6, 0, toLowerCase(), 0.0
14, 4511, -3.0, 1.0, -3.5, 0.5, 6, 0, toLowerCase(), 0.0
14, 4512, -3.0, 1.0, -3.5, 1.0, 6, 0, toLowerCase(), 0.0
14, 4513, -3.0, 1.0, -3.5, 1.5, 6, 0, toLowerCase(), 0.0
14, 4514, -3.0, 1.0, -3.5, 2.0, 6, 0, toLowerCase(), 0.0
14, 4515, -3.0, 1.0, -3.5, 2.5, 0, 0, input.toLowerCase(), 0.5
14, 4516, -3.0, 1.0, -3.5, 3.0, 0, 0, input.toLowerCase(), 1.0
14, 4517, -3.0, 1.0, -3.5, 3.5, 0, 0, input.toLowerCase(), 1.5
14, 4518, -3.0, 1.0, -3.5, 4.0, 0, 0, input.toLowerCase(), 2.0
14, 4519, -3.0, 1.0, -3.5, 4.5, 0, 0, input.toLowerCase(), 2.5
14, 4520, -3.0, 1.0, -3.5, 5.0, 0, 0, input.toLowerCase(), 3.0
14, 4521, -3.0, 1.0, -3.0, 0.0, 6, 0, toLowerCase(), 0.0
14, 4522, -3.0, 1.0, -3.0, 0.5, 6, 0, toLowerCase(), 0.0
14, 4523, -3.0, 1.0, -3.0, 1.0, 6, 0, toLowerCase(), 0.0
14, 4524, -3.0, 1.0, -3.0, 1.5, 6, 0, toLowerCase(), 0.0
14, 4525, -3.0, 1.0, -3.0, 2.0, 6, 0, toLowerCase(), 0.0
14, 4526, -3.0, 1.0, -3.0, 2.5, 0, 0, input.toLowerCase(), 0.5
14, 4527, -3.0, 1.0, -3.0, 3.0, 0, 0, input.toLowerCase(), 1.0
14, 4528, -3.0, 1.0, -3.0, 3.5, 0, 0, input.toLowerCase(), 1.5
14, 4529, -3.0, 1.0, -3.0, 4.0, 0, 0, input.toLowerCase(), 2.0
14, 4530, -3.0, 1.0, -3.0, 4.5, 0, 0, input.toLowerCase(), 2.5
14, 4531, -3.0, 1.0, -3.0, 5.0, 0, 0, input.toLowerCase(), 3.0
14, 4532, -3.0, 1.0, -2.5, 0.0, 6, 0, toLowerCase(), 0.0
14, 4533, -3.0, 1.0, -2.5, 0.5, 6, 0, toLowerCase(), 0.0
14, 4534, -3.0, 1.0, -2.5, 1.0, 6, 0, toLowerCase(), 0.0
14, 4535, -3.0, 1.0, -2.5, 1.5, 6, 0, toLowerCase(), 0.0
14, 4536, -3.0, 1.0, -2.5, 2.0, 6, 0, toLowerCase(), 0.0
14, 4537, -3.0, 1.0, -2.5, 2.5, 0, 0, input.toLowerCase(), 0.5
14, 4538, -3.0, 1.0, -2.5, 3.0, 0, 0, input.toLowerCase(), 1.0
14, 4539, -3.0, 1.0, -2.5, 3.5, 0, 0, input.toLowerCase(), 1.5
14, 4540, -3.0, 1.0, -2.5, 4.0, 0, 0, input.toLowerCase(), 2.0
14, 4541, -3.0, 1.0, -2.5, 4.5, 0, 0, input.toLowerCase(), 2.5
14, 4542, -3.0, 1.0, -2.5, 5.0, 0, 0, input.toLowerCase(), 3.0
14, 4543, -3.0, 1.0, -2.0, 0.0, 6, 0, toLowerCase(), 0.0
14, 4544, -3.0, 1.0, -2.0, 0.5, 6, 0, toLowerCase(), 0.0
14, 4545, -3.0, 1.0, -2.0, 1.0, 6, 0, toLowerCase(), 0.0
14, 4546, -3.0, 1.0, -2.0, 1.5, 6, 0, toLowerCase(), 0.0
14, 4547, -3.0, 1.0, -2.0, 2.0, 6, 0, toLowerCase(), 0.0
14, 4548, -3.0, 1.0, -2.0, 2.5, 0, 0, input.toLowerCase(), 0.5
14, 4549, -3.0, 1.0, -2.0, 3.0, 0, 0, input.toLowerCase(), 1.0
14, 4550, -3.0, 1.0, -2.0, 3.5, 0, 0, input.toLowerCase(), 1.5
14, 4551, -3.0, 1.0, -2.0, 4.0, 0, 0, input.toLowerCase(), 2.0
14, 4552, -3.0, 1.0, -2.0, 4.5, 0, 0, input.toLowerCase(), 2.5
14, 4553, -3.0, 1.0, -2.0, 5.0, 0, 0, input.toLowerCase(), 3.0
14, 4554, -3.0, 1.0, -1.5, 0.0, 6, 0, toLowerCase(), 0.0
14, 4555, -3.0, 1.0, -1.5, 0.5, 6, 0, toLowerCase(), 0.0
14, 4556, -3.0, 1.0, -1.5, 1.0, 6, 0, toLowerCase(), 0.0
14, 4557, -3.0, 1.0, -1.5, 1.5, 6, 0, toLowerCase(), 0.0
14, 4558, -3.0, 1.0, -1.5, 2.0, 6, 0, toLowerCase(), 0.0
14, 4559, -3.0, 1.0, -1.5, 2.5, 0, 0, input.toLowerCase(), 0.5
14, 4560, -3.0, 1.0, -1.5, 3.0, 0, 0, input.toLowerCase(), 1.0
14, 4561, -3.0, 1.0, -1.5, 3.5, 0, 0, input.toLowerCase(), 1.5
14, 4562, -3.0, 1.0, -1.5, 4.0, 0, 0, input.toLowerCase(), 2.0
14, 4563, -3.0, 1.0, -1.5, 4.5, 0, 0, input.toLowerCase(), 2.5
14, 4564, -3.0, 1.0, -1.5, 5.0, 0, 0, input.toLowerCase(), 3.0
14, 4565, -3.0, 1.0, -1.0, 0.0, 6, 0, toLowerCase(), 0.0
14, 4566, -3.0, 1.0, -1.0, 0.5, 6, 0, toLowerCase(), 0.0
14, 4567, -3.0, 1.0, -1.0, 1.0, 6, 0, toLowerCase(), 0.0
14, 4568, -3.0, 1.0, -1.0, 1.5, 6, 0, toLowerCase(), 0.0
14, 4569, -3.0, 1.0, -1.0, 2.0, 6, 0, toLowerCase(), 0.0
14, 4570, -3.0, 1.0, -1.0, 2.5, 0, 0, input.toLowerCase(), 0.5
14, 4571, -3.0, 1.0, -1.0, 3.0, 0, 0, input.toLowerCase(), 1.0
14, 4572, -3.0, 1.0, -1.0, 3.5, 0, 0, input.toLowerCase(), 1.5
14, 4573, -3.0, 1.0, -1.0, 4.0, 0, 0, input.toLowerCase(), 2.0
14, 4574, -3.0, 1.0, -1.0, 4.5, 0, 0, input.toLowerCase(), 2.5
14, 4575, -3.0, 1.0, -1.0, 5.0, 0, 0, input.toLowerCase(), 3.0
14, 4576, -3.0, 1.0, -0.5, 0.0, 6, 0, toLowerCase(), 0.0
14, 4577, -3.0, 1.0, -0.5, 0.5, 6, 0, toLowerCase(), 0.0
14, 4578, -3.0, 1.0, -0.5, 1.0, 6, 0, toLowerCase(), 0.0
14, 4579, -3.0, 1.0, -0.5, 1.5, 6, 0, toLowerCase(), 0.0
14, 4580, -3.0, 1.0, -0.5, 2.0, 6, 0, toLowerCase(), 0.0
14, 4581, -3.0, 1.0, -0.5, 2.5, 0, 0, input.toLowerCase(), 0.5
14, 4582, -3.0, 1.0, -0.5, 3.0, 0, 0, input.toLowerCase(), 1.0
14, 4583, -3.0, 1.0, -0.5, 3.5, 0, 0, input.toLowerCase(), 1.5
14, 4584, -3.0, 1.0, -0.5, 4.0, 0, 0, input.toLowerCase(), 2.0
14, 4585, -3.0, 1.0, -0.5, 4.5, 0, 0, input.toLowerCase(), 2.5
14, 4586, -3.0, 1.0, -0.5, 5.0, 0, 0, input.toLowerCase(), 3.0
14, 4587, -3.0, 1.0, 0.0, 0.0, 6, 0, toLowerCase(), 0.0
14, 4588, -3.0, 1.0, 0.0, 0.5, 6, 0, toLowerCase(), 0.0
14, 4589, -3.0, 1.0, 0.0, 1.0, 6, 0, toLowerCase(), 0.0
14, 4590, -3.0, 1.0, 0.0, 1.5, 6, 0, toLowerCase(), 0.0
14, 4591, -3.0, 1.0, 0.0, 2.0, 6, 0, toLowerCase(), 0.0
14, 4592, -3.0, 1.0, 0.0, 2.5, 0, 0, input.toLowerCase(), 0.5
14, 4593, -3.0, 1.0, 0.0, 3.0, 0, 0, input.toLowerCase(), 1.0
14, 4594, -3.0, 1.0, 0.0, 3.5, 0, 0, input.toLowerCase(), 1.5
14, 4595, -3.0, 1.0, 0.0, 4.0, 0, 0, input.toLowerCase(), 2.0
14, 4596, -3.0, 1.0, 0.0, 4.5, 0, 0, input.toLowerCase(), 2.5
14, 4597, -3.0, 1.0, 0.0, 5.0, 0, 2, input.toLowerCase(), 3.0
14, 4598, -2.5, 1.0, -5.0, 0.0, 6, 0, toLowerCase(), 0.5
14, 4599, -2.5, 1.0, -5.0, 0.5, 6, 0, toLowerCase(), 0.5
14, 4600, -2.5, 1.0, -5.0, 1.0, 6, 0, toLowerCase(), 0.5
14, 4601, -2.5, 1.0, -5.0, 1.5, 0, 0, input.toLowerCase(), 0.5
14, 4602, -2.5, 1.0, -5.0, 2.0, 0, 0, input.toLowerCase(), 1.0
14, 4603, -2.5, 1.0, -5.0, 2.5, 0, 0, input.toLowerCase(), 1.5
14, 4604, -2.5, 1.0, -5.0, 3.0, 0, 0, input.toLowerCase(), 2.0
14, 4605, -2.5, 1.0, -5.0, 3.5, 0, 0, input.toLowerCase(), 2.5
14, 4606, -2.5, 1.0, -5.0, 4.0, 0, 0, input.toLowerCase(), 3.0
14, 4607, -2.5, 1.0, -5.0, 4.5, 0, 0, input.toLowerCase(), 3.5
14, 4608, -2.5, 1.0, -5.0, 5.0, 0, 0, input.toLowerCase(), 4.0
14, 4609, -2.5, 1.0, -4.5, 0.0, 6, 0, toLowerCase(), 0.5
14, 4610, -2.5, 1.0, -4.5, 0.5, 6, 0, toLowerCase(), 0.5
14, 4611, -2.5, 1.0, -4.5, 1.0, 6, 0, toLowerCase(), 0.5
14, 4612, -2.5, 1.0, -4.5, 1.5, 0, 0, input.toLowerCase(), 0.5
14, 4613, -2.5, 1.0, -4.5, 2.0, 0, 0, input.toLowerCase(), 1.0
14, 4614, -2.5, 1.0, -4.5, 2.5, 0, 0, input.toLowerCase(), 1.5
14, 4615, -2.5, 1.0, -4.5, 3.0, 0, 0, input.toLowerCase(), 2.0
14, 4616, -2.5, 1.0, -4.5, 3.5, 0, 0, input.toLowerCase(), 2.5
14, 4617, -2.5, 1.0, -4.5, 4.0, 0, 0, input.toLowerCase(), 3.0
14, 4618, -2.5, 1.0, -4.5, 4.5, 0, 0, input.toLowerCase(), 3.5
14, 4619, -2.5, 1.0, -4.5, 5.0, 0, 0, input.toLowerCase(), 4.0
14, 4620, -2.5, 1.0, -4.0, 0.0, 6, 0, toLowerCase(), 0.5
14, 4621, -2.5, 1.0, -4.0, 0.5, 6, 0, toLowerCase(), 0.5
14, 4622, -2.5, 1.0, -4.0, 1.0, 6, 0, toLowerCase(), 0.5
14, 4623, -2.5, 1.0, -4.0, 1.5, 0, 0, input.toLowerCase(), 0.5
14, 4624, -2.5, 1.0, -4.0, 2.0, 0, 0, input.toLowerCase(), 1.0
14, 4625, -2.5, 1.0, -4.0, 2.5, 0, 0, input.toLowerCase(), 1.5
14, 4626, -2.5, 1.0, -4.0, 3.0, 0, 0, input.toLowerCase(), 2.0
14, 4627, -2.5, 1.0, -4.0, 3.5, 0, 0, input.toLowerCase(), 2.5
14, 4628, -2.5, 1.0, -4.0, 4.0, 0, 0, input.toLowerCase(), 3.0
14, 4629, -2.5, 1.0, -4.0, 4.5, 0, 0, input.toLowerCase(), 3.5
14, 4630, -2.5, 1.0, -4.0, 5.0, 0, 0, input.toLowerCase(), 4.0
14, 4631, -2.5, 1.0, -3.5, 0.0, 6, 0, toLowerCase(), 0.5
14, 4632, -2.5, 1.0, -3.5, 0.5, 6, 0, toLowerCase(), 0.5
14, 4633, -2.5, 1.0, -3.5, 1.0, 6, 0, toLowerCase(), 0.5
14, 4634, -2.5, 1.0, -3.5, 1.5, 0, 0, input.toLowerCase(), 0.5
14, 4635, -2.5, 1.0, -3.5, 2.0, 0, 0, input.toLowerCase(), 1.0
14, 4636, -2.5, 1.0, -3.5, 2.5, 0, 0, input.toLowerCase(), 1.5
14, 4637, -2.5, 1.0, -3.5, 3.0, 0, 0, input.toLowerCase(), 2.0
14, 4638, -2.5, 1.0, -3.5, 3.5, 0, 0, input.toLowerCase(), 2.5
14, 4639, -2.5, 1.0, -3.5, 4.0, 0, 0, input.toLowerCase(), 3.0
14, 4640, -2.5, 1.0, -3.5, 4.5, 0, 0, input.toLowerCase(), 3.5
14, 4641, -2.5, 1.0, -3.5, 5.0, 0, 0, input.toLowerCase(), 4.0
14, 4642, -2.5, 1.0, -3.0, 0.0, 6, 0, toLowerCase(), 0.5
14, 4643, -2.5, 1.0, -3.0, 0.5, 6, 0, toLowerCase(), 0.5
14, 4644, -2.5, 1.0, -3.0, 1.0, 6, 0, toLowerCase(), 0.5
14, 4645, -2.5, 1.0, -3.0, 1.5, 0, 0, input.toLowerCase(), 0.5
14, 4646, -2.5, 1.0, -3.0, 2.0, 0, 0, input.toLowerCase(), 1.0
14, 4647, -2.5, 1.0, -3.0, 2.5, 0, 0, input.toLowerCase(), 1.5
14, 4648, -2.5, 1.0, -3.0, 3.0, 0, 0, input.toLowerCase(), 2.0
14, 4649, -2.5, 1.0, -3.0, 3.5, 0, 0, input.toLowerCase(), 2.5
14, 4650, -2.5, 1.0, -3.0, 4.0, 0, 0, input.toLowerCase(), 3.0
14, 4651, -2.5, 1.0, -3.0, 4.5, 0, 0, input.toLowerCase(), 3.5
14, 4652, -2.5, 1.0, -3.0, 5.0, 0, 0, input.toLowerCase(), 4.0
14, 4653, -2.5, 1.0, -2.5, 0.0, 6, 0, toLowerCase(), 0.5
14, 4654, -2.5, 1.0, -2.5, 0.5, 6, 0, toLowerCase(), 0.5
14, 4655, -2.5, 1.0, -2.5, 1.0, 6, 0, toLowerCase(), 0.5
14, 4656, -2.5, 1.0, -2.5, 1.5, 0, 0, input.toLowerCase(), 0.5
14, 4657, -2.5, 1.0, -2.5, 2.0, 0, 0, input.toLowerCase(), 1.0
14, 4658, -2.5, 1.0, -2.5, 2.5, 0, 0, input.toLowerCase(), 1.5
14, 4659, -2.5, 1.0, -2.5, 3.0, 0, 0, input.toLowerCase(), 2.0
14, 4660, -2.5, 1.0, -2.5, 3.5, 0, 0, input.toLowerCase(), 2.5
14, 4661, -2.5, 1.0, -2.5, 4.0, 0, 0, input.toLowerCase(), 3.0
14, 4662, -2.5, 1.0, -2.5, 4.5, 0, 0, input.toLowerCase(), 3.5
14, 4663, -2.5, 1.0, -2.5, 5.0, 0, 0, input.toLowerCase(), 4.0
14, 4664, -2.5, 1.0, -2.0, 0.0, 6, 0, toLowerCase(), 0.5
14, 4665, -2.5, 1.0, -2.0, 0.5, 6, 0, toLowerCase(), 0.5
14, 4666, -2.5, 1.0, -2.0, 1.0, 6, 0, toLowerCase(), 0.5
14, 4667, -2.5, 1.0, -2.0, 1.5, 0, 0, input.toLowerCase(), 0.5
14, 4668, -2.5, 1.0, -2.0, 2.0, 0, 0, input.toLowerCase(), 1.0
14, 4669, -2.5, 1.0, -2.0, 2.5, 0, 0, input.toLowerCase(), 1.5
14, 4670, -2.5, 1.0, -2.0, 3.0, 0, 0, input.toLowerCase(), 2.0
14, 4671, -2.5, 1.0, -2.0, 3.5, 0, 0, input.toLowerCase(), 2.5
14, 4672, -2.5, 1.0, -2.0, 4.0, 0, 0, input.toLowerCase(), 3.0
14, 4673, -2.5, 1.0, -2.0, 4.5, 0, 0, input.toLowerCase(), 3.5
14, 4674, -2.5, 1.0, -2.0, 5.0, 0, 0, input.toLowerCase(), 4.0
14, 4675, -2.5, 1.0, -1.5, 0.0, 6, 0, toLowerCase(), 0.5
14, 4676, -2.5, 1.0, -1.5, 0.5, 6, 0, toLowerCase(), 0.5
14, 4677, -2.5, 1.0, -1.5, 1.0, 6, 0, toLowerCase(), 0.5
14, 4678, -2.5, 1.0, -1.5, 1.5, 0, 0, input.toLowerCase(), 0.5
14, 4679, -2.5, 1.0, -1.5, 2.0, 0, 0, input.toLowerCase(), 1.0
14, 4680, -2.5, 1.0, -1.5, 2.5, 0, 0, input.toLowerCase(), 1.5
14, 4681, -2.5, 1.0, -1.5, 3.0, 0, 0, input.toLowerCase(), 2.0
14, 4682, -2.5, 1.0, -1.5, 3.5, 0, 0, input.toLowerCase(), 2.5
14, 4683, -2.5, 1.0, -1.5, 4.0, 0, 0, input.toLowerCase(), 3.0
14, 4684, -2.5, 1.0, -1.5, 4.5, 0, 0, input.toLowerCase(), 3.5
14, 4685, -2.5, 1.0, -1.5, 5.0, 0, 0, input.toLowerCase(), 4.0
14, 4686, -2.5, 1.0, -1.0, 0.0, 6, 0, toLowerCase(), 0.5
14, 4687, -2.5, 1.0, -1.0, 0.5, 6, 0, toLowerCase(), 0.5
14, 4688, -2.5, 1.0, -1.0, 1.0, 6, 0, toLowerCase(), 0.5
14, 4689, -2.5, 1.0, -1.0, 1.5, 0, 0, input.toLowerCase(), 0.5
14, 4690, -2.5, 1.0, -1.0, 2.0, 0, 0, input.toLowerCase(), 1.0
14, 4691, -2.5, 1.0, -1.0, 2.5, 0, 0, input.toLowerCase(), 1.5
14, 4692, -2.5, 1.0, -1.0, 3.0, 0, 0, input.toLowerCase(), 2.0
14, 4693, -2.5, 1.0, -1.0, 3.5, 0, 0, input.toLowerCase(), 2.5
14, 4694, -2.5, 1.0, -1.0, 4.0, 0, 0, input.toLowerCase(), 3.0
14, 4695, -2.5, 1.0, -1.0, 4.5, 0, 0, input.toLowerCase(), 3.5
14, 4696, -2.5, 1.0, -1.0, 5.0, 0, 1, input.toLowerCase(), 4.0
14, 4697, -2.5, 1.0, -0.5, 0.0, 6, 0, toLowerCase(), 0.5
14, 4698, -2.5, 1.0, -0.5, 0.5, 6, 0, toLowerCase(), 0.5
14, 4699, -2.5, 1.0, -0.5, 1.0, 6, 0, toLowerCase(), 0.5
14, 4700, -2.5, 1.0, -0.5, 1.5, 0, 0, input.toLowerCase(), 0.5
14, 4701, -2.5, 1.0, -0.5, 2.0, 0, 0, input.toLowerCase(), 1.0
14, 4702, -2.5, 1.0, -0.5, 2.5, 0, 0, input.toLowerCase(), 1.5
14, 4703, -2.5, 1.0, -0.5, 3.0, 0, 0, input.toLowerCase(), 2.0
14, 4704, -2.5, 1.0, -0.5, 3.5, 0, 0, input.toLowerCase(), 2.5
14, 4705, -2.5, 1.0, -0.5, 4.0, 0, 0, input.toLowerCase(), 3.0
14, 4706, -2.5, 1.0, -0.5, 4.5, 0, 1, input.toLowerCase(), 3.5
14, 4707, -2.5, 1.0, -0.5, 5.0, 79, 3, input.replace(input, input).substring(input.compareToIgnoreCase(input), input.compareTo(input)), 8.0
14, 4708, -2.5, 1.0, 0.0, 0.0, 6, 0, toLowerCase(), 0.5
14, 4709, -2.5, 1.0, 0.0, 0.5, 6, 0, toLowerCase(), 0.5
14, 4710, -2.5, 1.0, 0.0, 1.0, 6, 0, toLowerCase(), 0.5
14, 4711, -2.5, 1.0, 0.0, 1.5, 0, 0, input.toLowerCase(), 0.5
14, 4712, -2.5, 1.0, 0.0, 2.0, 0, 0, input.toLowerCase(), 1.0
14, 4713, -2.5, 1.0, 0.0, 2.5, 0, 0, input.toLowerCase(), 1.5
14, 4714, -2.5, 1.0, 0.0, 3.0, 0, 0, input.toLowerCase(), 2.0
14, 4715, -2.5, 1.0, 0.0, 3.5, 0, 0, input.toLowerCase(), 2.5
14, 4716, -2.5, 1.0, 0.0, 4.0, 0, 4, input.toLowerCase(), 3.0
14, 4717, -2.5, 1.0, 0.0, 4.5, 83, 1, input.replaceAll(input, input).replace(input.replace(input, input), input.replace(input, input)), 9.0
14, 4718, -2.5, 1.0, 0.0, 5.0, 83, 1, input.replaceAll(input, input).replace(input.replace(input, input), input.replace(input, input)), 13.5
14, 4719, -2.0, 1.0, -5.0, 0.0, 6, 0, toLowerCase(), 1.0
14, 4720, -2.0, 1.0, -5.0, 0.5, 0, 0, input.toLowerCase(), 0.5
14, 4721, -2.0, 1.0, -5.0, 1.0, 0, 0, input.toLowerCase(), 1.0
14, 4722, -2.0, 1.0, -5.0, 1.5, 0, 0, input.toLowerCase(), 1.5
14, 4723, -2.0, 1.0, -5.0, 2.0, 0, 0, input.toLowerCase(), 2.0
14, 4724, -2.0, 1.0, -5.0, 2.5, 0, 0, input.toLowerCase(), 2.5
14, 4725, -2.0, 1.0, -5.0, 3.0, 0, 0, input.toLowerCase(), 3.0
14, 4726, -2.0, 1.0, -5.0, 3.5, 0, 0, input.toLowerCase(), 3.5
14, 4727, -2.0, 1.0, -5.0, 4.0, 0, 0, input.toLowerCase(), 4.0
14, 4728, -2.0, 1.0, -5.0, 4.5, 0, 0, input.toLowerCase(), 4.5
14, 4729, -2.0, 1.0, -5.0, 5.0, 0, 0, input.toLowerCase(), 5.0
14, 4730, -2.0, 1.0, -4.5, 0.0, 6, 0, toLowerCase(), 1.0
14, 4731, -2.0, 1.0, -4.5, 0.5, 0, 0, input.toLowerCase(), 0.5
14, 4732, -2.0, 1.0, -4.5, 1.0, 0, 0, input.toLowerCase(), 1.0
14, 4733, -2.0, 1.0, -4.5, 1.5, 0, 0, input.toLowerCase(), 1.5
14, 4734, -2.0, 1.0, -4.5, 2.0, 0, 0, input.toLowerCase(), 2.0
14, 4735, -2.0, 1.0, -4.5, 2.5, 0, 0, input.toLowerCase(), 2.5
14, 4736, -2.0, 1.0, -4.5, 3.0, 0, 0, input.toLowerCase(), 3.0
14, 4737, -2.0, 1.0, -4.5, 3.5, 0, 0, input.toLowerCase(), 3.5
14, 4738, -2.0, 1.0, -4.5, 4.0, 0, 0, input.toLowerCase(), 4.0
14, 4739, -2.0, 1.0, -4.5, 4.5, 0, 0, input.toLowerCase(), 4.5
14, 4740, -2.0, 1.0, -4.5, 5.0, 0, 0, input.toLowerCase(), 5.0
14, 4741, -2.0, 1.0, -4.0, 0.0, 6, 0, toLowerCase(), 1.0
14, 4742, -2.0, 1.0, -4.0, 0.5, 0, 0, input.toLowerCase(), 0.5
14, 4743, -2.0, 1.0, -4.0, 1.0, 0, 0, input.toLowerCase(), 1.0
14, 4744, -2.0, 1.0, -4.0, 1.5, 0, 0, input.toLowerCase(), 1.5
14, 4745, -2.0, 1.0, -4.0, 2.0, 0, 0, input.toLowerCase(), 2.0
14, 4746, -2.0, 1.0, -4.0, 2.5, 0, 0, input.toLowerCase(), 2.5
14, 4747, -2.0, 1.0, -4.0, 3.0, 0, 0, input.toLowerCase(), 3.0
14, 4748, -2.0, 1.0, -4.0, 3.5, 0, 0, input.toLowerCase(), 3.5
14, 4749, -2.0, 1.0, -4.0, 4.0, 0, 0, input.toLowerCase(), 4.0
14, 4750, -2.0, 1.0, -4.0, 4.5, 0, 0, input.toLowerCase(), 4.5
14, 4751, -2.0, 1.0, -4.0, 5.0, 0, 0, input.toLowerCase(), 5.0
14, 4752, -2.0, 1.0, -3.5, 0.0, 6, 0, toLowerCase(), 1.0
14, 4753, -2.0, 1.0, -3.5, 0.5, 0, 0, input.toLowerCase(), 0.5
14, 4754, -2.0, 1.0, -3.5, 1.0, 0, 0, input.toLowerCase(), 1.0
14, 4755, -2.0, 1.0, -3.5, 1.5, 0, 0, input.toLowerCase(), 1.5
14, 4756, -2.0, 1.0, -3.5, 2.0, 0, 0, input.toLowerCase(), 2.0
14, 4757, -2.0, 1.0, -3.5, 2.5, 0, 0, input.toLowerCase(), 2.5
14, 4758, -2.0, 1.0, -3.5, 3.0, 0, 0, input.toLowerCase(), 3.0
14, 4759, -2.0, 1.0, -3.5, 3.5, 0, 0, input.toLowerCase(), 3.5
14, 4760, -2.0, 1.0, -3.5, 4.0, 0, 0, input.toLowerCase(), 4.0
14, 4761, -2.0, 1.0, -3.5, 4.5, 0, 0, input.toLowerCase(), 4.5
14, 4762, -2.0, 1.0, -3.5, 5.0, 0, 0, input.toLowerCase(), 5.0
14, 4763, -2.0, 1.0, -3.0, 0.0, 6, 0, toLowerCase(), 1.0
14, 4764, -2.0, 1.0, -3.0, 0.5, 0, 0, input.toLowerCase(), 0.5
14, 4765, -2.0, 1.0, -3.0, 1.0, 0, 0, input.toLowerCase(), 1.0
14, 4766, -2.0, 1.0, -3.0, 1.5, 0, 0, input.toLowerCase(), 1.5
14, 4767, -2.0, 1.0, -3.0, 2.0, 0, 0, input.toLowerCase(), 2.0
14, 4768, -2.0, 1.0, -3.0, 2.5, 0, 0, input.toLowerCase(), 2.5
14, 4769, -2.0, 1.0, -3.0, 3.0, 0, 0, input.toLowerCase(), 3.0
14, 4770, -2.0, 1.0, -3.0, 3.5, 0, 0, input.toLowerCase(), 3.5
14, 4771, -2.0, 1.0, -3.0, 4.0, 0, 0, input.toLowerCase(), 4.0
14, 4772, -2.0, 1.0, -3.0, 4.5, 0, 0, input.toLowerCase(), 4.5
14, 4773, -2.0, 1.0, -3.0, 5.0, 0, 0, input.toLowerCase(), 5.0
14, 4774, -2.0, 1.0, -2.5, 0.0, 6, 0, toLowerCase(), 1.0
14, 4775, -2.0, 1.0, -2.5, 0.5, 0, 0, input.toLowerCase(), 0.5
14, 4776, -2.0, 1.0, -2.5, 1.0, 0, 0, input.toLowerCase(), 1.0
14, 4777, -2.0, 1.0, -2.5, 1.5, 0, 0, input.toLowerCase(), 1.5
14, 4778, -2.0, 1.0, -2.5, 2.0, 0, 0, input.toLowerCase(), 2.0
14, 4779, -2.0, 1.0, -2.5, 2.5, 0, 0, input.toLowerCase(), 2.5
14, 4780, -2.0, 1.0, -2.5, 3.0, 0, 0, input.toLowerCase(), 3.0
14, 4781, -2.0, 1.0, -2.5, 3.5, 0, 0, input.toLowerCase(), 3.5
14, 4782, -2.0, 1.0, -2.5, 4.0, 0, 0, input.toLowerCase(), 4.0
14, 4783, -2.0, 1.0, -2.5, 4.5, 0, 0, input.toLowerCase(), 4.5
14, 4784, -2.0, 1.0, -2.5, 5.0, 0, 1, input.toLowerCase(), 5.0
14, 4785, -2.0, 1.0, -2.0, 0.0, 6, 0, toLowerCase(), 1.0
14, 4786, -2.0, 1.0, -2.0, 0.5, 0, 0, input.toLowerCase(), 0.5
14, 4787, -2.0, 1.0, -2.0, 1.0, 0, 0, input.toLowerCase(), 1.0
14, 4788, -2.0, 1.0, -2.0, 1.5, 0, 0, input.toLowerCase(), 1.5
14, 4789, -2.0, 1.0, -2.0, 2.0, 0, 0, input.toLowerCase(), 2.0
14, 4790, -2.0, 1.0, -2.0, 2.5, 0, 0, input.toLowerCase(), 2.5
14, 4791, -2.0, 1.0, -2.0, 3.0, 0, 0, input.toLowerCase(), 3.0
14, 4792, -2.0, 1.0, -2.0, 3.5, 0, 0, input.toLowerCase(), 3.5
14, 4793, -2.0, 1.0, -2.0, 4.0, 0, 0, input.toLowerCase(), 4.0
14, 4794, -2.0, 1.0, -2.0, 4.5, 0, 1, input.toLowerCase(), 4.5
14, 4795, -2.0, 1.0, -2.0, 5.0, 0, 2, input.toLowerCase(), 5.0
14, 4796, -2.0, 1.0, -1.5, 0.0, 6, 0, toLowerCase(), 1.0
14, 4797, -2.0, 1.0, -1.5, 0.5, 0, 0, input.toLowerCase(), 0.5
14, 4798, -2.0, 1.0, -1.5, 1.0, 0, 0, input.toLowerCase(), 1.0
14, 4799, -2.0, 1.0, -1.5, 1.5, 0, 0, input.toLowerCase(), 1.5
14, 4800, -2.0, 1.0, -1.5, 2.0, 0, 0, input.toLowerCase(), 2.0
14, 4801, -2.0, 1.0, -1.5, 2.5, 0, 0, input.toLowerCase(), 2.5
14, 4802, -2.0, 1.0, -1.5, 3.0, 0, 0, input.toLowerCase(), 3.0
14, 4803, -2.0, 1.0, -1.5, 3.5, 0, 0, input.toLowerCase(), 3.5
14, 4804, -2.0, 1.0, -1.5, 4.0, 0, 1, input.toLowerCase(), 4.0
14, 4805, -2.0, 1.0, -1.5, 4.5, 0, 1, input.toLowerCase(), 4.5
14, 4806, -2.0, 1.0, -1.5, 5.0, 50, 4, input.replace(input, input).concat(input.replace(input, input)), 8.5
14, 4807, -2.0, 1.0, -1.0, 0.0, 6, 0, toLowerCase(), 1.0
14, 4808, -2.0, 1.0, -1.0, 0.5, 0, 0, input.toLowerCase(), 0.5
14, 4809, -2.0, 1.0, -1.0, 1.0, 0, 0, input.toLowerCase(), 1.0
14, 4810, -2.0, 1.0, -1.0, 1.5, 0, 0, input.toLowerCase(), 1.5
14, 4811, -2.0, 1.0, -1.0, 2.0, 0, 0, input.toLowerCase(), 2.0
14, 4812, -2.0, 1.0, -1.0, 2.5, 0, 0, input.toLowerCase(), 2.5
14, 4813, -2.0, 1.0, -1.0, 3.0, 0, 0, input.toLowerCase(), 3.0
14, 4814, -2.0, 1.0, -1.0, 3.5, 0, 1, input.toLowerCase(), 3.5
14, 4815, -2.0, 1.0, -1.0, 4.0, 0, 1, input.toLowerCase(), 4.0
14, 4816, -2.0, 1.0, -1.0, 4.5, 50, 4, input.replace(input, input).concat(input.replace(input, input)), 7.0
14, 4817, -2.0, 1.0, -1.0, 5.0, 50, 4, input.replace(input, input).concat(input.replace(input, input)), 10.0
14, 4818, -2.0, 1.0, -0.5, 0.0, 6, 0, toLowerCase(), 1.0
14, 4819, -2.0, 1.0, -0.5, 0.5, 0, 0, input.toLowerCase(), 0.5
14, 4820, -2.0, 1.0, -0.5, 1.0, 0, 0, input.toLowerCase(), 1.0
14, 4821, -2.0, 1.0, -0.5, 1.5, 0, 0, input.toLowerCase(), 1.5
14, 4822, -2.0, 1.0, -0.5, 2.0, 0, 0, input.toLowerCase(), 2.0
14, 4823, -2.0, 1.0, -0.5, 2.5, 0, 0, input.toLowerCase(), 2.5
14, 4824, -2.0, 1.0, -0.5, 3.0, 0, 0, input.toLowerCase(), 3.0
14, 4825, -2.0, 1.0, -0.5, 3.5, 0, 3, input.toLowerCase(), 3.5
14, 4826, -2.0, 1.0, -0.5, 4.0, 79, 3, input.replace(input, input).substring(input.compareToIgnoreCase(input), input.compareTo(input)), 6.5
14, 4827, -2.0, 1.0, -0.5, 4.5, 79, 3, input.replace(input, input).substring(input.compareToIgnoreCase(input), input.compareTo(input)), 10.0
14, 4828, -2.0, 1.0, -0.5, 5.0, 79, 3, input.replace(input, input).substring(input.compareToIgnoreCase(input), input.compareTo(input)), 13.5
14, 4829, -2.0, 1.0, 0.0, 0.0, 6, 0, toLowerCase(), 1.0
14, 4830, -2.0, 1.0, 0.0, 0.5, 0, 0, input.toLowerCase(), 0.5
14, 4831, -2.0, 1.0, 0.0, 1.0, 0, 0, input.toLowerCase(), 1.0
14, 4832, -2.0, 1.0, 0.0, 1.5, 0, 0, input.toLowerCase(), 1.5
14, 4833, -2.0, 1.0, 0.0, 2.0, 0, 0, input.toLowerCase(), 2.0
14, 4834, -2.0, 1.0, 0.0, 2.5, 0, 0, input.toLowerCase(), 2.5
14, 4835, -2.0, 1.0, 0.0, 3.0, 0, 3, input.toLowerCase(), 3.0
14, 4836, -2.0, 1.0, 0.0, 3.5, 25, 4, input.replaceAll(input, input).toLowerCase(), 4.5
14, 4837, -2.0, 1.0, 0.0, 4.0, 83, 1, input.replaceAll(input, input).replace(input.replace(input, input), input.replace(input, input)), 11.0
14, 4838, -2.0, 1.0, 0.0, 4.5, 83, 1, input.replaceAll(input, input).replace(input.replace(input, input), input.replace(input, input)), 15.5
14, 4839, -2.0, 1.0, 0.0, 5.0, 83, 1, input.replaceAll(input, input).replace(input.replace(input, input), input.replace(input, input)), 20.0
14, 4840, -1.5, 1.0, -5.0, 0.0, 0, 0, input.toLowerCase(), 1.0
14, 4841, -1.5, 1.0, -5.0, 0.5, 0, 0, input.toLowerCase(), 1.5
14, 4842, -1.5, 1.0, -5.0, 1.0, 0, 0, input.toLowerCase(), 2.0
14, 4843, -1.5, 1.0, -5.0, 1.5, 0, 0, input.toLowerCase(), 2.5
14, 4844, -1.5, 1.0, -5.0, 2.0, 0, 0, input.toLowerCase(), 3.0
14, 4845, -1.5, 1.0, -5.0, 2.5, 0, 0, input.toLowerCase(), 3.5
14, 4846, -1.5, 1.0, -5.0, 3.0, 0, 0, input.toLowerCase(), 4.0
14, 4847, -1.5, 1.0, -5.0, 3.5, 0, 0, input.toLowerCase(), 4.5
14, 4848, -1.5, 1.0, -5.0, 4.0, 0, 0, input.toLowerCase(), 5.0
14, 4849, -1.5, 1.0, -5.0, 4.5, 0, 0, input.toLowerCase(), 5.5
14, 4850, -1.5, 1.0, -5.0, 5.0, 0, 0, input.toLowerCase(), 6.0
14, 4851, -1.5, 1.0, -4.5, 0.0, 0, 0, input.toLowerCase(), 1.0
14, 4852, -1.5, 1.0, -4.5, 0.5, 0, 0, input.toLowerCase(), 1.5
14, 4853, -1.5, 1.0, -4.5, 1.0, 0, 0, input.toLowerCase(), 2.0
14, 4854, -1.5, 1.0, -4.5, 1.5, 0, 0, input.toLowerCase(), 2.5
14, 4855, -1.5, 1.0, -4.5, 2.0, 0, 0, input.toLowerCase(), 3.0
14, 4856, -1.5, 1.0, -4.5, 2.5, 0, 0, input.toLowerCase(), 3.5
14, 4857, -1.5, 1.0, -4.5, 3.0, 0, 0, input.toLowerCase(), 4.0
14, 4858, -1.5, 1.0, -4.5, 3.5, 0, 0, input.toLowerCase(), 4.5
14, 4859, -1.5, 1.0, -4.5, 4.0, 0, 0, input.toLowerCase(), 5.0
14, 4860, -1.5, 1.0, -4.5, 4.5, 0, 0, input.toLowerCase(), 5.5
14, 4861, -1.5, 1.0, -4.5, 5.0, 0, 0, input.toLowerCase(), 6.0
14, 4862, -1.5, 1.0, -4.0, 0.0, 0, 0, input.toLowerCase(), 1.0
14, 4863, -1.5, 1.0, -4.0, 0.5, 0, 0, input.toLowerCase(), 1.5
14, 4864, -1.5, 1.0, -4.0, 1.0, 0, 0, input.toLowerCase(), 2.0
14, 4865, -1.5, 1.0, -4.0, 1.5, 0, 0, input.toLowerCase(), 2.5
14, 4866, -1.5, 1.0, -4.0, 2.0, 0, 0, input.toLowerCase(), 3.0
14, 4867, -1.5, 1.0, -4.0, 2.5, 0, 0, input.toLowerCase(), 3.5
14, 4868, -1.5, 1.0, -4.0, 3.0, 0, 0, input.toLowerCase(), 4.0
14, 4869, -1.5, 1.0, -4.0, 3.5, 0, 0, input.toLowerCase(), 4.5
14, 4870, -1.5, 1.0, -4.0, 4.0, 0, 0, input.toLowerCase(), 5.0
14, 4871, -1.5, 1.0, -4.0, 4.5, 0, 0, input.toLowerCase(), 5.5
14, 4872, -1.5, 1.0, -4.0, 5.0, 0, 1, input.toLowerCase(), 6.0
14, 4873, -1.5, 1.0, -3.5, 0.0, 0, 0, input.toLowerCase(), 1.0
14, 4874, -1.5, 1.0, -3.5, 0.5, 0, 0, input.toLowerCase(), 1.5
14, 4875, -1.5, 1.0, -3.5, 1.0, 0, 0, input.toLowerCase(), 2.0
14, 4876, -1.5, 1.0, -3.5, 1.5, 0, 0, input.toLowerCase(), 2.5
14, 4877, -1.5, 1.0, -3.5, 2.0, 0, 0, input.toLowerCase(), 3.0
14, 4878, -1.5, 1.0, -3.5, 2.5, 0, 0, input.toLowerCase(), 3.5
14, 4879, -1.5, 1.0, -3.5, 3.0, 0, 0, input.toLowerCase(), 4.0
14, 4880, -1.5, 1.0, -3.5, 3.5, 0, 0, input.toLowerCase(), 4.5
14, 4881, -1.5, 1.0, -3.5, 4.0, 0, 0, input.toLowerCase(), 5.0
14, 4882, -1.5, 1.0, -3.5, 4.5, 0, 1, input.toLowerCase(), 5.5
14, 4883, -1.5, 1.0, -3.5, 5.0, 0, 1, input.toLowerCase(), 6.0
14, 4884, -1.5, 1.0, -3.0, 0.0, 0, 0, input.toLowerCase(), 1.0
14, 4885, -1.5, 1.0, -3.0, 0.5, 0, 0, input.toLowerCase(), 1.5
14, 4886, -1.5, 1.0, -3.0, 1.0, 0, 0, input.toLowerCase(), 2.0
14, 4887, -1.5, 1.0, -3.0, 1.5, 0, 0, input.toLowerCase(), 2.5
14, 4888, -1.5, 1.0, -3.0, 2.0, 0, 0, input.toLowerCase(), 3.0
14, 4889, -1.5, 1.0, -3.0, 2.5, 0, 0, input.toLowerCase(), 3.5
14, 4890, -1.5, 1.0, -3.0, 3.0, 0, 0, input.toLowerCase(), 4.0
14, 4891, -1.5, 1.0, -3.0, 3.5, 0, 0, input.toLowerCase(), 4.5
14, 4892, -1.5, 1.0, -3.0, 4.0, 0, 1, input.toLowerCase(), 5.0
14, 4893, -1.5, 1.0, -3.0, 4.5, 0, 1, input.toLowerCase(), 5.5
14, 4894, -1.5, 1.0, -3.0, 5.0, 0, 2, input.toLowerCase(), 6.0
14, 4895, -1.5, 1.0, -2.5, 0.0, 0, 0, input.toLowerCase(), 1.0
14, 4896, -1.5, 1.0, -2.5, 0.5, 0, 0, input.toLowerCase(), 1.5
14, 4897, -1.5, 1.0, -2.5, 1.0, 0, 0, input.toLowerCase(), 2.0
14, 4898, -1.5, 1.0, -2.5, 1.5, 0, 0, input.toLowerCase(), 2.5
14, 4899, -1.5, 1.0, -2.5, 2.0, 0, 0, input.toLowerCase(), 3.0
14, 4900, -1.5, 1.0, -2.5, 2.5, 0, 0, input.toLowerCase(), 3.5
14, 4901, -1.5, 1.0, -2.5, 3.0, 0, 0, input.toLowerCase(), 4.0
14, 4902, -1.5, 1.0, -2.5, 3.5, 0, 1, input.toLowerCase(), 4.5
14, 4903, -1.5, 1.0, -2.5, 4.0, 0, 1, input.toLowerCase(), 5.0
14, 4904, -1.5, 1.0, -2.5, 4.5, 0, 2, input.toLowerCase(), 5.5
14, 4905, -1.5, 1.0, -2.5, 5.0, 50, 4, input.replace(input, input).concat(input.replace(input, input)), 10.0
14, 4906, -1.5, 1.0, -2.0, 0.0, 0, 0, input.toLowerCase(), 1.0
14, 4907, -1.5, 1.0, -2.0, 0.5, 0, 0, input.toLowerCase(), 1.5
14, 4908, -1.5, 1.0, -2.0, 1.0, 0, 0, input.toLowerCase(), 2.0
14, 4909, -1.5, 1.0, -2.0, 1.5, 0, 0, input.toLowerCase(), 2.5
14, 4910, -1.5, 1.0, -2.0, 2.0, 0, 0, input.toLowerCase(), 3.0
14, 4911, -1.5, 1.0, -2.0, 2.5, 0, 0, input.toLowerCase(), 3.5
14, 4912, -1.5, 1.0, -2.0, 3.0, 0, 0, input.toLowerCase(), 4.0
14, 4913, -1.5, 1.0, -2.0, 3.5, 0, 1, input.toLowerCase(), 4.5
14, 4914, -1.5, 1.0, -2.0, 4.0, 0, 1, input.toLowerCase(), 5.0
14, 4915, -1.5, 1.0, -2.0, 4.5, 50, 4, input.replace(input, input).concat(input.replace(input, input)), 8.5
14, 4916, -1.5, 1.0, -2.0, 5.0, 50, 4, input.replace(input, input).concat(input.replace(input, input)), 11.5
14, 4917, -1.5, 1.0, -1.5, 0.0, 0, 0, input.toLowerCase(), 1.0
14, 4918, -1.5, 1.0, -1.5, 0.5, 0, 0, input.toLowerCase(), 1.5
14, 4919, -1.5, 1.0, -1.5, 1.0, 0, 0, input.toLowerCase(), 2.0
14, 4920, -1.5, 1.0, -1.5, 1.5, 0, 0, input.toLowerCase(), 2.5
14, 4921, -1.5, 1.0, -1.5, 2.0, 0, 0, input.toLowerCase(), 3.0
14, 4922, -1.5, 1.0, -1.5, 2.5, 0, 0, input.toLowerCase(), 3.5
14, 4923, -1.5, 1.0, -1.5, 3.0, 0, 1, input.toLowerCase(), 4.0
14, 4924, -1.5, 1.0, -1.5, 3.5, 0, 1, input.toLowerCase(), 4.5
14, 4925, -1.5, 1.0, -1.5, 4.0, 50, 4, input.replace(input, input).concat(input.replace(input, input)), 7.0
14, 4926, -1.5, 1.0, -1.5, 4.5, 50, 4, input.replace(input, input).concat(input.replace(input, input)), 10.0
14, 4927, -1.5, 1.0, -1.5, 5.0, 50, 4, input.replace(input, input).concat(input.replace(input, input)), 13.0
14, 4928, -1.5, 1.0, -1.0, 0.0, 0, 0, input.toLowerCase(), 1.0
14, 4929, -1.5, 1.0, -1.0, 0.5, 0, 0, input.toLowerCase(), 1.5
14, 4930, -1.5, 1.0, -1.0, 1.0, 0, 0, input.toLowerCase(), 2.0
14, 4931, -1.5, 1.0, -1.0, 1.5, 0, 0, input.toLowerCase(), 2.5
14, 4932, -1.5, 1.0, -1.0, 2.0, 0, 0, input.toLowerCase(), 3.0
14, 4933, -1.5, 1.0, -1.0, 2.5, 0, 0, input.toLowerCase(), 3.5
14, 4934, -1.5, 1.0, -1.0, 3.0, 0, 1, input.toLowerCase(), 4.0
14, 4935, -1.5, 1.0, -1.0, 3.5, 22, 3, input.replace(input, input).toLowerCase(), 6.0
14, 4936, -1.5, 1.0, -1.0, 4.0, 50, 4, input.replace(input, input).concat(input.replace(input, input)), 8.5
14, 4937, -1.5, 1.0, -1.0, 4.5, 72, 3, input.replace(input, input).substring(input.compareTo(input), input.compareTo(input)), 13.0
14, 4938, -1.5, 1.0, -1.0, 5.0, 72, 3, input.replace(input, input).substring(input.compareTo(input), input.compareTo(input)), 16.5
14, 4939, -1.5, 1.0, -0.5, 0.0, 0, 0, input.toLowerCase(), 1.0
14, 4940, -1.5, 1.0, -0.5, 0.5, 0, 0, input.toLowerCase(), 1.5
14, 4941, -1.5, 1.0, -0.5, 1.0, 0, 0, input.toLowerCase(), 2.0
14, 4942, -1.5, 1.0, -0.5, 1.5, 0, 0, input.toLowerCase(), 2.5
14, 4943, -1.5, 1.0, -0.5, 2.0, 0, 0, input.toLowerCase(), 3.0
14, 4944, -1.5, 1.0, -0.5, 2.5, 0, 1, input.toLowerCase(), 3.5
14, 4945, -1.5, 1.0, -0.5, 3.0, 22, 3, input.replace(input, input).toLowerCase(), 5.0
14, 4946, -1.5, 1.0, -0.5, 3.5, 79, 3, input.replace(input, input).substring(input.compareToIgnoreCase(input), input.compareTo(input)), 8.5
14, 4947, -1.5, 1.0, -0.5, 4.0, 79, 3, input.replace(input, input).substring(input.compareToIgnoreCase(input), input.compareTo(input)), 12.0
14, 4948, -1.5, 1.0, -0.5, 4.5, 79, 3, input.replace(input, input).substring(input.compareToIgnoreCase(input), input.compareTo(input)), 15.5
14, 4949, -1.5, 1.0, -0.5, 5.0, 79, 3, input.replace(input, input).substring(input.compareToIgnoreCase(input), input.compareTo(input)), 19.0
14, 4950, -1.5, 1.0, 0.0, 0.0, 0, 0, input.toLowerCase(), 1.0
14, 4951, -1.5, 1.0, 0.0, 0.5, 0, 0, input.toLowerCase(), 1.5
14, 4952, -1.5, 1.0, 0.0, 1.0, 0, 0, input.toLowerCase(), 2.0
14, 4953, -1.5, 1.0, 0.0, 1.5, 0, 0, input.toLowerCase(), 2.5
14, 4954, -1.5, 1.0, 0.0, 2.0, 0, 0, input.toLowerCase(), 3.0
14, 4955, -1.5, 1.0, 0.0, 2.5, 0, 4, input.toLowerCase(), 3.5
14, 4956, -1.5, 1.0, 0.0, 3.0, 66, 0, input.toLowerCase().replace(input.replace(input, input), input.replace(input, input)), 8.5
14, 4957, -1.5, 1.0, 0.0, 3.5, 83, 1, input.replaceAll(input, input).replace(input.replace(input, input), input.replace(input, input)), 13.0
14, 4958, -1.5, 1.0, 0.0, 4.0, 83, 1, input.replaceAll(input, input).replace(input.replace(input, input), input.replace(input, input)), 17.5
14, 4959, -1.5, 1.0, 0.0, 4.5, 83, 1, input.replaceAll(input, input).replace(input.replace(input, input), input.replace(input, input)), 22.0
14, 4960, -1.5, 1.0, 0.0, 5.0, 83, 1, input.replaceAll(input, input).replace(input.replace(input, input), input.replace(input, input)), 26.5
14, 4961, -1.0, 1.0, -5.0, 0.0, 0, 0, input.toLowerCase(), 2.0
14, 4962, -1.0, 1.0, -5.0, 0.5, 0, 0, input.toLowerCase(), 2.5
14, 4963, -1.0, 1.0, -5.0, 1.0, 0, 0, input.toLowerCase(), 3.0
14, 4964, -1.0, 1.0, -5.0, 1.5, 0, 0, input.toLowerCase(), 3.5
14, 4965, -1.0, 1.0, -5.0, 2.0, 0, 0, input.toLowerCase(), 4.0
14, 4966, -1.0, 1.0, -5.0, 2.5, 0, 0, input.toLowerCase(), 4.5
14, 4967, -1.0, 1.0, -5.0, 3.0, 0, 0, input.toLowerCase(), 5.0
14, 4968, -1.0, 1.0, -5.0, 3.5, 0, 0, input.toLowerCase(), 5.5
14, 4969, -1.0, 1.0, -5.0, 4.0, 0, 0, input.toLowerCase(), 6.0
14, 4970, -1.0, 1.0, -5.0, 4.5, 0, 1, input.toLowerCase(), 6.5
14, 4971, -1.0, 1.0, -5.0, 5.0, 0, 1, input.toLowerCase(), 7.0
14, 4972, -1.0, 1.0, -4.5, 0.0, 0, 0, input.toLowerCase(), 2.0
14, 4973, -1.0, 1.0, -4.5, 0.5, 0, 0, input.toLowerCase(), 2.5
14, 4974, -1.0, 1.0, -4.5, 1.0, 0, 0, input.toLowerCase(), 3.0
14, 4975, -1.0, 1.0, -4.5, 1.5, 0, 0, input.toLowerCase(), 3.5
14, 4976, -1.0, 1.0, -4.5, 2.0, 0, 0, input.toLowerCase(), 4.0
14, 4977, -1.0, 1.0, -4.5, 2.5, 0, 0, input.toLowerCase(), 4.5
14, 4978, -1.0, 1.0, -4.5, 3.0, 0, 0, input.toLowerCase(), 5.0
14, 4979, -1.0, 1.0, -4.5, 3.5, 0, 0, input.toLowerCase(), 5.5
14, 4980, -1.0, 1.0, -4.5, 4.0, 0, 1, input.toLowerCase(), 6.0
14, 4981, -1.0, 1.0, -4.5, 4.5, 0, 1, input.toLowerCase(), 6.5
14, 4982, -1.0, 1.0, -4.5, 5.0, 0, 1, input.toLowerCase(), 7.0
14, 4983, -1.0, 1.0, -4.0, 0.0, 0, 0, input.toLowerCase(), 2.0
14, 4984, -1.0, 1.0, -4.0, 0.5, 0, 0, input.toLowerCase(), 2.5
14, 4985, -1.0, 1.0, -4.0, 1.0, 0, 0, input.toLowerCase(), 3.0
14, 4986, -1.0, 1.0, -4.0, 1.5, 0, 0, input.toLowerCase(), 3.5
14, 4987, -1.0, 1.0, -4.0, 2.0, 0, 0, input.toLowerCase(), 4.0
14, 4988, -1.0, 1.0, -4.0, 2.5, 0, 0, input.toLowerCase(), 4.5
14, 4989, -1.0, 1.0, -4.0, 3.0, 0, 0, input.toLowerCase(), 5.0
14, 4990, -1.0, 1.0, -4.0, 3.5, 0, 1, input.toLowerCase(), 5.5
14, 4991, -1.0, 1.0, -4.0, 4.0, 0, 1, input.toLowerCase(), 6.0
14, 4992, -1.0, 1.0, -4.0, 4.5, 0, 1, input.toLowerCase(), 6.5
14, 4993, -1.0, 1.0, -4.0, 5.0, 0, 2, input.toLowerCase(), 7.0
14, 4994, -1.0, 1.0, -3.5, 0.0, 0, 0, input.toLowerCase(), 2.0
14, 4995, -1.0, 1.0, -3.5, 0.5, 0, 0, input.toLowerCase(), 2.5
14, 4996, -1.0, 1.0, -3.5, 1.0, 0, 0, input.toLowerCase(), 3.0
14, 4997, -1.0, 1.0, -3.5, 1.5, 0, 0, input.toLowerCase(), 3.5
14, 4998, -1.0, 1.0, -3.5, 2.0, 0, 0, input.toLowerCase(), 4.0
14, 4999, -1.0, 1.0, -3.5, 2.5, 0, 0, input.toLowerCase(), 4.5
14, 5000, -1.0, 1.0, -3.5, 3.0, 0, 0, input.toLowerCase(), 5.0
14, 5001, -1.0, 1.0, -3.5, 3.5, 0, 1, input.toLowerCase(), 5.5
14, 5002, -1.0, 1.0, -3.5, 4.0, 0, 1, input.toLowerCase(), 6.0
14, 5003, -1.0, 1.0, -3.5, 4.5, 0, 2, input.toLowerCase(), 6.5
14, 5004, -1.0, 1.0, -3.5, 5.0, 50, 4, input.replace(input, input).concat(input.replace(input, input)), 11.5
14, 5005, -1.0, 1.0, -3.0, 0.0, 0, 0, input.toLowerCase(), 2.0
14, 5006, -1.0, 1.0, -3.0, 0.5, 0, 0, input.toLowerCase(), 2.5
14, 5007, -1.0, 1.0, -3.0, 1.0, 0, 0, input.toLowerCase(), 3.0
14, 5008, -1.0, 1.0, -3.0, 1.5, 0, 0, input.toLowerCase(), 3.5
14, 5009, -1.0, 1.0, -3.0, 2.0, 0, 0, input.toLowerCase(), 4.0
14, 5010, -1.0, 1.0, -3.0, 2.5, 0, 0, input.toLowerCase(), 4.5
14, 5011, -1.0, 1.0, -3.0, 3.0, 0, 1, input.toLowerCase(), 5.0
14, 5012, -1.0, 1.0, -3.0, 3.5, 0, 1, input.toLowerCase(), 5.5
14, 5013, -1.0, 1.0, -3.0, 4.0, 0, 2, input.toLowerCase(), 6.0
14, 5014, -1.0, 1.0, -3.0, 4.5, 50, 4, input.replace(input, input).concat(input.replace(input, input)), 10.0
14, 5015, -1.0, 1.0, -3.0, 5.0, 50, 4, input.replace(input, input).concat(input.replace(input, input)), 13.0
14, 5016, -1.0, 1.0, -2.5, 0.0, 0, 0, input.toLowerCase(), 2.0
14, 5017, -1.0, 1.0, -2.5, 0.5, 0, 0, input.toLowerCase(), 2.5
14, 5018, -1.0, 1.0, -2.5, 1.0, 0, 0, input.toLowerCase(), 3.0
14, 5019, -1.0, 1.0, -2.5, 1.5, 0, 0, input.toLowerCase(), 3.5
14, 5020, -1.0, 1.0, -2.5, 2.0, 0, 0, input.toLowerCase(), 4.0
14, 5021, -1.0, 1.0, -2.5, 2.5, 0, 0, input.toLowerCase(), 4.5
14, 5022, -1.0, 1.0, -2.5, 3.0, 0, 1, input.toLowerCase(), 5.0
14, 5023, -1.0, 1.0, -2.5, 3.5, 0, 1, input.toLowerCase(), 5.5
14, 5024, -1.0, 1.0, -2.5, 4.0, 50, 4, input.replace(input, input).concat(input.replace(input, input)), 8.5
14, 5025, -1.0, 1.0, -2.5, 4.5, 50, 4, input.replace(input, input).concat(input.replace(input, input)), 11.5
14, 5026, -1.0, 1.0, -2.5, 5.0, 50, 4, input.replace(input, input).concat(input.replace(input, input)), 14.5
14, 5027, -1.0, 1.0, -2.0, 0.0, 0, 0, input.toLowerCase(), 2.0
14, 5028, -1.0, 1.0, -2.0, 0.5, 0, 0, input.toLowerCase(), 2.5
14, 5029, -1.0, 1.0, -2.0, 1.0, 0, 0, input.toLowerCase(), 3.0
14, 5030, -1.0, 1.0, -2.0, 1.5, 0, 0, input.toLowerCase(), 3.5
14, 5031, -1.0, 1.0, -2.0, 2.0, 0, 0, input.toLowerCase(), 4.0
14, 5032, -1.0, 1.0, -2.0, 2.5, 0, 1, input.toLowerCase(), 4.5
14, 5033, -1.0, 1.0, -2.0, 3.0, 0, 1, input.toLowerCase(), 5.0
14, 5034, -1.0, 1.0, -2.0, 3.5, 22, 3, input.replace(input, input).toLowerCase(), 7.5
14, 5035, -1.0, 1.0, -2.0, 4.0, 50, 4, input.replace(input, input).concat(input.replace(input, input)), 10.0
14, 5036, -1.0, 1.0, -2.0, 4.5, 50, 4, input.replace(input, input).concat(input.replace(input, input)), 13.0
14, 5037, -1.0, 1.0, -2.0, 5.0, 50, 4, input.replace(input, input).concat(input.replace(input, input)), 16.0
14, 5038, -1.0, 1.0, -1.5, 0.0, 0, 0, input.toLowerCase(), 2.0
14, 5039, -1.0, 1.0, -1.5, 0.5, 0, 0, input.toLowerCase(), 2.5
14, 5040, -1.0, 1.0, -1.5, 1.0, 0, 0, input.toLowerCase(), 3.0
14, 5041, -1.0, 1.0, -1.5, 1.5, 0, 0, input.toLowerCase(), 3.5
14, 5042, -1.0, 1.0, -1.5, 2.0, 0, 0, input.toLowerCase(), 4.0
14, 5043, -1.0, 1.0, -1.5, 2.5, 0, 1, input.toLowerCase(), 4.5
14, 5044, -1.0, 1.0, -1.5, 3.0, 22, 3, input.replace(input, input).toLowerCase(), 6.5
14, 5045, -1.0, 1.0, -1.5, 3.5, 50, 4, input.replace(input, input).concat(input.replace(input, input)), 8.5
14, 5046, -1.0, 1.0, -1.5, 4.0, 50, 4, input.replace(input, input).concat(input.replace(input, input)), 11.5
14, 5047, -1.0, 1.0, -1.5, 4.5, 72, 3, input.replace(input, input).substring(input.compareTo(input), input.compareTo(input)), 16.5
14, 5048, -1.0, 1.0, -1.5, 5.0, 72, 3, input.replace(input, input).substring(input.compareTo(input), input.compareTo(input)), 20.0
14, 5049, -1.0, 1.0, -1.0, 0.0, 0, 0, input.toLowerCase(), 2.0
14, 5050, -1.0, 1.0, -1.0, 0.5, 0, 0, input.toLowerCase(), 2.5
14, 5051, -1.0, 1.0, -1.0, 1.0, 0, 0, input.toLowerCase(), 3.0
14, 5052, -1.0, 1.0, -1.0, 1.5, 0, 0, input.toLowerCase(), 3.5
14, 5053, -1.0, 1.0, -1.0, 2.0, 0, 1, input.toLowerCase(), 4.0
14, 5054, -1.0, 1.0, -1.0, 2.5, 0, 4, input.toLowerCase(), 4.5
14, 5055, -1.0, 1.0, -1.0, 3.0, 33, 4, input.toLowerCase().put(input.replace(input, input)), 7.0
14, 5056, -1.0, 1.0, -1.0, 3.5, 80, 0, input.replace(input, input).replace(input.replace(input, input), input.replace(input, input)), 15.5
14, 5057, -1.0, 1.0, -1.0, 4.0, 80, 0, input.replace(input, input).replace(input.replace(input, input), input.replace(input, input)), 20.0
14, 5058, -1.0, 1.0, -1.0, 4.5, 80, 0, input.replace(input, input).replace(input.replace(input, input), input.replace(input, input)), 24.5
14, 5059, -1.0, 1.0, -1.0, 5.0, 80, 0, input.replace(input, input).replace(input.replace(input, input), input.replace(input, input)), 29.0
14, 5060, -1.0, 1.0, -0.5, 0.0, 0, 0, input.toLowerCase(), 2.0
14, 5061, -1.0, 1.0, -0.5, 0.5, 0, 0, input.toLowerCase(), 2.5
14, 5062, -1.0, 1.0, -0.5, 1.0, 0, 0, input.toLowerCase(), 3.0
14, 5063, -1.0, 1.0, -0.5, 1.5, 0, 0, input.toLowerCase(), 3.5
14, 5064, -1.0, 1.0, -0.5, 2.0, 0, 3, input.toLowerCase(), 4.0
14, 5065, -1.0, 1.0, -0.5, 2.5, 38, 1, input.replace(toLowerCase(), input).replace(input, input), 6.0
14, 5066, -1.0, 1.0, -0.5, 3.0, 80, 0, input.replace(input, input).replace(input.replace(input, input), input.replace(input, input)), 13.0
14, 5067, -1.0, 1.0, -0.5, 3.5, 80, 0, input.replace(input, input).replace(input.replace(input, input), input.replace(input, input)), 17.5
14, 5068, -1.0, 1.0, -0.5, 4.0, 80, 0, input.replace(input, input).replace(input.replace(input, input), input.replace(input, input)), 22.0
14, 5069, -1.0, 1.0, -0.5, 4.5, 80, 0, input.replace(input, input).replace(input.replace(input, input), input.replace(input, input)), 26.5
14, 5070, -1.0, 1.0, -0.5, 5.0, 80, 0, input.replace(input, input).replace(input.replace(input, input), input.replace(input, input)), 31.0
14, 5071, -1.0, 1.0, 0.0, 0.0, 0, 0, input.toLowerCase(), 2.0
14, 5072, -1.0, 1.0, 0.0, 0.5, 0, 0, input.toLowerCase(), 2.5
14, 5073, -1.0, 1.0, 0.0, 1.0, 0, 0, input.toLowerCase(), 3.0
14, 5074, -1.0, 1.0, 0.0, 1.5, 0, 3, input.toLowerCase(), 3.5
14, 5075, -1.0, 1.0, 0.0, 2.0, 25, 0, input.toLowerCase().replaceAll(input, input), 5.0
14, 5076, -1.0, 1.0, 0.0, 2.5, 82, 3, input.replace(toLowerCase(), input).replace(String.format(input, input), String.format(input, input)), 8.0
14, 5077, -1.0, 1.0, 0.0, 3.0, 83, 1, input.replaceAll(input, input).replace(input.replace(input, input), input.replace(input, input)), 15.0
14, 5078, -1.0, 1.0, 0.0, 3.5, 83, 1, input.replaceAll(input, input).replace(input.replace(input, input), input.replace(input, input)), 19.5
14, 5079, -1.0, 1.0, 0.0, 4.0, 83, 1, input.replaceAll(input, input).replace(input.replace(input, input), input.replace(input, input)), 24.0
14, 5080, -1.0, 1.0, 0.0, 4.5, 83, 1, input.replaceAll(input, input).replace(input.replace(input, input), input.replace(input, input)), 28.5
14, 5081, -1.0, 1.0, 0.0, 5.0, 83, 1, input.replaceAll(input, input).replace(input.replace(input, input), input.replace(input, input)), 33.0
14, 5082, -0.5, 1.0, -5.0, 0.0, 0, 0, input.toLowerCase(), 3.0
14, 5083, -0.5, 1.0, -5.0, 0.5, 0, 0, input.toLowerCase(), 3.5
14, 5084, -0.5, 1.0, -5.0, 1.0, 0, 0, input.toLowerCase(), 4.0
14, 5085, -0.5, 1.0, -5.0, 1.5, 0, 0, input.toLowerCase(), 4.5
14, 5086, -0.5, 1.0, -5.0, 2.0, 0, 0, input.toLowerCase(), 5.0
14, 5087, -0.5, 1.0, -5.0, 2.5, 0, 0, input.toLowerCase(), 5.5
14, 5088, -0.5, 1.0, -5.0, 3.0, 0, 0, input.toLowerCase(), 6.0
14, 5089, -0.5, 1.0, -5.0, 3.5, 0, 1, input.toLowerCase(), 6.5
14, 5090, -0.5, 1.0, -5.0, 4.0, 0, 1, input.toLowerCase(), 7.0
14, 5091, -0.5, 1.0, -5.0, 4.5, 0, 1, input.toLowerCase(), 7.5
14, 5092, -0.5, 1.0, -5.0, 5.0, 0, 2, input.toLowerCase(), 8.0
14, 5093, -0.5, 1.0, -4.5, 0.0, 0, 0, input.toLowerCase(), 3.0
14, 5094, -0.5, 1.0, -4.5, 0.5, 0, 0, input.toLowerCase(), 3.5
14, 5095, -0.5, 1.0, -4.5, 1.0, 0, 0, input.toLowerCase(), 4.0
14, 5096, -0.5, 1.0, -4.5, 1.5, 0, 0, input.toLowerCase(), 4.5
14, 5097, -0.5, 1.0, -4.5, 2.0, 0, 0, input.toLowerCase(), 5.0
14, 5098, -0.5, 1.0, -4.5, 2.5, 0, 0, input.toLowerCase(), 5.5
14, 5099, -0.5, 1.0, -4.5, 3.0, 0, 1, input.toLowerCase(), 6.0
14, 5100, -0.5, 1.0, -4.5, 3.5, 0, 1, input.toLowerCase(), 6.5
14, 5101, -0.5, 1.0, -4.5, 4.0, 0, 1, input.toLowerCase(), 7.0
14, 5102, -0.5, 1.0, -4.5, 4.5, 0, 2, input.toLowerCase(), 7.5
14, 5103, -0.5, 1.0, -4.5, 5.0, 48, 3, input.replace(input, input).put(input.replace(input, input)), 13.0
14, 5104, -0.5, 1.0, -4.0, 0.0, 0, 0, input.toLowerCase(), 3.0
14, 5105, -0.5, 1.0, -4.0, 0.5, 0, 0, input.toLowerCase(), 3.5
14, 5106, -0.5, 1.0, -4.0, 1.0, 0, 0, input.toLowerCase(), 4.0
14, 5107, -0.5, 1.0, -4.0, 1.5, 0, 0, input.toLowerCase(), 4.5
14, 5108, -0.5, 1.0, -4.0, 2.0, 0, 0, input.toLowerCase(), 5.0
14, 5109, -0.5, 1.0, -4.0, 2.5, 0, 0, input.toLowerCase(), 5.5
14, 5110, -0.5, 1.0, -4.0, 3.0, 0, 1, input.toLowerCase(), 6.0
14, 5111, -0.5, 1.0, -4.0, 3.5, 0, 1, input.toLowerCase(), 6.5
14, 5112, -0.5, 1.0, -4.0, 4.0, 0, 2, input.toLowerCase(), 7.0
14, 5113, -0.5, 1.0, -4.0, 4.5, 48, 3, input.replace(input, input).put(input.replace(input, input)), 11.5
14, 5114, -0.5, 1.0, -4.0, 5.0, 50, 4, input.replace(input, input).concat(input.replace(input, input)), 14.5
14, 5115, -0.5, 1.0, -3.5, 0.0, 0, 0, input.toLowerCase(), 3.0
14, 5116, -0.5, 1.0, -3.5, 0.5, 0, 0, input.toLowerCase(), 3.5
14, 5117, -0.5, 1.0, -3.5, 1.0, 0, 0, input.toLowerCase(), 4.0
14, 5118, -0.5, 1.0, -3.5, 1.5, 0, 0, input.toLowerCase(), 4.5
14, 5119, -0.5, 1.0, -3.5, 2.0, 0, 0, input.toLowerCase(), 5.0
14, 5120, -0.5, 1.0, -3.5, 2.5, 0, 1, input.toLowerCase(), 5.5
14, 5121, -0.5, 1.0, -3.5, 3.0, 0, 1, input.toLowerCase(), 6.0
14, 5122, -0.5, 1.0, -3.5, 3.5, 0, 2, input.toLowerCase(), 6.5
14, 5123, -0.5, 1.0, -3.5, 4.0, 48, 3, input.replace(input, input).put(input.replace(input, input)), 10.0
14, 5124, -0.5, 1.0, -3.5, 4.5, 50, 4, input.replace(input, input).concat(input.replace(input, input)), 13.0
14, 5125, -0.5, 1.0, -3.5, 5.0, 50, 4, input.replace(input, input).concat(input.replace(input, input)), 16.0
14, 5126, -0.5, 1.0, -3.0, 0.0, 0, 0, input.toLowerCase(), 3.0
14, 5127, -0.5, 1.0, -3.0, 0.5, 0, 0, input.toLowerCase(), 3.5
14, 5128, -0.5, 1.0, -3.0, 1.0, 0, 0, input.toLowerCase(), 4.0
14, 5129, -0.5, 1.0, -3.0, 1.5, 0, 0, input.toLowerCase(), 4.5
14, 5130, -0.5, 1.0, -3.0, 2.0, 0, 0, input.toLowerCase(), 5.0
14, 5131, -0.5, 1.0, -3.0, 2.5, 0, 1, input.toLowerCase(), 5.5
14, 5132, -0.5, 1.0, -3.0, 3.0, 0, 1, input.toLowerCase(), 6.0
14, 5133, -0.5, 1.0, -3.0, 3.5, 22, 1, input.replace(input, input).toLowerCase(), 9.0
14, 5134, -0.5, 1.0, -3.0, 4.0, 50, 4, input.replace(input, input).concat(input.replace(input, input)), 11.5
14, 5135, -0.5, 1.0, -3.0, 4.5, 50, 4, input.replace(input, input).concat(input.replace(input, input)), 14.5
14, 5136, -0.5, 1.0, -3.0, 5.0, 50, 4, input.replace(input, input).concat(input.replace(input, input)), 17.5
14, 5137, -0.5, 1.0, -2.5, 0.0, 0, 0, input.toLowerCase(), 3.0
14, 5138, -0.5, 1.0, -2.5, 0.5, 0, 0, input.toLowerCase(), 3.5
14, 5139, -0.5, 1.0, -2.5, 1.0, 0, 0, input.toLowerCase(), 4.0
14, 5140, -0.5, 1.0, -2.5, 1.5, 0, 0, input.toLowerCase(), 4.5
14, 5141, -0.5, 1.0, -2.5, 2.0, 0, 1, input.toLowerCase(), 5.0
14, 5142, -0.5, 1.0, -2.5, 2.5, 0, 1, input.toLowerCase(), 5.5
14, 5143, -0.5, 1.0, -2.5, 3.0, 22, 3, input.replace(input, input).toLowerCase(), 8.0
14, 5144, -0.5, 1.0, -2.5, 3.5, 50, 4, input.replace(input, input).concat(input.replace(input, input)), 10.0
14, 5145, -0.5, 1.0, -2.5, 4.0, 50, 4, input.replace(input, input).concat(input.replace(input, input)), 13.0
14, 5146, -0.5, 1.0, -2.5, 4.5, 50, 4, input.replace(input, input).concat(input.replace(input, input)), 16.0
14, 5147, -0.5, 1.0, -2.5, 5.0, 50, 4, input.replace(input, input).concat(input.replace(input, input)), 19.0
14, 5148, -0.5, 1.0, -2.0, 0.0, 0, 0, input.toLowerCase(), 3.0
14, 5149, -0.5, 1.0, -2.0, 0.5, 0, 0, input.toLowerCase(), 3.5
14, 5150, -0.5, 1.0, -2.0, 1.0, 0, 0, input.toLowerCase(), 4.0
14, 5151, -0.5, 1.0, -2.0, 1.5, 0, 0, input.toLowerCase(), 4.5
14, 5152, -0.5, 1.0, -2.0, 2.0, 0, 1, input.toLowerCase(), 5.0
14, 5153, -0.5, 1.0, -2.0, 2.5, 0, 2, input.toLowerCase(), 5.5
14, 5154, -0.5, 1.0, -2.0, 3.0, 33, 4, input.toLowerCase().put(input.replace(input, input)), 8.5
14, 5155, -0.5, 1.0, -2.0, 3.5, 50, 4, input.replace(input, input).concat(input.replace(input, input)), 11.5
14, 5156, -0.5, 1.0, -2.0, 4.0, 50, 4, input.replace(input, input).concat(input.replace(input, input)), 14.5
14, 5157, -0.5, 1.0, -2.0, 4.5, 72, 3, input.replace(input, input).substring(input.compareTo(input), input.compareTo(input)), 20.0
14, 5158, -0.5, 1.0, -2.0, 5.0, 72, 3, input.replace(input, input).substring(input.compareTo(input), input.compareTo(input)), 23.5
14, 5159, -0.5, 1.0, -1.5, 0.0, 0, 0, input.toLowerCase(), 3.0
14, 5160, -0.5, 1.0, -1.5, 0.5, 0, 0, input.toLowerCase(), 3.5
14, 5161, -0.5, 1.0, -1.5, 1.0, 0, 0, input.toLowerCase(), 4.0
14, 5162, -0.5, 1.0, -1.5, 1.5, 0, 1, input.toLowerCase(), 4.5
14, 5163, -0.5, 1.0, -1.5, 2.0, 0, 1, input.toLowerCase(), 5.0
14, 5164, -0.5, 1.0, -1.5, 2.5, 38, 1, input.replace(toLowerCase(), input).replace(input, input), 7.5
14, 5165, -0.5, 1.0, -1.5, 3.0, 50, 4, input.replace(input, input).concat(input.replace(input, input)), 10.0
14, 5166, -0.5, 1.0, -1.5, 3.5, 80, 0, input.replace(input, input).replace(input.replace(input, input), input.replace(input, input)), 20.0
14, 5167, -0.5, 1.0, -1.5, 4.0, 80, 0, input.replace(input, input).replace(input.replace(input, input), input.replace(input, input)), 24.5
14, 5168, -0.5, 1.0, -1.5, 4.5, 80, 0, input.replace(input, input).replace(input.replace(input, input), input.replace(input, input)), 29.0
14, 5169, -0.5, 1.0, -1.5, 5.0, 80, 0, input.replace(input, input).replace(input.replace(input, input), input.replace(input, input)), 33.5
14, 5170, -0.5, 1.0, -1.0, 0.0, 0, 0, input.toLowerCase(), 3.0
14, 5171, -0.5, 1.0, -1.0, 0.5, 0, 0, input.toLowerCase(), 3.5
14, 5172, -0.5, 1.0, -1.0, 1.0, 0, 0, input.toLowerCase(), 4.0
14, 5173, -0.5, 1.0, -1.0, 1.5, 0, 1, input.toLowerCase(), 4.5
14, 5174, -0.5, 1.0, -1.0, 2.0, 0, 4, input.toLowerCase(), 5.0
14, 5175, -0.5, 1.0, -1.0, 2.5, 74, 1, input.replace(toLowerCase(), input).substring(input.compareTo(input), input.compareTo(input)), 9.5
14, 5176, -0.5, 1.0, -1.0, 3.0, 80, 0, input.replace(input, input).replace(input.replace(input, input), input.replace(input, input)), 17.5
14, 5177, -0.5, 1.0, -1.0, 3.5, 80, 0, input.replace(input, input).replace(input.replace(input, input), input.replace(input, input)), 22.0
14, 5178, -0.5, 1.0, -1.0, 4.0, 80, 0, input.replace(input, input).replace(input.replace(input, input), input.replace(input, input)), 26.5
14, 5179, -0.5, 1.0, -1.0, 4.5, 80, 0, input.replace(input, input).replace(input.replace(input, input), input.replace(input, input)), 31.0
14, 5180, -0.5, 1.0, -1.0, 5.0, 80, 0, input.replace(input, input).replace(input.replace(input, input), input.replace(input, input)), 35.5
14, 5181, -0.5, 1.0, -0.5, 0.0, 0, 0, input.toLowerCase(), 3.0
14, 5182, -0.5, 1.0, -0.5, 0.5, 0, 0, input.toLowerCase(), 3.5
14, 5183, -0.5, 1.0, -0.5, 1.0, 0, 1, input.toLowerCase(), 4.0
14, 5184, -0.5, 1.0, -0.5, 1.5, 22, 0, input.toLowerCase().replace(input, input), 5.5
14, 5185, -0.5, 1.0, -0.5, 2.0, 47, 1, toLowerCase().replace(input, input).replace(input, input), 7.5
14, 5186, -0.5, 1.0, -0.5, 2.5, 74, 1, input.replace(toLowerCase(), input).substring(input.compareTo(input), input.compareTo(input)), 11.5
14, 5187, -0.5, 1.0, -0.5, 3.0, 80, 0, input.replace(input, input).replace(input.replace(input, input), input.replace(input, input)), 19.5
14, 5188, -0.5, 1.0, -0.5, 3.5, 80, 0, input.replace(input, input).replace(input.replace(input, input), input.replace(input, input)), 24.0
14, 5189, -0.5, 1.0, -0.5, 4.0, 80, 0, input.replace(input, input).replace(input.replace(input, input), input.replace(input, input)), 28.5
14, 5190, -0.5, 1.0, -0.5, 4.5, 80, 0, input.replace(input, input).replace(input.replace(input, input), input.replace(input, input)), 33.0
14, 5191, -0.5, 1.0, -0.5, 5.0, 80, 0, input.replace(input, input).replace(input.replace(input, input), input.replace(input, input)), 37.5
14, 5192, -0.5, 1.0, 0.0, 0.0, 0, 0, input.toLowerCase(), 3.0
14, 5193, -0.5, 1.0, 0.0, 0.5, 0, 0, input.toLowerCase(), 3.5
14, 5194, -0.5, 1.0, 0.0, 1.0, 22, 2, input.toLowerCase().replace(input, input), 4.5
14, 5195, -0.5, 1.0, 0.0, 1.5, 95, 4, new String(input.compareToIgnoreCase(input), input.compareToIgnoreCase(input), input.compareToIgnoreCase(input)), 7.0
14, 5196, -0.5, 1.0, 0.0, 2.0, 95, 4, new String(input.compareToIgnoreCase(input), input.compareToIgnoreCase(input), input.compareToIgnoreCase(input)), 10.0
14, 5197, -0.5, 1.0, 0.0, 2.5, 82, 3, input.replace(toLowerCase(), input).replace(String.format(input, input), String.format(input, input)), 13.5
14, 5198, -0.5, 1.0, 0.0, 3.0, 83, 1, input.replaceAll(input, input).replace(input.replace(input, input), input.replace(input, input)), 21.5
14, 5199, -0.5, 1.0, 0.0, 3.5, 83, 1, input.replaceAll(input, input).replace(input.replace(input, input), input.replace(input, input)), 26.0
14, 5200, -0.5, 1.0, 0.0, 4.0, 83, 1, input.replaceAll(input, input).replace(input.replace(input, input), input.replace(input, input)), 30.5
14, 5201, -0.5, 1.0, 0.0, 4.5, 83, 1, input.replaceAll(input, input).replace(input.replace(input, input), input.replace(input, input)), 35.0
14, 5202, -0.5, 1.0, 0.0, 5.0, 83, 1, input.replaceAll(input, input).replace(input.replace(input, input), input.replace(input, input)), 39.5
14, 5203, 0.0, 1.0, -5.0, 0.0, 0, 0, input.toLowerCase(), 4.0
14, 5204, 0.0, 1.0, -5.0, 0.5, 0, 0, input.toLowerCase(), 4.5
14, 5205, 0.0, 1.0, -5.0, 1.0, 0, 0, input.toLowerCase(), 5.0
14, 5206, 0.0, 1.0, -5.0, 1.5, 0, 0, input.toLowerCase(), 5.5
14, 5207, 0.0, 1.0, -5.0, 2.0, 0, 0, input.toLowerCase(), 6.0
14, 5208, 0.0, 1.0, -5.0, 2.5, 0, 1, input.toLowerCase(), 6.5
14, 5209, 0.0, 1.0, -5.0, 3.0, 0, 1, input.toLowerCase(), 7.0
14, 5210, 0.0, 1.0, -5.0, 3.5, 0, 1, input.toLowerCase(), 7.5
14, 5211, 0.0, 1.0, -5.0, 4.0, 0, 2, input.toLowerCase(), 8.0
14, 5212, 0.0, 1.0, -5.0, 4.5, 48, 3, input.replace(input, input).put(input.replace(input, input)), 13.0
14, 5213, 0.0, 1.0, -5.0, 5.0, 50, 4, input.replace(input, input).concat(input.replace(input, input)), 16.0
14, 5214, 0.0, 1.0, -4.5, 0.0, 0, 0, input.toLowerCase(), 4.0
14, 5215, 0.0, 1.0, -4.5, 0.5, 0, 0, input.toLowerCase(), 4.5
14, 5216, 0.0, 1.0, -4.5, 1.0, 0, 0, input.toLowerCase(), 5.0
14, 5217, 0.0, 1.0, -4.5, 1.5, 0, 0, input.toLowerCase(), 5.5
14, 5218, 0.0, 1.0, -4.5, 2.0, 0, 0, input.toLowerCase(), 6.0
14, 5219, 0.0, 1.0, -4.5, 2.5, 0, 1, input.toLowerCase(), 6.5
14, 5220, 0.0, 1.0, -4.5, 3.0, 0, 1, input.toLowerCase(), 7.0
14, 5221, 0.0, 1.0, -4.5, 3.5, 0, 2, input.toLowerCase(), 7.5
14, 5222, 0.0, 1.0, -4.5, 4.0, 48, 3, input.replace(input, input).put(input.replace(input, input)), 11.5
14, 5223, 0.0, 1.0, -4.5, 4.5, 50, 4, input.replace(input, input).concat(input.replace(input, input)), 14.5
14, 5224, 0.0, 1.0, -4.5, 5.0, 50, 4, input.replace(input, input).concat(input.replace(input, input)), 17.5
14, 5225, 0.0, 1.0, -4.0, 0.0, 0, 0, input.toLowerCase(), 4.0
14, 5226, 0.0, 1.0, -4.0, 0.5, 0, 0, input.toLowerCase(), 4.5
14, 5227, 0.0, 1.0, -4.0, 1.0, 0, 0, input.toLowerCase(), 5.0
14, 5228, 0.0, 1.0, -4.0, 1.5, 0, 0, input.toLowerCase(), 5.5
14, 5229, 0.0, 1.0, -4.0, 2.0, 0, 1, input.toLowerCase(), 6.0
14, 5230, 0.0, 1.0, -4.0, 2.5, 0, 1, input.toLowerCase(), 6.5
14, 5231, 0.0, 1.0, -4.0, 3.0, 0, 2, input.toLowerCase(), 7.0
14, 5232, 0.0, 1.0, -4.0, 3.5, 22, 1, input.replace(input, input).toLowerCase(), 10.5
14, 5233, 0.0, 1.0, -4.0, 4.0, 50, 4, input.replace(input, input).concat(input.replace(input, input)), 13.0
14, 5234, 0.0, 1.0, -4.0, 4.5, 50, 4, input.replace(input, input).concat(input.replace(input, input)), 16.0
14, 5235, 0.0, 1.0, -4.0, 5.0, 50, 4, input.replace(input, input).concat(input.replace(input, input)), 19.0
14, 5236, 0.0, 1.0, -3.5, 0.0, 0, 0, input.toLowerCase(), 4.0
14, 5237, 0.0, 1.0, -3.5, 0.5, 0, 0, input.toLowerCase(), 4.5
14, 5238, 0.0, 1.0, -3.5, 1.0, 0, 0, input.toLowerCase(), 5.0
14, 5239, 0.0, 1.0, -3.5, 1.5, 0, 0, input.toLowerCase(), 5.5
14, 5240, 0.0, 1.0, -3.5, 2.0, 0, 1, input.toLowerCase(), 6.0
14, 5241, 0.0, 1.0, -3.5, 2.5, 0, 1, input.toLowerCase(), 6.5
14, 5242, 0.0, 1.0, -3.5, 3.0, 22, 1, input.replace(input, input).toLowerCase(), 9.5
14, 5243, 0.0, 1.0, -3.5, 3.5, 50, 4, input.replace(input, input).concat(input.replace(input, input)), 11.5
14, 5244, 0.0, 1.0, -3.5, 4.0, 50, 4, input.replace(input, input).concat(input.replace(input, input)), 14.5
14, 5245, 0.0, 1.0, -3.5, 4.5, 50, 4, input.replace(input, input).concat(input.replace(input, input)), 17.5
14, 5246, 0.0, 1.0, -3.5, 5.0, 50, 4, input.replace(input, input).concat(input.replace(input, input)), 20.5
14, 5247, 0.0, 1.0, -3.0, 0.0, 0, 0, input.toLowerCase(), 4.0
14, 5248, 0.0, 1.0, -3.0, 0.5, 0, 0, input.toLowerCase(), 4.5
14, 5249, 0.0, 1.0, -3.0, 1.0, 0, 0, input.toLowerCase(), 5.0
14, 5250, 0.0, 1.0, -3.0, 1.5, 0, 1, input.toLowerCase(), 5.5
14, 5251, 0.0, 1.0, -3.0, 2.0, 0, 1, input.toLowerCase(), 6.0
14, 5252, 0.0, 1.0, -3.0, 2.5, 0, 2, input.toLowerCase(), 6.5
14, 5253, 0.0, 1.0, -3.0, 3.0, 33, 4, input.toLowerCase().put(input.replace(input, input)), 10.0
14, 5254, 0.0, 1.0, -3.0, 3.5, 50, 4, input.replace(input, input).concat(input.replace(input, input)), 13.0
14, 5255, 0.0, 1.0, -3.0, 4.0, 50, 4, input.replace(input, input).concat(input.replace(input, input)), 16.0
14, 5256, 0.0, 1.0, -3.0, 4.5, 50, 4, input.replace(input, input).concat(input.replace(input, input)), 19.0
14, 5257, 0.0, 1.0, -3.0, 5.0, 50, 4, input.replace(input, input).concat(input.replace(input, input)), 22.0
14, 5258, 0.0, 1.0, -2.5, 0.0, 0, 0, input.toLowerCase(), 4.0
14, 5259, 0.0, 1.0, -2.5, 0.5, 0, 0, input.toLowerCase(), 4.5
14, 5260, 0.0, 1.0, -2.5, 1.0, 0, 0, input.toLowerCase(), 5.0
14, 5261, 0.0, 1.0, -2.5, 1.5, 0, 1, input.toLowerCase(), 5.5
14, 5262, 0.0, 1.0, -2.5, 2.0, 0, 1, input.toLowerCase(), 6.0
14, 5263, 0.0, 1.0, -2.5, 2.5, 38, 1, input.replace(toLowerCase(), input).replace(input, input), 9.0
14, 5264, 0.0, 1.0, -2.5, 3.0, 50, 4, input.replace(input, input).concat(input.replace(input, input)), 11.5
14, 5265, 0.0, 1.0, -2.5, 3.5, 50, 4, input.replace(input, input).concat(input.replace(input, input)), 14.5
14, 5266, 0.0, 1.0, -2.5, 4.0, 50, 4, input.replace(input, input).concat(input.replace(input, input)), 17.5
14, 5267, 0.0, 1.0, -2.5, 4.5, 72, 3, input.replace(input, input).substring(input.compareTo(input), input.compareTo(input)), 23.5
14, 5268, 0.0, 1.0, -2.5, 5.0, 72, 3, input.replace(input, input).substring(input.compareTo(input), input.compareTo(input)), 27.0
14, 5269, 0.0, 1.0, -2.0, 0.0, 0, 0, input.toLowerCase(), 4.0
14, 5270, 0.0, 1.0, -2.0, 0.5, 0, 0, input.toLowerCase(), 4.5
14, 5271, 0.0, 1.0, -2.0, 1.0, 0, 1, input.toLowerCase(), 5.0
14, 5272, 0.0, 1.0, -2.0, 1.5, 0, 1, input.toLowerCase(), 5.5
14, 5273, 0.0, 1.0, -2.0, 2.0, 0, 4, input.toLowerCase(), 6.0
14, 5274, 0.0, 1.0, -2.0, 2.5, 74, 1, input.replace(toLowerCase(), input).substring(input.compareTo(input), input.compareTo(input)), 11.0
14, 5275, 0.0, 1.0, -2.0, 3.0, 50, 4, input.replace(input, input).concat(input.replace(input, input)), 13.0
14, 5276, 0.0, 1.0, -2.0, 3.5, 80, 0, input.replace(input, input).replace(input.replace(input, input), input.replace(input, input)), 24.5
14, 5277, 0.0, 1.0, -2.0, 4.0, 80, 0, input.replace(input, input).replace(input.replace(input, input), input.replace(input, input)), 29.0
14, 5278, 0.0, 1.0, -2.0, 4.5, 80, 0, input.replace(input, input).replace(input.replace(input, input), input.replace(input, input)), 33.5
14, 5279, 0.0, 1.0, -2.0, 5.0, 80, 0, input.replace(input, input).replace(input.replace(input, input), input.replace(input, input)), 38.0
14, 5280, 0.0, 1.0, -1.5, 0.0, 0, 0, input.toLowerCase(), 4.0
14, 5281, 0.0, 1.0, -1.5, 0.5, 0, 0, input.toLowerCase(), 4.5
14, 5282, 0.0, 1.0, -1.5, 1.0, 0, 1, input.toLowerCase(), 5.0
14, 5283, 0.0, 1.0, -1.5, 1.5, 0, 4, input.toLowerCase(), 5.5
14, 5284, 0.0, 1.0, -1.5, 2.0, 57, 4, toLowerCase().replace(input, input).put(toLowerCase().replace(input, input)), 7.5
14, 5285, 0.0, 1.0, -1.5, 2.5, 74, 1, input.replace(toLowerCase(), input).substring(input.compareTo(input), input.compareTo(input)), 13.0
14, 5286, 0.0, 1.0, -1.5, 3.0, 80, 0, input.replace(input, input).replace(input.replace(input, input), input.replace(input, input)), 22.0
14, 5287, 0.0, 1.0, -1.5, 3.5, 80, 0, input.replace(input, input).replace(input.replace(input, input), input.replace(input, input)), 26.5
14, 5288, 0.0, 1.0, -1.5, 4.0, 80, 0, input.replace(input, input).replace(input.replace(input, input), input.replace(input, input)), 31.0
14, 5289, 0.0, 1.0, -1.5, 4.5, 80, 0, input.replace(input, input).replace(input.replace(input, input), input.replace(input, input)), 35.5
14, 5290, 0.0, 1.0, -1.5, 5.0, 80, 0, input.replace(input, input).replace(input.replace(input, input), input.replace(input, input)), 40.0
14, 5291, 0.0, 1.0, -1.0, 0.0, 0, 0, input.toLowerCase(), 4.0
14, 5292, 0.0, 1.0, -1.0, 0.5, 0, 1, input.toLowerCase(), 4.5
14, 5293, 0.0, 1.0, -1.0, 1.0, 0, 4, input.toLowerCase(), 5.0
14, 5294, 0.0, 1.0, -1.0, 1.5, 60, 4, toLowerCase().replace(input, input).concat(toLowerCase().replace(input, input)), 7.0
14, 5295, 0.0, 1.0, -1.0, 2.0, 60, 4, toLowerCase().replace(input, input).concat(toLowerCase().replace(input, input)), 9.0
14, 5296, 0.0, 1.0, -1.0, 2.5, 74, 1, input.replace(toLowerCase(), input).substring(input.compareTo(input), input.compareTo(input)), 15.0
14, 5297, 0.0, 1.0, -1.0, 3.0, 80, 0, input.replace(input, input).replace(input.replace(input, input), input.replace(input, input)), 24.0
14, 5298, 0.0, 1.0, -1.0, 3.5, 80, 0, input.replace(input, input).replace(input.replace(input, input), input.replace(input, input)), 28.5
14, 5299, 0.0, 1.0, -1.0, 4.0, 80, 0, input.replace(input, input).replace(input.replace(input, input), input.replace(input, input)), 33.0
14, 5300, 0.0, 1.0, -1.0, 4.5, 80, 0, input.replace(input, input).replace(input.replace(input, input), input.replace(input, input)), 37.5
14, 5301, 0.0, 1.0, -1.0, 5.0, 80, 0, input.replace(input, input).replace(input.replace(input, input), input.replace(input, input)), 42.0
14, 5302, 0.0, 1.0, -0.5, 0.0, 0, 0, input.toLowerCase(), 4.0
14, 5303, 0.0, 1.0, -0.5, 0.5, 0, 4, input.toLowerCase(), 4.5
14, 5304, 0.0, 1.0, -0.5, 1.0, 57, 4, toLowerCase().replace(input, input).put(toLowerCase().replace(input, input)), 6.5
14, 5305, 0.0, 1.0, -0.5, 1.5, 96, 3, toLowerCase().replace(input, input).substring(input.compareToIgnoreCase(input), input.compareToIgnoreCase(input)), 10.0
14, 5306, 0.0, 1.0, -0.5, 2.0, 96, 3, toLowerCase().replace(input, input).substring(input.compareToIgnoreCase(input), input.compareToIgnoreCase(input)), 13.0
14, 5307, 0.0, 1.0, -0.5, 2.5, 74, 1, input.replace(toLowerCase(), input).substring(input.compareTo(input), input.compareTo(input)), 17.0
14, 5308, 0.0, 1.0, -0.5, 3.0, 80, 0, input.replace(input, input).replace(input.replace(input, input), input.replace(input, input)), 26.0
14, 5309, 0.0, 1.0, -0.5, 3.5, 80, 0, input.replace(input, input).replace(input.replace(input, input), input.replace(input, input)), 30.5
14, 5310, 0.0, 1.0, -0.5, 4.0, 80, 0, input.replace(input, input).replace(input.replace(input, input), input.replace(input, input)), 35.0
14, 5311, 0.0, 1.0, -0.5, 4.5, 80, 0, input.replace(input, input).replace(input.replace(input, input), input.replace(input, input)), 39.5
14, 5312, 0.0, 1.0, -0.5, 5.0, 80, 0, input.replace(input, input).replace(input.replace(input, input), input.replace(input, input)), 44.0
14, 5313, 0.0, 1.0, 0.0, 0.0, 29, 4, String.valueOf(toLowerCase().endsWith(input)), 4.0
14, 5314, 0.0, 1.0, 0.0, 0.5, 113, 0, toLowerCase().replaceFirst(input, input).replace(toLowerCase().replaceFirst(input, input), toLowerCase().replaceFirst(input, input)), 7.0
14, 5315, 0.0, 1.0, 0.0, 1.0, 113, 0, toLowerCase().replaceFirst(input, input).replace(toLowerCase().replaceFirst(input, input), toLowerCase().replaceFirst(input, input)), 10.0
14, 5316, 0.0, 1.0, 0.0, 1.5, 101, 0, new String(input.compareToIgnoreCase(input), input.compareToIgnoreCase(input), toLowerCase().replaceFirst(input, input)), 13.0
14, 5317, 0.0, 1.0, 0.0, 2.0, 101, 0, new String(input.compareToIgnoreCase(input), input.compareToIgnoreCase(input), toLowerCase().replaceFirst(input, input)), 16.0
14, 5318, 0.0, 1.0, 0.0, 2.5, 94, 2, input.replace(toLowerCase(), input).substring(input.compareToIgnoreCase(input), input.compareToIgnoreCase(input)), 19.0
14, 5319, 0.0, 1.0, 0.0, 3.0, 80, 1, input.replace(input, input).replace(input.replace(input, input), input.replace(input, input)), 28.0
14, 5320, 0.0, 1.0, 0.0, 3.5, 80, 1, input.replace(input, input).replace(input.replace(input, input), input.replace(input, input)), 32.5
14, 5321, 0.0, 1.0, 0.0, 4.0, 80, 1, input.replace(input, input).replace(input.replace(input, input), input.replace(input, input)), 37.0
14, 5322, 0.0, 1.0, 0.0, 4.5, 80, 1, input.replace(input, input).replace(input.replace(input, input), input.replace(input, input)), 41.5
14, 5323, 0.0, 1.0, 0.0, 5.0, 80, 1, input.replace(input, input).replace(input.replace(input, input), input.replace(input, input)), 46.0
