11, 9000, 10, -1.0, 0.0, -0.5, 0.0, Math.tan()
11, 9001, 0, -1.0, 0.0, -0.5, 0.2, buf.append(s)
11, 9002, 0, -1.0, 0.0, -0.5, 0.4, buf.append(s)
11, 9003, 0, -1.0, 0.0, -0.5, 0.6000000000000001, buf.append(s)
11, 9004, 0, -1.0, 0.0, -0.5, 0.8, buf.append(s)
11, 9005, 0, -1.0, 0.0, -0.4, 0.0, buf.append(s)
11, 9006, 0, -1.0, 0.0, -0.4, 0.2, buf.append(s)
11, 9007, 1, -1.0, 0.0, -0.4, 0.4, buf.append()
11, 9008, 9, -1.0, 0.0, -0.4, 0.6000000000000001, append().append()
11, 9009, 1, -1.0, 0.0, -0.4, 0.8, buf.append()
11, 9010, 0, -1.0, 0.0, -0.30000000000000004, 0.0, buf.append(s)
11, 9011, 1, -1.0, 0.0, -0.30000000000000004, 0.2, buf.append()
11, 9012, 9, -1.0, 0.0, -0.30000000000000004, 0.4, append().append()
11, 9013, 0, -1.0, 0.0, -0.30000000000000004, 0.6000000000000001, buf.append(s)
11, 9014, 0, -1.0, 0.0, -0.30000000000000004, 0.8, buf.append(s)
11, 9015, 10, -1.0, 0.0, -0.20000000000000004, 0.0, Math.tan()
11, 9016, 1, -1.0, 0.0, -0.20000000000000004, 0.2, buf.append()
11, 9017, 9, -1.0, 0.0, -0.20000000000000004, 0.4, s.equals(s)
11, 9018, 1, -1.0, 0.0, -0.20000000000000004, 0.6000000000000001, buf.append()
11, 9019, 0, -1.0, 0.0, -0.20000000000000004, 0.8, buf.append(s)
11, 9020, 0, -1.0, 0.0, -0.10000000000000003, 0.0, buf.append(s)
11, 9021, 1, -1.0, 0.0, -0.10000000000000003, 0.2, buf.append()
11, 9022, 1, -1.0, 0.0, -0.10000000000000003, 0.4, buf.append()
11, 9023, 0, -1.0, 0.0, -0.10000000000000003, 0.6000000000000001, buf.append(s)
11, 9024, 0, -1.0, 0.0, -0.10000000000000003, 0.8, buf.append(s)
11, 9025, 10, -1.0, 0.0, -2.7755575615628914E-17, 0.0, Math.tan()
11, 9026, 9, -1.0, 0.0, -2.7755575615628914E-17, 0.2, s.equals(s)
11, 9027, 9, -1.0, 0.0, -2.7755575615628914E-17, 0.4, s.equals(s)
11, 9028, 9, -1.0, 0.0, -2.7755575615628914E-17, 0.6000000000000001, s.equals(s)
11, 9029, 9, -1.0, 0.0, -2.7755575615628914E-17, 0.8, s.equals(s)
11, 9030, 0, -1.0, 0.4, -0.5, 0.0, buf.append(s)
11, 9031, 0, -1.0, 0.4, -0.5, 0.2, buf.append(s)
11, 9032, 0, -1.0, 0.4, -0.5, 0.4, buf.append(s)
11, 9033, 0, -1.0, 0.4, -0.5, 0.6000000000000001, buf.append(s)
11, 9034, 0, -1.0, 0.4, -0.5, 0.8, buf.append(s)
11, 9035, 0, -1.0, 0.4, -0.4, 0.0, buf.append(s)
11, 9036, 1, -1.0, 0.4, -0.4, 0.2, buf.append()
11, 9037, 0, -1.0, 0.4, -0.4, 0.4, buf.append(s)
11, 9038, 0, -1.0, 0.4, -0.4, 0.6000000000000001, buf.append(s)
11, 9039, 0, -1.0, 0.4, -0.4, 0.8, buf.append(s)
11, 9040, 0, -1.0, 0.4, -0.30000000000000004, 0.0, buf.append(s)
11, 9041, 0, -1.0, 0.4, -0.30000000000000004, 0.2, buf.append(s)
11, 9042, 0, -1.0, 0.4, -0.30000000000000004, 0.4, buf.append(s)
11, 9043, 0, -1.0, 0.4, -0.30000000000000004, 0.6000000000000001, buf.append(s)
11, 9044, 0, -1.0, 0.4, -0.30000000000000004, 0.8, buf.append(s)
11, 9045, 0, -1.0, 0.4, -0.20000000000000004, 0.0, buf.append(s)
11, 9046, 0, -1.0, 0.4, -0.20000000000000004, 0.2, buf.append(s)
11, 9047, 0, -1.0, 0.4, -0.20000000000000004, 0.4, buf.append(s)
11, 9048, 0, -1.0, 0.4, -0.20000000000000004, 0.6000000000000001, buf.append(s)
11, 9049, 0, -1.0, 0.4, -0.20000000000000004, 0.8, buf.append(s)
11, 9050, 0, -1.0, 0.4, -0.10000000000000003, 0.0, buf.append(s)
11, 9051, 0, -1.0, 0.4, -0.10000000000000003, 0.2, buf.append(s)
11, 9052, 0, -1.0, 0.4, -0.10000000000000003, 0.4, buf.append(s)
11, 9053, 0, -1.0, 0.4, -0.10000000000000003, 0.6000000000000001, buf.append(s)
11, 9054, 0, -1.0, 0.4, -0.10000000000000003, 0.8, buf.append(s)
11, 9055, 0, -1.0, 0.4, -2.7755575615628914E-17, 0.0, buf.append(s)
11, 9056, 0, -1.0, 0.4, -2.7755575615628914E-17, 0.2, buf.append(s)
11, 9057, 0, -1.0, 0.4, -2.7755575615628914E-17, 0.4, buf.append(s)
11, 9058, 0, -1.0, 0.4, -2.7755575615628914E-17, 0.6000000000000001, buf.append(s)
11, 9059, 0, -1.0, 0.4, -2.7755575615628914E-17, 0.8, buf.append(s)
11, 9060, 0, -1.0, 0.8, -0.5, 0.0, buf.append(s)
11, 9061, 0, -1.0, 0.8, -0.5, 0.2, buf.append(s)
11, 9062, 8, -1.0, 0.8, -0.5, 0.4, append().append(s)
11, 9063, 8, -1.0, 0.8, -0.5, 0.6000000000000001, append().append(s)
11, 9064, 8, -1.0, 0.8, -0.5, 0.8, append().append(s)
11, 9065, 0, -1.0, 0.8, -0.4, 0.0, buf.append(s)
11, 9066, 0, -1.0, 0.8, -0.4, 0.2, buf.append(s)
11, 9067, 8, -1.0, 0.8, -0.4, 0.4, append().append(s)
11, 9068, 9, -1.0, 0.8, -0.4, 0.6000000000000001, buf.append(s).append()
11, 9069, 8, -1.0, 0.8, -0.4, 0.8, append().append(s)
11, 9070, 0, -1.0, 0.8, -0.30000000000000004, 0.0, buf.append(s)
11, 9071, 0, -1.0, 0.8, -0.30000000000000004, 0.2, buf.append(s)
11, 9072, 8, -1.0, 0.8, -0.30000000000000004, 0.4, append().append(s)
11, 9073, 8, -1.0, 0.8, -0.30000000000000004, 0.6000000000000001, append().append(s)
11, 9074, 8, -1.0, 0.8, -0.30000000000000004, 0.8, append().append(s)
11, 9075, 0, -1.0, 0.8, -0.20000000000000004, 0.0, buf.append(s)
11, 9076, 0, -1.0, 0.8, -0.20000000000000004, 0.2, buf.append(s)
11, 9077, 9, -1.0, 0.8, -0.20000000000000004, 0.4, buf.append(s).append()
11, 9078, 8, -1.0, 0.8, -0.20000000000000004, 0.6000000000000001, append().append(s)
11, 9079, 8, -1.0, 0.8, -0.20000000000000004, 0.8, append().append(s)
11, 9080, 0, -1.0, 0.8, -0.10000000000000003, 0.0, buf.append(s)
11, 9081, 0, -1.0, 0.8, -0.10000000000000003, 0.2, buf.append(s)
11, 9082, 9, -1.0, 0.8, -0.10000000000000003, 0.4, buf.append(s).append()
11, 9083, 9, -1.0, 0.8, -0.10000000000000003, 0.6000000000000001, buf.append(s).append()
11, 9084, 9, -1.0, 0.8, -0.10000000000000003, 0.8, buf.append(s).append()
11, 9085, 0, -1.0, 0.8, -2.7755575615628914E-17, 0.0, buf.append(s)
11, 9086, 0, -1.0, 0.8, -2.7755575615628914E-17, 0.2, buf.append(s)
11, 9087, 10, -1.0, 0.8, -2.7755575615628914E-17, 0.4, Math.tan()
11, 9088, 9, -1.0, 0.8, -2.7755575615628914E-17, 0.6000000000000001, buf.append(s).remove()
11, 9089, 9, -1.0, 0.8, -2.7755575615628914E-17, 0.8, buf.append(s).remove()
11, 9090, 8, -1.0, 1.2000000000000002, -0.5, 0.0, append().append(s)
11, 9091, 8, -1.0, 1.2000000000000002, -0.5, 0.2, append().append(s)
11, 9092, 8, -1.0, 1.2000000000000002, -0.5, 0.4, append().append(s)
11, 9093, 8, -1.0, 1.2000000000000002, -0.5, 0.6000000000000001, append().append(s)
11, 9094, 9, -1.0, 1.2000000000000002, -0.5, 0.8, buf.append(s).append()
11, 9095, 8, -1.0, 1.2000000000000002, -0.4, 0.0, append().append(s)
11, 9096, 8, -1.0, 1.2000000000000002, -0.4, 0.2, append().append(s)
11, 9097, 8, -1.0, 1.2000000000000002, -0.4, 0.4, append().append(s)
11, 9098, 8, -1.0, 1.2000000000000002, -0.4, 0.6000000000000001, append().append(s)
11, 9099, 9, -1.0, 1.2000000000000002, -0.4, 0.8, buf.append(s).append()
11, 9100, 8, -1.0, 1.2000000000000002, -0.30000000000000004, 0.0, append().append(s)
11, 9101, 8, -1.0, 1.2000000000000002, -0.30000000000000004, 0.2, append().append(s)
11, 9102, 8, -1.0, 1.2000000000000002, -0.30000000000000004, 0.4, append().append(s)
11, 9103, 8, -1.0, 1.2000000000000002, -0.30000000000000004, 0.6000000000000001, append().append(s)
11, 9104, 9, -1.0, 1.2000000000000002, -0.30000000000000004, 0.8, buf.append(s).append()
11, 9105, 8, -1.0, 1.2000000000000002, -0.20000000000000004, 0.0, append().append(s)
11, 9106, 8, -1.0, 1.2000000000000002, -0.20000000000000004, 0.2, append().append(s)
11, 9107, 8, -1.0, 1.2000000000000002, -0.20000000000000004, 0.4, append().append(s)
11, 9108, 9, -1.0, 1.2000000000000002, -0.20000000000000004, 0.6000000000000001, buf.append(s).append()
11, 9109, 9, -1.0, 1.2000000000000002, -0.20000000000000004, 0.8, buf.append(s).append()
11, 9110, 8, -1.0, 1.2000000000000002, -0.10000000000000003, 0.0, append().append(s)
11, 9111, 8, -1.0, 1.2000000000000002, -0.10000000000000003, 0.2, append().append(s)
11, 9112, 8, -1.0, 1.2000000000000002, -0.10000000000000003, 0.4, append().append(s)
11, 9113, 8, -1.0, 1.2000000000000002, -0.10000000000000003, 0.6000000000000001, append().append(s)
11, 9114, 9, -1.0, 1.2000000000000002, -0.10000000000000003, 0.8, buf.append(s).append()
11, 9115, 9, -1.0, 1.2000000000000002, -2.7755575615628914E-17, 0.0, buf.append(s).remove()
11, 9116, 9, -1.0, 1.2000000000000002, -2.7755575615628914E-17, 0.2, buf.append(s).remove()
11, 9117, 9, -1.0, 1.2000000000000002, -2.7755575615628914E-17, 0.4, buf.append(s).remove()
11, 9118, 9, -1.0, 1.2000000000000002, -2.7755575615628914E-17, 0.6000000000000001, buf.append(s).remove()
11, 9119, 9, -1.0, 1.2000000000000002, -2.7755575615628914E-17, 0.8, buf.append(s).remove()
11, 9120, 8, -1.0, 1.6, -0.5, 0.0, append().append(s)
11, 9121, 8, -1.0, 1.6, -0.5, 0.2, append().append(s)
11, 9122, 8, -1.0, 1.6, -0.5, 0.4, append().append(s)
11, 9123, 9, -1.0, 1.6, -0.5, 0.6000000000000001, buf.append(s).append()
11, 9124, 9, -1.0, 1.6, -0.5, 0.8, buf.append(s).append()
11, 9125, 8, -1.0, 1.6, -0.4, 0.0, append().append(s)
11, 9126, 8, -1.0, 1.6, -0.4, 0.2, append().append(s)
11, 9127, 8, -1.0, 1.6, -0.4, 0.4, append().append(s)
11, 9128, 9, -1.0, 1.6, -0.4, 0.6000000000000001, buf.append(s).append()
11, 9129, 9, -1.0, 1.6, -0.4, 0.8, buf.append(s).append()
11, 9130, 8, -1.0, 1.6, -0.30000000000000004, 0.0, append().append(s)
11, 9131, 8, -1.0, 1.6, -0.30000000000000004, 0.2, append().append(s)
11, 9132, 8, -1.0, 1.6, -0.30000000000000004, 0.4, append().append(s)
11, 9133, 9, -1.0, 1.6, -0.30000000000000004, 0.6000000000000001, buf.append(s).append()
11, 9134, 9, -1.0, 1.6, -0.30000000000000004, 0.8, buf.append(s).append()
11, 9135, 8, -1.0, 1.6, -0.20000000000000004, 0.0, append().append(s)
11, 9136, 8, -1.0, 1.6, -0.20000000000000004, 0.2, append().append(s)
11, 9137, 8, -1.0, 1.6, -0.20000000000000004, 0.4, append().append(s)
11, 9138, 9, -1.0, 1.6, -0.20000000000000004, 0.6000000000000001, buf.append(s).append()
11, 9139, 9, -1.0, 1.6, -0.20000000000000004, 0.8, buf.append(s).append()
11, 9140, 8, -1.0, 1.6, -0.10000000000000003, 0.0, append().append(s)
11, 9141, 8, -1.0, 1.6, -0.10000000000000003, 0.2, append().append(s)
11, 9142, 8, -1.0, 1.6, -0.10000000000000003, 0.4, append().append(s)
11, 9143, 9, -1.0, 1.6, -0.10000000000000003, 0.6000000000000001, buf.append(s).append()
11, 9144, 9, -1.0, 1.6, -0.10000000000000003, 0.8, buf.append(s).append()
11, 9145, 9, -1.0, 1.6, -2.7755575615628914E-17, 0.0, buf.append(s).remove()
11, 9146, 9, -1.0, 1.6, -2.7755575615628914E-17, 0.2, buf.append(s).remove()
11, 9147, 9, -1.0, 1.6, -2.7755575615628914E-17, 0.4, buf.append(s).remove()
11, 9148, 9, -1.0, 1.6, -2.7755575615628914E-17, 0.6000000000000001, buf.append(s).remove()
11, 9149, 9, -1.0, 1.6, -2.7755575615628914E-17, 0.8, buf.append(s).remove()
11, 9150, 0, -0.8, 0.0, -0.5, 0.0, buf.append(s)
11, 9151, 0, -0.8, 0.0, -0.5, 0.2, buf.append(s)
11, 9152, 0, -0.8, 0.0, -0.5, 0.4, buf.append(s)
11, 9153, 0, -0.8, 0.0, -0.5, 0.6000000000000001, buf.append(s)
11, 9154, 0, -0.8, 0.0, -0.5, 0.8, buf.append(s)
11, 9155, 10, -0.8, 0.0, -0.4, 0.0, Math.tan()
11, 9156, 0, -0.8, 0.0, -0.4, 0.2, buf.append(s)
11, 9157, 0, -0.8, 0.0, -0.4, 0.4, buf.append(s)
11, 9158, 1, -0.8, 0.0, -0.4, 0.6000000000000001, buf.append()
11, 9159, 0, -0.8, 0.0, -0.4, 0.8, buf.append(s)
11, 9160, 0, -0.8, 0.0, -0.30000000000000004, 0.0, buf.append(s)
11, 9161, 0, -0.8, 0.0, -0.30000000000000004, 0.2, buf.append(s)
11, 9162, 0, -0.8, 0.0, -0.30000000000000004, 0.4, buf.append(s)
11, 9163, 0, -0.8, 0.0, -0.30000000000000004, 0.6000000000000001, buf.append(s)
11, 9164, 0, -0.8, 0.0, -0.30000000000000004, 0.8, buf.append(s)
11, 9165, 10, -0.8, 0.0, -0.20000000000000004, 0.0, Math.tan()
11, 9166, 0, -0.8, 0.0, -0.20000000000000004, 0.2, buf.append(s)
11, 9167, 0, -0.8, 0.0, -0.20000000000000004, 0.4, buf.append(s)
11, 9168, 9, -0.8, 0.0, -0.20000000000000004, 0.6000000000000001, s.equals(s)
11, 9169, 0, -0.8, 0.0, -0.20000000000000004, 0.8, buf.append(s)
11, 9170, 1, -0.8, 0.0, -0.10000000000000003, 0.0, buf.append()
11, 9171, 0, -0.8, 0.0, -0.10000000000000003, 0.2, buf.append(s)
11, 9172, 0, -0.8, 0.0, -0.10000000000000003, 0.4, buf.append(s)
11, 9173, 9, -0.8, 0.0, -0.10000000000000003, 0.6000000000000001, s.equals(s)
11, 9174, 0, -0.8, 0.0, -0.10000000000000003, 0.8, buf.append(s)
11, 9175, 10, -0.8, 0.0, -2.7755575615628914E-17, 0.0, Math.tan()
11, 9176, 8, -0.8, 0.0, -2.7755575615628914E-17, 0.2, delete().append(s)
11, 9177, 8, -0.8, 0.0, -2.7755575615628914E-17, 0.4, delete().append(s)
11, 9178, 8, -0.8, 0.0, -2.7755575615628914E-17, 0.6000000000000001, delete().append(s)
11, 9179, 8, -0.8, 0.0, -2.7755575615628914E-17, 0.8, delete().append(s)
11, 9180, 0, -0.8, 0.4, -0.5, 0.0, buf.append(s)
11, 9181, 0, -0.8, 0.4, -0.5, 0.2, buf.append(s)
11, 9182, 0, -0.8, 0.4, -0.5, 0.4, buf.append(s)
11, 9183, 0, -0.8, 0.4, -0.5, 0.6000000000000001, buf.append(s)
11, 9184, 0, -0.8, 0.4, -0.5, 0.8, buf.append(s)
11, 9185, 1, -0.8, 0.4, -0.4, 0.0, buf.append()
11, 9186, 0, -0.8, 0.4, -0.4, 0.2, buf.append(s)
11, 9187, 0, -0.8, 0.4, -0.4, 0.4, buf.append(s)
11, 9188, 0, -0.8, 0.4, -0.4, 0.6000000000000001, buf.append(s)
11, 9189, 0, -0.8, 0.4, -0.4, 0.8, buf.append(s)
11, 9190, 0, -0.8, 0.4, -0.30000000000000004, 0.0, buf.append(s)
11, 9191, 0, -0.8, 0.4, -0.30000000000000004, 0.2, buf.append(s)
11, 9192, 0, -0.8, 0.4, -0.30000000000000004, 0.4, buf.append(s)
11, 9193, 0, -0.8, 0.4, -0.30000000000000004, 0.6000000000000001, buf.append(s)
11, 9194, 0, -0.8, 0.4, -0.30000000000000004, 0.8, buf.append(s)
11, 9195, 1, -0.8, 0.4, -0.20000000000000004, 0.0, buf.append()
11, 9196, 0, -0.8, 0.4, -0.20000000000000004, 0.2, buf.append(s)
11, 9197, 0, -0.8, 0.4, -0.20000000000000004, 0.4, buf.append(s)
11, 9198, 0, -0.8, 0.4, -0.20000000000000004, 0.6000000000000001, buf.append(s)
11, 9199, 0, -0.8, 0.4, -0.20000000000000004, 0.8, buf.append(s)
11, 9200, 0, -0.8, 0.4, -0.10000000000000003, 0.0, buf.append(s)
11, 9201, 0, -0.8, 0.4, -0.10000000000000003, 0.2, buf.append(s)
11, 9202, 0, -0.8, 0.4, -0.10000000000000003, 0.4, buf.append(s)
11, 9203, 0, -0.8, 0.4, -0.10000000000000003, 0.6000000000000001, buf.append(s)
11, 9204, 0, -0.8, 0.4, -0.10000000000000003, 0.8, buf.append(s)
11, 9205, 10, -0.8, 0.4, -2.7755575615628914E-17, 0.0, Math.tan()
11, 9206, 1, -0.8, 0.4, -2.7755575615628914E-17, 0.2, buf.append()
11, 9207, 0, -0.8, 0.4, -2.7755575615628914E-17, 0.4, buf.append(s)
11, 9208, 0, -0.8, 0.4, -2.7755575615628914E-17, 0.6000000000000001, buf.append(s)
11, 9209, 0, -0.8, 0.4, -2.7755575615628914E-17, 0.8, buf.append(s)
11, 9210, 8, -0.8, 0.8, -0.5, 0.0, append().append(s)
11, 9211, 8, -0.8, 0.8, -0.5, 0.2, append().append(s)
11, 9212, 8, -0.8, 0.8, -0.5, 0.4, append().append(s)
11, 9213, 8, -0.8, 0.8, -0.5, 0.6000000000000001, append().append(s)
11, 9214, 8, -0.8, 0.8, -0.5, 0.8, append().append(s)
11, 9215, 8, -0.8, 0.8, -0.4, 0.0, append().append(s)
11, 9216, 8, -0.8, 0.8, -0.4, 0.2, append().append(s)
11, 9217, 8, -0.8, 0.8, -0.4, 0.4, append().append(s)
11, 9218, 8, -0.8, 0.8, -0.4, 0.6000000000000001, append().append(s)
11, 9219, 8, -0.8, 0.8, -0.4, 0.8, append().append(s)
11, 9220, 8, -0.8, 0.8, -0.30000000000000004, 0.0, append().append(s)
11, 9221, 8, -0.8, 0.8, -0.30000000000000004, 0.2, append().append(s)
11, 9222, 8, -0.8, 0.8, -0.30000000000000004, 0.4, append().append(s)
11, 9223, 8, -0.8, 0.8, -0.30000000000000004, 0.6000000000000001, append().append(s)
11, 9224, 8, -0.8, 0.8, -0.30000000000000004, 0.8, append().append(s)
11, 9225, 8, -0.8, 0.8, -0.20000000000000004, 0.0, append().append(s)
11, 9226, 8, -0.8, 0.8, -0.20000000000000004, 0.2, append().append(s)
11, 9227, 8, -0.8, 0.8, -0.20000000000000004, 0.4, append().append(s)
11, 9228, 8, -0.8, 0.8, -0.20000000000000004, 0.6000000000000001, append().append(s)
11, 9229, 8, -0.8, 0.8, -0.20000000000000004, 0.8, append().append(s)
11, 9230, 8, -0.8, 0.8, -0.10000000000000003, 0.0, append().append(s)
11, 9231, 8, -0.8, 0.8, -0.10000000000000003, 0.2, append().append(s)
11, 9232, 8, -0.8, 0.8, -0.10000000000000003, 0.4, append().append(s)
11, 9233, 8, -0.8, 0.8, -0.10000000000000003, 0.6000000000000001, append().append(s)
11, 9234, 8, -0.8, 0.8, -0.10000000000000003, 0.8, append().append(s)
11, 9235, 10, -0.8, 0.8, -2.7755575615628914E-17, 0.0, buf.append(Short.SIZE)
11, 9236, 9, -0.8, 0.8, -2.7755575615628914E-17, 0.2, buf.append(s).remove()
11, 9237, 9, -0.8, 0.8, -2.7755575615628914E-17, 0.4, buf.append(s).remove()
11, 9238, 9, -0.8, 0.8, -2.7755575615628914E-17, 0.6000000000000001, buf.append(s).remove()
11, 9239, 9, -0.8, 0.8, -2.7755575615628914E-17, 0.8, buf.append(s).remove()
11, 9240, 8, -0.8, 1.2000000000000002, -0.5, 0.0, append().append(s)
11, 9241, 8, -0.8, 1.2000000000000002, -0.5, 0.2, append().append(s)
11, 9242, 8, -0.8, 1.2000000000000002, -0.5, 0.4, append().append(s)
11, 9243, 9, -0.8, 1.2000000000000002, -0.5, 0.6000000000000001, buf.append(s).append()
11, 9244, 9, -0.8, 1.2000000000000002, -0.5, 0.8, buf.append(s).append()
11, 9245, 8, -0.8, 1.2000000000000002, -0.4, 0.0, append().append(s)
11, 9246, 8, -0.8, 1.2000000000000002, -0.4, 0.2, append().append(s)
11, 9247, 8, -0.8, 1.2000000000000002, -0.4, 0.4, append().append(s)
11, 9248, 9, -0.8, 1.2000000000000002, -0.4, 0.6000000000000001, buf.append(s).append()
11, 9249, 9, -0.8, 1.2000000000000002, -0.4, 0.8, buf.append(s).append()
11, 9250, 8, -0.8, 1.2000000000000002, -0.30000000000000004, 0.0, append().append(s)
11, 9251, 8, -0.8, 1.2000000000000002, -0.30000000000000004, 0.2, append().append(s)
11, 9252, 8, -0.8, 1.2000000000000002, -0.30000000000000004, 0.4, append().append(s)
11, 9253, 9, -0.8, 1.2000000000000002, -0.30000000000000004, 0.6000000000000001, buf.append(s).append()
11, 9254, 9, -0.8, 1.2000000000000002, -0.30000000000000004, 0.8, buf.append(s).append()
11, 9255, 8, -0.8, 1.2000000000000002, -0.20000000000000004, 0.0, append().append(s)
11, 9256, 8, -0.8, 1.2000000000000002, -0.20000000000000004, 0.2, append().append(s)
11, 9257, 8, -0.8, 1.2000000000000002, -0.20000000000000004, 0.4, append().append(s)
11, 9258, 9, -0.8, 1.2000000000000002, -0.20000000000000004, 0.6000000000000001, buf.append(s).append()
11, 9259, 9, -0.8, 1.2000000000000002, -0.20000000000000004, 0.8, buf.append(s).append()
11, 9260, 8, -0.8, 1.2000000000000002, -0.10000000000000003, 0.0, append().append(s)
11, 9261, 8, -0.8, 1.2000000000000002, -0.10000000000000003, 0.2, append().append(s)
11, 9262, 8, -0.8, 1.2000000000000002, -0.10000000000000003, 0.4, append().append(s)
11, 9263, 9, -0.8, 1.2000000000000002, -0.10000000000000003, 0.6000000000000001, buf.append(s).append()
11, 9264, 9, -0.8, 1.2000000000000002, -0.10000000000000003, 0.8, buf.append(s).append()
11, 9265, 8, -0.8, 1.2000000000000002, -2.7755575615628914E-17, 0.0, append().append(s)
11, 9266, 8, -0.8, 1.2000000000000002, -2.7755575615628914E-17, 0.2, append().append(s)
11, 9267, 8, -0.8, 1.2000000000000002, -2.7755575615628914E-17, 0.4, append().append(s)
11, 9268, 9, -0.8, 1.2000000000000002, -2.7755575615628914E-17, 0.6000000000000001, buf.append(s).remove()
11, 9269, 9, -0.8, 1.2000000000000002, -2.7755575615628914E-17, 0.8, buf.append(s).remove()
11, 9270, 8, -0.8, 1.6, -0.5, 0.0, append().append(s)
11, 9271, 9, -0.8, 1.6, -0.5, 0.2, buf.append(s).append()
11, 9272, 9, -0.8, 1.6, -0.5, 0.4, buf.append(s).append()
11, 9273, 9, -0.8, 1.6, -0.5, 0.6000000000000001, buf.append(s).append()
11, 9274, 9, -0.8, 1.6, -0.5, 0.8, buf.append(s).append()
11, 9275, 8, -0.8, 1.6, -0.4, 0.0, append().append(s)
11, 9276, 9, -0.8, 1.6, -0.4, 0.2, buf.append(s).append()
11, 9277, 9, -0.8, 1.6, -0.4, 0.4, buf.append(s).append()
11, 9278, 9, -0.8, 1.6, -0.4, 0.6000000000000001, buf.append(s).append()
11, 9279, 9, -0.8, 1.6, -0.4, 0.8, buf.append(s).append()
11, 9280, 8, -0.8, 1.6, -0.30000000000000004, 0.0, append().append(s)
11, 9281, 9, -0.8, 1.6, -0.30000000000000004, 0.2, buf.append(s).append()
11, 9282, 9, -0.8, 1.6, -0.30000000000000004, 0.4, buf.append(s).append()
11, 9283, 9, -0.8, 1.6, -0.30000000000000004, 0.6000000000000001, buf.append(s).append()
11, 9284, 9, -0.8, 1.6, -0.30000000000000004, 0.8, buf.append(s).append()
11, 9285, 8, -0.8, 1.6, -0.20000000000000004, 0.0, append().append(s)
11, 9286, 9, -0.8, 1.6, -0.20000000000000004, 0.2, buf.append(s).append()
11, 9287, 9, -0.8, 1.6, -0.20000000000000004, 0.4, buf.append(s).append()
11, 9288, 9, -0.8, 1.6, -0.20000000000000004, 0.6000000000000001, buf.append(s).append()
11, 9289, 9, -0.8, 1.6, -0.20000000000000004, 0.8, buf.append(s).append()
11, 9290, 8, -0.8, 1.6, -0.10000000000000003, 0.0, append().append(s)
11, 9291, 9, -0.8, 1.6, -0.10000000000000003, 0.2, buf.append(s).append()
11, 9292, 9, -0.8, 1.6, -0.10000000000000003, 0.4, buf.append(s).append()
11, 9293, 9, -0.8, 1.6, -0.10000000000000003, 0.6000000000000001, buf.append(s).append()
11, 9294, 9, -0.8, 1.6, -0.10000000000000003, 0.8, buf.append(s).append()
11, 9295, 9, -0.8, 1.6, -2.7755575615628914E-17, 0.0, buf.append(s).remove()
11, 9296, 9, -0.8, 1.6, -2.7755575615628914E-17, 0.2, buf.append(s).remove()
11, 9297, 9, -0.8, 1.6, -2.7755575615628914E-17, 0.4, buf.append(s).remove()
11, 9298, 9, -0.8, 1.6, -2.7755575615628914E-17, 0.6000000000000001, buf.append(s).remove()
11, 9299, 9, -0.8, 1.6, -2.7755575615628914E-17, 0.8, buf.append(s).remove()
11, 9300, 0, -0.6000000000000001, 0.0, -0.5, 0.0, buf.append(s)
11, 9301, 0, -0.6000000000000001, 0.0, -0.5, 0.2, buf.append(s)
11, 9302, 0, -0.6000000000000001, 0.0, -0.5, 0.4, buf.append(s)
11, 9303, 0, -0.6000000000000001, 0.0, -0.5, 0.6000000000000001, buf.append(s)
11, 9304, 0, -0.6000000000000001, 0.0, -0.5, 0.8, buf.append(s)
11, 9305, 1, -0.6000000000000001, 0.0, -0.4, 0.0, buf.append()
11, 9306, 0, -0.6000000000000001, 0.0, -0.4, 0.2, buf.append(s)
11, 9307, 0, -0.6000000000000001, 0.0, -0.4, 0.4, buf.append(s)
11, 9308, 0, -0.6000000000000001, 0.0, -0.4, 0.6000000000000001, buf.append(s)
11, 9309, 0, -0.6000000000000001, 0.0, -0.4, 0.8, buf.append(s)
11, 9310, 10, -0.6000000000000001, 0.0, -0.30000000000000004, 0.0, Math.tan()
11, 9311, 0, -0.6000000000000001, 0.0, -0.30000000000000004, 0.2, buf.append(s)
11, 9312, 0, -0.6000000000000001, 0.0, -0.30000000000000004, 0.4, buf.append(s)
11, 9313, 0, -0.6000000000000001, 0.0, -0.30000000000000004, 0.6000000000000001, buf.append(s)
11, 9314, 0, -0.6000000000000001, 0.0, -0.30000000000000004, 0.8, buf.append(s)
11, 9315, 10, -0.6000000000000001, 0.0, -0.20000000000000004, 0.0, Math.tan()
11, 9316, 9, -0.6000000000000001, 0.0, -0.20000000000000004, 0.2, s.equals(s)
11, 9317, 9, -0.6000000000000001, 0.0, -0.20000000000000004, 0.4, s.equals(s)
11, 9318, 0, -0.6000000000000001, 0.0, -0.20000000000000004, 0.6000000000000001, buf.append(s)
11, 9319, 0, -0.6000000000000001, 0.0, -0.20000000000000004, 0.8, buf.append(s)
11, 9320, 1, -0.6000000000000001, 0.0, -0.10000000000000003, 0.0, buf.append()
11, 9321, 9, -0.6000000000000001, 0.0, -0.10000000000000003, 0.2, s.equals(s)
11, 9322, 0, -0.6000000000000001, 0.0, -0.10000000000000003, 0.4, buf.append(s)
11, 9323, 0, -0.6000000000000001, 0.0, -0.10000000000000003, 0.6000000000000001, buf.append(s)
11, 9324, 1, -0.6000000000000001, 0.0, -0.10000000000000003, 0.8, buf.append()
11, 9325, 10, -0.6000000000000001, 0.0, -2.7755575615628914E-17, 0.0, Math.tan()
11, 9326, 8, -0.6000000000000001, 0.0, -2.7755575615628914E-17, 0.2, delete().append(s)
11, 9327, 8, -0.6000000000000001, 0.0, -2.7755575615628914E-17, 0.4, delete().append(s)
11, 9328, 10, -0.6000000000000001, 0.0, -2.7755575615628914E-17, 0.6000000000000001, Math.tan()
11, 9329, 3, -0.6000000000000001, 0.0, -2.7755575615628914E-17, 0.8, buf.append(buf)
11, 9330, 0, -0.6000000000000001, 0.4, -0.5, 0.0, buf.append(s)
11, 9331, 0, -0.6000000000000001, 0.4, -0.5, 0.2, buf.append(s)
11, 9332, 1, -0.6000000000000001, 0.4, -0.5, 0.4, buf.append()
11, 9333, 8, -0.6000000000000001, 0.4, -0.5, 0.6000000000000001, append().append(s)
11, 9334, 8, -0.6000000000000001, 0.4, -0.5, 0.8, append().append(s)
11, 9335, 0, -0.6000000000000001, 0.4, -0.4, 0.0, buf.append(s)
11, 9336, 0, -0.6000000000000001, 0.4, -0.4, 0.2, buf.append(s)
11, 9337, 1, -0.6000000000000001, 0.4, -0.4, 0.4, buf.append()
11, 9338, 8, -0.6000000000000001, 0.4, -0.4, 0.6000000000000001, append().append(s)
11, 9339, 9, -0.6000000000000001, 0.4, -0.4, 0.8, buf.append(s).append()
11, 9340, 0, -0.6000000000000001, 0.4, -0.30000000000000004, 0.0, buf.append(s)
11, 9341, 0, -0.6000000000000001, 0.4, -0.30000000000000004, 0.2, buf.append(s)
11, 9342, 1, -0.6000000000000001, 0.4, -0.30000000000000004, 0.4, buf.append()
11, 9343, 8, -0.6000000000000001, 0.4, -0.30000000000000004, 0.6000000000000001, append().append(s)
11, 9344, 9, -0.6000000000000001, 0.4, -0.30000000000000004, 0.8, buf.append(s).append()
11, 9345, 0, -0.6000000000000001, 0.4, -0.20000000000000004, 0.0, buf.append(s)
11, 9346, 0, -0.6000000000000001, 0.4, -0.20000000000000004, 0.2, buf.append(s)
11, 9347, 1, -0.6000000000000001, 0.4, -0.20000000000000004, 0.4, buf.append()
11, 9348, 9, -0.6000000000000001, 0.4, -0.20000000000000004, 0.6000000000000001, buf.append(s).append()
11, 9349, 9, -0.6000000000000001, 0.4, -0.20000000000000004, 0.8, buf.append(s).remove()
11, 9350, 0, -0.6000000000000001, 0.4, -0.10000000000000003, 0.0, buf.append(s)
11, 9351, 0, -0.6000000000000001, 0.4, -0.10000000000000003, 0.2, buf.append(s)
11, 9352, 1, -0.6000000000000001, 0.4, -0.10000000000000003, 0.4, buf.append()
11, 9353, 9, -0.6000000000000001, 0.4, -0.10000000000000003, 0.6000000000000001, buf.append(s).append()
11, 9354, 9, -0.6000000000000001, 0.4, -0.10000000000000003, 0.8, buf.append(s).append()
11, 9355, 1, -0.6000000000000001, 0.4, -2.7755575615628914E-17, 0.0, buf.append()
11, 9356, 0, -0.6000000000000001, 0.4, -2.7755575615628914E-17, 0.2, buf.append(s)
11, 9357, 1, -0.6000000000000001, 0.4, -2.7755575615628914E-17, 0.4, buf.append()
11, 9358, 9, -0.6000000000000001, 0.4, -2.7755575615628914E-17, 0.6000000000000001, buf.append(s).remove()
11, 9359, 10, -0.6000000000000001, 0.4, -2.7755575615628914E-17, 0.8, Math.tan()
11, 9360, 8, -0.6000000000000001, 0.8, -0.5, 0.0, append().append(s)
11, 9361, 8, -0.6000000000000001, 0.8, -0.5, 0.2, append().append(s)
11, 9362, 8, -0.6000000000000001, 0.8, -0.5, 0.4, append().append(s)
11, 9363, 9, -0.6000000000000001, 0.8, -0.5, 0.6000000000000001, buf.append(s).append()
11, 9364, 9, -0.6000000000000001, 0.8, -0.5, 0.8, buf.append(s).append()
11, 9365, 8, -0.6000000000000001, 0.8, -0.4, 0.0, append().append(s)
11, 9366, 8, -0.6000000000000001, 0.8, -0.4, 0.2, append().append(s)
11, 9367, 8, -0.6000000000000001, 0.8, -0.4, 0.4, append().append(s)
11, 9368, 9, -0.6000000000000001, 0.8, -0.4, 0.6000000000000001, buf.append(s).append()
11, 9369, 9, -0.6000000000000001, 0.8, -0.4, 0.8, buf.append(s).append()
11, 9370, 8, -0.6000000000000001, 0.8, -0.30000000000000004, 0.0, append().append(s)
11, 9371, 8, -0.6000000000000001, 0.8, -0.30000000000000004, 0.2, append().append(s)
11, 9372, 8, -0.6000000000000001, 0.8, -0.30000000000000004, 0.4, append().append(s)
11, 9373, 9, -0.6000000000000001, 0.8, -0.30000000000000004, 0.6000000000000001, buf.append(s).append()
11, 9374, 9, -0.6000000000000001, 0.8, -0.30000000000000004, 0.8, buf.append(s).append()
11, 9375, 8, -0.6000000000000001, 0.8, -0.20000000000000004, 0.0, append().append(s)
11, 9376, 8, -0.6000000000000001, 0.8, -0.20000000000000004, 0.2, append().append(s)
11, 9377, 8, -0.6000000000000001, 0.8, -0.20000000000000004, 0.4, append().append(s)
11, 9378, 9, -0.6000000000000001, 0.8, -0.20000000000000004, 0.6000000000000001, buf.append(s).append()
11, 9379, 9, -0.6000000000000001, 0.8, -0.20000000000000004, 0.8, buf.append(s).remove()
11, 9380, 8, -0.6000000000000001, 0.8, -0.10000000000000003, 0.0, append().append(s)
11, 9381, 8, -0.6000000000000001, 0.8, -0.10000000000000003, 0.2, append().append(s)
11, 9382, 8, -0.6000000000000001, 0.8, -0.10000000000000003, 0.4, append().append(s)
11, 9383, 9, -0.6000000000000001, 0.8, -0.10000000000000003, 0.6000000000000001, buf.append(s).append()
11, 9384, 9, -0.6000000000000001, 0.8, -0.10000000000000003, 0.8, buf.append(s).append()
11, 9385, 8, -0.6000000000000001, 0.8, -2.7755575615628914E-17, 0.0, append().append(s)
11, 9386, 9, -0.6000000000000001, 0.8, -2.7755575615628914E-17, 0.2, buf.append(s).remove()
11, 9387, 9, -0.6000000000000001, 0.8, -2.7755575615628914E-17, 0.4, buf.append(s).remove()
11, 9388, 9, -0.6000000000000001, 0.8, -2.7755575615628914E-17, 0.6000000000000001, buf.append(s).remove()
11, 9389, 9, -0.6000000000000001, 0.8, -2.7755575615628914E-17, 0.8, buf.append(s).remove()
11, 9390, 9, -0.6000000000000001, 1.2000000000000002, -0.5, 0.0, buf.append(s).append()
11, 9391, 9, -0.6000000000000001, 1.2000000000000002, -0.5, 0.2, buf.append(s).append()
11, 9392, 9, -0.6000000000000001, 1.2000000000000002, -0.5, 0.4, buf.append(s).append()
11, 9393, 9, -0.6000000000000001, 1.2000000000000002, -0.5, 0.6000000000000001, buf.append(s).append()
11, 9394, 9, -0.6000000000000001, 1.2000000000000002, -0.5, 0.8, buf.append(s).append()
11, 9395, 9, -0.6000000000000001, 1.2000000000000002, -0.4, 0.0, buf.append(s).append()
11, 9396, 9, -0.6000000000000001, 1.2000000000000002, -0.4, 0.2, buf.append(s).append()
11, 9397, 9, -0.6000000000000001, 1.2000000000000002, -0.4, 0.4, buf.append(s).append()
11, 9398, 9, -0.6000000000000001, 1.2000000000000002, -0.4, 0.6000000000000001, buf.append(s).append()
11, 9399, 9, -0.6000000000000001, 1.2000000000000002, -0.4, 0.8, buf.append(s).append()
11, 9400, 9, -0.6000000000000001, 1.2000000000000002, -0.30000000000000004, 0.0, buf.append(s).append()
11, 9401, 9, -0.6000000000000001, 1.2000000000000002, -0.30000000000000004, 0.2, buf.append(s).append()
11, 9402, 9, -0.6000000000000001, 1.2000000000000002, -0.30000000000000004, 0.4, buf.append(s).append()
11, 9403, 9, -0.6000000000000001, 1.2000000000000002, -0.30000000000000004, 0.6000000000000001, buf.append(s).append()
11, 9404, 9, -0.6000000000000001, 1.2000000000000002, -0.30000000000000004, 0.8, buf.append(s).append()
11, 9405, 9, -0.6000000000000001, 1.2000000000000002, -0.20000000000000004, 0.0, buf.append(s).append()
11, 9406, 9, -0.6000000000000001, 1.2000000000000002, -0.20000000000000004, 0.2, buf.append(s).append()
11, 9407, 9, -0.6000000000000001, 1.2000000000000002, -0.20000000000000004, 0.4, buf.append(s).append()
11, 9408, 9, -0.6000000000000001, 1.2000000000000002, -0.20000000000000004, 0.6000000000000001, buf.append(s).append()
11, 9409, 9, -0.6000000000000001, 1.2000000000000002, -0.20000000000000004, 0.8, buf.append(s).remove()
11, 9410, 9, -0.6000000000000001, 1.2000000000000002, -0.10000000000000003, 0.0, buf.append(s).append()
11, 9411, 9, -0.6000000000000001, 1.2000000000000002, -0.10000000000000003, 0.2, buf.append(s).append()
11, 9412, 9, -0.6000000000000001, 1.2000000000000002, -0.10000000000000003, 0.4, buf.append(s).append()
11, 9413, 9, -0.6000000000000001, 1.2000000000000002, -0.10000000000000003, 0.6000000000000001, buf.append(s).append()
11, 9414, 9, -0.6000000000000001, 1.2000000000000002, -0.10000000000000003, 0.8, buf.append(s).append()
11, 9415, 9, -0.6000000000000001, 1.2000000000000002, -2.7755575615628914E-17, 0.0, buf.append(s).remove()
11, 9416, 9, -0.6000000000000001, 1.2000000000000002, -2.7755575615628914E-17, 0.2, buf.append(s).remove()
11, 9417, 9, -0.6000000000000001, 1.2000000000000002, -2.7755575615628914E-17, 0.4, buf.append(s).remove()
11, 9418, 9, -0.6000000000000001, 1.2000000000000002, -2.7755575615628914E-17, 0.6000000000000001, buf.append(s).remove()
11, 9419, 9, -0.6000000000000001, 1.2000000000000002, -2.7755575615628914E-17, 0.8, buf.append(s).remove()
11, 9420, 9, -0.6000000000000001, 1.6, -0.5, 0.0, buf.append(s).append()
11, 9421, 9, -0.6000000000000001, 1.6, -0.5, 0.2, buf.append(s).append()
11, 9422, 9, -0.6000000000000001, 1.6, -0.5, 0.4, buf.append(s).append()
11, 9423, 9, -0.6000000000000001, 1.6, -0.5, 0.6000000000000001, buf.append(s).append()
11, 9424, 9, -0.6000000000000001, 1.6, -0.5, 0.8, buf.append(s).append()
11, 9425, 9, -0.6000000000000001, 1.6, -0.4, 0.0, buf.append(s).append()
11, 9426, 9, -0.6000000000000001, 1.6, -0.4, 0.2, buf.append(s).append()
11, 9427, 9, -0.6000000000000001, 1.6, -0.4, 0.4, buf.append(s).append()
11, 9428, 9, -0.6000000000000001, 1.6, -0.4, 0.6000000000000001, buf.append(s).append()
11, 9429, 9, -0.6000000000000001, 1.6, -0.4, 0.8, buf.append(s).append()
11, 9430, 9, -0.6000000000000001, 1.6, -0.30000000000000004, 0.0, buf.append(s).append()
11, 9431, 9, -0.6000000000000001, 1.6, -0.30000000000000004, 0.2, buf.append(s).append()
11, 9432, 9, -0.6000000000000001, 1.6, -0.30000000000000004, 0.4, buf.append(s).append()
11, 9433, 9, -0.6000000000000001, 1.6, -0.30000000000000004, 0.6000000000000001, buf.append(s).append()
11, 9434, 9, -0.6000000000000001, 1.6, -0.30000000000000004, 0.8, buf.append(s).append()
11, 9435, 9, -0.6000000000000001, 1.6, -0.20000000000000004, 0.0, buf.append(s).append()
11, 9436, 9, -0.6000000000000001, 1.6, -0.20000000000000004, 0.2, buf.append(s).append()
11, 9437, 9, -0.6000000000000001, 1.6, -0.20000000000000004, 0.4, buf.append(s).append()
11, 9438, 9, -0.6000000000000001, 1.6, -0.20000000000000004, 0.6000000000000001, buf.append(s).append()
11, 9439, 9, -0.6000000000000001, 1.6, -0.20000000000000004, 0.8, buf.append(s).append()
11, 9440, 9, -0.6000000000000001, 1.6, -0.10000000000000003, 0.0, buf.append(s).append()
11, 9441, 9, -0.6000000000000001, 1.6, -0.10000000000000003, 0.2, buf.append(s).append()
11, 9442, 9, -0.6000000000000001, 1.6, -0.10000000000000003, 0.4, buf.append(s).append()
11, 9443, 9, -0.6000000000000001, 1.6, -0.10000000000000003, 0.6000000000000001, buf.append(s).append()
11, 9444, 9, -0.6000000000000001, 1.6, -0.10000000000000003, 0.8, buf.append(s).append()
11, 9445, 9, -0.6000000000000001, 1.6, -2.7755575615628914E-17, 0.0, buf.append(s).remove()
11, 9446, 9, -0.6000000000000001, 1.6, -2.7755575615628914E-17, 0.2, buf.append(s).remove()
11, 9447, 9, -0.6000000000000001, 1.6, -2.7755575615628914E-17, 0.4, buf.append(s).remove()
11, 9448, 9, -0.6000000000000001, 1.6, -2.7755575615628914E-17, 0.6000000000000001, buf.append(s).remove()
11, 9449, 9, -0.6000000000000001, 1.6, -2.7755575615628914E-17, 0.8, buf.append(s).remove()
11, 9450, 0, -0.4000000000000001, 0.0, -0.5, 0.0, buf.append(s)
11, 9451, 0, -0.4000000000000001, 0.0, -0.5, 0.2, buf.append(s)
11, 9452, 0, -0.4000000000000001, 0.0, -0.5, 0.4, buf.append(s)
11, 9453, 0, -0.4000000000000001, 0.0, -0.5, 0.6000000000000001, buf.append(s)
11, 9454, 0, -0.4000000000000001, 0.0, -0.5, 0.8, buf.append(s)
11, 9455, 1, -0.4000000000000001, 0.0, -0.4, 0.0, buf.append()
11, 9456, 0, -0.4000000000000001, 0.0, -0.4, 0.2, buf.append(s)
11, 9457, 0, -0.4000000000000001, 0.0, -0.4, 0.4, buf.append(s)
11, 9458, 0, -0.4000000000000001, 0.0, -0.4, 0.6000000000000001, buf.append(s)
11, 9459, 0, -0.4000000000000001, 0.0, -0.4, 0.8, buf.append(s)
11, 9460, 0, -0.4000000000000001, 0.0, -0.30000000000000004, 0.0, buf.append(s)
11, 9461, 0, -0.4000000000000001, 0.0, -0.30000000000000004, 0.2, buf.append(s)
11, 9462, 0, -0.4000000000000001, 0.0, -0.30000000000000004, 0.4, buf.append(s)
11, 9463, 0, -0.4000000000000001, 0.0, -0.30000000000000004, 0.6000000000000001, buf.append(s)
11, 9464, 1, -0.4000000000000001, 0.0, -0.30000000000000004, 0.8, buf.append()
11, 9465, 9, -0.4000000000000001, 0.0, -0.20000000000000004, 0.0, s.equals(s)
11, 9466, 9, -0.4000000000000001, 0.0, -0.20000000000000004, 0.2, s.equals(s)
11, 9467, 0, -0.4000000000000001, 0.0, -0.20000000000000004, 0.4, buf.append(s)
11, 9468, 0, -0.4000000000000001, 0.0, -0.20000000000000004, 0.6000000000000001, buf.append(s)
11, 9469, 1, -0.4000000000000001, 0.0, -0.20000000000000004, 0.8, buf.append()
11, 9470, 1, -0.4000000000000001, 0.0, -0.10000000000000003, 0.0, buf.append()
11, 9471, 0, -0.4000000000000001, 0.0, -0.10000000000000003, 0.2, buf.append(s)
11, 9472, 0, -0.4000000000000001, 0.0, -0.10000000000000003, 0.4, buf.append(s)
11, 9473, 1, -0.4000000000000001, 0.0, -0.10000000000000003, 0.6000000000000001, buf.append()
11, 9474, 1, -0.4000000000000001, 0.0, -0.10000000000000003, 0.8, buf.append()
11, 9475, 10, -0.4000000000000001, 0.0, -2.7755575615628914E-17, 0.0, Math.tan()
11, 9476, 9, -0.4000000000000001, 0.0, -2.7755575615628914E-17, 0.2, s.equals(s)
11, 9477, 10, -0.4000000000000001, 0.0, -2.7755575615628914E-17, 0.4, Math.tan()
11, 9478, 7, -0.4000000000000001, 0.0, -2.7755575615628914E-17, 0.6000000000000001, buf.capacity()
11, 9479, 7, -0.4000000000000001, 0.0, -2.7755575615628914E-17, 0.8, buf.capacity()
11, 9480, 8, -0.4000000000000001, 0.4, -0.5, 0.0, append().append(s)
11, 9481, 8, -0.4000000000000001, 0.4, -0.5, 0.2, append().append(s)
11, 9482, 8, -0.4000000000000001, 0.4, -0.5, 0.4, append().append(s)
11, 9483, 9, -0.4000000000000001, 0.4, -0.5, 0.6000000000000001, buf.append(s).append()
11, 9484, 9, -0.4000000000000001, 0.4, -0.5, 0.8, buf.append(s).append()
11, 9485, 8, -0.4000000000000001, 0.4, -0.4, 0.0, append().append(s)
11, 9486, 8, -0.4000000000000001, 0.4, -0.4, 0.2, append().append(s)
11, 9487, 9, -0.4000000000000001, 0.4, -0.4, 0.4, buf.append(s).append()
11, 9488, 9, -0.4000000000000001, 0.4, -0.4, 0.6000000000000001, buf.append(s).append()
11, 9489, 9, -0.4000000000000001, 0.4, -0.4, 0.8, buf.append(s).append()
11, 9490, 8, -0.4000000000000001, 0.4, -0.30000000000000004, 0.0, append().append(s)
11, 9491, 8, -0.4000000000000001, 0.4, -0.30000000000000004, 0.2, append().append(s)
11, 9492, 8, -0.4000000000000001, 0.4, -0.30000000000000004, 0.4, append().append(s)
11, 9493, 9, -0.4000000000000001, 0.4, -0.30000000000000004, 0.6000000000000001, buf.append(s).append()
11, 9494, 9, -0.4000000000000001, 0.4, -0.30000000000000004, 0.8, buf.append(s).append()
11, 9495, 8, -0.4000000000000001, 0.4, -0.20000000000000004, 0.0, append().append(s)
11, 9496, 8, -0.4000000000000001, 0.4, -0.20000000000000004, 0.2, append().append(s)
11, 9497, 8, -0.4000000000000001, 0.4, -0.20000000000000004, 0.4, append().append(s)
11, 9498, 9, -0.4000000000000001, 0.4, -0.20000000000000004, 0.6000000000000001, buf.append(s).remove()
11, 9499, 9, -0.4000000000000001, 0.4, -0.20000000000000004, 0.8, buf.append(s).append()
11, 9500, 8, -0.4000000000000001, 0.4, -0.10000000000000003, 0.0, append().append(s)
11, 9501, 8, -0.4000000000000001, 0.4, -0.10000000000000003, 0.2, append().append(s)
11, 9502, 8, -0.4000000000000001, 0.4, -0.10000000000000003, 0.4, append().append(s)
11, 9503, 9, -0.4000000000000001, 0.4, -0.10000000000000003, 0.6000000000000001, buf.append(s).append()
11, 9504, 9, -0.4000000000000001, 0.4, -0.10000000000000003, 0.8, buf.append(s).append()
11, 9505, 9, -0.4000000000000001, 0.4, -2.7755575615628914E-17, 0.0, s.concat(s)
11, 9506, 8, -0.4000000000000001, 0.4, -2.7755575615628914E-17, 0.2, append().append(s)
11, 9507, 9, -0.4000000000000001, 0.4, -2.7755575615628914E-17, 0.4, buf.append(s).remove()
11, 9508, 9, -0.4000000000000001, 0.4, -2.7755575615628914E-17, 0.6000000000000001, buf.append(s).remove()
11, 9509, 12, -0.4000000000000001, 0.4, -2.7755575615628914E-17, 0.8, s
11, 9510, 8, -0.4000000000000001, 0.8, -0.5, 0.0, append().append(s)
11, 9511, 9, -0.4000000000000001, 0.8, -0.5, 0.2, buf.append(s).append()
11, 9512, 9, -0.4000000000000001, 0.8, -0.5, 0.4, buf.append(s).append()
11, 9513, 9, -0.4000000000000001, 0.8, -0.5, 0.6000000000000001, buf.append(s).append()
11, 9514, 9, -0.4000000000000001, 0.8, -0.5, 0.8, buf.append(s).append()
11, 9515, 8, -0.4000000000000001, 0.8, -0.4, 0.0, append().append(s)
11, 9516, 9, -0.4000000000000001, 0.8, -0.4, 0.2, buf.append(s).append()
11, 9517, 9, -0.4000000000000001, 0.8, -0.4, 0.4, buf.append(s).append()
11, 9518, 9, -0.4000000000000001, 0.8, -0.4, 0.6000000000000001, buf.append(s).append()
11, 9519, 8, -0.4000000000000001, 0.8, -0.4, 0.8, s.put(s)
11, 9520, 8, -0.4000000000000001, 0.8, -0.30000000000000004, 0.0, append().append(s)
11, 9521, 9, -0.4000000000000001, 0.8, -0.30000000000000004, 0.2, buf.append(s).append()
11, 9522, 9, -0.4000000000000001, 0.8, -0.30000000000000004, 0.4, buf.append(s).append()
11, 9523, 9, -0.4000000000000001, 0.8, -0.30000000000000004, 0.6000000000000001, buf.append(s).append()
11, 9524, 9, -0.4000000000000001, 0.8, -0.30000000000000004, 0.8, buf.append(s).append()
11, 9525, 8, -0.4000000000000001, 0.8, -0.20000000000000004, 0.0, append().append(s)
11, 9526, 9, -0.4000000000000001, 0.8, -0.20000000000000004, 0.2, buf.append(s).append()
11, 9527, 9, -0.4000000000000001, 0.8, -0.20000000000000004, 0.4, buf.append(s).append()
11, 9528, 9, -0.4000000000000001, 0.8, -0.20000000000000004, 0.6000000000000001, buf.append(s).remove()
11, 9529, 9, -0.4000000000000001, 0.8, -0.20000000000000004, 0.8, buf.append(s).append()
11, 9530, 9, -0.4000000000000001, 0.8, -0.10000000000000003, 0.0, buf.append(s).append()
11, 9531, 9, -0.4000000000000001, 0.8, -0.10000000000000003, 0.2, buf.append(s).append()
11, 9532, 9, -0.4000000000000001, 0.8, -0.10000000000000003, 0.4, buf.append(s).append()
11, 9533, 9, -0.4000000000000001, 0.8, -0.10000000000000003, 0.6000000000000001, buf.append(s).append()
11, 9534, 9, -0.4000000000000001, 0.8, -0.10000000000000003, 0.8, buf.append(s).append()
11, 9535, 9, -0.4000000000000001, 0.8, -2.7755575615628914E-17, 0.0, buf.append(s).remove()
11, 9536, 9, -0.4000000000000001, 0.8, -2.7755575615628914E-17, 0.2, buf.append(s).remove()
11, 9537, 9, -0.4000000000000001, 0.8, -2.7755575615628914E-17, 0.4, buf.append(s).remove()
11, 9538, 12, -0.4000000000000001, 0.8, -2.7755575615628914E-17, 0.6000000000000001, s
11, 9539, 12, -0.4000000000000001, 0.8, -2.7755575615628914E-17, 0.8, s
11, 9540, 9, -0.4000000000000001, 1.2000000000000002, -0.5, 0.0, buf.append(s).append()
11, 9541, 9, -0.4000000000000001, 1.2000000000000002, -0.5, 0.2, buf.append(s).append()
11, 9542, 9, -0.4000000000000001, 1.2000000000000002, -0.5, 0.4, buf.append(s).append()
11, 9543, 9, -0.4000000000000001, 1.2000000000000002, -0.5, 0.6000000000000001, buf.append(s).append()
11, 9544, 9, -0.4000000000000001, 1.2000000000000002, -0.5, 0.8, buf.append(s).append()
11, 9545, 9, -0.4000000000000001, 1.2000000000000002, -0.4, 0.0, buf.append(s).append()
11, 9546, 9, -0.4000000000000001, 1.2000000000000002, -0.4, 0.2, buf.append(s).append()
11, 9547, 9, -0.4000000000000001, 1.2000000000000002, -0.4, 0.4, buf.append(s).append()
11, 9548, 9, -0.4000000000000001, 1.2000000000000002, -0.4, 0.6000000000000001, buf.append(s).append()
11, 9549, 9, -0.4000000000000001, 1.2000000000000002, -0.4, 0.8, buf.append(s).append()
11, 9550, 9, -0.4000000000000001, 1.2000000000000002, -0.30000000000000004, 0.0, buf.append(s).append()
11, 9551, 9, -0.4000000000000001, 1.2000000000000002, -0.30000000000000004, 0.2, buf.append(s).append()
11, 9552, 9, -0.4000000000000001, 1.2000000000000002, -0.30000000000000004, 0.4, buf.append(s).append()
11, 9553, 9, -0.4000000000000001, 1.2000000000000002, -0.30000000000000004, 0.6000000000000001, buf.append(s).append()
11, 9554, 9, -0.4000000000000001, 1.2000000000000002, -0.30000000000000004, 0.8, buf.append(s).append()
11, 9555, 9, -0.4000000000000001, 1.2000000000000002, -0.20000000000000004, 0.0, buf.append(s).append()
11, 9556, 9, -0.4000000000000001, 1.2000000000000002, -0.20000000000000004, 0.2, buf.append(s).append()
11, 9557, 9, -0.4000000000000001, 1.2000000000000002, -0.20000000000000004, 0.4, buf.append(s).append()
11, 9558, 9, -0.4000000000000001, 1.2000000000000002, -0.20000000000000004, 0.6000000000000001, buf.append(s).remove()
11, 9559, 9, -0.4000000000000001, 1.2000000000000002, -0.20000000000000004, 0.8, buf.append(s).remove()
11, 9560, 9, -0.4000000000000001, 1.2000000000000002, -0.10000000000000003, 0.0, buf.append(s).append()
11, 9561, 9, -0.4000000000000001, 1.2000000000000002, -0.10000000000000003, 0.2, buf.append(s).append()
11, 9562, 9, -0.4000000000000001, 1.2000000000000002, -0.10000000000000003, 0.4, buf.append(s).append()
11, 9563, 9, -0.4000000000000001, 1.2000000000000002, -0.10000000000000003, 0.6000000000000001, buf.append(s).append()
11, 9564, 10, -0.4000000000000001, 1.2000000000000002, -0.10000000000000003, 0.8, wait()
11, 9565, 9, -0.4000000000000001, 1.2000000000000002, -2.7755575615628914E-17, 0.0, buf.append(s).remove()
11, 9566, 9, -0.4000000000000001, 1.2000000000000002, -2.7755575615628914E-17, 0.2, buf.append(s).remove()
11, 9567, 9, -0.4000000000000001, 1.2000000000000002, -2.7755575615628914E-17, 0.4, buf.append(s).remove()
11, 9568, 12, -0.4000000000000001, 1.2000000000000002, -2.7755575615628914E-17, 0.6000000000000001, s
11, 9569, 9, -0.4000000000000001, 1.2000000000000002, -2.7755575615628914E-17, 0.8, buf.append(s).remove()
11, 9570, 9, -0.4000000000000001, 1.6, -0.5, 0.0, buf.append(s).append()
11, 9571, 9, -0.4000000000000001, 1.6, -0.5, 0.2, buf.append(s).append()
11, 9572, 9, -0.4000000000000001, 1.6, -0.5, 0.4, buf.append(s).append()
11, 9573, 9, -0.4000000000000001, 1.6, -0.5, 0.6000000000000001, buf.append(s).append()
11, 9574, 9, -0.4000000000000001, 1.6, -0.5, 0.8, buf.append(s).append()
11, 9575, 9, -0.4000000000000001, 1.6, -0.4, 0.0, buf.append(s).append()
11, 9576, 9, -0.4000000000000001, 1.6, -0.4, 0.2, buf.append(s).append()
11, 9577, 9, -0.4000000000000001, 1.6, -0.4, 0.4, buf.append(s).append()
11, 9578, 9, -0.4000000000000001, 1.6, -0.4, 0.6000000000000001, buf.append(s).append()
11, 9579, 10, -0.4000000000000001, 1.6, -0.4, 0.8, buf.append(s).append(s)
11, 9580, 9, -0.4000000000000001, 1.6, -0.30000000000000004, 0.0, buf.append(s).append()
11, 9581, 9, -0.4000000000000001, 1.6, -0.30000000000000004, 0.2, buf.append(s).append()
11, 9582, 9, -0.4000000000000001, 1.6, -0.30000000000000004, 0.4, buf.append(s).append()
11, 9583, 9, -0.4000000000000001, 1.6, -0.30000000000000004, 0.6000000000000001, buf.append(s).append()
11, 9584, 9, -0.4000000000000001, 1.6, -0.30000000000000004, 0.8, buf.append(s).append()
11, 9585, 9, -0.4000000000000001, 1.6, -0.20000000000000004, 0.0, buf.append(s).append()
11, 9586, 9, -0.4000000000000001, 1.6, -0.20000000000000004, 0.2, buf.append(s).append()
11, 9587, 9, -0.4000000000000001, 1.6, -0.20000000000000004, 0.4, buf.append(s).append()
11, 9588, 9, -0.4000000000000001, 1.6, -0.20000000000000004, 0.6000000000000001, buf.append(s).remove()
11, 9589, 10, -0.4000000000000001, 1.6, -0.20000000000000004, 0.8, wait()
11, 9590, 9, -0.4000000000000001, 1.6, -0.10000000000000003, 0.0, buf.append(s).append()
11, 9591, 9, -0.4000000000000001, 1.6, -0.10000000000000003, 0.2, buf.append(s).append()
11, 9592, 9, -0.4000000000000001, 1.6, -0.10000000000000003, 0.4, buf.append(s).append()
11, 9593, 9, -0.4000000000000001, 1.6, -0.10000000000000003, 0.6000000000000001, buf.append(s).append()
11, 9594, 10, -0.4000000000000001, 1.6, -0.10000000000000003, 0.8, wait()
11, 9595, 9, -0.4000000000000001, 1.6, -2.7755575615628914E-17, 0.0, buf.append(s).remove()
11, 9596, 9, -0.4000000000000001, 1.6, -2.7755575615628914E-17, 0.2, buf.append(s).remove()
11, 9597, 9, -0.4000000000000001, 1.6, -2.7755575615628914E-17, 0.4, buf.append(s).remove()
11, 9598, 12, -0.4000000000000001, 1.6, -2.7755575615628914E-17, 0.6000000000000001, s
11, 9599, 12, -0.4000000000000001, 1.6, -2.7755575615628914E-17, 0.8, s
11, 9600, 0, -0.20000000000000007, 0.0, -0.5, 0.0, buf.append(s)
11, 9601, 0, -0.20000000000000007, 0.0, -0.5, 0.2, buf.append(s)
11, 9602, 0, -0.20000000000000007, 0.0, -0.5, 0.4, buf.append(s)
11, 9603, 10, -0.20000000000000007, 0.0, -0.5, 0.6000000000000001, Math.tan()
11, 9604, 10, -0.20000000000000007, 0.0, -0.5, 0.8, Math.tan()
11, 9605, 0, -0.20000000000000007, 0.0, -0.4, 0.0, buf.append(s)
11, 9606, 0, -0.20000000000000007, 0.0, -0.4, 0.2, buf.append(s)
11, 9607, 0, -0.20000000000000007, 0.0, -0.4, 0.4, buf.append(s)
11, 9608, 9, -0.20000000000000007, 0.0, -0.4, 0.6000000000000001, buf.append(s).append()
11, 9609, 10, -0.20000000000000007, 0.0, -0.4, 0.8, buf.append(s).reverse()
11, 9610, 0, -0.20000000000000007, 0.0, -0.30000000000000004, 0.0, buf.append(s)
11, 9611, 0, -0.20000000000000007, 0.0, -0.30000000000000004, 0.2, buf.append(s)
11, 9612, 0, -0.20000000000000007, 0.0, -0.30000000000000004, 0.4, buf.append(s)
11, 9613, 10, -0.20000000000000007, 0.0, -0.30000000000000004, 0.6000000000000001, buf.append(s).reverse()
11, 9614, 10, -0.20000000000000007, 0.0, -0.30000000000000004, 0.8, Math.tan()
11, 9615, 10, -0.20000000000000007, 0.0, -0.20000000000000004, 0.0, Math.tan()
11, 9616, 0, -0.20000000000000007, 0.0, -0.20000000000000004, 0.2, buf.append(s)
11, 9617, 0, -0.20000000000000007, 0.0, -0.20000000000000004, 0.4, buf.append(s)
11, 9618, 10, -0.20000000000000007, 0.0, -0.20000000000000004, 0.6000000000000001, buf.append(s).reverse()
11, 9619, 10, -0.20000000000000007, 0.0, -0.20000000000000004, 0.8, buf.append(s).reverse()
11, 9620, 10, -0.20000000000000007, 0.0, -0.10000000000000003, 0.0, Math.tan()
11, 9621, 0, -0.20000000000000007, 0.0, -0.10000000000000003, 0.2, buf.append(s)
11, 9622, 1, -0.20000000000000007, 0.0, -0.10000000000000003, 0.4, buf.append()
11, 9623, 10, -0.20000000000000007, 0.0, -0.10000000000000003, 0.6000000000000001, Math.tan()
11, 9624, 10, -0.20000000000000007, 0.0, -0.10000000000000003, 0.8, wait()
11, 9625, 9, -0.20000000000000007, 0.0, -2.7755575615628914E-17, 0.0, s.equals(s)
11, 9626, 10, -0.20000000000000007, 0.0, -2.7755575615628914E-17, 0.2, Math.tan()
11, 9627, 3, -0.20000000000000007, 0.0, -2.7755575615628914E-17, 0.4, buf.append(buf)
11, 9628, 10, -0.20000000000000007, 0.0, -2.7755575615628914E-17, 0.6000000000000001, wait()
11, 9629, 10, -0.20000000000000007, 0.0, -2.7755575615628914E-17, 0.8, wait()
11, 9630, 8, -0.20000000000000007, 0.4, -0.5, 0.0, append().append(s)
11, 9631, 9, -0.20000000000000007, 0.4, -0.5, 0.2, buf.append(s).append()
11, 9632, 9, -0.20000000000000007, 0.4, -0.5, 0.4, buf.append(s).append()
11, 9633, 9, -0.20000000000000007, 0.4, -0.5, 0.6000000000000001, buf.append(s).append()
11, 9634, 10, -0.20000000000000007, 0.4, -0.5, 0.8, Math.tan()
11, 9635, 8, -0.20000000000000007, 0.4, -0.4, 0.0, append().append(s)
11, 9636, 9, -0.20000000000000007, 0.4, -0.4, 0.2, buf.append(s).append()
11, 9637, 9, -0.20000000000000007, 0.4, -0.4, 0.4, buf.append(s).append()
11, 9638, 9, -0.20000000000000007, 0.4, -0.4, 0.6000000000000001, buf.append(s).append()
11, 9639, 10, -0.20000000000000007, 0.4, -0.4, 0.8, Math.tan()
11, 9640, 8, -0.20000000000000007, 0.4, -0.30000000000000004, 0.0, append().append(s)
11, 9641, 9, -0.20000000000000007, 0.4, -0.30000000000000004, 0.2, buf.append(s).append()
11, 9642, 9, -0.20000000000000007, 0.4, -0.30000000000000004, 0.4, buf.append(s).append()
11, 9643, 10, -0.20000000000000007, 0.4, -0.30000000000000004, 0.6000000000000001, Math.tan()
11, 9644, 9, -0.20000000000000007, 0.4, -0.30000000000000004, 0.8, buf.append(s).append()
11, 9645, 8, -0.20000000000000007, 0.4, -0.20000000000000004, 0.0, append().append(s)
11, 9646, 9, -0.20000000000000007, 0.4, -0.20000000000000004, 0.2, buf.append(s).append()
11, 9647, 9, -0.20000000000000007, 0.4, -0.20000000000000004, 0.4, buf.append(s).remove()
11, 9648, 9, -0.20000000000000007, 0.4, -0.20000000000000004, 0.6000000000000001, buf.append(s).remove()
11, 9649, 10, -0.20000000000000007, 0.4, -0.20000000000000004, 0.8, wait()
11, 9650, 9, -0.20000000000000007, 0.4, -0.10000000000000003, 0.0, buf.append(s).append()
11, 9651, 9, -0.20000000000000007, 0.4, -0.10000000000000003, 0.2, buf.append(s).append()
11, 9652, 9, -0.20000000000000007, 0.4, -0.10000000000000003, 0.4, buf.append(s).append()
11, 9653, 10, -0.20000000000000007, 0.4, -0.10000000000000003, 0.6000000000000001, wait()
11, 9654, 10, -0.20000000000000007, 0.4, -0.10000000000000003, 0.8, wait()
11, 9655, 8, -0.20000000000000007, 0.4, -2.7755575615628914E-17, 0.0, append().append(s)
11, 9656, 9, -0.20000000000000007, 0.4, -2.7755575615628914E-17, 0.2, buf.append(s).remove()
11, 9657, 10, -0.20000000000000007, 0.4, -2.7755575615628914E-17, 0.4, wait()
11, 9658, 9, -0.20000000000000007, 0.4, -2.7755575615628914E-17, 0.6000000000000001, buf.append(s).remove()
11, 9659, 10, -0.20000000000000007, 0.4, -2.7755575615628914E-17, 0.8, wait()
11, 9660, 9, -0.20000000000000007, 0.8, -0.5, 0.0, buf.append(s).append()
11, 9661, 9, -0.20000000000000007, 0.8, -0.5, 0.2, buf.append(s).append()
11, 9662, 9, -0.20000000000000007, 0.8, -0.5, 0.4, buf.append(s).append()
11, 9663, 9, -0.20000000000000007, 0.8, -0.5, 0.6000000000000001, buf.append(s).append()
11, 9664, 10, -0.20000000000000007, 0.8, -0.5, 0.8, wait()
11, 9665, 9, -0.20000000000000007, 0.8, -0.4, 0.0, buf.append(s).append()
11, 9666, 9, -0.20000000000000007, 0.8, -0.4, 0.2, buf.append(s).append()
11, 9667, 9, -0.20000000000000007, 0.8, -0.4, 0.4, buf.append(s).append()
11, 9668, 9, -0.20000000000000007, 0.8, -0.4, 0.6000000000000001, buf.append(s).append()
11, 9669, 12, -0.20000000000000007, 0.8, -0.4, 0.8, Character.SIZE
11, 9670, 9, -0.20000000000000007, 0.8, -0.30000000000000004, 0.0, buf.append(s).append()
11, 9671, 9, -0.20000000000000007, 0.8, -0.30000000000000004, 0.2, buf.append(s).append()
11, 9672, 9, -0.20000000000000007, 0.8, -0.30000000000000004, 0.4, buf.append(s).append()
11, 9673, 10, -0.20000000000000007, 0.8, -0.30000000000000004, 0.6000000000000001, wait()
11, 9674, 9, -0.20000000000000007, 0.8, -0.30000000000000004, 0.8, buf.append(s).append()
11, 9675, 9, -0.20000000000000007, 0.8, -0.20000000000000004, 0.0, buf.append(s).append()
11, 9676, 9, -0.20000000000000007, 0.8, -0.20000000000000004, 0.2, buf.append(s).append()
11, 9677, 10, -0.20000000000000007, 0.8, -0.20000000000000004, 0.4, s.equals(buf.append(s))
11, 9678, 9, -0.20000000000000007, 0.8, -0.20000000000000004, 0.6000000000000001, buf.append(s).remove()
11, 9679, 10, -0.20000000000000007, 0.8, -0.20000000000000004, 0.8, wait()
11, 9680, 9, -0.20000000000000007, 0.8, -0.10000000000000003, 0.0, buf.append(s).append()
11, 9681, 9, -0.20000000000000007, 0.8, -0.10000000000000003, 0.2, buf.append(s).append()
11, 9682, 9, -0.20000000000000007, 0.8, -0.10000000000000003, 0.4, buf.append(s).append()
11, 9683, 10, -0.20000000000000007, 0.8, -0.10000000000000003, 0.6000000000000001, wait()
11, 9684, 10, -0.20000000000000007, 0.8, -0.10000000000000003, 0.8, wait()
11, 9685, 9, -0.20000000000000007, 0.8, -2.7755575615628914E-17, 0.0, buf.append(s).remove()
11, 9686, 9, -0.20000000000000007, 0.8, -2.7755575615628914E-17, 0.2, buf.append(s).remove()
11, 9687, 9, -0.20000000000000007, 0.8, -2.7755575615628914E-17, 0.4, buf.append(s).remove()
11, 9688, 9, -0.20000000000000007, 0.8, -2.7755575615628914E-17, 0.6000000000000001, buf.append(s).remove()
11, 9689, 9, -0.20000000000000007, 0.8, -2.7755575615628914E-17, 0.8, buf.append(s).remove()
11, 9690, 9, -0.20000000000000007, 1.2000000000000002, -0.5, 0.0, buf.append(s).append()
11, 9691, 9, -0.20000000000000007, 1.2000000000000002, -0.5, 0.2, buf.append(s).append()
11, 9692, 9, -0.20000000000000007, 1.2000000000000002, -0.5, 0.4, buf.append(s).append()
11, 9693, 9, -0.20000000000000007, 1.2000000000000002, -0.5, 0.6000000000000001, buf.append(s).append()
11, 9694, 10, -0.20000000000000007, 1.2000000000000002, -0.5, 0.8, wait()
11, 9695, 9, -0.20000000000000007, 1.2000000000000002, -0.4, 0.0, buf.append(s).append()
11, 9696, 9, -0.20000000000000007, 1.2000000000000002, -0.4, 0.2, buf.append(s).append()
11, 9697, 9, -0.20000000000000007, 1.2000000000000002, -0.4, 0.4, buf.append(s).append()
11, 9698, 9, -0.20000000000000007, 1.2000000000000002, -0.4, 0.6000000000000001, buf.append(s).append()
11, 9699, 9, -0.20000000000000007, 1.2000000000000002, -0.4, 0.8, buf.append(s).remove()
11, 9700, 9, -0.20000000000000007, 1.2000000000000002, -0.30000000000000004, 0.0, buf.append(s).append()
11, 9701, 9, -0.20000000000000007, 1.2000000000000002, -0.30000000000000004, 0.2, buf.append(s).append()
11, 9702, 9, -0.20000000000000007, 1.2000000000000002, -0.30000000000000004, 0.4, buf.append(s).append()
11, 9703, 10, -0.20000000000000007, 1.2000000000000002, -0.30000000000000004, 0.6000000000000001, wait()
11, 9704, 10, -0.20000000000000007, 1.2000000000000002, -0.30000000000000004, 0.8, wait()
11, 9705, 9, -0.20000000000000007, 1.2000000000000002, -0.20000000000000004, 0.0, buf.append(s).append()
11, 9706, 9, -0.20000000000000007, 1.2000000000000002, -0.20000000000000004, 0.2, buf.append(s).append()
11, 9707, 9, -0.20000000000000007, 1.2000000000000002, -0.20000000000000004, 0.4, buf.append(s).append()
11, 9708, 9, -0.20000000000000007, 1.2000000000000002, -0.20000000000000004, 0.6000000000000001, buf.append(s).remove()
11, 9709, 9, -0.20000000000000007, 1.2000000000000002, -0.20000000000000004, 0.8, buf.append(s).remove()
11, 9710, 9, -0.20000000000000007, 1.2000000000000002, -0.10000000000000003, 0.0, buf.append(s).append()
11, 9711, 9, -0.20000000000000007, 1.2000000000000002, -0.10000000000000003, 0.2, buf.append(s).append()
11, 9712, 9, -0.20000000000000007, 1.2000000000000002, -0.10000000000000003, 0.4, buf.append(s).append()
11, 9713, 10, -0.20000000000000007, 1.2000000000000002, -0.10000000000000003, 0.6000000000000001, wait()
11, 9714, 10, -0.20000000000000007, 1.2000000000000002, -0.10000000000000003, 0.8, wait()
11, 9715, 9, -0.20000000000000007, 1.2000000000000002, -2.7755575615628914E-17, 0.0, buf.append(s).remove()
11, 9716, 9, -0.20000000000000007, 1.2000000000000002, -2.7755575615628914E-17, 0.2, buf.append(s).remove()
11, 9717, 10, -0.20000000000000007, 1.2000000000000002, -2.7755575615628914E-17, 0.4, wait()
11, 9718, 10, -0.20000000000000007, 1.2000000000000002, -2.7755575615628914E-17, 0.6000000000000001, wait()
11, 9719, 9, -0.20000000000000007, 1.2000000000