9, 30613, -5.0, 1.0, -5.0, 0.0, 9, 0, charAt(), -3.0
9, 30614, -5.0, 1.0, -5.0, 0.5, 9, 0, charAt(), -3.0
9, 30615, -5.0, 1.0, -5.0, 1.0, 9, 0, charAt(), -3.0
9, 30616, -5.0, 1.0, -5.0, 1.5, 9, 0, charAt(), -3.0
9, 30617, -5.0, 1.0, -5.0, 2.0, 9, 0, charAt(), -3.0
9, 30618, -5.0, 1.0, -5.0, 2.5, 9, 0, charAt(), -3.0
9, 30619, -5.0, 1.0, -5.0, 3.0, 9, 0, charAt(), -3.0
9, 30620, -5.0, 1.0, -5.0, 3.5, 9, 0, charAt(), -3.0
9, 30621, -5.0, 1.0, -5.0, 4.0, 9, 0, charAt(), -3.0
9, 30622, -5.0, 1.0, -5.0, 4.5, 8, 0, i.charAt(), -2.5
9, 30623, -5.0, 1.0, -5.0, 5.0, 8, 0, i.charAt(), -2.0
9, 30624, -5.0, 1.0, -4.5, 0.0, 9, 0, charAt(), -3.0
9, 30625, -5.0, 1.0, -4.5, 0.5, 9, 0, charAt(), -3.0
9, 30626, -5.0, 1.0, -4.5, 1.0, 9, 0, charAt(), -3.0
9, 30627, -5.0, 1.0, -4.5, 1.5, 9, 0, charAt(), -3.0
9, 30628, -5.0, 1.0, -4.5, 2.0, 9, 0, charAt(), -3.0
9, 30629, -5.0, 1.0, -4.5, 2.5, 9, 0, charAt(), -3.0
9, 30630, -5.0, 1.0, -4.5, 3.0, 9, 0, charAt(), -3.0
9, 30631, -5.0, 1.0, -4.5, 3.5, 9, 0, charAt(), -3.0
9, 30632, -5.0, 1.0, -4.5, 4.0, 9, 0, charAt(), -3.0
9, 30633, -5.0, 1.0, -4.5, 4.5, 8, 0, i.charAt(), -2.5
9, 30634, -5.0, 1.0, -4.5, 5.0, 8, 0, i.charAt(), -2.0
9, 30635, -5.0, 1.0, -4.0, 0.0, 9, 0, charAt(), -3.0
9, 30636, -5.0, 1.0, -4.0, 0.5, 9, 0, charAt(), -3.0
9, 30637, -5.0, 1.0, -4.0, 1.0, 9, 0, charAt(), -3.0
9, 30638, -5.0, 1.0, -4.0, 1.5, 9, 0, charAt(), -3.0
9, 30639, -5.0, 1.0, -4.0, 2.0, 9, 0, charAt(), -3.0
9, 30640, -5.0, 1.0, -4.0, 2.5, 9, 0, charAt(), -3.0
9, 30641, -5.0, 1.0, -4.0, 3.0, 9, 0, charAt(), -3.0
9, 30642, -5.0, 1.0, -4.0, 3.5, 9, 0, charAt(), -3.0
9, 30643, -5.0, 1.0, -4.0, 4.0, 9, 0, charAt(), -3.0
9, 30644, -5.0, 1.0, -4.0, 4.5, 8, 0, i.charAt(), -2.5
9, 30645, -5.0, 1.0, -4.0, 5.0, 8, 0, i.charAt(), -2.0
9, 30646, -5.0, 1.0, -3.5, 0.0, 9, 0, charAt(), -3.0
9, 30647, -5.0, 1.0, -3.5, 0.5, 9, 0, charAt(), -3.0
9, 30648, -5.0, 1.0, -3.5, 1.0, 9, 0, charAt(), -3.0
9, 30649, -5.0, 1.0, -3.5, 1.5, 9, 0, charAt(), -3.0
9, 30650, -5.0, 1.0, -3.5, 2.0, 9, 0, charAt(), -3.0
9, 30651, -5.0, 1.0, -3.5, 2.5, 9, 0, charAt(), -3.0
9, 30652, -5.0, 1.0, -3.5, 3.0, 9, 0, charAt(), -3.0
9, 30653, -5.0, 1.0, -3.5, 3.5, 9, 0, charAt(), -3.0
9, 30654, -5.0, 1.0, -3.5, 4.0, 9, 0, charAt(), -3.0
9, 30655, -5.0, 1.0, -3.5, 4.5, 8, 0, i.charAt(), -2.5
9, 30656, -5.0, 1.0, -3.5, 5.0, 8, 0, i.charAt(), -2.0
9, 30657, -5.0, 1.0, -3.0, 0.0, 9, 0, charAt(), -3.0
9, 30658, -5.0, 1.0, -3.0, 0.5, 9, 0, charAt(), -3.0
9, 30659, -5.0, 1.0, -3.0, 1.0, 9, 0, charAt(), -3.0
9, 30660, -5.0, 1.0, -3.0, 1.5, 9, 0, charAt(), -3.0
9, 30661, -5.0, 1.0, -3.0, 2.0, 9, 0, charAt(), -3.0
9, 30662, -5.0, 1.0, -3.0, 2.5, 9, 0, charAt(), -3.0
9, 30663, -5.0, 1.0, -3.0, 3.0, 9, 0, charAt(), -3.0
9, 30664, -5.0, 1.0, -3.0, 3.5, 9, 0, charAt(), -3.0
9, 30665, -5.0, 1.0, -3.0, 4.0, 9, 0, charAt(), -3.0
9, 30666, -5.0, 1.0, -3.0, 4.5, 8, 0, i.charAt(), -2.5
9, 30667, -5.0, 1.0, -3.0, 5.0, 8, 0, i.charAt(), -2.0
9, 30668, -5.0, 1.0, -2.5, 0.0, 9, 0, charAt(), -3.0
9, 30669, -5.0, 1.0, -2.5, 0.5, 9, 0, charAt(), -3.0
9, 30670, -5.0, 1.0, -2.5, 1.0, 9, 0, charAt(), -3.0
9, 30671, -5.0, 1.0, -2.5, 1.5, 9, 0, charAt(), -3.0
9, 30672, -5.0, 1.0, -2.5, 2.0, 9, 0, charAt(), -3.0
9, 30673, -5.0, 1.0, -2.5, 2.5, 9, 0, charAt(), -3.0
9, 30674, -5.0, 1.0, -2.5, 3.0, 9, 0, charAt(), -3.0
9, 30675, -5.0, 1.0, -2.5, 3.5, 9, 0, charAt(), -3.0
9, 30676, -5.0, 1.0, -2.5, 4.0, 9, 0, charAt(), -3.0
9, 30677, -5.0, 1.0, -2.5, 4.5, 8, 0, i.charAt(), -2.5
9, 30678, -5.0, 1.0, -2.5, 5.0, 8, 0, i.charAt(), -2.0
9, 30679, -5.0, 1.0, -2.0, 0.0, 9, 0, charAt(), -3.0
9, 30680, -5.0, 1.0, -2.0, 0.5, 9, 0, charAt(), -3.0
9, 30681, -5.0, 1.0, -2.0, 1.0, 9, 0, charAt(), -3.0
9, 30682, -5.0, 1.0, -2.0, 1.5, 9, 0, charAt(), -3.0
9, 30683, -5.0, 1.0, -2.0, 2.0, 9, 0, charAt(), -3.0
9, 30684, -5.0, 1.0, -2.0, 2.5, 9, 0, charAt(), -3.0
9, 30685, -5.0, 1.0, -2.0, 3.0, 9, 0, charAt(), -3.0
9, 30686, -5.0, 1.0, -2.0, 3.5, 9, 0, charAt(), -3.0
9, 30687, -5.0, 1.0, -2.0, 4.0, 9, 0, charAt(), -3.0
9, 30688, -5.0, 1.0, -2.0, 4.5, 8, 0, i.charAt(), -2.5
9, 30689, -5.0, 1.0, -2.0, 5.0, 8, 0, i.charAt(), -2.0
9, 30690, -5.0, 1.0, -1.5, 0.0, 9, 0, charAt(), -3.0
9, 30691, -5.0, 1.0, -1.5, 0.5, 9, 0, charAt(), -3.0
9, 30692, -5.0, 1.0, -1.5, 1.0, 9, 0, charAt(), -3.0
9, 30693, -5.0, 1.0, -1.5, 1.5, 9, 0, charAt(), -3.0
9, 30694, -5.0, 1.0, -1.5, 2.0, 9, 0, charAt(), -3.0
9, 30695, -5.0, 1.0, -1.5, 2.5, 9, 0, charAt(), -3.0
9, 30696, -5.0, 1.0, -1.5, 3.0, 9, 0, charAt(), -3.0
9, 30697, -5.0, 1.0, -1.5, 3.5, 9, 0, charAt(), -3.0
9, 30698, -5.0, 1.0, -1.5, 4.0, 9, 0, charAt(), -3.0
9, 30699, -5.0, 1.0, -1.5, 4.5, 8, 0, i.charAt(), -2.5
9, 30700, -5.0, 1.0, -1.5, 5.0, 8, 0, i.charAt(), -2.0
9, 30701, -5.0, 1.0, -1.0, 0.0, 9, 0, charAt(), -3.0
9, 30702, -5.0, 1.0, -1.0, 0.5, 9, 0, charAt(), -3.0
9, 30703, -5.0, 1.0, -1.0, 1.0, 9, 0, charAt(), -3.0
9, 30704, -5.0, 1.0, -1.0, 1.5, 9, 0, charAt(), -3.0
9, 30705, -5.0, 1.0, -1.0, 2.0, 9, 0, charAt(), -3.0
9, 30706, -5.0, 1.0, -1.0, 2.5, 9, 0, charAt(), -3.0
9, 30707, -5.0, 1.0, -1.0, 3.0, 9, 0, charAt(), -3.0
9, 30708, -5.0, 1.0, -1.0, 3.5, 9, 0, charAt(), -3.0
9, 30709, -5.0, 1.0, -1.0, 4.0, 9, 0, charAt(), -3.0
9, 30710, -5.0, 1.0, -1.0, 4.5, 8, 0, i.charAt(), -2.5
9, 30711, -5.0, 1.0, -1.0, 5.0, 8, 0, i.charAt(), -2.0
9, 30712, -5.0, 1.0, -0.5, 0.0, 9, 0, charAt(), -3.0
9, 30713, -5.0, 1.0, -0.5, 0.5, 9, 0, charAt(), -3.0
9, 30714, -5.0, 1.0, -0.5, 1.0, 9, 0, charAt(), -3.0
9, 30715, -5.0, 1.0, -0.5, 1.5, 9, 0, charAt(), -3.0
9, 30716, -5.0, 1.0, -0.5, 2.0, 9, 0, charAt(), -3.0
9, 30717, -5.0, 1.0, -0.5, 2.5, 9, 0, charAt(), -3.0
9, 30718, -5.0, 1.0, -0.5, 3.0, 9, 0, charAt(), -3.0
9, 30719, -5.0, 1.0, -0.5, 3.5, 9, 0, charAt(), -3.0
9, 30720, -5.0, 1.0, -0.5, 4.0, 9, 0, charAt(), -3.0
9, 30721, -5.0, 1.0, -0.5, 4.5, 8, 0, i.charAt(), -2.5
9, 30722, -5.0, 1.0, -0.5, 5.0, 8, 0, i.charAt(), -2.0
9, 30723, -5.0, 1.0, 0.0, 0.0, 9, 0, charAt(), -3.0
9, 30724, -5.0, 1.0, 0.0, 0.5, 9, 0, charAt(), -3.0
9, 30725, -5.0, 1.0, 0.0, 1.0, 9, 0, charAt(), -3.0
9, 30726, -5.0, 1.0, 0.0, 1.5, 9, 0, charAt(), -3.0
9, 30727, -5.0, 1.0, 0.0, 2.0, 9, 0, charAt(), -3.0
9, 30728, -5.0, 1.0, 0.0, 2.5, 9, 0, charAt(), -3.0
9, 30729, -5.0, 1.0, 0.0, 3.0, 9, 0, charAt(), -3.0
9, 30730, -5.0, 1.0, 0.0, 3.5, 9, 0, charAt(), -3.0
9, 30731, -5.0, 1.0, 0.0, 4.0, 9, 0, charAt(), -3.0
9, 30732, -5.0, 1.0, 0.0, 4.5, 8, 0, i.charAt(), -2.5
9, 30733, -5.0, 1.0, 0.0, 5.0, 8, 0, i.charAt(), -2.0
9, 30734, -4.5, 1.0, -5.0, 0.0, 9, 0, charAt(), -2.5
9, 30735, -4.5, 1.0, -5.0, 0.5, 9, 0, charAt(), -2.5
9, 30736, -4.5, 1.0, -5.0, 1.0, 9, 0, charAt(), -2.5
9, 30737, -4.5, 1.0, -5.0, 1.5, 9, 0, charAt(), -2.5
9, 30738, -4.5, 1.0, -5.0, 2.0, 9, 0, charAt(), -2.5
9, 30739, -4.5, 1.0, -5.0, 2.5, 9, 0, charAt(), -2.5
9, 30740, -4.5, 1.0, -5.0, 3.0, 9, 0, charAt(), -2.5
9, 30741, -4.5, 1.0, -5.0, 3.5, 9, 0, charAt(), -2.5
9, 30742, -4.5, 1.0, -5.0, 4.0, 8, 0, i.charAt(), -2.0
9, 30743, -4.5, 1.0, -5.0, 4.5, 8, 0, i.charAt(), -1.5
9, 30744, -4.5, 1.0, -5.0, 5.0, 8, 0, i.charAt(), -1.0
9, 30745, -4.5, 1.0, -4.5, 0.0, 9, 0, charAt(), -2.5
9, 30746, -4.5, 1.0, -4.5, 0.5, 9, 0, charAt(), -2.5
9, 30747, -4.5, 1.0, -4.5, 1.0, 9, 0, charAt(), -2.5
9, 30748, -4.5, 1.0, -4.5, 1.5, 9, 0, charAt(), -2.5
9, 30749, -4.5, 1.0, -4.5, 2.0, 9, 0, charAt(), -2.5
9, 30750, -4.5, 1.0, -4.5, 2.5, 9, 0, charAt(), -2.5
9, 30751, -4.5, 1.0, -4.5, 3.0, 9, 0, charAt(), -2.5
9, 30752, -4.5, 1.0, -4.5, 3.5, 9, 0, charAt(), -2.5
9, 30753, -4.5, 1.0, -4.5, 4.0, 8, 0, i.charAt(), -2.0
9, 30754, -4.5, 1.0, -4.5, 4.5, 8, 0, i.charAt(), -1.5
9, 30755, -4.5, 1.0, -4.5, 5.0, 8, 0, i.charAt(), -1.0
9, 30756, -4.5, 1.0, -4.0, 0.0, 9, 0, charAt(), -2.5
9, 30757, -4.5, 1.0, -4.0, 0.5, 9, 0, charAt(), -2.5
9, 30758, -4.5, 1.0, -4.0, 1.0, 9, 0, charAt(), -2.5
9, 30759, -4.5, 1.0, -4.0, 1.5, 9, 0, charAt(), -2.5
9, 30760, -4.5, 1.0, -4.0, 2.0, 9, 0, charAt(), -2.5
9, 30761, -4.5, 1.0, -4.0, 2.5, 9, 0, charAt(), -2.5
9, 30762, -4.5, 1.0, -4.0, 3.0, 9, 0, charAt(), -2.5
9, 30763, -4.5, 1.0, -4.0, 3.5, 9, 0, charAt(), -2.5
9, 30764, -4.5, 1.0, -4.0, 4.0, 8, 0, i.charAt(), -2.0
9, 30765, -4.5, 1.0, -4.0, 4.5, 8, 0, i.charAt(), -1.5
9, 30766, -4.5, 1.0, -4.0, 5.0, 8, 0, i.charAt(), -1.0
9, 30767, -4.5, 1.0, -3.5, 0.0, 9, 0, charAt(), -2.5
9, 30768, -4.5, 1.0, -3.5, 0.5, 9, 0, charAt(), -2.5
9, 30769, -4.5, 1.0, -3.5, 1.0, 9, 0, charAt(), -2.5
9, 30770, -4.5, 1.0, -3.5, 1.5, 9, 0, charAt(), -2.5
9, 30771, -4.5, 1.0, -3.5, 2.0, 9, 0, charAt(), -2.5
9, 30772, -4.5, 1.0, -3.5, 2.5, 9, 0, charAt(), -2.5
9, 30773, -4.5, 1.0, -3.5, 3.0, 9, 0, charAt(), -2.5
9, 30774, -4.5, 1.0, -3.5, 3.5, 9, 0, charAt(), -2.5
9, 30775, -4.5, 1.0, -3.5, 4.0, 8, 0, i.charAt(), -2.0
9, 30776, -4.5, 1.0, -3.5, 4.5, 8, 0, i.charAt(), -1.5
9, 30777, -4.5, 1.0, -3.5, 5.0, 8, 0, i.charAt(), -1.0
9, 30778, -4.5, 1.0, -3.0, 0.0, 9, 0, charAt(), -2.5
9, 30779, -4.5, 1.0, -3.0, 0.5, 9, 0, charAt(), -2.5
9, 30780, -4.5, 1.0, -3.0, 1.0, 9, 0, charAt(), -2.5
9, 30781, -4.5, 1.0, -3.0, 1.5, 9, 0, charAt(), -2.5
9, 30782, -4.5, 1.0, -3.0, 2.0, 9, 0, charAt(), -2.5
9, 30783, -4.5, 1.0, -3.0, 2.5, 9, 0, charAt(), -2.5
9, 30784, -4.5, 1.0, -3.0, 3.0, 9, 0, charAt(), -2.5
9, 30785, -4.5, 1.0, -3.0, 3.5, 9, 0, charAt(), -2.5
9, 30786, -4.5, 1.0, -3.0, 4.0, 8, 0, i.charAt(), -2.0
9, 30787, -4.5, 1.0, -3.0, 4.5, 8, 0, i.charAt(), -1.5
9, 30788, -4.5, 1.0, -3.0, 5.0, 8, 0, i.charAt(), -1.0
9, 30789, -4.5, 1.0, -2.5, 0.0, 9, 0, charAt(), -2.5
9, 30790, -4.5, 1.0, -2.5, 0.5, 9, 0, charAt(), -2.5
9, 30791, -4.5, 1.0, -2.5, 1.0, 9, 0, charAt(), -2.5
9, 30792, -4.5, 1.0, -2.5, 1.5, 9, 0, charAt(), -2.5
9, 30793, -4.5, 1.0, -2.5, 2.0, 9, 0, charAt(), -2.5
9, 30794, -4.5, 1.0, -2.5, 2.5, 9, 0, charAt(), -2.5
9, 30795, -4.5, 1.0, -2.5, 3.0, 9, 0, charAt(), -2.5
9, 30796, -4.5, 1.0, -2.5, 3.5, 9, 0, charAt(), -2.5
9, 30797, -4.5, 1.0, -2.5, 4.0, 8, 0, i.charAt(), -2.0
9, 30798, -4.5, 1.0, -2.5, 4.5, 8, 0, i.charAt(), -1.5
9, 30799, -4.5, 1.0, -2.5, 5.0, 8, 0, i.charAt(), -1.0
9, 30800, -4.5, 1.0, -2.0, 0.0, 9, 0, charAt(), -2.5
9, 30801, -4.5, 1.0, -2.0, 0.5, 9, 0, charAt(), -2.5
9, 30802, -4.5, 1.0, -2.0, 1.0, 9, 0, charAt(), -2.5
9, 30803, -4.5, 1.0, -2.0, 1.5, 9, 0, charAt(), -2.5
9, 30804, -4.5, 1.0, -2.0, 2.0, 9, 0, charAt(), -2.5
9, 30805, -4.5, 1.0, -2.0, 2.5, 9, 0, charAt(), -2.5
9, 30806, -4.5, 1.0, -2.0, 3.0, 9, 0, charAt(), -2.5
9, 30807, -4.5, 1.0, -2.0, 3.5, 9, 0, charAt(), -2.5
9, 30808, -4.5, 1.0, -2.0, 4.0, 8, 0, i.charAt(), -2.0
9, 30809, -4.5, 1.0, -2.0, 4.5, 8, 0, i.charAt(), -1.5
9, 30810, -4.5, 1.0, -2.0, 5.0, 8, 0, i.charAt(), -1.0
9, 30811, -4.5, 1.0, -1.5, 0.0, 9, 0, charAt(), -2.5
9, 30812, -4.5, 1.0, -1.5, 0.5, 9, 0, charAt(), -2.5
9, 30813, -4.5, 1.0, -1.5, 1.0, 9, 0, charAt(), -2.5
9, 30814, -4.5, 1.0, -1.5, 1.5, 9, 0, charAt(), -2.5
9, 30815, -4.5, 1.0, -1.5, 2.0, 9, 0, charAt(), -2.5
9, 30816, -4.5, 1.0, -1.5, 2.5, 9, 0, charAt(), -2.5
9, 30817, -4.5, 1.0, -1.5, 3.0, 9, 0, charAt(), -2.5
9, 30818, -4.5, 1.0, -1.5, 3.5, 9, 0, charAt(), -2.5
9, 30819, -4.5, 1.0, -1.5, 4.0, 8, 0, i.charAt(), -2.0
9, 30820, -4.5, 1.0, -1.5, 4.5, 8, 0, i.charAt(), -1.5
9, 30821, -4.5, 1.0, -1.5, 5.0, 8, 0, i.charAt(), -1.0
9, 30822, -4.5, 1.0, -1.0, 0.0, 9, 0, charAt(), -2.5
9, 30823, -4.5, 1.0, -1.0, 0.5, 9, 0, charAt(), -2.5
9, 30824, -4.5, 1.0, -1.0, 1.0, 9, 0, charAt(), -2.5
9, 30825, -4.5, 1.0, -1.0, 1.5, 9, 0, charAt(), -2.5
9, 30826, -4.5, 1.0, -1.0, 2.0, 9, 0, charAt(), -2.5
9, 30827, -4.5, 1.0, -1.0, 2.5, 9, 0, charAt(), -2.5
9, 30828, -4.5, 1.0, -1.0, 3.0, 9, 0, charAt(), -2.5
9, 30829, -4.5, 1.0, -1.0, 3.5, 9, 0, charAt(), -2.5
9, 30830, -4.5, 1.0, -1.0, 4.0, 8, 0, i.charAt(), -2.0
9, 30831, -4.5, 1.0, -1.0, 4.5, 8, 0, i.charAt(), -1.5
9, 30832, -4.5, 1.0, -1.0, 5.0, 8, 0, i.charAt(), -1.0
9, 30833, -4.5, 1.0, -0.5, 0.0, 9, 0, charAt(), -2.5
9, 30834, -4.5, 1.0, -0.5, 0.5, 9, 0, charAt(), -2.5
9, 30835, -4.5, 1.0, -0.5, 1.0, 9, 0, charAt(), -2.5
9, 30836, -4.5, 1.0, -0.5, 1.5, 9, 0, charAt(), -2.5
9, 30837, -4.5, 1.0, -0.5, 2.0, 9, 0, charAt(), -2.5
9, 30838, -4.5, 1.0, -0.5, 2.5, 9, 0, charAt(), -2.5
9, 30839, -4.5, 1.0, -0.5, 3.0, 9, 0, charAt(), -2.5
9, 30840, -4.5, 1.0, -0.5, 3.5, 9, 0, charAt(), -2.5
9, 30841, -4.5, 1.0, -0.5, 4.0, 8, 0, i.charAt(), -2.0
9, 30842, -4.5, 1.0, -0.5, 4.5, 8, 0, i.charAt(), -1.5
9, 30843, -4.5, 1.0, -0.5, 5.0, 8, 0, i.charAt(), -1.0
9, 30844, -4.5, 1.0, 0.0, 0.0, 9, 0, charAt(), -2.5
9, 30845, -4.5, 1.0, 0.0, 0.5, 9, 0, charAt(), -2.5
9, 30846, -4.5, 1.0, 0.0, 1.0, 9, 0, charAt(), -2.5
9, 30847, -4.5, 1.0, 0.0, 1.5, 9, 0, charAt(), -2.5
9, 30848, -4.5, 1.0, 0.0, 2.0, 9, 0, charAt(), -2.5
9, 30849, -4.5, 1.0, 0.0, 2.5, 9, 0, charAt(), -2.5
9, 30850, -4.5, 1.0, 0.0, 3.0, 9, 0, charAt(), -2.5
9, 30851, -4.5, 1.0, 0.0, 3.5, 9, 0, charAt(), -2.5
9, 30852, -4.5, 1.0, 0.0, 4.0, 8, 0, i.charAt(), -2.0
9, 30853, -4.5, 1.0, 0.0, 4.5, 8, 0, i.charAt(), -1.5
9, 30854, -4.5, 1.0, 0.0, 5.0, 8, 0, i.charAt(), -1.0
9, 30855, -4.0, 1.0, -5.0, 0.0, 9, 0, charAt(), -2.0
9, 30856, -4.0, 1.0, -5.0, 0.5, 9, 0, charAt(), -2.0
9, 30857, -4.0, 1.0, -5.0, 1.0, 9, 0, charAt(), -2.0
9, 30858, -4.0, 1.0, -5.0, 1.5, 9, 0, charAt(), -2.0
9, 30859, -4.0, 1.0, -5.0, 2.0, 9, 0, charAt(), -2.0
9, 30860, -4.0, 1.0, -5.0, 2.5, 9, 0, charAt(), -2.0
9, 30861, -4.0, 1.0, -5.0, 3.0, 9, 0, charAt(), -2.0
9, 30862, -4.0, 1.0, -5.0, 3.5, 8, 0, i.charAt(), -1.5
9, 30863, -4.0, 1.0, -5.0, 4.0, 8, 0, i.charAt(), -1.0
9, 30864, -4.0, 1.0, -5.0, 4.5, 8, 0, i.charAt(), -0.5
9, 30865, -4.0, 1.0, -5.0, 5.0, 8, 0, i.charAt(), 0.0
9, 30866, -4.0, 1.0, -4.5, 0.0, 9, 0, charAt(), -2.0
9, 30867, -4.0, 1.0, -4.5, 0.5, 9, 0, charAt(), -2.0
9, 30868, -4.0, 1.0, -4.5, 1.0, 9, 0, charAt(), -2.0
9, 30869, -4.0, 1.0, -4.5, 1.5, 9, 0, charAt(), -2.0
9, 30870, -4.0, 1.0, -4.5, 2.0, 9, 0, charAt(), -2.0
9, 30871, -4.0, 1.0, -4.5, 2.5, 9, 0, charAt(), -2.0
9, 30872, -4.0, 1.0, -4.5, 3.0, 9, 0, charAt(), -2.0
9, 30873, -4.0, 1.0, -4.5, 3.5, 8, 0, i.charAt(), -1.5
9, 30874, -4.0, 1.0, -4.5, 4.0, 8, 0, i.charAt(), -1.0
9, 30875, -4.0, 1.0, -4.5, 4.5, 8, 0, i.charAt(), -0.5
9, 30876, -4.0, 1.0, -4.5, 5.0, 8, 0, i.charAt(), 0.0
9, 30877, -4.0, 1.0, -4.0, 0.0, 9, 0, charAt(), -2.0
9, 30878, -4.0, 1.0, -4.0, 0.5, 9, 0, charAt(), -2.0
9, 30879, -4.0, 1.0, -4.0, 1.0, 9, 0, charAt(), -2.0
9, 30880, -4.0, 1.0, -4.0, 1.5, 9, 0, charAt(), -2.0
9, 30881, -4.0, 1.0, -4.0, 2.0, 9, 0, charAt(), -2.0
9, 30882, -4.0, 1.0, -4.0, 2.5, 9, 0, charAt(), -2.0
9, 30883, -4.0, 1.0, -4.0, 3.0, 9, 0, charAt(), -2.0
9, 30884, -4.0, 1.0, -4.0, 3.5, 8, 0, i.charAt(), -1.5
9, 30885, -4.0, 1.0, -4.0, 4.0, 8, 0, i.charAt(), -1.0
9, 30886, -4.0, 1.0, -4.0, 4.5, 8, 0, i.charAt(), -0.5
9, 30887, -4.0, 1.0, -4.0, 5.0, 8, 0, i.charAt(), 0.0
9, 30888, -4.0, 1.0, -3.5, 0.0, 9, 0, charAt(), -2.0
9, 30889, -4.0, 1.0, -3.5, 0.5, 9, 0, charAt(), -2.0
9, 30890, -4.0, 1.0, -3.5, 1.0, 9, 0, charAt(), -2.0
9, 30891, -4.0, 1.0, -3.5, 1.5, 9, 0, charAt(), -2.0
9, 30892, -4.0, 1.0, -3.5, 2.0, 9, 0, charAt(), -2.0
9, 30893, -4.0, 1.0, -3.5, 2.5, 9, 0, charAt(), -2.0
9, 30894, -4.0, 1.0, -3.5, 3.0, 9, 0, charAt(), -2.0
9, 30895, -4.0, 1.0, -3.5, 3.5, 8, 0, i.charAt(), -1.5
9, 30896, -4.0, 1.0, -3.5, 4.0, 8, 0, i.charAt(), -1.0
9, 30897, -4.0, 1.0, -3.5, 4.5, 8, 0, i.charAt(), -0.5
9, 30898, -4.0, 1.0, -3.5, 5.0, 8, 0, i.charAt(), 0.0
9, 30899, -4.0, 1.0, -3.0, 0.0, 9, 0, charAt(), -2.0
9, 30900, -4.0, 1.0, -3.0, 0.5, 9, 0, charAt(), -2.0
9, 30901, -4.0, 1.0, -3.0, 1.0, 9, 0, charAt(), -2.0
9, 30902, -4.0, 1.0, -3.0, 1.5, 9, 0, charAt(), -2.0
9, 30903, -4.0, 1.0, -3.0, 2.0, 9, 0, charAt(), -2.0
9, 30904, -4.0, 1.0, -3.0, 2.5, 9, 0, charAt(), -2.0
9, 30905, -4.0, 1.0, -3.0, 3.0, 9, 0, charAt(), -2.0
9, 30906, -4.0, 1.0, -3.0, 3.5, 8, 0, i.charAt(), -1.5
9, 30907, -4.0, 1.0, -3.0, 4.0, 8, 0, i.charAt(), -1.0
9, 30908, -4.0, 1.0, -3.0, 4.5, 8, 0, i.charAt(), -0.5
9, 30909, -4.0, 1.0, -3.0, 5.0, 8, 0, i.charAt(), 0.0
9, 30910, -4.0, 1.0, -2.5, 0.0, 9, 0, charAt(), -2.0
9, 30911, -4.0, 1.0, -2.5, 0.5, 9, 0, charAt(), -2.0
9, 30912, -4.0, 1.0, -2.5, 1.0, 9, 0, charAt(), -2.0
9, 30913, -4.0, 1.0, -2.5, 1.5, 9, 0, charAt(), -2.0
9, 30914, -4.0, 1.0, -2.5, 2.0, 9, 0, charAt(), -2.0
9, 30915, -4.0, 1.0, -2.5, 2.5, 9, 0, charAt(), -2.0
9, 30916, -4.0, 1.0, -2.5, 3.0, 9, 0, charAt(), -2.0
9, 30917, -4.0, 1.0, -2.5, 3.5, 8, 0, i.charAt(), -1.5
9, 30918, -4.0, 1.0, -2.5, 4.0, 8, 0, i.charAt(), -1.0
9, 30919, -4.0, 1.0, -2.5, 4.5, 8, 0, i.charAt(), -0.5
9, 30920, -4.0, 1.0, -2.5, 5.0, 8, 0, i.charAt(), 0.0
9, 30921, -4.0, 1.0, -2.0, 0.0, 9, 0, charAt(), -2.0
9, 30922, -4.0, 1.0, -2.0, 0.5, 9, 0, charAt(), -2.0
9, 30923, -4.0, 1.0, -2.0, 1.0, 9, 0, charAt(), -2.0
9, 30924, -4.0, 1.0, -2.0, 1.5, 9, 0, charAt(), -2.0
9, 30925, -4.0, 1.0, -2.0, 2.0, 9, 0, charAt(), -2.0
9, 30926, -4.0, 1.0, -2.0, 2.5, 9, 0, charAt(), -2.0
9, 30927, -4.0, 1.0, -2.0, 3.0, 9, 0, charAt(), -2.0
9, 30928, -4.0, 1.0, -2.0, 3.5, 8, 0, i.charAt(), -1.5
9, 30929, -4.0, 1.0, -2.0, 4.0, 8, 0, i.charAt(), -1.0
9, 30930, -4.0, 1.0, -2.0, 4.5, 8, 0, i.charAt(), -0.5
9, 30931, -4.0, 1.0, -2.0, 5.0, 8, 0, i.charAt(), 0.0
9, 30932, -4.0, 1.0, -1.5, 0.0, 9, 0, charAt(), -2.0
9, 30933, -4.0, 1.0, -1.5, 0.5, 9, 0, charAt(), -2.0
9, 30934, -4.0, 1.0, -1.5, 1.0, 9, 0, charAt(), -2.0
9, 30935, -4.0, 1.0, -1.5, 1.5, 9, 0, charAt(), -2.0
9, 30936, -4.0, 1.0, -1.5, 2.0, 9, 0, charAt(), -2.0
9, 30937, -4.0, 1.0, -1.5, 2.5, 9, 0, charAt(), -2.0
9, 30938, -4.0, 1.0, -1.5, 3.0, 9, 0, charAt(), -2.0
9, 30939, -4.0, 1.0, -1.5, 3.5, 8, 0, i.charAt(), -1.5
9, 30940, -4.0, 1.0, -1.5, 4.0, 8, 0, i.charAt(), -1.0
9, 30941, -4.0, 1.0, -1.5, 4.5, 8, 0, i.charAt(), -0.5
9, 30942, -4.0, 1.0, -1.5, 5.0, 8, 0, i.charAt(), 0.0
9, 30943, -4.0, 1.0, -1.0, 0.0, 9, 0, charAt(), -2.0
9, 30944, -4.0, 1.0, -1.0, 0.5, 9, 0, charAt(), -2.0
9, 30945, -4.0, 1.0, -1.0, 1.0, 9, 0, charAt(), -2.0
9, 30946, -4.0, 1.0, -1.0, 1.5, 9, 0, charAt(), -2.0
9, 30947, -4.0, 1.0, -1.0, 2.0, 9, 0, charAt(), -2.0
9, 30948, -4.0, 1.0, -1.0, 2.5, 9, 0, charAt(), -2.0
9, 30949, -4.0, 1.0, -1.0, 3.0, 9, 0, charAt(), -2.0
9, 30950, -4.0, 1.0, -1.0, 3.5, 8, 0, i.charAt(), -1.5
9, 30951, -4.0, 1.0, -1.0, 4.0, 8, 0, i.charAt(), -1.0
9, 30952, -4.0, 1.0, -1.0, 4.5, 8, 0, i.charAt(), -0.5
9, 30953, -4.0, 1.0, -1.0, 5.0, 8, 0, i.charAt(), 0.0
9, 30954, -4.0, 1.0, -0.5, 0.0, 9, 0, charAt(), -2.0
9, 30955, -4.0, 1.0, -0.5, 0.5, 9, 0, charAt(), -2.0
9, 30956, -4.0, 1.0, -0.5, 1.0, 9, 0, charAt(), -2.0
9, 30957, -4.0, 1.0, -0.5, 1.5, 9, 0, charAt(), -2.0
9, 30958, -4.0, 1.0, -0.5, 2.0, 9, 0, charAt(), -2.0
9, 30959, -4.0, 1.0, -0.5, 2.5, 9, 0, charAt(), -2.0
9, 30960, -4.0, 1.0, -0.5, 3.0, 9, 0, charAt(), -2.0
9, 30961, -4.0, 1.0, -0.5, 3.5, 8, 0, i.charAt(), -1.5
9, 30962, -4.0, 1.0, -0.5, 4.0, 8, 0, i.charAt(), -1.0
9, 30963, -4.0, 1.0, -0.5, 4.5, 8, 0, i.charAt(), -0.5
9, 30964, -4.0, 1.0, -0.5, 5.0, 8, 0, i.charAt(), 0.0
9, 30965, -4.0, 1.0, 0.0, 0.0, 9, 0, charAt(), -2.0
9, 30966, -4.0, 1.0, 0.0, 0.5, 9, 0, charAt(), -2.0
9, 30967, -4.0, 1.0, 0.0, 1.0, 9, 0, charAt(), -2.0
9, 30968, -4.0, 1.0, 0.0, 1.5, 9, 0, charAt(), -2.0
9, 30969, -4.0, 1.0, 0.0, 2.0, 9, 0, charAt(), -2.0
9, 30970, -4.0, 1.0, 0.0, 2.5, 9, 0, charAt(), -2.0
9, 30971, -4.0, 1.0, 0.0, 3.0, 9, 0, charAt(), -2.0
9, 30972, -4.0, 1.0, 0.0, 3.5, 8, 0, i.charAt(), -1.5
9, 30973, -4.0, 1.0, 0.0, 4.0, 8, 0, i.charAt(), -1.0
9, 30974, -4.0, 1.0, 0.0, 4.5, 8, 0, i.charAt(), -0.5
9, 30975, -4.0, 1.0, 0.0, 5.0, 8, 0, i.charAt(), 0.0
9, 30976, -3.5, 1.0, -5.0, 0.0, 9, 0, charAt(), -1.5
9, 30977, -3.5, 1.0, -5.0, 0.5, 9, 0, charAt(), -1.5
9, 30978, -3.5, 1.0, -5.0, 1.0, 9, 0, charAt(), -1.5
9, 30979, -3.5, 1.0, -5.0, 1.5, 9, 0, charAt(), -1.5
9, 30980, -3.5, 1.0, -5.0, 2.0, 9, 0, charAt(), -1.5
9, 30981, -3.5, 1.0, -5.0, 2.5, 9, 0, charAt(), -1.5
9, 30982, -3.5, 1.0, -5.0, 3.0, 8, 0, i.charAt(), -1.0
9, 30983, -3.5, 1.0, -5.0, 3.5, 8, 0, i.charAt(), -0.5
9, 30984, -3.5, 1.0, -5.0, 4.0, 8, 0, i.charAt(), 0.0
9, 30985, -3.5, 1.0, -5.0, 4.5, 0, 0, message.charAt(i), 2.5
9, 30986, -3.5, 1.0, -5.0, 5.0, 0, 0, message.charAt(i), 3.5
9, 30987, -3.5, 1.0, -4.5, 0.0, 9, 0, charAt(), -1.5
9, 30988, -3.5, 1.0, -4.5, 0.5, 9, 0, charAt(), -1.5
9, 30989, -3.5, 1.0, -4.5, 1.0, 9, 0, charAt(), -1.5
9, 30990, -3.5, 1.0, -4.5, 1.5, 9, 0, charAt(), -1.5
9, 30991, -3.5, 1.0, -4.5, 2.0, 9, 0, charAt(), -1.5
9, 30992, -3.5, 1.0, -4.5, 2.5, 9, 0, charAt(), -1.5
9, 30993, -3.5, 1.0, -4.5, 3.0, 8, 0, i.charAt(), -1.0
9, 30994, -3.5, 1.0, -4.5, 3.5, 8, 0, i.charAt(), -0.5
9, 30995, -3.5, 1.0, -4.5, 4.0, 8, 0, i.charAt(), 0.0
9, 30996, -3.5, 1.0, -4.5, 4.5, 0, 0, message.charAt(i), 2.5
9, 30997, -3.5, 1.0, -4.5, 5.0, 0, 0, message.charAt(i), 3.5
9, 30998, -3.5, 1.0, -4.0, 0.0, 9, 0, charAt(), -1.5
9, 30999, -3.5, 1.0, -4.0, 0.5, 9, 0, charAt(), -1.5
9, 31000, -3.5, 1.0, -4.0, 1.0, 9, 0, charAt(), -1.5
9, 31001, -3.5, 1.0, -4.0, 1.5, 9, 0, charAt(), -1.5
9, 31002, -3.5, 1.0, -4.0, 2.0, 9, 0, charAt(), -1.5
9, 31003, -3.5, 1.0, -4.0, 2.5, 9, 0, charAt(), -1.5
9, 31004, -3.5, 1.0, -4.0, 3.0, 8, 0, i.charAt(), -1.0
9, 31005, -3.5, 1.0, -4.0, 3.5, 8, 0, i.charAt(), -0.5
9, 31006, -3.5, 1.0, -4.0, 4.0, 8, 0, i.charAt(), 0.0
9, 31007, -3.5, 1.0, -4.0, 4.5, 0, 0, message.charAt(i), 2.5
9, 31008, -3.5, 1.0, -4.0, 5.0, 0, 0, message.charAt(i), 3.5
9, 31009, -3.5, 1.0, -3.5, 0.0, 9, 0, charAt(), -1.5
9, 31010, -3.5, 1.0, -3.5, 0.5, 9, 0, charAt(), -1.5
9, 31011, -3.5, 1.0, -3.5, 1.0, 9, 0, charAt(), -1.5
9, 31012, -3.5, 1.0, -3.5, 1.5, 9, 0, charAt(), -1.5
9, 31013, -3.5, 1.0, -3.5, 2.0, 9, 0, charAt(), -1.5
9, 31014, -3.5, 1.0, -3.5, 2.5, 9, 0, charAt(), -1.5
9, 31015, -3.5, 1.0, -3.5, 3.0, 8, 0, i.charAt(), -1.0
9, 31016, -3.5, 1.0, -3.5, 3.5, 8, 0, i.charAt(), -0.5
9, 31017, -3.5, 1.0, -3.5, 4.0, 8, 0, i.charAt(), 0.0
9, 31018, -3.5, 1.0, -3.5, 4.5, 0, 0, message.charAt(i), 2.5
9, 31019, -3.5, 1.0, -3.5, 5.0, 0, 0, message.charAt(i), 3.5
9, 31020, -3.5, 1.0, -3.0, 0.0, 9, 0, charAt(), -1.5
9, 31021, -3.5, 1.0, -3.0, 0.5, 9, 0, charAt(), -1.5
9, 31022, -3.5, 1.0, -3.0, 1.0, 9, 0, charAt(), -1.5
9, 31023, -3.5, 1.0, -3.0, 1.5, 9, 0, charAt(), -1.5
9, 31024, -3.5, 1.0, -3.0, 2.0, 9, 0, charAt(), -1.5
9, 31025, -3.5, 1.0, -3.0, 2.5, 9, 0, charAt(), -1.5
9, 31026, -3.5, 1.0, -3.0, 3.0, 8, 0, i.charAt(), -1.0
9, 31027, -3.5, 1.0, -3.0, 3.5, 8, 0, i.charAt(), -0.5
9, 31028, -3.5, 1.0, -3.0, 4.0, 8, 0, i.charAt(), 0.0
9, 31029, -3.5, 1.0, -3.0, 4.5, 0, 0, message.charAt(i), 2.5
9, 31030, -3.5, 1.0, -3.0, 5.0, 0, 0, message.charAt(i), 3.5
9, 31031, -3.5, 1.0, -2.5, 0.0, 9, 0, charAt(), -1.5
9, 31032, -3.5, 1.0, -2.5, 0.5, 9, 0, charAt(), -1.5
9, 31033, -3.5, 1.0, -2.5, 1.0, 9, 0, charAt(), -1.5
9, 31034, -3.5, 1.0, -2.5, 1.5, 9, 0, charAt(), -1.5
9, 31035, -3.5, 1.0, -2.5, 2.0, 9, 0, charAt(), -1.5
9, 31036, -3.5, 1.0, -2.5, 2.5, 9, 0, charAt(), -1.5
9, 31037, -3.5, 1.0, -2.5, 3.0, 8, 0, i.charAt(), -1.0
9, 31038, -3.5, 1.0, -2.5, 3.5, 8, 0, i.charAt(), -0.5
9, 31039, -3.5, 1.0, -2.5, 4.0, 8, 0, i.charAt(), 0.0
9, 31040, -3.5, 1.0, -2.5, 4.5, 0, 0, message.charAt(i), 2.5
9, 31041, -3.5, 1.0, -2.5, 5.0, 0, 0, message.charAt(i), 3.5
9, 31042, -3.5, 1.0, -2.0, 0.0, 9, 0, charAt(), -1.5
9, 31043, -3.5, 1.0, -2.0, 0.5, 9, 0, charAt(), -1.5
9, 31044, -3.5, 1.0, -2.0, 1.0, 9, 0, charAt(), -1.5
9, 31045, -3.5, 1.0, -2.0, 1.5, 9, 0, charAt(), -1.5
9, 31046, -3.5, 1.0, -2.0, 2.0, 9, 0, charAt(), -1.5
9, 31047, -3.5, 1.0, -2.0, 2.5, 9, 0, charAt(), -1.5
9, 31048, -3.5, 1.0, -2.0, 3.0, 8, 0, i.charAt(), -1.0
9, 31049, -3.5, 1.0, -2.0, 3.5, 8, 0, i.charAt(), -0.5
9, 31050, -3.5, 1.0, -2.0, 4.0, 8, 0, i.charAt(), 0.0
9, 31051, -3.5, 1.0, -2.0, 4.5, 0, 0, message.charAt(i), 2.5
9, 31052, -3.5, 1.0, -2.0, 5.0, 0, 0, message.charAt(i), 3.5
9, 31053, -3.5, 1.0, -1.5, 0.0, 9, 0, charAt(), -1.5
9, 31054, -3.5, 1.0, -1.5, 0.5, 9, 0, charAt(), -1.5
9, 31055, -3.5, 1.0, -1.5, 1.0, 9, 0, charAt(), -1.5
9, 31056, -3.5, 1.0, -1.5, 1.5, 9, 0, charAt(), -1.5
9, 31057, -3.5, 1.0, -1.5, 2.0, 9, 0, charAt(), -1.5
9, 31058, -3.5, 1.0, -1.5, 2.5, 9, 0, charAt(), -1.5
9, 31059, -3.5, 1.0, -1.5, 3.0, 8, 0, i.charAt(), -1.0
9, 31060, -3.5, 1.0, -1.5, 3.5, 8, 0, i.charAt(), -0.5
9, 31061, -3.5, 1.0, -1.5, 4.0, 8, 0, i.charAt(), 0.0
9, 31062, -3.5, 1.0, -1.5, 4.5, 0, 0, message.charAt(i), 2.5
9, 31063, -3.5, 1.0, -1.5, 5.0, 0, 0, message.charAt(i), 3.5
9, 31064, -3.5, 1.0, -1.0, 0.0, 9, 0, charAt(), -1.5
9, 31065, -3.5, 1.0, -1.0, 0.5, 9, 0, charAt(), -1.5
9, 31066, -3.5, 1.0, -1.0, 1.0, 9, 0, charAt(), -1.5
9, 31067, -3.5, 1.0, -1.0, 1.5, 9, 0, charAt(), -1.5
9, 31068, -3.5, 1.0, -1.0, 2.0, 9, 0, charAt(), -1.5
9, 31069, -3.5, 1.0, -1.0, 2.5, 9, 0, charAt(), -1.5
9, 31070, -3.5, 1.0, -1.0, 3.0, 8, 0, i.charAt(), -1.0
9, 31071, -3.5, 1.0, -1.0, 3.5, 8, 0, i.charAt(), -0.5
9, 31072, -3.5, 1.0, -1.0, 4.0, 8, 0, i.charAt(), 0.0
9, 31073, -3.5, 1.0, -1.0, 4.5, 0, 0, message.charAt(i), 2.5
9, 31074, -3.5, 1.0, -1.0, 5.0, 0, 0, message.charAt(i), 3.5
9, 31075, -3.5, 1.0, -0.5, 0.0, 9, 0, charAt(), -1.5
9, 31076, -3.5, 1.0, -0.5, 0.5, 9, 0, charAt(), -1.5
9, 31077, -3.5, 1.0, -0.5, 1.0, 9, 0, charAt(), -1.5
9, 31078, -3.5, 1.0, -0.5, 1.5, 9, 0, charAt(), -1.5
9, 31079, -3.5, 1.0, -0.5, 2.0, 9, 0, charAt(), -1.5
9, 31080, -3.5, 1.0, -0.5, 2.5, 9, 0, charAt(), -1.5
9, 31081, -3.5, 1.0, -0.5, 3.0, 8, 0, i.charAt(), -1.0
9, 31082, -3.5, 1.0, -0.5, 3.5, 8, 0, i.charAt(), -0.5
9, 31083, -3.5, 1.0, -0.5, 4.0, 8, 0, i.charAt(), 0.0
9, 31084, -3.5, 1.0, -0.5, 4.5, 0, 0, message.charAt(i), 2.5
9, 31085, -3.5, 1.0, -0.5, 5.0, 16, 0, i.insert(message, i, i).charAt(i), 4.0
9, 31086, -3.5, 1.0, 0.0, 0.0, 9, 0, charAt(), -1.5
9, 31087, -3.5, 1.0, 0.0, 0.5, 9, 0, charAt(), -1.5
9, 31088, -3.5, 1.0, 0.0, 1.0, 9, 0, charAt(), -1.5
9, 31089, -3.5, 1.0, 0.0, 1.5, 9, 0, charAt(), -1.5
9, 31090, -3.5, 1.0, 0.0, 2.0, 9, 0, charAt(), -1.5
9, 31091, -3.5, 1.0, 0.0, 2.5, 9, 0, charAt(), -1.5
9, 31092, -3.5, 1.0, 0.0, 3.0, 8, 0, i.charAt(), -1.0
9, 31093, -3.5, 1.0, 0.0, 3.5, 8, 0, i.charAt(), -0.5
9, 31094, -3.5, 1.0, 0.0, 4.0, 8, 0, i.charAt(), 0.0
9, 31095, -3.5, 1.0, 0.0, 4.5, 0, 0, message.charAt(i), 2.5
9, 31096, -3.5, 1.0, 0.0, 5.0, 55, 0, i.insert(message, i, i).charAt(Character.offsetByCodePoints(i, i, i, i)), 5.5
9, 31097, -3.0, 1.0, -5.0, 0.0, 9, 0, charAt(), -1.0
9, 31098, -3.0, 1.0, -5.0, 0.5, 9, 0, charAt(), -1.0
9, 31099, -3.0, 1.0, -5.0, 1.0, 9, 0, charAt(), -1.0
9, 31100, -3.0, 1.0, -5.0, 1.5, 9, 0, charAt(), -1.0
9, 31101, -3.0, 1.0, -5.0, 2.0, 9, 0, charAt(), -1.0
9, 31102, -3.0, 1.0, -5.0, 2.5, 8, 0, i.charAt(), -0.5
9, 31103, -3.0, 1.0, -5.0, 3.0, 8, 0, i.charAt(), 0.0
9, 31104, -3.0, 1.0, -5.0, 3.5, 0, 0, message.charAt(i), 2.0
9, 31105, -3.0, 1.0, -5.0, 4.0, 0, 0, message.charAt(i), 3.0
9, 31106, -3.0, 1.0, -5.0, 4.5, 0, 0, message.charAt(i), 4.0
9, 31107, -3.0, 1.0, -5.0, 5.0, 0, 0, message.charAt(i), 5.0
9, 31108, -3.0, 1.0, -4.5, 0.0, 9, 0, charAt(), -1.0
9, 31109, -3.0, 1.0, -4.5, 0.5, 9, 0, charAt(), -1.0
9, 31110, -3.0, 1.0, -4.5, 1.0, 9, 0, charAt(), -1.0
9, 31111, -3.0, 1.0, -4.5, 1.5, 9, 0, charAt(), -1.0
9, 31112, -3.0, 1.0, -4.5, 2.0, 9, 0, charAt(), -1.0
9, 31113, -3.0, 1.0, -4.5, 2.5, 8, 0, i.charAt(), -0.5
9, 31114, -3.0, 1.0, -4.5, 3.0, 8, 0, i.charAt(), 0.0
9, 31115, -3.0, 1.0, -4.5, 3.5, 0, 0, message.charAt(i), 2.0
9, 31116, -3.0, 1.0, -4.5, 4.0, 0, 0, message.charAt(i), 3.0
9, 31117, -3.0, 1.0, -4.5, 4.5, 0, 0, message.charAt(i), 4.0
9, 31118, -3.0, 1.0, -4.5, 5.0, 0, 0, message.charAt(i), 5.0
9, 31119, -3.0, 1.0, -4.0, 0.0, 9, 0, charAt(), -1.0
9, 31120, -3.0, 1.0, -4.0, 0.5, 9, 0, charAt(), -1.0
9, 31121, -3.0, 1.0, -4.0, 1.0, 9, 0, charAt(), -1.0
9, 31122, -3.0, 1.0, -4.0, 1.5, 9, 0, charAt(), -1.0
9, 31123, -3.0, 1.0, -4.0, 2.0, 9, 0, charAt(), -1.0
9, 31124, -3.0, 1.0, -4.0, 2.5, 8, 0, i.charAt(), -0.5
9, 31125, -3.0, 1.0, -4.0, 3.0, 8, 0, i.charAt(), 0.0
9, 31126, -3.0, 1.0, -4.0, 3.5, 0, 0, message.charAt(i), 2.0
9, 31127, -3.0, 1.0, -4.0, 4.0, 0, 0, message.charAt(i), 3.0
9, 31128, -3.0, 1.0, -4.0, 4.5, 0, 0, message.charAt(i), 4.0
9, 31129, -3.0, 1.0, -4.0, 5.0, 0, 0, message.charAt(i), 5.0
9, 31130, -3.0, 1.0, -3.5, 0.0, 9, 0, charAt(), -1.0
9, 31131, -3.0, 1.0, -3.5, 0.5, 9, 0, charAt(), -1.0
9, 31132, -3.0, 1.0, -3.5, 1.0, 9, 0, charAt(), -1.0
9, 31133, -3.0, 1.0, -3.5, 1.5, 9, 0, charAt(), -1.0
9, 31134, -3.0, 1.0, -3.5, 2.0, 9, 0, charAt(), -1.0
9, 31135, -3.0, 1.0, -3.5, 2.5, 8, 0, i.charAt(), -0.5
9, 31136, -3.0, 1.0, -3.5, 3.0, 8, 0, i.charAt(), 0.0
9, 31137, -3.0, 1.0, -3.5, 3.5, 0, 0, message.charAt(i), 2.0
9, 31138, -3.0, 1.0, -3.5, 4.0, 0, 0, message.charAt(i), 3.0
9, 31139, -3.0, 1.0, -3.5, 4.5, 0, 0, message.charAt(i), 4.0
9, 31140, -3.0, 1.0, -3.5, 5.0, 0, 0, message.charAt(i), 5.0
9, 31141, -3.0, 1.0, -3.0, 0.0, 9, 0, charAt(), -1.0
9, 31142, -3.0, 1.0, -3.0, 0.5, 9, 0, charAt(), -1.0
9, 31143, -3.0, 1.0, -3.0, 1.0, 9, 0, charAt(), -1.0
9, 31144, -3.0, 1.0, -3.0, 1.5, 9, 0, charAt(), -1.0
9, 31145, -3.0, 1.0, -3.0, 2.0, 9, 0, charAt(), -1.0
9, 31146, -3.0, 1.0, -3.0, 2.5, 8, 0, i.charAt(), -0.5
9, 31147, -3.0, 1.0, -3.0, 3.0, 8, 0, i.charAt(), 0.0
9, 31148, -3.0, 1.0, -3.0, 3.5, 0, 0, message.charAt(i), 2.0
9, 31149, -3.0, 1.0, -3.0, 4.0, 0, 0, message.charAt(i), 3.0
9, 31150, -3.0, 1.0, -3.0, 4.5, 0, 0, message.charAt(i), 4.0
9, 31151, -3.0, 1.0, -3.0, 5.0, 0, 0, message.charAt(i), 5.0
9, 31152, -3.0, 1.0, -2.5, 0.0, 9, 0, charAt(), -1.0
9, 31153, -3.0, 1.0, -2.5, 0.5, 9, 0, charAt(), -1.0
9, 31154, -3.0, 1.0, -2.5, 1.0, 9, 0, charAt(), -1.0
9, 31155, -3.0, 1.0, -2.5, 1.5, 9, 0, charAt(), -1.0
9, 31156, -3.0, 1.0, -2.5, 2.0, 9, 0, charAt(), -1.0
9, 31157, -3.0, 1.0, -2.5, 2.5, 8, 0, i.charAt(), -0.5
9, 31158, -3.0, 1.0, -2.5, 3.0, 8, 0, i.charAt(), 0.0
9, 31159, -3.0, 1.0, -2.5, 3.5, 0, 0, message.charAt(i), 2.0
9, 31160, -3.0, 1.0, -2.5, 4.0, 0, 0, message.charAt(i), 3.0
9, 31161, -3.0, 1.0, -2.5, 4.5, 0, 0, message.charAt(i), 4.0
9, 31162, -3.0, 1.0, -2.5, 5.0, 16, 0, i.insert(message, i, i).charAt(i), 5.5
9, 31163, -3.0, 1.0, -2.0, 0.0, 9, 0, charAt(), -1.0
9, 31164, -3.0, 1.0, -2.0, 0.5, 9, 0, charAt(), -1.0
9, 31165, -3.0, 1.0, -2.0, 1.0, 9, 0, charAt(), -1.0
9, 31166, -3.0, 1.0, -2.0, 1.5, 9, 0, charAt(), -1.0
9, 31167, -3.0, 1.0, -2.0, 2.0, 9, 0, charAt(), -1.0
9, 31168, -3.0, 1.0, -2.0, 2.5, 8, 0, i.charAt(), -0.5
9, 31169, -3.0, 1.0, -2.0, 3.0, 8, 0, i.charAt(), 0.0
9, 31170, -3.0, 1.0, -2.0, 3.5, 0, 0, message.charAt(i), 2.0
9, 31171, -3.0, 1.0, -2.0, 4.0, 0, 0, message.charAt(i), 3.0
9, 31172, -3.0, 1.0, -2.0, 4.5, 0, 0, message.charAt(i), 4.0
9, 31173, -3.0, 1.0, -2.0, 5.0, 16, 0, i.insert(message, i, i).charAt(i), 6.0
9, 31174, -3.0, 1.0, -1.5, 0.0, 9, 0, charAt(), -1.0
9, 31175, -3.0, 1.0, -1.5, 0.5, 9, 0, charAt(), -1.0
9, 31176, -3.0, 1.0, -1.5, 1.0, 9, 0, charAt(), -1.0
9, 31177, -3.0, 1.0, -1.5, 1.5, 9, 0, charAt(), -1.0
9, 31178, -3.0, 1.0, -1.5, 2.0, 9, 0, charAt(), -1.0
9, 31179, -3.0, 1.0, -1.5, 2.5, 8, 0, i.charAt(), -0.5
9, 31180, -3.0, 1.0, -1.5, 3.0, 8, 0, i.charAt(), 0.0
9, 31181, -3.0, 1.0, -1.5, 3.5, 0, 0, message.charAt(i), 2.0
9, 31182, -3.0, 1.0, -1.5, 4.0, 0, 0, message.charAt(i), 3.0
9, 31183, -3.0, 1.0, -1.5, 4.5, 0, 0, message.charAt(i), 4.0
9, 31184, -3.0, 1.0, -1.5, 5.0, 16, 0, i.insert(message, i, i).charAt(i), 6.5
9, 31185, -3.0, 1.0, -1.0, 0.0, 9, 0, charAt(), -1.0
9, 31186, -3.0, 1.0, -1.0, 0.5, 9, 0, charAt(), -1.0
9, 31187, -3.0, 1.0, -1.0, 1.0, 9, 0, charAt(), -1.0
9, 31188, -3.0, 1.0, -1.0, 1.5, 9, 0, charAt(), -1.0
9, 31189, -3.0, 1.0, -1.0, 2.0, 9, 0, charAt(), -1.0
9, 31190, -3.0, 1.0, -1.0, 2.5, 8, 0, i.charAt(), -0.5
9, 31191, -3.0, 1.0, -1.0, 3.0, 8, 0, i.charAt(), 0.0
9, 31192, -3.0, 1.0, -1.0, 3.5, 0, 0, message.charAt(i), 2.0
9, 31193, -3.0, 1.0, -1.0, 4.0, 0, 0, message.charAt(i), 3.0
9, 31194, -3.0, 1.0, -1.0, 4.5, 16, 0, i.insert(message, i, i).charAt(i), 4.5
9, 31195, -3.0, 1.0, -1.0, 5.0, 16, 0, i.insert(message, i, i).charAt(i), 7.0
9, 31196, -3.0, 1.0, -0.5, 0.0, 9, 0, charAt(), -1.0
9, 31197, -3.0, 1.0, -0.5, 0.5, 9, 0, charAt(), -1.0
9, 31198, -3.0, 1.0, -0.5, 1.0, 9, 0, charAt(), -1.0
9, 31199, -3.0, 1.0, -0.5, 1.5, 9, 0, charAt(), -1.0
9, 31200, -3.0, 1.0, -0.5, 2.0, 9, 0, charAt(), -1.0
9, 31201, -3.0, 1.0, -0.5, 2.5, 8, 0, i.charAt(), -0.5
9, 31202, -3.0, 1.0, -0.5, 3.0, 8, 0, i.charAt(), 0.0
9, 31203, -3.0, 1.0, -0.5, 3.5, 0, 0, message.charAt(i), 2.0
9, 31204, -3.0, 1.0, -0.5, 4.0, 0, 0, message.charAt(i), 3.0
9, 31205, -3.0, 1.0, -0.5, 4.5, 16, 0, i.insert(message, i, i).charAt(i), 5.0
9, 31206, -3.0, 1.0, -0.5, 5.0, 55, 0, i.insert(message, i, i).charAt(Character.offsetByCodePoints(i, i, i, i)), 8.0
9, 31207, -3.0, 1.0, 0.0, 0.0, 9, 0, charAt(), -1.0
9, 31208, -3.0, 1.0, 0.0, 0.5, 9, 0, charAt(), -1.0
9, 31209, -3.0, 1.0, 0.0, 1.0, 9, 0, charAt(), -1.0
9, 31210, -3.0, 1.0, 0.0, 1.5, 9, 0, charAt(), -1.0
9, 31211, -3.0, 1.0, 0.0, 2.0, 9, 0, charAt(), -1.0
9, 31212, -3.0, 1.0, 0.0, 2.5, 8, 0, i.charAt(), -0.5
9, 31213, -3.0, 1.0, 0.0, 3.0, 8, 0, i.charAt(), 0.0
9, 31214, -3.0, 1.0, 0.0, 3.5, 0, 0, message.charAt(i), 2.0
9, 31215, -3.0, 1.0, 0.0, 4.0, 0, 0, message.charAt(i), 3.0
9, 31216, -3.0, 1.0, 0.0, 4.5, 104, 0, Character.forDigit(message.charAt(i), Character.offsetByCodePoints(i, i, i, i), Character.offsetByCodePoints(i, i, i, i)), 7.0
9, 31217, -3.0, 1.0, 0.0, 5.0, 104, 0, Character.forDigit(message.charAt(i), Character.offsetByCodePoints(i, i, i, i), Character.offsetByCodePoints(i, i, i, i)), 12.0
9, 31218, -2.5, 1.0, -5.0, 0.0, 9, 0, charAt(), -0.5
9, 31219, -2.5, 1.0, -5.0, 0.5, 9, 0, charAt(), -0.5
9, 31220, -2.5, 1.0, -5.0, 1.0, 9, 0, charAt(), -0.5
9, 31221, -2.5, 1.0, -5.0, 1.5, 9, 0, charAt(), -0.5
9, 31222, -2.5, 1.0, -5.0, 2.0, 8, 0, i.charAt(), 0.0
9, 31223, -2.5, 1.0, -5.0, 2.5, 0, 0, message.charAt(i), 1.5
9, 31224, -2.5, 1.0, -5.0, 3.0, 0, 0, message.charAt(i), 2.5
9, 31225, -2.5, 1.0, -5.0, 3.5, 0, 0, message.charAt(i), 3.5
9, 31226, -2.5, 1.0, -5.0, 4.0, 0, 0, message.charAt(i), 4.5
9, 31227, -2.5, 1.0, -5.0, 4.5, 0, 0, message.charAt(i), 5.5
9, 31228, -2.5, 1.0, -5.0, 5.0, 0, 0, message.charAt(i), 6.5
9, 31229, -2.5, 1.0, -4.5, 0.0, 9, 0, charAt(), -0.5
9, 31230, -2.5, 1.0, -4.5, 0.5, 9, 0, charAt(), -0.5
9, 31231, -2.5, 1.0, -4.5, 1.0, 9, 0, charAt(), -0.5
9, 31232, -2.5, 1.0, -4.5, 1.5, 9, 0, charAt(), -0.5
9, 31233, -2.5, 1.0, -4.5, 2.0, 8, 0, i.charAt(), 0.0
9, 31234, -2.5, 1.0, -4.5, 2.5, 0, 0, message.charAt(i), 1.5
9, 31235, -2.5, 1.0, -4.5, 3.0, 0, 0, message.charAt(i), 2.5
9, 31236, -2.5, 1.0, -4.5, 3.5, 0, 0, message.charAt(i), 3.5
9, 31237, -2.5, 1.0, -4.5, 4.0, 0, 0, message.charAt(i), 4.5
9, 31238, -2.5, 1.0, -4.5, 4.5, 0, 0, message.charAt(i), 5.5
9, 31239, -2.5, 1.0, -4.5, 5.0, 16, 0, i.insert(message, i, i).charAt(i), 7.0
9, 31240, -2.5, 1.0, -4.0, 0.0, 9, 0, charAt(), -0.5
9, 31241, -2.5, 1.0, -4.0, 0.5, 9, 0, charAt(), -0.5
9, 31242, -2.5, 1.0, -4.0, 1.0, 9, 0, charAt(), -0.5
9, 31243, -2.5, 1.0, -4.0, 1.5, 9, 0, charAt(), -0.5
9, 31244, -2.5, 1.0, -4.0, 2.0, 8, 0, i.charAt(), 0.0
9, 31245, -2.5, 1.0, -4.0, 2.5, 0, 0, message.charAt(i), 1.5
9, 31246, -2.5, 1.0, -4.0, 3.0, 0, 0, message.charAt(i), 2.5
9, 31247, -2.5, 1.0, -4.0, 3.5, 0, 0, message.charAt(i), 3.5
9, 31248, -2.5, 1.0, -4.0, 4.0, 0, 0, message.charAt(i), 4.5
9, 31249, -2.5, 1.0, -4.0, 4.5, 0, 0, message.charAt(i), 5.5
9, 31250, -2.5, 1.0, -4.0, 5.0, 16, 0, i.insert(message, i, i).charAt(i), 7.5
9, 31251, -2.5, 1.0, -3.5, 0.0, 9, 0, charAt(), -0.5
9, 31252, -2.5, 1.0, -3.5, 0.5, 9, 0, charAt(), -0.5
9, 31253, -2.5, 1.0, -3.5, 1.0, 9, 0, charAt(), -0.5
9, 31254, -2.5, 1.0, -3.5, 1.5, 9, 0, charAt(), -0.5
9, 31255, -2.5, 1.0, -3.5, 2.0, 8, 0, i.charAt(), 0.0
9, 31256, -2.5, 1.0, -3.5, 2.5, 0, 0, message.charAt(i), 1.5
9, 31257, -2.5, 1.0, -3.5, 3.0, 0, 0, message.charAt(i), 2.5
9, 31258, -2.5, 1.0, -3.5, 3.5, 0, 0, message.charAt(i), 3.5
9, 31259, -2.5, 1.0, -3.5, 4.0, 0, 0, message.charAt(i), 4.5
9, 31260, -2.5, 1.0, -3.5, 4.5, 0, 0, message.charAt(i), 5.5
9, 31261, -2.5, 1.0, -3.5, 5.0, 16, 0, i.insert(message, i, i).charAt(i), 8.0
9, 31262, -2.5, 1.0, -3.0, 0.0, 9, 0, charAt(), -0.5
9, 31263, -2.5, 1.0, -3.0, 0.5, 9, 0, charAt(), -0.5
9, 31264, -2.5, 1.0, -3.0, 1.0, 9, 0, charAt(), -0.5
9, 31265, -2.5, 1.0, -3.0, 1.5, 9, 0, charAt(), -0.5
9, 31266, -2.5, 1.0, -3.0, 2.0, 8, 0, i.charAt(), 0.0
9, 31267, -2.5, 1.0, -3.0, 2.5, 0, 0, message.charAt(i), 1.5
9, 31268, -2.5, 1.0, -3.0, 3.0, 0, 0, message.charAt(i), 2.5
9, 31269, -2.5, 1.0, -3.0, 3.5, 0, 0, message.charAt(i), 3.5
9, 31270, -2.5, 1.0, -3.0, 4.0, 0, 0, message.charAt(i), 4.5
9, 31271, -2.5, 1.0, -3.0, 4.5, 16, 0, i.insert(message, i, i).charAt(i), 6.0
9, 31272, -2.5, 1.0, -3.0, 5.0, 16, 0, i.insert(message, i, i).charAt(i), 8.5
9, 31273, -2.5, 1.0, -2.5, 0.0, 9, 0, charAt(), -0.5
9, 31274, -2.5, 1.0, -2.5, 0.5, 9, 0, charAt(), -0.5
9, 31275, -2.5, 1.0, -2.5, 1.0, 9, 0, charAt(), -0.5
9, 31276, -2.5, 1.0, -2.5, 1.5, 9, 0, charAt(), -0.5
9, 31277, -2.5, 1.0, -2.5, 2.0, 8, 0, i.charAt(), 0.0
9, 31278, -2.5, 1.0, -2.5, 2.5, 0, 0, message.charAt(i), 1.5
9, 31279, -2.5, 1.0, -2.5, 3.0, 0, 0, message.charAt(i), 2.5
9, 31280, -2.5, 1.0, -2.5, 3.5, 0, 0, message.charAt(i), 3.5
9, 31281, -2.5, 1.0, -2.5, 4.0, 0, 0, message.charAt(i), 4.5
9, 31282, -2.5, 1.0, -2.5, 4.5, 16, 0, i.insert(message, i, i).charAt(i), 6.5
9, 31283, -2.5, 1.0, -2.5, 5.0, 16, 0, i.insert(message, i, i).charAt(i), 9.0
9, 31284, -2.5, 1.0, -2.0, 0.0, 9, 0, charAt(), -0.5
9, 31285, -2.5, 1.0, -2.0, 0.5, 9, 0, charAt(), -0.5
9, 31286, -2.5, 1.0, -2.0, 1.0, 9, 0, charAt(), -0.5
9, 31287, -2.5, 1.0, -2.0, 1.5, 9, 0, charAt(), -0.5
9, 31288, -2.5, 1.0, -2.0, 2.0, 8, 0, i.charAt(), 0.0
9, 31289, -2.5, 1.0, -2.0, 2.5, 0, 0, message.charAt(i), 1.5
9, 31290, -2.5, 1.0, -2.0, 3.0, 0, 0, message.charAt(i), 2.5
9, 31291, -2.5, 1.0, -2.0, 3.5, 0, 0, message.charAt(i), 3.5
9, 31292, -2.5, 1.0, -2.0, 4.0, 0, 0, message.charAt(i), 4.5
9, 31293, -2.5, 1.0, -2.0, 4.5, 16, 0, i.insert(message, i, i).charAt(i), 7.0
9, 31294, -2.5, 1.0, -2.0, 5.0, 16, 0, i.insert(message, i, i).charAt(i), 9.5
9, 31295, -2.5, 1.0, -1.5, 0.0, 9, 0, charAt(), -0.5
9, 31296, -2.5, 1.0, -1.5, 0.5, 9, 0, charAt(), -0.5
9, 31297, -2.5, 1.0, -1.5, 1.0, 9, 0, charAt(), -0.5
9, 31298, -2.5, 1.0, -1.5, 1.5, 9, 0, charAt(), -0.5
9, 31299, -2.5, 1.0, -1.5, 2.0, 8, 0, i.charAt(), 0.0
9, 31300, -2.5, 1.0, -1.5, 2.5, 0, 0, message.charAt(i), 1.5
9, 31301, -2.5, 1.0, -1.5, 3.0, 0, 0, message.charAt(i), 2.5
9, 31302, -2.5, 1.0, -1.5, 3.5, 0, 0, message.charAt(i), 3.5
9, 31303, -2.5, 1.0, -1.5, 4.0, 16, 0, i.insert(message, i, i).charAt(i), 5.0
9, 31304, -2.5, 1.0, -1.5, 4.5, 16, 0, i.insert(message, i, i).charAt(i), 7.5
9, 31305, -2.5, 1.0, -1.5, 5.0, 16, 0, i.insert(message, i, i).charAt(i), 10.0
9, 31306, -2.5, 1.0, -1.0, 0.0, 9, 0, charAt(), -0.5
9, 31307, -2.5, 1.0, -1.0, 0.5, 9, 0, charAt(), -0.5
9, 31308, -2.5, 1.0, -1.0, 1.0, 9, 0, charAt(), -0.5
9, 31309, -2.5, 1.0, -1.0, 1.5, 9, 0, charAt(), -0.5
9, 31310, -2.5, 1.0, -1.0, 2.0, 8, 0, i.charAt(), 0.0
9, 31311, -2.5, 1.0, -1.0, 2.5, 0, 0, message.charAt(i), 1.5
9, 31312, -2.5, 1.0, -1.0, 3.0, 0, 0, message.charAt(i), 2.5
9, 31313, -2.5, 1.0, -1.0, 3.5, 0, 0, message.charAt(i), 3.5
9, 31314, -2.5, 1.0, -1.0, 4.0, 16, 0, i.insert(message, i, i).charAt(i), 5.5
9, 31315, -2.5, 1.0, -1.0, 4.5, 16, 0, i.insert(message, i, i).charAt(i), 8.0
9, 31316, -2.5, 1.0, -1.0, 5.0, 16, 0, i.insert(message, i, i).charAt(i), 10.5
9, 31317, -2.5, 1.0, -0.5, 0.0, 9, 0, charAt(), -0.5
9, 31318, -2.5, 1.0, -0.5, 0.5, 9, 0, charAt(), -0.5
9, 31319, -2.5, 1.0, -0.5, 1.0, 9, 0, charAt(), -0.5
9, 31320, -2.5, 1.0, -0.5, 1.5, 9, 0, charAt(), -0.5
9, 31321, -2.5, 1.0, -0.5, 2.0, 8, 0, i.charAt(), 0.0
9, 31322, -2.5, 1.0, -0.5, 2.5, 0, 0, message.charAt(i), 1.5
9, 31323, -2.5, 1.0, -0.5, 3.0, 0, 0, message.charAt(i), 2.5
9, 31324, -2.5, 1.0, -0.5, 3.5, 0, 0, message.charAt(i), 3.5
9, 31325, -2.5, 1.0, -0.5, 4.0, 16, 0, i.insert(message, i, i).charAt(i), 6.0
9, 31326, -2.5, 1.0, -0.5, 4.5, 55, 0, i.insert(message, i, i).charAt(Character.offsetByCodePoints(i, i, i, i)), 9.5
9, 31327, -2.5, 1.0, -0.5, 5.0, 55, 0, i.insert(message, i, i).charAt(Character.offsetByCodePoints(i, i, i, i)), 13.5
9, 31328, -2.5, 1.0, 0.0, 0.0, 9, 0, charAt(), -0.5
9, 31329, -2.5, 1.0, 0.0, 0.5, 9, 0, charAt(), -0.5
9, 31330, -2.5, 1.0, 0.0, 1.0, 9, 0, charAt(), -0.5
9, 31331, -2.5, 1.0, 0.0, 1.5, 9, 0, charAt(), -0.5
9, 31332, -2.5, 1.0, 0.0, 2.0, 8, 0, i.charAt(), 0.0
9, 31333, -2.5, 1.0, 0.0, 2.5, 0, 0, message.charAt(i), 1.5
9, 31334, -2.5, 1.0, 0.0, 3.0, 0, 0, message.charAt(i), 2.5
9, 31335, -2.5, 1.0, 0.0, 3.5, 55, 0, i.insert(message, i, i).charAt(Character.offsetByCodePoints(i, i, i, i)), 4.5
9, 31336, -2.5, 1.0, 0.0, 4.0, 104, 0, Character.forDigit(message.charAt(i), Character.offsetByCodePoints(i, i, i, i), Character.offsetByCodePoints(i, i, i, i)), 9.0
9, 31337, -2.5, 1.0, 0.0, 4.5, 104, 0, Character.forDigit(message.charAt(i), Character.offsetByCodePoints(i, i, i, i), Character.offsetByCodePoints(i, i, i, i)), 14.0
9, 31338, -2.5, 1.0, 0.0, 5.0, 104, 0, Character.forDigit(message.charAt(i), Character.offsetByCodePoints(i, i, i, i), Character.offsetByCodePoints(i, i, i, i)), 19.0
9, 31339, -2.0, 1.0, -5.0, 0.0, 9, 0, charAt(), 0.0
9, 31340, -2.0, 1.0, -5.0, 0.5, 9, 0, charAt(), 0.0
9, 31341, -2.0, 1.0, -5.0, 1.0, 9, 0, charAt(), 0.0
9, 31342, -2.0, 1.0, -5.0, 1.5, 0, 0, message.charAt(i), 1.0
9, 31343, -2.0, 1.0, -5.0, 2.0, 0, 0, message.charAt(i), 2.0
9, 31344, -2.0, 1.0, -5.0, 2.5, 0, 0, message.charAt(i), 3.0
9, 31345, -2.0, 1.0, -5.0, 3.0, 0, 0, message.charAt(i), 4.0
9, 31346, -2.0, 1.0, -5.0, 3.5, 0, 0, message.charAt(i), 5.0
9, 31347, -2.0, 1.0, -5.0, 4.0, 0, 0, message.charAt(i), 6.0
9, 31348, -2.0, 1.0, -5.0, 4.5, 16, 0, i.insert(message, i, i).charAt(i), 7.5
9, 31349, -2.0, 1.0, -5.0, 5.0, 16, 0, i.insert(message, i, i).charAt(i), 10.0
9, 31350, -2.0, 1.0, -4.5, 0.0, 9, 0, charAt(), 0.0
9, 31351, -2.0, 1.0, -4.5, 0.5, 9, 0, charAt(), 0.0
9, 31352, -2.0, 1.0, -4.5, 1.0, 9, 0, charAt(), 0.0
9, 31353, -2.0, 1.0, -4.5, 1.5, 0, 0, message.charAt(i), 1.0
9, 31354, -2.0, 1.0, -4.5, 2.0, 0, 0, message.charAt(i), 2.0
9, 31355, -2.0, 1.0, -4.5, 2.5, 0, 0, message.charAt(i), 3.0
9, 31356, -2.0, 1.0, -4.5, 3.0, 0, 0, message.charAt(i), 4.0
9, 31357, -2.0, 1.0, -4.5, 3.5, 0, 0, message.charAt(i), 5.0
9, 31358, -2.0, 1.0, -4.5, 4.0, 0, 0, message.charAt(i), 6.0
9, 31359, -2.0, 1.0, -4.5, 4.5, 16, 0, i.insert(message, i, i).charAt(i), 8.0
9, 31360, -2.0, 1.0, -4.5, 5.0, 16, 0, i.insert(message, i, i).charAt(i), 10.5
9, 31361, -2.0, 1.0, -4.0, 0.0, 9, 0, charAt(), 0.0
9, 31362, -2.0, 1.0, -4.0, 0.5, 9, 0, charAt(), 0.0
9, 31363, -2.0, 1.0, -4.0, 1.0, 9, 0, charAt(), 0.0
9, 31364, -2.0, 1.0, -4.0, 1.5, 0, 0, message.charAt(i), 1.0
9, 31365, -2.0, 1.0, -4.0, 2.0, 0, 0, message.charAt(i), 2.0
9, 31366, -2.0, 1.0, -4.0, 2.5, 0, 0, message.charAt(i), 3.0
9, 31367, -2.0, 1.0, -4.0, 3.0, 0, 0, message.charAt(i), 4.0
9, 31368, -2.0, 1.0, -4.0, 3.5, 0, 0, message.charAt(i), 5.0
9, 31369, -2.0, 1.0, -4.0, 4.0, 0, 0, message.charAt(i), 6.0
9, 31370, -2.0, 1.0, -4.0, 4.5, 16, 0, i.insert(message, i, i).charAt(i), 8.5
9, 31371, -2.0, 1.0, -4.0, 5.0, 16, 0, i.insert(message, i, i).charAt(i), 11.0
9, 31372, -2.0, 1.0, -3.5, 0.0, 9, 0, charAt(), 0.0
9, 31373, -2.0, 1.0, -3.5, 0.5, 9, 0, charAt(), 0.0
9, 31374, -2.0, 1.0, -3.5, 1.0, 9, 0, charAt(), 0.0
9, 31375, -2.0, 1.0, -3.5, 1.5, 0, 0, message.charAt(i), 1.0
9, 31376, -2.0, 1.0, -3.5, 2.0, 0, 0, message.charAt(i), 2.0
9, 31377, -2.0, 1.0, -3.5, 2.5, 0, 0, message.charAt(i), 3.0
9, 31378, -2.0, 1.0, -3.5, 3.0, 0, 0, message.charAt(i), 4.0
9, 31379, -2.0, 1.0, -3.5, 3.5, 0, 0, message.charAt(i), 5.0
9, 31380, -2.0, 1.0, -3.5, 4.0, 16, 0, i.insert(message, i, i).charAt(i), 6.5
9, 31381, -2.0, 1.0, -3.5, 4.5, 16, 0, i.insert(message, i, i).charAt(i), 9.0
9, 31382, -2.0, 1.0, -3.5, 5.0, 16, 0, i.insert(message, i, i).charAt(i), 11.5
9, 31383, -2.0, 1.0, -3.0, 0.0, 9, 0, charAt(), 0.0
9, 31384, -2.0, 1.0, -3.0, 0.5, 9, 0, charAt(), 0.0
9, 31385, -2.0, 1.0, -3.0, 1.0, 9, 0, charAt(), 0.0
9, 31386, -2.0, 1.0, -3.0, 1.5, 0, 0, message.charAt(i), 1.0
9, 31387, -2.0, 1.0, -3.0, 2.0, 0, 0, message.charAt(i), 2.0
9, 31388, -2.0, 1.0, -3.0, 2.5, 0, 0, message.charAt(i), 3.0
9, 31389, -2.0, 1.0, -3.0, 3.0, 0, 0, message.charAt(i), 4.0
9, 31390, -2.0, 1.0, -3.0, 3.5, 0, 0, message.charAt(i), 5.0
9, 31391, -2.0, 1.0, -3.0, 4.0, 16, 0, i.insert(message, i, i).charAt(i), 7.0
9, 31392, -2.0, 1.0, -3.0, 4.5, 16, 0, i.insert(message, i, i).charAt(i), 9.5
9, 31393, -2.0, 1.0, -3.0, 5.0, 16, 0, i.insert(message, i, i).charAt(i), 12.0
9, 31394, -2.0, 1.0, -2.5, 0.0, 9, 0, charAt(), 0.0
9, 31395, -2.0, 1.0, -2.5, 0.5, 9, 0, charAt(), 0.0
9, 31396, -2.0, 1.0, -2.5, 1.0, 9, 0, charAt(), 0.0
9, 31397, -2.0, 1.0, -2.5, 1.5, 0, 0, message.charAt(i), 1.0
9, 31398, -2.0, 1.0, -2.5, 2.0, 0, 0, message.charAt(i), 2.0
9, 31399, -2.0, 1.0, -2.5, 2.5, 0, 0, message.charAt(i), 3.0
9, 31400, -2.0, 1.0, -2.5, 3.0, 0, 0, message.charAt(i), 4.0
9, 31401, -2.0, 1.0, -2.5, 3.5, 0, 0, message.charAt(i), 5.0
9, 31402, -2.0, 1.0, -2.5, 4.0, 16, 0, i.insert(message, i, i).charAt(i), 7.5
9, 31403, -2.0, 1.0, -2.5, 4.5, 16, 0, i.insert(message, i, i).charAt(i), 10.0
9, 31404, -2.0, 1.0, -2.5, 5.0, 16, 0, i.insert(message, i, i).charAt(i), 12.5
9, 31405, -2.0, 1.0, -2.0, 0.0, 9, 0, charAt(), 0.0
9, 31406, -2.0, 1.0, -2.0, 0.5, 9, 0, charAt(), 0.0
9, 31407, -2.0, 1.0, -2.0, 1.0, 9, 0, charAt(), 0.0
9, 31408, -2.0, 1.0, -2.0, 1.5, 0, 0, message.charAt(i), 1.0
9, 31409, -2.0, 1.0, -2.0, 2.0, 0, 0, message.charAt(i), 2.0
9, 31410, -2.0, 1.0, -2.0, 2.5, 0, 0, message.charAt(i), 3.0
9, 31411, -2.0, 1.0, -2.0, 3.0, 0, 0, message.charAt(i), 4.0
9, 31412, -2.0, 1.0, -2.0, 3.5, 16, 0, i.insert(message, i, i).charAt(i), 5.5
9, 31413, -2.0, 1.0, -2.0, 4.0, 16, 0, i.insert(message, i, i).charAt(i), 8.0
9, 31414, -2.0, 1.0, -2.0, 4.5, 16, 0, i.insert(message, i, i).charAt(i), 10.5
9, 31415, -2.0, 1.0, -2.0, 5.0, 16, 0, i.insert(message, i, i).charAt(i), 13.0
9, 31416, -2.0, 1.0, -1.5, 0.0, 9, 0, charAt(), 0.0
9, 31417, -2.0, 1.0, -1.5, 0.5, 9, 0, charAt(), 0.0
9, 31418, -2.0, 1.0, -1.5, 1.0, 9, 0, charAt(), 0.0
9, 31419, -2.0, 1.0, -1.5, 1.5, 0, 0, message.charAt(i), 1.0
9, 31420, -2.0, 1.0, -1.5, 2.0, 0, 0, message.charAt(i), 2.0
9, 31421, -2.0, 1.0, -1.5, 2.5, 0, 0, message.charAt(i), 3.0
9, 31422, -2.0, 1.0, -1.5, 3.0, 0, 0, message.charAt(i), 4.0
9, 31423, -2.0, 1.0, -1.5, 3.5, 16, 0, i.insert(message, i, i).charAt(i), 6.0
9, 31424, -2.0, 1.0, -1.5, 4.0, 16, 0, i.insert(message, i, i).charAt(i), 8.5
9, 31425, -2.0, 1.0, -1.5, 4.5, 16, 0, i.insert(message, i, i).charAt(i), 11.0
9, 31426, -2.0, 1.0, -1.5, 5.0, 16, 0, i.insert(message, i, i).charAt(i), 13.5
9, 31427, -2.0, 1.0, -1.0, 0.0, 9, 0, charAt(), 0.0
9, 31428, -2.0, 1.0, -1.0, 0.5, 9, 0, charAt(), 0.0
9, 31429, -2.0, 1.0, -1.0, 1.0, 9, 0, charAt(), 0.0
9, 31430, -2.0, 1.0, -1.0, 1.5, 0, 0, message.charAt(i), 1.0
9, 31431, -2.0, 1.0, -1.0, 2.0, 0, 0, message.charAt(i), 2.0
9, 31432, -2.0, 1.0, -1.0, 2.5, 0, 0, message.charAt(i), 3.0
9, 31433, -2.0, 1.0, -1.0, 3.0, 0, 0, message.charAt(i), 4.0
9, 31434, -2.0, 1.0, -1.0, 3.5, 16, 0, i.insert(message, i, i).charAt(i), 6.5
9, 31435, -2.0, 1.0, -1.0, 4.0, 16, 0, i.insert(message, i, i).charAt(i), 9.0
9, 31436, -2.0, 1.0, -1.0, 4.5, 55, 0, i.insert(message, i, i).charAt(Character.offsetByCodePoints(i, i, i, i)), 12.0
9, 31437, -2.0, 1.0, -1.0, 5.0, 55, 0, i.insert(message, i, i).charAt(Character.offsetByCodePoints(i, i, i, i)), 16.0
9, 31438, -2.0, 1.0, -0.5, 0.0, 9, 0, charAt(), 0.0
9, 31439, -2.0, 1.0, -0.5, 0.5, 9, 0, charAt(), 0.0
9, 31440, -2.0, 1.0, -0.5, 1.0, 9, 0, charAt(), 0.0
9, 31441, -2.0, 1.0, -0.5, 1.5, 0, 0, message.charAt(i), 1.0
9, 31442, -2.0, 1.0, -0.5, 2.0, 0, 0, message.charAt(i), 2.0
9, 31443, -2.0, 1.0, -0.5, 2.5, 0, 0, message.charAt(i), 3.0
9, 31444, -2.0, 1.0, -0.5, 3.0, 16, 0, i.insert(message, i, i).charAt(i), 4.5
9, 31445, -2.0, 1.0, -0.5, 3.5, 16, 0, i.insert(message, i, i).charAt(i), 7.0
9, 31446, -2.0, 1.0, -0.5, 4.0, 55, 0, i.insert(message, i, i).charAt(Character.offsetByCodePoints(i, i, i, i)), 11.0
9, 31447, -2.0, 1.0, -0.5, 4.5, 104, 0, Character.forDigit(message.charAt(i), Character.offsetByCodePoints(i, i, i, i), Character.offsetByCodePoints(i, i, i, i)), 15.0
9, 31448, -2.0, 1.0, -0.5, 5.0, 104, 0, Character.forDigit(message.charAt(i), Character.offsetByCodePoints(i, i, i, i), Character.offsetByCodePoints(i, i, i, i)), 20.0
9, 31449, -2.0, 1.0, 0.0, 0.0, 9, 0, charAt(), 0.0
9, 31450, -2.0, 1.0, 0.0, 0.5, 9, 0, charAt(), 0.0
9, 31451, -2.0, 1.0, 0.0, 1.0, 9, 0, charAt(), 0.0
9, 31452, -2.0, 1.0, 0.0, 1.5, 0, 0, message.charAt(i), 1.0
9, 31453, -2.0, 1.0, 0.0, 2.0, 0, 0, message.charAt(i), 2.0
9, 31454, -2.0, 1.0, 0.0, 2.5, 0, 0, message.charAt(i), 3.0
9, 31455, -2.0, 1.0, 0.0, 3.0, 104, 0, Character.forDigit(message.charAt(i), Character.offsetByCodePoints(i, i, i, i), Character.offsetByCodePoints(i, i, i, i)), 6.0
9, 31456, -2.0, 1.0, 0.0, 3.5, 104, 0, Character.forDigit(message.charAt(i), Character.offsetByCodePoints(i, i, i, i), Character.offsetByCodePoints(i, i, i, i)), 11.0
9, 31457, -2.0, 1.0, 0.0, 4.0, 104, 0, Character.forDigit(message.charAt(i), Character.offsetByCodePoints(i, i, i, i), Character.offsetByCodePoints(i, i, i, i)), 16.0
9, 31458, -2.0, 1.0, 0.0, 4.5, 104, 0, Character.forDigit(message.charAt(i), Character.offsetByCodePoints(i, i, i, i), Character.offsetByCodePoints(i, i, i, i)), 21.0
9, 31459, -2.0, 1.0, 0.0, 5.0, 104, 0, Character.forDigit(message.charAt(i), Character.offsetByCodePoints(i, i, i, i), Character.offsetByCodePoints(i, i, i, i)), 26.0
9, 31460, -1.5, 1.0, -5.0, 0.0, 9, 0, charAt(), 0.5
9, 31461, -1.5, 1.0, -5.0, 0.5, 0, 0, message.charAt(i), 0.5
9, 31462, -1.5, 1.0, -5.0, 1.0, 0, 0, message.charAt(i), 1.5
9, 31463, -1.5, 1.0, -5.0, 1.5, 0, 0, message.charAt(i), 2.5
9, 31464, -1.5, 1.0, -5.0, 2.0, 0, 0, message.charAt(i), 3.5
9, 31465, -1.5, 1.0, -5.0, 2.5, 0, 0, message.charAt(i), 4.5
9, 31466, -1.5, 1.0, -5.0, 3.0, 0, 0, message.charAt(i), 5.5
9, 31467, -1.5, 1.0, -5.0, 3.5, 0, 0, message.charAt(i), 6.5
9, 31468, -1.5, 1.0, -5.0, 4.0, 16, 0, i.insert(message, i, i).charAt(i), 8.5
9, 31469, -1.5, 1.0, -5.0, 4.5, 16, 0, i.insert(message, i, i).charAt(i), 11.0
9, 31470, -1.5, 1.0, -5.0, 5.0, 16, 0, i.insert(message, i, i).charAt(i), 13.5
9, 31471, -1.5, 1.0, -4.5, 0.0, 9, 0, charAt(), 0.5
9, 31472, -1.5, 1.0, -4.5, 0.5, 0, 0, message.charAt(i), 0.5
9, 31473, -1.5, 1.0, -4.5, 1.0, 0, 0, message.charAt(i), 1.5
9, 31474, -1.5, 1.0, -4.5, 1.5, 0, 0, message.charAt(i), 2.5
9, 31475, -1.5, 1.0, -4.5, 2.0, 0, 0, message.charAt(i), 3.5
9, 31476, -1.5, 1.0, -4.5, 2.5, 0, 0, message.charAt(i), 4.5
9, 31477, -1.5, 1.0, -4.5, 3.0, 0, 0, message.charAt(i), 5.5
9, 31478, -1.5, 1.0, -4.5, 3.5, 0, 0, message.charAt(i), 6.5
9, 31479, -1.5, 1.0, -4.5, 4.0, 16, 0, i.insert(message, i, i).charAt(i), 9.0
9, 31480, -1.5, 1.0, -4.5, 4.5, 16, 0, i.insert(message, i, i).charAt(i), 11.5
9, 31481, -1.5, 1.0, -4.5, 5.0, 16, 0, i.insert(message, i, i).charAt(i), 14.0
9, 31482, -1.5, 1.0, -4.0, 0.0, 9, 0, charAt(), 0.5
9, 31483, -1.5, 1.0, -4.0, 0.5, 0, 0, message.charAt(i), 0.5
9, 31484, -1.5, 1.0, -4.0, 1.0, 0, 0, message.charAt(i), 1.5
9, 31485, -1.5, 1.0, -4.0, 1.5, 0, 0, message.charAt(i), 2.5
9, 31486, -1.5, 1.0, -4.0, 2.0, 0, 0, message.charAt(i), 3.5
9, 31487, -1.5, 1.0, -4.0, 2.5, 0, 0, message.charAt(i), 4.5
9, 31488, -1.5, 1.0, -4.0, 3.0, 0, 0, message.charAt(i), 5.5
9, 31489, -1.5, 1.0, -4.0, 3.5, 16, 0, i.insert(message, i, i).charAt(i), 7.0
9, 31490, -1.5, 1.0, -4.0, 4.0, 16, 0, i.insert(message, i, i).charAt(i), 9.5
9, 31491, -1.5, 1.0, -4.0, 4.5, 16, 0, i.insert(message, i, i).charAt(i), 12.0
9, 31492, -1.5, 1.0, -4.0, 5.0, 16, 0, i.insert(message, i, i).charAt(i), 14.5
9, 31493, -1.5, 1.0, -3.5, 0.0, 9, 0, charAt(), 0.5
9, 31494, -1.5, 1.0, -3.5, 0.5, 0, 0, message.charAt(i), 0.5
9, 31495, -1.5, 1.0, -3.5, 1.0, 0, 0, message.charAt(i), 1.5
9, 31496, -1.5, 1.0, -3.5, 1.5, 0, 0, message.charAt(i), 2.5
9, 31497, -1.5, 1.0, -3.5, 2.0, 0, 0, message.charAt(i), 3.5
9, 31498, -1.5, 1.0, -3.5, 2.5, 0, 0, message.charAt(i), 4.5
9, 31499, -1.5, 1.0, -3.5, 3.0, 0, 0, message.charAt(i), 5.5
9, 31500, -1.5, 1.0, -3.5, 3.5, 16, 0, i.insert(message, i, i).charAt(i), 7.5
9, 31501, -1.5, 1.0, -3.5, 4.0, 16, 0, i.insert(message, i, i).charAt(i), 10.0
9, 31502, -1.5, 1.0, -3.5, 4.5, 16, 0, i.insert(message, i, i).charAt(i), 12.5
9, 31503, -1.5, 1.0, -3.5, 5.0, 16, 0, i.insert(message, i, i).charAt(i), 15.0
9, 31504, -1.5, 1.0, -3.0, 0.0, 9, 0, charAt(), 0.5
9, 31505, -1.5, 1.0, -3.0, 0.5, 0, 0, message.charAt(i), 0.5
9, 31506, -1.5, 1.0, -3.0, 1.0, 0, 0, message.charAt(i), 1.5
9, 31507, -1.5, 1.0, -3.0, 1.5, 0, 0, message.charAt(i), 2.5
9, 31508, -1.5, 1.0, -3.0, 2.0, 0, 0, message.charAt(i), 3.5
9, 31509, -1.5, 1.0, -3.0, 2.5, 0, 0, message.charAt(i), 4.5
9, 31510, -1.5, 1.0, -3.0, 3.0, 0, 0, message.charAt(i), 5.5
9, 31511, -1.5, 1.0, -3.0, 3.5, 16, 0, i.insert(message, i, i).charAt(i), 8.0
9, 31512, -1.5, 1.0, -3.0, 4.0, 16, 0, i.insert(message, i, i).charAt(i), 10.5
9, 31513, -1.5, 1.0, -3.0, 4.5, 16, 0, i.insert(message, i, i).charAt(i), 13.0
9, 31514, -1.5, 1.0, -3.0, 5.0, 16, 0, i.insert(message, i, i).charAt(i), 15.5
9, 31515, -1.5, 1.0, -2.5, 0.0, 9, 0, charAt(), 0.5
9, 31516, -1.5, 1.0, -2.5, 0.5, 0, 0, message.charAt(i), 0.5
9, 31517, -1.5, 1.0, -2.5, 1.0, 0, 0, message.charAt(i), 1.5
9, 31518, -1.5, 1.0, -2.5, 1.5, 0, 0, message.charAt(i), 2.5
9, 31519, -1.5, 1.0, -2.5, 2.0, 0, 0, message.charAt(i), 3.5
9, 31520, -1.5, 1.0, -2.5, 2.5, 0, 0, message.charAt(i), 4.5
9, 31521, -1.5, 1.0, -2.5, 3.0, 16, 0, i.insert(message, i, i).charAt(i), 6.0
9, 31522, -1.5, 1.0, -2.5, 3.5, 16, 0, i.insert(message, i, i).charAt(i), 8.5
9, 31523, -1.5, 1.0, -2.5, 4.0, 16, 0, i.insert(message, i, i).charAt(i), 11.0
9, 31524, -1.5, 1.0, -2.5, 4.5, 16, 0, i.insert(message, i, i).charAt(i), 13.5
9, 31525, -1.5, 1.0, -2.5, 5.0, 16, 0, i.insert(message, i, i).charAt(i), 16.0
9, 31526, -1.5, 1.0, -2.0, 0.0, 9, 0, charAt(), 0.5
9, 31527, -1.5, 1.0, -2.0, 0.5, 0, 0, message.charAt(i), 0.5
9, 31528, -1.5, 1.0, -2.0, 1.0, 0, 0, message.charAt(i), 1.5
9, 31529, -1.5, 1.0, -2.0, 1.5, 0, 0, message.charAt(i), 2.5
9, 31530, -1.5, 1.0, -2.0, 2.0, 0, 0, message.charAt(i), 3.5
9, 31531, -1.5, 1.0, -2.0, 2.5, 0, 0, message.charAt(i), 4.5
9, 31532, -1.5, 1.0, -2.0, 3.0, 16, 0, i.insert(message, i, i).charAt(i), 6.5
9, 31533, -1.5, 1.0, -2.0, 3.5, 16, 0, i.insert(message, i, i).charAt(i), 9.0
9, 31534, -1.5, 1.0, -2.0, 4.0, 16, 0, i.insert(message, i, i).charAt(i), 11.5
9, 31535, -1.5, 1.0, -2.0, 4.5, 16, 0, i.insert(message, i, i).charAt(i), 14.0
9, 31536, -1.5, 1.0, -2.0, 5.0, 16, 0, i.insert(message, i, i).charAt(i), 16.5
9, 31537, -1.5, 1.0, -1.5, 0.0, 9, 0, charAt(), 0.5
9, 31538, -1.5, 1.0, -1.5, 0.5, 0, 0, message.charAt(i), 0.5
9, 31539, -1.5, 1.0, -1.5, 1.0, 0, 0, message.charAt(i), 1.5
9, 31540, -1.5, 1.0, -1.5, 1.5, 0, 0, message.charAt(i), 2.5
9, 31541, -1.5, 1.0, -1.5, 2.0, 0, 0, message.charAt(i), 3.5
9, 31542, -1.5, 1.0, -1.5, 2.5, 0, 0, message.charAt(i), 4.5
9, 31543, -1.5, 1.0, -1.5, 3.0, 16, 0, i.insert(message, i, i).charAt(i), 7.0
9, 31544, -1.5, 1.0, -1.5, 3.5, 16, 0, i.insert(message, i, i).charAt(i), 9.5
9, 31545, -1.5, 1.0, -1.5, 4.0, 16, 0, i.insert(message, i, i).charAt(i), 12.0
9, 31546, -1.5, 1.0, -1.5, 4.5, 16, 0, i.insert(message, i, i).charAt(i), 14.5
9, 31547, -1.5, 1.0, -1.5, 5.0, 55, 0, i.insert(message, i, i).charAt(Character.offsetByCodePoints(i, i, i, i)), 18.5
9, 31548, -1.5, 1.0, -1.0, 0.0, 9, 0, charAt(), 0.5
9, 31549, -1.5, 1.0, -1.0, 0.5, 0, 0, message.charAt(i), 0.5
9, 31550, -1.5, 1.0, -1.0, 1.0, 0, 0, message.charAt(i), 1.5
9, 31551, -1.5, 1.0, -1.0, 1.5, 0, 0, message.charAt(i), 2.5
9, 31552, -1.5, 1.0, -1.0, 2.0, 0, 0, message.charAt(i), 3.5
9, 31553, -1.5, 1.0, -1.0, 2.5, 16, 0, i.insert(message, i, i).charAt(i), 5.0
9, 31554, -1.5, 1.0, -1.0, 3.0, 16, 0, i.insert(message, i, i).charAt(i), 7.5
9, 31555, -1.5, 1.0, -1.0, 3.5, 16, 0, i.insert(message, i, i).charAt(i), 10.0
9, 31556, -1.5, 1.0, -1.0, 4.0, 55, 0, i.insert(message, i, i).charAt(Character.offsetByCodePoints(i, i, i, i)), 13.5
9, 31557, -1.5, 1.0, -1.0, 4.5, 55, 0, i.insert(message, i, i).charAt(Character.offsetByCodePoints(i, i, i, i)), 17.5
9, 31558, -1.5, 1.0, -1.0, 5.0, 55, 0, i.insert(message, i, i).charAt(Character.offsetByCodePoints(i, i, i, i)), 21.5
9, 31559, -1.5, 1.0, -0.5, 0.0, 9, 0, charAt(), 0.5
9, 31560, -1.5, 1.0, -0.5, 0.5, 0, 0, message.charAt(i), 0.5
9, 31561, -1.5, 1.0, -0.5, 1.0, 0, 0, message.charAt(i), 1.5
9, 31562, -1.5, 1.0, -0.5, 1.5, 0, 0, message.charAt(i), 2.5
9, 31563, -1.5, 1.0, -0.5, 2.0, 0, 0, message.charAt(i), 3.5
9, 31564, -1.5, 1.0, -0.5, 2.5, 16, 0, i.insert(message, i, i).charAt(i), 5.5
9, 31565, -1.5, 1.0, -0.5, 3.0, 55, 0, i.insert(message, i, i).charAt(Character.offsetByCodePoints(i, i, i, i)), 8.5
9, 31566, -1.5, 1.0, -0.5, 3.5, 55, 0, i.insert(message, i, i).charAt(Character.offsetByCodePoints(i, i, i, i)), 12.5
9, 31567, -1.5, 1.0, -0.5, 4.0, 104, 0, Character.forDigit(message.charAt(i), Character.offsetByCodePoints(i, i, i, i), Character.offsetByCodePoints(i, i, i, i)), 17.0
9, 31568, -1.5, 1.0, -0.5, 4.5, 104, 0, Character.forDigit(message.charAt(i), Character.offsetByCodePoints(i, i, i, i), Character.offsetByCodePoints(i, i, i, i)), 22.0
9, 31569, -1.5, 1.0, -0.5, 5.0, 104, 0, Character.forDigit(message.charAt(i), Character.offsetByCodePoints(i, i, i, i), Character.offsetByCodePoints(i, i, i, i)), 27.0
9, 31570, -1.5, 1.0, 0.0, 0.0, 9, 0, charAt(), 0.5
9, 31571, -1.5, 1.0, 0.0, 0.5, 0, 0, message.charAt(i), 0.5
9, 31572, -1.5, 1.0, 0.0, 1.0, 0, 0, message.charAt(i), 1.5
9, 31573, -1.5, 1.0, 0.0, 1.5, 0, 0, message.charAt(i), 2.5
9, 31574, -1.5, 1.0, 0.0, 2.0, 16, 0, i.insert(message, i, i).charAt(i), 3.5
9, 31575, -1.5, 1.0, 0.0, 2.5, 104, 0, Character.forDigit(message.charAt(i), Character.offsetByCodePoints(i, i, i, i), Character.offsetByCodePoints(i, i, i, i)), 8.0
9, 31576, -1.5, 1.0, 0.0, 3.0, 104, 0, Character.forDigit(message.charAt(i), Character.offsetByCodePoints(i, i, i, i), Character.offsetByCodePoints(i, i, i, i)), 13.0
9, 31577, -1.5, 1.0, 0.0, 3.5, 104, 0, Character.forDigit(message.charAt(i), Character.offsetByCodePoints(i, i, i, i), Character.offsetByCodePoints(i, i, i, i)), 18.0
9, 31578, -1.5, 1.0, 0.0, 4.0, 104, 0, Character.forDigit(message.charAt(i), Character.offsetByCodePoints(i, i, i, i), Character.offsetByCodePoints(i, i, i, i)), 23.0
9, 31579, -1.5, 1.0, 0.0, 4.5, 104, 0, Character.forDigit(message.charAt(i), Character.offsetByCodePoints(i, i, i, i), Character.offsetByCodePoints(i, i, i, i)), 28.0
9, 31580, -1.5, 1.0, 0.0, 5.0, 104, 0, Character.forDigit(message.charAt(i), Character.offsetByCodePoints(i, i, i, i), Character.offsetByCodePoints(i, i, i, i)), 33.0
9, 31581, -1.0, 1.0, -5.0, 0.0, 0, 0, message.charAt(i), 1.0
9, 31582, -1.0, 1.0, -5.0, 0.5, 0, 0, message.charAt(i), 2.0
9, 31583, -1.0, 1.0, -5.0, 1.0, 0, 0, message.charAt(i), 3.0
9, 31584, -1.0, 1.0, -5.0, 1.5, 0, 0, message.charAt(i), 4.0
9, 31585, -1.0, 1.0, -5.0, 2.0, 0, 0, message.charAt(i), 5.0
9, 31586, -1.0, 1.0, -5.0, 2.5, 0, 0, message.charAt(i), 6.0
9, 31587, -1.0, 1.0, -5.0, 3.0, 0, 0, message.charAt(i), 7.0
9, 31588, -1.0, 1.0, -5.0, 3.5, 16, 0, i.insert(message, i, i).charAt(i), 9.5
9, 31589, -1.0, 1.0, -5.0, 4.0, 16, 0, i.insert(message, i, i).charAt(i), 12.0
9, 31590, -1.0, 1.0, -5.0, 4.5, 16, 0, i.insert(message, i, i).charAt(i), 14.5
9, 31591, -1.0, 1.0, -5.0, 5.0, 16, 0, i.insert(message, i, i).charAt(i), 17.0
9, 31592, -1.0, 1.0, -4.5, 0.0, 0, 0, message.charAt(i), 1.0
9, 31593, -1.0, 1.0, -4.5, 0.5, 0, 0, message.charAt(i), 2.0
9, 31594, -1.0, 1.0, -4.5, 1.0, 0, 0, message.charAt(i), 3.0
9, 31595, -1.0, 1.0, -4.5, 1.5, 0, 0, message.charAt(i), 4.0
9, 31596, -1.0, 1.0, -4.5, 2.0, 0, 0, message.charAt(i), 5.0
9, 31597, -1.0, 1.0, -4.5, 2.5, 0, 0, message.charAt(i), 6.0
9, 31598, -1.0, 1.0, -4.5, 3.0, 16, 0, i.insert(message, i, i).charAt(i), 7.5
9, 31599, -1.0, 1.0, -4.5, 3.5, 16, 0, i.insert(message, i, i).charAt(i), 10.0
9, 31600, -1.0, 1.0, -4.5, 4.0, 16, 0, i.insert(message, i, i).charAt(i), 12.5
9, 31601, -1.0, 1.0, -4.5, 4.5, 16, 0, i.insert(message, i, i).charAt(i), 15.0
9, 31602, -1.0, 1.0, -4.5, 5.0, 16, 0, i.insert(message, i, i).charAt(i), 17.5
9, 31603, -1.0, 1.0, -4.0, 0.0, 0, 0, message.charAt(i), 1.0
9, 31604, -1.0, 1.0, -4.0, 0.5, 0, 0, message.charAt(i), 2.0
9, 31605, -1.0, 1.0, -4.0, 1.0, 0, 0, message.charAt(i), 3.0
9, 31606, -1.0, 1.0, -4.0, 1.5, 0, 0, message.charAt(i), 4.0
9, 31607, -1.0, 1.0, -4.0, 2.0, 0, 0, message.charAt(i), 5.0
9, 31608, -1.0, 1.0, -4.0, 2.5, 0, 0, message.charAt(i), 6.0
9, 31609, -1.0, 1.0, -4.0, 3.0, 16, 0, i.insert(message, i, i).charAt(i), 8.0
9, 31610, -1.0, 1.0, -4.0, 3.5, 16, 0, i.insert(message, i, i).charAt(i), 10.5
9, 31611, -1.0, 1.0, -4.0, 4.0, 16, 0, i.insert(message, i, i).charAt(i), 13.0
9, 31612, -1.0, 1.0, -4.0, 4.5, 16, 0, i.insert(message, i, i).charAt(i), 15.5
9, 31613, -1.0, 1.0, -4.0, 5.0, 16, 0, i.insert(message, i, i).charAt(i), 18.0
9, 31614, -1.0, 1.0, -3.5, 0.0, 0, 0, message.charAt(i), 1.0
9, 31615, -1.0, 1.0, -3.5, 0.5, 0, 0, message.charAt(i), 2.0
9, 31616, -1.0, 1.0, -3.5, 1.0, 0, 0, message.charAt(i), 3.0
9, 31617, -1.0, 1.0, -3.5, 1.5, 0, 0, message.charAt(i), 4.0
9, 31618, -1.0, 1.0, -3.5, 2.0, 0, 0, message.charAt(i), 5.0
9, 31619, -1.0, 1.0, -3.5, 2.5, 0, 0, message.charAt(i), 6.0
9, 31620, -1.0, 1.0, -3.5, 3.0, 16, 0, i.insert(message, i, i).charAt(i), 8.5
9, 31621, -1.0, 1.0, -3.5, 3.5, 16, 0, i.insert(message, i, i).charAt(i), 11.0
9, 31622, -1.0, 1.0, -3.5, 4.0, 16, 0, i.insert(message, i, i).charAt(i), 13.5
9, 31623, -1.0, 1.0, -3.5, 4.5, 16, 0, i.insert(message, i, i).charAt(i), 16.0
9, 31624, -1.0, 1.0, -3.5, 5.0, 16, 0, i.insert(message, i, i).charAt(i), 18.5
9, 31625, -1.0, 1.0, -3.0, 0.0, 0, 0, message.charAt(i), 1.0
9, 31626, -1.0, 1.0, -3.0, 0.5, 0, 0, message.charAt(i), 2.0
9, 31627, -1.0, 1.0, -3.0, 1.0, 0, 0, message.charAt(i), 3.0
9, 31628, -1.0, 1.0, -3.0, 1.5, 0, 0, message.charAt(i), 4.0
9, 31629, -1.0, 1.0, -3.0, 2.0, 0, 0, message.charAt(i), 5.0
9, 31630, -1.0, 1.0, -3.0, 2.5, 16, 0, i.insert(message, i, i).charAt(i), 6.5
9, 31631, -1.0, 1.0, -3.0, 3.0, 16, 0, i.insert(message, i, i).charAt(i), 9.0
9, 31632, -1.0, 1.0, -3.0, 3.5, 16, 0, i.insert(message, i, i).charAt(i), 11.5
9, 31633, -1.0, 1.0, -3.0, 4.0, 16, 0, i.insert(message, i, i).charAt(i), 14.0
9, 31634, -1.0, 1.0, -3.0, 4.5, 16, 0, i.insert(message, i, i).charAt(i), 16.5
9, 31635, -1.0, 1.0, -3.0, 5.0, 16, 0, i.insert(message, i, i).charAt(i), 19.0
9, 31636, -1.0, 1.0, -2.5, 0.0, 0, 0, message.charAt(i), 1.0
9, 31637, -1.0, 1.0, -2.5, 0.5, 0, 0, message.charAt(i), 2.0
9, 31638, -1.0, 1.0, -2.5, 1.0, 0, 0, message.charAt(i), 3.0
9, 31639, -1.0, 1.0, -2.5, 1.5, 0, 0, message.charAt(i), 4.0
9, 31640, -1.0, 1.0, -2.5, 2.0, 0, 0, message.charAt(i), 5.0
9, 31641, -1.0, 1.0, -2.5, 2.5, 16, 0, i.insert(message, i, i).charAt(i), 7.0
9, 31642, -1.0, 1.0, -2.5, 3.0, 16, 0, i.insert(message, i, i).charAt(i), 9.5
9, 31643, -1.0, 1.0, -2.5, 3.5, 16, 0, i.insert(message, i, i).charAt(i), 12.0
9, 31644, -1.0, 1.0, -2.5, 4.0, 16, 0, i.insert(message, i, i).charAt(i), 14.5
9, 31645, -1.0, 1.0, -2.5, 4.5, 16, 0, i.insert(message, i, i).charAt(i), 17.0
9, 31646, -1.0, 1.0, -2.5, 5.0, 41, 0, i.insert(message, i, i).charAt(Integer.decode(i, message)), 20.0
9, 31647, -1.0, 1.0, -2.0, 0.0, 0, 0, message.charAt(i), 1.0
9, 31648, -1.0, 1.0, -2.0, 0.5, 0, 0, message.charAt(i), 2.0
9, 31649, -1.0, 1.0, -2.0, 1.0, 0, 0, message.charAt(i), 3.0
9, 31650, -1.0, 1.0, -2.0, 1.5, 0, 0, message.charAt(i), 4.0
9, 31651, -1.0, 1.0, -2.0, 2.0, 0, 0, message.charAt(i), 5.0
9, 31652, -1.0, 1.0, -2.0, 2.5, 16, 0, i.insert(message, i, i).charAt(i), 7.5
9, 31653, -1.0, 1.0, -2.0, 3.0, 16, 0, i.insert(message, i, i).charAt(i), 10.0
9, 31654, -1.0, 1.0, -2.0, 3.5, 16, 0, i.insert(message, i, i).charAt(i), 12.5
9, 31655, -1.0, 1.0, -2.0, 4.0, 16, 0, i.insert(message, i, i).charAt(i), 15.0
9, 31656, -1.0, 1.0, -2.0, 4.5, 41, 0, i.insert(message, i, i).charAt(Integer.decode(i, message)), 18.0
9, 31657, -1.0, 1.0, -2.0, 5.0, 55, 0, i.insert(message, i, i).charAt(Character.offsetByCodePoints(i, i, i, i)), 21.0
9, 31658, -1.0, 1.0, -1.5, 0.0, 0, 0, message.charAt(i), 1.0
9, 31659, -1.0, 1.0, -1.5, 0.5, 0, 0, message.charAt(i), 2.0
9, 31660, -1.0, 1.0, -1.5, 1.0, 0, 0, message.charAt(i), 3.0
9, 31661, -1.0, 1.0, -1.5, 1.5, 0, 0, message.charAt(i), 4.0
9, 31662, -1.0, 1.0, -1.5, 2.0, 16, 0, i.insert(message, i, i).charAt(i), 5.5
9, 31663, -1.0, 1.0, -1.5, 2.5, 16, 0, i.insert(message, i, i).charAt(i), 8.0
9, 31664, -1.0, 1.0, -1.5, 3.0, 16, 0, i.insert(message, i, i).charAt(i), 10.5
9, 31665, -1.0, 1.0, -1.5, 3.5, 16, 0, i.insert(message, i, i).charAt(i), 13.0
9, 31666, -1.0, 1.0, -1.5, 4.0, 55, 0, i.insert(message, i, i).charAt(Character.offsetByCodePoints(i, i, i, i)), 16.0
9, 31667, -1.0, 1.0, -1.5, 4.5, 46, 0, i.insert(message, i, i).charAt(Integer.parseInt(i, message, i)), 21.0
9, 31668, -1.0, 1.0, -1.5, 5.0, 46, 0, i.insert(message, i, i).charAt(Integer.parseInt(i, message, i)), 24.5
9, 31669, -1.0, 1.0, -1.0, 0.0, 0, 0, message.charAt(i), 1.0
9, 31670, -1.0, 1.0, -1.0, 0.5, 0, 0, message.charAt(i), 2.0
9, 31671, -1.0, 1.0, -1.0, 1.0, 0, 0, message.charAt(i), 3.0
9, 31672, -1.0, 1.0, -1.0, 1.5, 0, 0, message.charAt(i), 4.0
9, 31673, -1.0, 1.0, -1.0, 2.0, 16, 0, i.insert(message, i, i).charAt(i), 6.0
9, 31674, -1.0, 1.0, -1.0, 2.5, 16, 0, i.insert(message, i, i).charAt(i), 8.5
9, 31675, -1.0, 1.0, -1.0, 3.0, 16, 0, i.insert(message, i, i).charAt(i), 11.0
9, 31676, -1.0, 1.0, -1.0, 3.5, 46, 0, i.insert(message, i, i).charAt(Integer.parseInt(i, message, i)), 15.5
9, 31677, -1.0, 1.0, -1.0, 4.0, 55, 0, i.insert(message, i, i).charAt(Character.offsetByCodePoints(i, i, i, i)), 19.0
9, 31678, -1.0, 1.0, -1.0, 4.5, 104, 0, Character.forDigit(message.charAt(i), Character.offsetByCodePoints(i, i, i, i), Character.offsetByCodePoints(i, i, i, i)), 23.0
9, 31679, -1.0, 1.0, -1.0, 5.0, 104, 0, Character.forDigit(message.charAt(i), Character.offsetByCodePoints(i, i, i, i), Character.offsetByCodePoints(i, i, i, i)), 28.0
9, 31680, -1.0, 1.0, -0.5, 0.0, 0, 0, message.charAt(i), 1.0
9, 31681, -1.0, 1.0, -0.5, 0.5, 0, 0, message.charAt(i), 2.0
9, 31682, -1.0, 1.0, -0.5, 1.0, 0, 0, message.charAt(i), 3.0
9, 31683, -1.0, 1.0, -0.5, 1.5, 0, 0, message.charAt(i), 4.0
9, 31684, -1.0, 1.0, -0.5, 2.0, 16, 0, i.insert(message, i, i).charAt(i), 6.5
9, 31685, -1.0, 1.0, -0.5, 2.5, 46, 0, i.insert(message, i, i).charAt(Integer.parseInt(i, message, i)), 10.0
9, 31686, -1.0, 1.0, -0.5, 3.0, 104, 0, Character.forDigit(message.charAt(i), Character.offsetByCodePoints(i, i, i, i), Character.offsetByCodePoints(i, i, i, i)), 14.0
9, 31687, -1.0, 1.0, -0.5, 3.5, 104, 0, Character.forDigit(message.charAt(i), Character.offsetByCodePoints(i, i, i, i), Character.offsetByCodePoints(i, i, i, i)), 19.0
9, 31688, -1.0, 1.0, -0.5, 4.0, 104, 0, Character.forDigit(message.charAt(i), Character.offsetByCodePoints(i, i, i, i), Character.offsetByCodePoints(i, i, i, i)), 24.0
9, 31689, -1.0, 1.0, -0.5, 4.5, 104, 0, Character.forDigit(message.charAt(i), Character.offsetByCodePoints(i, i, i, i), Character.offsetByCodePoints(i, i, i, i)), 29.0
9, 31690, -1.0, 1.0, -0.5, 5.0, 104, 0, Character.forDigit(message.charAt(i), Character.offsetByCodePoints(i, i, i, i), Character.offsetByCodePoints(i, i, i, i)), 34.0
9, 31691, -1.0, 1.0, 0.0, 0.0, 16, 0, Character.MIN_VALUE, 0.0
9, 31692, -1.0, 1.0, 0.0, 0.5, 0, 0, message.charAt(i), 2.0
9, 31693, -1.0, 1.0, 0.0, 1.0, 0, 0, message.charAt(i), 3.0
9, 31694, -1.0, 1.0, 0.0, 1.5, 104, 0, Character.forDigit(message.charAt(i), Character.offsetByCodePoints(i, i, i, i), Character.offsetByCodePoints(i, i, i, i)), 5.0
9, 31695, -1.0, 1.0, 0.0, 2.0, 104, 0, Character.forDigit(message.charAt(i), Character.offsetByCodePoints(i, i, i, i), Character.offsetByCodePoints(i, i, i, i)), 10.0
9, 31696, -1.0, 1.0, 0.0, 2.5, 104, 0, Character.forDigit(message.charAt(i), Character.offsetByCodePoints(i, i, i, i), Character.offsetByCodePoints(i, i, i, i)), 15.0
9, 31697, -1.0, 1.0, 0.0, 3.0, 104, 0, Character.forDigit(message.charAt(i), Character.offsetByCodePoints(i, i, i, i), Character.offsetByCodePoints(i, i, i, i)), 20.0
9, 31698, -1.0, 1.0, 0.0, 3.5, 104, 0, Character.forDigit(message.charAt(i), Character.offsetByCodePoints(i, i, i, i), Character.offsetByCodePoints(i, i, i, i)), 25.0
9, 31699, -1.0, 1.0, 0.0, 4.0, 104, 0, Character.forDigit(message.charAt(i), Character.offsetByCodePoints(i, i, i, i), Character.offsetByCodePoints(i, i, i, i)), 30.0
9, 31700, -1.0, 1.0, 0.0, 4.5, 104, 0, Character.forDigit(message.charAt(i), Character.offsetByCodePoints(i, i, i, i), Character.offsetByCodePoints(i, i, i, i)), 35.0
9, 31701, -1.0, 1.0, 0.0, 5.0, 104, 0, Character.forDigit(message.charAt(i), Character.offsetByCodePoints(i, i, i, i), Character.offsetByCodePoints(i, i, i, i)), 40.0
9, 31702, -0.5, 1.0, -5.0, 0.0, 0, 0, message.charAt(i), 2.5
9, 31703, -0.5, 1.0, -5.0, 0.5, 0, 0, message.charAt(i), 3.5
9, 31704, -0.5, 1.0, -5.0, 1.0, 0, 0, message.charAt(i), 4.5
9, 31705, -0.5, 1.0, -5.0, 1.5, 0, 0, message.charAt(i), 5.5
9, 31706, -0.5, 1.0, -5.0, 2.0, 0, 0, message.charAt(i), 6.5
9, 31707, -0.5, 1.0, -5.0, 2.5, 16, 0, i.insert(message, i, i).charAt(i), 8.0
9, 31708, -0.5, 1.0, -5.0, 3.0, 16, 0, i.insert(message, i, i).charAt(i), 10.5
9, 31709, -0.5, 1.0, -5.0, 3.5, 16, 0, i.insert(message, i, i).charAt(i), 13.0
9, 31710, -0.5, 1.0, -5.0, 4.0, 16, 0, i.insert(message, i, i).charAt(i), 15.5
9, 31711, -0.5, 1.0, -5.0, 4.5, 16, 0, i.insert(message, i, i).charAt(i), 18.0
9, 31712, -0.5, 1.0, -5.0, 5.0, 16, 0, i.insert(message, i, i).charAt(i), 20.5
9, 31713, -0.5, 1.0, -4.5, 0.0, 0, 0, message.charAt(i), 2.5
9, 31714, -0.5, 1.0, -4.5, 0.5, 0, 0, message.charAt(i), 3.5
9, 31715, -0.5, 1.0, -4.5, 1.0, 0, 0, message.charAt(i), 4.5
9, 31716, -0.5, 1.0, -4.5, 1.5, 0, 0, message.charAt(i), 5.5
9, 31717, -0.5, 1.0, -4.5, 2.0, 0, 0, message.charAt(i), 6.5
9, 31718, -0.5, 1.0, -4.5, 2.5, 16, 0, i.insert(message, i, i).charAt(i), 8.5
9, 31719, -0.5, 1.0, -4.5, 3.0, 16, 0, i.insert(message, i, i).charAt(i), 11.0
9, 31720, -0.5, 1.0, -4.5, 3.5, 16, 0, i.insert(message, i, i).charAt(i), 13.5
9, 31721, -0.5, 1.0, -4.5, 4.0, 16, 0, i.insert(message, i, i).charAt(i), 16.0
9, 31722, -0.5, 1.0, -4.5, 4.5, 16, 0, i.insert(message, i, i).charAt(i), 18.5
9, 31723, -0.5, 1.0, -4.5, 5.0, 16, 0, i.insert(message, i, i).charAt(i), 21.0
9, 31724, -0.5, 1.0, -4.0, 0.0, 0, 0, message.charAt(i), 2.5
9, 31725, -0.5, 1.0, -4.0, 0.5, 0, 0, message.charAt(i), 3.5
9, 31726, -0.5, 1.0, -4.0, 1.0, 0, 0, message.charAt(i), 4.5
9, 31727, -0.5, 1.0, -4.0, 1.5, 0, 0, message.charAt(i), 5.5
9, 31728, -0.5, 1.0, -4.0, 2.0, 0, 0, message.charAt(i), 6.5
9, 31729, -0.5, 1.0, -4.0, 2.5, 16, 0, i.insert(message, i, i).charAt(i), 9.0
9, 31730, -0.5, 1.0, -4.0, 3.0, 16, 0, i.insert(message, i, i).charAt(i), 11.5
9, 31731, -0.5, 1.0, -4.0, 3.5, 16, 0, i.insert(message, i, i).charAt(i), 14.0
9, 31732, -0.5, 1.0, -4.0, 4.0, 16, 0, i.insert(message, i, i).charAt(i), 16.5
9, 31733, -0.5, 1.0, -4.0, 4.5, 16, 0, i.insert(message, i, i).charAt(i), 19.0
9, 31734, -0.5, 1.0, -4.0, 5.0, 16, 0, i.insert(message, i, i).charAt(i), 21.5
9, 31735, -0.5, 1.0, -3.5, 0.0, 0, 0, message.charAt(i), 2.5
9, 31736, -0.5, 1.0, -3.5, 0.5, 0, 0, message.charAt(i), 3.5
9, 31737, -0.5, 1.0, -3.5, 1.0, 0, 0, message.charAt(i), 4.5
9, 31738, -0.5, 1.0, -3.5, 1.5, 0, 0, message.charAt(i), 5.5
9, 31739, -0.5, 1.0, -3.5, 2.0, 16, 0, i.insert(message, i, i).charAt(i), 7.0
9, 31740, -0.5, 1.0, -3.5, 2.5, 16, 0, i.insert(message, i, i).charAt(i), 9.5
9, 31741, -0.5, 1.0, -3.5, 3.0, 16, 0, i.insert(message, i, i).charAt(i), 12.0
9, 31742, -0.5, 1.0, -3.5, 3.5, 16, 0, i.insert(message, i, i).charAt(i), 14.5
9, 31743, -0.5, 1.0, -3.5, 4.0, 16, 0, i.insert(message, i, i).charAt(i), 17.0
9, 31744, -0.5, 1.0, -3.5, 4.5, 16, 0, i.insert(message, i, i).charAt(i), 19.5
9, 31745, -0.5, 1.0, -3.5, 5.0, 41, 0, i.insert(message, i, i).charAt(Integer.decode(i, message)), 22.5
9, 31746, -0.5, 1.0, -3.0, 0.0, 0, 0, message.charAt(i), 2.5
9, 31747, -0.5, 1.0, -3.0, 0.5, 0, 0, message.charAt(i), 3.5
9, 31748, -0.5, 1.0, -3.0, 1.0, 0, 0, message.charAt(i), 4.5
9, 31749, -0.5, 1.0, -3.0, 1.5, 0, 0, message.charAt(i), 5.5
9, 31750, -0.5, 1.0, -3.0, 2.0, 16, 0, i.insert(message, i, i).charAt(i), 7.5
9, 31751, -0.5, 1.0, -3.0, 2.5, 16, 0, i.insert(message, i, i).charAt(i), 10.0
9, 31752, -0.5, 1.0, -3.0, 3.0, 16, 0, i.insert(message, i, i).charAt(i), 12.5
9, 31753, -0.5, 1.0, -3.0, 3.5, 16, 0, i.insert(message, i, i).charAt(i), 15.0
9, 31754, -0.5, 1.0, -3.0, 4.0, 16, 0, i.insert(message, i, i).charAt(i), 17.5
9, 31755, -0.5, 1.0, -3.0, 4.5, 41, 0, i.insert(message, i, i).charAt(Integer.decode(i, message)), 20.5
9, 31756, -0.5, 1.0, -3.0, 5.0, 41, 0, i.insert(message, i, i).charAt(Integer.decode(i, message)), 23.5
9, 31757, -0.5, 1.0, -2.5, 0.0, 0, 0, message.charAt(i), 2.5
9, 31758, -0.5, 1.0, -2.5, 0.5, 0, 0, message.charAt(i), 3.5
9, 31759, -0.5, 1.0, -2.5, 1.0, 0, 0, message.charAt(i), 4.5
9, 31760, -0.5, 1.0, -2.5, 1.5, 0, 0, message.charAt(i), 5.5
9, 31761, -0.5, 1.0, -2.5, 2.0, 16, 0, i.insert(message, i, i).charAt(i), 8.0
9, 31762, -0.5, 1.0, -2.5, 2.5, 16, 0, i.insert(message, i, i).charAt(i), 10.5
9, 31763, -0.5, 1.0, -2.5, 3.0, 16, 0, i.insert(message, i, i).charAt(i), 13.0
9, 31764, -0.5, 1.0, -2.5, 3.5, 16, 0, i.insert(message, i, i).charAt(i), 15.5
9, 31765, -0.5, 1.0, -2.5, 4.0, 41, 0, i.insert(message, i, i).charAt(Integer.decode(i, message)), 18.5
9, 31766, -0.5, 1.0, -2.5, 4.5, 41, 0, i.insert(message, i, i).charAt(Integer.decode(i, message)), 21.5
9, 31767, -0.5, 1.0, -2.5, 5.0, 41, 0, i.insert(message, i, i).charAt(Integer.decode(i, message)), 24.5
9, 31768, -0.5, 1.0, -2.0, 0.0, 0, 0, message.charAt(i), 2.5
9, 31769, -0.5, 1.0, -2.0, 0.5, 0, 0, message.charAt(i), 3.5
9, 31770, -0.5, 1.0, -2.0, 1.0, 0, 0, message.charAt(i), 4.5
9, 31771, -0.5, 1.0, -2.0, 1.5, 16, 0, i.insert(message, i, i).charAt(i), 6.0
9, 31772, -0.5, 1.0, -2.0, 2.0, 16, 0, i.insert(message, i, i).charAt(i), 8.5
9, 31773, -0.5, 1.0, -2.0, 2.5, 16, 0, i.insert(message, i, i).charAt(i), 11.0
9, 31774, -0.5, 1.0, -2.0, 3.0, 16, 0, i.insert(message, i, i).charAt(i), 13.5
9, 31775, -0.5, 1.0, -2.0, 3.5, 41, 0, i.insert(message, i, i).charAt(Integer.decode(i, message)), 16.5
9, 31776, -0.5, 1.0, -2.0, 4.0, 41, 0, i.insert(message, i, i).charAt(Integer.decode(i, message)), 19.5
9, 31777, -0.5, 1.0, -2.0, 4.5, 46, 0, i.insert(message, i, i).charAt(Integer.parseInt(i, message, i)), 24.5
9, 31778, -0.5, 1.0, -2.0, 5.0, 46, 0, i.insert(message, i, i).charAt(Integer.parseInt(i, message, i)), 28.0
9, 31779, -0.5, 1.0, -1.5, 0.0, 0, 0, message.charAt(i), 2.5
9, 31780, -0.5, 1.0, -1.5, 0.5, 0, 0, message.charAt(i), 3.5
9, 31781, -0.5, 1.0, -1.5, 1.0, 0, 0, message.charAt(i), 4.5
9, 31782, -0.5, 1.0, -1.5, 1.5, 16, 0, i.insert(message, i, i).charAt(i), 6.5
9, 31783, -0.5, 1.0, -1.5, 2.0, 16, 0, i.insert(message, i, i).charAt(i), 9.0
9, 31784, -0.5, 1.0, -1.5, 2.5, 16, 0, i.insert(message, i, i).charAt(i), 11.5
9, 31785, -0.5, 1.0, -1.5, 3.0, 41, 0, i.insert(message, i, i).charAt(Integer.decode(i, message)), 14.5
9, 31786, -0.5, 1.0, -1.5, 3.5, 46, 0, i.insert(message, i, i).charAt(Integer.parseInt(i, message, i)), 19.0
9, 31787, -0.5, 1.0, -1.5, 4.0, 46, 0, i.insert(message, i, i).charAt(Integer.parseInt(i, message, i)), 22.5
9, 31788, -0.5, 1.0, -1.5, 4.5, 46, 0, i.insert(message, i, i).charAt(Integer.parseInt(i, message, i)), 26.0
9, 31789, -0.5, 1.0, -1.5, 5.0, 55, 0, i.insert(message, i, i).charAt(Character.offsetByCodePoints(i, i, i, i)), 29.5
9, 31790, -0.5, 1.0, -1.0, 0.0, 0, 0, message.charAt(i), 2.5
9, 31791, -0.5, 1.0, -1.0, 0.5, 0, 0, message.charAt(i), 3.5
9, 31792, -0.5, 1.0, -1.0, 1.0, 0, 0, message.charAt(i), 4.5
9, 31793, -0.5, 1.0, -1.0, 1.5, 16, 0, i.insert(message, i, i).charAt(i), 7.0
9, 31794, -0.5, 1.0, -1.0, 2.0, 16, 0, i.insert(message, i, i).charAt(i), 9.5
9, 31795, -0.5, 1.0, -1.0, 2.5, 46, 0, i.insert(message, i, i).charAt(Integer.parseInt(i, message, i)), 13.5
9, 31796, -0.5, 1.0, -1.0, 3.0, 46, 0, i.insert(message, i, i).charAt(Integer.parseInt(i, message, i)), 17.0
9, 31797, -0.5, 1.0, -1.0, 3.5, 55, 0, i.insert(message, i, i).charAt(Character.offsetByCodePoints(i, i, i, i)), 20.5
9, 31798, -0.5, 1.0, -1.0, 4.0, 104, 0, Character.forDigit(message.charAt(i), Character.offsetByCodePoints(i, i, i, i), Character.offsetByCodePoints(i, i, i, i)), 25.0
9, 31799, -0.5, 1.0, -1.0, 4.5, 104, 0, Character.forDigit(message.charAt(i), Character.offsetByCodePoints(i, i, i, i), Character.offsetByCodePoints(i, i, i, i)), 30.0
9, 31800, -0.5, 1.0, -1.0, 5.0, 104, 0, Character.forDigit(message.charAt(i), Character.offsetByCodePoints(i, i, i, i), Character.offsetByCodePoints(i, i, i, i)), 35.0
9, 31801, -0.5, 1.0, -0.5, 0.0, 0, 0, message.charAt(i), 2.5
9, 31802, -0.5, 1.0, -0.5, 0.5, 0, 0, message.charAt(i), 3.5
9, 31803, -0.5, 1.0, -0.5, 1.0, 16, 0, i.insert(message, i, i).charAt(i), 5.0
9, 31804, -0.5, 1.0, -0.5, 1.5, 46, 0, i.insert(message, i, i).charAt(Integer.parseInt(i, message, i)), 8.0
9, 31805, -0.5, 1.0, -0.5, 2.0, 46, 0, i.insert(message, i, i).charAt(Integer.parseInt(i, message, i)), 11.5
9, 31806, -0.5, 1.0, -0.5, 2.5, 104, 0, Character.forDigit(message.charAt(i), Character.offsetByCodePoints(i, i, i, i), Character.offsetByCodePoints(i, i, i, i)), 16.0
9, 31807, -0.5, 1.0, -0.5, 3.0, 104, 0, Character.forDigit(message.charAt(i), Character.offsetByCodePoints(i, i, i, i), Character.offsetByCodePoints(i, i, i, i)), 21.0
9, 31808, -0.5, 1.0, -0.5, 3.5, 104, 0, Character.forDigit(message.charAt(i), Character.offsetByCodePoints(i, i, i, i), Character.offsetByCodePoints(i, i, i, i)), 26.0
9, 31809, -0.5, 1.0, -0.5, 4.0, 104, 0, Character.forDigit(message.charAt(i), Character.offsetByCodePoints(i, i, i, i), Character.offsetByCodePoints(i, i, i, i)), 31.0
9, 31810, -0.5, 1.0, -0.5, 4.5, 104, 0, Character.forDigit(message.charAt(i), Character.offsetByCodePoints(i, i, i, i), Character.offsetByCodePoints(i, i, i, i)), 36.0
9, 31811, -0.5, 1.0, -0.5, 5.0, 104, 0, Character.forDigit(message.charAt(i), Character.offsetByCodePoints(i, i, i, i), Character.offsetByCodePoints(i, i, i, i)), 41.0
9, 31812, -0.5, 1.0, 0.0, 0.0, 53, 0, getLocalizedMessage().charAt(Character.MIN_SUPPLEMENTARY_CODE_POINT), 2.5
9, 31813, -0.5, 1.0, 0.0, 0.5, 23, 0, Character.toUpperCase(message.charAt(i)), 3.0
9, 31814, -0.5, 1.0, 0.0, 1.0, 104, 0, Character.forDigit(message.charAt(i), Character.offsetByCodePoints(i, i, i, i), Character.offsetByCodePoints(i, i, i, i)), 7.0
9, 31815, -0.5, 1.0, 0.0, 1.5, 104, 0, Character.forDigit(message.charAt(i), Character.offsetByCodePoints(i, i, i, i), Character.offsetByCodePoints(i, i, i, i)), 12.0
9, 31816, -0.5, 1.0, 0.0, 2.0, 104, 0, Character.forDigit(message.charAt(i), Character.offsetByCodePoints(i, i, i, i), Character.offsetByCodePoints(i, i, i, i)), 17.0
9, 31817, -0.5, 1.0, 0.0, 2.5, 104, 0, Character.forDigit(message.charAt(i), Character.offsetByCodePoints(i, i, i, i), Character.offsetByCodePoints(i, i, i, i)), 22.0
9, 31818, -0.5, 1.0, 0.0, 3.0, 104, 0, Character.forDigit(message.charAt(i), Character.offsetByCodePoints(i, i, i, i), Character.offsetByCodePoints(i, i, i, i)), 27.0
9, 31819, -0.5, 1.0, 0.0, 3.5, 104, 0, Character.forDigit(message.charAt(i), Character.offsetByCodePoints(i, i, i, i), Character.offsetByCodePoints(i, i, i, i)), 32.0
9, 31820, -0.5, 1.0, 0.0, 4.0, 104, 0, Character.forDigit(message.charAt(i), Character.offsetByCodePoints(i, i, i, i), Character.offsetByCodePoints(i, i, i, i)), 37.0
9, 31821, -0.5, 1.0, 0.0, 4.5, 104, 0, Character.forDigit(message.charAt(i), Character.offsetByCodePoints(i, i, i, i), Character.offsetByCodePoints(i, i, i, i)), 42.0
9, 31822, -0.5, 1.0, 0.0, 5.0, 104, 0, Character.forDigit(message.charAt(i), Character.offsetByCodePoints(i, i, i, i), Character.offsetByCodePoints(i, i, i, i)), 47.0
9, 31823, 0.0, 1.0, -5.0, 0.0, 0, 0, message.charAt(i), 4.0
9, 31824, 0.0, 1.0, -5.0, 0.5, 0, 0, message.charAt(i), 5.0
9, 31825, 0.0, 1.0, -5.0, 1.0, 0, 0, message.charAt(i), 6.0
9, 31826, 0.0, 1.0, -5.0, 1.5, 0, 0, message.charAt(i), 7.0
9, 31827, 0.0, 1.0, -5.0, 2.0, 16, 0, i.insert(message, i, i).charAt(i), 9.0
9, 31828, 0.0, 1.0, -5.0, 2.5, 16, 0, i.insert(message, i, i).charAt(i), 11.5
9, 31829, 0.0, 1.0, -5.0, 3.0, 16, 0, i.insert(message, i, i).charAt(i), 14.0
9, 31830, 0.0, 1.0, -5.0, 3.5, 16, 0, i.insert(message, i, i).charAt(i), 16.5
9, 31831, 0.0, 1.0, -5.0, 4.0, 16, 0, i.insert(message, i, i).charAt(i), 19.0
9, 31832, 0.0, 1.0, -5.0, 4.5, 16, 0, i.insert(message, i, i).charAt(i), 21.5
9, 31833, 0.0, 1.0, -5.0, 5.0, 16, 0, i.insert(message, i, i).charAt(i), 24.0
9, 31834, 0.0, 1.0, -4.5, 0.0, 0, 0, message.charAt(i), 4.0
9, 31835, 0.0, 1.0, -4.5, 0.5, 0, 0, message.charAt(i), 5.0
9, 31836, 0.0, 1.0, -4.5, 1.0, 0, 0, message.charAt(i), 6.0
9, 31837, 0.0, 1.0, -4.5, 1.5, 0, 0, message.charAt(i), 7.0
9, 31838, 0.0, 1.0, -4.5, 2.0, 16, 0, i.insert(message, i, i).charAt(i), 9.5
9, 31839, 0.0, 1.0, -4.5, 2.5, 16, 0, i.insert(message, i, i).charAt(i), 12.0
9, 31840, 0.0, 1.0, -4.5, 3.0, 16, 0, i.insert(message, i, i).charAt(i), 14.5
9, 31841, 0.0, 1.0, -4.5, 3.5, 16, 0, i.insert(message, i, i).charAt(i), 17.0
9, 31842, 0.0, 1.0, -4.5, 4.0, 16, 0, i.insert(message, i, i).charAt(i), 19.5
9, 31843, 0.0, 1.0, -4.5, 4.5, 16, 0, i.insert(message, i, i).charAt(i), 22.0
9, 31844, 0.0, 1.0, -4.5, 5.0, 41, 0, i.insert(message, i, i).charAt(Integer.decode(i, message)), 25.0
9, 31845, 0.0, 1.0, -4.0, 0.0, 0, 0, message.charAt(i), 4.0
9, 31846, 0.0, 1.0, -4.0, 0.5, 0, 0, message.charAt(i), 5.0
9, 31847, 0.0, 1.0, -4.0, 1.0, 0, 0, message.charAt(i), 6.0
9, 31848, 0.0, 1.0, -4.0, 1.5, 16, 0, i.insert(message, i, i).charAt(i), 7.5
9, 31849, 0.0, 1.0, -4.0, 2.0, 16, 0, i.insert(message, i, i).charAt(i), 10.0
9, 31850, 0.0, 1.0, -4.0, 2.5, 16, 0, i.insert(message, i, i).charAt(i), 12.5
9, 31851, 0.0, 1.0, -4.0, 3.0, 16, 0, i.insert(message, i, i).charAt(i), 15.0
9, 31852, 0.0, 1.0, -4.0, 3.5, 16, 0, i.insert(message, i, i).charAt(i), 17.5
9, 31853, 0.0, 1.0, -4.0, 4.0, 16, 0, i.insert(message, i, i).charAt(i), 20.0
9, 31854, 0.0, 1.0, -4.0, 4.5, 41, 0, i.insert(message, i, i).charAt(Integer.decode(i, message)), 23.0
9, 31855, 0.0, 1.0, -4.0, 5.0, 41, 0, i.insert(message, i, i).charAt(Integer.decode(i, message)), 26.0
9, 31856, 0.0, 1.0, -3.5, 0.0, 0, 0, message.charAt(i), 4.0
9, 31857, 0.0, 1.0, -3.5, 0.5, 0, 0, message.charAt(i), 5.0
9, 31858, 0.0, 1.0, -3.5, 1.0, 0, 0, message.charAt(i), 6.0
9, 31859, 0.0, 1.0, -3.5, 1.5, 16, 0, i.insert(message, i, i).charAt(i), 8.0
9, 31860, 0.0, 1.0, -3.5, 2.0, 16, 0, i.insert(message, i, i).charAt(i), 10.5
9, 31861, 0.0, 1.0, -3.5, 2.5, 16, 0, i.insert(message, i, i).charAt(i), 13.0
9, 31862, 0.0, 1.0, -3.5, 3.0, 16, 0, i.insert(message, i, i).charAt(i), 15.5
9, 31863, 0.0, 1.0, -3.5, 3.5, 16, 0, i.insert(message, i, i).charAt(i), 18.0
9, 31864, 0.0, 1.0, -3.5, 4.0, 41, 0, i.insert(message, i, i).charAt(Integer.decode(i, message)), 21.0
9, 31865, 0.0, 1.0, -3.5, 4.5, 41, 0, i.insert(message, i, i).charAt(Integer.decode(i, message)), 24.0
9, 31866, 0.0, 1.0, -3.5, 5.0, 41, 0, i.insert(message, i, i).charAt(Integer.decode(i, message)), 27.0
9, 31867, 0.0, 1.0, -3.0, 0.0, 0, 0, message.charAt(i), 4.0
9, 31868, 0.0, 1.0, -3.0, 0.5, 0, 0, message.charAt(i), 5.0
9, 31869, 0.0, 1.0, -3.0, 1.0, 0, 0, message.charAt(i), 6.0
9, 31870, 0.0, 1.0, -3.0, 1.5, 16, 0, i.insert(message, i, i).charAt(i), 8.5
9, 31871, 0.0, 1.0, -3.0, 2.0, 16, 0, i.insert(message, i, i).charAt(i), 11.0
9, 31872, 0.0, 1.0, -3.0, 2.5, 16, 0, i.insert(message, i, i).charAt(i), 13.5
9, 31873, 0.0, 1.0, -3.0, 3.0, 16, 0, i.insert(message, i, i).charAt(i), 16.0
9, 31874, 0.0, 1.0, -3.0, 3.5, 41, 0, i.insert(message, i, i).charAt(Integer.decode(i, message)), 19.0
9, 31875, 0.0, 1.0, -3.0, 4.0, 41, 0, i.insert(message, i, i).charAt(Integer.decode(i, message)), 22.0
9, 31876, 0.0, 1.0, -3.0, 4.5, 41, 0, i.insert(message, i, i).charAt(Integer.decode(i, message)), 25.0
9, 31877, 0.0, 1.0, -3.0, 5.0, 41, 0, i.insert(message, i, i).charAt(Integer.decode(i, message)), 28.0
9, 31878, 0.0, 1.0, -2.5, 0.0, 0, 0, message.charAt(i), 4.0
9, 31879, 0.0, 1.0, -2.5, 0.5, 0, 0, message.charAt(i), 5.0
9, 31880, 0.0, 1.0, -2.5, 1.0, 16, 0, i.insert(message, i, i).charAt(i), 6.5
9, 31881, 0.0, 1.0, -2.5, 1.5, 16, 0, i.insert(message, i, i).charAt(i), 9.0
9, 31882, 0.0, 1.0, -2.5, 2.0, 16, 0, i.insert(message, i, i).charAt(i), 11.5
9, 31883, 0.0, 1.0, -2.5, 2.5, 16, 0, i.insert(message, i, i).charAt(i), 14.0
9, 31884, 0.0, 1.0, -2.5, 3.0, 41, 0, i.insert(message, i, i).charAt(Integer.decode(i, message)), 17.0
9, 31885, 0.0, 1.0, -2.5, 3.5, 41, 0, i.insert(message, i, i).charAt(Integer.decode(i, message)), 20.0
9, 31886, 0.0, 1.0, -2.5, 4.0, 41, 0, i.insert(message, i, i).charAt(Integer.decode(i, message)), 23.0
9, 31887, 0.0, 1.0, -2.5, 4.5, 46, 0, i.insert(message, i, i).charAt(Integer.parseInt(i, message, i)), 28.0
9, 31888, 0.0, 1.0, -2.5, 5.0, 46, 0, i.insert(message, i, i).charAt(Integer.parseInt(i, message, i)), 31.5
9, 31889, 0.0, 1.0, -2.0, 0.0, 0, 0, message.charAt(i), 4.0
9, 31890, 0.0, 1.0, -2.0, 0.5, 0, 0, message.charAt(i), 5.0
9, 31891, 0.0, 1.0, -2.0, 1.0, 16, 0, i.insert(message, i, i).charAt(i), 7.0
9, 31892, 0.0, 1.0, -2.0, 1.5, 16, 0, i.insert(message, i, i).charAt(i), 9.5
9, 31893, 0.0, 1.0, -2.0, 2.0, 16, 0, i.insert(message, i, i).charAt(i), 12.0
9, 31894, 0.0, 1.0, -2.0, 2.5, 41, 0, i.insert(message, i, i).charAt(Integer.decode(i, message)), 15.0
9, 31895, 0.0, 1.0, -2.0, 3.0, 41, 0, i.insert(message, i, i).charAt(Integer.decode(i, message)), 18.0
9, 31896, 0.0, 1.0, -2.0, 3.5, 46, 0, i.insert(message, i, i).charAt(Integer.parseInt(i, message, i)), 22.5
9, 31897, 0.0, 1.0, -2.0, 4.0, 46, 0, i.insert(message, i, i).charAt(Integer.parseInt(i, message, i)), 26.0
9, 31898, 0.0, 1.0, -2.0, 4.5, 46, 0, i.insert(message, i, i).charAt(Integer.parseInt(i, message, i)), 29.5
9, 31899, 0.0, 1.0, -2.0, 5.0, 46, 0, i.insert(message, i, i).charAt(Integer.parseInt(i, message, i)), 33.0
9, 31900, 0.0, 1.0, -1.5, 0.0, 0, 0, message.charAt(i), 4.0
9, 31901, 0.0, 1.0, -1.5, 0.5, 0, 0, message.charAt(i), 5.0
9, 31902, 0.0, 1.0, -1.5, 1.0, 16, 0, i.insert(message, i, i).charAt(i), 7.5
9, 31903, 0.0, 1.0, -1.5, 1.5, 16, 0, i.insert(message, i, i).charAt(i), 10.0
9, 31904, 0.0, 1.0, -1.5, 2.0, 46, 0, i.insert(message, i, i).charAt(Character.digit(charAt(), i, i)), 13.0
9, 31905, 0.0, 1.0, -1.5, 2.5, 46, 0, i.insert(message, i, i).charAt(Integer.parseInt(i, message, i)), 17.0
9, 31906, 0.0, 1.0, -1.5, 3.0, 46, 0, i.insert(message, i, i).charAt(Integer.parseInt(i, message, i)), 20.5
9, 31907, 0.0, 1.0, -1.5, 3.5, 46, 0, i.insert(message, i, i).charAt(Integer.parseInt(i, message, i)), 24.0
9, 31908, 0.0, 1.0, -1.5, 4.0, 46, 0, i.insert(message, i, i).charAt(Integer.parseInt(i, message, i)), 27.5
9, 31909, 0.0, 1.0, -1.5, 4.5, 104, 0, Character.forDigit(message.charAt(i), Character.offsetByCodePoints(i, i, i, i), Character.offsetByCodePoints(i, i, i, i)), 31.0
9, 31910, 0.0, 1.0, -1.5, 5.0, 104, 0, Character.forDigit(message.charAt(i), Character.offsetByCodePoints(i, i, i, i), Character.offsetByCodePoints(i, i, i, i)), 36.0
9, 31911, 0.0, 1.0, -1.0, 0.0, 0, 0, message.charAt(i), 4.0
9, 31912, 0.0, 1.0, -1.0, 0.5, 16, 0, i.insert(message, i, i).charAt(i), 5.5
9, 31913, 0.0, 1.0, -1.0, 1.0, 16, 0, i.insert(message, i, i).charAt(i), 8.0
9, 31914, 0.0, 1.0, -1.0, 1.5, 46, 0, i.insert(message, i, i).charAt(Integer.parseInt(i, message, i)), 11.5
9, 31915, 0.0, 1.0, -1.0, 2.0, 46, 0, i.insert(message, i, i).charAt(Integer.parseInt(i, message, i)), 15.0
9, 31916, 0.0, 1.0, -1.0, 2.5, 46, 0, i.insert(message, i, i).charAt(Integer.parseInt(i, message, i)), 18.5
9, 31917, 0.0, 1.0, -1.0, 3.0, 104, 0, Character.forDigit(message.charAt(i), Character.offsetByCodePoints(i, i, i, i), Character.offsetByCodePoints(i, i, i, i)), 22.0
9, 31918, 0.0, 1.0, -1.0, 3.5, 104, 0, Character.forDigit(message.charAt(i), Character.offsetByCodePoints(i, i, i, i), Character.offsetByCodePoints(i, i, i, i)), 27.0
9, 31919, 0.0, 1.0, -1.0, 4.0, 104, 0, Character.forDigit(message.charAt(i), Character.offsetByCodePoints(i, i, i, i), Character.offsetByCodePoints(i, i, i, i)), 32.0
9, 31920, 0.0, 1.0, -1.0, 4.5, 104, 0, Character.forDigit(message.charAt(i), Character.offsetByCodePoints(i, i, i, i), Character.offsetByCodePoints(i, i, i, i)), 37.0
9, 31921, 0.0, 1.0, -1.0, 5.0, 104, 0, Character.forDigit(message.charAt(i), Character.offsetByCodePoints(i, i, i, i), Character.offsetByCodePoints(i, i, i, i)), 42.0
9, 31922, 0.0, 1.0, -0.5, 0.0, 12, 0, message.charAt(i).charValue(), 3.5
9, 31923, 0.0, 1.0, -0.5, 0.5, 32, 0, deleteCharAt().insert(i, message, i, i).charAt(i), 5.5
9, 31924, 0.0, 1.0, -0.5, 1.0, 86, 0, Character.forDigit(message.charAt(i), Integer.parseInt(i, message, i), Integer.parseInt(i, message, i)), 9.0
9, 31925, 0.0, 1.0, -0.5, 1.5, 86, 0, Character.forDigit(message.charAt(i), Integer.parseInt(i, message, i), Integer.parseInt(i, message, i)), 13.0
9, 31926, 0.0, 1.0, -0.5, 2.0, 104, 0, Character.forDigit(message.charAt(i), Character.offsetByCodePoints(i, i, i, i), Character.offsetByCodePoints(i, i, i, i)), 18.0
9, 31927, 0.0, 1.0, -0.5, 2.5, 104, 0, Character.forDigit(message.charAt(i), Character.offsetByCodePoints(i, i, i, i), Character.offsetByCodePoints(i, i, i, i)), 23.0
9, 31928, 0.0, 1.0, -0.5, 3.0, 104, 0, Character.forDigit(message.charAt(i), Character.offsetByCodePoints(i, i, i, i), Character.offsetByCodePoints(i, i, i, i)), 28.0
9, 31929, 0.0, 1.0, -0.5, 3.5, 104, 0, Character.forDigit(message.charAt(i), Character.offsetByCodePoints(i, i, i, i), Character.offsetByCodePoints(i, i, i, i)), 33.0
9, 31930, 0.0, 1.0, -0.5, 4.0, 104, 0, Character.forDigit(message.charAt(i), Character.offsetByCodePoints(i, i, i, i), Character.offsetByCodePoints(i, i, i, i)), 38.0
9, 31931, 0.0, 1.0, -0.5, 4.5, 104, 0, Character.forDigit(message.charAt(i), Character.offsetByCodePoints(i, i, i, i), Character.offsetByCodePoints(i, i, i, i)), 43.0
9, 31932, 0.0, 1.0, -0.5, 5.0, 104, 0, Character.forDigit(message.charAt(i), Character.offsetByCodePoints(i, i, i, i), Character.offsetByCodePoints(i, i, i, i)), 48.0
9, 31933, 0.0, 1.0, 0.0, 0.0, 16, 0, Character.MIN_VALUE, 1.0
9, 31934, 0.0, 1.0, 0.0, 0.5, 130, 0, Character.forDigit(message.charAt(i), Character.offsetByCodePoints(charAt(), message, i, i), Character.offsetByCodePoints(charAt(), message, i, i)), 8.0
9, 31935, 0.0, 1.0, 0.0, 1.0, 124, 0, Character.forDigit(message.charAt(i), Character.offsetByCodePoints(charAt(), i, i, i, i), Character.offsetByCodePoints(charAt(), i, i, i, i)), 14.0
9, 31936, 0.0, 1.0, 0.0, 1.5, 124, 0, Character.forDigit(message.charAt(i), Character.offsetByCodePoints(charAt(), i, i, i, i), Character.offsetByCodePoints(charAt(), i, i, i, i)), 19.0
9, 31937, 0.0, 1.0, 0.0, 2.0, 124, 0, Character.forDigit(message.charAt(i), Character.offsetByCodePoints(charAt(), i, i, i, i), Character.offsetByCodePoints(charAt(), i, i, i, i)), 24.0
9, 31938, 0.0, 1.0, 0.0, 2.5, 124, 0, Character.forDigit(message.charAt(i), Character.offsetByCodePoints(charAt(), i, i, i, i), Character.offsetByCodePoints(charAt(), i, i, i, i)), 29.0
9, 31939, 0.0, 1.0, 0.0, 3.0, 124, 0, Character.forDigit(message.charAt(i), Character.offsetByCodePoints(charAt(), i, i, i, i), Character.offsetByCodePoints(charAt(), i, i, i, i)), 34.0
9, 31940, 0.0, 1.0, 0.0, 3.5, 124, 0, Character.forDigit(message.charAt(i), Character.offsetByCodePoints(charAt(), i, i, i, i), Character.offsetByCodePoints(charAt(), i, i, i, i)), 39.0
9, 31941, 0.0, 1.0, 0.0, 4.0, 124, 0, Character.forDigit(message.charAt(i), Character.offsetByCodePoints(charAt(), i, i, i, i), Character.offsetByCodePoints(charAt(), i, i, i, i)), 44.0
9, 31942, 0.0, 1.0, 0.0, 4.5, 124, 0, Character.forDigit(message.charAt(i), Character.offsetByCodePoints(charAt(), i, i, i, i), Character.offsetByCodePoints(charAt(), i, i, i, i)), 49.0
9, 31943, 0.0, 1.0, 0.0, 5.0, 124, 0, Character.forDigit(message.charAt(i), Character.offsetByCodePoints(charAt(), i, i, i, i), Character.offsetByCodePoints(charAt(), i, i, i, i)), 54.0
