14, 17303, -5.0, 1.0, -5.0, 0.0, 6, toLowerCase()
14, 17304, -5.0, 1.0, -5.0, 0.5, 6, toLowerCase()
14, 17305, -5.0, 1.0, -5.0, 1.0, 6, toLowerCase()
14, 17306, -5.0, 1.0, -5.0, 1.5, 6, toLowerCase()
14, 17307, -5.0, 1.0, -5.0, 2.0, 6, toLowerCase()
14, 17308, -5.0, 1.0, -5.0, 2.5, 6, toLowerCase()
14, 17309, -5.0, 1.0, -5.0, 3.0, 6, toLowerCase()
14, 17310, -5.0, 1.0, -5.0, 3.5, 6, toLowerCase()
14, 17311, -5.0, 1.0, -5.0, 4.0, 6, toLowerCase()
14, 17312, -5.0, 1.0, -5.0, 4.5, 6, toLowerCase()
14, 17313, -5.0, 1.0, -5.0, 5.0, 6, toLowerCase()
14, 17314, -5.0, 1.0, -4.5, 0.0, 6, toLowerCase()
14, 17315, -5.0, 1.0, -4.5, 0.5, 6, toLowerCase()
14, 17316, -5.0, 1.0, -4.5, 1.0, 6, toLowerCase()
14, 17317, -5.0, 1.0, -4.5, 1.5, 6, toLowerCase()
14, 17318, -5.0, 1.0, -4.5, 2.0, 6, toLowerCase()
14, 17319, -5.0, 1.0, -4.5, 2.5, 6, toLowerCase()
14, 17320, -5.0, 1.0, -4.5, 3.0, 6, toLowerCase()
14, 17321, -5.0, 1.0, -4.5, 3.5, 6, toLowerCase()
14, 17322, -5.0, 1.0, -4.5, 4.0, 6, toLowerCase()
14, 17323, -5.0, 1.0, -4.5, 4.5, 6, toLowerCase()
14, 17324, -5.0, 1.0, -4.5, 5.0, 6, toLowerCase()
14, 17325, -5.0, 1.0, -4.0, 0.0, 6, toLowerCase()
14, 17326, -5.0, 1.0, -4.0, 0.5, 6, toLowerCase()
14, 17327, -5.0, 1.0, -4.0, 1.0, 6, toLowerCase()
14, 17328, -5.0, 1.0, -4.0, 1.5, 6, toLowerCase()
14, 17329, -5.0, 1.0, -4.0, 2.0, 6, toLowerCase()
14, 17330, -5.0, 1.0, -4.0, 2.5, 6, toLowerCase()
14, 17331, -5.0, 1.0, -4.0, 3.0, 6, toLowerCase()
14, 17332, -5.0, 1.0, -4.0, 3.5, 6, toLowerCase()
14, 17333, -5.0, 1.0, -4.0, 4.0, 6, toLowerCase()
14, 17334, -5.0, 1.0, -4.0, 4.5, 6, toLowerCase()
14, 17335, -5.0, 1.0, -4.0, 5.0, 6, toLowerCase()
14, 17336, -5.0, 1.0, -3.5, 0.0, 6, toLowerCase()
14, 17337, -5.0, 1.0, -3.5, 0.5, 6, toLowerCase()
14, 17338, -5.0, 1.0, -3.5, 1.0, 6, toLowerCase()
14, 17339, -5.0, 1.0, -3.5, 1.5, 6, toLowerCase()
14, 17340, -5.0, 1.0, -3.5, 2.0, 6, toLowerCase()
14, 17341, -5.0, 1.0, -3.5, 2.5, 6, toLowerCase()
14, 17342, -5.0, 1.0, -3.5, 3.0, 6, toLowerCase()
14, 17343, -5.0, 1.0, -3.5, 3.5, 6, toLowerCase()
14, 17344, -5.0, 1.0, -3.5, 4.0, 6, toLowerCase()
14, 17345, -5.0, 1.0, -3.5, 4.5, 6, toLowerCase()
14, 17346, -5.0, 1.0, -3.5, 5.0, 6, toLowerCase()
14, 17347, -5.0, 1.0, -3.0, 0.0, 6, toLowerCase()
14, 17348, -5.0, 1.0, -3.0, 0.5, 6, toLowerCase()
14, 17349, -5.0, 1.0, -3.0, 1.0, 6, toLowerCase()
14, 17350, -5.0, 1.0, -3.0, 1.5, 6, toLowerCase()
14, 17351, -5.0, 1.0, -3.0, 2.0, 6, toLowerCase()
14, 17352, -5.0, 1.0, -3.0, 2.5, 6, toLowerCase()
14, 17353, -5.0, 1.0, -3.0, 3.0, 6, toLowerCase()
14, 17354, -5.0, 1.0, -3.0, 3.5, 6, toLowerCase()
14, 17355, -5.0, 1.0, -3.0, 4.0, 6, toLowerCase()
14, 17356, -5.0, 1.0, -3.0, 4.5, 6, toLowerCase()
14, 17357, -5.0, 1.0, -3.0, 5.0, 6, toLowerCase()
14, 17358, -5.0, 1.0, -2.5, 0.0, 6, toLowerCase()
14, 17359, -5.0, 1.0, -2.5, 0.5, 6, toLowerCase()
14, 17360, -5.0, 1.0, -2.5, 1.0, 6, toLowerCase()
14, 17361, -5.0, 1.0, -2.5, 1.5, 6, toLowerCase()
14, 17362, -5.0, 1.0, -2.5, 2.0, 6, toLowerCase()
14, 17363, -5.0, 1.0, -2.5, 2.5, 6, toLowerCase()
14, 17364, -5.0, 1.0, -2.5, 3.0, 6, toLowerCase()
14, 17365, -5.0, 1.0, -2.5, 3.5, 6, toLowerCase()
14, 17366, -5.0, 1.0, -2.5, 4.0, 6, toLowerCase()
14, 17367, -5.0, 1.0, -2.5, 4.5, 6, toLowerCase()
14, 17368, -5.0, 1.0, -2.5, 5.0, 6, toLowerCase()
14, 17369, -5.0, 1.0, -2.0, 0.0, 6, toLowerCase()
14, 17370, -5.0, 1.0, -2.0, 0.5, 6, toLowerCase()
14, 17371, -5.0, 1.0, -2.0, 1.0, 6, toLowerCase()
14, 17372, -5.0, 1.0, -2.0, 1.5, 6, toLowerCase()
14, 17373, -5.0, 1.0, -2.0, 2.0, 6, toLowerCase()
14, 17374, -5.0, 1.0, -2.0, 2.5, 6, toLowerCase()
14, 17375, -5.0, 1.0, -2.0, 3.0, 6, toLowerCase()
14, 17376, -5.0, 1.0, -2.0, 3.5, 6, toLowerCase()
14, 17377, -5.0, 1.0, -2.0, 4.0, 6, toLowerCase()
14, 17378, -5.0, 1.0, -2.0, 4.5, 6, toLowerCase()
14, 17379, -5.0, 1.0, -2.0, 5.0, 6, toLowerCase()
14, 17380, -5.0, 1.0, -1.5, 0.0, 6, toLowerCase()
14, 17381, -5.0, 1.0, -1.5, 0.5, 6, toLowerCase()
14, 17382, -5.0, 1.0, -1.5, 1.0, 6, toLowerCase()
14, 17383, -5.0, 1.0, -1.5, 1.5, 6, toLowerCase()
14, 17384, -5.0, 1.0, -1.5, 2.0, 6, toLowerCase()
14, 17385, -5.0, 1.0, -1.5, 2.5, 6, toLowerCase()
14, 17386, -5.0, 1.0, -1.5, 3.0, 6, toLowerCase()
14, 17387, -5.0, 1.0, -1.5, 3.5, 6, toLowerCase()
14, 17388, -5.0, 1.0, -1.5, 4.0, 6, toLowerCase()
14, 17389, -5.0, 1.0, -1.5, 4.5, 6, toLowerCase()
14, 17390, -5.0, 1.0, -1.5, 5.0, 6, toLowerCase()
14, 17391, -5.0, 1.0, -1.0, 0.0, 6, toLowerCase()
14, 17392, -5.0, 1.0, -1.0, 0.5, 6, toLowerCase()
14, 17393, -5.0, 1.0, -1.0, 1.0, 6, toLowerCase()
14, 17394, -5.0, 1.0, -1.0, 1.5, 6, toLowerCase()
14, 17395, -5.0, 1.0, -1.0, 2.0, 6, toLowerCase()
14, 17396, -5.0, 1.0, -1.0, 2.5, 6, toLowerCase()
14, 17397, -5.0, 1.0, -1.0, 3.0, 6, toLowerCase()
14, 17398, -5.0, 1.0, -1.0, 3.5, 6, toLowerCase()
14, 17399, -5.0, 1.0, -1.0, 4.0, 6, toLowerCase()
14, 17400, -5.0, 1.0, -1.0, 4.5, 6, toLowerCase()
14, 17401, -5.0, 1.0, -1.0, 5.0, 6, toLowerCase()
14, 17402, -5.0, 1.0, -0.5, 0.0, 6, toLowerCase()
14, 17403, -5.0, 1.0, -0.5, 0.5, 6, toLowerCase()
14, 17404, -5.0, 1.0, -0.5, 1.0, 6, toLowerCase()
14, 17405, -5.0, 1.0, -0.5, 1.5, 6, toLowerCase()
14, 17406, -5.0, 1.0, -0.5, 2.0, 6, toLowerCase()
14, 17407, -5.0, 1.0, -0.5, 2.5, 6, toLowerCase()
14, 17408, -5.0, 1.0, -0.5, 3.0, 6, toLowerCase()
14, 17409, -5.0, 1.0, -0.5, 3.5, 6, toLowerCase()
14, 17410, -5.0, 1.0, -0.5, 4.0, 6, toLowerCase()
14, 17411, -5.0, 1.0, -0.5, 4.5, 6, toLowerCase()
14, 17412, -5.0, 1.0, -0.5, 5.0, 6, toLowerCase()
14, 17413, -5.0, 1.0, 0.0, 0.0, 6, toLowerCase()
14, 17414, -5.0, 1.0, 0.0, 0.5, 6, toLowerCase()
14, 17415, -5.0, 1.0, 0.0, 1.0, 6, toLowerCase()
14, 17416, -5.0, 1.0, 0.0, 1.5, 6, toLowerCase()
14, 17417, -5.0, 1.0, 0.0, 2.0, 6, toLowerCase()
14, 17418, -5.0, 1.0, 0.0, 2.5, 6, toLowerCase()
14, 17419, -5.0, 1.0, 0.0, 3.0, 6, toLowerCase()
14, 17420, -5.0, 1.0, 0.0, 3.5, 6, toLowerCase()
14, 17421, -5.0, 1.0, 0.0, 4.0, 6, toLowerCase()
14, 17422, -5.0, 1.0, 0.0, 4.5, 6, toLowerCase()
14, 17423, -5.0, 1.0, 0.0, 5.0, 6, toLowerCase()
14, 17424, -4.5, 1.0, -5.0, 0.0, 6, toLowerCase()
14, 17425, -4.5, 1.0, -5.0, 0.5, 6, toLowerCase()
14, 17426, -4.5, 1.0, -5.0, 1.0, 6, toLowerCase()
14, 17427, -4.5, 1.0, -5.0, 1.5, 6, toLowerCase()
14, 17428, -4.5, 1.0, -5.0, 2.0, 6, toLowerCase()
14, 17429, -4.5, 1.0, -5.0, 2.5, 6, toLowerCase()
14, 17430, -4.5, 1.0, -5.0, 3.0, 6, toLowerCase()
14, 17431, -4.5, 1.0, -5.0, 3.5, 6, toLowerCase()
14, 17432, -4.5, 1.0, -5.0, 4.0, 6, toLowerCase()
14, 17433, -4.5, 1.0, -5.0, 4.5, 6, toLowerCase()
14, 17434, -4.5, 1.0, -5.0, 5.0, 6, toLowerCase()
14, 17435, -4.5, 1.0, -4.5, 0.0, 6, toLowerCase()
14, 17436, -4.5, 1.0, -4.5, 0.5, 6, toLowerCase()
14, 17437, -4.5, 1.0, -4.5, 1.0, 6, toLowerCase()
14, 17438, -4.5, 1.0, -4.5, 1.5, 6, toLowerCase()
14, 17439, -4.5, 1.0, -4.5, 2.0, 6, toLowerCase()
14, 17440, -4.5, 1.0, -4.5, 2.5, 6, toLowerCase()
14, 17441, -4.5, 1.0, -4.5, 3.0, 6, toLowerCase()
14, 17442, -4.5, 1.0, -4.5, 3.5, 6, toLowerCase()
14, 17443, -4.5, 1.0, -4.5, 4.0, 6, toLowerCase()
14, 17444, -4.5, 1.0, -4.5, 4.5, 6, toLowerCase()
14, 17445, -4.5, 1.0, -4.5, 5.0, 6, toLowerCase()
14, 17446, -4.5, 1.0, -4.0, 0.0, 6, toLowerCase()
14, 17447, -4.5, 1.0, -4.0, 0.5, 6, toLowerCase()
14, 17448, -4.5, 1.0, -4.0, 1.0, 6, toLowerCase()
14, 17449, -4.5, 1.0, -4.0, 1.5, 6, toLowerCase()
14, 17450, -4.5, 1.0, -4.0, 2.0, 6, toLowerCase()
14, 17451, -4.5, 1.0, -4.0, 2.5, 6, toLowerCase()
14, 17452, -4.5, 1.0, -4.0, 3.0, 6, toLowerCase()
14, 17453, -4.5, 1.0, -4.0, 3.5, 6, toLowerCase()
14, 17454, -4.5, 1.0, -4.0, 4.0, 6, toLowerCase()
14, 17455, -4.5, 1.0, -4.0, 4.5, 6, toLowerCase()
14, 17456, -4.5, 1.0, -4.0, 5.0, 6, toLowerCase()
14, 17457, -4.5, 1.0, -3.5, 0.0, 6, toLowerCase()
14, 17458, -4.5, 1.0, -3.5, 0.5, 6, toLowerCase()
14, 17459, -4.5, 1.0, -3.5, 1.0, 6, toLowerCase()
14, 17460, -4.5, 1.0, -3.5, 1.5, 6, toLowerCase()
14, 17461, -4.5, 1.0, -3.5, 2.0, 6, toLowerCase()
14, 17462, -4.5, 1.0, -3.5, 2.5, 6, toLowerCase()
14, 17463, -4.5, 1.0, -3.5, 3.0, 6, toLowerCase()
14, 17464, -4.5, 1.0, -3.5, 3.5, 6, toLowerCase()
14, 17465, -4.5, 1.0, -3.5, 4.0, 6, toLowerCase()
14, 17466, -4.5, 1.0, -3.5, 4.5, 6, toLowerCase()
14, 17467, -4.5, 1.0, -3.5, 5.0, 6, toLowerCase()
14, 17468, -4.5, 1.0, -3.0, 0.0, 6, toLowerCase()
14, 17469, -4.5, 1.0, -3.0, 0.5, 6, toLowerCase()
14, 17470, -4.5, 1.0, -3.0, 1.0, 6, toLowerCase()
14, 17471, -4.5, 1.0, -3.0, 1.5, 6, toLowerCase()
14, 17472, -4.5, 1.0, -3.0, 2.0, 6, toLowerCase()
14, 17473, -4.5, 1.0, -3.0, 2.5, 6, toLowerCase()
14, 17474, -4.5, 1.0, -3.0, 3.0, 6, toLowerCase()
14, 17475, -4.5, 1.0, -3.0, 3.5, 6, toLowerCase()
14, 17476, -4.5, 1.0, -3.0, 4.0, 6, toLowerCase()
14, 17477, -4.5, 1.0, -3.0, 4.5, 6, toLowerCase()
14, 17478, -4.5, 1.0, -3.0, 5.0, 6, toLowerCase()
14, 17479, -4.5, 1.0, -2.5, 0.0, 6, toLowerCase()
14, 17480, -4.5, 1.0, -2.5, 0.5, 6, toLowerCase()
14, 17481, -4.5, 1.0, -2.5, 1.0, 6, toLowerCase()
14, 17482, -4.5, 1.0, -2.5, 1.5, 6, toLowerCase()
14, 17483, -4.5, 1.0, -2.5, 2.0, 6, toLowerCase()
14, 17484, -4.5, 1.0, -2.5, 2.5, 6, toLowerCase()
14, 17485, -4.5, 1.0, -2.5, 3.0, 6, toLowerCase()
14, 17486, -4.5, 1.0, -2.5, 3.5, 6, toLowerCase()
14, 17487, -4.5, 1.0, -2.5, 4.0, 6, toLowerCase()
14, 17488, -4.5, 1.0, -2.5, 4.5, 6, toLowerCase()
14, 17489, -4.5, 1.0, -2.5, 5.0, 6, toLowerCase()
14, 17490, -4.5, 1.0, -2.0, 0.0, 6, toLowerCase()
14, 17491, -4.5, 1.0, -2.0, 0.5, 6, toLowerCase()
14, 17492, -4.5, 1.0, -2.0, 1.0, 6, toLowerCase()
14, 17493, -4.5, 1.0, -2.0, 1.5, 6, toLowerCase()
14, 17494, -4.5, 1.0, -2.0, 2.0, 6, toLowerCase()
14, 17495, -4.5, 1.0, -2.0, 2.5, 6, toLowerCase()
14, 17496, -4.5, 1.0, -2.0, 3.0, 6, toLowerCase()
14, 17497, -4.5, 1.0, -2.0, 3.5, 6, toLowerCase()
14, 17498, -4.5, 1.0, -2.0, 4.0, 6, toLowerCase()
14, 17499, -4.5, 1.0, -2.0, 4.5, 6, toLowerCase()
14, 17500, -4.5, 1.0, -2.0, 5.0, 6, toLowerCase()
14, 17501, -4.5, 1.0, -1.5, 0.0, 6, toLowerCase()
14, 17502, -4.5, 1.0, -1.5, 0.5, 6, toLowerCase()
14, 17503, -4.5, 1.0, -1.5, 1.0, 6, toLowerCase()
14, 17504, -4.5, 1.0, -1.5, 1.5, 6, toLowerCase()
14, 17505, -4.5, 1.0, -1.5, 2.0, 6, toLowerCase()
14, 17506, -4.5, 1.0, -1.5, 2.5, 6, toLowerCase()
14, 17507, -4.5, 1.0, -1.5, 3.0, 6, toLowerCase()
14, 17508, -4.5, 1.0, -1.5, 3.5, 6, toLowerCase()
14, 17509, -4.5, 1.0, -1.5, 4.0, 6, toLowerCase()
14, 17510, -4.5, 1.0, -1.5, 4.5, 6, toLowerCase()
14, 17511, -4.5, 1.0, -1.5, 5.0, 6, toLowerCase()
14, 17512, -4.5, 1.0, -1.0, 0.0, 6, toLowerCase()
14, 17513, -4.5, 1.0, -1.0, 0.5, 6, toLowerCase()
14, 17514, -4.5, 1.0, -1.0, 1.0, 6, toLowerCase()
14, 17515, -4.5, 1.0, -1.0, 1.5, 6, toLowerCase()
14, 17516, -4.5, 1.0, -1.0, 2.0, 6, toLowerCase()
14, 17517, -4.5, 1.0, -1.0, 2.5, 6, toLowerCase()
14, 17518, -4.5, 1.0, -1.0, 3.0, 6, toLowerCase()
14, 17519, -4.5, 1.0, -1.0, 3.5, 6, toLowerCase()
14, 17520, -4.5, 1.0, -1.0, 4.0, 6, toLowerCase()
14, 17521, -4.5, 1.0, -1.0, 4.5, 6, toLowerCase()
14, 17522, -4.5, 1.0, -1.0, 5.0, 6, toLowerCase()
14, 17523, -4.5, 1.0, -0.5, 0.0, 6, toLowerCase()
14, 17524, -4.5, 1.0, -0.5, 0.5, 6, toLowerCase()
14, 17525, -4.5, 1.0, -0.5, 1.0, 6, toLowerCase()
14, 17526, -4.5, 1.0, -0.5, 1.5, 6, toLowerCase()
14, 17527, -4.5, 1.0, -0.5, 2.0, 6, toLowerCase()
14, 17528, -4.5, 1.0, -0.5, 2.5, 6, toLowerCase()
14, 17529, -4.5, 1.0, -0.5, 3.0, 6, toLowerCase()
14, 17530, -4.5, 1.0, -0.5, 3.5, 6, toLowerCase()
14, 17531, -4.5, 1.0, -0.5, 4.0, 6, toLowerCase()
14, 17532, -4.5, 1.0, -0.5, 4.5, 6, toLowerCase()
14, 17533, -4.5, 1.0, -0.5, 5.0, 6, toLowerCase()
14, 17534, -4.5, 1.0, 0.0, 0.0, 6, toLowerCase()
14, 17535, -4.5, 1.0, 0.0, 0.5, 6, toLowerCase()
14, 17536, -4.5, 1.0, 0.0, 1.0, 6, toLowerCase()
14, 17537, -4.5, 1.0, 0.0, 1.5, 6, toLowerCase()
14, 17538, -4.5, 1.0, 0.0, 2.0, 6, toLowerCase()
14, 17539, -4.5, 1.0, 0.0, 2.5, 6, toLowerCase()
14, 17540, -4.5, 1.0, 0.0, 3.0, 6, toLowerCase()
14, 17541, -4.5, 1.0, 0.0, 3.5, 6, toLowerCase()
14, 17542, -4.5, 1.0, 0.0, 4.0, 6, toLowerCase()
14, 17543, -4.5, 1.0, 0.0, 4.5, 6, toLowerCase()
14, 17544, -4.5, 1.0, 0.0, 5.0, 6, toLowerCase()
14, 17545, -4.0, 1.0, -5.0, 0.0, 6, toLowerCase()
14, 17546, -4.0, 1.0, -5.0, 0.5, 6, toLowerCase()
14, 17547, -4.0, 1.0, -5.0, 1.0, 6, toLowerCase()
14, 17548, -4.0, 1.0, -5.0, 1.5, 6, toLowerCase()
14, 17549, -4.0, 1.0, -5.0, 2.0, 6, toLowerCase()
14, 17550, -4.0, 1.0, -5.0, 2.5, 6, toLowerCase()
14, 17551, -4.0, 1.0, -5.0, 3.0, 6, toLowerCase()
14, 17552, -4.0, 1.0, -5.0, 3.5, 6, toLowerCase()
14, 17553, -4.0, 1.0, -5.0, 4.0, 6, toLowerCase()
14, 17554, -4.0, 1.0, -5.0, 4.5, 0, input.toLowerCase()
14, 17555, -4.0, 1.0, -5.0, 5.0, 0, input.toLowerCase()
14, 17556, -4.0, 1.0, -4.5, 0.0, 6, toLowerCase()
14, 17557, -4.0, 1.0, -4.5, 0.5, 6, toLowerCase()
14, 17558, -4.0, 1.0, -4.5, 1.0, 6, toLowerCase()
14, 17559, -4.0, 1.0, -4.5, 1.5, 6, toLowerCase()
14, 17560, -4.0, 1.0, -4.5, 2.0, 6, toLowerCase()
14, 17561, -4.0, 1.0, -4.5, 2.5, 6, toLowerCase()
14, 17562, -4.0, 1.0, -4.5, 3.0, 6, toLowerCase()
14, 17563, -4.0, 1.0, -4.5, 3.5, 6, toLowerCase()
14, 17564, -4.0, 1.0, -4.5, 4.0, 6, toLowerCase()
14, 17565, -4.0, 1.0, -4.5, 4.5, 0, input.toLowerCase()
14, 17566, -4.0, 1.0, -4.5, 5.0, 0, input.toLowerCase()
14, 17567, -4.0, 1.0, -4.0, 0.0, 6, toLowerCase()
14, 17568, -4.0, 1.0, -4.0, 0.5, 6, toLowerCase()
14, 17569, -4.0, 1.0, -4.0, 1.0, 6, toLowerCase()
14, 17570, -4.0, 1.0, -4.0, 1.5, 6, toLowerCase()
14, 17571, -4.0, 1.0, -4.0, 2.0, 6, toLowerCase()
14, 17572, -4.0, 1.0, -4.0, 2.5, 6, toLowerCase()
14, 17573, -4.0, 1.0, -4.0, 3.0, 6, toLowerCase()
14, 17574, -4.0, 1.0, -4.0, 3.5, 6, toLowerCase()
14, 17575, -4.0, 1.0, -4.0, 4.0, 6, toLowerCase()
14, 17576, -4.0, 1.0, -4.0, 4.5, 0, input.toLowerCase()
14, 17577, -4.0, 1.0, -4.0, 5.0, 0, input.toLowerCase()
14, 17578, -4.0, 1.0, -3.5, 0.0, 6, toLowerCase()
14, 17579, -4.0, 1.0, -3.5, 0.5, 6, toLowerCase()
14, 17580, -4.0, 1.0, -3.5, 1.0, 6, toLowerCase()
14, 17581, -4.0, 1.0, -3.5, 1.5, 6, toLowerCase()
14, 17582, -4.0, 1.0, -3.5, 2.0, 6, toLowerCase()
14, 17583, -4.0, 1.0, -3.5, 2.5, 6, toLowerCase()
14, 17584, -4.0, 1.0, -3.5, 3.0, 6, toLowerCase()
14, 17585, -4.0, 1.0, -3.5, 3.5, 6, toLowerCase()
14, 17586, -4.0, 1.0, -3.5, 4.0, 6, toLowerCase()
14, 17587, -4.0, 1.0, -3.5, 4.5, 0, input.toLowerCase()
14, 17588, -4.0, 1.0, -3.5, 5.0, 0, input.toLowerCase()
14, 17589, -4.0, 1.0, -3.0, 0.0, 6, toLowerCase()
14, 17590, -4.0, 1.0, -3.0, 0.5, 6, toLowerCase()
14, 17591, -4.0, 1.0, -3.0, 1.0, 6, toLowerCase()
14, 17592, -4.0, 1.0, -3.0, 1.5, 6, toLowerCase()
14, 17593, -4.0, 1.0, -3.0, 2.0, 6, toLowerCase()
14, 17594, -4.0, 1.0, -3.0, 2.5, 6, toLowerCase()
14, 17595, -4.0, 1.0, -3.0, 3.0, 6, toLowerCase()
14, 17596, -4.0, 1.0, -3.0, 3.5, 6, toLowerCase()
14, 17597, -4.0, 1.0, -3.0, 4.0, 6, toLowerCase()
14, 17598, -4.0, 1.0, -3.0, 4.5, 0, input.toLowerCase()
14, 17599, -4.0, 1.0, -3.0, 5.0, 0, input.toLowerCase()
14, 17600, -4.0, 1.0, -2.5, 0.0, 6, toLowerCase()
14, 17601, -4.0, 1.0, -2.5, 0.5, 6, toLowerCase()
14, 17602, -4.0, 1.0, -2.5, 1.0, 6, toLowerCase()
14, 17603, -4.0, 1.0, -2.5, 1.5, 6, toLowerCase()
14, 17604, -4.0, 1.0, -2.5, 2.0, 6, toLowerCase()
14, 17605, -4.0, 1.0, -2.5, 2.5, 6, toLowerCase()
14, 17606, -4.0, 1.0, -2.5, 3.0, 6, toLowerCase()
14, 17607, -4.0, 1.0, -2.5, 3.5, 6, toLowerCase()
14, 17608, -4.0, 1.0, -2.5, 4.0, 6, toLowerCase()
14, 17609, -4.0, 1.0, -2.5, 4.5, 0, input.toLowerCase()
14, 17610, -4.0, 1.0, -2.5, 5.0, 0, input.toLowerCase()
14, 17611, -4.0, 1.0, -2.0, 0.0, 6, toLowerCase()
14, 17612, -4.0, 1.0, -2.0, 0.5, 6, toLowerCase()
14, 17613, -4.0, 1.0, -2.0, 1.0, 6, toLowerCase()
14, 17614, -4.0, 1.0, -2.0, 1.5, 6, toLowerCase()
14, 17615, -4.0, 1.0, -2.0, 2.0, 6, toLowerCase()
14, 17616, -4.0, 1.0, -2.0, 2.5, 6, toLowerCase()
14, 17617, -4.0, 1.0, -2.0, 3.0, 6, toLowerCase()
14, 17618, -4.0, 1.0, -2.0, 3.5, 6, toLowerCase()
14, 17619, -4.0, 1.0, -2.0, 4.0, 6, toLowerCase()
14, 17620, -4.0, 1.0, -2.0, 4.5, 0, input.toLowerCase()
14, 17621, -4.0, 1.0, -2.0, 5.0, 0, input.toLowerCase()
14, 17622, -4.0, 1.0, -1.5, 0.0, 6, toLowerCase()
14, 17623, -4.0, 1.0, -1.5, 0.5, 6, toLowerCase()
14, 17624, -4.0, 1.0, -1.5, 1.0, 6, toLowerCase()
14, 17625, -4.0, 1.0, -1.5, 1.5, 6, toLowerCase()
14, 17626, -4.0, 1.0, -1.5, 2.0, 6, toLowerCase()
14, 17627, -4.0, 1.0, -1.5, 2.5, 6, toLowerCase()
14, 17628, -4.0, 1.0, -1.5, 3.0, 6, toLowerCase()
14, 17629, -4.0, 1.0, -1.5, 3.5, 6, toLowerCase()
14, 17630, -4.0, 1.0, -1.5, 4.0, 6, toLowerCase()
14, 17631, -4.0, 1.0, -1.5, 4.5, 0, input.toLowerCase()
14, 17632, -4.0, 1.0, -1.5, 5.0, 0, input.toLowerCase()
14, 17633, -4.0, 1.0, -1.0, 0.0, 6, toLowerCase()
14, 17634, -4.0, 1.0, -1.0, 0.5, 6, toLowerCase()
14, 17635, -4.0, 1.0, -1.0, 1.0, 6, toLowerCase()
14, 17636, -4.0, 1.0, -1.0, 1.5, 6, toLowerCase()
14, 17637, -4.0, 1.0, -1.0, 2.0, 6, toLowerCase()
14, 17638, -4.0, 1.0, -1.0, 2.5, 6, toLowerCase()
14, 17639, -4.0, 1.0, -1.0, 3.0, 6, toLowerCase()
14, 17640, -4.0, 1.0, -1.0, 3.5, 6, toLowerCase()
14, 17641, -4.0, 1.0, -1.0, 4.0, 6, toLowerCase()
14, 17642, -4.0, 1.0, -1.0, 4.5, 0, input.toLowerCase()
14, 17643, -4.0, 1.0, -1.0, 5.0, 0, input.toLowerCase()
14, 17644, -4.0, 1.0, -0.5, 0.0, 6, toLowerCase()
14, 17645, -4.0, 1.0, -0.5, 0.5, 6, toLowerCase()
14, 17646, -4.0, 1.0, -0.5, 1.0, 6, toLowerCase()
14, 17647, -4.0, 1.0, -0.5, 1.5, 6, toLowerCase()
14, 17648, -4.0, 1.0, -0.5, 2.0, 6, toLowerCase()
14, 17649, -4.0, 1.0, -0.5, 2.5, 6, toLowerCase()
14, 17650, -4.0, 1.0, -0.5, 3.0, 6, toLowerCase()
14, 17651, -4.0, 1.0, -0.5, 3.5, 6, toLowerCase()
14, 17652, -4.0, 1.0, -0.5, 4.0, 6, toLowerCase()
14, 17653, -4.0, 1.0, -0.5, 4.5, 0, input.toLowerCase()
14, 17654, -4.0, 1.0, -0.5, 5.0, 0, input.toLowerCase()
14, 17655, -4.0, 1.0, 0.0, 0.0, 6, toLowerCase()
14, 17656, -4.0, 1.0, 0.0, 0.5, 6, toLowerCase()
14, 17657, -4.0, 1.0, 0.0, 1.0, 6, toLowerCase()
14, 17658, -4.0, 1.0, 0.0, 1.5, 6, toLowerCase()
14, 17659, -4.0, 1.0, 0.0, 2.0, 6, toLowerCase()
14, 17660, -4.0, 1.0, 0.0, 2.5, 6, toLowerCase()
14, 17661, -4.0, 1.0, 0.0, 3.0, 6, toLowerCase()
14, 17662, -4.0, 1.0, 0.0, 3.5, 6, toLowerCase()
14, 17663, -4.0, 1.0, 0.0, 4.0, 6, toLowerCase()
14, 17664, -4.0, 1.0, 0.0, 4.5, 0, input.toLowerCase()
14, 17665, -4.0, 1.0, 0.0, 5.0, 0, input.toLowerCase()
14, 17666, -3.5, 1.0, -5.0, 0.0, 6, toLowerCase()
14, 17667, -3.5, 1.0, -5.0, 0.5, 6, toLowerCase()
14, 17668, -3.5, 1.0, -5.0, 1.0, 6, toLowerCase()
14, 17669, -3.5, 1.0, -5.0, 1.5, 6, toLowerCase()
14, 17670, -3.5, 1.0, -5.0, 2.0, 6, toLowerCase()
14, 17671, -3.5, 1.0, -5.0, 2.5, 6, toLowerCase()
14, 17672, -3.5, 1.0, -5.0, 3.0, 6, toLowerCase()
14, 17673, -3.5, 1.0, -5.0, 3.5, 0, input.toLowerCase()
14, 17674, -3.5, 1.0, -5.0, 4.0, 0, input.toLowerCase()
14, 17675, -3.5, 1.0, -5.0, 4.5, 0, input.toLowerCase()
14, 17676, -3.5, 1.0, -5.0, 5.0, 0, input.toLowerCase()
14, 17677, -3.5, 1.0, -4.5, 0.0, 6, toLowerCase()
14, 17678, -3.5, 1.0, -4.5, 0.5, 6, toLowerCase()
14, 17679, -3.5, 1.0, -4.5, 1.0, 6, toLowerCase()
14, 17680, -3.5, 1.0, -4.5, 1.5, 6, toLowerCase()
14, 17681, -3.5, 1.0, -4.5, 2.0, 6, toLowerCase()
14, 17682, -3.5, 1.0, -4.5, 2.5, 6, toLowerCase()
14, 17683, -3.5, 1.0, -4.5, 3.0, 6, toLowerCase()
14, 17684, -3.5, 1.0, -4.5, 3.5, 0, input.toLowerCase()
14, 17685, -3.5, 1.0, -4.5, 4.0, 0, input.toLowerCase()
14, 17686, -3.5, 1.0, -4.5, 4.5, 0, input.toLowerCase()
14, 17687, -3.5, 1.0, -4.5, 5.0, 0, input.toLowerCase()
14, 17688, -3.5, 1.0, -4.0, 0.0, 6, toLowerCase()
14, 17689, -3.5, 1.0, -4.0, 0.5, 6, toLowerCase()
14, 17690, -3.5, 1.0, -4.0, 1.0, 6, toLowerCase()
14, 17691, -3.5, 1.0, -4.0, 1.5, 6, toLowerCase()
14, 17692, -3.5, 1.0, -4.0, 2.0, 6, toLowerCase()
14, 17693, -3.5, 1.0, -4.0, 2.5, 6, toLowerCase()
14, 17694, -3.5, 1.0, -4.0, 3.0, 6, toLowerCase()
14, 17695, -3.5, 1.0, -4.0, 3.5, 0, input.toLowerCase()
14, 17696, -3.5, 1.0, -4.0, 4.0, 0, input.toLowerCase()
14, 17697, -3.5, 1.0, -4.0, 4.5, 0, input.toLowerCase()
14, 17698, -3.5, 1.0, -4.0, 5.0, 0, input.toLowerCase()
14, 17699, -3.5, 1.0, -3.5, 0.0, 6, toLowerCase()
14, 17700, -3.5, 1.0, -3.5, 0.5, 6, toLowerCase()
14, 17701, -3.5, 1.0, -3.5, 1.0, 6, toLowerCase()
14, 17702, -3.5, 1.0, -3.5, 1.5, 6, toLowerCase()
14, 17703, -3.5, 1.0, -3.5, 2.0, 6, toLowerCase()
14, 17704, -3.5, 1.0, -3.5, 2.5, 6, toLowerCase()
14, 17705, -3.5, 1.0, -3.5, 3.0, 6, toLowerCase()
14, 17706, -3.5, 1.0, -3.5, 3.5, 0, input.toLowerCase()
14, 17707, -3.5, 1.0, -3.5, 4.0, 0, input.toLowerCase()
14, 17708, -3.5, 1.0, -3.5, 4.5, 0, input.toLowerCase()
14, 17709, -3.5, 1.0, -3.5, 5.0, 0, input.toLowerCase()
14, 17710, -3.5, 1.0, -3.0, 0.0, 6, toLowerCase()
14, 17711, -3.5, 1.0, -3.0, 0.5, 6, toLowerCase()
14, 17712, -3.5, 1.0, -3.0, 1.0, 6, toLowerCase()
14, 17713, -3.5, 1.0, -3.0, 1.5, 6, toLowerCase()
14, 17714, -3.5, 1.0, -3.0, 2.0, 6, toLowerCase()
14, 17715, -3.5, 1.0, -3.0, 2.5, 6, toLowerCase()
14, 17716, -3.5, 1.0, -3.0, 3.0, 6, toLowerCase()
14, 17717, -3.5, 1.0, -3.0, 3.5, 0, input.toLowerCase()
14, 17718, -3.5, 1.0, -3.0, 4.0, 0, input.toLowerCase()
14, 17719, -3.5, 1.0, -3.0, 4.5, 0, input.toLowerCase()
14, 17720, -3.5, 1.0, -3.0, 5.0, 0, input.toLowerCase()
14, 17721, -3.5, 1.0, -2.5, 0.0, 6, toLowerCase()
14, 17722, -3.5, 1.0, -2.5, 0.5, 6, toLowerCase()
14, 17723, -3.5, 1.0, -2.5, 1.0, 6, toLowerCase()
14, 17724, -3.5, 1.0, -2.5, 1.5, 6, toLowerCase()
14, 17725, -3.5, 1.0, -2.5, 2.0, 6, toLowerCase()
14, 17726, -3.5, 1.0, -2.5, 2.5, 6, toLowerCase()
14, 17727, -3.5, 1.0, -2.5, 3.0, 6, toLowerCase()
14, 17728, -3.5, 1.0, -2.5, 3.5, 0, input.toLowerCase()
14, 17729, -3.5, 1.0, -2.5, 4.0, 0, input.toLowerCase()
14, 17730, -3.5, 1.0, -2.5, 4.5, 0, input.toLowerCase()
14, 17731, -3.5, 1.0, -2.5, 5.0, 0, input.toLowerCase()
14, 17732, -3.5, 1.0, -2.0, 0.0, 6, toLowerCase()
14, 17733, -3.5, 1.0, -2.0, 0.5, 6, toLowerCase()
14, 17734, -3.5, 1.0, -2.0, 1.0, 6, toLowerCase()
14, 17735, -3.5, 1.0, -2.0, 1.5, 6, toLowerCase()
14, 17736, -3.5, 1.0, -2.0, 2.0, 6, toLowerCase()
14, 17737, -3.5, 1.0, -2.0, 2.5, 6, toLowerCase()
14, 17738, -3.5, 1.0, -2.0, 3.0, 6, toLowerCase()
14, 17739, -3.5, 1.0, -2.0, 3.5, 0, input.toLowerCase()
14, 17740, -3.5, 1.0, -2.0, 4.0, 0, input.toLowerCase()
14, 17741, -3.5, 1.0, -2.0, 4.5, 0, input.toLowerCase()
14, 17742, -3.5, 1.0, -2.0, 5.0, 0, input.toLowerCase()
14, 17743, -3.5, 1.0, -1.5, 0.0, 6, toLowerCase()
14, 17744, -3.5, 1.0, -1.5, 0.5, 6, toLowerCase()
14, 17745, -3.5, 1.0, -1.5, 1.0, 6, toLowerCase()
14, 17746, -3.5, 1.0, -1.5, 1.5, 6, toLowerCase()
14, 17747, -3.5, 1.0, -1.5, 2.0, 6, toLowerCase()
14, 17748, -3.5, 1.0, -1.5, 2.5, 6, toLowerCase()
14, 17749, -3.5, 1.0, -1.5, 3.0, 6, toLowerCase()
14, 17750, -3.5, 1.0, -1.5, 3.5, 0, input.toLowerCase()
14, 17751, -3.5, 1.0, -1.5, 4.0, 0, input.toLowerCase()
14, 17752, -3.5, 1.0, -1.5, 4.5, 0, input.toLowerCase()
14, 17753, -3.5, 1.0, -1.5, 5.0, 0, input.toLowerCase()
14, 17754, -3.5, 1.0, -1.0, 0.0, 6, toLowerCase()
14, 17755, -3.5, 1.0, -1.0, 0.5, 6, toLowerCase()
14, 17756, -3.5, 1.0, -1.0, 1.0, 6, toLowerCase()
14, 17757, -3.5, 1.0, -1.0, 1.5, 6, toLowerCase()
14, 17758, -3.5, 1.0, -1.0, 2.0, 6, toLowerCase()
14, 17759, -3.5, 1.0, -1.0, 2.5, 6, toLowerCase()
14, 17760, -3.5, 1.0, -1.0, 3.0, 6, toLowerCase()
14, 17761, -3.5, 1.0, -1.0, 3.5, 0, input.toLowerCase()
14, 17762, -3.5, 1.0, -1.0, 4.0, 0, input.toLowerCase()
14, 17763, -3.5, 1.0, -1.0, 4.5, 0, input.toLowerCase()
14, 17764, -3.5, 1.0, -1.0, 5.0, 0, input.toLowerCase()
14, 17765, -3.5, 1.0, -0.5, 0.0, 6, toLowerCase()
14, 17766, -3.5, 1.0, -0.5, 0.5, 6, toLowerCase()
14, 17767, -3.5, 1.0, -0.5, 1.0, 6, toLowerCase()
14, 17768, -3.5, 1.0, -0.5, 1.5, 6, toLowerCase()
14, 17769, -3.5, 1.0, -0.5, 2.0, 6, toLowerCase()
14, 17770, -3.5, 1.0, -0.5, 2.5, 6, toLowerCase()
14, 17771, -3.5, 1.0, -0.5, 3.0, 6, toLowerCase()
14, 17772, -3.5, 1.0, -0.5, 3.5, 0, input.toLowerCase()
14, 17773, -3.5, 1.0, -0.5, 4.0, 0, input.toLowerCase()
14, 17774, -3.5, 1.0, -0.5, 4.5, 0, input.toLowerCase()
14, 17775, -3.5, 1.0, -0.5, 5.0, 0, input.toLowerCase()
14, 17776, -3.5, 1.0, 0.0, 0.0, 6, toLowerCase()
14, 17777, -3.5, 1.0, 0.0, 0.5, 6, toLowerCase()
14, 17778, -3.5, 1.0, 0.0, 1.0, 6, toLowerCase()
14, 17779, -3.5, 1.0, 0.0, 1.5, 6, toLowerCase()
14, 17780, -3.5, 1.0, 0.0, 2.0, 6, toLowerCase()
14, 17781, -3.5, 1.0, 0.0, 2.5, 6, toLowerCase()
14, 17782, -3.5, 1.0, 0.0, 3.0, 6, toLowerCase()
14, 17783, -3.5, 1.0, 0.0, 3.5, 0, input.toLowerCase()
14, 17784, -3.5, 1.0, 0.0, 4.0, 0, input.toLowerCase()
14, 17785, -3.5, 1.0, 0.0, 4.5, 0, input.toLowerCase()
14, 17786, -3.5, 1.0, 0.0, 5.0, 0, input.toLowerCase()
14, 17787, -3.0, 1.0, -5.0, 0.0, 6, toLowerCase()
14, 17788, -3.0, 1.0, -5.0, 0.5, 6, toLowerCase()
14, 17789, -3.0, 1.0, -5.0, 1.0, 6, toLowerCase()
14, 17790, -3.0, 1.0, -5.0, 1.5, 6, toLowerCase()
14, 17791, -3.0, 1.0, -5.0, 2.0, 6, toLowerCase()
14, 17792, -3.0, 1.0, -5.0, 2.5, 0, input.toLowerCase()
14, 17793, -3.0, 1.0, -5.0, 3.0, 0, input.toLowerCase()
14, 17794, -3.0, 1.0, -5.0, 3.5, 0, input.toLowerCase()
14, 17795, -3.0, 1.0, -5.0, 4.0, 0, input.toLowerCase()
14, 17796, -3.0, 1.0, -5.0, 4.5, 0, input.toLowerCase()
14, 17797, -3.0, 1.0, -5.0, 5.0, 0, input.toLowerCase()
14, 17798, -3.0, 1.0, -4.5, 0.0, 6, toLowerCase()
14, 17799, -3.0, 1.0, -4.5, 0.5, 6, toLowerCase()
14, 17800, -3.0, 1.0, -4.5, 1.0, 6, toLowerCase()
14, 17801, -3.0, 1.0, -4.5, 1.5, 6, toLowerCase()
14, 17802, -3.0, 1.0, -4.5, 2.0, 6, toLowerCase()
14, 17803, -3.0, 1.0, -4.5, 2.5, 0, input.toLowerCase()
14, 17804, -3.0, 1.0, -4.5, 3.0, 0, input.toLowerCase()
14, 17805, -3.0, 1.0, -4.5, 3.5, 0, input.toLowerCase()
14, 17806, -3.0, 1.0, -4.5, 4.0, 0, input.toLowerCase()
14, 17807, -3.0, 1.0, -4.5, 4.5, 0, input.toLowerCase()
14, 17808, -3.0, 1.0, -4.5, 5.0, 0, input.toLowerCase()
14, 17809, -3.0, 1.0, -4.0, 0.0, 6, toLowerCase()
14, 17810, -3.0, 1.0, -4.0, 0.5, 6, toLowerCase()
14, 17811, -3.0, 1.0, -4.0, 1.0, 6, toLowerCase()
14, 17812, -3.0, 1.0, -4.0, 1.5, 6, toLowerCase()
14, 17813, -3.0, 1.0, -4.0, 2.0, 6, toLowerCase()
14, 17814, -3.0, 1.0, -4.0, 2.5, 0, input.toLowerCase()
14, 17815, -3.0, 1.0, -4.0, 3.0, 0, input.toLowerCase()
14, 17816, -3.0, 1.0, -4.0, 3.5, 0, input.toLowerCase()
14, 17817, -3.0, 1.0, -4.0, 4.0, 0, input.toLowerCase()
14, 17818, -3.0, 1.0, -4.0, 4.5, 0, input.toLowerCase()
14, 17819, -3.0, 1.0, -4.0, 5.0, 0, input.toLowerCase()
14, 17820, -3.0, 1.0, -3.5, 0.0, 6, toLowerCase()
14, 17821, -3.0, 1.0, -3.5, 0.5, 6, toLowerCase()
14, 17822, -3.0, 1.0, -3.5, 1.0, 6, toLowerCase()
14, 17823, -3.0, 1.0, -3.5, 1.5, 6, toLowerCase()
14, 17824, -3.0, 1.0, -3.5, 2.0, 6, toLowerCase()
14, 17825, -3.0, 1.0, -3.5, 2.5, 0, input.toLowerCase()
14, 17826, -3.0, 1.0, -3.5, 3.0, 0, input.toLowerCase()
14, 17827, -3.0, 1.0, -3.5, 3.5, 0, input.toLowerCase()
14, 17828, -3.0, 1.0, -3.5, 4.0, 0, input.toLowerCase()
14, 17829, -3.0, 1.0, -3.5, 4.5, 0, input.toLowerCase()
14, 17830, -3.0, 1.0, -3.5, 5.0, 0, input.toLowerCase()
14, 17831, -3.0, 1.0, -3.0, 0.0, 6, toLowerCase()
14, 17832, -3.0, 1.0, -3.0, 0.5, 6, toLowerCase()
14, 17833, -3.0, 1.0, -3.0, 1.0, 6, toLowerCase()
14, 17834, -3.0, 1.0, -3.0, 1.5, 6, toLowerCase()
14, 17835, -3.0, 1.0, -3.0, 2.0, 6, toLowerCase()
14, 17836, -3.0, 1.0, -3.0, 2.5, 0, input.toLowerCase()
14, 17837, -3.0, 1.0, -3.0, 3.0, 0, input.toLowerCase()
14, 17838, -3.0, 1.0, -3.0, 3.5, 0, input.toLowerCase()
14, 17839, -3.0, 1.0, -3.0, 4.0, 0, input.toLowerCase()
14, 17840, -3.0, 1.0, -3.0, 4.5, 0, input.toLowerCase()
14, 17841, -3.0, 1.0, -3.0, 5.0, 0, input.toLowerCase()
14, 17842, -3.0, 1.0, -2.5, 0.0, 6, toLowerCase()
14, 17843, -3.0, 1.0, -2.5, 0.5, 6, toLowerCase()
14, 17844, -3.0, 1.0, -2.5, 1.0, 6, toLowerCase()
14, 17845, -3.0, 1.0, -2.5, 1.5, 6, toLowerCase()
14, 17846, -3.0, 1.0, -2.5, 2.0, 6, toLowerCase()
14, 17847, -3.0, 1.0, -2.5, 2.5, 0, input.toLowerCase()
14, 17848, -3.0, 1.0, -2.5, 3.0, 0, input.toLowerCase()
14, 17849, -3.0, 1.0, -2.5, 3.5, 0, input.toLowerCase()
14, 17850, -3.0, 1.0, -2.5, 4.0, 0, input.toLowerCase()
14, 17851, -3.0, 1.0, -2.5, 4.5, 0, input.toLowerCase()
14, 17852, -3.0, 1.0, -2.5, 5.0, 0, input.toLowerCase()
14, 17853, -3.0, 1.0, -2.0, 0.0, 6, toLowerCase()
14, 17854, -3.0, 1.0, -2.0, 0.5, 6, toLowerCase()
14, 17855, -3.0, 1.0, -2.0, 1.0, 6, toLowerCase()
14, 17856, -3.0, 1.0, -2.0, 1.5, 6, toLowerCase()
14, 17857, -3.0, 1.0, -2.0, 2.0, 6, toLowerCase()
14, 17858, -3.0, 1.0, -2.0, 2.5, 0, input.toLowerCase()
14, 17859, -3.0, 1.0, -2.0, 3.0, 0, input.toLowerCase()
14, 17860, -3.0, 1.0, -2.0, 3.5, 0, input.toLowerCase()
14, 17861, -3.0, 1.0, -2.0, 4.0, 0, input.toLowerCase()
14, 17862, -3.0, 1.0, -2.0, 4.5, 0, input.toLowerCase()
14, 17863, -3.0, 1.0, -2.0, 5.0, 0, input.toLowerCase()
14, 17864, -3.0, 1.0, -1.5, 0.0, 6, toLowerCase()
14, 17865, -3.0, 1.0, -1.5, 0.5, 6, toLowerCase()
14, 17866, -3.0, 1.0, -1.5, 1.0, 6, toLowerCase()
14, 17867, -3.0, 1.0, -1.5, 1.5, 6, toLowerCase()
14, 17868, -3.0, 1.0, -1.5, 2.0, 6, toLowerCase()
14, 17869, -3.0, 1.0, -1.5, 2.5, 0, input.toLowerCase()
14, 17870, -3.0, 1.0, -1.5, 3.0, 0, input.toLowerCase()
14, 17871, -3.0, 1.0, -1.5, 3.5, 0, input.toLowerCase()
14, 17872, -3.0, 1.0, -1.5, 4.0, 0, input.toLowerCase()
14, 17873, -3.0, 1.0, -1.5, 4.5, 0, input.toLowerCase()
14, 17874, -3.0, 1.0, -1.5, 5.0, 0, input.toLowerCase()
14, 17875, -3.0, 1.0, -1.0, 0.0, 6, toLowerCase()
14, 17876, -3.0, 1.0, -1.0, 0.5, 6, toLowerCase()
14, 17877, -3.0, 1.0, -1.0, 1.0, 6, toLowerCase()
14, 17878, -3.0, 1.0, -1.0, 1.5, 6, toLowerCase()
14, 17879, -3.0, 1.0, -1.0, 2.0, 6, toLowerCase()
14, 17880, -3.0, 1.0, -1.0, 2.5, 0, input.toLowerCase()
14, 17881, -3.0, 1.0, -1.0, 3.0, 0, input.toLowerCase()
14, 17882, -3.0, 1.0, -1.0, 3.5, 0, input.toLowerCase()
14, 17883, -3.0, 1.0, -1.0, 4.0, 0, input.toLowerCase()
14, 17884, -3.0, 1.0, -1.0, 4.5, 0, input.toLowerCase()
14, 17885, -3.0, 1.0, -1.0, 5.0, 0, input.toLowerCase()
14, 17886, -3.0, 1.0, -0.5, 0.0, 6, toLowerCase()
14, 17887, -3.0, 1.0, -0.5, 0.5, 6, toLowerCase()
14, 17888, -3.0, 1.0, -0.5, 1.0, 6, toLowerCase()
14, 17889, -3.0, 1.0, -0.5, 1.5, 6, toLowerCase()
14, 17890, -3.0, 1.0, -0.5, 2.0, 6, toLowerCase()
14, 17891, -3.0, 1.0, -0.5, 2.5, 0, input.toLowerCase()
14, 17892, -3.0, 1.0, -0.5, 3.0, 0, input.toLowerCase()
14, 17893, -3.0, 1.0, -0.5, 3.5, 0, input.toLowerCase()
14, 17894, -3.0, 1.0, -0.5, 4.0, 0, input.toLowerCase()
14, 17895, -3.0, 1.0, -0.5, 4.5, 0, input.toLowerCase()
14, 17896, -3.0, 1.0, -0.5, 5.0, 0, input.toLowerCase()
14, 17897, -3.0, 1.0, 0.0, 0.0, 6, toLowerCase()
14, 17898, -3.0, 1.0, 0.0, 0.5, 6, toLowerCase()
14, 17899, -3.0, 1.0, 0.0, 1.0, 6, toLowerCase()
14, 17900, -3.0, 1.0, 0.0, 1.5, 6, toLowerCase()
14, 17901, -3.0, 1.0, 0.0, 2.0, 6, toLowerCase()
14, 17902, -3.0, 1.0, 0.0, 2.5, 0, input.toLowerCase()
14, 17903, -3.0, 1.0, 0.0, 3.0, 0, input.toLowerCase()
14, 17904, -3.0, 1.0, 0.0, 3.5, 0, input.toLowerCase()
14, 17905, -3.0, 1.0, 0.0, 4.0, 0, input.toLowerCase()
14, 17906, -3.0, 1.0, 0.0, 4.5, 0, input.toLowerCase()
14, 17907, -3.0, 1.0, 0.0, 5.0, 0, input.toLowerCase()
14, 17908, -2.5, 1.0, -5.0, 0.0, 6, toLowerCase()
14, 17909, -2.5, 1.0, -5.0, 0.5, 6, toLowerCase()
14, 17910, -2.5, 1.0, -5.0, 1.0, 6, toLowerCase()
14, 17911, -2.5, 1.0, -5.0, 1.5, 0, input.toLowerCase()
14, 17912, -2.5, 1.0, -5.0, 2.0, 0, input.toLowerCase()
14, 17913, -2.5, 1.0, -5.0, 2.5, 0, input.toLowerCase()
14, 17914, -2.5, 1.0, -5.0, 3.0, 0, input.toLowerCase()
14, 17915, -2.5, 1.0, -5.0, 3.5, 0, input.toLowerCase()
14, 17916, -2.5, 1.0, -5.0, 4.0, 0, input.toLowerCase()
14, 17917, -2.5, 1.0, -5.0, 4.5, 0, input.toLowerCase()
14, 17918, -2.5, 1.0, -5.0, 5.0, 0, input.toLowerCase()
14, 17919, -2.5, 1.0, -4.5, 0.0, 6, toLowerCase()
14, 17920, -2.5, 1.0, -4.5, 0.5, 6, toLowerCase()
14, 17921, -2.5, 1.0, -4.5, 1.0, 6, toLowerCase()
14, 17922, -2.5, 1.0, -4.5, 1.5, 0, input.toLowerCase()
14, 17923, -2.5, 1.0, -4.5, 2.0, 0, input.toLowerCase()
14, 17924, -2.5, 1.0, -4.5, 2.5, 0, input.toLowerCase()
14, 17925, -2.5, 1.0, -4.5, 3.0, 0, input.toLowerCase()
14, 17926, -2.5, 1.0, -4.5, 3.5, 0, input.toLowerCase()
14, 17927, -2.5, 1.0, -4.5, 4.0, 0, input.toLowerCase()
14, 17928, -2.5, 1.0, -4.5, 4.5, 0, input.toLowerCase()
14, 17929, -2.5, 1.0, -4.5, 5.0, 0, input.toLowerCase()
14, 17930, -2.5, 1.0, -4.0, 0.0, 6, toLowerCase()
14, 17931, -2.5, 1.0, -4.0, 0.5, 6, toLowerCase()
14, 17932, -2.5, 1.0, -4.0, 1.0, 6, toLowerCase()
14, 17933, -2.5, 1.0, -4.0, 1.5, 0, input.toLowerCase()
14, 17934, -2.5, 1.0, -4.0, 2.0, 0, input.toLowerCase()
14, 17935, -2.5, 1.0, -4.0, 2.5, 0, input.toLowerCase()
14, 17936, -2.5, 1.0, -4.0, 3.0, 0, input.toLowerCase()
14, 17937, -2.5, 1.0, -4.0, 3.5, 0, input.toLowerCase()
14, 17938, -2.5, 1.0, -4.0, 4.0, 0, input.toLowerCase()
14, 17939, -2.5, 1.0, -4.0, 4.5, 0, input.toLowerCase()
14, 17940, -2.5, 1.0, -4.0, 5.0, 0, input.toLowerCase()
14, 17941, -2.5, 1.0, -3.5, 0.0, 6, toLowerCase()
14, 17942, -2.5, 1.0, -3.5, 0.5, 6, toLowerCase()
14, 17943, -2.5, 1.0, -3.5, 1.0, 6, toLowerCase()
14, 17944, -2.5, 1.0, -3.5, 1.5, 0, input.toLowerCase()
14, 17945, -2.5, 1.0, -3.5, 2.0, 0, input.toLowerCase()
14, 17946, -2.5, 1.0, -3.5, 2.5, 0, input.toLowerCase()
14, 17947, -2.5, 1.0, -3.5, 3.0, 0, input.toLowerCase()
14, 17948, -2.5, 1.0, -3.5, 3.5, 0, input.toLowerCase()
14, 17949, -2.5, 1.0, -3.5, 4.0, 0, input.toLowerCase()
14, 17950, -2.5, 1.0, -3.5, 4.5, 0, input.toLowerCase()
14, 17951, -2.5, 1.0, -3.5, 5.0, 0, input.toLowerCase()
14, 17952, -2.5, 1.0, -3.0, 0.0, 6, toLowerCase()
14, 17953, -2.5, 1.0, -3.0, 0.5, 6, toLowerCase()
14, 17954, -2.5, 1.0, -3.0, 1.0, 6, toLowerCase()
14, 17955, -2.5, 1.0, -3.0, 1.5, 0, input.toLowerCase()
14, 17956, -2.5, 1.0, -3.0, 2.0, 0, input.toLowerCase()
14, 17957, -2.5, 1.0, -3.0, 2.5, 0, input.toLowerCase()
14, 17958, -2.5, 1.0, -3.0, 3.0, 0, input.toLowerCase()
14, 17959, -2.5, 1.0, -3.0, 3.5, 0, input.toLowerCase()
14, 17960, -2.5, 1.0, -3.0, 4.0, 0, input.toLowerCase()
14, 17961, -2.5, 1.0, -3.0, 4.5, 0, input.toLowerCase()
14, 17962, -2.5, 1.0, -3.0, 5.0, 0, input.toLowerCase()
14, 17963, -2.5, 1.0, -2.5, 0.0, 6, toLowerCase()
14, 17964, -2.5, 1.0, -2.5, 0.5, 6, toLowerCase()
14, 17965, -2.5, 1.0, -2.5, 1.0, 6, toLowerCase()
14, 17966, -2.5, 1.0, -2.5, 1.5, 0, input.toLowerCase()
14, 17967, -2.5, 1.0, -2.5, 2.0, 0, input.toLowerCase()
14, 17968, -2.5, 1.0, -2.5, 2.5, 0, input.toLowerCase()
14, 17969, -2.5, 1.0, -2.5, 3.0, 0, input.toLowerCase()
14, 17970, -2.5, 1.0, -2.5, 3.5, 0, input.toLowerCase()
14, 17971, -2.5, 1.0, -2.5, 4.0, 0, input.toLowerCase()
14, 17972, -2.5, 1.0, -2.5, 4.5, 0, input.toLowerCase()
14, 17973, -2.5, 1.0, -2.5, 5.0, 0, input.toLowerCase()
14, 17974, -2.5, 1.0, -2.0, 0.0, 6, toLowerCase()
14, 17975, -2.5, 1.0, -2.0, 0.5, 6, toLowerCase()
14, 17976, -2.5, 1.0, -2.0, 1.0, 6, toLowerCase()
14, 17977, -2.5, 1.0, -2.0, 1.5, 0, input.toLowerCase()
14, 17978, -2.5, 1.0, -2.0, 2.0, 0, input.toLowerCase()
14, 17979, -2.5, 1.0, -2.0, 2.5, 0, input.toLowerCase()
14, 17980, -2.5, 1.0, -2.0, 3.0, 0, input.toLowerCase()
14, 17981, -2.5, 1.0, -2.0, 3.5, 0, input.toLowerCase()
14, 17982, -2.5, 1.0, -2.0, 4.0, 0, input.toLowerCase()
14, 17983, -2.5, 1.0, -2.0, 4.5, 0, input.toLowerCase()
14, 17984, -2.5, 1.0, -2.0, 5.0, 0, input.toLowerCase()
14, 17985, -2.5, 1.0, -1.5, 0.0, 6, toLowerCase()
14, 17986, -2.5, 1.0, -1.5, 0.5, 6, toLowerCase()
14, 17987, -2.5, 1.0, -1.5, 1.0, 6, toLowerCase()
14, 17988, -2.5, 1.0, -1.5, 1.5, 0, input.toLowerCase()
14, 17989, -2.5, 1.0, -1.5, 2.0, 0, input.toLowerCase()
14, 17990, -2.5, 1.0, -1.5, 2.5, 0, input.toLowerCase()
14, 17991, -2.5, 1.0, -1.5, 3.0, 0, input.toLowerCase()
14, 17992, -2.5, 1.0, -1.5, 3.5, 0, input.toLowerCase()
14, 17993, -2.5, 1.0, -1.5, 4.0, 0, input.toLowerCase()
14, 17994, -2.5, 1.0, -1.5, 4.5, 0, input.toLowerCase()
14, 17995, -2.5, 1.0, -1.5, 5.0, 0, input.toLowerCase()
14, 17996, -2.5, 1.0, -1.0, 0.0, 6, toLowerCase()
14, 17997, -2.5, 1.0, -1.0, 0.5, 6, toLowerCase()
14, 17998, -2.5, 1.0, -1.0, 1.0, 6, toLowerCase()
14, 17999, -2.5, 1.0, -1.0, 1.5, 0, input.toLowerCase()
14, 18000, -2.5, 1.0, -1.0, 2.0, 0, input.toLowerCase()
14, 18001, -2.5, 1.0, -1.0, 2.5, 0, input.toLowerCase()
14, 18002, -2.5, 1.0, -1.0, 3.0, 0, input.toLowerCase()
14, 18003, -2.5, 1.0, -1.0, 3.5, 0, input.toLowerCase()
14, 18004, -2.5, 1.0, -1.0, 4.0, 0, input.toLowerCase()
14, 18005, -2.5, 1.0, -1.0, 4.5, 0, input.toLowerCase()
14, 18006, -2.5, 1.0, -1.0, 5.0, 0, input.toLowerCase()
14, 18007, -2.5, 1.0, -0.5, 0.0, 6, toLowerCase()
14, 18008, -2.5, 1.0, -0.5, 0.5, 6, toLowerCase()
14, 18009, -2.5, 1.0, -0.5, 1.0, 6, toLowerCase()
14, 18010, -2.5, 1.0, -0.5, 1.5, 0, input.toLowerCase()
14, 18011, -2.5, 1.0, -0.5, 2.0, 0, input.toLowerCase()
14, 18012, -2.5, 1.0, -0.5, 2.5, 0, input.toLowerCase()
14, 18013, -2.5, 1.0, -0.5, 3.0, 0, input.toLowerCase()
14, 18014, -2.5, 1.0, -0.5, 3.5, 0, input.toLowerCase()
14, 18015, -2.5, 1.0, -0.5, 4.0, 0, input.toLowerCase()
14, 18016, -2.5, 1.0, -0.5, 4.5, 0, input.toLowerCase()
14, 18017, -2.5, 1.0, -0.5, 5.0, 12, Short.toString()
14, 18018, -2.5, 1.0, 0.0, 0.0, 6, toLowerCase()
14, 18019, -2.5, 1.0, 0.0, 0.5, 6, toLowerCase()
14, 18020, -2.5, 1.0, 0.0, 1.0, 6, toLowerCase()
14, 18021, -2.5, 1.0, 0.0, 1.5, 0, input.toLowerCase()
14, 18022, -2.5, 1.0, 0.0, 2.0, 0, input.toLowerCase()
14, 18023, -2.5, 1.0, 0.0, 2.5, 0, input.toLowerCase()
14, 18024, -2.5, 1.0, 0.0, 3.0, 0, input.toLowerCase()
14, 18025, -2.5, 1.0, 0.0, 3.5, 0, input.toLowerCase()
14, 18026, -2.5, 1.0, 0.0, 4.0, 0, input.toLowerCase()
14, 18027, -2.5, 1.0, 0.0, 4.5, 12, Short.toString()
14, 18028, -2.5, 1.0, 0.0, 5.0, 12, Short.toString()
14, 18029, -2.0, 1.0, -5.0, 0.0, 6, toLowerCase()
14, 18030, -2.0, 1.0, -5.0, 0.5, 0, input.toLowerCase()
14, 18031, -2.0, 1.0, -5.0, 1.0, 0, input.toLowerCase()
14, 18032, -2.0, 1.0, -5.0, 1.5, 0, input.toLowerCase()
14, 18033, -2.0, 1.0, -5.0, 2.0, 0, input.toLowerCase()
14, 18034, -2.0, 1.0, -5.0, 2.5, 0, input.toLowerCase()
14, 18035, -2.0, 1.0, -5.0, 3.0, 0, input.toLowerCase()
14, 18036, -2.0, 1.0, -5.0, 3.5, 0, input.toLowerCase()
14, 18037, -2.0, 1.0, -5.0, 4.0, 0, input.toLowerCase()
14, 18038, -2.0, 1.0, -5.0, 4.5, 0, input.toLowerCase()
14, 18039, -2.0, 1.0, -5.0, 5.0, 0, input.toLowerCase()
14, 18040, -2.0, 1.0, -4.5, 0.0, 6, toLowerCase()
14, 18041, -2.0, 1.0, -4.5, 0.5, 0, input.toLowerCase()
14, 18042, -2.0, 1.0, -4.5, 1.0, 0, input.toLowerCase()
14, 18043, -2.0, 1.0, -4.5, 1.5, 0, input.toLowerCase()
14, 18044, -2.0, 1.0, -4.5, 2.0, 0, input.toLowerCase()
14, 18045, -2.0, 1.0, -4.5, 2.5, 0, input.toLowerCase()
14, 18046, -2.0, 1.0, -4.5, 3.0, 0, input.toLowerCase()
14, 18047, -2.0, 1.0, -4.5, 3.5, 0, input.toLowerCase()
14, 18048, -2.0, 1.0, -4.5, 4.0, 0, input.toLowerCase()
14, 18049, -2.0, 1.0, -4.5, 4.5, 0, input.toLowerCase()
14, 18050, -2.0, 1.0, -4.5, 5.0, 0, input.toLowerCase()
14, 18051, -2.0, 1.0, -4.0, 0.0, 6, toLowerCase()
14, 18052, -2.0, 1.0, -4.0, 0.5, 0, input.toLowerCase()
14, 18053, -2.0, 1.0, -4.0, 1.0, 0, input.toLowerCase()
14, 18054, -2.0, 1.0, -4.0, 1.5, 0, input.toLowerCase()
14, 18055, -2.0, 1.0, -4.0, 2.0, 0, input.toLowerCase()
14, 18056, -2.0, 1.0, -4.0, 2.5, 0, input.toLowerCase()
14, 18057, -2.0, 1.0, -4.0, 3.0, 0, input.toLowerCase()
14, 18058, -2.0, 1.0, -4.0, 3.5, 0, input.toLowerCase()
14, 18059, -2.0, 1.0, -4.0, 4.0, 0, input.toLowerCase()
14, 18060, -2.0, 1.0, -4.0, 4.5, 0, input.toLowerCase()
14, 18061, -2.0, 1.0, -4.0, 5.0, 0, input.toLowerCase()
14, 18062, -2.0, 1.0, -3.5, 0.0, 6, toLowerCase()
14, 18063, -2.0, 1.0, -3.5, 0.5, 0, input.toLowerCase()
14, 18064, -2.0, 1.0, -3.5, 1.0, 0, input.toLowerCase()
14, 18065, -2.0, 1.0, -3.5, 1.5, 0, input.toLowerCase()
14, 18066, -2.0, 1.0, -3.5, 2.0, 0, input.toLowerCase()
14, 18067, -2.0, 1.0, -3.5, 2.5, 0, input.toLowerCase()
14, 18068, -2.0, 1.0, -3.5, 3.0, 0, input.toLowerCase()
14, 18069, -2.0, 1.0, -3.5, 3.5, 0, input.toLowerCase()
14, 18070, -2.0, 1.0, -3.5, 4.0, 0, input.toLowerCase()
14, 18071, -2.0, 1.0, -3.5, 4.5, 0, input.toLowerCase()
14, 18072, -2.0, 1.0, -3.5, 5.0, 0, input.toLowerCase()
14, 18073, -2.0, 1.0, -3.0, 0.0, 6, toLowerCase()
14, 18074, -2.0, 1.0, -3.0, 0.5, 0, input.toLowerCase()
14, 18075, -2.0, 1.0, -3.0, 1.0, 0, input.toLowerCase()
14, 18076, -2.0, 1.0, -3.0, 1.5, 0, input.toLowerCase()
14, 18077, -2.0, 1.0, -3.0, 2.0, 0, input.toLowerCase()
14, 18078, -2.0, 1.0, -3.0, 2.5, 0, input.toLowerCase()
14, 18079, -2.0, 1.0, -3.0, 3.0, 0, input.toLowerCase()
14, 18080, -2.0, 1.0, -3.0, 3.5, 0, input.toLowerCase()
14, 18081, -2.0, 1.0, -3.0, 4.0, 0, input.toLowerCase()
14, 18082, -2.0, 1.0, -3.0, 4.5, 0, input.toLowerCase()
14, 18083, -2.0, 1.0, -3.0, 5.0, 0, input.toLowerCase()
14, 18084, -2.0, 1.0, -2.5, 0.0, 6, toLowerCase()
14, 18085, -2.0, 1.0, -2.5, 0.5, 0, input.toLowerCase()
14, 18086, -2.0, 1.0, -2.5, 1.0, 0, input.toLowerCase()
14, 18087, -2.0, 1.0, -2.5, 1.5, 0, input.toLowerCase()
14, 18088, -2.0, 1.0, -2.5, 2.0, 0, input.toLowerCase()
14, 18089, -2.0, 1.0, -2.5, 2.5, 0, input.toLowerCase()
14, 18090, -2.0, 1.0, -2.5, 3.0, 0, input.toLowerCase()
14, 18091, -2.0, 1.0, -2.5, 3.5, 0, input.toLowerCase()
14, 18092, -2.0, 1.0, -2.5, 4.0, 0, input.toLowerCase()
14, 18093, -2.0, 1.0, -2.5, 4.5, 0, input.toLowerCase()
14, 18094, -2.0, 1.0, -2.5, 5.0, 0, input.toLowerCase()
14, 18095, -2.0, 1.0, -2.0, 0.0, 6, toLowerCase()
14, 18096, -2.0, 1.0, -2.0, 0.5, 0, input.toLowerCase()
14, 18097, -2.0, 1.0, -2.0, 1.0, 0, input.toLowerCase()
14, 18098, -2.0, 1.0, -2.0, 1.5, 0, input.toLowerCase()
14, 18099, -2.0, 1.0, -2.0, 2.0, 0, input.toLowerCase()
14, 18100, -2.0, 1.0, -2.0, 2.5, 0, input.toLowerCase()
14, 18101, -2.0, 1.0, -2.0, 3.0, 0, input.toLowerCase()
14, 18102, -2.0, 1.0, -2.0, 3.5, 0, input.toLowerCase()
14, 18103, -2.0, 1.0, -2.0, 4.0, 0, input.toLowerCase()
14, 18104, -2.0, 1.0, -2.0, 4.5, 0, input.toLowerCase()
14, 18105, -2.0, 1.0, -2.0, 5.0, 0, input.toLowerCase()
14, 18106, -2.0, 1.0, -1.5, 0.0, 6, toLowerCase()
14, 18107, -2.0, 1.0, -1.5, 0.5, 0, input.toLowerCase()
14, 18108, -2.0, 1.0, -1.5, 1.0, 0, input.toLowerCase()
14, 18109, -2.0, 1.0, -1.5, 1.5, 0, input.toLowerCase()
14, 18110, -2.0, 1.0, -1.5, 2.0, 0, input.toLowerCase()
14, 18111, -2.0, 1.0, -1.5, 2.5, 0, input.toLowerCase()
14, 18112, -2.0, 1.0, -1.5, 3.0, 0, input.toLowerCase()
14, 18113, -2.0, 1.0, -1.5, 3.5, 0, input.toLowerCase()
14, 18114, -2.0, 1.0, -1.5, 4.0, 0, input.toLowerCase()
14, 18115, -2.0, 1.0, -1.5, 4.5, 0, input.toLowerCase()
14, 18116, -2.0, 1.0, -1.5, 5.0, 12, Short.toString()
14, 18117, -2.0, 1.0, -1.0, 0.0, 6, toLowerCase()
14, 18118, -2.0, 1.0, -1.0, 0.5, 0, input.toLowerCase()
14, 18119, -2.0, 1.0, -1.0, 1.0, 0, input.toLowerCase()
14, 18120, -2.0, 1.0, -1.0, 1.5, 0, input.toLowerCase()
14, 18121, -2.0, 1.0, -1.0, 2.0, 0, input.toLowerCase()
14, 18122, -2.0, 1.0, -1.0, 2.5, 0, input.toLowerCase()
14, 18123, -2.0, 1.0, -1.0, 3.0, 0, input.toLowerCase()
14, 18124, -2.0, 1.0, -1.0, 3.5, 0, input.toLowerCase()
14, 18125, -2.0, 1.0, -1.0, 4.0, 0, input.toLowerCase()
14, 18126, -2.0, 1.0, -1.0, 4.5, 12, Short.toString()
14, 18127, -2.0, 1.0, -1.0, 5.0, 12, Short.toString()
14, 18128, -2.0, 1.0, -0.5, 0.0, 6, toLowerCase()
14, 18129, -2.0, 1.0, -0.5, 0.5, 0, input.toLowerCase()
14, 18130, -2.0, 1.0, -0.5, 1.0, 0, input.toLowerCase()
14, 18131, -2.0, 1.0, -0.5, 1.5, 0, input.toLowerCase()
14, 18132, -2.0, 1.0, -0.5, 2.0, 0, input.toLowerCase()
14, 18133, -2.0, 1.0, -0.5, 2.5, 0, input.toLowerCase()
14, 18134, -2.0, 1.0, -0.5, 3.0, 0, input.toLowerCase()
14, 18135, -2.0, 1.0, -0.5, 3.5, 0, input.toLowerCase()
14, 18136, -2.0, 1.0, -0.5, 4.0, 12, Short.toString()
14, 18137, -2.0, 1.0, -0.5, 4.5, 12, Short.toString()
14, 18138, -2.0, 1.0, -0.5, 5.0, 12, Short.toString()
14, 18139, -2.0, 1.0, 0.0, 0.0, 6, toLowerCase()
14, 18140, -2.0, 1.0, 0.0, 0.5, 0, input.toLowerCase()
14, 18141, -2.0, 1.0, 0.0, 1.0, 0, input.toLowerCase()
14, 18142, -2.0, 1.0, 0.0, 1.5, 0, input.toLowerCase()
14, 18143, -2.0, 1.0, 0.0, 2.0, 0, input.toLowerCase()
14, 18144, -2.0, 1.0, 0.0, 2.5, 0, input.toLowerCase()
14, 18145, -2.0, 1.0, 0.0, 3.0, 0, input.toLowerCase()
14, 18146, -2.0, 1.0, 0.0, 3.5, 7, input.toLowerCase().trim()
14, 18147, -2.0, 1.0, 0.0, 4.0, 12, Short.toString()
14, 18148, -2.0, 1.0, 0.0, 4.5, 13, getSimpleName()
14, 18149, -2.0, 1.0, 0.0, 5.0, 13, getSimpleName()
14, 18150, -1.5, 1.0, -5.0, 0.0, 0, input.toLowerCase()
14, 18151, -1.5, 1.0, -5.0, 0.5, 0, input.toLowerCase()
14, 18152, -1.5, 1.0, -5.0, 1.0, 0, input.toLowerCase()
14, 18153, -1.5, 1.0, -5.0, 1.5, 0, input.toLowerCase()
14, 18154, -1.5, 1.0, -5.0, 2.0, 0, input.toLowerCase()
14, 18155, -1.5, 1.0, -5.0, 2.5, 0, input.toLowerCase()
14, 18156, -1.5, 1.0, -5.0, 3.0, 0, input.toLowerCase()
14, 18157, -1.5, 1.0, -5.0, 3.5, 0, input.toLowerCase()
14, 18158, -1.5, 1.0, -5.0, 4.0, 0, input.toLowerCase()
14, 18159, -1.5, 1.0, -5.0, 4.5, 0, input.toLowerCase()
14, 18160, -1.5, 1.0, -5.0, 5.0, 0, input.toLowerCase()
14, 18161, -1.5, 1.0, -4.5, 0.0, 0, input.toLowerCase()
14, 18162, -1.5, 1.0, -4.5, 0.5, 0, input.toLowerCase()
14, 18163, -1.5, 1.0, -4.5, 1.0, 0, input.toLowerCase()
14, 18164, -1.5, 1.0, -4.5, 1.5, 0, input.toLowerCase()
14, 18165, -1.5, 1.0, -4.5, 2.0, 0, input.toLowerCase()
14, 18166, -1.5, 1.0, -4.5, 2.5, 0, input.toLowerCase()
14, 18167, -1.5, 1.0, -4.5, 3.0, 0, input.toLowerCase()
14, 18168, -1.5, 1.0, -4.5, 3.5, 0, input.toLowerCase()
14, 18169, -1.5, 1.0, -4.5, 4.0, 0, input.toLowerCase()
14, 18170, -1.5, 1.0, -4.5, 4.5, 0, input.toLowerCase()
14, 18171, -1.5, 1.0, -4.5, 5.0, 0, input.toLowerCase()
14, 18172, -1.5, 1.0, -4.0, 0.0, 0, input.toLowerCase()
14, 18173, -1.5, 1.0, -4.0, 0.5, 0, input.toLowerCase()
14, 18174, -1.5, 1.0, -4.0, 1.0, 0, input.toLowerCase()
14, 18175, -1.5, 1.0, -4.0, 1.5, 0, input.toLowerCase()
14, 18176, -1.5, 1.0, -4.0, 2.0, 0, input.toLowerCase()
14, 18177, -1.5, 1.0, -4.0, 2.5, 0, input.toLowerCase()
14, 18178, -1.5, 1.0, -4.0, 3.0, 0, input.toLowerCase()
14, 18179, -1.5, 1.0, -4.0, 3.5, 0, input.toLowerCase()
14, 18180, -1.5, 1.0, -4.0, 4.0, 0, input.toLowerCase()
14, 18181, -1.5, 1.0, -4.0, 4.5, 0, input.toLowerCase()
14, 18182, -1.5, 1.0, -4.0, 5.0, 0, input.toLowerCase()
14, 18183, -1.5, 1.0, -3.5, 0.0, 0, input.toLowerCase()
14, 18184, -1.5, 1.0, -3.5, 0.5, 0, input.toLowerCase()
14, 18185, -1.5, 1.0, -3.5, 1.0, 0, input.toLowerCase()
14, 18186, -1.5, 1.0, -3.5, 1.5, 0, input.toLowerCase()
14, 18187, -1.5, 1.0, -3.5, 2.0, 0, input.toLowerCase()
14, 18188, -1.5, 1.0, -3.5, 2.5, 0, input.toLowerCase()
14, 18189, -1.5, 1.0, -3.5, 3.0, 0, input.toLowerCase()
14, 18190, -1.5, 1.0, -3.5, 3.5, 0, input.toLowerCase()
14, 18191, -1.5, 1.0, -3.5, 4.0, 0, input.toLowerCase()
14, 18192, -1.5, 1.0, -3.5, 4.5, 0, input.toLowerCase()
14, 18193, -1.5, 1.0, -3.5, 5.0, 0, input.toLowerCase()
14, 18194, -1.5, 1.0, -3.0, 0.0, 0, input.toLowerCase()
14, 18195, -1.5, 1.0, -3.0, 0.5, 0, input.toLowerCase()
14, 18196, -1.5, 1.0, -3.0, 1.0, 0, input.toLowerCase()
14, 18197, -1.5, 1.0, -3.0, 1.5, 0, input.toLowerCase()
14, 18198, -1.5, 1.0, -3.0, 2.0, 0, input.toLowerCase()
14, 18199, -1.5, 1.0, -3.0, 2.5, 0, input.toLowerCase()
14, 18200, -1.5, 1.0, -3.0, 3.0, 0, input.toLowerCase()
14, 18201, -1.5, 1.0, -3.0, 3.5, 0, input.toLowerCase()
14, 18202, -1.5, 1.0, -3.0, 4.0, 0, input.toLowerCase()
14, 18203, -1.5, 1.0, -3.0, 4.5, 0, input.toLowerCase()
14, 18204, -1.5, 1.0, -3.0, 5.0, 0, input.toLowerCase()
14, 18205, -1.5, 1.0, -2.5, 0.0, 0, input.toLowerCase()
14, 18206, -1.5, 1.0, -2.5, 0.5, 0, input.toLowerCase()
14, 18207, -1.5, 1.0, -2.5, 1.0, 0, input.toLowerCase()
14, 18208, -1.5, 1.0, -2.5, 1.5, 0, input.toLowerCase()
14, 18209, -1.5, 1.0, -2.5, 2.0, 0, input.toLowerCase()
14, 18210, -1.5, 1.0, -2.5, 2.5, 0, input.toLowerCase()
14, 18211, -1.5, 1.0, -2.5, 3.0, 0, input.toLowerCase()
14, 18212, -1.5, 1.0, -2.5, 3.5, 0, input.toLowerCase()
14, 18213, -1.5, 1.0, -2.5, 4.0, 0, input.toLowerCase()
14, 18214, -1.5, 1.0, -2.5, 4.5, 0, input.toLowerCase()
14, 18215, -1.5, 1.0, -2.5, 5.0, 12, Short.toString()
14, 18216, -1.5, 1.0, -2.0, 0.0, 0, input.toLowerCase()
14, 18217, -1.5, 1.0, -2.0, 0.5, 0, input.toLowerCase()
14, 18218, -1.5, 1.0, -2.0, 1.0, 0, input.toLowerCase()
14, 18219, -1.5, 1.0, -2.0, 1.5, 0, input.toLowerCase()
14, 18220, -1.5, 1.0, -2.0, 2.0, 0, input.toLowerCase()
14, 18221, -1.5, 1.0, -2.0, 2.5, 0, input.toLowerCase()
14, 18222, -1.5, 1.0, -2.0, 3.0, 0, input.toLowerCase()
14, 18223, -1.5, 1.0, -2.0, 3.5, 0, input.toLowerCase()
14, 18224, -1.5, 1.0, -2.0, 4.0, 0, input.toLowerCase()
14, 18225, -1.5, 1.0, -2.0, 4.5, 12, Short.toString()
14, 18226, -1.5, 1.0, -2.0, 5.0, 12, Short.toString()
14, 18227, -1.5, 1.0, -1.5, 0.0, 0, input.toLowerCase()
14, 18228, -1.5, 1.0, -1.5, 0.5, 0, input.toLowerCase()
14, 18229, -1.5, 1.0, -1.5, 1.0, 0, input.toLowerCase()
14, 18230, -1.5, 1.0, -1.5, 1.5, 0, input.toLowerCase()
14, 18231, -1.5, 1.0, -1.5, 2.0, 0, input.toLowerCase()
14, 18232, -1.5, 1.0, -1.5, 2.5, 0, input.toLowerCase()
14, 18233, -1.5, 1.0, -1.5, 3.0, 0, input.toLowerCase()
14, 18234, -1.5, 1.0, -1.5, 3.5, 0, input.toLowerCase()
14, 18235, -1.5, 1.0, -1.5, 4.0, 12, Short.toString()
14, 18236, -1.5, 1.0, -1.5, 4.5, 12, Short.toString()
14, 18237, -1.5, 1.0, -1.5, 5.0, 12, Short.toString()
14, 18238, -1.5, 1.0, -1.0, 0.0, 0, input.toLowerCase()
14, 18239, -1.5, 1.0, -1.0, 0.5, 0, input.toLowerCase()
14, 18240, -1.5, 1.0, -1.0, 1.0, 0, input.toLowerCase()
14, 18241, -1.5, 1.0, -1.0, 1.5, 0, input.toLowerCase()
14, 18242, -1.5, 1.0, -1.0, 2.0, 0, input.toLowerCase()
14, 18243, -1.5, 1.0, -1.0, 2.5, 0, input.toLowerCase()
14, 18244, -1.5, 1.0, -1.0, 3.0, 0, input.toLowerCase()
14, 18245, -1.5, 1.0, -1.0, 3.5, 7, input.toLowerCase().trim()
14, 18246, -1.5, 1.0, -1.0, 4.0, 12, Short.toString()
14, 18247, -1.5, 1.0, -1.0, 4.5, 12, Short.toString()
14, 18248, -1.5, 1.0, -1.0, 5.0, 12, Short.toString()
14, 18249, -1.5, 1.0, -0.5, 0.0, 0, input.toLowerCase()
14, 18250, -1.5, 1.0, -0.5, 0.5, 0, input.toLowerCase()
14, 18251, -1.5, 1.0, -0.5, 1.0, 0, input.toLowerCase()
14, 18252, -1.5, 1.0, -0.5, 1.5, 0, input.toLowerCase()
14, 18253, -1.5, 1.0, -0.5, 2.0, 0, input.toLowerCase()
14, 18254, -1.5, 1.0, -0.5, 2.5, 0, input.toLowerCase()
14, 18255, -1.5, 1.0, -0.5, 3.0, 6, input.toLowerCase().get()
14, 18256, -1.5, 1.0, -0.5, 3.5, 12, Short.toString()
14, 18257, -1.5, 1.0, -0.5, 4.0, 12, Short.toString()
14, 18258, -1.5, 1.0, -0.5, 4.5, 12, Float.toString()
14, 18259, -1.5, 1.0, -0.5, 5.0, 13, Float.toHexString()
14, 18260, -1.5, 1.0, 0.0, 0.0, 0, input.toLowerCase()
14, 18261, -1.5, 1.0, 0.0, 0.5, 0, input.toLowerCase()
14, 18262, -1.5, 1.0, 0.0, 1.0, 0, input.toLowerCase()
14, 18263, -1.5, 1.0, 0.0, 1.5, 0, input.toLowerCase()
14, 18264, -1.5, 1.0, 0.0, 2.0, 0, input.toLowerCase()
14, 18265, -1.5, 1.0, 0.0, 2.5, 0, input.toLowerCase()
14, 18266, -1.5, 1.0, 0.0, 3.0, 7, input.toLowerCase().trim()
14, 18267, -1.5, 1.0, 0.0, 3.5, 13, getSimpleName()
14, 18268, -1.5, 1.0, 0.0, 4.0, 13, typeName()
14, 18269, -1.5, 1.0, 0.0, 4.5, 14, input
14, 18270, -1.5, 1.0, 0.0, 5.0, 14, input
14, 18271, -1.0, 1.0, -5.0, 0.0, 0, input.toLowerCase()
14, 18272, -1.0, 1.0, -5.0, 0.5, 0, input.toLowerCase()
14, 18273, -1.0, 1.0, -5.0, 1.0, 0, input.toLowerCase()
14, 18274, -1.0, 1.0, -5.0, 1.5, 0, input.toLowerCase()
14, 18275, -1.0, 1.0, -5.0, 2.0, 0, input.toLowerCase()
14, 18276, -1.0, 1.0, -5.0, 2.5, 0, input.toLowerCase()
14, 18277, -1.0, 1.0, -5.0, 3.0, 0, input.toLowerCase()
14, 18278, -1.0, 1.0, -5.0, 3.5, 0, input.toLowerCase()
14, 18279, -1.0, 1.0, -5.0, 4.0, 0, input.toLowerCase()
14, 18280, -1.0, 1.0, -5.0, 4.5, 0, input.toLowerCase()
14, 18281, -1.0, 1.0, -5.0, 5.0, 0, input.toLowerCase()
14, 18282, -1.0, 1.0, -4.5, 0.0, 0, input.toLowerCase()
14, 18283, -1.0, 1.0, -4.5, 0.5, 0, input.toLowerCase()
14, 18284, -1.0, 1.0, -4.5, 1.0, 0, input.toLowerCase()
14, 18285, -1.0, 1.0, -4.5, 1.5, 0, input.toLowerCase()
14, 18286, -1.0, 1.0, -4.5, 2.0, 0, input.toLowerCase()
14, 18287, -1.0, 1.0, -4.5, 2.5, 0, input.toLowerCase()
14, 18288, -1.0, 1.0, -4.5, 3.0, 0, input.toLowerCase()
14, 18289, -1.0, 1.0, -4.5, 3.5, 0, input.toLowerCase()
14, 18290, -1.0, 1.0, -4.5, 4.0, 0, input.toLowerCase()
14, 18291, -1.0, 1.0, -4.5, 4.5, 0, input.toLowerCase()
14, 18292, -1.0, 1.0, -4.5, 5.0, 0, input.toLowerCase()
14, 18293, -1.0, 1.0, -4.0, 0.0, 0, input.toLowerCase()
14, 18294, -1.0, 1.0, -4.0, 0.5, 0, input.toLowerCase()
14, 18295, -1.0, 1.0, -4.0, 1.0, 0, input.toLowerCase()
14, 18296, -1.0, 1.0, -4.0, 1.5, 0, input.toLowerCase()
14, 18297, -1.0, 1.0, -4.0, 2.0, 0, input.toLowerCase()
14, 18298, -1.0, 1.0, -4.0, 2.5, 0, input.toLowerCase()
14, 18299, -1.0, 1.0, -4.0, 3.0, 0, input.toLowerCase()
14, 18300, -1.0, 1.0, -4.0, 3.5, 0, input.toLowerCase()
14, 18301, -1.0, 1.0, -4.0, 4.0, 0, input.toLowerCase()
14, 18302, -1.0, 1.0, -4.0, 4.5, 0, input.toLowerCase()
14, 18303, -1.0, 1.0, -4.0, 5.0, 0, input.toLowerCase()
14, 18304, -1.0, 1.0, -3.5, 0.0, 0, input.toLowerCase()
14, 18305, -1.0, 1.0, -3.5, 0.5, 0, input.toLowerCase()
14, 18306, -1.0, 1.0, -3.5, 1.0, 0, input.toLowerCase()
14, 18307, -1.0, 1.0, -3.5, 1.5, 0, input.toLowerCase()
14, 18308, -1.0, 1.0, -3.5, 2.0, 0, input.toLowerCase()
14, 18309, -1.0, 1.0, -3.5, 2.5, 0, input.toLowerCase()
14, 18310, -1.0, 1.0, -3.5, 3.0, 0, input.toLowerCase()
14, 18311, -1.0, 1.0, -3.5, 3.5, 0, input.toLowerCase()
14, 18312, -1.0, 1.0, -3.5, 4.0, 0, input.toLowerCase()
14, 18313, -1.0, 1.0, -3.5, 4.5, 0, input.toLowerCase()
14, 18314, -1.0, 1.0, -3.5, 5.0, 12, Short.toString()
14, 18315, -1.0, 1.0, -3.0, 0.0, 0, input.toLowerCase()
14, 18316, -1.0, 1.0, -3.0, 0.5, 0, input.toLowerCase()
14, 18317, -1.0, 1.0, -3.0, 1.0, 0, input.toLowerCase()
14, 18318, -1.0, 1.0, -3.0, 1.5, 0, input.toLowerCase()
14, 18319, -1.0, 1.0, -3.0, 2.0, 0, input.toLowerCase()
14, 18320, -1.0, 1.0, -3.0, 2.5, 0, input.toLowerCase()
14, 18321, -1.0, 1.0, -3.0, 3.0, 0, input.toLowerCase()
14, 18322, -1.0, 1.0, -3.0, 3.5, 0, input.toLowerCase()
14, 18323, -1.0, 1.0, -3.0, 4.0, 0, input.toLowerCase()
14, 18324, -1.0, 1.0, -3.0, 4.5, 12, Short.toString()
14, 18325, -1.0, 1.0, -3.0, 5.0, 12, Short.toString()
14, 18326, -1.0, 1.0, -2.5, 0.0, 0, input.toLowerCase()
14, 18327, -1.0, 1.0, -2.5, 0.5, 0, input.toLowerCase()
14, 18328, -1.0, 1.0, -2.5, 1.0, 0, input.toLowerCase()
14, 18329, -1.0, 1.0, -2.5, 1.5, 0, input.toLowerCase()
14, 18330, -1.0, 1.0, -2.5, 2.0, 0, input.toLowerCase()
14, 18331, -1.0, 1.0, -2.5, 2.5, 0, input.toLowerCase()
14, 18332, -1.0, 1.0, -2.5, 3.0, 0, input.toLowerCase()
14, 18333, -1.0, 1.0, -2.5, 3.5, 0, input.toLowerCase()
14, 18334, -1.0, 1.0, -2.5, 4.0, 12, Short.toString()
14, 18335, -1.0, 1.0, -2.5, 4.5, 12, Short.toString()
14, 18336, -1.0, 1.0, -2.5, 5.0, 12, Short.toString()
14, 18337, -1.0, 1.0, -2.0, 0.0, 0, input.toLowerCase()
14, 18338, -1.0, 1.0, -2.0, 0.5, 0, input.toLowerCase()
14, 18339, -1.0, 1.0, -2.0, 1.0, 0, input.toLowerCase()
14, 18340, -1.0, 1.0, -2.0, 1.5, 0, input.toLowerCase()
14, 18341, -1.0, 1.0, -2.0, 2.0, 0, input.toLowerCase()
14, 18342, -1.0, 1.0, -2.0, 2.5, 0, input.toLowerCase()
14, 18343, -1.0, 1.0, -2.0, 3.0, 0, input.toLowerCase()
14, 18344, -1.0, 1.0, -2.0, 3.5, 7, input.toLowerCase().trim()
14, 18345, -1.0, 1.0, -2.0, 4.0, 12, Short.toString()
14, 18346, -1.0, 1.0, -2.0, 4.5, 12, Short.toString()
14, 18347, -1.0, 1.0, -2.0, 5.0, 12, Short.toString()
14, 18348, -1.0, 1.0, -1.5, 0.0, 0, input.toLowerCase()
14, 18349, -1.0, 1.0, -1.5, 0.5, 0, input.toLowerCase()
14, 18350, -1.0, 1.0, -1.5, 1.0, 0, input.toLowerCase()
14, 18351, -1.0, 1.0, -1.5, 1.5, 0, input.toLowerCase()
14, 18352, -1.0, 1.0, -1.5, 2.0, 0, input.toLowerCase()
14, 18353, -1.0, 1.0, -1.5, 2.5, 0, input.toLowerCase()
14, 18354, -1.0, 1.0, -1.5, 3.0, 6, input.toLowerCase().get()
14, 18355, -1.0, 1.0, -1.5, 3.5, 12, Short.toString()
14, 18356, -1.0, 1.0, -1.5, 4.0, 12, Short.toString()
14, 18357, -1.0, 1.0, -1.5, 4.5, 12, Short.toString()
14, 18358, -1.0, 1.0, -1.5, 5.0, 12, Short.toString()
14, 18359, -1.0, 1.0, -1.0, 0.0, 0, input.toLowerCase()
14, 18360, -1.0, 1.0, -1.0, 0.5, 0, input.toLowerCase()
14, 18361, -1.0, 1.0, -1.0, 1.0, 0, input.toLowerCase()
14, 18362, -1.0, 1.0, -1.0, 1.5, 0, input.toLowerCase()
14, 18363, -1.0, 1.0, -1.0, 2.0, 0, input.toLowerCase()
14, 18364, -1.0, 1.0, -1.0, 2.5, 0, input.toLowerCase()
14, 18365, -1.0, 1.0, -1.0, 3.0, 7, input.toLowerCase().trim()
14, 18366, -1.0, 1.0, -1.0, 3.5, 12, Short.toString()
14, 18367, -1.0, 1.0, -1.0, 4.0, 12, Short.toString()
14, 18368, -1.0, 1.0, -1.0, 4.5, 12, Float.toString()
14, 18369, -1.0, 1.0, -1.0, 5.0, 12, Float.toString()
14, 18370, -1.0, 1.0, -0.5, 0.0, 0, input.toLowerCase()
14, 18371, -1.0, 1.0, -0.5, 0.5, 0, input.toLowerCase()
14, 18372, -1.0, 1.0, -0.5, 1.0, 0, input.toLowerCase()
14, 18373, -1.0, 1.0, -0.5, 1.5, 0, input.toLowerCase()
14, 18374, -1.0, 1.0, -0.5, 2.0, 0, input.toLowerCase()
14, 18375, -1.0, 1.0, -0.5, 2.5, 0, input.toLowerCase()
14, 18376, -1.0, 1.0, -0.5, 3.0, 12, Float.toString()
14, 18377, -1.0, 1.0, -0.5, 3.5, 13, Float.toHexString()
14, 18378, -1.0, 1.0, -0.5, 4.0, 13, typeName()
14, 18379, -1.0, 1.0, -0.5, 4.5, 13, typeName()
14, 18380, -1.0, 1.0, -0.5, 5.0, 13, typeName()
14, 18381, -1.0, 1.0, 0.0, 0.0, 0, input.toLowerCase()
14, 18382, -1.0, 1.0, 0.0, 0.5, 0, input.toLowerCase()
14, 18383, -1.0, 1.0, 0.0, 1.0, 0, input.toLowerCase()
14, 18384, -1.0, 1.0, 0.0, 1.5, 0, input.toLowerCase()
14, 18385, -1.0, 1.0, 0.0, 2.0, 0, input.toLowerCase()
14, 18386, -1.0, 1.0, 0.0, 2.5, 13, typeName()
14, 18387, -1.0, 1.0, 0.0, 3.0, 14, input
14, 18388, -1.0, 1.0, 0.0, 3.5, 14, input
14, 18389, -1.0, 1.0, 0.0, 4.0, 14, input
14, 18390, -1.0, 1.0, 0.0, 4.5, 14, input
14, 18391, -1.0, 1.0, 0.0, 5.0, 14, input
14, 18392, -0.5, 1.0, -5.0, 0.0, 0, input.toLowerCase()
14, 18393, -0.5, 1.0, -5.0, 0.5, 0, input.toLowerCase()
14, 18394, -0.5, 1.0, -5.0, 1.0, 0, input.toLowerCase()
14, 18395, -0.5, 1.0, -5.0, 1.5, 0, input.toLowerCase()
14, 18396, -0.5, 1.0, -5.0, 2.0, 0, input.toLowerCase()
14, 18397, -0.5, 1.0, -5.0, 2.5, 0, input.toLowerCase()
14, 18398, -0.5, 1.0, -5.0, 3.0, 0, input.toLowerCase()
14, 18399, -0.5, 1.0, -5.0, 3.5, 0, input.toLowerCase()
14, 18400, -0.5, 1.0, -5.0, 4.0, 0, input.toLowerCase()
14, 18401, -0.5, 1.0, -5.0, 4.5, 0, input.toLowerCase()
14, 18402, -0.5, 1.0, -5.0, 5.0, 0, input.toLowerCase()
14, 18403, -0.5, 1.0, -4.5, 0.0, 0, input.toLowerCase()
14, 18404, -0.5, 1.0, -4.5, 0.5, 0, input.toLowerCase()
14, 18405, -0.5, 1.0, -4.5, 1.0, 0, input.toLowerCase()
14, 18406, -0.5, 1.0, -4.5, 1.5, 0, input.toLowerCase()
14, 18407, -0.5, 1.0, -4.5, 2.0, 0, input.toLowerCase()
14, 18408, -0.5, 1.0, -4.5, 2.5, 0, input.toLowerCase()
14, 18409, -0.5, 1.0, -4.5, 3.0, 0, input.toLowerCase()
14, 18410, -0.5, 1.0, -4.5, 3.5, 0, input.toLowerCase()
14, 18411, -0.5, 1.0, -4.5, 4.0, 0, input.toLowerCase()
14, 18412, -0.5, 1.0, -4.5, 4.5, 0, input.toLowerCase()
14, 18413, -0.5, 1.0, -4.5, 5.0, 12, Short.toString()
14, 18414, -0.5, 1.0, -4.0, 0.0, 0, input.toLowerCase()
14, 18415, -0.5, 1.0, -4.0, 0.5, 0, input.toLowerCase()
14, 18416, -0.5, 1.0, -4.0, 1.0, 0, input.toLowerCase()
14, 18417, -0.5, 1.0, -4.0, 1.5, 0, input.toLowerCase()
14, 18418, -0.5, 1.0, -4.0, 2.0, 0, input.toLowerCase()
14, 18419, -0.5, 1.0, -4.0, 2.5, 0, input.toLowerCase()
14, 18420, -0.5, 1.0, -4.0, 3.0, 0, input.toLowerCase()
14, 18421, -0.5, 1.0, -4.0, 3.5, 0, input.toLowerCase()
14, 18422, -0.5, 1.0, -4.0, 4.0, 0, input.toLowerCase()
14, 18423, -0.5, 1.0, -4.0, 4.5, 12, Short.toString()
14, 18424, -0.5, 1.0, -4.0, 5.0, 12, Short.toString()
14, 18425, -0.5, 1.0, -3.5, 0.0, 0, input.toLowerCase()
14, 18426, -0.5, 1.0, -3.5, 0.5, 0, input.toLowerCase()
14, 18427, -0.5, 1.0, -3.5, 1.0, 0, input.toLowerCase()
14, 18428, -0.5, 1.0, -3.5, 1.5, 0, input.toLowerCase()
14, 18429, -0.5, 1.0, -3.5, 2.0, 0, input.toLowerCase()
14, 18430, -0.5, 1.0, -3.5, 2.5, 0, input.toLowerCase()
14, 18431, -0.5, 1.0, -3.5, 3.0, 0, input.toLowerCase()
14, 18432, -0.5, 1.0, -3.5, 3.5, 0, input.toLowerCase()
14, 18433, -0.5, 1.0, -3.5, 4.0, 12, Short.toString()
14, 18434, -0.5, 1.0, -3.5, 4.5, 12, Short.toString()
14, 18435, -0.5, 1.0, -3.5, 5.0, 12, Short.toString()
14, 18436, -0.5, 1.0, -3.0, 0.0, 0, input.toLowerCase()
14, 18437, -0.5, 1.0, -3.0, 0.5, 0, input.toLowerCase()
14, 18438, -0.5, 1.0, -3.0, 1.0, 0, input.toLowerCase()
14, 18439, -0.5, 1.0, -3.0, 1.5, 0, input.toLowerCase()
14, 18440, -0.5, 1.0, -3.0, 2.0, 0, input.toLowerCase()
14, 18441, -0.5, 1.0, -3.0, 2.5, 0, input.toLowerCase()
14, 18442, -0.5, 1.0, -3.0, 3.0, 0, input.toLowerCase()
14, 18443, -0.5, 1.0, -3.0, 3.5, 7, input.toLowerCase().trim()
14, 18444, -0.5, 1.0, -3.0, 4.0, 12, Short.toString()
14, 18445, -0.5, 1.0, -3.0, 4.5, 12, Short.toString()
14, 18446, -0.5, 1.0, -3.0, 5.0, 12, Short.toString()
14, 18447, -0.5, 1.0, -2.5, 0.0, 0, input.toLowerCase()
14, 18448, -0.5, 1.0, -2.5, 0.5, 0, input.toLowerCase()
14, 18449, -0.5, 1.0, -2.5, 1.0, 0, input.toLowerCase()
14, 18450, -0.5, 1.0, -2.5, 1.5, 0, input.toLowerCase()
14, 18451, -0.5, 1.0, -2.5, 2.0, 0, input.toLowerCase()
14, 18452, -0.5, 1.0, -2.5, 2.5, 0, input.toLowerCase()
14, 18453, -0.5, 1.0, -2.5, 3.0, 6, input.toLowerCase().get()
14, 18454, -0.5, 1.0, -2.5, 3.5, 12, Short.toString()
14, 18455, -0.5, 1.0, -2.5, 4.0, 12, Short.toString()
14, 18456, -0.5, 1.0, -2.5, 4.5, 12, Short.toString()
14, 18457, -0.5, 1.0, -2.5, 5.0, 12, Short.toString()
14, 18458, -0.5, 1.0, -2.0, 0.0, 0, input.toLowerCase()
14, 18459, -0.5, 1.0, -2.0, 0.5, 0, input.toLowerCase()
14, 18460, -0.5, 1.0, -2.0, 1.0, 0, input.toLowerCase()
14, 18461, -0.5, 1.0, -2.0, 1.5, 0, input.toLowerCase()
14, 18462, -0.5, 1.0, -2.0, 2.0, 0, input.toLowerCase()
14, 18463, -0.5, 1.0, -2.0, 2.5, 0, input.toLowerCase()
14, 18464, -0.5, 1.0, -2.0, 3.0, 7, input.toLowerCase().trim()
14, 18465, -0.5, 1.0, -2.0, 3.5, 12, Short.toString()
14, 18466, -0.5, 1.0, -2.0, 4.0, 12, Short.toString()
14, 18467, -0.5, 1.0, -2.0, 4.5, 12, Short.toString()
14, 18468, -0.5, 1.0, -2.0, 5.0, 12, Short.toString()
14, 18469, -0.5, 1.0, -1.5, 0.0, 0, input.toLowerCase()
14, 18470, -0.5, 1.0, -1.5, 0.5, 0, input.toLowerCase()
14, 18471, -0.5, 1.0, -1.5, 1.0, 0, input.toLowerCase()
14, 18472, -0.5, 1.0, -1.5, 1.5, 0, input.toLowerCase()
14, 18473, -0.5, 1.0, -1.5, 2.0, 0, input.toLowerCase()
14, 18474, -0.5, 1.0, -1.5, 2.5, 0, input.toLowerCase()
14, 18475, -0.5, 1.0, -1.5, 3.0, 12, Short.toString()
14, 18476, -0.5, 1.0, -1.5, 3.5, 12, Short.toString()
14, 18477, -0.5, 1.0, -1.5, 4.0, 12, Short.toString()
14, 18478, -0.5, 1.0, -1.5, 4.5, 12, Float.toString()
14, 18479, -0.5, 1.0, -1.5, 5.0, 12, Float.toString()
14, 18480, -0.5, 1.0, -1.0, 0.0, 0, input.toLowerCase()
14, 18481, -0.5, 1.0, -1.0, 0.5, 0, input.toLowerCase()
14, 18482, -0.5, 1.0, -1.0, 1.0, 0, input.toLowerCase()
14, 18483, -0.5, 1.0, -1.0, 1.5, 0, input.toLowerCase()
14, 18484, -0.5, 1.0, -1.0, 2.0, 0, input.toLowerCase()
14, 18485, -0.5, 1.0, -1.0, 2.5, 12, Float.toString()
14, 18486, -0.5, 1.0, -1.0, 3.0, 12, Float.toString()
14, 18487, -0.5, 1.0, -1.0, 3.5, 12, Float.toString()
14, 18488, -0.5, 1.0, -1.0, 4.0, 13, typeName()
14, 18489, -0.5, 1.0, -1.0, 4.5, 13, typeName()
14, 18490, -0.5, 1.0, -1.0, 5.0, 13, typeName()
14, 18491, -0.5, 1.0, -0.5, 0.0, 0, input.toLowerCase()
14, 18492, -0.5, 1.0, -0.5, 0.5, 0, input.toLowerCase()
14, 18493, -0.5, 1.0, -0.5, 1.0, 0, input.toLowerCase()
14, 18494, -0.5, 1.0, -0.5, 1.5, 0, input.toLowerCase()
14, 18495, -0.5, 1.0, -0.5, 2.0, 0, input.toLowerCase()
14, 18496, -0.5, 1.0, -0.5, 2.5, 13, typeName()
14, 18497, -0.5, 1.0, -0.5, 3.0, 13, typeName()
14, 18498, -0.5, 1.0, -0.5, 3.5, 13, typeName()
14, 18499, -0.5, 1.0, -0.5, 4.0, 13, typeName()
14, 18500, -0.5, 1.0, -0.5, 4.5, 13, typeName()
14, 18501, -0.5, 1.0, -0.5, 5.0, 13, typeName()
14, 18502, -0.5, 1.0, 0.0, 0.0, 0, input.toLowerCase()
14, 18503, -0.5, 1.0, 0.0, 0.5, 0, input.toLowerCase()
14, 18504, -0.5, 1.0, 0.0, 1.0, 0, input.toLowerCase()
14, 18505, -0.5, 1.0, 0.0, 1.5, 0, input.toLowerCase()
14, 18506, -0.5, 1.0, 0.0, 2.0, 13, getMessage()
14, 18507, -0.5, 1.0, 0.0, 2.5, 14, input.exec().toString()
14, 18508, -0.5, 1.0, 0.0, 3.0, 14, input.exec().toString()
14, 18509, -0.5, 1.0, 0.0, 3.5, 14, input.exec().toString()
14, 18510, -0.5, 1.0, 0.0, 4.0, 14, input.exec().toString()
14, 18511, -0.5, 1.0, 0.0, 4.5, 14, input.exec().toString()
14, 18512, -0.5, 1.0, 0.0, 5.0, 14, input.exec().toString()
14, 18513, 0.0, 1.0, -5.0, 0.0, 0, input.toLowerCase()
14, 18514, 0.0, 1.0, -5.0, 0.5, 0, input.toLowerCase()
14, 18515, 0.0, 1.0, -5.0, 1.0, 0, input.toLowerCase()
14, 18516, 0.0, 1.0, -5.0, 1.5, 0, input.toLowerCase()
14, 18517, 0.0, 1.0, -5.0, 2.0, 0, input.toLowerCase()
14, 18518, 0.0, 1.0, -5.0, 2.5, 0, input.toLowerCase()
14, 18519, 0.0, 1.0, -5.0, 3.0, 0, input.toLowerCase()
14, 18520, 0.0, 1.0, -5.0, 3.5, 0, input.toLowerCase()
14, 18521, 0.0, 1.0, -5.0, 4.0, 0, input.toLowerCase()
14, 18522, 0.0, 1.0, -5.0, 4.5, 12, Short.toString()
14, 18523, 0.0, 1.0, -5.0, 5.0, 12, Short.toString()
14, 18524, 0.0, 1.0, -4.5, 0.0, 0, input.toLowerCase()
14, 18525, 0.0, 1.0, -4.5, 0.5, 0, input.toLowerCase()
14, 18526, 0.0, 1.0, -4.5, 1.0, 0, input.toLowerCase()
14, 18527, 0.0, 1.0, -4.5, 1.5, 0, input.toLowerCase()
14, 18528, 0.0, 1.0, -4.5, 2.0, 0, input.toLowerCase()
14, 18529, 0.0, 1.0, -4.5, 2.5, 0, input.toLowerCase()
14, 18530, 0.0, 1.0, -4.5, 3.0, 0, input.toLowerCase()
14, 18531, 0.0, 1.0, -4.5, 3.5, 0, input.toLowerCase()
14, 18532, 0.0, 1.0, -4.5, 4.0, 12, Short.toString()
14, 18533, 0.0, 1.0, -4.5, 4.5, 12, Short.toString()
14, 18534, 0.0, 1.0, -4.5, 5.0, 12, Short.toString()
14, 18535, 0.0, 1.0, -4.0, 0.0, 0, input.toLowerCase()
14, 18536, 0.0, 1.0, -4.0, 0.5, 0, input.toLowerCase()
14, 18537, 0.0, 1.0, -4.0, 1.0, 0, input.toLowerCase()
14, 18538, 0.0, 1.0, -4.0, 1.5, 0, input.toLowerCase()
14, 18539, 0.0, 1.0, -4.0, 2.0, 0, input.toLowerCase()
14, 18540, 0.0, 1.0, -4.0, 2.5, 0, input.toLowerCase()
14, 18541, 0.0, 1.0, -4.0, 3.0, 0, input.toLowerCase()
14, 18542, 0.0, 1.0, -4.0, 3.5, 7, input.toLowerCase().trim()
14, 18543, 0.0, 1.0, -4.0, 4.0, 12, Short.toString()
14, 18544, 0.0, 1.0, -4.0, 4.5, 12, Short.toString()
14, 18545, 0.0, 1.0, -4.0, 5.0, 12, Short.toString()
14, 18546, 0.0, 1.0, -3.5, 0.0, 0, input.toLowerCase()
14, 18547, 0.0, 1.0, -3.5, 0.5, 0, input.toLowerCase()
14, 18548, 0.0, 1.0, -3.5, 1.0, 0, input.toLowerCase()
14, 18549, 0.0, 1.0, -3.5, 1.5, 0, input.toLowerCase()
14, 18550, 0.0, 1.0, -3.5, 2.0, 0, input.toLowerCase()
14, 18551, 0.0, 1.0, -3.5, 2.5, 0, input.toLowerCase()
14, 18552, 0.0, 1.0, -3.5, 3.0, 6, input.toLowerCase().get()
14, 18553, 0.0, 1.0, -3.5, 3.5, 12, Short.toString()
14, 18554, 0.0, 1.0, -3.5, 4.0, 12, Short.toString()
14, 18555, 0.0, 1.0, -3.5, 4.5, 12, Short.toString()
14, 18556, 0.0, 1.0, -3.5, 5.0, 12, Short.toString()
14, 18557, 0.0, 1.0, -3.0, 0.0, 0, input.toLowerCase()
14, 18558, 0.0, 1.0, -3.0, 0.5, 0, input.toLowerCase()
14, 18559, 0.0, 1.0, -3.0, 1.0, 0, input.toLowerCase()
14, 18560, 0.0, 1.0, -3.0, 1.5, 0, input.toLowerCase()
14, 18561, 0.0, 1.0, -3.0, 2.0, 0, input.toLowerCase()
14, 18562, 0.0, 1.0, -3.0, 2.5, 0, input.toLowerCase()
14, 18563, 0.0, 1.0, -3.0, 3.0, 7, input.toLowerCase().trim()
14, 18564, 0.0, 1.0, -3.0, 3.5, 12, Short.toString()
14, 18565, 0.0, 1.0, -3.0, 4.0, 12, Short.toString()
14, 18566, 0.0, 1.0, -3.0, 4.5, 12, Short.toString()
14, 18567, 0.0, 1.0, -3.0, 5.0, 12, Short.toString()
14, 18568, 0.0, 1.0, -2.5, 0.0, 0, input.toLowerCase()
14, 18569, 0.0, 1.0, -2.5, 0.5, 0, input.toLowerCase()
14, 18570, 0.0, 1.0, -2.5, 1.0, 0, input.toLowerCase()
14, 18571, 0.0, 1.0, -2.5, 1.5, 0, input.toLowerCase()
14, 18572, 0.0, 1.0, -2.5, 2.0, 0, input.toLowerCase()
14, 18573, 0.0, 1.0, -2.5, 2.5, 0, input.toLowerCase()
14, 18574, 0.0, 1.0, -2.5, 3.0, 12, Short.toString()
14, 18575, 0.0, 1.0, -2.5, 3.5, 12, Short.toString()
14, 18576, 0.0, 1.0, -2.5, 4.0, 12, Short.toString()
14, 18577, 0.0, 1.0, -2.5, 4.5, 12, Short.toString()
14, 18578, 0.0, 1.0, -2.5, 5.0, 12, Short.toString()
14, 18579, 0.0, 1.0, -2.0, 0.0, 0, input.toLowerCase()
14, 18580, 0.0, 1.0, -2.0, 0.5, 0, input.toLowerCase()
14, 18581, 0.0, 1.0, -2.0, 1.0, 0, input.toLowerCase()
14, 18582, 0.0, 1.0, -2.0, 1.5, 0, input.toLowerCase()
14, 18583, 0.0, 1.0, -2.0, 2.0, 0, input.toLowerCase()
14, 18584, 0.0, 1.0, -2.0, 2.5, 12, Short.toString()
14, 18585, 0.0, 1.0, -2.0, 3.0, 12, Short.toString()
14, 18586, 0.0, 1.0, -2.0, 3.5, 12, Short.toString()
14, 18587, 0.0, 1.0, -2.0, 4.0, 12, Short.toString()
14, 18588, 0.0, 1.0, -2.0, 4.5, 12, Float.toString()
14, 18589, 0.0, 1.0, -2.0, 5.0, 12, Float.toString()
14, 18590, 0.0, 1.0, -1.5, 0.0, 0, input.toLowerCase()
14, 18591, 0.0, 1.0, -1.5, 0.5, 0, input.toLowerCase()
14, 18592, 0.0, 1.0, -1.5, 1.0, 0, input.toLowerCase()
14, 18593, 0.0, 1.0, -1.5, 1.5, 0, input.toLowerCase()
14, 18594, 0.0, 1.0, -1.5, 2.0, 12, Short.toString()
14, 18595, 0.0, 1.0, -1.5, 2.5, 12, Float.toString()
14, 18596, 0.0, 1.0, -1.5, 3.0, 12, Float.toString()
14, 18597, 0.0, 1.0, -1.5, 3.5, 12, Float.toString()
14, 18598, 0.0, 1.0, -1.5, 4.0, 12, Float.toString()
14, 18599, 0.0, 1.0, -1.5, 4.5, 13, typeName()
14, 18600, 0.0, 1.0, -1.5, 5.0, 13, typeName()
14, 18601, 0.0, 1.0, -1.0, 0.0, 0, input.toLowerCase()
14, 18602, 0.0, 1.0, -1.0, 0.5, 0, input.toLowerCase()
14, 18603, 0.0, 1.0, -1.0, 1.0, 0, input.toLowerCase()
14, 18604, 0.0, 1.0, -1.0, 1.5, 12, Short.toString()
14, 18605, 0.0, 1.0, -1.0, 2.0, 12, Short.toString()
14, 18606, 0.0, 1.0, -1.0, 2.5, 13, typeName()
14, 18607, 0.0, 1.0, -1.0, 3.0, 13, typeName()
14, 18608, 0.0, 1.0, -1.0, 3.5, 13, typeName()
14, 18609, 0.0, 1.0, -1.0, 4.0, 13, typeName()
14, 18610, 0.0, 1.0, -1.0, 4.5, 13, typeName()
14, 18611, 0.0, 1.0, -1.0, 5.0, 13, typeName()
14, 18612, 0.0, 1.0, -0.5, 0.0, 0, input.toLowerCase()
14, 18613, 0.0, 1.0, -0.5, 0.5, 0, input.toLowerCase()
14, 18614, 0.0, 1.0, -0.5, 1.0, 13, typeName()
14, 18615, 0.0, 1.0, -0.5, 1.5, 13, typeName()
14, 18616, 0.0, 1.0, -0.5, 2.0, 13, typeName()
14, 18617, 0.0, 1.0, -0.5, 2.5, 13, typeName()
14, 18618, 0.0, 1.0, -0.5, 3.0, 13, typeName()
14, 18619, 0.0, 1.0, -0.5, 3.5, 13, typeName()
14, 18620, 0.0, 1.0, -0.5, 4.0, 14, input.exec().toString()
14, 18621, 0.0, 1.0, -0.5, 4.5, 14, input.exec().toString()
14, 18622, 0.0, 1.0, -0.5, 5.0, 14, input.exec().toString()
14, 18623, 0.0, 1.0, 0.0, 0.0, 0, input.toLowerCase()
14, 18624, 0.0, 1.0, 0.0, 0.5, 14, input
14, 18625, 0.0, 1.0, 0.0, 1.0, 14, input
14, 18626, 0.0, 1.0, 0.0, 1.5, 14, input
14, 18627, 0.0, 1.0, 0.0, 2.0, 14, input
14, 18628, 0.0, 1.0, 0.0, 2.5, 14, input.exec().toString()
14, 18629, 0.0, 1.0, 0.0, 3.0, 14, input.exec().toString()
14, 18630, 0.0, 1.0, 0.0, 3.5, 14, input.exec().toString()
14, 18631, 0.0, 1.0, 0.0, 4.0, 14, input.exec().toString()
14, 18632, 0.0, 1.0, 0.0, 4.5, 14, input.exec().toString()
14, 18633, 0.0, 1.0, 0.0, 5.0, 14, input.exec().toString()
