14, 23958, -5.0, 1.0, -5.0, 0.0, 6, 0, toLowerCase(), -2.0
14, 23959, -5.0, 1.0, -5.0, 0.5, 6, 0, toLowerCase(), -2.0
14, 23960, -5.0, 1.0, -5.0, 1.0, 6, 0, toLowerCase(), -2.0
14, 23961, -5.0, 1.0, -5.0, 1.5, 6, 0, toLowerCase(), -2.0
14, 23962, -5.0, 1.0, -5.0, 2.0, 6, 0, toLowerCase(), -2.0
14, 23963, -5.0, 1.0, -5.0, 2.5, 6, 1, toLowerCase(), -2.0
14, 23964, -5.0, 1.0, -5.0, 3.0, 6, 1, toLowerCase(), -2.0
14, 23965, -5.0, 1.0, -5.0, 3.5, 6, 1, toLowerCase(), -2.0
14, 23966, -5.0, 1.0, -5.0, 4.0, 6, 1, toLowerCase(), -2.0
14, 23967, -5.0, 1.0, -5.0, 4.5, 6, 1, toLowerCase(), -2.0
14, 23968, -5.0, 1.0, -5.0, 5.0, 6, 1, toLowerCase(), -2.0
14, 23969, -5.0, 1.0, -4.5, 0.0, 6, 0, toLowerCase(), -2.0
14, 23970, -5.0, 1.0, -4.5, 0.5, 6, 0, toLowerCase(), -2.0
14, 23971, -5.0, 1.0, -4.5, 1.0, 6, 0, toLowerCase(), -2.0
14, 23972, -5.0, 1.0, -4.5, 1.5, 6, 0, toLowerCase(), -2.0
14, 23973, -5.0, 1.0, -4.5, 2.0, 6, 0, toLowerCase(), -2.0
14, 23974, -5.0, 1.0, -4.5, 2.5, 6, 1, toLowerCase(), -2.0
14, 23975, -5.0, 1.0, -4.5, 3.0, 6, 1, toLowerCase(), -2.0
14, 23976, -5.0, 1.0, -4.5, 3.5, 6, 1, toLowerCase(), -2.0
14, 23977, -5.0, 1.0, -4.5, 4.0, 6, 1, toLowerCase(), -2.0
14, 23978, -5.0, 1.0, -4.5, 4.5, 6, 1, toLowerCase(), -2.0
14, 23979, -5.0, 1.0, -4.5, 5.0, 6, 1, toLowerCase(), -2.0
14, 23980, -5.0, 1.0, -4.0, 0.0, 6, 0, toLowerCase(), -2.0
14, 23981, -5.0, 1.0, -4.0, 0.5, 6, 0, toLowerCase(), -2.0
14, 23982, -5.0, 1.0, -4.0, 1.0, 6, 0, toLowerCase(), -2.0
14, 23983, -5.0, 1.0, -4.0, 1.5, 6, 0, toLowerCase(), -2.0
14, 23984, -5.0, 1.0, -4.0, 2.0, 6, 0, toLowerCase(), -2.0
14, 23985, -5.0, 1.0, -4.0, 2.5, 6, 1, toLowerCase(), -2.0
14, 23986, -5.0, 1.0, -4.0, 3.0, 6, 1, toLowerCase(), -2.0
14, 23987, -5.0, 1.0, -4.0, 3.5, 6, 1, toLowerCase(), -2.0
14, 23988, -5.0, 1.0, -4.0, 4.0, 6, 1, toLowerCase(), -2.0
14, 23989, -5.0, 1.0, -4.0, 4.5, 6, 1, toLowerCase(), -2.0
14, 23990, -5.0, 1.0, -4.0, 5.0, 6, 1, toLowerCase(), -2.0
14, 23991, -5.0, 1.0, -3.5, 0.0, 6, 0, toLowerCase(), -2.0
14, 23992, -5.0, 1.0, -3.5, 0.5, 6, 0, toLowerCase(), -2.0
14, 23993, -5.0, 1.0, -3.5, 1.0, 6, 0, toLowerCase(), -2.0
14, 23994, -5.0, 1.0, -3.5, 1.5, 6, 0, toLowerCase(), -2.0
14, 23995, -5.0, 1.0, -3.5, 2.0, 6, 0, toLowerCase(), -2.0
14, 23996, -5.0, 1.0, -3.5, 2.5, 6, 1, toLowerCase(), -2.0
14, 23997, -5.0, 1.0, -3.5, 3.0, 6, 1, toLowerCase(), -2.0
14, 23998, -5.0, 1.0, -3.5, 3.5, 6, 1, toLowerCase(), -2.0
14, 23999, -5.0, 1.0, -3.5, 4.0, 6, 1, toLowerCase(), -2.0
14, 24000, -5.0, 1.0, -3.5, 4.5, 6, 1, toLowerCase(), -2.0
14, 24001, -5.0, 1.0, -3.5, 5.0, 6, 1, toLowerCase(), -2.0
14, 24002, -5.0, 1.0, -3.0, 0.0, 6, 0, toLowerCase(), -2.0
14, 24003, -5.0, 1.0, -3.0, 0.5, 6, 0, toLowerCase(), -2.0
14, 24004, -5.0, 1.0, -3.0, 1.0, 6, 0, toLowerCase(), -2.0
14, 24005, -5.0, 1.0, -3.0, 1.5, 6, 0, toLowerCase(), -2.0
14, 24006, -5.0, 1.0, -3.0, 2.0, 6, 0, toLowerCase(), -2.0
14, 24007, -5.0, 1.0, -3.0, 2.5, 6, 1, toLowerCase(), -2.0
14, 24008, -5.0, 1.0, -3.0, 3.0, 6, 1, toLowerCase(), -2.0
14, 24009, -5.0, 1.0, -3.0, 3.5, 6, 1, toLowerCase(), -2.0
14, 24010, -5.0, 1.0, -3.0, 4.0, 6, 1, toLowerCase(), -2.0
14, 24011, -5.0, 1.0, -3.0, 4.5, 6, 1, toLowerCase(), -2.0
14, 24012, -5.0, 1.0, -3.0, 5.0, 6, 1, toLowerCase(), -2.0
14, 24013, -5.0, 1.0, -2.5, 0.0, 6, 0, toLowerCase(), -2.0
14, 24014, -5.0, 1.0, -2.5, 0.5, 6, 0, toLowerCase(), -2.0
14, 24015, -5.0, 1.0, -2.5, 1.0, 6, 0, toLowerCase(), -2.0
14, 24016, -5.0, 1.0, -2.5, 1.5, 6, 0, toLowerCase(), -2.0
14, 24017, -5.0, 1.0, -2.5, 2.0, 6, 0, toLowerCase(), -2.0
14, 24018, -5.0, 1.0, -2.5, 2.5, 6, 1, toLowerCase(), -2.0
14, 24019, -5.0, 1.0, -2.5, 3.0, 6, 1, toLowerCase(), -2.0
14, 24020, -5.0, 1.0, -2.5, 3.5, 6, 1, toLowerCase(), -2.0
14, 24021, -5.0, 1.0, -2.5, 4.0, 6, 1, toLowerCase(), -2.0
14, 24022, -5.0, 1.0, -2.5, 4.5, 6, 1, toLowerCase(), -2.0
14, 24023, -5.0, 1.0, -2.5, 5.0, 6, 1, toLowerCase(), -2.0
14, 24024, -5.0, 1.0, -2.0, 0.0, 6, 0, toLowerCase(), -2.0
14, 24025, -5.0, 1.0, -2.0, 0.5, 6, 0, toLowerCase(), -2.0
14, 24026, -5.0, 1.0, -2.0, 1.0, 6, 0, toLowerCase(), -2.0
14, 24027, -5.0, 1.0, -2.0, 1.5, 6, 0, toLowerCase(), -2.0
14, 24028, -5.0, 1.0, -2.0, 2.0, 6, 0, toLowerCase(), -2.0
14, 24029, -5.0, 1.0, -2.0, 2.5, 6, 1, toLowerCase(), -2.0
14, 24030, -5.0, 1.0, -2.0, 3.0, 6, 1, toLowerCase(), -2.0
14, 24031, -5.0, 1.0, -2.0, 3.5, 6, 1, toLowerCase(), -2.0
14, 24032, -5.0, 1.0, -2.0, 4.0, 6, 1, toLowerCase(), -2.0
14, 24033, -5.0, 1.0, -2.0, 4.5, 6, 1, toLowerCase(), -2.0
14, 24034, -5.0, 1.0, -2.0, 5.0, 6, 1, toLowerCase(), -2.0
14, 24035, -5.0, 1.0, -1.5, 0.0, 6, 0, toLowerCase(), -2.0
14, 24036, -5.0, 1.0, -1.5, 0.5, 6, 0, toLowerCase(), -2.0
14, 24037, -5.0, 1.0, -1.5, 1.0, 6, 0, toLowerCase(), -2.0
14, 24038, -5.0, 1.0, -1.5, 1.5, 6, 0, toLowerCase(), -2.0
14, 24039, -5.0, 1.0, -1.5, 2.0, 6, 0, toLowerCase(), -2.0
14, 24040, -5.0, 1.0, -1.5, 2.5, 6, 1, toLowerCase(), -2.0
14, 24041, -5.0, 1.0, -1.5, 3.0, 6, 1, toLowerCase(), -2.0
14, 24042, -5.0, 1.0, -1.5, 3.5, 6, 1, toLowerCase(), -2.0
14, 24043, -5.0, 1.0, -1.5, 4.0, 6, 1, toLowerCase(), -2.0
14, 24044, -5.0, 1.0, -1.5, 4.5, 6, 1, toLowerCase(), -2.0
14, 24045, -5.0, 1.0, -1.5, 5.0, 6, 1, toLowerCase(), -2.0
14, 24046, -5.0, 1.0, -1.0, 0.0, 6, 0, toLowerCase(), -2.0
14, 24047, -5.0, 1.0, -1.0, 0.5, 6, 0, toLowerCase(), -2.0
14, 24048, -5.0, 1.0, -1.0, 1.0, 6, 0, toLowerCase(), -2.0
14, 24049, -5.0, 1.0, -1.0, 1.5, 6, 0, toLowerCase(), -2.0
14, 24050, -5.0, 1.0, -1.0, 2.0, 6, 0, toLowerCase(), -2.0
14, 24051, -5.0, 1.0, -1.0, 2.5, 6, 1, toLowerCase(), -2.0
14, 24052, -5.0, 1.0, -1.0, 3.0, 6, 1, toLowerCase(), -2.0
14, 24053, -5.0, 1.0, -1.0, 3.5, 6, 1, toLowerCase(), -2.0
14, 24054, -5.0, 1.0, -1.0, 4.0, 6, 1, toLowerCase(), -2.0
14, 24055, -5.0, 1.0, -1.0, 4.5, 6, 1, toLowerCase(), -2.0
14, 24056, -5.0, 1.0, -1.0, 5.0, 6, 1, toLowerCase(), -2.0
14, 24057, -5.0, 1.0, -0.5, 0.0, 6, 0, toLowerCase(), -2.0
14, 24058, -5.0, 1.0, -0.5, 0.5, 6, 0, toLowerCase(), -2.0
14, 24059, -5.0, 1.0, -0.5, 1.0, 6, 0, toLowerCase(), -2.0
14, 24060, -5.0, 1.0, -0.5, 1.5, 6, 0, toLowerCase(), -2.0
14, 24061, -5.0, 1.0, -0.5, 2.0, 6, 0, toLowerCase(), -2.0
14, 24062, -5.0, 1.0, -0.5, 2.5, 6, 1, toLowerCase(), -2.0
14, 24063, -5.0, 1.0, -0.5, 3.0, 6, 1, toLowerCase(), -2.0
14, 24064, -5.0, 1.0, -0.5, 3.5, 6, 1, toLowerCase(), -2.0
14, 24065, -5.0, 1.0, -0.5, 4.0, 6, 1, toLowerCase(), -2.0
14, 24066, -5.0, 1.0, -0.5, 4.5, 6, 1, toLowerCase(), -2.0
14, 24067, -5.0, 1.0, -0.5, 5.0, 6, 1, toLowerCase(), -2.0
14, 24068, -5.0, 1.0, 0.0, 0.0, 6, 0, toLowerCase(), -2.0
14, 24069, -5.0, 1.0, 0.0, 0.5, 6, 0, toLowerCase(), -2.0
14, 24070, -5.0, 1.0, 0.0, 1.0, 6, 0, toLowerCase(), -2.0
14, 24071, -5.0, 1.0, 0.0, 1.5, 6, 0, toLowerCase(), -2.0
14, 24072, -5.0, 1.0, 0.0, 2.0, 6, 0, toLowerCase(), -2.0
14, 24073, -5.0, 1.0, 0.0, 2.5, 6, 1, toLowerCase(), -2.0
14, 24074, -5.0, 1.0, 0.0, 3.0, 6, 1, toLowerCase(), -2.0
14, 24075, -5.0, 1.0, 0.0, 3.5, 6, 1, toLowerCase(), -2.0
14, 24076, -5.0, 1.0, 0.0, 4.0, 6, 1, toLowerCase(), -2.0
14, 24077, -5.0, 1.0, 0.0, 4.5, 6, 1, toLowerCase(), -2.0
14, 24078, -5.0, 1.0, 0.0, 5.0, 6, 1, toLowerCase(), -2.0
14, 24079, -4.5, 1.0, -5.0, 0.0, 6, 0, toLowerCase(), -1.5
14, 24080, -4.5, 1.0, -5.0, 0.5, 6, 0, toLowerCase(), -1.5
14, 24081, -4.5, 1.0, -5.0, 1.0, 6, 0, toLowerCase(), -1.5
14, 24082, -4.5, 1.0, -5.0, 1.5, 6, 0, toLowerCase(), -1.5
14, 24083, -4.5, 1.0, -5.0, 2.0, 6, 0, toLowerCase(), -1.5
14, 24084, -4.5, 1.0, -5.0, 2.5, 6, 1, toLowerCase(), -1.5
14, 24085, -4.5, 1.0, -5.0, 3.0, 6, 1, toLowerCase(), -1.5
14, 24086, -4.5, 1.0, -5.0, 3.5, 6, 1, toLowerCase(), -1.5
14, 24087, -4.5, 1.0, -5.0, 4.0, 6, 1, toLowerCase(), -1.5
14, 24088, -4.5, 1.0, -5.0, 4.5, 6, 1, toLowerCase(), -1.5
14, 24089, -4.5, 1.0, -5.0, 5.0, 6, 1, toLowerCase(), -1.5
14, 24090, -4.5, 1.0, -4.5, 0.0, 6, 0, toLowerCase(), -1.5
14, 24091, -4.5, 1.0, -4.5, 0.5, 6, 0, toLowerCase(), -1.5
14, 24092, -4.5, 1.0, -4.5, 1.0, 6, 0, toLowerCase(), -1.5
14, 24093, -4.5, 1.0, -4.5, 1.5, 6, 0, toLowerCase(), -1.5
14, 24094, -4.5, 1.0, -4.5, 2.0, 6, 0, toLowerCase(), -1.5
14, 24095, -4.5, 1.0, -4.5, 2.5, 6, 1, toLowerCase(), -1.5
14, 24096, -4.5, 1.0, -4.5, 3.0, 6, 1, toLowerCase(), -1.5
14, 24097, -4.5, 1.0, -4.5, 3.5, 6, 1, toLowerCase(), -1.5
14, 24098, -4.5, 1.0, -4.5, 4.0, 6, 1, toLowerCase(), -1.5
14, 24099, -4.5, 1.0, -4.5, 4.5, 6, 1, toLowerCase(), -1.5
14, 24100, -4.5, 1.0, -4.5, 5.0, 6, 1, toLowerCase(), -1.5
14, 24101, -4.5, 1.0, -4.0, 0.0, 6, 0, toLowerCase(), -1.5
14, 24102, -4.5, 1.0, -4.0, 0.5, 6, 0, toLowerCase(), -1.5
14, 24103, -4.5, 1.0, -4.0, 1.0, 6, 0, toLowerCase(), -1.5
14, 24104, -4.5, 1.0, -4.0, 1.5, 6, 0, toLowerCase(), -1.5
14, 24105, -4.5, 1.0, -4.0, 2.0, 6, 0, toLowerCase(), -1.5
14, 24106, -4.5, 1.0, -4.0, 2.5, 6, 1, toLowerCase(), -1.5
14, 24107, -4.5, 1.0, -4.0, 3.0, 6, 1, toLowerCase(), -1.5
14, 24108, -4.5, 1.0, -4.0, 3.5, 6, 1, toLowerCase(), -1.5
14, 24109, -4.5, 1.0, -4.0, 4.0, 6, 1, toLowerCase(), -1.5
14, 24110, -4.5, 1.0, -4.0, 4.5, 6, 1, toLowerCase(), -1.5
14, 24111, -4.5, 1.0, -4.0, 5.0, 6, 1, toLowerCase(), -1.5
14, 24112, -4.5, 1.0, -3.5, 0.0, 6, 0, toLowerCase(), -1.5
14, 24113, -4.5, 1.0, -3.5, 0.5, 6, 0, toLowerCase(), -1.5
14, 24114, -4.5, 1.0, -3.5, 1.0, 6, 0, toLowerCase(), -1.5
14, 24115, -4.5, 1.0, -3.5, 1.5, 6, 0, toLowerCase(), -1.5
14, 24116, -4.5, 1.0, -3.5, 2.0, 6, 0, toLowerCase(), -1.5
14, 24117, -4.5, 1.0, -3.5, 2.5, 6, 1, toLowerCase(), -1.5
14, 24118, -4.5, 1.0, -3.5, 3.0, 6, 1, toLowerCase(), -1.5
14, 24119, -4.5, 1.0, -3.5, 3.5, 6, 1, toLowerCase(), -1.5
14, 24120, -4.5, 1.0, -3.5, 4.0, 6, 1, toLowerCase(), -1.5
14, 24121, -4.5, 1.0, -3.5, 4.5, 6, 1, toLowerCase(), -1.5
14, 24122, -4.5, 1.0, -3.5, 5.0, 6, 1, toLowerCase(), -1.5
14, 24123, -4.5, 1.0, -3.0, 0.0, 6, 0, toLowerCase(), -1.5
14, 24124, -4.5, 1.0, -3.0, 0.5, 6, 0, toLowerCase(), -1.5
14, 24125, -4.5, 1.0, -3.0, 1.0, 6, 0, toLowerCase(), -1.5
14, 24126, -4.5, 1.0, -3.0, 1.5, 6, 0, toLowerCase(), -1.5
14, 24127, -4.5, 1.0, -3.0, 2.0, 6, 0, toLowerCase(), -1.5
14, 24128, -4.5, 1.0, -3.0, 2.5, 6, 1, toLowerCase(), -1.5
14, 24129, -4.5, 1.0, -3.0, 3.0, 6, 1, toLowerCase(), -1.5
14, 24130, -4.5, 1.0, -3.0, 3.5, 6, 1, toLowerCase(), -1.5
14, 24131, -4.5, 1.0, -3.0, 4.0, 6, 1, toLowerCase(), -1.5
14, 24132, -4.5, 1.0, -3.0, 4.5, 6, 1, toLowerCase(), -1.5
14, 24133, -4.5, 1.0, -3.0, 5.0, 6, 1, toLowerCase(), -1.5
14, 24134, -4.5, 1.0, -2.5, 0.0, 6, 0, toLowerCase(), -1.5
14, 24135, -4.5, 1.0, -2.5, 0.5, 6, 0, toLowerCase(), -1.5
14, 24136, -4.5, 1.0, -2.5, 1.0, 6, 0, toLowerCase(), -1.5
14, 24137, -4.5, 1.0, -2.5, 1.5, 6, 0, toLowerCase(), -1.5
14, 24138, -4.5, 1.0, -2.5, 2.0, 6, 0, toLowerCase(), -1.5
14, 24139, -4.5, 1.0, -2.5, 2.5, 6, 1, toLowerCase(), -1.5
14, 24140, -4.5, 1.0, -2.5, 3.0, 6, 1, toLowerCase(), -1.5
14, 24141, -4.5, 1.0, -2.5, 3.5, 6, 1, toLowerCase(), -1.5
14, 24142, -4.5, 1.0, -2.5, 4.0, 6, 1, toLowerCase(), -1.5
14, 24143, -4.5, 1.0, -2.5, 4.5, 6, 1, toLowerCase(), -1.5
14, 24144, -4.5, 1.0, -2.5, 5.0, 6, 1, toLowerCase(), -1.5
14, 24145, -4.5, 1.0, -2.0, 0.0, 6, 0, toLowerCase(), -1.5
14, 24146, -4.5, 1.0, -2.0, 0.5, 6, 0, toLowerCase(), -1.5
14, 24147, -4.5, 1.0, -2.0, 1.0, 6, 0, toLowerCase(), -1.5
14, 24148, -4.5, 1.0, -2.0, 1.5, 6, 0, toLowerCase(), -1.5
14, 24149, -4.5, 1.0, -2.0, 2.0, 6, 0, toLowerCase(), -1.5
14, 24150, -4.5, 1.0, -2.0, 2.5, 6, 1, toLowerCase(), -1.5
14, 24151, -4.5, 1.0, -2.0, 3.0, 6, 1, toLowerCase(), -1.5
14, 24152, -4.5, 1.0, -2.0, 3.5, 6, 1, toLowerCase(), -1.5
14, 24153, -4.5, 1.0, -2.0, 4.0, 6, 1, toLowerCase(), -1.5
14, 24154, -4.5, 1.0, -2.0, 4.5, 6, 1, toLowerCase(), -1.5
14, 24155, -4.5, 1.0, -2.0, 5.0, 6, 1, toLowerCase(), -1.5
14, 24156, -4.5, 1.0, -1.5, 0.0, 6, 0, toLowerCase(), -1.5
14, 24157, -4.5, 1.0, -1.5, 0.5, 6, 0, toLowerCase(), -1.5
14, 24158, -4.5, 1.0, -1.5, 1.0, 6, 0, toLowerCase(), -1.5
14, 24159, -4.5, 1.0, -1.5, 1.5, 6, 0, toLowerCase(), -1.5
14, 24160, -4.5, 1.0, -1.5, 2.0, 6, 0, toLowerCase(), -1.5
14, 24161, -4.5, 1.0, -1.5, 2.5, 6, 1, toLowerCase(), -1.5
14, 24162, -4.5, 1.0, -1.5, 3.0, 6, 1, toLowerCase(), -1.5
14, 24163, -4.5, 1.0, -1.5, 3.5, 6, 1, toLowerCase(), -1.5
14, 24164, -4.5, 1.0, -1.5, 4.0, 6, 1, toLowerCase(), -1.5
14, 24165, -4.5, 1.0, -1.5, 4.5, 6, 1, toLowerCase(), -1.5
14, 24166, -4.5, 1.0, -1.5, 5.0, 6, 1, toLowerCase(), -1.5
14, 24167, -4.5, 1.0, -1.0, 0.0, 6, 0, toLowerCase(), -1.5
14, 24168, -4.5, 1.0, -1.0, 0.5, 6, 0, toLowerCase(), -1.5
14, 24169, -4.5, 1.0, -1.0, 1.0, 6, 0, toLowerCase(), -1.5
14, 24170, -4.5, 1.0, -1.0, 1.5, 6, 0, toLowerCase(), -1.5
14, 24171, -4.5, 1.0, -1.0, 2.0, 6, 0, toLowerCase(), -1.5
14, 24172, -4.5, 1.0, -1.0, 2.5, 6, 1, toLowerCase(), -1.5
14, 24173, -4.5, 1.0, -1.0, 3.0, 6, 1, toLowerCase(), -1.5
14, 24174, -4.5, 1.0, -1.0, 3.5, 6, 1, toLowerCase(), -1.5
14, 24175, -4.5, 1.0, -1.0, 4.0, 6, 1, toLowerCase(), -1.5
14, 24176, -4.5, 1.0, -1.0, 4.5, 6, 1, toLowerCase(), -1.5
14, 24177, -4.5, 1.0, -1.0, 5.0, 6, 1, toLowerCase(), -1.5
14, 24178, -4.5, 1.0, -0.5, 0.0, 6, 0, toLowerCase(), -1.5
14, 24179, -4.5, 1.0, -0.5, 0.5, 6, 0, toLowerCase(), -1.5
14, 24180, -4.5, 1.0, -0.5, 1.0, 6, 0, toLowerCase(), -1.5
14, 24181, -4.5, 1.0, -0.5, 1.5, 6, 0, toLowerCase(), -1.5
14, 24182, -4.5, 1.0, -0.5, 2.0, 6, 0, toLowerCase(), -1.5
14, 24183, -4.5, 1.0, -0.5, 2.5, 6, 1, toLowerCase(), -1.5
14, 24184, -4.5, 1.0, -0.5, 3.0, 6, 1, toLowerCase(), -1.5
14, 24185, -4.5, 1.0, -0.5, 3.5, 6, 1, toLowerCase(), -1.5
14, 24186, -4.5, 1.0, -0.5, 4.0, 6, 1, toLowerCase(), -1.5
14, 24187, -4.5, 1.0, -0.5, 4.5, 6, 1, toLowerCase(), -1.5
14, 24188, -4.5, 1.0, -0.5, 5.0, 6, 1, toLowerCase(), -1.5
14, 24189, -4.5, 1.0, 0.0, 0.0, 6, 0, toLowerCase(), -1.5
14, 24190, -4.5, 1.0, 0.0, 0.5, 6, 0, toLowerCase(), -1.5
14, 24191, -4.5, 1.0, 0.0, 1.0, 6, 0, toLowerCase(), -1.5
14, 24192, -4.5, 1.0, 0.0, 1.5, 6, 0, toLowerCase(), -1.5
14, 24193, -4.5, 1.0, 0.0, 2.0, 6, 0, toLowerCase(), -1.5
14, 24194, -4.5, 1.0, 0.0, 2.5, 6, 1, toLowerCase(), -1.5
14, 24195, -4.5, 1.0, 0.0, 3.0, 6, 1, toLowerCase(), -1.5
14, 24196, -4.5, 1.0, 0.0, 3.5, 6, 1, toLowerCase(), -1.5
14, 24197, -4.5, 1.0, 0.0, 4.0, 6, 1, toLowerCase(), -1.5
14, 24198, -4.5, 1.0, 0.0, 4.5, 6, 1, toLowerCase(), -1.5
14, 24199, -4.5, 1.0, 0.0, 5.0, 6, 1, toLowerCase(), -1.5
14, 24200, -4.0, 1.0, -5.0, 0.0, 6, 0, toLowerCase(), -1.0
14, 24201, -4.0, 1.0, -5.0, 0.5, 6, 0, toLowerCase(), -1.0
14, 24202, -4.0, 1.0, -5.0, 1.0, 6, 0, toLowerCase(), -1.0
14, 24203, -4.0, 1.0, -5.0, 1.5, 6, 0, toLowerCase(), -1.0
14, 24204, -4.0, 1.0, -5.0, 2.0, 6, 0, toLowerCase(), -1.0
14, 24205, -4.0, 1.0, -5.0, 2.5, 6, 1, toLowerCase(), -1.0
14, 24206, -4.0, 1.0, -5.0, 3.0, 6, 1, toLowerCase(), -1.0
14, 24207, -4.0, 1.0, -5.0, 3.5, 6, 1, toLowerCase(), -1.0
14, 24208, -4.0, 1.0, -5.0, 4.0, 6, 1, toLowerCase(), -1.0
14, 24209, -4.0, 1.0, -5.0, 4.5, 0, 1, input.toLowerCase(), 0.5
14, 24210, -4.0, 1.0, -5.0, 5.0, 0, 1, input.toLowerCase(), 1.0
14, 24211, -4.0, 1.0, -4.5, 0.0, 6, 0, toLowerCase(), -1.0
14, 24212, -4.0, 1.0, -4.5, 0.5, 6, 0, toLowerCase(), -1.0
14, 24213, -4.0, 1.0, -4.5, 1.0, 6, 0, toLowerCase(), -1.0
14, 24214, -4.0, 1.0, -4.5, 1.5, 6, 0, toLowerCase(), -1.0
14, 24215, -4.0, 1.0, -4.5, 2.0, 6, 0, toLowerCase(), -1.0
14, 24216, -4.0, 1.0, -4.5, 2.5, 6, 1, toLowerCase(), -1.0
14, 24217, -4.0, 1.0, -4.5, 3.0, 6, 1, toLowerCase(), -1.0
14, 24218, -4.0, 1.0, -4.5, 3.5, 6, 1, toLowerCase(), -1.0
14, 24219, -4.0, 1.0, -4.5, 4.0, 6, 1, toLowerCase(), -1.0
14, 24220, -4.0, 1.0, -4.5, 4.5, 0, 1, input.toLowerCase(), 0.5
14, 24221, -4.0, 1.0, -4.5, 5.0, 0, 1, input.toLowerCase(), 1.0
14, 24222, -4.0, 1.0, -4.0, 0.0, 6, 0, toLowerCase(), -1.0
14, 24223, -4.0, 1.0, -4.0, 0.5, 6, 0, toLowerCase(), -1.0
14, 24224, -4.0, 1.0, -4.0, 1.0, 6, 0, toLowerCase(), -1.0
14, 24225, -4.0, 1.0, -4.0, 1.5, 6, 0, toLowerCase(), -1.0
14, 24226, -4.0, 1.0, -4.0, 2.0, 6, 0, toLowerCase(), -1.0
14, 24227, -4.0, 1.0, -4.0, 2.5, 6, 1, toLowerCase(), -1.0
14, 24228, -4.0, 1.0, -4.0, 3.0, 6, 1, toLowerCase(), -1.0
14, 24229, -4.0, 1.0, -4.0, 3.5, 6, 1, toLowerCase(), -1.0
14, 24230, -4.0, 1.0, -4.0, 4.0, 6, 1, toLowerCase(), -1.0
14, 24231, -4.0, 1.0, -4.0, 4.5, 0, 1, input.toLowerCase(), 0.5
14, 24232, -4.0, 1.0, -4.0, 5.0, 0, 1, input.toLowerCase(), 1.0
14, 24233, -4.0, 1.0, -3.5, 0.0, 6, 0, toLowerCase(), -1.0
14, 24234, -4.0, 1.0, -3.5, 0.5, 6, 0, toLowerCase(), -1.0
14, 24235, -4.0, 1.0, -3.5, 1.0, 6, 0, toLowerCase(), -1.0
14, 24236, -4.0, 1.0, -3.5, 1.5, 6, 0, toLowerCase(), -1.0
14, 24237, -4.0, 1.0, -3.5, 2.0, 6, 0, toLowerCase(), -1.0
14, 24238, -4.0, 1.0, -3.5, 2.5, 6, 1, toLowerCase(), -1.0
14, 24239, -4.0, 1.0, -3.5, 3.0, 6, 1, toLowerCase(), -1.0
14, 24240, -4.0, 1.0, -3.5, 3.5, 6, 1, toLowerCase(), -1.0
14, 24241, -4.0, 1.0, -3.5, 4.0, 6, 1, toLowerCase(), -1.0
14, 24242, -4.0, 1.0, -3.5, 4.5, 0, 1, input.toLowerCase(), 0.5
14, 24243, -4.0, 1.0, -3.5, 5.0, 0, 1, input.toLowerCase(), 1.0
14, 24244, -4.0, 1.0, -3.0, 0.0, 6, 0, toLowerCase(), -1.0
14, 24245, -4.0, 1.0, -3.0, 0.5, 6, 0, toLowerCase(), -1.0
14, 24246, -4.0, 1.0, -3.0, 1.0, 6, 0, toLowerCase(), -1.0
14, 24247, -4.0, 1.0, -3.0, 1.5, 6, 0, toLowerCase(), -1.0
14, 24248, -4.0, 1.0, -3.0, 2.0, 6, 0, toLowerCase(), -1.0
14, 24249, -4.0, 1.0, -3.0, 2.5, 6, 1, toLowerCase(), -1.0
14, 24250, -4.0, 1.0, -3.0, 3.0, 6, 1, toLowerCase(), -1.0
14, 24251, -4.0, 1.0, -3.0, 3.5, 6, 1, toLowerCase(), -1.0
14, 24252, -4.0, 1.0, -3.0, 4.0, 6, 1, toLowerCase(), -1.0
14, 24253, -4.0, 1.0, -3.0, 4.5, 0, 1, input.toLowerCase(), 0.5
14, 24254, -4.0, 1.0, -3.0, 5.0, 0, 1, input.toLowerCase(), 1.0
14, 24255, -4.0, 1.0, -2.5, 0.0, 6, 0, toLowerCase(), -1.0
14, 24256, -4.0, 1.0, -2.5, 0.5, 6, 0, toLowerCase(), -1.0
14, 24257, -4.0, 1.0, -2.5, 1.0, 6, 0, toLowerCase(), -1.0
14, 24258, -4.0, 1.0, -2.5, 1.5, 6, 0, toLowerCase(), -1.0
14, 24259, -4.0, 1.0, -2.5, 2.0, 6, 0, toLowerCase(), -1.0
14, 24260, -4.0, 1.0, -2.5, 2.5, 6, 1, toLowerCase(), -1.0
14, 24261, -4.0, 1.0, -2.5, 3.0, 6, 1, toLowerCase(), -1.0
14, 24262, -4.0, 1.0, -2.5, 3.5, 6, 1, toLowerCase(), -1.0
14, 24263, -4.0, 1.0, -2.5, 4.0, 6, 1, toLowerCase(), -1.0
14, 24264, -4.0, 1.0, -2.5, 4.5, 0, 1, input.toLowerCase(), 0.5
14, 24265, -4.0, 1.0, -2.5, 5.0, 0, 1, input.toLowerCase(), 1.0
14, 24266, -4.0, 1.0, -2.0, 0.0, 6, 0, toLowerCase(), -1.0
14, 24267, -4.0, 1.0, -2.0, 0.5, 6, 0, toLowerCase(), -1.0
14, 24268, -4.0, 1.0, -2.0, 1.0, 6, 0, toLowerCase(), -1.0
14, 24269, -4.0, 1.0, -2.0, 1.5, 6, 0, toLowerCase(), -1.0
14, 24270, -4.0, 1.0, -2.0, 2.0, 6, 0, toLowerCase(), -1.0
14, 24271, -4.0, 1.0, -2.0, 2.5, 6, 1, toLowerCase(), -1.0
14, 24272, -4.0, 1.0, -2.0, 3.0, 6, 1, toLowerCase(), -1.0
14, 24273, -4.0, 1.0, -2.0, 3.5, 6, 1, toLowerCase(), -1.0
14, 24274, -4.0, 1.0, -2.0, 4.0, 6, 1, toLowerCase(), -1.0
14, 24275, -4.0, 1.0, -2.0, 4.5, 0, 1, input.toLowerCase(), 0.5
14, 24276, -4.0, 1.0, -2.0, 5.0, 0, 1, input.toLowerCase(), 1.0
14, 24277, -4.0, 1.0, -1.5, 0.0, 6, 0, toLowerCase(), -1.0
14, 24278, -4.0, 1.0, -1.5, 0.5, 6, 0, toLowerCase(), -1.0
14, 24279, -4.0, 1.0, -1.5, 1.0, 6, 0, toLowerCase(), -1.0
14, 24280, -4.0, 1.0, -1.5, 1.5, 6, 0, toLowerCase(), -1.0
14, 24281, -4.0, 1.0, -1.5, 2.0, 6, 0, toLowerCase(), -1.0
14, 24282, -4.0, 1.0, -1.5, 2.5, 6, 1, toLowerCase(), -1.0
14, 24283, -4.0, 1.0, -1.5, 3.0, 6, 1, toLowerCase(), -1.0
14, 24284, -4.0, 1.0, -1.5, 3.5, 6, 1, toLowerCase(), -1.0
14, 24285, -4.0, 1.0, -1.5, 4.0, 6, 1, toLowerCase(), -1.0
14, 24286, -4.0, 1.0, -1.5, 4.5, 0, 1, input.toLowerCase(), 0.5
14, 24287, -4.0, 1.0, -1.5, 5.0, 0, 1, input.toLowerCase(), 1.0
14, 24288, -4.0, 1.0, -1.0, 0.0, 6, 0, toLowerCase(), -1.0
14, 24289, -4.0, 1.0, -1.0, 0.5, 6, 0, toLowerCase(), -1.0
14, 24290, -4.0, 1.0, -1.0, 1.0, 6, 0, toLowerCase(), -1.0
14, 24291, -4.0, 1.0, -1.0, 1.5, 6, 0, toLowerCase(), -1.0
14, 24292, -4.0, 1.0, -1.0, 2.0, 6, 0, toLowerCase(), -1.0
14, 24293, -4.0, 1.0, -1.0, 2.5, 6, 1, toLowerCase(), -1.0
14, 24294, -4.0, 1.0, -1.0, 3.0, 6, 1, toLowerCase(), -1.0
14, 24295, -4.0, 1.0, -1.0, 3.5, 6, 1, toLowerCase(), -1.0
14, 24296, -4.0, 1.0, -1.0, 4.0, 6, 1, toLowerCase(), -1.0
14, 24297, -4.0, 1.0, -1.0, 4.5, 0, 1, input.toLowerCase(), 0.5
14, 24298, -4.0, 1.0, -1.0, 5.0, 0, 1, input.toLowerCase(), 1.0
14, 24299, -4.0, 1.0, -0.5, 0.0, 6, 0, toLowerCase(), -1.0
14, 24300, -4.0, 1.0, -0.5, 0.5, 6, 0, toLowerCase(), -1.0
14, 24301, -4.0, 1.0, -0.5, 1.0, 6, 0, toLowerCase(), -1.0
14, 24302, -4.0, 1.0, -0.5, 1.5, 6, 0, toLowerCase(), -1.0
14, 24303, -4.0, 1.0, -0.5, 2.0, 6, 0, toLowerCase(), -1.0
14, 24304, -4.0, 1.0, -0.5, 2.5, 6, 1, toLowerCase(), -1.0
14, 24305, -4.0, 1.0, -0.5, 3.0, 6, 1, toLowerCase(), -1.0
14, 24306, -4.0, 1.0, -0.5, 3.5, 6, 1, toLowerCase(), -1.0
14, 24307, -4.0, 1.0, -0.5, 4.0, 6, 1, toLowerCase(), -1.0
14, 24308, -4.0, 1.0, -0.5, 4.5, 0, 1, input.toLowerCase(), 0.5
14, 24309, -4.0, 1.0, -0.5, 5.0, 0, 1, input.toLowerCase(), 1.0
14, 24310, -4.0, 1.0, 0.0, 0.0, 6, 0, toLowerCase(), -1.0
14, 24311, -4.0, 1.0, 0.0, 0.5, 6, 0, toLowerCase(), -1.0
14, 24312, -4.0, 1.0, 0.0, 1.0, 6, 0, toLowerCase(), -1.0
14, 24313, -4.0, 1.0, 0.0, 1.5, 6, 0, toLowerCase(), -1.0
14, 24314, -4.0, 1.0, 0.0, 2.0, 6, 0, toLowerCase(), -1.0
14, 24315, -4.0, 1.0, 0.0, 2.5, 6, 1, toLowerCase(), -1.0
14, 24316, -4.0, 1.0, 0.0, 3.0, 6, 1, toLowerCase(), -1.0
14, 24317, -4.0, 1.0, 0.0, 3.5, 6, 1, toLowerCase(), -1.0
14, 24318, -4.0, 1.0, 0.0, 4.0, 6, 1, toLowerCase(), -1.0
14, 24319, -4.0, 1.0, 0.0, 4.5, 0, 1, input.toLowerCase(), 0.5
14, 24320, -4.0, 1.0, 0.0, 5.0, 0, 1, input.toLowerCase(), 1.0
14, 24321, -3.5, 1.0, -5.0, 0.0, 6, 0, toLowerCase(), -0.5
14, 24322, -3.5, 1.0, -5.0, 0.5, 6, 0, toLowerCase(), -0.5
14, 24323, -3.5, 1.0, -5.0, 1.0, 6, 0, toLowerCase(), -0.5
14, 24324, -3.5, 1.0, -5.0, 1.5, 6, 0, toLowerCase(), -0.5
14, 24325, -3.5, 1.0, -5.0, 2.0, 6, 0, toLowerCase(), -0.5
14, 24326, -3.5, 1.0, -5.0, 2.5, 6, 1, toLowerCase(), -0.5
14, 24327, -3.5, 1.0, -5.0, 3.0, 6, 1, toLowerCase(), -0.5
14, 24328, -3.5, 1.0, -5.0, 3.5, 0, 1, input.toLowerCase(), 0.5
14, 24329, -3.5, 1.0, -5.0, 4.0, 0, 1, input.toLowerCase(), 1.0
14, 24330, -3.5, 1.0, -5.0, 4.5, 0, 1, input.toLowerCase(), 1.5
14, 24331, -3.5, 1.0, -5.0, 5.0, 0, 1, input.toLowerCase(), 2.0
14, 24332, -3.5, 1.0, -4.5, 0.0, 6, 0, toLowerCase(), -0.5
14, 24333, -3.5, 1.0, -4.5, 0.5, 6, 0, toLowerCase(), -0.5
14, 24334, -3.5, 1.0, -4.5, 1.0, 6, 0, toLowerCase(), -0.5
14, 24335, -3.5, 1.0, -4.5, 1.5, 6, 0, toLowerCase(), -0.5
14, 24336, -3.5, 1.0, -4.5, 2.0, 6, 0, toLowerCase(), -0.5
14, 24337, -3.5, 1.0, -4.5, 2.5, 6, 1, toLowerCase(), -0.5
14, 24338, -3.5, 1.0, -4.5, 3.0, 6, 1, toLowerCase(), -0.5
14, 24339, -3.5, 1.0, -4.5, 3.5, 0, 1, input.toLowerCase(), 0.5
14, 24340, -3.5, 1.0, -4.5, 4.0, 0, 1, input.toLowerCase(), 1.0
14, 24341, -3.5, 1.0, -4.5, 4.5, 0, 1, input.toLowerCase(), 1.5
14, 24342, -3.5, 1.0, -4.5, 5.0, 0, 1, input.toLowerCase(), 2.0
14, 24343, -3.5, 1.0, -4.0, 0.0, 6, 0, toLowerCase(), -0.5
14, 24344, -3.5, 1.0, -4.0, 0.5, 6, 0, toLowerCase(), -0.5
14, 24345, -3.5, 1.0, -4.0, 1.0, 6, 0, toLowerCase(), -0.5
14, 24346, -3.5, 1.0, -4.0, 1.5, 6, 0, toLowerCase(), -0.5
14, 24347, -3.5, 1.0, -4.0, 2.0, 6, 0, toLowerCase(), -0.5
14, 24348, -3.5, 1.0, -4.0, 2.5, 6, 1, toLowerCase(), -0.5
14, 24349, -3.5, 1.0, -4.0, 3.0, 6, 1, toLowerCase(), -0.5
14, 24350, -3.5, 1.0, -4.0, 3.5, 0, 1, input.toLowerCase(), 0.5
14, 24351, -3.5, 1.0, -4.0, 4.0, 0, 1, input.toLowerCase(), 1.0
14, 24352, -3.5, 1.0, -4.0, 4.5, 0, 1, input.toLowerCase(), 1.5
14, 24353, -3.5, 1.0, -4.0, 5.0, 0, 1, input.toLowerCase(), 2.0
14, 24354, -3.5, 1.0, -3.5, 0.0, 6, 0, toLowerCase(), -0.5
14, 24355, -3.5, 1.0, -3.5, 0.5, 6, 0, toLowerCase(), -0.5
14, 24356, -3.5, 1.0, -3.5, 1.0, 6, 0, toLowerCase(), -0.5
14, 24357, -3.5, 1.0, -3.5, 1.5, 6, 0, toLowerCase(), -0.5
14, 24358, -3.5, 1.0, -3.5, 2.0, 6, 0, toLowerCase(), -0.5
14, 24359, -3.5, 1.0, -3.5, 2.5, 6, 1, toLowerCase(), -0.5
14, 24360, -3.5, 1.0, -3.5, 3.0, 6, 1, toLowerCase(), -0.5
14, 24361, -3.5, 1.0, -3.5, 3.5, 0, 1, input.toLowerCase(), 0.5
14, 24362, -3.5, 1.0, -3.5, 4.0, 0, 1, input.toLowerCase(), 1.0
14, 24363, -3.5, 1.0, -3.5, 4.5, 0, 1, input.toLowerCase(), 1.5
14, 24364, -3.5, 1.0, -3.5, 5.0, 0, 1, input.toLowerCase(), 2.0
14, 24365, -3.5, 1.0, -3.0, 0.0, 6, 0, toLowerCase(), -0.5
14, 24366, -3.5, 1.0, -3.0, 0.5, 6, 0, toLowerCase(), -0.5
14, 24367, -3.5, 1.0, -3.0, 1.0, 6, 0, toLowerCase(), -0.5
14, 24368, -3.5, 1.0, -3.0, 1.5, 6, 0, toLowerCase(), -0.5
14, 24369, -3.5, 1.0, -3.0, 2.0, 6, 0, toLowerCase(), -0.5
14, 24370, -3.5, 1.0, -3.0, 2.5, 6, 1, toLowerCase(), -0.5
14, 24371, -3.5, 1.0, -3.0, 3.0, 6, 1, toLowerCase(), -0.5
14, 24372, -3.5, 1.0, -3.0, 3.5, 0, 1, input.toLowerCase(), 0.5
14, 24373, -3.5, 1.0, -3.0, 4.0, 0, 1, input.toLowerCase(), 1.0
14, 24374, -3.5, 1.0, -3.0, 4.5, 0, 1, input.toLowerCase(), 1.5
14, 24375, -3.5, 1.0, -3.0, 5.0, 0, 1, input.toLowerCase(), 2.0
14, 24376, -3.5, 1.0, -2.5, 0.0, 6, 0, toLowerCase(), -0.5
14, 24377, -3.5, 1.0, -2.5, 0.5, 6, 0, toLowerCase(), -0.5
14, 24378, -3.5, 1.0, -2.5, 1.0, 6, 0, toLowerCase(), -0.5
14, 24379, -3.5, 1.0, -2.5, 1.5, 6, 0, toLowerCase(), -0.5
14, 24380, -3.5, 1.0, -2.5, 2.0, 6, 0, toLowerCase(), -0.5
14, 24381, -3.5, 1.0, -2.5, 2.5, 6, 1, toLowerCase(), -0.5
14, 24382, -3.5, 1.0, -2.5, 3.0, 6, 1, toLowerCase(), -0.5
14, 24383, -3.5, 1.0, -2.5, 3.5, 0, 1, input.toLowerCase(), 0.5
14, 24384, -3.5, 1.0, -2.5, 4.0, 0, 1, input.toLowerCase(), 1.0
14, 24385, -3.5, 1.0, -2.5, 4.5, 0, 1, input.toLowerCase(), 1.5
14, 24386, -3.5, 1.0, -2.5, 5.0, 0, 1, input.toLowerCase(), 2.0
14, 24387, -3.5, 1.0, -2.0, 0.0, 6, 0, toLowerCase(), -0.5
14, 24388, -3.5, 1.0, -2.0, 0.5, 6, 0, toLowerCase(), -0.5
14, 24389, -3.5, 1.0, -2.0, 1.0, 6, 0, toLowerCase(), -0.5
14, 24390, -3.5, 1.0, -2.0, 1.5, 6, 0, toLowerCase(), -0.5
14, 24391, -3.5, 1.0, -2.0, 2.0, 6, 0, toLowerCase(), -0.5
14, 24392, -3.5, 1.0, -2.0, 2.5, 6, 1, toLowerCase(), -0.5
14, 24393, -3.5, 1.0, -2.0, 3.0, 6, 1, toLowerCase(), -0.5
14, 24394, -3.5, 1.0, -2.0, 3.5, 0, 1, input.toLowerCase(), 0.5
14, 24395, -3.5, 1.0, -2.0, 4.0, 0, 1, input.toLowerCase(), 1.0
14, 24396, -3.5, 1.0, -2.0, 4.5, 0, 1, input.toLowerCase(), 1.5
14, 24397, -3.5, 1.0, -2.0, 5.0, 0, 1, input.toLowerCase(), 2.0
14, 24398, -3.5, 1.0, -1.5, 0.0, 6, 0, toLowerCase(), -0.5
14, 24399, -3.5, 1.0, -1.5, 0.5, 6, 0, toLowerCase(), -0.5
14, 24400, -3.5, 1.0, -1.5, 1.0, 6, 0, toLowerCase(), -0.5
14, 24401, -3.5, 1.0, -1.5, 1.5, 6, 0, toLowerCase(), -0.5
14, 24402, -3.5, 1.0, -1.5, 2.0, 6, 0, toLowerCase(), -0.5
14, 24403, -3.5, 1.0, -1.5, 2.5, 6, 1, toLowerCase(), -0.5
14, 24404, -3.5, 1.0, -1.5, 3.0, 6, 1, toLowerCase(), -0.5
14, 24405, -3.5, 1.0, -1.5, 3.5, 0, 1, input.toLowerCase(), 0.5
14, 24406, -3.5, 1.0, -1.5, 4.0, 0, 1, input.toLowerCase(), 1.0
14, 24407, -3.5, 1.0, -1.5, 4.5, 0, 1, input.toLowerCase(), 1.5
14, 24408, -3.5, 1.0, -1.5, 5.0, 0, 1, input.toLowerCase(), 2.0
14, 24409, -3.5, 1.0, -1.0, 0.0, 6, 0, toLowerCase(), -0.5
14, 24410, -3.5, 1.0, -1.0, 0.5, 6, 0, toLowerCase(), -0.5
14, 24411, -3.5, 1.0, -1.0, 1.0, 6, 0, toLowerCase(), -0.5
14, 24412, -3.5, 1.0, -1.0, 1.5, 6, 0, toLowerCase(), -0.5
14, 24413, -3.5, 1.0, -1.0, 2.0, 6, 0, toLowerCase(), -0.5
14, 24414, -3.5, 1.0, -1.0, 2.5, 6, 1, toLowerCase(), -0.5
14, 24415, -3.5, 1.0, -1.0, 3.0, 6, 1, toLowerCase(), -0.5
14, 24416, -3.5, 1.0, -1.0, 3.5, 0, 1, input.toLowerCase(), 0.5
14, 24417, -3.5, 1.0, -1.0, 4.0, 0, 1, input.toLowerCase(), 1.0
14, 24418, -3.5, 1.0, -1.0, 4.5, 0, 1, input.toLowerCase(), 1.5
14, 24419, -3.5, 1.0, -1.0, 5.0, 0, 1, input.toLowerCase(), 2.0
14, 24420, -3.5, 1.0, -0.5, 0.0, 6, 0, toLowerCase(), -0.5
14, 24421, -3.5, 1.0, -0.5, 0.5, 6, 0, toLowerCase(), -0.5
14, 24422, -3.5, 1.0, -0.5, 1.0, 6, 0, toLowerCase(), -0.5
14, 24423, -3.5, 1.0, -0.5, 1.5, 6, 0, toLowerCase(), -0.5
14, 24424, -3.5, 1.0, -0.5, 2.0, 6, 0, toLowerCase(), -0.5
14, 24425, -3.5, 1.0, -0.5, 2.5, 6, 1, toLowerCase(), -0.5
14, 24426, -3.5, 1.0, -0.5, 3.0, 6, 1, toLowerCase(), -0.5
14, 24427, -3.5, 1.0, -0.5, 3.5, 0, 1, input.toLowerCase(), 0.5
14, 24428, -3.5, 1.0, -0.5, 4.0, 0, 1, input.toLowerCase(), 1.0
14, 24429, -3.5, 1.0, -0.5, 4.5, 0, 1, input.toLowerCase(), 1.5
14, 24430, -3.5, 1.0, -0.5, 5.0, 0, 1, input.toLowerCase(), 2.0
14, 24431, -3.5, 1.0, 0.0, 0.0, 6, 0, toLowerCase(), -0.5
14, 24432, -3.5, 1.0, 0.0, 0.5, 6, 0, toLowerCase(), -0.5
14, 24433, -3.5, 1.0, 0.0, 1.0, 6, 0, toLowerCase(), -0.5
14, 24434, -3.5, 1.0, 0.0, 1.5, 6, 0, toLowerCase(), -0.5
14, 24435, -3.5, 1.0, 0.0, 2.0, 6, 0, toLowerCase(), -0.5
14, 24436, -3.5, 1.0, 0.0, 2.5, 6, 1, toLowerCase(), -0.5
14, 24437, -3.5, 1.0, 0.0, 3.0, 6, 1, toLowerCase(), -0.5
14, 24438, -3.5, 1.0, 0.0, 3.5, 0, 1, input.toLowerCase(), 0.5
14, 24439, -3.5, 1.0, 0.0, 4.0, 0, 1, input.toLowerCase(), 1.0
14, 24440, -3.5, 1.0, 0.0, 4.5, 0, 1, input.toLowerCase(), 1.5
14, 24441, -3.5, 1.0, 0.0, 5.0, 0, 1, input.toLowerCase(), 2.0
14, 24442, -3.0, 1.0, -5.0, 0.0, 6, 0, toLowerCase(), 0.0
14, 24443, -3.0, 1.0, -5.0, 0.5, 6, 0, toLowerCase(), 0.0
14, 24444, -3.0, 1.0, -5.0, 1.0, 6, 0, toLowerCase(), 0.0
14, 24445, -3.0, 1.0, -5.0, 1.5, 6, 0, toLowerCase(), 0.0
14, 24446, -3.0, 1.0, -5.0, 2.0, 6, 0, toLowerCase(), 0.0
14, 24447, -3.0, 1.0, -5.0, 2.5, 0, 0, input.toLowerCase(), 0.5
14, 24448, -3.0, 1.0, -5.0, 3.0, 0, 0, input.toLowerCase(), 1.0
14, 24449, -3.0, 1.0, -5.0, 3.5, 0, 0, input.toLowerCase(), 1.5
14, 24450, -3.0, 1.0, -5.0, 4.0, 0, 0, input.toLowerCase(), 2.0
14, 24451, -3.0, 1.0, -5.0, 4.5, 0, 0, input.toLowerCase(), 2.5
14, 24452, -3.0, 1.0, -5.0, 5.0, 0, 0, input.toLowerCase(), 3.0
14, 24453, -3.0, 1.0, -4.5, 0.0, 6, 0, toLowerCase(), 0.0
14, 24454, -3.0, 1.0, -4.5, 0.5, 6, 0, toLowerCase(), 0.0
14, 24455, -3.0, 1.0, -4.5, 1.0, 6, 0, toLowerCase(), 0.0
14, 24456, -3.0, 1.0, -4.5, 1.5, 6, 0, toLowerCase(), 0.0
14, 24457, -3.0, 1.0, -4.5, 2.0, 6, 0, toLowerCase(), 0.0
14, 24458, -3.0, 1.0, -4.5, 2.5, 0, 0, input.toLowerCase(), 0.5
14, 24459, -3.0, 1.0, -4.5, 3.0, 0, 0, input.toLowerCase(), 1.0
14, 24460, -3.0, 1.0, -4.5, 3.5, 0, 0, input.toLowerCase(), 1.5
14, 24461, -3.0, 1.0, -4.5, 4.0, 0, 0, input.toLowerCase(), 2.0
14, 24462, -3.0, 1.0, -4.5, 4.5, 0, 0, input.toLowerCase(), 2.5
14, 24463, -3.0, 1.0, -4.5, 5.0, 0, 0, input.toLowerCase(), 3.0
14, 24464, -3.0, 1.0, -4.0, 0.0, 6, 0, toLowerCase(), 0.0
14, 24465, -3.0, 1.0, -4.0, 0.5, 6, 0, toLowerCase(), 0.0
14, 24466, -3.0, 1.0, -4.0, 1.0, 6, 0, toLowerCase(), 0.0
14, 24467, -3.0, 1.0, -4.0, 1.5, 6, 0, toLowerCase(), 0.0
14, 24468, -3.0, 1.0, -4.0, 2.0, 6, 0, toLowerCase(), 0.0
14, 24469, -3.0, 1.0, -4.0, 2.5, 0, 0, input.toLowerCase(), 0.5
14, 24470, -3.0, 1.0, -4.0, 3.0, 0, 0, input.toLowerCase(), 1.0
14, 24471, -3.0, 1.0, -4.0, 3.5, 0, 0, input.toLowerCase(), 1.5
14, 24472, -3.0, 1.0, -4.0, 4.0, 0, 0, input.toLowerCase(), 2.0
14, 24473, -3.0, 1.0, -4.0, 4.5, 0, 0, input.toLowerCase(), 2.5
14, 24474, -3.0, 1.0, -4.0, 5.0, 0, 0, input.toLowerCase(), 3.0
14, 24475, -3.0, 1.0, -3.5, 0.0, 6, 0, toLowerCase(), 0.0
14, 24476, -3.0, 1.0, -3.5, 0.5, 6, 0, toLowerCase(), 0.0
14, 24477, -3.0, 1.0, -3.5, 1.0, 6, 0, toLowerCase(), 0.0
14, 24478, -3.0, 1.0, -3.5, 1.5, 6, 0, toLowerCase(), 0.0
14, 24479, -3.0, 1.0, -3.5, 2.0, 6, 0, toLowerCase(), 0.0
14, 24480, -3.0, 1.0, -3.5, 2.5, 0, 0, input.toLowerCase(), 0.5
14, 24481, -3.0, 1.0, -3.5, 3.0, 0, 0, input.toLowerCase(), 1.0
14, 24482, -3.0, 1.0, -3.5, 3.5, 0, 0, input.toLowerCase(), 1.5
14, 24483, -3.0, 1.0, -3.5, 4.0, 0, 0, input.toLowerCase(), 2.0
14, 24484, -3.0, 1.0, -3.5, 4.5, 0, 0, input.toLowerCase(), 2.5
14, 24485, -3.0, 1.0, -3.5, 5.0, 0, 0, input.toLowerCase(), 3.0
14, 24486, -3.0, 1.0, -3.0, 0.0, 6, 0, toLowerCase(), 0.0
14, 24487, -3.0, 1.0, -3.0, 0.5, 6, 0, toLowerCase(), 0.0
14, 24488, -3.0, 1.0, -3.0, 1.0, 6, 0, toLowerCase(), 0.0
14, 24489, -3.0, 1.0, -3.0, 1.5, 6, 0, toLowerCase(), 0.0
14, 24490, -3.0, 1.0, -3.0, 2.0, 6, 0, toLowerCase(), 0.0
14, 24491, -3.0, 1.0, -3.0, 2.5, 0, 0, input.toLowerCase(), 0.5
14, 24492, -3.0, 1.0, -3.0, 3.0, 0, 0, input.toLowerCase(), 1.0
14, 24493, -3.0, 1.0, -3.0, 3.5, 0, 0, input.toLowerCase(), 1.5
14, 24494, -3.0, 1.0, -3.0, 4.0, 0, 0, input.toLowerCase(), 2.0
14, 24495, -3.0, 1.0, -3.0, 4.5, 0, 0, input.toLowerCase(), 2.5
14, 24496, -3.0, 1.0, -3.0, 5.0, 0, 0, input.toLowerCase(), 3.0
14, 24497, -3.0, 1.0, -2.5, 0.0, 6, 0, toLowerCase(), 0.0
14, 24498, -3.0, 1.0, -2.5, 0.5, 6, 0, toLowerCase(), 0.0
14, 24499, -3.0, 1.0, -2.5, 1.0, 6, 0, toLowerCase(), 0.0
14, 24500, -3.0, 1.0, -2.5, 1.5, 6, 0, toLowerCase(), 0.0
14, 24501, -3.0, 1.0, -2.5, 2.0, 6, 0, toLowerCase(), 0.0
14, 24502, -3.0, 1.0, -2.5, 2.5, 0, 0, input.toLowerCase(), 0.5
14, 24503, -3.0, 1.0, -2.5, 3.0, 0, 0, input.toLowerCase(), 1.0
14, 24504, -3.0, 1.0, -2.5, 3.5, 0, 0, input.toLowerCase(), 1.5
14, 24505, -3.0, 1.0, -2.5, 4.0, 0, 0, input.toLowerCase(), 2.0
14, 24506, -3.0, 1.0, -2.5, 4.5, 0, 0, input.toLowerCase(), 2.5
14, 24507, -3.0, 1.0, -2.5, 5.0, 0, 0, input.toLowerCase(), 3.0
14, 24508, -3.0, 1.0, -2.0, 0.0, 6, 0, toLowerCase(), 0.0
14, 24509, -3.0, 1.0, -2.0, 0.5, 6, 0, toLowerCase(), 0.0
14, 24510, -3.0, 1.0, -2.0, 1.0, 6, 0, toLowerCase(), 0.0
14, 24511, -3.0, 1.0, -2.0, 1.5, 6, 0, toLowerCase(), 0.0
14, 24512, -3.0, 1.0, -2.0, 2.0, 6, 0, toLowerCase(), 0.0
14, 24513, -3.0, 1.0, -2.0, 2.5, 0, 0, input.toLowerCase(), 0.5
14, 24514, -3.0, 1.0, -2.0, 3.0, 0, 0, input.toLowerCase(), 1.0
14, 24515, -3.0, 1.0, -2.0, 3.5, 0, 0, input.toLowerCase(), 1.5
14, 24516, -3.0, 1.0, -2.0, 4.0, 0, 0, input.toLowerCase(), 2.0
14, 24517, -3.0, 1.0, -2.0, 4.5, 0, 0, input.toLowerCase(), 2.5
14, 24518, -3.0, 1.0, -2.0, 5.0, 0, 0, input.toLowerCase(), 3.0
14, 24519, -3.0, 1.0, -1.5, 0.0, 6, 0, toLowerCase(), 0.0
14, 24520, -3.0, 1.0, -1.5, 0.5, 6, 0, toLowerCase(), 0.0
14, 24521, -3.0, 1.0, -1.5, 1.0, 6, 0, toLowerCase(), 0.0
14, 24522, -3.0, 1.0, -1.5, 1.5, 6, 0, toLowerCase(), 0.0
14, 24523, -3.0, 1.0, -1.5, 2.0, 6, 0, toLowerCase(), 0.0
14, 24524, -3.0, 1.0, -1.5, 2.5, 0, 0, input.toLowerCase(), 0.5
14, 24525, -3.0, 1.0, -1.5, 3.0, 0, 0, input.toLowerCase(), 1.0
14, 24526, -3.0, 1.0, -1.5, 3.5, 0, 0, input.toLowerCase(), 1.5
14, 24527, -3.0, 1.0, -1.5, 4.0, 0, 0, input.toLowerCase(), 2.0
14, 24528, -3.0, 1.0, -1.5, 4.5, 0, 0, input.toLowerCase(), 2.5
14, 24529, -3.0, 1.0, -1.5, 5.0, 0, 0, input.toLowerCase(), 3.0
14, 24530, -3.0, 1.0, -1.0, 0.0, 6, 0, toLowerCase(), 0.0
14, 24531, -3.0, 1.0, -1.0, 0.5, 6, 0, toLowerCase(), 0.0
14, 24532, -3.0, 1.0, -1.0, 1.0, 6, 0, toLowerCase(), 0.0
14, 24533, -3.0, 1.0, -1.0, 1.5, 6, 0, toLowerCase(), 0.0
14, 24534, -3.0, 1.0, -1.0, 2.0, 6, 0, toLowerCase(), 0.0
14, 24535, -3.0, 1.0, -1.0, 2.5, 0, 0, input.toLowerCase(), 0.5
14, 24536, -3.0, 1.0, -1.0, 3.0, 0, 0, input.toLowerCase(), 1.0
14, 24537, -3.0, 1.0, -1.0, 3.5, 0, 0, input.toLowerCase(), 1.5
14, 24538, -3.0, 1.0, -1.0, 4.0, 0, 0, input.toLowerCase(), 2.0
14, 24539, -3.0, 1.0, -1.0, 4.5, 0, 0, input.toLowerCase(), 2.5
14, 24540, -3.0, 1.0, -1.0, 5.0, 0, 0, input.toLowerCase(), 3.0
14, 24541, -3.0, 1.0, -0.5, 0.0, 6, 0, toLowerCase(), 0.0
14, 24542, -3.0, 1.0, -0.5, 0.5, 6, 0, toLowerCase(), 0.0
14, 24543, -3.0, 1.0, -0.5, 1.0, 6, 0, toLowerCase(), 0.0
14, 24544, -3.0, 1.0, -0.5, 1.5, 6, 0, toLowerCase(), 0.0
14, 24545, -3.0, 1.0, -0.5, 2.0, 6, 0, toLowerCase(), 0.0
14, 24546, -3.0, 1.0, -0.5, 2.5, 0, 0, input.toLowerCase(), 0.5
14, 24547, -3.0, 1.0, -0.5, 3.0, 0, 0, input.toLowerCase(), 1.0
14, 24548, -3.0, 1.0, -0.5, 3.5, 0, 0, input.toLowerCase(), 1.5
14, 24549, -3.0, 1.0, -0.5, 4.0, 0, 0, input.toLowerCase(), 2.0
14, 24550, -3.0, 1.0, -0.5, 4.5, 0, 0, input.toLowerCase(), 2.5
14, 24551, -3.0, 1.0, -0.5, 5.0, 0, 0, input.toLowerCase(), 3.0
14, 24552, -3.0, 1.0, 0.0, 0.0, 6, 0, toLowerCase(), 0.0
14, 24553, -3.0, 1.0, 0.0, 0.5, 6, 0, toLowerCase(), 0.0
14, 24554, -3.0, 1.0, 0.0, 1.0, 6, 0, toLowerCase(), 0.0
14, 24555, -3.0, 1.0, 0.0, 1.5, 6, 0, toLowerCase(), 0.0
14, 24556, -3.0, 1.0, 0.0, 2.0, 6, 0, toLowerCase(), 0.0
14, 24557, -3.0, 1.0, 0.0, 2.5, 0, 0, input.toLowerCase(), 0.5
14, 24558, -3.0, 1.0, 0.0, 3.0, 0, 0, input.toLowerCase(), 1.0
14, 24559, -3.0, 1.0, 0.0, 3.5, 0, 0, input.toLowerCase(), 1.5
14, 24560, -3.0, 1.0, 0.0, 4.0, 0, 0, input.toLowerCase(), 2.0
14, 24561, -3.0, 1.0, 0.0, 4.5, 0, 0, input.toLowerCase(), 2.5
14, 24562, -3.0, 1.0, 0.0, 5.0, 0, 2, input.toLowerCase(), 3.0
14, 24563, -2.5, 1.0, -5.0, 0.0, 6, 0, toLowerCase(), 0.5
14, 24564, -2.5, 1.0, -5.0, 0.5, 6, 0, toLowerCase(), 0.5
14, 24565, -2.5, 1.0, -5.0, 1.0, 6, 0, toLowerCase(), 0.5
14, 24566, -2.5, 1.0, -5.0, 1.5, 0, 0, input.toLowerCase(), 0.5
14, 24567, -2.5, 1.0, -5.0, 2.0, 0, 0, input.toLowerCase(), 1.0
14, 24568, -2.5, 1.0, -5.0, 2.5, 0, 0, input.toLowerCase(), 1.5
14, 24569, -2.5, 1.0, -5.0, 3.0, 0, 0, input.toLowerCase(), 2.0
14, 24570, -2.5, 1.0, -5.0, 3.5, 0, 0, input.toLowerCase(), 2.5
14, 24571, -2.5, 1.0, -5.0, 4.0, 0, 0, input.toLowerCase(), 3.0
14, 24572, -2.5, 1.0, -5.0, 4.5, 0, 0, input.toLowerCase(), 3.5
14, 24573, -2.5, 1.0, -5.0, 5.0, 0, 0, input.toLowerCase(), 4.0
14, 24574, -2.5, 1.0, -4.5, 0.0, 6, 0, toLowerCase(), 0.5
14, 24575, -2.5, 1.0, -4.5, 0.5, 6, 0, toLowerCase(), 0.5
14, 24576, -2.5, 1.0, -4.5, 1.0, 6, 0, toLowerCase(), 0.5
14, 24577, -2.5, 1.0, -4.5, 1.5, 0, 0, input.toLowerCase(), 0.5
14, 24578, -2.5, 1.0, -4.5, 2.0, 0, 0, input.toLowerCase(), 1.0
14, 24579, -2.5, 1.0, -4.5, 2.5, 0, 0, input.toLowerCase(), 1.5
14, 24580, -2.5, 1.0, -4.5, 3.0, 0, 0, input.toLowerCase(), 2.0
14, 24581, -2.5, 1.0, -4.5, 3.5, 0, 0, input.toLowerCase(), 2.5
14, 24582, -2.5, 1.0, -4.5, 4.0, 0, 0, input.toLowerCase(), 3.0
14, 24583, -2.5, 1.0, -4.5, 4.5, 0, 0, input.toLowerCase(), 3.5
14, 24584, -2.5, 1.0, -4.5, 5.0, 0, 0, input.toLowerCase(), 4.0
14, 24585, -2.5, 1.0, -4.0, 0.0, 6, 0, toLowerCase(), 0.5
14, 24586, -2.5, 1.0, -4.0, 0.5, 6, 0, toLowerCase(), 0.5
14, 24587, -2.5, 1.0, -4.0, 1.0, 6, 0, toLowerCase(), 0.5
14, 24588, -2.5, 1.0, -4.0, 1.5, 0, 0, input.toLowerCase(), 0.5
14, 24589, -2.5, 1.0, -4.0, 2.0, 0, 0, input.toLowerCase(), 1.0
14, 24590, -2.5, 1.0, -4.0, 2.5, 0, 0, input.toLowerCase(), 1.5
14, 24591, -2.5, 1.0, -4.0, 3.0, 0, 0, input.toLowerCase(), 2.0
14, 24592, -2.5, 1.0, -4.0, 3.5, 0, 0, input.toLowerCase(), 2.5
14, 24593, -2.5, 1.0, -4.0, 4.0, 0, 0, input.toLowerCase(), 3.0
14, 24594, -2.5, 1.0, -4.0, 4.5, 0, 0, input.toLowerCase(), 3.5
14, 24595, -2.5, 1.0, -4.0, 5.0, 0, 0, input.toLowerCase(), 4.0
14, 24596, -2.5, 1.0, -3.5, 0.0, 6, 0, toLowerCase(), 0.5
14, 24597, -2.5, 1.0, -3.5, 0.5, 6, 0, toLowerCase(), 0.5
14, 24598, -2.5, 1.0, -3.5, 1.0, 6, 0, toLowerCase(), 0.5
14, 24599, -2.5, 1.0, -3.5, 1.5, 0, 0, input.toLowerCase(), 0.5
14, 24600, -2.5, 1.0, -3.5, 2.0, 0, 0, input.toLowerCase(), 1.0
14, 24601, -2.5, 1.0, -3.5, 2.5, 0, 0, input.toLowerCase(), 1.5
14, 24602, -2.5, 1.0, -3.5, 3.0, 0, 0, input.toLowerCase(), 2.0
14, 24603, -2.5, 1.0, -3.5, 3.5, 0, 0, input.toLowerCase(), 2.5
14, 24604, -2.5, 1.0, -3.5, 4.0, 0, 0, input.toLowerCase(), 3.0
14, 24605, -2.5, 1.0, -3.5, 4.5, 0, 0, input.toLowerCase(), 3.5
14, 24606, -2.5, 1.0, -3.5, 5.0, 0, 0, input.toLowerCase(), 4.0
14, 24607, -2.5, 1.0, -3.0, 0.0, 6, 0, toLowerCase(), 0.5
14, 24608, -2.5, 1.0, -3.0, 0.5, 6, 0, toLowerCase(), 0.5
14, 24609, -2.5, 1.0, -3.0, 1.0, 6, 0, toLowerCase(), 0.5
14, 24610, -2.5, 1.0, -3.0, 1.5, 0, 0, input.toLowerCase(), 0.5
14, 24611, -2.5, 1.0, -3.0, 2.0, 0, 0, input.toLowerCase(), 1.0
14, 24612, -2.5, 1.0, -3.0, 2.5, 0, 0, input.toLowerCase(), 1.5
14, 24613, -2.5, 1.0, -3.0, 3.0, 0, 0, input.toLowerCase(), 2.0
14, 24614, -2.5, 1.0, -3.0, 3.5, 0, 0, input.toLowerCase(), 2.5
14, 24615, -2.5, 1.0, -3.0, 4.0, 0, 0, input.toLowerCase(), 3.0
14, 24616, -2.5, 1.0, -3.0, 4.5, 0, 0, input.toLowerCase(), 3.5
14, 24617, -2.5, 1.0, -3.0, 5.0, 0, 0, input.toLowerCase(), 4.0
14, 24618, -2.5, 1.0, -2.5, 0.0, 6, 0, toLowerCase(), 0.5
14, 24619, -2.5, 1.0, -2.5, 0.5, 6, 0, toLowerCase(), 0.5
14, 24620, -2.5, 1.0, -2.5, 1.0, 6, 0, toLowerCase(), 0.5
14, 24621, -2.5, 1.0, -2.5, 1.5, 0, 0, input.toLowerCase(), 0.5
14, 24622, -2.5, 1.0, -2.5, 2.0, 0, 0, input.toLowerCase(), 1.0
14, 24623, -2.5, 1.0, -2.5, 2.5, 0, 0, input.toLowerCase(), 1.5
14, 24624, -2.5, 1.0, -2.5, 3.0, 0, 0, input.toLowerCase(), 2.0
14, 24625, -2.5, 1.0, -2.5, 3.5, 0, 0, input.toLowerCase(), 2.5
14, 24626, -2.5, 1.0, -2.5, 4.0, 0, 0, input.toLowerCase(), 3.0
14, 24627, -2.5, 1.0, -2.5, 4.5, 0, 0, input.toLowerCase(), 3.5
14, 24628, -2.5, 1.0, -2.5, 5.0, 0, 0, input.toLowerCase(), 4.0
14, 24629, -2.5, 1.0, -2.0, 0.0, 6, 0, toLowerCase(), 0.5
14, 24630, -2.5, 1.0, -2.0, 0.5, 6, 0, toLowerCase(), 0.5
14, 24631, -2.5, 1.0, -2.0, 1.0, 6, 0, toLowerCase(), 0.5
14, 24632, -2.5, 1.0, -2.0, 1.5, 0, 0, input.toLowerCase(), 0.5
14, 24633, -2.5, 1.0, -2.0, 2.0, 0, 0, input.toLowerCase(), 1.0
14, 24634, -2.5, 1.0, -2.0, 2.5, 0, 0, input.toLowerCase(), 1.5
14, 24635, -2.5, 1.0, -2.0, 3.0, 0, 0, input.toLowerCase(), 2.0
14, 24636, -2.5, 1.0, -2.0, 3.5, 0, 0, input.toLowerCase(), 2.5
14, 24637, -2.5, 1.0, -2.0, 4.0, 0, 0, input.toLowerCase(), 3.0
14, 24638, -2.5, 1.0, -2.0, 4.5, 0, 0, input.toLowerCase(), 3.5
14, 24639, -2.5, 1.0, -2.0, 5.0, 0, 0, input.toLowerCase(), 4.0
14, 24640, -2.5, 1.0, -1.5, 0.0, 6, 0, toLowerCase(), 0.5
14, 24641, -2.5, 1.0, -1.5, 0.5, 6, 0, toLowerCase(), 0.5
14, 24642, -2.5, 1.0, -1.5, 1.0, 6, 0, toLowerCase(), 0.5
14, 24643, -2.5, 1.0, -1.5, 1.5, 0, 0, input.toLowerCase(), 0.5
14, 24644, -2.5, 1.0, -1.5, 2.0, 0, 0, input.toLowerCase(), 1.0
14, 24645, -2.5, 1.0, -1.5, 2.5, 0, 0, input.toLowerCase(), 1.5
14, 24646, -2.5, 1.0, -1.5, 3.0, 0, 0, input.toLowerCase(), 2.0
14, 24647, -2.5, 1.0, -1.5, 3.5, 0, 0, input.toLowerCase(), 2.5
14, 24648, -2.5, 1.0, -1.5, 4.0, 0, 0, input.toLowerCase(), 3.0
14, 24649, -2.5, 1.0, -1.5, 4.5, 0, 0, input.toLowerCase(), 3.5
14, 24650, -2.5, 1.0, -1.5, 5.0, 0, 0, input.toLowerCase(), 4.0
14, 24651, -2.5, 1.0, -1.0, 0.0, 6, 0, toLowerCase(), 0.5
14, 24652, -2.5, 1.0, -1.0, 0.5, 6, 0, toLowerCase(), 0.5
14, 24653, -2.5, 1.0, -1.0, 1.0, 6, 0, toLowerCase(), 0.5
14, 24654, -2.5, 1.0, -1.0, 1.5, 0, 0, input.toLowerCase(), 0.5
14, 24655, -2.5, 1.0, -1.0, 2.0, 0, 0, input.toLowerCase(), 1.0
14, 24656, -2.5, 1.0, -1.0, 2.5, 0, 0, input.toLowerCase(), 1.5
14, 24657, -2.5, 1.0, -1.0, 3.0, 0, 0, input.toLowerCase(), 2.0
14, 24658, -2.5, 1.0, -1.0, 3.5, 0, 0, input.toLowerCase(), 2.5
14, 24659, -2.5, 1.0, -1.0, 4.0, 0, 0, input.toLowerCase(), 3.0
14, 24660, -2.5, 1.0, -1.0, 4.5, 0, 0, input.toLowerCase(), 3.5
14, 24661, -2.5, 1.0, -1.0, 5.0, 0, 1, input.toLowerCase(), 4.0
14, 24662, -2.5, 1.0, -0.5, 0.0, 6, 0, toLowerCase(), 0.5
14, 24663, -2.5, 1.0, -0.5, 0.5, 6, 0, toLowerCase(), 0.5
14, 24664, -2.5, 1.0, -0.5, 1.0, 6, 0, toLowerCase(), 0.5
14, 24665, -2.5, 1.0, -0.5, 1.5, 0, 0, input.toLowerCase(), 0.5
14, 24666, -2.5, 1.0, -0.5, 2.0, 0, 0, input.toLowerCase(), 1.0
14, 24667, -2.5, 1.0, -0.5, 2.5, 0, 0, input.toLowerCase(), 1.5
14, 24668, -2.5, 1.0, -0.5, 3.0, 0, 0, input.toLowerCase(), 2.0
14, 24669, -2.5, 1.0, -0.5, 3.5, 0, 0, input.toLowerCase(), 2.5
14, 24670, -2.5, 1.0, -0.5, 4.0, 0, 0, input.toLowerCase(), 3.0
14, 24671, -2.5, 1.0, -0.5, 4.5, 0, 1, input.toLowerCase(), 3.5
14, 24672, -2.5, 1.0, -0.5, 5.0, 48, 7, input.replace(input, input).put(input.replace(input, input)), 7.0
14, 24673, -2.5, 1.0, 0.0, 0.0, 6, 0, toLowerCase(), 0.5
14, 24674, -2.5, 1.0, 0.0, 0.5, 6, 0, toLowerCase(), 0.5
14, 24675, -2.5, 1.0, 0.0, 1.0, 6, 0, toLowerCase(), 0.5
14, 24676, -2.5, 1.0, 0.0, 1.5, 0, 0, input.toLowerCase(), 0.5
14, 24677, -2.5, 1.0, 0.0, 2.0, 0, 0, input.toLowerCase(), 1.0
14, 24678, -2.5, 1.0, 0.0, 2.5, 0, 0, input.toLowerCase(), 1.5
14, 24679, -2.5, 1.0, 0.0, 3.0, 0, 0, input.toLowerCase(), 2.0
14, 24680, -2.5, 1.0, 0.0, 3.5, 0, 0, input.toLowerCase(), 2.5
14, 24681, -2.5, 1.0, 0.0, 4.0, 0, 4, input.toLowerCase(), 3.0
14, 24682, -2.5, 1.0, 0.0, 4.5, 58, 8, input.replaceAll(input, input).substring(input.compareToIgnoreCase(input)), 5.5
14, 24683, -2.5, 1.0, 0.0, 5.0, 56, 9, input.replaceAll(input, input).concat(input.replaceAll(input, input)), 8.5
14, 24684, -2.0, 1.0, -5.0, 0.0, 6, 0, toLowerCase(), 1.0
14, 24685, -2.0, 1.0, -5.0, 0.5, 0, 0, input.toLowerCase(), 0.5
14, 24686, -2.0, 1.0, -5.0, 1.0, 0, 0, input.toLowerCase(), 1.0
14, 24687, -2.0, 1.0, -5.0, 1.5, 0, 0, input.toLowerCase(), 1.5
14, 24688, -2.0, 1.0, -5.0, 2.0, 0, 0, input.toLowerCase(), 2.0
14, 24689, -2.0, 1.0, -5.0, 2.5, 0, 0, input.toLowerCase(), 2.5
14, 24690, -2.0, 1.0, -5.0, 3.0, 0, 0, input.toLowerCase(), 3.0
14, 24691, -2.0, 1.0, -5.0, 3.5, 0, 0, input.toLowerCase(), 3.5
14, 24692, -2.0, 1.0, -5.0, 4.0, 0, 0, input.toLowerCase(), 4.0
14, 24693, -2.0, 1.0, -5.0, 4.5, 0, 0, input.toLowerCase(), 4.5
14, 24694, -2.0, 1.0, -5.0, 5.0, 0, 0, input.toLowerCase(), 5.0
14, 24695, -2.0, 1.0, -4.5, 0.0, 6, 0, toLowerCase(), 1.0
14, 24696, -2.0, 1.0, -4.5, 0.5, 0, 0, input.toLowerCase(), 0.5
14, 24697, -2.0, 1.0, -4.5, 1.0, 0, 0, input.toLowerCase(), 1.0
14, 24698, -2.0, 1.0, -4.5, 1.5, 0, 0, input.toLowerCase(), 1.5
14, 24699, -2.0, 1.0, -4.5, 2.0, 0, 0, input.toLowerCase(), 2.0
14, 24700, -2.0, 1.0, -4.5, 2.5, 0, 0, input.toLowerCase(), 2.5
14, 24701, -2.0, 1.0, -4.5, 3.0, 0, 0, input.toLowerCase(), 3.0
14, 24702, -2.0, 1.0, -4.5, 3.5, 0, 0, input.toLowerCase(), 3.5
14, 24703, -2.0, 1.0, -4.5, 4.0, 0, 0, input.toLowerCase(), 4.0
14, 24704, -2.0, 1.0, -4.5, 4.5, 0, 0, input.toLowerCase(), 4.5
14, 24705, -2.0, 1.0, -4.5, 5.0, 0, 0, input.toLowerCase(), 5.0
14, 24706, -2.0, 1.0, -4.0, 0.0, 6, 0, toLowerCase(), 1.0
14, 24707, -2.0, 1.0, -4.0, 0.5, 0, 0, input.toLowerCase(), 0.5
14, 24708, -2.0, 1.0, -4.0, 1.0, 0, 0, input.toLowerCase(), 1.0
14, 24709, -2.0, 1.0, -4.0, 1.5, 0, 0, input.toLowerCase(), 1.5
14, 24710, -2.0, 1.0, -4.0, 2.0, 0, 0, input.toLowerCase(), 2.0
14, 24711, -2.0, 1.0, -4.0, 2.5, 0, 0, input.toLowerCase(), 2.5
14, 24712, -2.0, 1.0, -4.0, 3.0, 0, 0, input.toLowerCase(), 3.0
14, 24713, -2.0, 1.0, -4.0, 3.5, 0, 0, input.toLowerCase(), 3.5
14, 24714, -2.0, 1.0, -4.0, 4.0, 0, 0, input.toLowerCase(), 4.0
14, 24715, -2.0, 1.0, -4.0, 4.5, 0, 0, input.toLowerCase(), 4.5
14, 24716, -2.0, 1.0, -4.0, 5.0, 0, 0, input.toLowerCase(), 5.0
14, 24717, -2.0, 1.0, -3.5, 0.0, 6, 0, toLowerCase(), 1.0
14, 24718, -2.0, 1.0, -3.5, 0.5, 0, 0, input.toLowerCase(), 0.5
14, 24719, -2.0, 1.0, -3.5, 1.0, 0, 0, input.toLowerCase(), 1.0
14, 24720, -2.0, 1.0, -3.5, 1.5, 0, 0, input.toLowerCase(), 1.5
14, 24721, -2.0, 1.0, -3.5, 2.0, 0, 0, input.toLowerCase(), 2.0
14, 24722, -2.0, 1.0, -3.5, 2.5, 0, 0, input.toLowerCase(), 2.5
14, 24723, -2.0, 1.0, -3.5, 3.0, 0, 0, input.toLowerCase(), 3.0
14, 24724, -2.0, 1.0, -3.5, 3.5, 0, 0, input.toLowerCase(), 3.5
14, 24725, -2.0, 1.0, -3.5, 4.0, 0, 0, input.toLowerCase(), 4.0
14, 24726, -2.0, 1.0, -3.5, 4.5, 0, 0, input.toLowerCase(), 4.5
14, 24727, -2.0, 1.0, -3.5, 5.0, 0, 0, input.toLowerCase(), 5.0
14, 24728, -2.0, 1.0, -3.0, 0.0, 6, 0, toLowerCase(), 1.0
14, 24729, -2.0, 1.0, -3.0, 0.5, 0, 0, input.toLowerCase(), 0.5
14, 24730, -2.0, 1.0, -3.0, 1.0, 0, 0, input.toLowerCase(), 1.0
14, 24731, -2.0, 1.0, -3.0, 1.5, 0, 0, input.toLowerCase(), 1.5
14, 24732, -2.0, 1.0, -3.0, 2.0, 0, 0, input.toLowerCase(), 2.0
14, 24733, -2.0, 1.0, -3.0, 2.5, 0, 0, input.toLowerCase(), 2.5
14, 24734, -2.0, 1.0, -3.0, 3.0, 0, 0, input.toLowerCase(), 3.0
14, 24735, -2.0, 1.0, -3.0, 3.5, 0, 0, input.toLowerCase(), 3.5
14, 24736, -2.0, 1.0, -3.0, 4.0, 0, 0, input.toLowerCase(), 4.0
14, 24737, -2.0, 1.0, -3.0, 4.5, 0, 0, input.toLowerCase(), 4.5
14, 24738, -2.0, 1.0, -3.0, 5.0, 0, 0, input.toLowerCase(), 5.0
14, 24739, -2.0, 1.0, -2.5, 0.0, 6, 0, toLowerCase(), 1.0
14, 24740, -2.0, 1.0, -2.5, 0.5, 0, 0, input.toLowerCase(), 0.5
14, 24741, -2.0, 1.0, -2.5, 1.0, 0, 0, input.toLowerCase(), 1.0
14, 24742, -2.0, 1.0, -2.5, 1.5, 0, 0, input.toLowerCase(), 1.5
14, 24743, -2.0, 1.0, -2.5, 2.0, 0, 0, input.toLowerCase(), 2.0
14, 24744, -2.0, 1.0, -2.5, 2.5, 0, 0, input.toLowerCase(), 2.5
14, 24745, -2.0, 1.0, -2.5, 3.0, 0, 0, input.toLowerCase(), 3.0
14, 24746, -2.0, 1.0, -2.5, 3.5, 0, 0, input.toLowerCase(), 3.5
14, 24747, -2.0, 1.0, -2.5, 4.0, 0, 0, input.toLowerCase(), 4.0
14, 24748, -2.0, 1.0, -2.5, 4.5, 0, 0, input.toLowerCase(), 4.5
14, 24749, -2.0, 1.0, -2.5, 5.0, 0, 1, input.toLowerCase(), 5.0
14, 24750, -2.0, 1.0, -2.0, 0.0, 6, 0, toLowerCase(), 1.0
14, 24751, -2.0, 1.0, -2.0, 0.5, 0, 0, input.toLowerCase(), 0.5
14, 24752, -2.0, 1.0, -2.0, 1.0, 0, 0, input.toLowerCase(), 1.0
14, 24753, -2.0, 1.0, -2.0, 1.5, 0, 0, input.toLowerCase(), 1.5
14, 24754, -2.0, 1.0, -2.0, 2.0, 0, 0, input.toLowerCase(), 2.0
14, 24755, -2.0, 1.0, -2.0, 2.5, 0, 0, input.toLowerCase(), 2.5
14, 24756, -2.0, 1.0, -2.0, 3.0, 0, 0, input.toLowerCase(), 3.0
14, 24757, -2.0, 1.0, -2.0, 3.5, 0, 0, input.toLowerCase(), 3.5
14, 24758, -2.0, 1.0, -2.0, 4.0, 0, 0, input.toLowerCase(), 4.0
14, 24759, -2.0, 1.0, -2.0, 4.5, 0, 1, input.toLowerCase(), 4.5
14, 24760, -2.0, 1.0, -2.0, 5.0, 0, 2, input.toLowerCase(), 5.0
14, 24761, -2.0, 1.0, -1.5, 0.0, 6, 0, toLowerCase(), 1.0
14, 24762, -2.0, 1.0, -1.5, 0.5, 0, 0, input.toLowerCase(), 0.5
14, 24763, -2.0, 1.0, -1.5, 1.0, 0, 0, input.toLowerCase(), 1.0
14, 24764, -2.0, 1.0, -1.5, 1.5, 0, 0, input.toLowerCase(), 1.5
14, 24765, -2.0, 1.0, -1.5, 2.0, 0, 0, input.toLowerCase(), 2.0
14, 24766, -2.0, 1.0, -1.5, 2.5, 0, 0, input.toLowerCase(), 2.5
14, 24767, -2.0, 1.0, -1.5, 3.0, 0, 0, input.toLowerCase(), 3.0
14, 24768, -2.0, 1.0, -1.5, 3.5, 0, 0, input.toLowerCase(), 3.5
14, 24769, -2.0, 1.0, -1.5, 4.0, 0, 1, input.toLowerCase(), 4.0
14, 24770, -2.0, 1.0, -1.5, 4.5, 0, 1, input.toLowerCase(), 4.5
14, 24771, -2.0, 1.0, -1.5, 5.0, 22, 9, input.replace(input, input).toLowerCase(), 7.5
14, 24772, -2.0, 1.0, -1.0, 0.0, 6, 0, toLowerCase(), 1.0
14, 24773, -2.0, 1.0, -1.0, 0.5, 0, 0, input.toLowerCase(), 0.5
14, 24774, -2.0, 1.0, -1.0, 1.0, 0, 0, input.toLowerCase(), 1.0
14, 24775, -2.0, 1.0, -1.0, 1.5, 0, 0, input.toLowerCase(), 1.5
14, 24776, -2.0, 1.0, -1.0, 2.0, 0, 0, input.toLowerCase(), 2.0
14, 24777, -2.0, 1.0, -1.0, 2.5, 0, 0, input.toLowerCase(), 2.5
14, 24778, -2.0, 1.0, -1.0, 3.0, 0, 0, input.toLowerCase(), 3.0
14, 24779, -2.0, 1.0, -1.0, 3.5, 0, 1, input.toLowerCase(), 3.5
14, 24780, -2.0, 1.0, -1.0, 4.0, 0, 1, input.toLowerCase(), 4.0
14, 24781, -2.0, 1.0, -1.0, 4.5, 22, 9, input.replace(input, input).toLowerCase(), 6.5
14, 24782, -2.0, 1.0, -1.0, 5.0, 48, 5, input.replace(input, input).put(input.replace(input, input)), 10.0
14, 24783, -2.0, 1.0, -0.5, 0.0, 6, 0, toLowerCase(), 1.0
14, 24784, -2.0, 1.0, -0.5, 0.5, 0, 0, input.toLowerCase(), 0.5
14, 24785, -2.0, 1.0, -0.5, 1.0, 0, 0, input.toLowerCase(), 1.0
14, 24786, -2.0, 1.0, -0.5, 1.5, 0, 0, input.toLowerCase(), 1.5
14, 24787, -2.0, 1.0, -0.5, 2.0, 0, 0, input.toLowerCase(), 2.0
14, 24788, -2.0, 1.0, -0.5, 2.5, 0, 0, input.toLowerCase(), 2.5
14, 24789, -2.0, 1.0, -0.5, 3.0, 0, 0, input.toLowerCase(), 3.0
14, 24790, -2.0, 1.0, -0.5, 3.5, 0, 3, input.toLowerCase(), 3.5
14, 24791, -2.0, 1.0, -0.5, 4.0, 48, 7, input.replace(input, input).put(input.replace(input, input)), 5.5
14, 24792, -2.0, 1.0, -0.5, 4.5, 48, 8, input.replace(input, input).put(input.replace(input, input)), 8.5
14, 24793, -2.0, 1.0, -0.5, 5.0, 48, 8, input.replace(input, input).put(input.replace(input, input)), 11.5
14, 24794, -2.0, 1.0, 0.0, 0.0, 6, 0, toLowerCase(), 1.0
14, 24795, -2.0, 1.0, 0.0, 0.5, 0, 0, input.toLowerCase(), 0.5
14, 24796, -2.0, 1.0, 0.0, 1.0, 0, 0, input.toLowerCase(), 1.0
14, 24797, -2.0, 1.0, 0.0, 1.5, 0, 0, input.toLowerCase(), 1.5
14, 24798, -2.0, 1.0, 0.0, 2.0, 0, 0, input.toLowerCase(), 2.0
14, 24799, -2.0, 1.0, 0.0, 2.5, 0, 0, input.toLowerCase(), 2.5
14, 24800, -2.0, 1.0, 0.0, 3.0, 0, 3, input.toLowerCase(), 3.0
14, 24801, -2.0, 1.0, 0.0, 3.5, 25, 4, input.replaceAll(input, input).toLowerCase(), 4.5
14, 24802, -2.0, 1.0, 0.0, 4.0, 58, 8, input.replaceAll(input, input).substring(input.compareToIgnoreCase(input)), 7.0
14, 24803, -2.0, 1.0, 0.0, 4.5, 56, 9, input.replaceAll(input, input).concat(input.replaceAll(input, input)), 10.0
14, 24804, -2.0, 1.0, 0.0, 5.0, 56, 9, input.replaceAll(input, input).concat(input.replaceAll(input, input)), 13.0
14, 24805, -1.5, 1.0, -5.0, 0.0, 0, 0, input.toLowerCase(), 1.0
14, 24806, -1.5, 1.0, -5.0, 0.5, 0, 0, input.toLowerCase(), 1.5
14, 24807, -1.5, 1.0, -5.0, 1.0, 0, 0, input.toLowerCase(), 2.0
14, 24808, -1.5, 1.0, -5.0, 1.5, 0, 0, input.toLowerCase(), 2.5
14, 24809, -1.5, 1.0, -5.0, 2.0, 0, 0, input.toLowerCase(), 3.0
14, 24810, -1.5, 1.0, -5.0, 2.5, 0, 0, input.toLowerCase(), 3.5
14, 24811, -1.5, 1.0, -5.0, 3.0, 0, 0, input.toLowerCase(), 4.0
14, 24812, -1.5, 1.0, -5.0, 3.5, 0, 0, input.toLowerCase(), 4.5
14, 24813, -1.5, 1.0, -5.0, 4.0, 0, 0, input.toLowerCase(), 5.0
14, 24814, -1.5, 1.0, -5.0, 4.5, 0, 0, input.toLowerCase(), 5.5
14, 24815, -1.5, 1.0, -5.0, 5.0, 0, 0, input.toLowerCase(), 6.0
14, 24816, -1.5, 1.0, -4.5, 0.0, 0, 0, input.toLowerCase(), 1.0
14, 24817, -1.5, 1.0, -4.5, 0.5, 0, 0, input.toLowerCase(), 1.5
14, 24818, -1.5, 1.0, -4.5, 1.0, 0, 0, input.toLowerCase(), 2.0
14, 24819, -1.5, 1.0, -4.5, 1.5, 0, 0, input.toLowerCase(), 2.5
14, 24820, -1.5, 1.0, -4.5, 2.0, 0, 0, input.toLowerCase(), 3.0
14, 24821, -1.5, 1.0, -4.5, 2.5, 0, 0, input.toLowerCase(), 3.5
14, 24822, -1.5, 1.0, -4.5, 3.0, 0, 0, input.toLowerCase(), 4.0
14, 24823, -1.5, 1.0, -4.5, 3.5, 0, 0, input.toLowerCase(), 4.5
14, 24824, -1.5, 1.0, -4.5, 4.0, 0, 0, input.toLowerCase(), 5.0
14, 24825, -1.5, 1.0, -4.5, 4.5, 0, 0, input.toLowerCase(), 5.5
14, 24826, -1.5, 1.0, -4.5, 5.0, 0, 0, input.toLowerCase(), 6.0
14, 24827, -1.5, 1.0, -4.0, 0.0, 0, 0, input.toLowerCase(), 1.0
14, 24828, -1.5, 1.0, -4.0, 0.5, 0, 0, input.toLowerCase(), 1.5
14, 24829, -1.5, 1.0, -4.0, 1.0, 0, 0, input.toLowerCase(), 2.0
14, 24830, -1.5, 1.0, -4.0, 1.5, 0, 0, input.toLowerCase(), 2.5
14, 24831, -1.5, 1.0, -4.0, 2.0, 0, 0, input.toLowerCase(), 3.0
14, 24832, -1.5, 1.0, -4.0, 2.5, 0, 0, input.toLowerCase(), 3.5
14, 24833, -1.5, 1.0, -4.0, 3.0, 0, 0, input.toLowerCase(), 4.0
14, 24834, -1.5, 1.0, -4.0, 3.5, 0, 0, input.toLowerCase(), 4.5
14, 24835, -1.5, 1.0, -4.0, 4.0, 0, 0, input.toLowerCase(), 5.0
14, 24836, -1.5, 1.0, -4.0, 4.5, 0, 0, input.toLowerCase(), 5.5
14, 24837, -1.5, 1.0, -4.0, 5.0, 0, 1, input.toLowerCase(), 6.0
14, 24838, -1.5, 1.0, -3.5, 0.0, 0, 0, input.toLowerCase(), 1.0
14, 24839, -1.5, 1.0, -3.5, 0.5, 0, 0, input.toLowerCase(), 1.5
14, 24840, -1.5, 1.0, -3.5, 1.0, 0, 0, input.toLowerCase(), 2.0
14, 24841, -1.5, 1.0, -3.5, 1.5, 0, 0, input.toLowerCase(), 2.5
14, 24842, -1.5, 1.0, -3.5, 2.0, 0, 0, input.toLowerCase(), 3.0
14, 24843, -1.5, 1.0, -3.5, 2.5, 0, 0, input.toLowerCase(), 3.5
14, 24844, -1.5, 1.0, -3.5, 3.0, 0, 0, input.toLowerCase(), 4.0
14, 24845, -1.5, 1.0, -3.5, 3.5, 0, 0, input.toLowerCase(), 4.5
14, 24846, -1.5, 1.0, -3.5, 4.0, 0, 0, input.toLowerCase(), 5.0
14, 24847, -1.5, 1.0, -3.5, 4.5, 0, 1, input.toLowerCase(), 5.5
14, 24848, -1.5, 1.0, -3.5, 5.0, 0, 1, input.toLowerCase(), 6.0
14, 24849, -1.5, 1.0, -3.0, 0.0, 0, 0, input.toLowerCase(), 1.0
14, 24850, -1.5, 1.0, -3.0, 0.5, 0, 0, input.toLowerCase(), 1.5
14, 24851, -1.5, 1.0, -3.0, 1.0, 0, 0, input.toLowerCase(), 2.0
14, 24852, -1.5, 1.0, -3.0, 1.5, 0, 0, input.toLowerCase(), 2.5
14, 24853, -1.5, 1.0, -3.0, 2.0, 0, 0, input.toLowerCase(), 3.0
14, 24854, -1.5, 1.0, -3.0, 2.5, 0, 0, input.toLowerCase(), 3.5
14, 24855, -1.5, 1.0, -3.0, 3.0, 0, 0, input.toLowerCase(), 4.0
14, 24856, -1.5, 1.0, -3.0, 3.5, 0, 0, input.toLowerCase(), 4.5
14, 24857, -1.5, 1.0, -3.0, 4.0, 0, 1, input.toLowerCase(), 5.0
14, 24858, -1.5, 1.0, -3.0, 4.5, 0, 1, input.toLowerCase(), 5.5
14, 24859, -1.5, 1.0, -3.0, 5.0, 0, 2, input.toLowerCase(), 6.0
14, 24860, -1.5, 1.0, -2.5, 0.0, 0, 0, input.toLowerCase(), 1.0
14, 24861, -1.5, 1.0, -2.5, 0.5, 0, 0, input.toLowerCase(), 1.5
14, 24862, -1.5, 1.0, -2.5, 1.0, 0, 0, input.toLowerCase(), 2.0
14, 24863, -1.5, 1.0, -2.5, 1.5, 0, 0, input.toLowerCase(), 2.5
14, 24864, -1.5, 1.0, -2.5, 2.0, 0, 0, input.toLowerCase(), 3.0
14, 24865, -1.5, 1.0, -2.5, 2.5, 0, 0, input.toLowerCase(), 3.5
14, 24866, -1.5, 1.0, -2.5, 3.0, 0, 0, input.toLowerCase(), 4.0
14, 24867, -1.5, 1.0, -2.5, 3.5, 0, 1, input.toLowerCase(), 4.5
14, 24868, -1.5, 1.0, -2.5, 4.0, 0, 1, input.toLowerCase(), 5.0
14, 24869, -1.5, 1.0, -2.5, 4.5, 0, 2, input.toLowerCase(), 5.5
14, 24870, -1.5, 1.0, -2.5, 5.0, 22, 7, input.replace(input, input).toLowerCase(), 9.0
14, 24871, -1.5, 1.0, -2.0, 0.0, 0, 0, input.toLowerCase(), 1.0
14, 24872, -1.5, 1.0, -2.0, 0.5, 0, 0, input.toLowerCase(), 1.5
14, 24873, -1.5, 1.0, -2.0, 1.0, 0, 0, input.toLowerCase(), 2.0
14, 24874, -1.5, 1.0, -2.0, 1.5, 0, 0, input.toLowerCase(), 2.5
14, 24875, -1.5, 1.0, -2.0, 2.0, 0, 0, input.toLowerCase(), 3.0
14, 24876, -1.5, 1.0, -2.0, 2.5, 0, 0, input.toLowerCase(), 3.5
14, 24877, -1.5, 1.0, -2.0, 3.0, 0, 0, input.toLowerCase(), 4.0
14, 24878, -1.5, 1.0, -2.0, 3.5, 0, 1, input.toLowerCase(), 4.5
14, 24879, -1.5, 1.0, -2.0, 4.0, 0, 1, input.toLowerCase(), 5.0
14, 24880, -1.5, 1.0, -2.0, 4.5, 22, 7, input.replace(input, input).toLowerCase(), 8.0
14, 24881, -1.5, 1.0, -2.0, 5.0, 48, 5, input.replace(input, input).put(input.replace(input, input)), 11.5
14, 24882, -1.5, 1.0, -1.5, 0.0, 0, 0, input.toLowerCase(), 1.0
14, 24883, -1.5, 1.0, -1.5, 0.5, 0, 0, input.toLowerCase(), 1.5
14, 24884, -1.5, 1.0, -1.5, 1.0, 0, 0, input.toLowerCase(), 2.0
14, 24885, -1.5, 1.0, -1.5, 1.5, 0, 0, input.toLowerCase(), 2.5
14, 24886, -1.5, 1.0, -1.5, 2.0, 0, 0, input.toLowerCase(), 3.0
14, 24887, -1.5, 1.0, -1.5, 2.5, 0, 0, input.toLowerCase(), 3.5
14, 24888, -1.5, 1.0, -1.5, 3.0, 0, 1, input.toLowerCase(), 4.0
14, 24889, -1.5, 1.0, -1.5, 3.5, 0, 1, input.toLowerCase(), 4.5
14, 24890, -1.5, 1.0, -1.5, 4.0, 22, 7, input.replace(input, input).toLowerCase(), 7.0
14, 24891, -1.5, 1.0, -1.5, 4.5, 48, 5, input.replace(input, input).put(input.replace(input, input)), 10.0
14, 24892, -1.5, 1.0, -1.5, 5.0, 48, 5, input.replace(input, input).put(input.replace(input, input)), 13.0
14, 24893, -1.5, 1.0, -1.0, 0.0, 0, 0, input.toLowerCase(), 1.0
14, 24894, -1.5, 1.0, -1.0, 0.5, 0, 0, input.toLowerCase(), 1.5
14, 24895, -1.5, 1.0, -1.0, 1.0, 0, 0, input.toLowerCase(), 2.0
14, 24896, -1.5, 1.0, -1.0, 1.5, 0, 0, input.toLowerCase(), 2.5
14, 24897, -1.5, 1.0, -1.0, 2.0, 0, 0, input.toLowerCase(), 3.0
14, 24898, -1.5, 1.0, -1.0, 2.5, 0, 0, input.toLowerCase(), 3.5
14, 24899, -1.5, 1.0, -1.0, 3.0, 0, 1, input.toLowerCase(), 4.0
14, 24900, -1.5, 1.0, -1.0, 3.5, 22, 3, input.replace(input, input).toLowerCase(), 6.0
14, 24901, -1.5, 1.0, -1.0, 4.0, 48, 5, input.replace(input, input).put(input.replace(input, input)), 8.5
14, 24902, -1.5, 1.0, -1.0, 4.5, 48, 7, input.replace(input, input).put(input.replace(input, input)), 11.5
14, 24903, -1.5, 1.0, -1.0, 5.0, 48, 7, input.replace(input, input).put(input.replace(input, input)), 14.5
14, 24904, -1.5, 1.0, -0.5, 0.0, 0, 0, input.toLowerCase(), 1.0
14, 24905, -1.5, 1.0, -0.5, 0.5, 0, 0, input.toLowerCase(), 1.5
14, 24906, -1.5, 1.0, -0.5, 1.0, 0, 0, input.toLowerCase(), 2.0
14, 24907, -1.5, 1.0, -0.5, 1.5, 0, 0, input.toLowerCase(), 2.5
14, 24908, -1.5, 1.0, -0.5, 2.0, 0, 0, input.toLowerCase(), 3.0
14, 24909, -1.5, 1.0, -0.5, 2.5, 0, 1, input.toLowerCase(), 3.5
14, 24910, -1.5, 1.0, -0.5, 3.0, 22, 3, input.replace(input, input).toLowerCase(), 5.0
14, 24911, -1.5, 1.0, -0.5, 3.5, 48, 8, input.replace(input, input).put(input.replace(input, input)), 7.0
14, 24912, -1.5, 1.0, -0.5, 4.0, 48, 8, input.replace(input, input).put(input.replace(input, input)), 10.0
14, 24913, -1.5, 1.0, -0.5, 4.5, 48, 8, input.replace(input, input).put(input.replace(input, input)), 13.0
14, 24914, -1.5, 1.0, -0.5, 5.0, 48, 8, input.replace(input, input).put(input.replace(input, input)), 16.0
14, 24915, -1.5, 1.0, 0.0, 0.0, 0, 0, input.toLowerCase(), 1.0
14, 24916, -1.5, 1.0, 0.0, 0.5, 0, 0, input.toLowerCase(), 1.5
14, 24917, -1.5, 1.0, 0.0, 1.0, 0, 0, input.toLowerCase(), 2.0
14, 24918, -1.5, 1.0, 0.0, 1.5, 0, 0, input.toLowerCase(), 2.5
14, 24919, -1.5, 1.0, 0.0, 2.0, 0, 0, input.toLowerCase(), 3.0
14, 24920, -1.5, 1.0, 0.0, 2.5, 0, 4, input.toLowerCase(), 3.5
14, 24921, -1.5, 1.0, 0.0, 3.0, 25, 8, input.replaceAll(input, input).toLowerCase(), 5.5
14, 24922, -1.5, 1.0, 0.0, 3.5, 83, 1, input.replaceAll(input, input).replace(input.replace(input, input), input.replace(input, input)), 13.0
14, 24923, -1.5, 1.0, 0.0, 4.0, 83, 1, input.replaceAll(input, input).replace(input.replace(input, input), input.replace(input, input)), 17.5
14, 24924, -1.5, 1.0, 0.0, 4.5, 83, 1, input.replaceAll(input, input).replace(input.replace(input, input), input.replace(input, input)), 22.0
14, 24925, -1.5, 1.0, 0.0, 5.0, 83, 1, input.replaceAll(input, input).replace(input.replace(input, input), input.replace(input, input)), 26.5
14, 24926, -1.0, 1.0, -5.0, 0.0, 0, 0, input.toLowerCase(), 2.0
14, 24927, -1.0, 1.0, -5.0, 0.5, 0, 0, input.toLowerCase(), 2.5
14, 24928, -1.0, 1.0, -5.0, 1.0, 0, 0, input.toLowerCase(), 3.0
14, 24929, -1.0, 1.0, -5.0, 1.5, 0, 0, input.toLowerCase(), 3.5
14, 24930, -1.0, 1.0, -5.0, 2.0, 0, 0, input.toLowerCase(), 4.0
14, 24931, -1.0, 1.0, -5.0, 2.5, 0, 0, input.toLowerCase(), 4.5
14, 24932, -1.0, 1.0, -5.0, 3.0, 0, 0, input.toLowerCase(), 5.0
14, 24933, -1.0, 1.0, -5.0, 3.5, 0, 0, input.toLowerCase(), 5.5
14, 24934, -1.0, 1.0, -5.0, 4.0, 0, 0, input.toLowerCase(), 6.0
14, 24935, -1.0, 1.0, -5.0, 4.5, 0, 1, input.toLowerCase(), 6.5
14, 24936, -1.0, 1.0, -5.0, 5.0, 0, 1, input.toLowerCase(), 7.0
14, 24937, -1.0, 1.0, -4.5, 0.0, 0, 0, input.toLowerCase(), 2.0
14, 24938, -1.0, 1.0, -4.5, 0.5, 0, 0, input.toLowerCase(), 2.5
14, 24939, -1.0, 1.0, -4.5, 1.0, 0, 0, input.toLowerCase(), 3.0
14, 24940, -1.0, 1.0, -4.5, 1.5, 0, 0, input.toLowerCase(), 3.5
14, 24941, -1.0, 1.0, -4.5, 2.0, 0, 0, input.toLowerCase(), 4.0
14, 24942, -1.0, 1.0, -4.5, 2.5, 0, 0, input.toLowerCase(), 4.5
14, 24943, -1.0, 1.0, -4.5, 3.0, 0, 0, input.toLowerCase(), 5.0
14, 24944, -1.0, 1.0, -4.5, 3.5, 0, 0, input.toLowerCase(), 5.5
14, 24945, -1.0, 1.0, -4.5, 4.0, 0, 1, input.toLowerCase(), 6.0
14, 24946, -1.0, 1.0, -4.5, 4.5, 0, 1, input.toLowerCase(), 6.5
14, 24947, -1.0, 1.0, -4.5, 5.0, 0, 1, input.toLowerCase(), 7.0
14, 24948, -1.0, 1.0, -4.0, 0.0, 0, 0, input.toLowerCase(), 2.0
14, 24949, -1.0, 1.0, -4.0, 0.5, 0, 0, input.toLowerCase(), 2.5
14, 24950, -1.0, 1.0, -4.0, 1.0, 0, 0, input.toLowerCase(), 3.0
14, 24951, -1.0, 1.0, -4.0, 1.5, 0, 0, input.toLowerCase(), 3.5
14, 24952, -1.0, 1.0, -4.0, 2.0, 0, 0, input.toLowerCase(), 4.0
14, 24953, -1.0, 1.0, -4.0, 2.5, 0, 0, input.toLowerCase(), 4.5
14, 24954, -1.0, 1.0, -4.0, 3.0, 0, 0, input.toLowerCase(), 5.0
14, 24955, -1.0, 1.0, -4.0, 3.5, 0, 1, input.toLowerCase(), 5.5
14, 24956, -1.0, 1.0, -4.0, 4.0, 0, 1, input.toLowerCase(), 6.0
14, 24957, -1.0, 1.0, -4.0, 4.5, 0, 1, input.toLowerCase(), 6.5
14, 24958, -1.0, 1.0, -4.0, 5.0, 0, 2, input.toLowerCase(), 7.0
14, 24959, -1.0, 1.0, -3.5, 0.0, 0, 0, input.toLowerCase(), 2.0
14, 24960, -1.0, 1.0, -3.5, 0.5, 0, 0, input.toLowerCase(), 2.5
14, 24961, -1.0, 1.0, -3.5, 1.0, 0, 0, input.toLowerCase(), 3.0
14, 24962, -1.0, 1.0, -3.5, 1.5, 0, 0, input.toLowerCase(), 3.5
14, 24963, -1.0, 1.0, -3.5, 2.0, 0, 0, input.toLowerCase(), 4.0
14, 24964, -1.0, 1.0, -3.5, 2.5, 0, 0, input.toLowerCase(), 4.5
14, 24965, -1.0, 1.0, -3.5, 3.0, 0, 0, input.toLowerCase(), 5.0
14, 24966, -1.0, 1.0, -3.5, 3.5, 0, 1, input.toLowerCase(), 5.5
14, 24967, -1.0, 1.0, -3.5, 4.0, 0, 1, input.toLowerCase(), 6.0
14, 24968, -1.0, 1.0, -3.5, 4.5, 0, 2, input.toLowerCase(), 6.5
14, 24969, -1.0, 1.0, -3.5, 5.0, 22, 7, input.replace(input, input).toLowerCase(), 10.5
14, 24970, -1.0, 1.0, -3.0, 0.0, 0, 0, input.toLowerCase(), 2.0
14, 24971, -1.0, 1.0, -3.0, 0.5, 0, 0, input.toLowerCase(), 2.5
14, 24972, -1.0, 1.0, -3.0, 1.0, 0, 0, input.toLowerCase(), 3.0
14, 24973, -1.0, 1.0, -3.0, 1.5, 0, 0, input.toLowerCase(), 3.5
14, 24974, -1.0, 1.0, -3.0, 2.0, 0, 0, input.toLowerCase(), 4.0
14, 24975, -1.0, 1.0, -3.0, 2.5, 0, 0, input.toLowerCase(), 4.5
14, 24976, -1.0, 1.0, -3.0, 3.0, 0, 1, input.toLowerCase(), 5.0
14, 24977, -1.0, 1.0, -3.0, 3.5, 0, 1, input.toLowerCase(), 5.5
14, 24978, -1.0, 1.0, -3.0, 4.0, 0, 2, input.toLowerCase(), 6.0
14, 24979, -1.0, 1.0, -3.0, 4.5, 22, 7, input.replace(input, input).toLowerCase(), 9.5
14, 24980, -1.0, 1.0, -3.0, 5.0, 22, 9, input.replace(input, input).toLowerCase(), 11.0
14, 24981, -1.0, 1.0, -2.5, 0.0, 0, 0, input.toLowerCase(), 2.0
14, 24982, -1.0, 1.0, -2.5, 0.5, 0, 0, input.toLowerCase(), 2.5
14, 24983, -1.0, 1.0, -2.5, 1.0, 0, 0, input.toLowerCase(), 3.0
14, 24984, -1.0, 1.0, -2.5, 1.5, 0, 0, input.toLowerCase(), 3.5
14, 24985, -1.0, 1.0, -2.5, 2.0, 0, 0, input.toLowerCase(), 4.0
14, 24986, -1.0, 1.0, -2.5, 2.5, 0, 0, input.toLowerCase(), 4.5
14, 24987, -1.0, 1.0, -2.5, 3.0, 0, 1, input.toLowerCase(), 5.0
14, 24988, -1.0, 1.0, -2.5, 3.5, 0, 1, input.toLowerCase(), 5.5
14, 24989, -1.0, 1.0, -2.5, 4.0, 22, 7, input.replace(input, input).toLowerCase(), 8.5
14, 24990, -1.0, 1.0, -2.5, 4.5, 22, 9, input.replace(input, input).toLowerCase(), 10.0
14, 24991, -1.0, 1.0, -2.5, 5.0, 48, 5, input.replace(input, input).put(input.replace(input, input)), 14.5
14, 24992, -1.0, 1.0, -2.0, 0.0, 0, 0, input.toLowerCase(), 2.0
14, 24993, -1.0, 1.0, -2.0, 0.5, 0, 0, input.toLowerCase(), 2.5
14, 24994, -1.0, 1.0, -2.0, 1.0, 0, 0, input.toLowerCase(), 3.0
14, 24995, -1.0, 1.0, -2.0, 1.5, 0, 0, input.toLowerCase(), 3.5
14, 24996, -1.0, 1.0, -2.0, 2.0, 0, 0, input.toLowerCase(), 4.0
14, 24997, -1.0, 1.0, -2.0, 2.5, 0, 1, input.toLowerCase(), 4.5
14, 24998, -1.0, 1.0, -2.0, 3.0, 0, 1, input.toLowerCase(), 5.0
14, 24999, -1.0, 1.0, -2.0, 3.5, 22, 3, input.replace(input, input).toLowerCase(), 7.5
14, 25000, -1.0, 1.0, -2.0, 4.0, 22, 9, input.replace(input, input).toLowerCase(), 9.0
14, 25001, -1.0, 1.0, -2.0, 4.5, 48, 5, input.replace(input, input).put(input.replace(input, input)), 13.0
14, 25002, -1.0, 1.0, -2.0, 5.0, 48, 5, input.replace(input, input).put(input.replace(input, input)), 16.0
14, 25003, -1.0, 1.0, -1.5, 0.0, 0, 0, input.toLowerCase(), 2.0
14, 25004, -1.0, 1.0, -1.5, 0.5, 0, 0, input.toLowerCase(), 2.5
14, 25005, -1.0, 1.0, -1.5, 1.0, 0, 0, input.toLowerCase(), 3.0
14, 25006, -1.0, 1.0, -1.5, 1.5, 0, 0, input.toLowerCase(), 3.5
14, 25007, -1.0, 1.0, -1.5, 2.0, 0, 0, input.toLowerCase(), 4.0
14, 25008, -1.0, 1.0, -1.5, 2.5, 0, 1, input.toLowerCase(), 4.5
14, 25009, -1.0, 1.0, -1.5, 3.0, 22, 3, input.replace(input, input).toLowerCase(), 6.5
14, 25010, -1.0, 1.0, -1.5, 3.5, 22, 9, input.replace(input, input).toLowerCase(), 8.0
14, 25011, -1.0, 1.0, -1.5, 4.0, 48, 5, input.replace(input, input).put(input.replace(input, input)), 11.5
14, 25012, -1.0, 1.0, -1.5, 4.5, 48, 7, input.replace(input, input).put(input.replace(input, input)), 14.5
14, 25013, -1.0, 1.0, -1.5, 5.0, 48, 7, input.replace(input, input).put(input.replace(input, input)), 17.5
14, 25014, -1.0, 1.0, -1.0, 0.0, 0, 0, input.toLowerCase(), 2.0
14, 25015, -1.0, 1.0, -1.0, 0.5, 0, 0, input.toLowerCase(), 2.5
14, 25016, -1.0, 1.0, -1.0, 1.0, 0, 0, input.toLowerCase(), 3.0
14, 25017, -1.0, 1.0, -1.0, 1.5, 0, 0, input.toLowerCase(), 3.5
14, 25018, -1.0, 1.0, -1.0, 2.0, 0, 1, input.toLowerCase(), 4.0
14, 25019, -1.0, 1.0, -1.0, 2.5, 0, 4, input.toLowerCase(), 4.5
14, 25020, -1.0, 1.0, -1.0, 3.0, 22, 8, input.replace(input, input).toLowerCase(), 7.0
14, 25021, -1.0, 1.0, -1.0, 3.5, 48, 7, input.replace(input, input).put(input.replace(input, input)), 10.0
14, 25022, -1.0, 1.0, -1.0, 4.0, 48, 8, input.replace(input, input).put(input.replace(input, input)), 13.0
14, 25023, -1.0, 1.0, -1.0, 4.5, 48, 8, input.replace(input, input).put(input.replace(input, input)), 16.0
14, 25024, -1.0, 1.0, -1.0, 5.0, 48, 8, input.replace(input, input).put(input.replace(input, input)), 19.0
14, 25025, -1.0, 1.0, -0.5, 0.0, 0, 0, input.toLowerCase(), 2.0
14, 25026, -1.0, 1.0, -0.5, 0.5, 0, 0, input.toLowerCase(), 2.5
14, 25027, -1.0, 1.0, -0.5, 1.0, 0, 0, input.toLowerCase(), 3.0
14, 25028, -1.0, 1.0, -0.5, 1.5, 0, 0, input.toLowerCase(), 3.5
14, 25029, -1.0, 1.0, -0.5, 2.0, 0, 3, input.toLowerCase(), 4.0
14, 25030, -1.0, 1.0, -0.5, 2.5, 38, 1, input.replace(toLowerCase(), input).replace(input, input), 6.0
14, 25031, -1.0, 1.0, -0.5, 3.0, 48, 9, input.replace(input, input).put(input.replace(input, input)), 8.5
14, 25032, -1.0, 1.0, -0.5, 3.5, 48, 9, input.replace(input, input).put(input.replace(input, input)), 11.5
14, 25033, -1.0, 1.0, -0.5, 4.0, 48, 9, input.replace(input, input).put(input.replace(input, input)), 14.5
14, 25034, -1.0, 1.0, -0.5, 4.5, 48, 9, input.replace(input, input).put(input.replace(input, input)), 17.5
14, 25035, -1.0, 1.0, -0.5, 5.0, 48, 9, input.replace(input, input).put(input.replace(input, input)), 20.5
14, 25036, -1.0, 1.0, 0.0, 0.0, 0, 0, input.toLowerCase(), 2.0
14, 25037, -1.0, 1.0, 0.0, 0.5, 0, 0, input.toLowerCase(), 2.5
14, 25038, -1.0, 1.0, 0.0, 1.0, 0, 0, input.toLowerCase(), 3.0
14, 25039, -1.0, 1.0, 0.0, 1.5, 0, 3, input.toLowerCase(), 3.5
14, 25040, -1.0, 1.0, 0.0, 2.0, 22, 6, input.toLowerCase().replace(input, input), 5.0
14, 25041, -1.0, 1.0, 0.0, 2.5, 82, 3, input.replace(toLowerCase(), input).replace(String.format(input, input), String.format(input, input)), 8.0
14, 25042, -1.0, 1.0, 0.0, 3.0, 83, 1, input.replaceAll(input, input).replace(input.replace(input, input), input.replace(input, input)), 15.0
14, 25043, -1.0, 1.0, 0.0, 3.5, 83, 1, input.replaceAll(input, input).replace(input.replace(input, input), input.replace(input, input)), 19.5
14, 25044, -1.0, 1.0, 0.0, 4.0, 83, 1, input.replaceAll(input, input).replace(input.replace(input, input), input.replace(input, input)), 24.0
14, 25045, -1.0, 1.0, 0.0, 4.5, 83, 1, input.replaceAll(input, input).replace(input.replace(input, input), input.replace(input, input)), 28.5
14, 25046, -1.0, 1.0, 0.0, 5.0, 83, 1, input.replaceAll(input, input).replace(input.replace(input, input), input.replace(input, input)), 33.0
14, 25047, -0.5, 1.0, -5.0, 0.0, 0, 0, input.toLowerCase(), 3.0
14, 25048, -0.5, 1.0, -5.0, 0.5, 0, 0, input.toLowerCase(), 3.5
14, 25049, -0.5, 1.0, -5.0, 1.0, 0, 0, input.toLowerCase(), 4.0
14, 25050, -0.5, 1.0, -5.0, 1.5, 0, 0, input.toLowerCase(), 4.5
14, 25051, -0.5, 1.0, -5.0, 2.0, 0, 0, input.toLowerCase(), 5.0
14, 25052, -0.5, 1.0, -5.0, 2.5, 0, 0, input.toLowerCase(), 5.5
14, 25053, -0.5, 1.0, -5.0, 3.0, 0, 0, input.toLowerCase(), 6.0
14, 25054, -0.5, 1.0, -5.0, 3.5, 0, 1, input.toLowerCase(), 6.5
14, 25055, -0.5, 1.0, -5.0, 4.0, 0, 1, input.toLowerCase(), 7.0
14, 25056, -0.5, 1.0, -5.0, 4.5, 0, 1, input.toLowerCase(), 7.5
14, 25057, -0.5, 1.0, -5.0, 5.0, 0, 2, input.toLowerCase(), 8.0
14, 25058, -0.5, 1.0, -4.5, 0.0, 0, 0, input.toLowerCase(), 3.0
14, 25059, -0.5, 1.0, -4.5, 0.5, 0, 0, input.toLowerCase(), 3.5
14, 25060, -0.5, 1.0, -4.5, 1.0, 0, 0, input.toLowerCase(), 4.0
14, 25061, -0.5, 1.0, -4.5, 1.5, 0, 0, input.toLowerCase(), 4.5
14, 25062, -0.5, 1.0, -4.5, 2.0, 0, 0, input.toLowerCase(), 5.0
14, 25063, -0.5, 1.0, -4.5, 2.5, 0, 0, input.toLowerCase(), 5.5
14, 25064, -0.5, 1.0, -4.5, 3.0, 0, 1, input.toLowerCase(), 6.0
14, 25065, -0.5, 1.0, -4.5, 3.5, 0, 1, input.toLowerCase(), 6.5
14, 25066, -0.5, 1.0, -4.5, 4.0, 0, 1, input.toLowerCase(), 7.0
14, 25067, -0.5, 1.0, -4.5, 4.5, 0, 2, input.toLowerCase(), 7.5
14, 25068, -0.5, 1.0, -4.5, 5.0, 22, 5, input.replace(input, input).toLowerCase(), 12.0
14, 25069, -0.5, 1.0, -4.0, 0.0, 0, 0, input.toLowerCase(), 3.0
14, 25070, -0.5, 1.0, -4.0, 0.5, 0, 0, input.toLowerCase(), 3.5
14, 25071, -0.5, 1.0, -4.0, 1.0, 0, 0, input.toLowerCase(), 4.0
14, 25072, -0.5, 1.0, -4.0, 1.5, 0, 0, input.toLowerCase(), 4.5
14, 25073, -0.5, 1.0, -4.0, 2.0, 0, 0, input.toLowerCase(), 5.0
14, 25074, -0.5, 1.0, -4.0, 2.5, 0, 0, input.toLowerCase(), 5.5
14, 25075, -0.5, 1.0, -4.0, 3.0, 0, 1, input.toLowerCase(), 6.0
14, 25076, -0.5, 1.0, -4.0, 3.5, 0, 1, input.toLowerCase(), 6.5
14, 25077, -0.5, 1.0, -4.0, 4.0, 0, 2, input.toLowerCase(), 7.0
14, 25078, -0.5, 1.0, -4.0, 4.5, 22, 5, input.replace(input, input).toLowerCase(), 11.0
14, 25079, -0.5, 1.0, -4.0, 5.0, 22, 7, input.replace(input, input).toLowerCase(), 12.5
14, 25080, -0.5, 1.0, -3.5, 0.0, 0, 0, input.toLowerCase(), 3.0
14, 25081, -0.5, 1.0, -3.5, 0.5, 0, 0, input.toLowerCase(), 3.5
14, 25082, -0.5, 1.0, -3.5, 1.0, 0, 0, input.toLowerCase(), 4.0
14, 25083, -0.5, 1.0, -3.5, 1.5, 0, 0, input.toLowerCase(), 4.5
14, 25084, -0.5, 1.0, -3.5, 2.0, 0, 0, input.toLowerCase(), 5.0
14, 25085, -0.5, 1.0, -3.5, 2.5, 0, 1, input.toLowerCase(), 5.5
14, 25086, -0.5, 1.0, -3.5, 3.0, 0, 1, input.toLowerCase(), 6.0
14, 25087, -0.5, 1.0, -3.5, 3.5, 0, 2, input.toLowerCase(), 6.5
14, 25088, -0.5, 1.0, -3.5, 4.0, 22, 5, input.replace(input, input).toLowerCase(), 10.0
14, 25089, -0.5, 1.0, -3.5, 4.5, 22, 7, input.replace(input, input).toLowerCase(), 11.5
14, 25090, -0.5, 1.0, -3.5, 5.0, 48, 5, input.replace(input, input).put(input.replace(input, input)), 16.0
14, 25091, -0.5, 1.0, -3.0, 0.0, 0, 0, input.toLowerCase(), 3.0
14, 25092, -0.5, 1.0, -3.0, 0.5, 0, 0, input.toLowerCase(), 3.5
14, 25093, -0.5, 1.0, -3.0, 1.0, 0, 0, input.toLowerCase(), 4.0
14, 25094, -0.5, 1.0, -3.0, 1.5, 0, 0, input.toLowerCase(), 4.5
14, 25095, -0.5, 1.0, -3.0, 2.0, 0, 0, input.toLowerCase(), 5.0
14, 25096, -0.5, 1.0, -3.0, 2.5, 0, 1, input.toLowerCase(), 5.5
14, 25097, -0.5, 1.0, -3.0, 3.0, 0, 1, input.toLowerCase(), 6.0
14, 25098, -0.5, 1.0, -3.0, 3.5, 22, 1, input.replace(input, input).toLowerCase(), 9.0
14, 25099, -0.5, 1.0, -3.0, 4.0, 22, 7, input.replace(input, input).toLowerCase(), 10.5
14, 25100, -0.5, 1.0, -3.0, 4.5, 48, 5, input.replace(input, input).put(input.replace(input, input)), 14.5
14, 25101, -0.5, 1.0, -3.0, 5.0, 48, 5, input.replace(input, input).put(input.replace(input, input)), 17.5
14, 25102, -0.5, 1.0, -2.5, 0.0, 0, 0, input.toLowerCase(), 3.0
14, 25103, -0.5, 1.0, -2.5, 0.5, 0, 0, input.toLowerCase(), 3.5
14, 25104, -0.5, 1.0, -2.5, 1.0, 0, 0, input.toLowerCase(), 4.0
14, 25105, -0.5, 1.0, -2.5, 1.5, 0, 0, input.toLowerCase(), 4.5
14, 25106, -0.5, 1.0, -2.5, 2.0, 0, 1, input.toLowerCase(), 5.0
14, 25107, -0.5, 1.0, -2.5, 2.5, 0, 1, input.toLowerCase(), 5.5
14, 25108, -0.5, 1.0, -2.5, 3.0, 22, 3, input.replace(input, input).toLowerCase(), 8.0
14, 25109, -0.5, 1.0, -2.5, 3.5, 22, 7, input.replace(input, input).toLowerCase(), 9.5
14, 25110, -0.5, 1.0, -2.5, 4.0, 48, 5, input.replace(input, input).put(input.replace(input, input)), 13.0
14, 25111, -0.5, 1.0, -2.5, 4.5, 48, 5, input.replace(input, input).put(input.replace(input, input)), 16.0
14, 25112, -0.5, 1.0, -2.5, 5.0, 48, 5, input.replace(input, input).put(input.replace(input, input)), 19.0
14, 25113, -0.5, 1.0, -2.0, 0.0, 0, 0, input.toLowerCase(), 3.0
14, 25114, -0.5, 1.0, -2.0, 0.5, 0, 0, input.toLowerCase(), 3.5
14, 25115, -0.5, 1.0, -2.0, 1.0, 0, 0, input.toLowerCase(), 4.0
14, 25116, -0.5, 1.0, -2.0, 1.5, 0, 0, input.toLowerCase(), 4.5
14, 25117, -0.5, 1.0, -2.0, 2.0, 0, 1, input.toLowerCase(), 5.0
14, 25118, -0.5, 1.0, -2.0, 2.5, 0, 2, input.toLowerCase(), 5.5
14, 25119, -0.5, 1.0, -2.0, 3.0, 22, 7, input.replace(input, input).toLowerCase(), 8.5
14, 25120, -0.5, 1.0, -2.0, 3.5, 48, 5, input.replace(input, input).put(input.replace(input, input)), 11.5
14, 25121, -0.5, 1.0, -2.0, 4.0, 48, 5, input.replace(input, input).put(input.replace(input, input)), 14.5
14, 25122, -0.5, 1.0, -2.0, 4.5, 48, 7, input.replace(input, input).put(input.replace(input, input)), 17.5
14, 25123, -0.5, 1.0, -2.0, 5.0, 48, 7, input.replace(input, input).put(input.replace(input, input)), 20.5
14, 25124, -0.5, 1.0, -1.5, 0.0, 0, 0, input.toLowerCase(), 3.0
14, 25125, -0.5, 1.0, -1.5, 0.5, 0, 0, input.toLowerCase(), 3.5
14, 25126, -0.5, 1.0, -1.5, 1.0, 0, 0, input.toLowerCase(), 4.0
14, 25127, -0.5, 1.0, -1.5, 1.5, 0, 1, input.toLowerCase(), 4.5
14, 25128, -0.5, 1.0, -1.5, 2.0, 0, 1, input.toLowerCase(), 5.0
14, 25129, -0.5, 1.0, -1.5, 2.5, 30, 9, input.replace(toLowerCase(), input).concat(input), 5.5
14, 25130, -0.5, 1.0, -1.5, 3.0, 48, 5, input.replace(input, input).put(input.replace(input, input)), 10.0
14, 25131, -0.5, 1.0, -1.5, 3.5, 48, 7, input.replace(input, input).put(input.replace(input, input)), 13.0
14, 25132, -0.5, 1.0, -1.5, 4.0, 48, 7, input.replace(input, input).put(input.replace(input, input)), 16.0
14, 25133, -0.5, 1.0, -1.5, 4.5, 48, 8, input.replace(input, input).put(input.replace(input, input)), 19.0
14, 25134, -0.5, 1.0, -1.5, 5.0, 48, 8, input.replace(input, input).put(input.replace(input, input)), 22.0
14, 25135, -0.5, 1.0, -1.0, 0.0, 0, 0, input.toLowerCase(), 3.0
14, 25136, -0.5, 1.0, -1.0, 0.5, 0, 0, input.toLowerCase(), 3.5
14, 25137, -0.5, 1.0, -1.0, 1.0, 0, 0, input.toLowerCase(), 4.0
14, 25138, -0.5, 1.0, -1.0, 1.5, 0, 1, input.toLowerCase(), 4.5
14, 25139, -0.5, 1.0, -1.0, 2.0, 0, 4, input.toLowerCase(), 5.0
14, 25140, -0.5, 1.0, -1.0, 2.5, 50, 9, input.replace(toLowerCase(), input).substring(input.compareTo(input)), 7.0
14, 25141, -0.5, 1.0, -1.0, 3.0, 48, 9, input.replace(input, input).put(input.replace(input, input)), 11.5
14, 25142, -0.5, 1.0, -1.0, 3.5, 48, 9, input.replace(input, input).put(input.replace(input, input)), 14.5
14, 25143, -0.5, 1.0, -1.0, 4.0, 48, 9, input.replace(input, input).put(input.replace(input, input)), 17.5
14, 25144, -0.5, 1.0, -1.0, 4.5, 48, 9, input.replace(input, input).put(input.replace(input, input)), 20.5
14, 25145, -0.5, 1.0, -1.0, 5.0, 48, 9, input.replace(input, input).put(input.replace(input, input)), 23.5
14, 25146, -0.5, 1.0, -0.5, 0.0, 0, 0, input.toLowerCase(), 3.0
14, 25147, -0.5, 1.0, -0.5, 0.5, 0, 0, input.toLowerCase(), 3.5
14, 25148, -0.5, 1.0, -0.5, 1.0, 0, 1, input.toLowerCase(), 4.0
14, 25149, -0.5, 1.0, -0.5, 1.5, 0, 5, input.toLowerCase(), 4.5
14, 25150, -0.5, 1.0, -0.5, 2.0, 39, 9, toLowerCase().replace(input, input).put(input), 6.0
14, 25151, -0.5, 1.0, -0.5, 2.5, 74, 1, input.replace(toLowerCase(), input).substring(input.compareTo(input), input.compareTo(input)), 11.5
14, 25152, -0.5, 1.0, -0.5, 3.0, 80, 0, input.replace(input, input).replace(input.replace(input, input), input.replace(input, input)), 19.5
14, 25153, -0.5, 1.0, -0.5, 3.5, 80, 0, input.replace(input, input).replace(input.replace(input, input), input.replace(input, input)), 24.0
14, 25154, -0.5, 1.0, -0.5, 4.0, 80, 0, input.replace(input, input).replace(input.replace(input, input), input.replace(input, input)), 28.5
14, 25155, -0.5, 1.0, -0.5, 4.5, 80, 0, input.replace(input, input).replace(input.replace(input, input), input.replace(input, input)), 33.0
14, 25156, -0.5, 1.0, -0.5, 5.0, 80, 0, input.replace(input, input).replace(input.replace(input, input), input.replace(input, input)), 37.5
14, 25157, -0.5, 1.0, 0.0, 0.0, 0, 0, input.toLowerCase(), 3.0
14, 25158, -0.5, 1.0, 0.0, 0.5, 0, 0, input.toLowerCase(), 3.5
14, 25159, -0.5, 1.0, 0.0, 1.0, 0, 5, input.toLowerCase(), 4.0
14, 25160, -0.5, 1.0, 0.0, 1.5, 52, 9, toLowerCase().replaceFirst(input, input).replace(input, input), 6.5
14, 25161, -0.5, 1.0, 0.0, 2.0, 95, 4, new String(input.compareToIgnoreCase(input), input.compareToIgnoreCase(input), input.compareToIgnoreCase(input)), 10.0
14, 25162, -0.5, 1.0, 0.0, 2.5, 82, 3, input.replace(toLowerCase(), input).replace(String.format(input, input), String.format(input, input)), 13.5
14, 25163, -0.5, 1.0, 0.0, 3.0, 83, 1, input.replaceAll(input, input).replace(input.replace(input, input), input.replace(input, input)), 21.5
14, 25164, -0.5, 1.0, 0.0, 3.5, 83, 1, input.replaceAll(input, input).replace(input.replace(input, input), input.replace(input, input)), 26.0
14, 25165, -0.5, 1.0, 0.0, 4.0, 83, 1, input.replaceAll(input, input).replace(input.replace(input, input), input.replace(input, input)), 30.5
14, 25166, -0.5, 1.0, 0.0, 4.5, 83, 1, input.replaceAll(input, input).replace(input.replace(input, input), input.replace(input, input)), 35.0
14, 25167, -0.5, 1.0, 0.0, 5.0, 83, 1, input.replaceAll(input, input).replace(input.replace(input, input), input.replace(input, input)), 39.5
14, 25168, 0.0, 1.0, -5.0, 0.0, 0, 0, input.toLowerCase(), 4.0
14, 25169, 0.0, 1.0, -5.0, 0.5, 0, 0, input.toLowerCase(), 4.5
14, 25170, 0.0, 1.0, -5.0, 1.0, 0, 0, input.toLowerCase(), 5.0
14, 25171, 0.0, 1.0, -5.0, 1.5, 0, 0, input.toLowerCase(), 5.5
14, 25172, 0.0, 1.0, -5.0, 2.0, 0, 0, input.toLowerCase(), 6.0
14, 25173, 0.0, 1.0, -5.0, 2.5, 0, 1, input.toLowerCase(), 6.5
14, 25174, 0.0, 1.0, -5.0, 3.0, 0, 1, input.toLowerCase(), 7.0
14, 25175, 0.0, 1.0, -5.0, 3.5, 0, 1, input.toLowerCase(), 7.5
14, 25176, 0.0, 1.0, -5.0, 4.0, 0, 2, input.toLowerCase(), 8.0
14, 25177, 0.0, 1.0, -5.0, 4.5, 22, 5, input.replace(input, input).toLowerCase(), 12.5
14, 25178, 0.0, 1.0, -5.0, 5.0, 22, 7, input.replace(input, input).toLowerCase(), 14.0
14, 25179, 0.0, 1.0, -4.5, 0.0, 0, 0, input.toLowerCase(), 4.0
14, 25180, 0.0, 1.0, -4.5, 0.5, 0, 0, input.toLowerCase(), 4.5
14, 25181, 0.0, 1.0, -4.5, 1.0, 0, 0, input.toLowerCase(), 5.0
14, 25182, 0.0, 1.0, -4.5, 1.5, 0, 0, input.toLowerCase(), 5.5
14, 25183, 0.0, 1.0, -4.5, 2.0, 0, 0, input.toLowerCase(), 6.0
14, 25184, 0.0, 1.0, -4.5, 2.5, 0, 1, input.toLowerCase(), 6.5
14, 25185, 0.0, 1.0, -4.5, 3.0, 0, 1, input.toLowerCase(), 7.0
14, 25186, 0.0, 1.0, -4.5, 3.5, 0, 2, input.toLowerCase(), 7.5
14, 25187, 0.0, 1.0, -4.5, 4.0, 22, 5, input.replace(input, input).toLowerCase(), 11.5
14, 25188, 0.0, 1.0, -4.5, 4.5, 22, 7, input.replace(input, input).toLowerCase(), 13.0
14, 25189, 0.0, 1.0, -4.5, 5.0, 22, 9, input.replace(input, input).toLowerCase(), 14.5
14, 25190, 0.0, 1.0, -4.0, 0.0, 0, 0, input.toLowerCase(), 4.0
14, 25191, 0.0, 1.0, -4.0, 0.5, 0, 0, input.toLowerCase(), 4.5
14, 25192, 0.0, 1.0, -4.0, 1.0, 0, 0, input.toLowerCase(), 5.0
14, 25193, 0.0, 1.0, -4.0, 1.5, 0, 0, input.toLowerCase(), 5.5
14, 25194, 0.0, 1.0, -4.0, 2.0, 0, 1, input.toLowerCase(), 6.0
14, 25195, 0.0, 1.0, -4.0, 2.5, 0, 1, input.toLowerCase(), 6.5
14, 25196, 0.0, 1.0, -4.0, 3.0, 0, 2, input.toLowerCase(), 7.0
14, 25197, 0.0, 1.0, -4.0, 3.5, 22, 1, input.replace(input, input).toLowerCase(), 10.5
14, 25198, 0.0, 1.0, -4.0, 4.0, 22, 7, input.replace(input, input).toLowerCase(), 12.0
14, 25199, 0.0, 1.0, -4.0, 4.5, 22, 9, input.replace(input, input).toLowerCase(), 13.5
14, 25200, 0.0, 1.0, -4.0, 5.0, 48, 5, input.replace(input, input).put(input.replace(input, input)), 19.0
14, 25201, 0.0, 1.0, -3.5, 0.0, 0, 0, input.toLowerCase(), 4.0
14, 25202, 0.0, 1.0, -3.5, 0.5, 0, 0, input.toLowerCase(), 4.5
14, 25203, 0.0, 1.0, -3.5, 1.0, 0, 0, input.toLowerCase(), 5.0
14, 25204, 0.0, 1.0, -3.5, 1.5, 0, 0, input.toLowerCase(), 5.5
14, 25205, 0.0, 1.0, -3.5, 2.0, 0, 1, input.toLowerCase(), 6.0
14, 25206, 0.0, 1.0, -3.5, 2.5, 0, 1, input.toLowerCase(), 6.5
14, 25207, 0.0, 1.0, -3.5, 3.0, 22, 1, input.replace(input, input).toLowerCase(), 9.5
14, 25208, 0.0, 1.0, -3.5, 3.5, 22, 7, input.replace(input, input).toLowerCase(), 11.0
14, 25209, 0.0, 1.0, -3.5, 4.0, 22, 9, input.replace(input, input).toLowerCase(), 12.5
14, 25210, 0.0, 1.0, -3.5, 4.5, 48, 5, input.replace(input, input).put(input.replace(input, input)), 17.5
14, 25211, 0.0, 1.0, -3.5, 5.0, 48, 5, input.replace(input, input).put(input.replace(input, input)), 20.5
14, 25212, 0.0, 1.0, -3.0, 0.0, 0, 0, input.toLowerCase(), 4.0
14, 25213, 0.0, 1.0, -3.0, 0.5, 0, 0, input.toLowerCase(), 4.5
14, 25214, 0.0, 1.0, -3.0, 1.0, 0, 0, input.toLowerCase(), 5.0
14, 25215, 0.0, 1.0, -3.0, 1.5, 0, 1, input.toLowerCase(), 5.5
14, 25216, 0.0, 1.0, -3.0, 2.0, 0, 1, input.toLowerCase(), 6.0
14, 25217, 0.0, 1.0, -3.0, 2.5, 0, 2, input.toLowerCase(), 6.5
14, 25218, 0.0, 1.0, -3.0, 3.0, 22, 7, input.replace(input, input).toLowerCase(), 10.0
14, 25219, 0.0, 1.0, -3.0, 3.5, 22, 9, input.replace(input, input).toLowerCase(), 11.5
14, 25220, 0.0, 1.0, -3.0, 4.0, 48, 5, input.replace(input, input).put(input.replace(input, input)), 16.0
14, 25221, 0.0, 1.0, -3.0, 4.5, 48, 5, input.replace(input, input).put(input.replace(input, input)), 19.0
14, 25222, 0.0, 1.0, -3.0, 5.0, 48, 5, input.replace(input, input).put(input.replace(input, input)), 22.0
14, 25223, 0.0, 1.0, -2.5, 0.0, 0, 0, input.toLowerCase(), 4.0
14, 25224, 0.0, 1.0, -2.5, 0.5, 0, 0, input.toLowerCase(), 4.5
14, 25225, 0.0, 1.0, -2.5, 1.0, 0, 0, input.toLowerCase(), 5.0
14, 25226, 0.0, 1.0, -2.5, 1.5, 0, 1, input.toLowerCase(), 5.5
14, 25227, 0.0, 1.0, -2.5, 2.0, 0, 1, input.toLowerCase(), 6.0
14, 25228, 0.0, 1.0, -2.5, 2.5, 0, 9, input.toLowerCase(), 6.5
14, 25229, 0.0, 1.0, -2.5, 3.0, 22, 9, input.replace(input, input).toLowerCase(), 10.5
14, 25230, 0.0, 1.0, -2.5, 3.5, 48, 5, input.replace(input, input).put(input.replace(input, input)), 14.5
14, 25231, 0.0, 1.0, -2.5, 4.0, 48, 5, input.replace(input, input).put(input.replace(input, input)), 17.5
14, 25232, 0.0, 1.0, -2.5, 4.5, 48, 7, input.replace(input, input).put(input.replace(input, input)), 20.5
14, 25233, 0.0, 1.0, -2.5, 5.0, 48, 7, input.replace(input, input).put(input.replace(input, input)), 23.5
14, 25234, 0.0, 1.0, -2.0, 0.0, 0, 0, input.toLowerCase(), 4.0
14, 25235, 0.0, 1.0, -2.0, 0.5, 0, 0, input.toLowerCase(), 4.5
14, 25236, 0.0, 1.0, -2.0, 1.0, 0, 1, input.toLowerCase(), 5.0
14, 25237, 0.0, 1.0, -2.0, 1.5, 0, 1, input.toLowerCase(), 5.5
14, 25238, 0.0, 1.0, -2.0, 2.0, 0, 4, input.toLowerCase(), 6.0
14, 25239, 0.0, 1.0, -2.0, 2.5, 50, 9, input.replace(toLowerCase(), input).substring(input.compareTo(input)), 8.0
14, 25240, 0.0, 1.0, -2.0, 3.0, 48, 5, input.replace(input, input).put(input.replace(input, input)), 13.0
14, 25241, 0.0, 1.0, -2.0, 3.5, 48, 7, input.replace(input, input).put(input.replace(input, input)), 16.0
14, 25242, 0.0, 1.0, -2.0, 4.0, 48, 7, input.replace(input, input).put(input.replace(input, input)), 19.0
14, 25243, 0.0, 1.0, -2.0, 4.5, 48, 7, input.replace(input, input).put(input.replace(input, input)), 22.0
14, 25244, 0.0, 1.0, -2.0, 5.0, 48, 8, input.replace(input, input).put(input.replace(input, input)), 25.0
14, 25245, 0.0, 1.0, -1.5, 0.0, 0, 0, input.toLowerCase(), 4.0
14, 25246, 0.0, 1.0, -1.5, 0.5, 0, 0, input.toLowerCase(), 4.5
14, 25247, 0.0, 1.0, -1.5, 1.0, 0, 1, input.toLowerCase(), 5.0
14, 25248, 0.0, 1.0, -1.5, 1.5, 0, 4, input.toLowerCase(), 5.5
14, 25249, 0.0, 1.0, -1.5, 2.0, 30, 7, toLowerCase().replace(input, input).toLowerCase(), 6.5
14, 25250, 0.0, 1.0, -1.5, 2.5, 60, 9, input.replace(toLowerCase(), input).concat(input.replace(toLowerCase(), input)), 9.5
14, 25251, 0.0, 1.0, -1.5, 3.0, 48, 9, input.replace(input, input).put(input.replace(input, input)), 14.5
14, 25252, 0.0, 1.0, -1.5, 3.5, 48, 9, input.replace(input, input).put(input.replace(input, input)), 17.5
14, 25253, 0.0, 1.0, -1.5, 4.0, 48, 9, input.replace(input, input).put(input.replace(input, input)), 20.5
14, 25254, 0.0, 1.0, -1.5, 4.5, 48, 9, input.replace(input, input).put(input.replace(input, input)), 23.5
14, 25255, 0.0, 1.0, -1.5, 5.0, 48, 9, input.replace(input, input).put(input.replace(input, input)), 26.5
14, 25256, 0.0, 1.0, -1.0, 0.0, 0, 0, input.toLowerCase(), 4.0
14, 25257, 0.0, 1.0, -1.0, 0.5, 0, 1, input.toLowerCase(), 4.5
14, 25258, 0.0, 1.0, -1.0, 1.0, 0, 4, input.toLowerCase(), 5.0
14, 25259, 0.0, 1.0, -1.0, 1.5, 30, 8, toLowerCase().replace(input, input).toLowerCase(), 6.0
14, 25260, 0.0, 1.0, -1.0, 2.0, 57, 5, toLowerCase().replace(input, input).put(toLowerCase().replace(input, input)), 9.0
14, 25261, 0.0, 1.0, -1.0, 2.5, 69, 9, new String(input.compareTo(input), input.compareTo(input), input.compareTo(input)), 12.0
14, 25262, 0.0, 1.0, -1.0, 3.0, 48, 9, input.replace(input, input).put(input.replace(input, input)), 16.0
14, 25263, 0.0, 1.0, -1.0, 3.5, 48, 9, input.replace(input, input).put(input.replace(input, input)), 19.0
14, 25264, 0.0, 1.0, -1.0, 4.0, 48, 9, input.replace(input, input).put(input.replace(input, input)), 22.0
14, 25265, 0.0, 1.0, -1.0, 4.5, 48, 9, input.replace(input, input).put(input.replace(input, input)), 25.0
14, 25266, 0.0, 1.0, -1.0, 5.0, 48, 9, input.replace(input, input).put(input.replace(input, input)), 28.0
14, 25267, 0.0, 1.0, -0.5, 0.0, 0, 0, input.toLowerCase(), 4.0
14, 25268, 0.0, 1.0, -0.5, 0.5, 0, 4, input.toLowerCase(), 4.5
14, 25269, 0.0, 1.0, -0.5, 1.0, 57, 4, toLowerCase().replace(input, input).put(toLowerCase().replace(input, input)), 6.5
14, 25270, 0.0, 1.0, -0.5, 1.5, 57, 9, toLowerCase().replace(input, input).put(toLowerCase().replace(input, input)), 8.5
14, 25271, 0.0, 1.0, -0.5, 2.0, 95, 9, new String(input.compareToIgnoreCase(input), input.compareToIgnoreCase(input), input.compareToIgnoreCase(input)), 11.0
14, 25272, 0.0, 1.0, -0.5, 2.5, 74, 1, input.replace(toLowerCase(), input).substring(input.compareTo(input), input.compareTo(input)), 17.0
14, 25273, 0.0, 1.0, -0.5, 3.0, 80, 0, input.replace(input, input).replace(input.replace(input, input), input.replace(input, input)), 26.0
14, 25274, 0.0, 1.0, -0.5, 3.5, 80, 0, input.replace(input, input).replace(input.replace(input, input), input.replace(input, input)), 30.5
14, 25275, 0.0, 1.0, -0.5, 4.0, 80, 0, input.replace(input, input).replace(input.replace(input, input), input.replace(input, input)), 35.0
14, 25276, 0.0, 1.0, -0.5, 4.5, 80, 0, input.replace(input, input).replace(input.replace(input, input), input.replace(input, input)), 39.5
14, 25277, 0.0, 1.0, -0.5, 5.0, 80, 0, input.replace(input, input).replace(input.replace(input, input), input.replace(input, input)), 44.0
14, 25278, 0.0, 1.0, 0.0, 0.0, 27, 8, String.valueOf(toLowerCase(), input).trim(), 4.0
14, 25279, 0.0, 1.0, 0.0, 0.5, 67, 9, toLowerCase().replaceFirst(input, input).put(toLowerCase().replaceFirst(input, input)), 6.0
14, 25280, 0.0, 1.0, 0.0, 1.0, 67, 9, toLowerCase().replaceFirst(input, input).put(toLowerCase().replaceFirst(input, input)), 8.0
14, 25281, 0.0, 1.0, 0.0, 1.5, 95, 7, new String(input.compareToIgnoreCase(input), input.compareToIgnoreCase(input), input.compareToIgnoreCase(input)), 12.0
14, 25282, 0.0, 1.0, 0.0, 2.0, 95, 7, new String(input.compareToIgnoreCase(input), input.compareToIgnoreCase(input), input.compareToIgnoreCase(input)), 15.0
14, 25283, 0.0, 1.0, 0.0, 2.5, 94, 2, input.replace(toLowerCase(), input).substring(input.compareToIgnoreCase(input), input.compareToIgnoreCase(input)), 19.0
14, 25284, 0.0, 1.0, 0.0, 3.0, 80, 1, input.replace(input, input).replace(input.replace(input, input), input.replace(input, input)), 28.0
14, 25285, 0.0, 1.0, 0.0, 3.5, 80, 1, input.replace(input, input).replace(input.replace(input, input), input.replace(input, input)), 32.5
14, 25286, 0.0, 1.0, 0.0, 4.0, 80, 1, input.replace(input, input).replace(input.replace(input, input), input.replace(input, input)), 37.0
14, 25287, 0.0, 1.0, 0.0, 4.5, 80, 1, input.replace(input, input).replace(input.replace(input, input), input.replace(input, input)), 41.5
14, 25288, 0.0, 1.0, 0.0, 5.0, 80, 1, input.replace(input, input).replace(input.replace(input, input), input.replace(input, input)), 46.0
