13, 2662, -5.0, 1.0, -5.0, 0.0, 11, 0, logMessage(), -3.0
13, 2663, -5.0, 1.0, -5.0, 0.5, 11, 0, logMessage(), -2.5
13, 2664, -5.0, 1.0, -5.0, 1.0, 11, 0, logMessage(), -2.0
13, 2665, -5.0, 1.0, -5.0, 1.5, 11, 0, logMessage(), -1.5
13, 2666, -5.0, 1.0, -5.0, 2.0, 11, 0, logMessage(), -1.0
13, 2667, -5.0, 1.0, -5.0, 2.5, 11, 0, logMessage(), -0.5
13, 2668, -5.0, 1.0, -5.0, 3.0, 11, 0, logMessage(), 0.0
13, 2669, -5.0, 1.0, -5.0, 3.5, 11, 0, logMessage(), 0.5
13, 2670, -5.0, 1.0, -5.0, 4.0, 11, 0, logMessage(), 1.0
13, 2671, -5.0, 1.0, -5.0, 4.5, 11, 4, println(), -4.0
13, 2672, -5.0, 1.0, -5.0, 5.0, 11, 4, println(), -4.0
13, 2673, -5.0, 1.0, -4.5, 0.0, 11, 0, logMessage(), -3.0
13, 2674, -5.0, 1.0, -4.5, 0.5, 11, 0, logMessage(), -2.5
13, 2675, -5.0, 1.0, -4.5, 1.0, 11, 0, logMessage(), -2.0
13, 2676, -5.0, 1.0, -4.5, 1.5, 11, 0, logMessage(), -1.5
13, 2677, -5.0, 1.0, -4.5, 2.0, 11, 0, logMessage(), -1.0
13, 2678, -5.0, 1.0, -4.5, 2.5, 11, 0, logMessage(), -0.5
13, 2679, -5.0, 1.0, -4.5, 3.0, 11, 0, logMessage(), 0.0
13, 2680, -5.0, 1.0, -4.5, 3.5, 11, 0, logMessage(), 0.5
13, 2681, -5.0, 1.0, -4.5, 4.0, 11, 0, logMessage(), 1.0
13, 2682, -5.0, 1.0, -4.5, 4.5, 11, 4, println(), -4.0
13, 2683, -5.0, 1.0, -4.5, 5.0, 11, 4, println(), -4.0
13, 2684, -5.0, 1.0, -4.0, 0.0, 11, 0, logMessage(), -3.0
13, 2685, -5.0, 1.0, -4.0, 0.5, 11, 0, logMessage(), -2.5
13, 2686, -5.0, 1.0, -4.0, 1.0, 11, 0, logMessage(), -2.0
13, 2687, -5.0, 1.0, -4.0, 1.5, 11, 0, logMessage(), -1.5
13, 2688, -5.0, 1.0, -4.0, 2.0, 11, 0, logMessage(), -1.0
13, 2689, -5.0, 1.0, -4.0, 2.5, 11, 0, logMessage(), -0.5
13, 2690, -5.0, 1.0, -4.0, 3.0, 11, 0, logMessage(), 0.0
13, 2691, -5.0, 1.0, -4.0, 3.5, 11, 0, logMessage(), 0.5
13, 2692, -5.0, 1.0, -4.0, 4.0, 11, 0, logMessage(), 1.0
13, 2693, -5.0, 1.0, -4.0, 4.5, 11, 4, println(), -4.0
13, 2694, -5.0, 1.0, -4.0, 5.0, 11, 4, println(), -4.0
13, 2695, -5.0, 1.0, -3.5, 0.0, 11, 0, logMessage(), -3.0
13, 2696, -5.0, 1.0, -3.5, 0.5, 11, 0, logMessage(), -2.5
13, 2697, -5.0, 1.0, -3.5, 1.0, 11, 0, logMessage(), -2.0
13, 2698, -5.0, 1.0, -3.5, 1.5, 11, 0, logMessage(), -1.5
13, 2699, -5.0, 1.0, -3.5, 2.0, 11, 0, logMessage(), -1.0
13, 2700, -5.0, 1.0, -3.5, 2.5, 11, 0, logMessage(), -0.5
13, 2701, -5.0, 1.0, -3.5, 3.0, 11, 0, logMessage(), 0.0
13, 2702, -5.0, 1.0, -3.5, 3.5, 11, 0, logMessage(), 0.5
13, 2703, -5.0, 1.0, -3.5, 4.0, 11, 0, logMessage(), 1.0
13, 2704, -5.0, 1.0, -3.5, 4.5, 11, 4, println(), -4.0
13, 2705, -5.0, 1.0, -3.5, 5.0, 11, 4, println(), -4.0
13, 2706, -5.0, 1.0, -3.0, 0.0, 11, 0, logMessage(), -3.0
13, 2707, -5.0, 1.0, -3.0, 0.5, 11, 0, logMessage(), -2.5
13, 2708, -5.0, 1.0, -3.0, 1.0, 11, 0, logMessage(), -2.0
13, 2709, -5.0, 1.0, -3.0, 1.5, 11, 0, logMessage(), -1.5
13, 2710, -5.0, 1.0, -3.0, 2.0, 11, 0, logMessage(), -1.0
13, 2711, -5.0, 1.0, -3.0, 2.5, 11, 0, logMessage(), -0.5
13, 2712, -5.0, 1.0, -3.0, 3.0, 11, 0, logMessage(), 0.0
13, 2713, -5.0, 1.0, -3.0, 3.5, 11, 0, logMessage(), 0.5
13, 2714, -5.0, 1.0, -3.0, 4.0, 11, 0, logMessage(), 1.0
13, 2715, -5.0, 1.0, -3.0, 4.5, 11, 4, println(), -4.0
13, 2716, -5.0, 1.0, -3.0, 5.0, 11, 4, println(), -4.0
13, 2717, -5.0, 1.0, -2.5, 0.0, 11, 0, logMessage(), -3.0
13, 2718, -5.0, 1.0, -2.5, 0.5, 11, 0, logMessage(), -2.5
13, 2719, -5.0, 1.0, -2.5, 1.0, 11, 0, logMessage(), -2.0
13, 2720, -5.0, 1.0, -2.5, 1.5, 11, 0, logMessage(), -1.5
13, 2721, -5.0, 1.0, -2.5, 2.0, 11, 0, logMessage(), -1.0
13, 2722, -5.0, 1.0, -2.5, 2.5, 11, 0, logMessage(), -0.5
13, 2723, -5.0, 1.0, -2.5, 3.0, 11, 0, logMessage(), 0.0
13, 2724, -5.0, 1.0, -2.5, 3.5, 11, 0, logMessage(), 0.5
13, 2725, -5.0, 1.0, -2.5, 4.0, 11, 0, logMessage(), 1.0
13, 2726, -5.0, 1.0, -2.5, 4.5, 11, 4, println(), -4.0
13, 2727, -5.0, 1.0, -2.5, 5.0, 11, 4, println(), -4.0
13, 2728, -5.0, 1.0, -2.0, 0.0, 11, 0, logMessage(), -3.0
13, 2729, -5.0, 1.0, -2.0, 0.5, 11, 0, logMessage(), -2.5
13, 2730, -5.0, 1.0, -2.0, 1.0, 11, 0, logMessage(), -2.0
13, 2731, -5.0, 1.0, -2.0, 1.5, 11, 0, logMessage(), -1.5
13, 2732, -5.0, 1.0, -2.0, 2.0, 11, 0, logMessage(), -1.0
13, 2733, -5.0, 1.0, -2.0, 2.5, 11, 0, logMessage(), -0.5
13, 2734, -5.0, 1.0, -2.0, 3.0, 11, 0, logMessage(), 0.0
13, 2735, -5.0, 1.0, -2.0, 3.5, 11, 0, logMessage(), 0.5
13, 2736, -5.0, 1.0, -2.0, 4.0, 11, 0, logMessage(), 1.0
13, 2737, -5.0, 1.0, -2.0, 4.5, 11, 4, println(), -4.0
13, 2738, -5.0, 1.0, -2.0, 5.0, 11, 4, println(), -4.0
13, 2739, -5.0, 1.0, -1.5, 0.0, 11, 0, logMessage(), -3.0
13, 2740, -5.0, 1.0, -1.5, 0.5, 11, 0, logMessage(), -2.5
13, 2741, -5.0, 1.0, -1.5, 1.0, 11, 0, logMessage(), -2.0
13, 2742, -5.0, 1.0, -1.5, 1.5, 11, 0, logMessage(), -1.5
13, 2743, -5.0, 1.0, -1.5, 2.0, 11, 0, logMessage(), -1.0
13, 2744, -5.0, 1.0, -1.5, 2.5, 11, 0, logMessage(), -0.5
13, 2745, -5.0, 1.0, -1.5, 3.0, 11, 0, logMessage(), 0.0
13, 2746, -5.0, 1.0, -1.5, 3.5, 11, 0, logMessage(), 0.5
13, 2747, -5.0, 1.0, -1.5, 4.0, 11, 0, logMessage(), 1.0
13, 2748, -5.0, 1.0, -1.5, 4.5, 11, 4, println(), -4.0
13, 2749, -5.0, 1.0, -1.5, 5.0, 11, 4, println(), -4.0
13, 2750, -5.0, 1.0, -1.0, 0.0, 11, 0, logMessage(), -3.0
13, 2751, -5.0, 1.0, -1.0, 0.5, 11, 0, logMessage(), -2.5
13, 2752, -5.0, 1.0, -1.0, 1.0, 11, 0, logMessage(), -2.0
13, 2753, -5.0, 1.0, -1.0, 1.5, 11, 0, logMessage(), -1.5
13, 2754, -5.0, 1.0, -1.0, 2.0, 11, 0, logMessage(), -1.0
13, 2755, -5.0, 1.0, -1.0, 2.5, 11, 0, logMessage(), -0.5
13, 2756, -5.0, 1.0, -1.0, 3.0, 11, 0, logMessage(), 0.0
13, 2757, -5.0, 1.0, -1.0, 3.5, 11, 0, logMessage(), 0.5
13, 2758, -5.0, 1.0, -1.0, 4.0, 11, 0, logMessage(), 1.0
13, 2759, -5.0, 1.0, -1.0, 4.5, 11, 4, println(), -4.0
13, 2760, -5.0, 1.0, -1.0, 5.0, 13, 0, message.logMessage(), 2.0
13, 2761, -5.0, 1.0, -0.5, 0.0, 11, 0, logMessage(), -3.0
13, 2762, -5.0, 1.0, -0.5, 0.5, 11, 0, logMessage(), -2.5
13, 2763, -5.0, 1.0, -0.5, 1.0, 11, 0, logMessage(), -2.0
13, 2764, -5.0, 1.0, -0.5, 1.5, 11, 0, logMessage(), -1.5
13, 2765, -5.0, 1.0, -0.5, 2.0, 11, 0, logMessage(), -1.0
13, 2766, -5.0, 1.0, -0.5, 2.5, 11, 0, logMessage(), -0.5
13, 2767, -5.0, 1.0, -0.5, 3.0, 11, 0, logMessage(), 0.0
13, 2768, -5.0, 1.0, -0.5, 3.5, 11, 0, logMessage(), 0.5
13, 2769, -5.0, 1.0, -0.5, 4.0, 11, 0, logMessage(), 1.0
13, 2770, -5.0, 1.0, -0.5, 4.5, 13, 0, message.logMessage(), 1.0
13, 2771, -5.0, 1.0, -0.5, 5.0, 13, 0, message, 1.0
13, 2772, -5.0, 1.0, 0.0, 0.0, 11, 0, logMessage(), -3.0
13, 2773, -5.0, 1.0, 0.0, 0.5, 11, 0, logMessage(), -2.5
13, 2774, -5.0, 1.0, 0.0, 1.0, 11, 0, logMessage(), -2.0
13, 2775, -5.0, 1.0, 0.0, 1.5, 11, 0, logMessage(), -1.5
13, 2776, -5.0, 1.0, 0.0, 2.0, 11, 0, logMessage(), -1.0
13, 2777, -5.0, 1.0, 0.0, 2.5, 11, 0, logMessage(), -0.5
13, 2778, -5.0, 1.0, 0.0, 3.0, 11, 0, logMessage(), 0.0
13, 2779, -5.0, 1.0, 0.0, 3.5, 11, 0, logMessage(), 0.5
13, 2780, -5.0, 1.0, 0.0, 4.0, 11, 0, logMessage(), 1.0
13, 2781, -5.0, 1.0, 0.0, 4.5, 13, 0, message, 0.5
13, 2782, -5.0, 1.0, 0.0, 5.0, 13, 1, message, 1.0
13, 2783, -4.5, 1.0, -5.0, 0.0, 11, 0, logMessage(), -2.5
13, 2784, -4.5, 1.0, -5.0, 0.5, 11, 0, logMessage(), -2.0
13, 2785, -4.5, 1.0, -5.0, 1.0, 11, 0, logMessage(), -1.5
13, 2786, -4.5, 1.0, -5.0, 1.5, 11, 0, logMessage(), -1.0
13, 2787, -4.5, 1.0, -5.0, 2.0, 11, 0, logMessage(), -0.5
13, 2788, -4.5, 1.0, -5.0, 2.5, 11, 0, logMessage(), 0.0
13, 2789, -4.5, 1.0, -5.0, 3.0, 11, 0, logMessage(), 0.5
13, 2790, -4.5, 1.0, -5.0, 3.5, 11, 0, logMessage(), 1.0
13, 2791, -4.5, 1.0, -5.0, 4.0, 11, 4, println(), -3.5
13, 2792, -4.5, 1.0, -5.0, 4.5, 11, 4, println(), -3.5
13, 2793, -4.5, 1.0, -5.0, 5.0, 11, 4, println(), -3.5
13, 2794, -4.5, 1.0, -4.5, 0.0, 11, 0, logMessage(), -2.5
13, 2795, -4.5, 1.0, -4.5, 0.5, 11, 0, logMessage(), -2.0
13, 2796, -4.5, 1.0, -4.5, 1.0, 11, 0, logMessage(), -1.5
13, 2797, -4.5, 1.0, -4.5, 1.5, 11, 0, logMessage(), -1.0
13, 2798, -4.5, 1.0, -4.5, 2.0, 11, 0, logMessage(), -0.5
13, 2799, -4.5, 1.0, -4.5, 2.5, 11, 0, logMessage(), 0.0
13, 2800, -4.5, 1.0, -4.5, 3.0, 11, 0, logMessage(), 0.5
13, 2801, -4.5, 1.0, -4.5, 3.5, 11, 0, logMessage(), 1.0
13, 2802, -4.5, 1.0, -4.5, 4.0, 11, 4, println(), -3.5
13, 2803, -4.5, 1.0, -4.5, 4.5, 11, 4, println(), -3.5
13, 2804, -4.5, 1.0, -4.5, 5.0, 11, 4, println(), -3.5
13, 2805, -4.5, 1.0, -4.0, 0.0, 11, 0, logMessage(), -2.5
13, 2806, -4.5, 1.0, -4.0, 0.5, 11, 0, logMessage(), -2.0
13, 2807, -4.5, 1.0, -4.0, 1.0, 11, 0, logMessage(), -1.5
13, 2808, -4.5, 1.0, -4.0, 1.5, 11, 0, logMessage(), -1.0
13, 2809, -4.5, 1.0, -4.0, 2.0, 11, 0, logMessage(), -0.5
13, 2810, -4.5, 1.0, -4.0, 2.5, 11, 0, logMessage(), 0.0
13, 2811, -4.5, 1.0, -4.0, 3.0, 11, 0, logMessage(), 0.5
13, 2812, -4.5, 1.0, -4.0, 3.5, 11, 0, logMessage(), 1.0
13, 2813, -4.5, 1.0, -4.0, 4.0, 11, 4, println(), -3.5
13, 2814, -4.5, 1.0, -4.0, 4.5, 11, 4, println(), -3.5
13, 2815, -4.5, 1.0, -4.0, 5.0, 11, 4, println(), -3.5
13, 2816, -4.5, 1.0, -3.5, 0.0, 11, 0, logMessage(), -2.5
13, 2817, -4.5, 1.0, -3.5, 0.5, 11, 0, logMessage(), -2.0
13, 2818, -4.5, 1.0, -3.5, 1.0, 11, 0, logMessage(), -1.5
13, 2819, -4.5, 1.0, -3.5, 1.5, 11, 0, logMessage(), -1.0
13, 2820, -4.5, 1.0, -3.5, 2.0, 11, 0, logMessage(), -0.5
13, 2821, -4.5, 1.0, -3.5, 2.5, 11, 0, logMessage(), 0.0
13, 2822, -4.5, 1.0, -3.5, 3.0, 11, 0, logMessage(), 0.5
13, 2823, -4.5, 1.0, -3.5, 3.5, 11, 0, logMessage(), 1.0
13, 2824, -4.5, 1.0, -3.5, 4.0, 11, 4, println(), -3.5
13, 2825, -4.5, 1.0, -3.5, 4.5, 11, 4, println(), -3.5
13, 2826, -4.5, 1.0, -3.5, 5.0, 11, 4, println(), -3.5
13, 2827, -4.5, 1.0, -3.0, 0.0, 11, 0, logMessage(), -2.5
13, 2828, -4.5, 1.0, -3.0, 0.5, 11, 0, logMessage(), -2.0
13, 2829, -4.5, 1.0, -3.0, 1.0, 11, 0, logMessage(), -1.5
13, 2830, -4.5, 1.0, -3.0, 1.5, 11, 0, logMessage(), -1.0
13, 2831, -4.5, 1.0, -3.0, 2.0, 11, 0, logMessage(), -0.5
13, 2832, -4.5, 1.0, -3.0, 2.5, 11, 0, logMessage(), 0.0
13, 2833, -4.5, 1.0, -3.0, 3.0, 11, 0, logMessage(), 0.5
13, 2834, -4.5, 1.0, -3.0, 3.5, 11, 0, logMessage(), 1.0
13, 2835, -4.5, 1.0, -3.0, 4.0, 11, 4, println(), -3.5
13, 2836, -4.5, 1.0, -3.0, 4.5, 11, 4, println(), -3.5
13, 2837, -4.5, 1.0, -3.0, 5.0, 13, 0, message.logMessage(), 3.0
13, 2838, -4.5, 1.0, -2.5, 0.0, 11, 0, logMessage(), -2.5
13, 2839, -4.5, 1.0, -2.5, 0.5, 11, 0, logMessage(), -2.0
13, 2840, -4.5, 1.0, -2.5, 1.0, 11, 0, logMessage(), -1.5
13, 2841, -4.5, 1.0, -2.5, 1.5, 11, 0, logMessage(), -1.0
13, 2842, -4.5, 1.0, -2.5, 2.0, 11, 0, logMessage(), -0.5
13, 2843, -4.5, 1.0, -2.5, 2.5, 11, 0, logMessage(), 0.0
13, 2844, -4.5, 1.0, -2.5, 3.0, 11, 0, logMessage(), 0.5
13, 2845, -4.5, 1.0, -2.5, 3.5, 11, 0, logMessage(), 1.0
13, 2846, -4.5, 1.0, -2.5, 4.0, 11, 4, println(), -3.5
13, 2847, -4.5, 1.0, -2.5, 4.5, 11, 4, println(), -3.5
13, 2848, -4.5, 1.0, -2.5, 5.0, 13, 0, message.logMessage(), 3.0
13, 2849, -4.5, 1.0, -2.0, 0.0, 11, 0, logMessage(), -2.5
13, 2850, -4.5, 1.0, -2.0, 0.5, 11, 0, logMessage(), -2.0
13, 2851, -4.5, 1.0, -2.0, 1.0, 11, 0, logMessage(), -1.5
13, 2852, -4.5, 1.0, -2.0, 1.5, 11, 0, logMessage(), -1.0
13, 2853, -4.5, 1.0, -2.0, 2.0, 11, 0, logMessage(), -0.5
13, 2854, -4.5, 1.0, -2.0, 2.5, 11, 0, logMessage(), 0.0
13, 2855, -4.5, 1.0, -2.0, 3.0, 11, 0, logMessage(), 0.5
13, 2856, -4.5, 1.0, -2.0, 3.5, 11, 0, logMessage(), 1.0
13, 2857, -4.5, 1.0, -2.0, 4.0, 11, 4, println(), -3.5
13, 2858, -4.5, 1.0, -2.0, 4.5, 11, 4, println(), -3.5
13, 2859, -4.5, 1.0, -2.0, 5.0, 13, 0, message.logMessage(), 3.0
13, 2860, -4.5, 1.0, -1.5, 0.0, 11, 0, logMessage(), -2.5
13, 2861, -4.5, 1.0, -1.5, 0.5, 11, 0, logMessage(), -2.0
13, 2862, -4.5, 1.0, -1.5, 1.0, 11, 0, logMessage(), -1.5
13, 2863, -4.5, 1.0, -1.5, 1.5, 11, 0, logMessage(), -1.0
13, 2864, -4.5, 1.0, -1.5, 2.0, 11, 0, logMessage(), -0.5
13, 2865, -4.5, 1.0, -1.5, 2.5, 11, 0, logMessage(), 0.0
13, 2866, -4.5, 1.0, -1.5, 3.0, 11, 0, logMessage(), 0.5
13, 2867, -4.5, 1.0, -1.5, 3.5, 11, 0, logMessage(), 1.0
13, 2868, -4.5, 1.0, -1.5, 4.0, 11, 4, println(), -3.5
13, 2869, -4.5, 1.0, -1.5, 4.5, 11, 4, println(), -3.5
13, 2870, -4.5, 1.0, -1.5, 5.0, 13, 0, message.logMessage(), 3.0
13, 2871, -4.5, 1.0, -1.0, 0.0, 11, 0, logMessage(), -2.5
13, 2872, -4.5, 1.0, -1.0, 0.5, 11, 0, logMessage(), -2.0
13, 2873, -4.5, 1.0, -1.0, 1.0, 11, 0, logMessage(), -1.5
13, 2874, -4.5, 1.0, -1.0, 1.5, 11, 0, logMessage(), -1.0
13, 2875, -4.5, 1.0, -1.0, 2.0, 11, 0, logMessage(), -0.5
13, 2876, -4.5, 1.0, -1.0, 2.5, 11, 0, logMessage(), 0.0
13, 2877, -4.5, 1.0, -1.0, 3.0, 11, 0, logMessage(), 0.5
13, 2878, -4.5, 1.0, -1.0, 3.5, 11, 0, logMessage(), 1.0
13, 2879, -4.5, 1.0, -1.0, 4.0, 11, 4, println(), -3.5
13, 2880, -4.5, 1.0, -1.0, 4.5, 13, 0, message.logMessage(), 2.0
13, 2881, -4.5, 1.0, -1.0, 5.0, 13, 0, message, 1.5
13, 2882, -4.5, 1.0, -0.5, 0.0, 11, 0, logMessage(), -2.5
13, 2883, -4.5, 1.0, -0.5, 0.5, 11, 0, logMessage(), -2.0
13, 2884, -4.5, 1.0, -0.5, 1.0, 11, 0, logMessage(), -1.5
13, 2885, -4.5, 1.0, -0.5, 1.5, 11, 0, logMessage(), -1.0
13, 2886, -4.5, 1.0, -0.5, 2.0, 11, 0, logMessage(), -0.5
13, 2887, -4.5, 1.0, -0.5, 2.5, 11, 0, logMessage(), 0.0
13, 2888, -4.5, 1.0, -0.5, 3.0, 11, 0, logMessage(), 0.5
13, 2889, -4.5, 1.0, -0.5, 3.5, 11, 0, logMessage(), 1.0
13, 2890, -4.5, 1.0, -0.5, 4.0, 13, 0, message.logMessage(), 1.0
13, 2891, -4.5, 1.0, -0.5, 4.5, 13, 0, message, 1.0
13, 2892, -4.5, 1.0, -0.5, 5.0, 13, 1, message, 1.5
13, 2893, -4.5, 1.0, 0.0, 0.0, 11, 0, logMessage(), -2.5
13, 2894, -4.5, 1.0, 0.0, 0.5, 11, 0, logMessage(), -2.0
13, 2895, -4.5, 1.0, 0.0, 1.0, 11, 0, logMessage(), -1.5
13, 2896, -4.5, 1.0, 0.0, 1.5, 11, 0, logMessage(), -1.0
13, 2897, -4.5, 1.0, 0.0, 2.0, 11, 0, logMessage(), -0.5
13, 2898, -4.5, 1.0, 0.0, 2.5, 11, 0, logMessage(), 0.0
13, 2899, -4.5, 1.0, 0.0, 3.0, 11, 0, logMessage(), 0.5
13, 2900, -4.5, 1.0, 0.0, 3.5, 11, 0, logMessage(), 1.0
13, 2901, -4.5, 1.0, 0.0, 4.0, 13, 0, message, 0.5
13, 2902, -4.5, 1.0, 0.0, 4.5, 13, 1, message, 1.0
13, 2903, -4.5, 1.0, 0.0, 5.0, 13, 1, message, 1.5
13, 2904, -4.0, 1.0, -5.0, 0.0, 11, 0, logMessage(), -2.0
13, 2905, -4.0, 1.0, -5.0, 0.5, 11, 0, logMessage(), -1.5
13, 2906, -4.0, 1.0, -5.0, 1.0, 11, 0, logMessage(), -1.0
13, 2907, -4.0, 1.0, -5.0, 1.5, 11, 0, logMessage(), -0.5
13, 2908, -4.0, 1.0, -5.0, 2.0, 11, 0, logMessage(), 0.0
13, 2909, -4.0, 1.0, -5.0, 2.5, 11, 0, logMessage(), 0.5
13, 2910, -4.0, 1.0, -5.0, 3.0, 11, 0, logMessage(), 1.0
13, 2911, -4.0, 1.0, -5.0, 3.5, 11, 4, println(), -3.0
13, 2912, -4.0, 1.0, -5.0, 4.0, 11, 4, println(), -3.0
13, 2913, -4.0, 1.0, -5.0, 4.5, 11, 4, println(), -3.0
13, 2914, -4.0, 1.0, -5.0, 5.0, 13, 0, message.logMessage(), 4.0
13, 2915, -4.0, 1.0, -4.5, 0.0, 11, 0, logMessage(), -2.0
13, 2916, -4.0, 1.0, -4.5, 0.5, 11, 0, logMessage(), -1.5
13, 2917, -4.0, 1.0, -4.5, 1.0, 11, 0, logMessage(), -1.0
13, 2918, -4.0, 1.0, -4.5, 1.5, 11, 0, logMessage(), -0.5
13, 2919, -4.0, 1.0, -4.5, 2.0, 11, 0, logMessage(), 0.0
13, 2920, -4.0, 1.0, -4.5, 2.5, 11, 0, logMessage(), 0.5
13, 2921, -4.0, 1.0, -4.5, 3.0, 11, 0, logMessage(), 1.0
13, 2922, -4.0, 1.0, -4.5, 3.5, 11, 4, println(), -3.0
13, 2923, -4.0, 1.0, -4.5, 4.0, 11, 4, println(), -3.0
13, 2924, -4.0, 1.0, -4.5, 4.5, 11, 4, println(), -3.0
13, 2925, -4.0, 1.0, -4.5, 5.0, 13, 0, message.logMessage(), 4.0
13, 2926, -4.0, 1.0, -4.0, 0.0, 11, 0, logMessage(), -2.0
13, 2927, -4.0, 1.0, -4.0, 0.5, 11, 0, logMessage(), -1.5
13, 2928, -4.0, 1.0, -4.0, 1.0, 11, 0, logMessage(), -1.0
13, 2929, -4.0, 1.0, -4.0, 1.5, 11, 0, logMessage(), -0.5
13, 2930, -4.0, 1.0, -4.0, 2.0, 11, 0, logMessage(), 0.0
13, 2931, -4.0, 1.0, -4.0, 2.5, 11, 0, logMessage(), 0.5
13, 2932, -4.0, 1.0, -4.0, 3.0, 11, 0, logMessage(), 1.0
13, 2933, -4.0, 1.0, -4.0, 3.5, 11, 4, println(), -3.0
13, 2934, -4.0, 1.0, -4.0, 4.0, 11, 4, println(), -3.0
13, 2935, -4.0, 1.0, -4.0, 4.5, 11, 4, println(), -3.0
13, 2936, -4.0, 1.0, -4.0, 5.0, 13, 0, message.logMessage(), 4.0
13, 2937, -4.0, 1.0, -3.5, 0.0, 11, 0, logMessage(), -2.0
13, 2938, -4.0, 1.0, -3.5, 0.5, 11, 0, logMessage(), -1.5
13, 2939, -4.0, 1.0, -3.5, 1.0, 11, 0, logMessage(), -1.0
13, 2940, -4.0, 1.0, -3.5, 1.5, 11, 0, logMessage(), -0.5
13, 2941, -4.0, 1.0, -3.5, 2.0, 11, 0, logMessage(), 0.0
13, 2942, -4.0, 1.0, -3.5, 2.5, 11, 0, logMessage(), 0.5
13, 2943, -4.0, 1.0, -3.5, 3.0, 11, 0, logMessage(), 1.0
13, 2944, -4.0, 1.0, -3.5, 3.5, 11, 4, println(), -3.0
13, 2945, -4.0, 1.0, -3.5, 4.0, 11, 4, println(), -3.0
13, 2946, -4.0, 1.0, -3.5, 4.5, 11, 4, println(), -3.0
13, 2947, -4.0, 1.0, -3.5, 5.0, 13, 0, message.logMessage(), 4.0
13, 2948, -4.0, 1.0, -3.0, 0.0, 11, 0, logMessage(), -2.0
13, 2949, -4.0, 1.0, -3.0, 0.5, 11, 0, logMessage(), -1.5
13, 2950, -4.0, 1.0, -3.0, 1.0, 11, 0, logMessage(), -1.0
13, 2951, -4.0, 1.0, -3.0, 1.5, 11, 0, logMessage(), -0.5
13, 2952, -4.0, 1.0, -3.0, 2.0, 11, 0, logMessage(), 0.0
13, 2953, -4.0, 1.0, -3.0, 2.5, 11, 0, logMessage(), 0.5
13, 2954, -4.0, 1.0, -3.0, 3.0, 11, 0, logMessage(), 1.0
13, 2955, -4.0, 1.0, -3.0, 3.5, 11, 4, println(), -3.0
13, 2956, -4.0, 1.0, -3.0, 4.0, 11, 4, println(), -3.0
13, 2957, -4.0, 1.0, -3.0, 4.5, 13, 0, message.logMessage(), 3.0
13, 2958, -4.0, 1.0, -3.0, 5.0, 13, 0, message.logMessage(), 4.0
13, 2959, -4.0, 1.0, -2.5, 0.0, 11, 0, logMessage(), -2.0
13, 2960, -4.0, 1.0, -2.5, 0.5, 11, 0, logMessage(), -1.5
13, 2961, -4.0, 1.0, -2.5, 1.0, 11, 0, logMessage(), -1.0
13, 2962, -4.0, 1.0, -2.5, 1.5, 11, 0, logMessage(), -0.5
13, 2963, -4.0, 1.0, -2.5, 2.0, 11, 0, logMessage(), 0.0
13, 2964, -4.0, 1.0, -2.5, 2.5, 11, 0, logMessage(), 0.5
13, 2965, -4.0, 1.0, -2.5, 3.0, 11, 0, logMessage(), 1.0
13, 2966, -4.0, 1.0, -2.5, 3.5, 11, 4, println(), -3.0
13, 2967, -4.0, 1.0, -2.5, 4.0, 11, 4, println(), -3.0
13, 2968, -4.0, 1.0, -2.5, 4.5, 13, 0, message.logMessage(), 3.0
13, 2969, -4.0, 1.0, -2.5, 5.0, 13, 0, message.logMessage(), 4.0
13, 2970, -4.0, 1.0, -2.0, 0.0, 11, 0, logMessage(), -2.0
13, 2971, -4.0, 1.0, -2.0, 0.5, 11, 0, logMessage(), -1.5
13, 2972, -4.0, 1.0, -2.0, 1.0, 11, 0, logMessage(), -1.0
13, 2973, -4.0, 1.0, -2.0, 1.5, 11, 0, logMessage(), -0.5
13, 2974, -4.0, 1.0, -2.0, 2.0, 11, 0, logMessage(), 0.0
13, 2975, -4.0, 1.0, -2.0, 2.5, 11, 0, logMessage(), 0.5
13, 2976, -4.0, 1.0, -2.0, 3.0, 11, 0, logMessage(), 1.0
13, 2977, -4.0, 1.0, -2.0, 3.5, 11, 4, println(), -3.0
13, 2978, -4.0, 1.0, -2.0, 4.0, 11, 4, println(), -3.0
13, 2979, -4.0, 1.0, -2.0, 4.5, 13, 0, message.logMessage(), 3.0
13, 2980, -4.0, 1.0, -2.0, 5.0, 13, 0, message.logMessage(), 4.0
13, 2981, -4.0, 1.0, -1.5, 0.0, 11, 0, logMessage(), -2.0
13, 2982, -4.0, 1.0, -1.5, 0.5, 11, 0, logMessage(), -1.5
13, 2983, -4.0, 1.0, -1.5, 1.0, 11, 0, logMessage(), -1.0
13, 2984, -4.0, 1.0, -1.5, 1.5, 11, 0, logMessage(), -0.5
13, 2985, -4.0, 1.0, -1.5, 2.0, 11, 0, logMessage(), 0.0
13, 2986, -4.0, 1.0, -1.5, 2.5, 11, 0, logMessage(), 0.5
13, 2987, -4.0, 1.0, -1.5, 3.0, 11, 0, logMessage(), 1.0
13, 2988, -4.0, 1.0, -1.5, 3.5, 11, 4, println(), -3.0
13, 2989, -4.0, 1.0, -1.5, 4.0, 11, 4, println(), -3.0
13, 2990, -4.0, 1.0, -1.5, 4.5, 13, 0, message.logMessage(), 3.0
13, 2991, -4.0, 1.0, -1.5, 5.0, 13, 0, message, 2.0
13, 2992, -4.0, 1.0, -1.0, 0.0, 11, 0, logMessage(), -2.0
13, 2993, -4.0, 1.0, -1.0, 0.5, 11, 0, logMessage(), -1.5
13, 2994, -4.0, 1.0, -1.0, 1.0, 11, 0, logMessage(), -1.0
13, 2995, -4.0, 1.0, -1.0, 1.5, 11, 0, logMessage(), -0.5
13, 2996, -4.0, 1.0, -1.0, 2.0, 11, 0, logMessage(), 0.0
13, 2997, -4.0, 1.0, -1.0, 2.5, 11, 0, logMessage(), 0.5
13, 2998, -4.0, 1.0, -1.0, 3.0, 11, 0, logMessage(), 1.0
13, 2999, -4.0, 1.0, -1.0, 3.5, 11, 4, println(), -3.0
13, 3000, -4.0, 1.0, -1.0, 4.0, 13, 0, message.logMessage(), 2.0
13, 3001, -4.0, 1.0, -1.0, 4.5, 13, 0, message, 1.5
13, 3002, -4.0, 1.0, -1.0, 5.0, 13, 1, message, 2.0
13, 3003, -4.0, 1.0, -0.5, 0.0, 11, 0, logMessage(), -2.0
13, 3004, -4.0, 1.0, -0.5, 0.5, 11, 0, logMessage(), -1.5
13, 3005, -4.0, 1.0, -0.5, 1.0, 11, 0, logMessage(), -1.0
13, 3006, -4.0, 1.0, -0.5, 1.5, 11, 0, logMessage(), -0.5
13, 3007, -4.0, 1.0, -0.5, 2.0, 11, 0, logMessage(), 0.0
13, 3008, -4.0, 1.0, -0.5, 2.5, 11, 0, logMessage(), 0.5
13, 3009, -4.0, 1.0, -0.5, 3.0, 11, 0, logMessage(), 1.0
13, 3010, -4.0, 1.0, -0.5, 3.5, 13, 0, message.logMessage(), 1.0
13, 3011, -4.0, 1.0, -0.5, 4.0, 13, 0, message, 1.0
13, 3012, -4.0, 1.0, -0.5, 4.5, 13, 1, message, 1.5
13, 3013, -4.0, 1.0, -0.5, 5.0, 13, 1, message, 2.0
13, 3014, -4.0, 1.0, 0.0, 0.0, 11, 0, logMessage(), -2.0
13, 3015, -4.0, 1.0, 0.0, 0.5, 11, 0, logMessage(), -1.5
13, 3016, -4.0, 1.0, 0.0, 1.0, 11, 0, logMessage(), -1.0
13, 3017, -4.0, 1.0, 0.0, 1.5, 11, 0, logMessage(), -0.5
13, 3018, -4.0, 1.0, 0.0, 2.0, 11, 0, logMessage(), 0.0
13, 3019, -4.0, 1.0, 0.0, 2.5, 11, 0, logMessage(), 0.5
13, 3020, -4.0, 1.0, 0.0, 3.0, 11, 0, logMessage(), 1.0
13, 3021, -4.0, 1.0, 0.0, 3.5, 13, 0, message, 0.5
13, 3022, -4.0, 1.0, 0.0, 4.0, 13, 1, message, 1.0
13, 3023, -4.0, 1.0, 0.0, 4.5, 13, 1, message, 1.5
13, 3024, -4.0, 1.0, 0.0, 5.0, 13, 4, message, 2.0
13, 3025, -3.5, 1.0, -5.0, 0.0, 11, 0, logMessage(), -1.5
13, 3026, -3.5, 1.0, -5.0, 0.5, 11, 0, logMessage(), -1.0
13, 3027, -3.5, 1.0, -5.0, 1.0, 11, 0, logMessage(), -0.5
13, 3028, -3.5, 1.0, -5.0, 1.5, 11, 0, logMessage(), 0.0
13, 3029, -3.5, 1.0, -5.0, 2.0, 11, 0, logMessage(), 0.5
13, 3030, -3.5, 1.0, -5.0, 2.5, 11, 0, logMessage(), 1.0
13, 3031, -3.5, 1.0, -5.0, 3.0, 11, 4, println(), -2.5
13, 3032, -3.5, 1.0, -5.0, 3.5, 11, 4, println(), -2.5
13, 3033, -3.5, 1.0, -5.0, 4.0, 11, 4, println(), -2.5
13, 3034, -3.5, 1.0, -5.0, 4.5, 13, 0, message.logMessage(), 4.0
13, 3035, -3.5, 1.0, -5.0, 5.0, 13, 0, message.logMessage(), 5.0
13, 3036, -3.5, 1.0, -4.5, 0.0, 11, 0, logMessage(), -1.5
13, 3037, -3.5, 1.0, -4.5, 0.5, 11, 0, logMessage(), -1.0
13, 3038, -3.5, 1.0, -4.5, 1.0, 11, 0, logMessage(), -0.5
13, 3039, -3.5, 1.0, -4.5, 1.5, 11, 0, logMessage(), 0.0
13, 3040, -3.5, 1.0, -4.5, 2.0, 11, 0, logMessage(), 0.5
13, 3041, -3.5, 1.0, -4.5, 2.5, 11, 0, logMessage(), 1.0
13, 3042, -3.5, 1.0, -4.5, 3.0, 11, 4, println(), -2.5
13, 3043, -3.5, 1.0, -4.5, 3.5, 11, 4, println(), -2.5
13, 3044, -3.5, 1.0, -4.5, 4.0, 11, 4, println(), -2.5
13, 3045, -3.5, 1.0, -4.5, 4.5, 13, 0, message.logMessage(), 4.0
13, 3046, -3.5, 1.0, -4.5, 5.0, 13, 0, message.logMessage(), 5.0
13, 3047, -3.5, 1.0, -4.0, 0.0, 11, 0, logMessage(), -1.5
13, 3048, -3.5, 1.0, -4.0, 0.5, 11, 0, logMessage(), -1.0
13, 3049, -3.5, 1.0, -4.0, 1.0, 11, 0, logMessage(), -0.5
13, 3050, -3.5, 1.0, -4.0, 1.5, 11, 0, logMessage(), 0.0
13, 3051, -3.5, 1.0, -4.0, 2.0, 11, 0, logMessage(), 0.5
13, 3052, -3.5, 1.0, -4.0, 2.5, 11, 0, logMessage(), 1.0
13, 3053, -3.5, 1.0, -4.0, 3.0, 11, 4, println(), -2.5
13, 3054, -3.5, 1.0, -4.0, 3.5, 11, 4, println(), -2.5
13, 3055, -3.5, 1.0, -4.0, 4.0, 11, 4, println(), -2.5
13, 3056, -3.5, 1.0, -4.0, 4.5, 13, 0, message.logMessage(), 4.0
13, 3057, -3.5, 1.0, -4.0, 5.0, 13, 0, message.logMessage(), 5.0
13, 3058, -3.5, 1.0, -3.5, 0.0, 11, 0, logMessage(), -1.5
13, 3059, -3.5, 1.0, -3.5, 0.5, 11, 0, logMessage(), -1.0
13, 3060, -3.5, 1.0, -3.5, 1.0, 11, 0, logMessage(), -0.5
13, 3061, -3.5, 1.0, -3.5, 1.5, 11, 0, logMessage(), 0.0
13, 3062, -3.5, 1.0, -3.5, 2.0, 11, 0, logMessage(), 0.5
13, 3063, -3.5, 1.0, -3.5, 2.5, 11, 0, logMessage(), 1.0
13, 3064, -3.5, 1.0, -3.5, 3.0, 11, 4, println(), -2.5
13, 3065, -3.5, 1.0, -3.5, 3.5, 11, 4, println(), -2.5
13, 3066, -3.5, 1.0, -3.5, 4.0, 11, 4, println(), -2.5
13, 3067, -3.5, 1.0, -3.5, 4.5, 13, 0, message.logMessage(), 4.0
13, 3068, -3.5, 1.0, -3.5, 5.0, 13, 0, message.logMessage(), 5.0
13, 3069, -3.5, 1.0, -3.0, 0.0, 11, 0, logMessage(), -1.5
13, 3070, -3.5, 1.0, -3.0, 0.5, 11, 0, logMessage(), -1.0
13, 3071, -3.5, 1.0, -3.0, 1.0, 11, 0, logMessage(), -0.5
13, 3072, -3.5, 1.0, -3.0, 1.5, 11, 0, logMessage(), 0.0
13, 3073, -3.5, 1.0, -3.0, 2.0, 11, 0, logMessage(), 0.5
13, 3074, -3.5, 1.0, -3.0, 2.5, 11, 0, logMessage(), 1.0
13, 3075, -3.5, 1.0, -3.0, 3.0, 11, 4, println(), -2.5
13, 3076, -3.5, 1.0, -3.0, 3.5, 11, 4, println(), -2.5
13, 3077, -3.5, 1.0, -3.0, 4.0, 13, 0, message.logMessage(), 3.0
13, 3078, -3.5, 1.0, -3.0, 4.5, 13, 0, message.logMessage(), 4.0
13, 3079, -3.5, 1.0, -3.0, 5.0, 13, 0, message.logMessage(), 5.0
13, 3080, -3.5, 1.0, -2.5, 0.0, 11, 0, logMessage(), -1.5
13, 3081, -3.5, 1.0, -2.5, 0.5, 11, 0, logMessage(), -1.0
13, 3082, -3.5, 1.0, -2.5, 1.0, 11, 0, logMessage(), -0.5
13, 3083, -3.5, 1.0, -2.5, 1.5, 11, 0, logMessage(), 0.0
13, 3084, -3.5, 1.0, -2.5, 2.0, 11, 0, logMessage(), 0.5
13, 3085, -3.5, 1.0, -2.5, 2.5, 11, 0, logMessage(), 1.0
13, 3086, -3.5, 1.0, -2.5, 3.0, 11, 4, println(), -2.5
13, 3087, -3.5, 1.0, -2.5, 3.5, 11, 4, println(), -2.5
13, 3088, -3.5, 1.0, -2.5, 4.0, 13, 0, message.logMessage(), 3.0
13, 3089, -3.5, 1.0, -2.5, 4.5, 13, 0, message.logMessage(), 4.0
13, 3090, -3.5, 1.0, -2.5, 5.0, 13, 0, message.logMessage(), 5.0
13, 3091, -3.5, 1.0, -2.0, 0.0, 11, 0, logMessage(), -1.5
13, 3092, -3.5, 1.0, -2.0, 0.5, 11, 0, logMessage(), -1.0
13, 3093, -3.5, 1.0, -2.0, 1.0, 11, 0, logMessage(), -0.5
13, 3094, -3.5, 1.0, -2.0, 1.5, 11, 0, logMessage(), 0.0
13, 3095, -3.5, 1.0, -2.0, 2.0, 11, 0, logMessage(), 0.5
13, 3096, -3.5, 1.0, -2.0, 2.5, 11, 0, logMessage(), 1.0
13, 3097, -3.5, 1.0, -2.0, 3.0, 11, 4, println(), -2.5
13, 3098, -3.5, 1.0, -2.0, 3.5, 11, 4, println(), -2.5
13, 3099, -3.5, 1.0, -2.0, 4.0, 13, 0, message.logMessage(), 3.0
13, 3100, -3.5, 1.0, -2.0, 4.5, 13, 0, message.logMessage(), 4.0
13, 3101, -3.5, 1.0, -2.0, 5.0, 13, 0, message, 2.5
13, 3102, -3.5, 1.0, -1.5, 0.0, 11, 0, logMessage(), -1.5
13, 3103, -3.5, 1.0, -1.5, 0.5, 11, 0, logMessage(), -1.0
13, 3104, -3.5, 1.0, -1.5, 1.0, 11, 0, logMessage(), -0.5
13, 3105, -3.5, 1.0, -1.5, 1.5, 11, 0, logMessage(), 0.0
13, 3106, -3.5, 1.0, -1.5, 2.0, 11, 0, logMessage(), 0.5
13, 3107, -3.5, 1.0, -1.5, 2.5, 11, 0, logMessage(), 1.0
13, 3108, -3.5, 1.0, -1.5, 3.0, 11, 4, println(), -2.5
13, 3109, -3.5, 1.0, -1.5, 3.5, 11, 4, println(), -2.5
13, 3110, -3.5, 1.0, -1.5, 4.0, 13, 0, message.logMessage(), 3.0
13, 3111, -3.5, 1.0, -1.5, 4.5, 13, 0, message, 2.0
13, 3112, -3.5, 1.0, -1.5, 5.0, 13, 1, message, 2.5
13, 3113, -3.5, 1.0, -1.0, 0.0, 11, 0, logMessage(), -1.5
13, 3114, -3.5, 1.0, -1.0, 0.5, 11, 0, logMessage(), -1.0
13, 3115, -3.5, 1.0, -1.0, 1.0, 11, 0, logMessage(), -0.5
13, 3116, -3.5, 1.0, -1.0, 1.5, 11, 0, logMessage(), 0.0
13, 3117, -3.5, 1.0, -1.0, 2.0, 11, 0, logMessage(), 0.5
13, 3118, -3.5, 1.0, -1.0, 2.5, 11, 0, logMessage(), 1.0
13, 3119, -3.5, 1.0, -1.0, 3.0, 11, 4, println(), -2.5
13, 3120, -3.5, 1.0, -1.0, 3.5, 13, 0, message.logMessage(), 2.0
13, 3121, -3.5, 1.0, -1.0, 4.0, 13, 0, message, 1.5
13, 3122, -3.5, 1.0, -1.0, 4.5, 13, 1, message, 2.0
13, 3123, -3.5, 1.0, -1.0, 5.0, 13, 2, message, 2.5
13, 3124, -3.5, 1.0, -0.5, 0.0, 11, 0, logMessage(), -1.5
13, 3125, -3.5, 1.0, -0.5, 0.5, 11, 0, logMessage(), -1.0
13, 3126, -3.5, 1.0, -0.5, 1.0, 11, 0, logMessage(), -0.5
13, 3127, -3.5, 1.0, -0.5, 1.5, 11, 0, logMessage(), 0.0
13, 3128, -3.5, 1.0, -0.5, 2.0, 11, 0, logMessage(), 0.5
13, 3129, -3.5, 1.0, -0.5, 2.5, 11, 0, logMessage(), 1.0
13, 3130, -3.5, 1.0, -0.5, 3.0, 13, 0, message.logMessage(), 1.0
13, 3131, -3.5, 1.0, -0.5, 3.5, 13, 0, message, 1.0
13, 3132, -3.5, 1.0, -0.5, 4.0, 13, 1, message, 1.5
13, 3133, -3.5, 1.0, -0.5, 4.5, 13, 2, message, 2.0
13, 3134, -3.5, 1.0, -0.5, 5.0, 21, 0, new Task13().logMessage(message), 5.5
13, 3135, -3.5, 1.0, 0.0, 0.0, 11, 0, logMessage(), -1.5
13, 3136, -3.5, 1.0, 0.0, 0.5, 11, 0, logMessage(), -1.0
13, 3137, -3.5, 1.0, 0.0, 1.0, 11, 0, logMessage(), -0.5
13, 3138, -3.5, 1.0, 0.0, 1.5, 11, 0, logMessage(), 0.0
13, 3139, -3.5, 1.0, 0.0, 2.0, 11, 0, logMessage(), 0.5
13, 3140, -3.5, 1.0, 0.0, 2.5, 11, 0, logMessage(), 1.0
13, 3141, -3.5, 1.0, 0.0, 3.0, 13, 0, message, 0.5
13, 3142, -3.5, 1.0, 0.0, 3.5, 13, 1, message, 1.0
13, 3143, -3.5, 1.0, 0.0, 4.0, 13, 2, message, 1.5
13, 3144, -3.5, 1.0, 0.0, 4.5, 21, 0, new Task13().logMessage(message), 5.0
13, 3145, -3.5, 1.0, 0.0, 5.0, 21, 2, new Task13().logMessage(message), 6.5
13, 3146, -3.0, 1.0, -5.0, 0.0, 11, 0, logMessage(), -1.0
13, 3147, -3.0, 1.0, -5.0, 0.5, 11, 0, logMessage(), -0.5
13, 3148, -3.0, 1.0, -5.0, 1.0, 11, 0, logMessage(), 0.0
13, 3149, -3.0, 1.0, -5.0, 1.5, 11, 0, logMessage(), 0.5
13, 3150, -3.0, 1.0, -5.0, 2.0, 11, 0, logMessage(), 1.0
13, 3151, -3.0, 1.0, -5.0, 2.5, 11, 4, println(), -2.0
13, 3152, -3.0, 1.0, -5.0, 3.0, 11, 4, println(), -2.0
13, 3153, -3.0, 1.0, -5.0, 3.5, 11, 4, println(), -2.0
13, 3154, -3.0, 1.0, -5.0, 4.0, 13, 0, message.logMessage(), 4.0
13, 3155, -3.0, 1.0, -5.0, 4.5, 0, 2, log.println(message), 3.0
13, 3156, -3.0, 1.0, -5.0, 5.0, 0, 2, log.println(message), 4.0
13, 3157, -3.0, 1.0, -4.5, 0.0, 11, 0, logMessage(), -1.0
13, 3158, -3.0, 1.0, -4.5, 0.5, 11, 0, logMessage(), -0.5
13, 3159, -3.0, 1.0, -4.5, 1.0, 11, 0, logMessage(), 0.0
13, 3160, -3.0, 1.0, -4.5, 1.5, 11, 0, logMessage(), 0.5
13, 3161, -3.0, 1.0, -4.5, 2.0, 11, 0, logMessage(), 1.0
13, 3162, -3.0, 1.0, -4.5, 2.5, 11, 4, println(), -2.0
13, 3163, -3.0, 1.0, -4.5, 3.0, 11, 4, println(), -2.0
13, 3164, -3.0, 1.0, -4.5, 3.5, 11, 4, println(), -2.0
13, 3165, -3.0, 1.0, -4.5, 4.0, 13, 0, message.logMessage(), 4.0
13, 3166, -3.0, 1.0, -4.5, 4.5, 0, 2, log.println(message), 3.0
13, 3167, -3.0, 1.0, -4.5, 5.0, 0, 2, log.println(message), 4.0
13, 3168, -3.0, 1.0, -4.0, 0.0, 11, 0, logMessage(), -1.0
13, 3169, -3.0, 1.0, -4.0, 0.5, 11, 0, logMessage(), -0.5
13, 3170, -3.0, 1.0, -4.0, 1.0, 11, 0, logMessage(), 0.0
13, 3171, -3.0, 1.0, -4.0, 1.5, 11, 0, logMessage(), 0.5
13, 3172, -3.0, 1.0, -4.0, 2.0, 11, 0, logMessage(), 1.0
13, 3173, -3.0, 1.0, -4.0, 2.5, 11, 4, println(), -2.0
13, 3174, -3.0, 1.0, -4.0, 3.0, 11, 4, println(), -2.0
13, 3175, -3.0, 1.0, -4.0, 3.5, 11, 4, println(), -2.0
13, 3176, -3.0, 1.0, -4.0, 4.0, 13, 0, message.logMessage(), 4.0
13, 3177, -3.0, 1.0, -4.0, 4.5, 0, 2, log.println(message), 3.0
13, 3178, -3.0, 1.0, -4.0, 5.0, 0, 2, log.println(message), 4.0
13, 3179, -3.0, 1.0, -3.5, 0.0, 11, 0, logMessage(), -1.0
13, 3180, -3.0, 1.0, -3.5, 0.5, 11, 0, logMessage(), -0.5
13, 3181, -3.0, 1.0, -3.5, 1.0, 11, 0, logMessage(), 0.0
13, 3182, -3.0, 1.0, -3.5, 1.5, 11, 0, logMessage(), 0.5
13, 3183, -3.0, 1.0, -3.5, 2.0, 11, 0, logMessage(), 1.0
13, 3184, -3.0, 1.0, -3.5, 2.5, 11, 4, println(), -2.0
13, 3185, -3.0, 1.0, -3.5, 3.0, 11, 4, println(), -2.0
13, 3186, -3.0, 1.0, -3.5, 3.5, 11, 4, println(), -2.0
13, 3187, -3.0, 1.0, -3.5, 4.0, 13, 0, message.logMessage(), 4.0
13, 3188, -3.0, 1.0, -3.5, 4.5, 0, 2, log.println(message), 3.0
13, 3189, -3.0, 1.0, -3.5, 5.0, 0, 2, log.println(message), 4.0
13, 3190, -3.0, 1.0, -3.0, 0.0, 11, 0, logMessage(), -1.0
13, 3191, -3.0, 1.0, -3.0, 0.5, 11, 0, logMessage(), -0.5
13, 3192, -3.0, 1.0, -3.0, 1.0, 11, 0, logMessage(), 0.0
13, 3193, -3.0, 1.0, -3.0, 1.5, 11, 0, logMessage(), 0.5
13, 3194, -3.0, 1.0, -3.0, 2.0, 11, 0, logMessage(), 1.0
13, 3195, -3.0, 1.0, -3.0, 2.5, 11, 4, println(), -2.0
13, 3196, -3.0, 1.0, -3.0, 3.0, 11, 4, println(), -2.0
13, 3197, -3.0, 1.0, -3.0, 3.5, 13, 0, message.logMessage(), 3.0
13, 3198, -3.0, 1.0, -3.0, 4.0, 13, 0, message.logMessage(), 4.0
13, 3199, -3.0, 1.0, -3.0, 4.5, 0, 2, log.println(message), 3.0
13, 3200, -3.0, 1.0, -3.0, 5.0, 0, 2, log.println(message), 4.0
13, 3201, -3.0, 1.0, -2.5, 0.0, 11, 0, logMessage(), -1.0
13, 3202, -3.0, 1.0, -2.5, 0.5, 11, 0, logMessage(), -0.5
13, 3203, -3.0, 1.0, -2.5, 1.0, 11, 0, logMessage(), 0.0
13, 3204, -3.0, 1.0, -2.5, 1.5, 11, 0, logMessage(), 0.5
13, 3205, -3.0, 1.0, -2.5, 2.0, 11, 0, logMessage(), 1.0
13, 3206, -3.0, 1.0, -2.5, 2.5, 11, 4, println(), -2.0
13, 3207, -3.0, 1.0, -2.5, 3.0, 11, 4, println(), -2.0
13, 3208, -3.0, 1.0, -2.5, 3.5, 13, 0, message.logMessage(), 3.0
13, 3209, -3.0, 1.0, -2.5, 4.0, 13, 0, message.logMessage(), 4.0
13, 3210, -3.0, 1.0, -2.5, 4.5, 0, 2, log.println(message), 3.0
13, 3211, -3.0, 1.0, -2.5, 5.0, 0, 0, log.println(message), 4.0
13, 3212, -3.0, 1.0, -2.0, 0.0, 11, 0, logMessage(), -1.0
13, 3213, -3.0, 1.0, -2.0, 0.5, 11, 0, logMessage(), -0.5
13, 3214, -3.0, 1.0, -2.0, 1.0, 11, 0, logMessage(), 0.0
13, 3215, -3.0, 1.0, -2.0, 1.5, 11, 0, logMessage(), 0.5
13, 3216, -3.0, 1.0, -2.0, 2.0, 11, 0, logMessage(), 1.0
13, 3217, -3.0, 1.0, -2.0, 2.5, 11, 4, println(), -2.0
13, 3218, -3.0, 1.0, -2.0, 3.0, 11, 4, println(), -2.0
13, 3219, -3.0, 1.0, -2.0, 3.5, 13, 0, message.logMessage(), 3.0
13, 3220, -3.0, 1.0, -2.0, 4.0, 13, 0, message.logMessage(), 4.0
13, 3221, -3.0, 1.0, -2.0, 4.5, 0, 0, log.println(message), 3.0
13, 3222, -3.0, 1.0, -2.0, 5.0, 0, 0, log.println(message), 4.0
13, 3223, -3.0, 1.0, -1.5, 0.0, 11, 0, logMessage(), -1.0
13, 3224, -3.0, 1.0, -1.5, 0.5, 11, 0, logMessage(), -0.5
13, 3225, -3.0, 1.0, -1.5, 1.0, 11, 0, logMessage(), 0.0
13, 3226, -3.0, 1.0, -1.5, 1.5, 11, 0, logMessage(), 0.5
13, 3227, -3.0, 1.0, -1.5, 2.0, 11, 0, logMessage(), 1.0
13, 3228, -3.0, 1.0, -1.5, 2.5, 11, 4, println(), -2.0
13, 3229, -3.0, 1.0, -1.5, 3.0, 11, 4, println(), -2.0
13, 3230, -3.0, 1.0, -1.5, 3.5, 13, 0, message.logMessage(), 3.0
13, 3231, -3.0, 1.0, -1.5, 4.0, 13, 0, message, 2.0
13, 3232, -3.0, 1.0, -1.5, 4.5, 0, 1, log.println(message), 3.0
13, 3233, -3.0, 1.0, -1.5, 5.0, 0, 2, log.println(message), 4.0
13, 3234, -3.0, 1.0, -1.0, 0.0, 11, 0, logMessage(), -1.0
13, 3235, -3.0, 1.0, -1.0, 0.5, 11, 0, logMessage(), -0.5
13, 3236, -3.0, 1.0, -1.0, 1.0, 11, 0, logMessage(), 0.0
13, 3237, -3.0, 1.0, -1.0, 1.5, 11, 0, logMessage(), 0.5
13, 3238, -3.0, 1.0, -1.0, 2.0, 11, 0, logMessage(), 1.0
13, 3239, -3.0, 1.0, -1.0, 2.5, 11, 4, println(), -2.0
13, 3240, -3.0, 1.0, -1.0, 3.0, 13, 0, message.logMessage(), 2.0
13, 3241, -3.0, 1.0, -1.0, 3.5, 13, 0, message, 1.5
13, 3242, -3.0, 1.0, -1.0, 4.0, 13, 1, message, 2.0
13, 3243, -3.0, 1.0, -1.0, 4.5, 0, 2, log.println(message), 3.0
13, 3244, -3.0, 1.0, -1.0, 5.0, 0, 4, log.println(message), 4.0
13, 3245, -3.0, 1.0, -0.5, 0.0, 11, 0, logMessage(), -1.0
13, 3246, -3.0, 1.0, -0.5, 0.5, 11, 0, logMessage(), -0.5
13, 3247, -3.0, 1.0, -0.5, 1.0, 11, 0, logMessage(), 0.0
13, 3248, -3.0, 1.0, -0.5, 1.5, 11, 0, logMessage(), 0.5
13, 3249, -3.0, 1.0, -0.5, 2.0, 11, 0, logMessage(), 1.0
13, 3250, -3.0, 1.0, -0.5, 2.5, 13, 0, message.logMessage(), 1.0
13, 3251, -3.0, 1.0, -0.5, 3.0, 13, 0, message, 1.0
13, 3252, -3.0, 1.0, -0.5, 3.5, 13, 1, message, 1.5
13, 3253, -3.0, 1.0, -0.5, 4.0, 13, 3, message, 2.0
13, 3254, -3.0, 1.0, -0.5, 4.5, 0, 4, log.println(message), 3.0
13, 3255, -3.0, 1.0, -0.5, 5.0, 21, 3, new Task13().logMessage(message), 7.0
13, 3256, -3.0, 1.0, 0.0, 0.0, 11, 0, logMessage(), -1.0
13, 3257, -3.0, 1.0, 0.0, 0.5, 11, 0, logMessage(), -0.5
13, 3258, -3.0, 1.0, 0.0, 1.0, 11, 0, logMessage(), 0.0
13, 3259, -3.0, 1.0, 0.0, 1.5, 11, 0, logMessage(), 0.5
13, 3260, -3.0, 1.0, 0.0, 2.0, 11, 0, logMessage(), 1.0
13, 3261, -3.0, 1.0, 0.0, 2.5, 13, 0, message, 0.5
13, 3262, -3.0, 1.0, 0.0, 3.0, 13, 1, message, 1.0
13, 3263, -3.0, 1.0, 0.0, 3.5, 13, 3, message, 1.5
13, 3264, -3.0, 1.0, 0.0, 4.0, 21, 2, new Task13().logMessage(message), 5.0
13, 3265, -3.0, 1.0, 0.0, 4.5, 21, 2, new Task13().logMessage(message), 6.5
13, 3266, -3.0, 1.0, 0.0, 5.0, 21, 2, new Task13().logMessage(message), 8.0
13, 3267, -2.5, 1.0, -5.0, 0.0, 11, 0, logMessage(), -0.5
13, 3268, -2.5, 1.0, -5.0, 0.5, 11, 0, logMessage(), 0.0
13, 3269, -2.5, 1.0, -5.0, 1.0, 11, 0, logMessage(), 0.5
13, 3270, -2.5, 1.0, -5.0, 1.5, 11, 0, logMessage(), 1.0
13, 3271, -2.5, 1.0, -5.0, 2.0, 11, 4, println(), -1.5
13, 3272, -2.5, 1.0, -5.0, 2.5, 11, 4, println(), -1.5
13, 3273, -2.5, 1.0, -5.0, 3.0, 11, 4, println(), -1.5
13, 3274, -2.5, 1.0, -5.0, 3.5, 0, 2, log.println(message), 2.5
13, 3275, -2.5, 1.0, -5.0, 4.0, 0, 2, log.println(message), 3.5
13, 3276, -2.5, 1.0, -5.0, 4.5, 0, 2, log.println(message), 4.5
13, 3277, -2.5, 1.0, -5.0, 5.0, 0, 2, log.println(message), 5.5
13, 3278, -2.5, 1.0, -4.5, 0.0, 11, 0, logMessage(), -0.5
13, 3279, -2.5, 1.0, -4.5, 0.5, 11, 0, logMessage(), 0.0
13, 3280, -2.5, 1.0, -4.5, 1.0, 11, 0, logMessage(), 0.5
13, 3281, -2.5, 1.0, -4.5, 1.5, 11, 0, logMessage(), 1.0
13, 3282, -2.5, 1.0, -4.5, 2.0, 11, 4, println(), -1.5
13, 3283, -2.5, 1.0, -4.5, 2.5, 11, 4, println(), -1.5
13, 3284, -2.5, 1.0, -4.5, 3.0, 11, 4, println(), -1.5
13, 3285, -2.5, 1.0, -4.5, 3.5, 0, 2, log.println(message), 2.5
13, 3286, -2.5, 1.0, -4.5, 4.0, 0, 2, log.println(message), 3.5
13, 3287, -2.5, 1.0, -4.5, 4.5, 0, 2, log.println(message), 4.5
13, 3288, -2.5, 1.0, -4.5, 5.0, 0, 2, log.println(message), 5.5
13, 3289, -2.5, 1.0, -4.0, 0.0, 11, 0, logMessage(), -0.5
13, 3290, -2.5, 1.0, -4.0, 0.5, 11, 0, logMessage(), 0.0
13, 3291, -2.5, 1.0, -4.0, 1.0, 11, 0, logMessage(), 0.5
13, 3292, -2.5, 1.0, -4.0, 1.5, 11, 0, logMessage(), 1.0
13, 3293, -2.5, 1.0, -4.0, 2.0, 11, 4, println(), -1.5
13, 3294, -2.5, 1.0, -4.0, 2.5, 11, 4, println(), -1.5
13, 3295, -2.5, 1.0, -4.0, 3.0, 11, 4, println(), -1.5
13, 3296, -2.5, 1.0, -4.0, 3.5, 0, 2, log.println(message), 2.5
13, 3297, -2.5, 1.0, -4.0, 4.0, 0, 2, log.println(message), 3.5
13, 3298, -2.5, 1.0, -4.0, 4.5, 0, 2, log.println(message), 4.5
13, 3299, -2.5, 1.0, -4.0, 5.0, 0, 2, log.println(message), 5.5
13, 3300, -2.5, 1.0, -3.5, 0.0, 11, 0, logMessage(), -0.5
13, 3301, -2.5, 1.0, -3.5, 0.5, 11, 0, logMessage(), 0.0
13, 3302, -2.5, 1.0, -3.5, 1.0, 11, 0, logMessage(), 0.5
13, 3303, -2.5, 1.0, -3.5, 1.5, 11, 0, logMessage(), 1.0
13, 3304, -2.5, 1.0, -3.5, 2.0, 11, 4, println(), -1.5
13, 3305, -2.5, 1.0, -3.5, 2.5, 11, 4, println(), -1.5
13, 3306, -2.5, 1.0, -3.5, 3.0, 11, 4, println(), -1.5
13, 3307, -2.5, 1.0, -3.5, 3.5, 0, 2, log.println(message), 2.5
13, 3308, -2.5, 1.0, -3.5, 4.0, 0, 2, log.println(message), 3.5
13, 3309, -2.5, 1.0, -3.5, 4.5, 0, 2, log.println(message), 4.5
13, 3310, -2.5, 1.0, -3.5, 5.0, 0, 4, log.println(message), 5.5
13, 3311, -2.5, 1.0, -3.0, 0.0, 11, 0, logMessage(), -0.5
13, 3312, -2.5, 1.0, -3.0, 0.5, 11, 0, logMessage(), 0.0
13, 3313, -2.5, 1.0, -3.0, 1.0, 11, 0, logMessage(), 0.5
13, 3314, -2.5, 1.0, -3.0, 1.5, 11, 0, logMessage(), 1.0
13, 3315, -2.5, 1.0, -3.0, 2.0, 11, 4, println(), -1.5
13, 3316, -2.5, 1.0, -3.0, 2.5, 11, 4, println(), -1.5
13, 3317, -2.5, 1.0, -3.0, 3.0, 13, 0, message.logMessage(), 3.0
13, 3318, -2.5, 1.0, -3.0, 3.5, 0, 2, log.println(message), 2.5
13, 3319, -2.5, 1.0, -3.0, 4.0, 0, 2, log.println(message), 3.5
13, 3320, -2.5, 1.0, -3.0, 4.5, 0, 2, log.println(message), 4.5
13, 3321, -2.5, 1.0, -3.0, 5.0, 0, 0, log.println(message), 5.5
13, 3322, -2.5, 1.0, -2.5, 0.0, 11, 0, logMessage(), -0.5
13, 3323, -2.5, 1.0, -2.5, 0.5, 11, 0, logMessage(), 0.0
13, 3324, -2.5, 1.0, -2.5, 1.0, 11, 0, logMessage(), 0.5
13, 3325, -2.5, 1.0, -2.5, 1.5, 11, 0, logMessage(), 1.0
13, 3326, -2.5, 1.0, -2.5, 2.0, 11, 4, println(), -1.5
13, 3327, -2.5, 1.0, -2.5, 2.5, 11, 4, println(), -1.5
13, 3328, -2.5, 1.0, -2.5, 3.0, 13, 0, message.logMessage(), 3.0
13, 3329, -2.5, 1.0, -2.5, 3.5, 0, 2, log.println(message), 2.5
13, 3330, -2.5, 1.0, -2.5, 4.0, 0, 2, log.println(message), 3.5
13, 3331, -2.5, 1.0, -2.5, 4.5, 0, 0, log.println(message), 4.5
13, 3332, -2.5, 1.0, -2.5, 5.0, 0, 0, log.println(message), 5.5
13, 3333, -2.5, 1.0, -2.0, 0.0, 11, 0, logMessage(), -0.5
13, 3334, -2.5, 1.0, -2.0, 0.5, 11, 0, logMessage(), 0.0
13, 3335, -2.5, 1.0, -2.0, 1.0, 11, 0, logMessage(), 0.5
13, 3336, -2.5, 1.0, -2.0, 1.5, 11, 0, logMessage(), 1.0
13, 3337, -2.5, 1.0, -2.0, 2.0, 11, 4, println(), -1.5
13, 3338, -2.5, 1.0, -2.0, 2.5, 11, 4, println(), -1.5
13, 3339, -2.5, 1.0, -2.0, 3.0, 13, 0, message.logMessage(), 3.0
13, 3340, -2.5, 1.0, -2.0, 3.5, 0, 2, log.println(message), 2.5
13, 3341, -2.5, 1.0, -2.0, 4.0, 0, 0, log.println(message), 3.5
13, 3342, -2.5, 1.0, -2.0, 4.5, 0, 0, log.println(message), 4.5
13, 3343, -2.5, 1.0, -2.0, 5.0, 0, 1, log.println(message), 5.5
13, 3344, -2.5, 1.0, -1.5, 0.0, 11, 0, logMessage(), -0.5
13, 3345, -2.5, 1.0, -1.5, 0.5, 11, 0, logMessage(), 0.0
13, 3346, -2.5, 1.0, -1.5, 1.0, 11, 0, logMessage(), 0.5
13, 3347, -2.5, 1.0, -1.5, 1.5, 11, 0, logMessage(), 1.0
13, 3348, -2.5, 1.0, -1.5, 2.0, 11, 4, println(), -1.5
13, 3349, -2.5, 1.0, -1.5, 2.5, 11, 4, println(), -1.5
13, 3350, -2.5, 1.0, -1.5, 3.0, 13, 0, message.logMessage(), 3.0
13, 3351, -2.5, 1.0, -1.5, 3.5, 0, 0, log.println(message), 2.5
13, 3352, -2.5, 1.0, -1.5, 4.0, 0, 0, log.println(message), 3.5
13, 3353, -2.5, 1.0, -1.5, 4.5, 0, 2, log.println(message), 4.5
13, 3354, -2.5, 1.0, -1.5, 5.0, 0, 4, log.println(message), 5.5
13, 3355, -2.5, 1.0, -1.0, 0.0, 11, 0, logMessage(), -0.5
13, 3356, -2.5, 1.0, -1.0, 0.5, 11, 0, logMessage(), 0.0
13, 3357, -2.5, 1.0, -1.0, 1.0, 11, 0, logMessage(), 0.5
13, 3358, -2.5, 1.0, -1.0, 1.5, 11, 0, logMessage(), 1.0
13, 3359, -2.5, 1.0, -1.0, 2.0, 11, 4, println(), -1.5
13, 3360, -2.5, 1.0, -1.0, 2.5, 13, 0, message.logMessage(), 2.0
13, 3361, -2.5, 1.0, -1.0, 3.0, 13, 0, message, 1.5
13, 3362, -2.5, 1.0, -1.0, 3.5, 0, 1, log.println(message), 2.5
13, 3363, -2.5, 1.0, -1.0, 4.0, 0, 2, log.println(message), 3.5
13, 3364, -2.5, 1.0, -1.0, 4.5, 0, 4, log.println(message), 4.5
13, 3365, -2.5, 1.0, -1.0, 5.0, 0, 4, log.println(message), 5.5
13, 3366, -2.5, 1.0, -0.5, 0.0, 11, 0, logMessage(), -0.5
13, 3367, -2.5, 1.0, -0.5, 0.5, 11, 0, logMessage(), 0.0
13, 3368, -2.5, 1.0, -0.5, 1.0, 11, 0, logMessage(), 0.5
13, 3369, -2.5, 1.0, -0.5, 1.5, 11, 0, logMessage(), 1.0
13, 3370, -2.5, 1.0, -0.5, 2.0, 13, 0, message.logMessage(), 1.0
13, 3371, -2.5, 1.0, -0.5, 2.5, 13, 0, message, 1.0
13, 3372, -2.5, 1.0, -0.5, 3.0, 13, 1, message, 1.5
13, 3373, -2.5, 1.0, -0.5, 3.5, 0, 4, log.println(message), 2.5
13, 3374, -2.5, 1.0, -0.5, 4.0, 0, 4, log.println(message), 3.5
13, 3375, -2.5, 1.0, -0.5, 4.5, 21, 3, new Task13().logMessage(message), 7.0
13, 3376, -2.5, 1.0, -0.5, 5.0, 54, 0, new Task13().logMessage(message).put(new Task13().logMessage(message)), 12.0
13, 3377, -2.5, 1.0, 0.0, 0.0, 11, 0, logMessage(), -0.5
13, 3378, -2.5, 1.0, 0.0, 0.5, 11, 0, logMessage(), 0.0
13, 3379, -2.5, 1.0, 0.0, 1.0, 11, 0, logMessage(), 0.5
13, 3380, -2.5, 1.0, 0.0, 1.5, 11, 0, logMessage(), 1.0
13, 3381, -2.5, 1.0, 0.0, 2.0, 13, 0, message, 0.5
13, 3382, -2.5, 1.0, 0.0, 2.5, 13, 1, message, 1.0
13, 3383, -2.5, 1.0, 0.0, 3.0, 21, 0, new Task13().logMessage(message), 3.5
13, 3384, -2.5, 1.0, 0.0, 3.5, 21, 2, new Task13().logMessage(message), 5.0
13, 3385, -2.5, 1.0, 0.0, 4.0, 21, 2, new Task13().logMessage(message), 6.5
13, 3386, -2.5, 1.0, 0.0, 4.5, 54, 2, new Task13().logMessage(message).put(new Task13().logMessage(message)), 11.5
13, 3387, -2.5, 1.0, 0.0, 5.0, 54, 4, new Task13().logMessage(message).put(new Task13().logMessage(message)), 14.5
13, 3388, -2.0, 1.0, -5.0, 0.0, 11, 0, logMessage(), 0.0
13, 3389, -2.0, 1.0, -5.0, 0.5, 11, 0, logMessage(), 0.5
13, 3390, -2.0, 1.0, -5.0, 1.0, 11, 0, logMessage(), 1.0
13, 3391, -2.0, 1.0, -5.0, 1.5, 11, 4, println(), -1.0
13, 3392, -2.0, 1.0, -5.0, 2.0, 11, 4, println(), -1.0
13, 3393, -2.0, 1.0, -5.0, 2.5, 0, 2, log.println(message), 2.0
13, 3394, -2.0, 1.0, -5.0, 3.0, 0, 2, log.println(message), 3.0
13, 3395, -2.0, 1.0, -5.0, 3.5, 0, 2, log.println(message), 4.0
13, 3396, -2.0, 1.0, -5.0, 4.0, 0, 2, log.println(message), 5.0
13, 3397, -2.0, 1.0, -5.0, 4.5, 0, 2, log.println(message), 6.0
13, 3398, -2.0, 1.0, -5.0, 5.0, 0, 2, log.println(message), 7.0
13, 3399, -2.0, 1.0, -4.5, 0.0, 11, 0, logMessage(), 0.0
13, 3400, -2.0, 1.0, -4.5, 0.5, 11, 0, logMessage(), 0.5
13, 3401, -2.0, 1.0, -4.5, 1.0, 11, 0, logMessage(), 1.0
13, 3402, -2.0, 1.0, -4.5, 1.5, 11, 4, println(), -1.0
13, 3403, -2.0, 1.0, -4.5, 2.0, 11, 4, println(), -1.0
13, 3404, -2.0, 1.0, -4.5, 2.5, 0, 2, log.println(message), 2.0
13, 3405, -2.0, 1.0, -4.5, 3.0, 0, 2, log.println(message), 3.0
13, 3406, -2.0, 1.0, -4.5, 3.5, 0, 2, log.println(message), 4.0
13, 3407, -2.0, 1.0, -4.5, 4.0, 0, 2, log.println(message), 5.0
13, 3408, -2.0, 1.0, -4.5, 4.5, 0, 2, log.println(message), 6.0
13, 3409, -2.0, 1.0, -4.5, 5.0, 0, 4, log.println(message), 7.0
13, 3410, -2.0, 1.0, -4.0, 0.0, 11, 0, logMessage(), 0.0
13, 3411, -2.0, 1.0, -4.0, 0.5, 11, 0, logMessage(), 0.5
13, 3412, -2.0, 1.0, -4.0, 1.0, 11, 0, logMessage(), 1.0
13, 3413, -2.0, 1.0, -4.0, 1.5, 11, 4, println(), -1.0
13, 3414, -2.0, 1.0, -4.0, 2.0, 11, 4, println(), -1.0
13, 3415, -2.0, 1.0, -4.0, 2.5, 0, 2, log.println(message), 2.0
13, 3416, -2.0, 1.0, -4.0, 3.0, 0, 2, log.println(message), 3.0
13, 3417, -2.0, 1.0, -4.0, 3.5, 0, 2, log.println(message), 4.0
13, 3418, -2.0, 1.0, -4.0, 4.0, 0, 2, log.println(message), 5.0
13, 3419, -2.0, 1.0, -4.0, 4.5, 0, 2, log.println(message), 6.0
13, 3420, -2.0, 1.0, -4.0, 5.0, 0, 4, log.println(message), 7.0
13, 3421, -2.0, 1.0, -3.5, 0.0, 11, 0, logMessage(), 0.0
13, 3422, -2.0, 1.0, -3.5, 0.5, 11, 0, logMessage(), 0.5
13, 3423, -2.0, 1.0, -3.5, 1.0, 11, 0, logMessage(), 1.0
13, 3424, -2.0, 1.0, -3.5, 1.5, 11, 4, println(), -1.0
13, 3425, -2.0, 1.0, -3.5, 2.0, 11, 4, println(), -1.0
13, 3426, -2.0, 1.0, -3.5, 2.5, 0, 2, log.println(message), 2.0
13, 3427, -2.0, 1.0, -3.5, 3.0, 0, 2, log.println(message), 3.0
13, 3428, -2.0, 1.0, -3.5, 3.5, 0, 2, log.println(message), 4.0
13, 3429, -2.0, 1.0, -3.5, 4.0, 0, 2, log.println(message), 5.0
13, 3430, -2.0, 1.0, -3.5, 4.5, 0, 4, log.println(message), 6.0
13, 3431, -2.0, 1.0, -3.5, 5.0, 0, 1, log.println(message), 7.0
13, 3432, -2.0, 1.0, -3.0, 0.0, 11, 0, logMessage(), 0.0
13, 3433, -2.0, 1.0, -3.0, 0.5, 11, 0, logMessage(), 0.5
13, 3434, -2.0, 1.0, -3.0, 1.0, 11, 0, logMessage(), 1.0
13, 3435, -2.0, 1.0, -3.0, 1.5, 11, 4, println(), -1.0
13, 3436, -2.0, 1.0, -3.0, 2.0, 11, 4, println(), -1.0
13, 3437, -2.0, 1.0, -3.0, 2.5, 0, 2, log.println(message), 2.0
13, 3438, -2.0, 1.0, -3.0, 3.0, 0, 2, log.println(message), 3.0
13, 3439, -2.0, 1.0, -3.0, 3.5, 0, 2, log.println(message), 4.0
13, 3440, -2.0, 1.0, -3.0, 4.0, 0, 2, log.println(message), 5.0
13, 3441, -2.0, 1.0, -3.0, 4.5, 0, 1, log.println(message), 6.0
13, 3442, -2.0, 1.0, -3.0, 5.0, 0, 1, log.println(message), 7.0
13, 3443, -2.0, 1.0, -2.5, 0.0, 11, 0, logMessage(), 0.0
13, 3444, -2.0, 1.0, -2.5, 0.5, 11, 0, logMessage(), 0.5
13, 3445, -2.0, 1.0, -2.5, 1.0, 11, 0, logMessage(), 1.0
13, 3446, -2.0, 1.0, -2.5, 1.5, 11, 4, println(), -1.0
13, 3447, -2.0, 1.0, -2.5, 2.0, 11, 4, println(), -1.0
13, 3448, -2.0, 1.0, -2.5, 2.5, 0, 2, log.println(message), 2.0
13, 3449, -2.0, 1.0, -2.5, 3.0, 0, 2, log.println(message), 3.0
13, 3450, -2.0, 1.0, -2.5, 3.5, 0, 2, log.println(message), 4.0
13, 3451, -2.0, 1.0, -2.5, 4.0, 0, 0, log.println(message), 5.0
13, 3452, -2.0, 1.0, -2.5, 4.5, 0, 1, log.println(message), 6.0
13, 3453, -2.0, 1.0, -2.5, 5.0, 0, 1, log.println(message), 7.0
13, 3454, -2.0, 1.0, -2.0, 0.0, 11, 0, logMessage(), 0.0
13, 3455, -2.0, 1.0, -2.0, 0.5, 11, 0, logMessage(), 0.5
13, 3456, -2.0, 1.0, -2.0, 1.0, 11, 0, logMessage(), 1.0
13, 3457, -2.0, 1.0, -2.0, 1.5, 11, 4, println(), -1.0
13, 3458, -2.0, 1.0, -2.0, 2.0, 11, 4, println(), -1.0
13, 3459, -2.0, 1.0, -2.0, 2.5, 0, 2, log.println(message), 2.0
13, 3460, -2.0, 1.0, -2.0, 3.0, 0, 2, log.println(message), 3.0
13, 3461, -2.0, 1.0, -2.0, 3.5, 0, 0, log.println(message), 4.0
13, 3462, -2.0, 1.0, -2.0, 4.0, 0, 0, log.println(message), 5.0
13, 3463, -2.0, 1.0, -2.0, 4.5, 0, 1, log.println(message), 6.0
13, 3464, -2.0, 1.0, -2.0, 5.0, 0, 3, log.println(message), 7.0
13, 3465, -2.0, 1.0, -1.5, 0.0, 11, 0, logMessage(), 0.0
13, 3466, -2.0, 1.0, -1.5, 0.5, 11, 0, logMessage(), 0.5
13, 3467, -2.0, 1.0, -1.5, 1.0, 11, 0, logMessage(), 1.0
13, 3468, -2.0, 1.0, -1.5, 1.5, 11, 4, println(), -1.0
13, 3469, -2.0, 1.0, -1.5, 2.0, 11, 4, println(), -1.0
13, 3470, -2.0, 1.0, -1.5, 2.5, 0, 2, log.println(message), 2.0
13, 3471, -2.0, 1.0, -1.5, 3.0, 0, 0, log.println(message), 3.0
13, 3472, -2.0, 1.0, -1.5, 3.5, 0, 0, log.println(message), 4.0
13, 3473, -2.0, 1.0, -1.5, 4.0, 0, 1, log.println(message), 5.0
13, 3474, -2.0, 1.0, -1.5, 4.5, 0, 4, log.println(message), 6.0
13, 3475, -2.0, 1.0, -1.5, 5.0, 54, 3, new Task13().logMessage(message).put(new Task13().logMessage(message)), 10.5
13, 3476, -2.0, 1.0, -1.0, 0.0, 11, 0, logMessage(), 0.0
13, 3477, -2.0, 1.0, -1.0, 0.5, 11, 0, logMessage(), 0.5
13, 3478, -2.0, 1.0, -1.0, 1.0, 11, 0, logMessage(), 1.0
13, 3479, -2.0, 1.0, -1.0, 1.5, 11, 4, println(), -1.0
13, 3480, -2.0, 1.0, -1.0, 2.0, 13, 0, message.logMessage(), 2.0
13, 3481, -2.0, 1.0, -1.0, 2.5, 0, 0, log.println(message), 2.0
13, 3482, -2.0, 1.0, -1.0, 3.0, 0, 0, log.println(message), 3.0
13, 3483, -2.0, 1.0, -1.0, 3.5, 0, 2, log.println(message), 4.0
13, 3484, -2.0, 1.0, -1.0, 4.0, 0, 4, log.println(message), 5.0
13, 3485, -2.0, 1.0, -1.0, 4.5, 54, 3, new Task13().logMessage(message).put(new Task13().logMessage(message)), 10.0
13, 3486, -2.0, 1.0, -1.0, 5.0, 54, 3, new Task13().logMessage(message).put(new Task13().logMessage(message)), 13.0
13, 3487, -2.0, 1.0, -0.5, 0.0, 11, 0, logMessage(), 0.0
13, 3488, -2.0, 1.0, -0.5, 0.5, 11, 0, logMessage(), 0.5
13, 3489, -2.0, 1.0, -0.5, 1.0, 11, 0, logMessage(), 1.0
13, 3490, -2.0, 1.0, -0.5, 1.5, 13, 0, message.logMessage(), 1.0
13, 3491, -2.0, 1.0, -0.5, 2.0, 13, 0, message, 1.0
13, 3492, -2.0, 1.0, -0.5, 2.5, 0, 1, log.println(message), 2.0
13, 3493, -2.0, 1.0, -0.5, 3.0, 0, 4, log.println(message), 3.0
13, 3494, -2.0, 1.0, -0.5, 3.5, 0, 4, log.println(message), 4.0
13, 3495, -2.0, 1.0, -0.5, 4.0, 54, 0, new Task13().logMessage(message).put(new Task13().logMessage(message)), 9.5
13, 3496, -2.0, 1.0, -0.5, 4.5, 96, 4, message.replace(message, message).replace(message.replace(message, message), message.replace(message, message)), 13.5
13, 3497, -2.0, 1.0, -0.5, 5.0, 96, 4, message.replace(message, message).replace(message.replace(message, message), message.replace(message, message)), 18.0
13, 3498, -2.0, 1.0, 0.0, 0.0, 11, 0, logMessage(), 0.0
13, 3499, -2.0, 1.0, 0.0, 0.5, 11, 0, logMessage(), 0.5
13, 3500, -2.0, 1.0, 0.0, 1.0, 11, 0, logMessage(), 1.0
13, 3501, -2.0, 1.0, 0.0, 1.5, 13, 0, message, 0.5
13, 3502, -2.0, 1.0, 0.0, 2.0, 13, 1, message, 1.0
13, 3503, -2.0, 1.0, 0.0, 2.5, 0, 4, log.println(message), 2.0
13, 3504, -2.0, 1.0, 0.0, 3.0, 21, 2, new Task13().logMessage(message), 5.0
13, 3505, -2.0, 1.0, 0.0, 3.5, 54, 1, new Task13().logMessage(message).put(new Task13().logMessage(message)), 9.0
13, 3506, -2.0, 1.0, 0.0, 4.0, 54, 4, new Task13().logMessage(message).put(new Task13().logMessage(message)), 12.0
13, 3507, -2.0, 1.0, 0.0, 4.5, 96, 4, message.replace(message, message).checkConnect(message.compareTo(logMessage()), new Task13().logMessage(message)), 16.0
13, 3508, -2.0, 1.0, 0.0, 5.0, 100, 4, message.replace(message, message).replaceFirst(message.replace(message, message), message.replace(message, message)), 20.0
13, 3509, -1.5, 1.0, -5.0, 0.0, 11, 0, logMessage(), 0.5
13, 3510, -1.5, 1.0, -5.0, 0.5, 11, 0, logMessage(), 1.0
13, 3511, -1.5, 1.0, -5.0, 1.0, 11, 4, println(), -0.5
13, 3512, -1.5, 1.0, -5.0, 1.5, 0, 1, log.println(message), 1.5
13, 3513, -1.5, 1.0, -5.0, 2.0, 0, 2, log.println(message), 2.5
13, 3514, -1.5, 1.0, -5.0, 2.5, 0, 2, log.println(message), 3.5
13, 3515, -1.5, 1.0, -5.0, 3.0, 0, 2, log.println(message), 4.5
13, 3516, -1.5, 1.0, -5.0, 3.5, 0, 2, log.println(message), 5.5
13, 3517, -1.5, 1.0, -5.0, 4.0, 0, 2, log.println(message), 6.5
13, 3518, -1.5, 1.0, -5.0, 4.5, 0, 2, log.println(message), 7.5
13, 3519, -1.5, 1.0, -5.0, 5.0, 0, 4, log.println(message), 8.5
13, 3520, -1.5, 1.0, -4.5, 0.0, 11, 0, logMessage(), 0.5
13, 3521, -1.5, 1.0, -4.5, 0.5, 11, 0, logMessage(), 1.0
13, 3522, -1.5, 1.0, -4.5, 1.0, 11, 4, println(), -0.5
13, 3523, -1.5, 1.0, -4.5, 1.5, 0, 1, log.println(message), 1.5
13, 3524, -1.5, 1.0, -4.5, 2.0, 0, 2, log.println(message), 2.5
13, 3525, -1.5, 1.0, -4.5, 2.5, 0, 2, log.println(message), 3.5
13, 3526, -1.5, 1.0, -4.5, 3.0, 0, 2, log.println(message), 4.5
13, 3527, -1.5, 1.0, -4.5, 3.5, 0, 2, log.println(message), 5.5
13, 3528, -1.5, 1.0, -4.5, 4.0, 0, 2, log.println(message), 6.5
13, 3529, -1.5, 1.0, -4.5, 4.5, 0, 4, log.println(message), 7.5
13, 3530, -1.5, 1.0, -4.5, 5.0, 0, 4, log.println(message), 8.5
13, 3531, -1.5, 1.0, -4.0, 0.0, 11, 0, logMessage(), 0.5
13, 3532, -1.5, 1.0, -4.0, 0.5, 11, 0, logMessage(), 1.0
13, 3533, -1.5, 1.0, -4.0, 1.0, 11, 4, println(), -0.5
13, 3534, -1.5, 1.0, -4.0, 1.5, 0, 1, log.println(message), 1.5
13, 3535, -1.5, 1.0, -4.0, 2.0, 0, 2, log.println(message), 2.5
13, 3536, -1.5, 1.0, -4.0, 2.5, 0, 2, log.println(message), 3.5
13, 3537, -1.5, 1.0, -4.0, 3.0, 0, 2, log.println(message), 4.5
13, 3538, -1.5, 1.0, -4.0, 3.5, 0, 2, log.println(message), 5.5
13, 3539, -1.5, 1.0, -4.0, 4.0, 0, 2, log.println(message), 6.5
13, 3540, -1.5, 1.0, -4.0, 4.5, 0, 4, log.println(message), 7.5
13, 3541, -1.5, 1.0, -4.0, 5.0, 0, 1, log.println(message), 8.5
13, 3542, -1.5, 1.0, -3.5, 0.0, 11, 0, logMessage(), 0.5
13, 3543, -1.5, 1.0, -3.5, 0.5, 11, 0, logMessage(), 1.0
13, 3544, -1.5, 1.0, -3.5, 1.0, 11, 4, println(), -0.5
13, 3545, -1.5, 1.0, -3.5, 1.5, 0, 1, log.println(message), 1.5
13, 3546, -1.5, 1.0, -3.5, 2.0, 0, 2, log.println(message), 2.5
13, 3547, -1.5, 1.0, -3.5, 2.5, 0, 2, log.println(message), 3.5
13, 3548, -1.5, 1.0, -3.5, 3.0, 0, 2, log.println(message), 4.5
13, 3549, -1.5, 1.0, -3.5, 3.5, 0, 2, log.println(message), 5.5
13, 3550, -1.5, 1.0, -3.5, 4.0, 0, 4, log.println(message), 6.5
13, 3551, -1.5, 1.0, -3.5, 4.5, 0, 1, log.println(message), 7.5
13, 3552, -1.5, 1.0, -3.5, 5.0, 0, 3, log.println(message), 8.5
13, 3553, -1.5, 1.0, -3.0, 0.0, 11, 0, logMessage(), 0.5
13, 3554, -1.5, 1.0, -3.0, 0.5, 11, 0, logMessage(), 1.0
13, 3555, -1.5, 1.0, -3.0, 1.0, 11, 4, println(), -0.5
13, 3556, -1.5, 1.0, -3.0, 1.5, 0, 1, log.println(message), 1.5
13, 3557, -1.5, 1.0, -3.0, 2.0, 0, 2, log.println(message), 2.5
13, 3558, -1.5, 1.0, -3.0, 2.5, 0, 2, log.println(message), 3.5
13, 3559, -1.5, 1.0, -3.0, 3.0, 0, 2, log.println(message), 4.5
13, 3560, -1.5, 1.0, -3.0, 3.5, 0, 2, log.println(message), 5.5
13, 3561, -1.5, 1.0, -3.0, 4.0, 0, 1, log.println(message), 6.5
13, 3562, -1.5, 1.0, -3.0, 4.5, 0, 1, log.println(message), 7.5
13, 3563, -1.5, 1.0, -3.0, 5.0, 0, 3, log.println(message), 8.5
13, 3564, -1.5, 1.0, -2.5, 0.0, 11, 0, logMessage(), 0.5
13, 3565, -1.5, 1.0, -2.5, 0.5, 11, 0, logMessage(), 1.0
13, 3566, -1.5, 1.0, -2.5, 1.0, 11, 4, println(), -0.5
13, 3567, -1.5, 1.0, -2.5, 1.5, 0, 1, log.println(message), 1.5
13, 3568, -1.5, 1.0, -2.5, 2.0, 0, 2, log.println(message), 2.5
13, 3569, -1.5, 1.0, -2.5, 2.5, 0, 2, log.println(message), 3.5
13, 3570, -1.5, 1.0, -2.5, 3.0, 0, 2, log.println(message), 4.5
13, 3571, -1.5, 1.0, -2.5, 3.5, 0, 1, log.println(message), 5.5
13, 3572, -1.5, 1.0, -2.5, 4.0, 0, 1, log.println(message), 6.5
13, 3573, -1.5, 1.0, -2.5, 4.5, 0, 3, log.println(message), 7.5
13, 3574, -1.5, 1.0, -2.5, 5.0, 42, 3, log.println(message).equals(message.replace(message, message)), 11.0
13, 3575, -1.5, 1.0, -2.0, 0.0, 11, 0, logMessage(), 0.5
13, 3576, -1.5, 1.0, -2.0, 0.5, 11, 0, logMessage(), 1.0
13, 3577, -1.5, 1.0, -2.0, 1.0, 11, 4, println(), -0.5
13, 3578, -1.5, 1.0, -2.0, 1.5, 0, 1, log.println(message), 1.5
13, 3579, -1.5, 1.0, -2.0, 2.0, 0, 2, log.println(message), 2.5
13, 3580, -1.5, 1.0, -2.0, 2.5, 0, 2, log.println(message), 3.5
13, 3581, -1.5, 1.0, -2.0, 3.0, 0, 0, log.println(message), 4.5
13, 3582, -1.5, 1.0, -2.0, 3.5, 0, 1, log.println(message), 5.5
13, 3583, -1.5, 1.0, -2.0, 4.0, 0, 1, log.println(message), 6.5
13, 3584, -1.5, 1.0, -2.0, 4.5, 42, 3, log.println(message).equals(message.replace(message, message)), 9.5
13, 3585, -1.5, 1.0, -2.0, 5.0, 42, 4, log.println(message).equals(message.replace(message, message)), 12.0
13, 3586, -1.5, 1.0, -1.5, 0.0, 11, 0, logMessage(), 0.5
13, 3587, -1.5, 1.0, -1.5, 0.5, 11, 0, logMessage(), 1.0
13, 3588, -1.5, 1.0, -1.5, 1.0, 11, 4, println(), -0.5
13, 3589, -1.5, 1.0, -1.5, 1.5, 0, 1, log.println(message), 1.5
13, 3590, -1.5, 1.0, -1.5, 2.0, 0, 2, log.println(message), 2.5
13, 3591, -1.5, 1.0, -1.5, 2.5, 0, 0, log.println(message), 3.5
13, 3592, -1.5, 1.0, -1.5, 3.0, 0, 0, log.println(message), 4.5
13, 3593, -1.5, 1.0, -1.5, 3.5, 0, 1, log.println(message), 5.5
13, 3594, -1.5, 1.0, -1.5, 4.0, 42, 4, log.format(message).println(message.replace(message, message)), 8.0
13, 3595, -1.5, 1.0, -1.5, 4.5, 54, 4, new Task13().logMessage(message).put(new Task13().logMessage(message)), 11.0
13, 3596, -1.5, 1.0, -1.5, 5.0, 96, 0, message.replace(message, message).replace(message.replace(message, message), message.replace(message, message)), 20.5
13, 3597, -1.5, 1.0, -1.0, 0.0, 11, 0, logMessage(), 0.5
13, 3598, -1.5, 1.0, -1.0, 0.5, 11, 0, logMessage(), 1.0
13, 3599, -1.5, 1.0, -1.0, 1.0, 11, 4, println(), -0.5
13, 3600, -1.5, 1.0, -1.0, 1.5, 0, 1, log.println(message), 1.5
13, 3601, -1.5, 1.0, -1.0, 2.0, 0, 0, log.println(message), 2.5
13, 3602, -1.5, 1.0, -1.0, 2.5, 0, 0, log.println(message), 3.5
13, 3603, -1.5, 1.0, -1.0, 3.0, 0, 1, log.println(message), 4.5
13, 3604, -1.5, 1.0, -1.0, 3.5, 54, 3, new Task13().logMessage(message).put(new Task13().logMessage(message)), 7.5
13, 3605, -1.5, 1.0, -1.0, 4.0, 54, 4, new Task13().logMessage(message).put(new Task13().logMessage(message)), 10.5
13, 3606, -1.5, 1.0, -1.0, 4.5, 96, 4, message.replace(message, message).replace(message.replace(message, message), message.replace(message, message)), 18.0
13, 3607, -1.5, 1.0, -1.0, 5.0, 96, 4, message.replace(message, message).replace(message.replace(message, message), message.replace(message, message)), 22.5
13, 3608, -1.5, 1.0, -0.5, 0.0, 11, 0, logMessage(), 0.5
13, 3609, -1.5, 1.0, -0.5, 0.5, 11, 0, logMessage(), 1.0
13, 3610, -1.5, 1.0, -0.5, 1.0, 13, 1, message.logMessage(), 1.0
13, 3611, -1.5, 1.0, -0.5, 1.5, 0, 0, log.println(message), 1.5
13, 3612, -1.5, 1.0, -0.5, 2.0, 0, 0, log.println(message), 2.5
13, 3613, -1.5, 1.0, -0.5, 2.5, 0, 4, log.println(message), 3.5
13, 3614, -1.5, 1.0, -0.5, 3.0, 45, 3, new Task13().logMessage(message.replace(message, message)), 6.5
13, 3615, -1.5, 1.0, -0.5, 3.5, 96, 4, message.replace(message, message).replace(message.replace(message, message), message.replace(message, message)), 11.0
13, 3616, -1.5, 1.0, -0.5, 4.0, 96, 4, message.replace(message, message).replace(message.replace(message, message), message.replace(message, message)), 15.5
13, 3617, -1.5, 1.0, -0.5, 4.5, 96, 4, message.replace(message, message).replace(message.replace(message, message), message.replace(message, message)), 20.0
13, 3618, -1.5, 1.0, -0.5, 5.0, 96, 4, message.replace(message, message).replace(message.replace(message, message), message.replace(message, message)), 24.5
13, 3619, -1.5, 1.0, 0.0, 0.0, 11, 0, logMessage(), 0.5
13, 3620, -1.5, 1.0, 0.0, 0.5, 11, 0, logMessage(), 1.0
13, 3621, -1.5, 1.0, 0.0, 1.0, 13, 1, message, 0.5
13, 3622, -1.5, 1.0, 0.0, 1.5, 0, 1, log.println(message), 1.5
13, 3623, -1.5, 1.0, 0.0, 2.0, 0, 4, log.println(message), 2.5
13, 3624, -1.5, 1.0, 0.0, 2.5, 54, 1, new Task13().logMessage(message).put(new Task13().logMessage(message)), 6.5
13, 3625, -1.5, 1.0, 0.0, 3.0, 54, 4, new Task13().logMessage(message).put(new Task13().logMessage(message)), 9.5
13, 3626, -1.5, 1.0, 0.0, 3.5, 96, 4, message.replace(message, message).checkConnect(message.compareTo(logMessage()), new Task13().logMessage(message)), 13.5
13, 3627, -1.5, 1.0, 0.0, 4.0, 144, 3, new StackTraceElement(message.replace(message, message), message.replace(message, message), message.replace(message, message), message.compareTo(logMessage())), 22.0
13, 3628, -1.5, 1.0, 0.0, 4.5, 144, 3, new StackTraceElement(message.replace(message, message), message.replace(message, message), message.replace(message, message), message.compareTo(logMessage())), 27.5
13, 3629, -1.5, 1.0, 0.0, 5.0, 144, 3, new StackTraceElement(message.replace(message, message), message.replace(message, message), message.replace(message, message), message.compareTo(logMessage())), 33.0
13, 3630, -1.0, 1.0, -5.0, 0.0, 11, 1, logMessage(), 1.0
13, 3631, -1.0, 1.0, -5.0, 0.5, 0, 0, log.println(message), 1.0
13, 3632, -1.0, 1.0, -5.0, 1.0, 0, 0, log.println(message), 2.0
13, 3633, -1.0, 1.0, -5.0, 1.5, 0, 1, log.println(message), 3.0
13, 3634, -1.0, 1.0, -5.0, 2.0, 0, 1, log.println(message), 4.0
13, 3635, -1.0, 1.0, -5.0, 2.5, 0, 1, log.println(message), 5.0
13, 3636, -1.0, 1.0, -5.0, 3.0, 0, 1, log.println(message), 6.0
13, 3637, -1.0, 1.0, -5.0, 3.5, 0, 1, log.println(message), 7.0
13, 3638, -1.0, 1.0, -5.0, 4.0, 0, 1, log.println(message), 8.0
13, 3639, -1.0, 1.0, -5.0, 4.5, 0, 3, log.println(message), 9.0
13, 3640, -1.0, 1.0, -5.0, 5.0, 0, 3, log.println(message), 10.0
13, 3641, -1.0, 1.0, -4.5, 0.0, 11, 1, logMessage(), 1.0
13, 3642, -1.0, 1.0, -4.5, 0.5, 0, 0, log.println(message), 1.0
13, 3643, -1.0, 1.0, -4.5, 1.0, 0, 0, log.println(message), 2.0
13, 3644, -1.0, 1.0, -4.5, 1.5, 0, 1, log.println(message), 3.0
13, 3645, -1.0, 1.0, -4.5, 2.0, 0, 1, log.println(message), 4.0
13, 3646, -1.0, 1.0, -4.5, 2.5, 0, 1, log.println(message), 5.0
13, 3647, -1.0, 1.0, -4.5, 3.0, 0, 1, log.println(message), 6.0
13, 3648, -1.0, 1.0, -4.5, 3.5, 0, 1, log.println(message), 7.0
13, 3649, -1.0, 1.0, -4.5, 4.0, 0, 3, log.println(message), 8.0
13, 3650, -1.0, 1.0, -4.5, 4.5, 0, 3, log.println(message), 9.0
13, 3651, -1.0, 1.0, -4.5, 5.0, 0, 3, log.println(message), 10.0
13, 3652, -1.0, 1.0, -4.0, 0.0, 11, 1, logMessage(), 1.0
13, 3653, -1.0, 1.0, -4.0, 0.5, 0, 0, log.println(message), 1.0
13, 3654, -1.0, 1.0, -4.0, 1.0, 0, 0, log.println(message), 2.0
13, 3655, -1.0, 1.0, -4.0, 1.5, 0, 1, log.println(message), 3.0
13, 3656, -1.0, 1.0, -4.0, 2.0, 0, 1, log.println(message), 4.0
13, 3657, -1.0, 1.0, -4.0, 2.5, 0, 1, log.println(message), 5.0
13, 3658, -1.0, 1.0, -4.0, 3.0, 0, 1, log.println(message), 6.0
13, 3659, -1.0, 1.0, -4.0, 3.5, 0, 1, log.println(message), 7.0
13, 3660, -1.0, 1.0, -4.0, 4.0, 0, 3, log.println(message), 8.0
13, 3661, -1.0, 1.0, -4.0, 4.5, 0, 3, log.println(message), 9.0
13, 3662, -1.0, 1.0, -4.0, 5.0, 0, 3, log.println(message), 10.0
13, 3663, -1.0, 1.0, -3.5, 0.0, 11, 1, logMessage(), 1.0
13, 3664, -1.0, 1.0, -3.5, 0.5, 0, 0, log.println(message), 1.0
13, 3665, -1.0, 1.0, -3.5, 1.0, 0, 0, log.println(message), 2.0
13, 3666, -1.0, 1.0, -3.5, 1.5, 0, 1, log.println(message), 3.0
13, 3667, -1.0, 1.0, -3.5, 2.0, 0, 1, log.println(message), 4.0
13, 3668, -1.0, 1.0, -3.5, 2.5, 0, 1, log.println(message), 5.0
13, 3669, -1.0, 1.0, -3.5, 3.0, 0, 1, log.println(message), 6.0
13, 3670, -1.0, 1.0, -3.5, 3.5, 0, 3, log.println(message), 7.0
13, 3671, -1.0, 1.0, -3.5, 4.0, 0, 3, log.println(message), 8.0
13, 3672, -1.0, 1.0, -3.5, 4.5, 0, 3, log.println(message), 9.0
13, 3673, -1.0, 1.0, -3.5, 5.0, 42, 3, log.println(message).equals(message.replace(message, message)), 13.0
13, 3674, -1.0, 1.0, -3.0, 0.0, 11, 1, logMessage(), 1.0
13, 3675, -1.0, 1.0, -3.0, 0.5, 0, 0, log.println(message), 1.0
13, 3676, -1.0, 1.0, -3.0, 1.0, 0, 0, log.println(message), 2.0
13, 3677, -1.0, 1.0, -3.0, 1.5, 0, 1, log.println(message), 3.0
13, 3678, -1.0, 1.0, -3.0, 2.0, 0, 1, log.println(message), 4.0
13, 3679, -1.0, 1.0, -3.0, 2.5, 0, 1, log.println(message), 5.0
13, 3680, -1.0, 1.0, -3.0, 3.0, 0, 1, log.println(message), 6.0
13, 3681, -1.0, 1.0, -3.0, 3.5, 0, 1, log.println(message), 7.0
13, 3682, -1.0, 1.0, -3.0, 4.0, 0, 3, log.println(message), 8.0
13, 3683, -1.0, 1.0, -3.0, 4.5, 42, 3, log.println(message).equals(message.replace(message, message)), 11.5
13, 3684, -1.0, 1.0, -3.0, 5.0, 42, 4, log.println(message).equals(message.replace(message, message)), 14.0
13, 3685, -1.0, 1.0, -2.5, 0.0, 11, 1, logMessage(), 1.0
13, 3686, -1.0, 1.0, -2.5, 0.5, 0, 0, log.println(message), 1.0
13, 3687, -1.0, 1.0, -2.5, 1.0, 0, 0, log.println(message), 2.0
13, 3688, -1.0, 1.0, -2.5, 1.5, 0, 1, log.println(message), 3.0
13, 3689, -1.0, 1.0, -2.5, 2.0, 0, 1, log.println(message), 4.0
13, 3690, -1.0, 1.0, -2.5, 2.5, 0, 1, log.println(message), 5.0
13, 3691, -1.0, 1.0, -2.5, 3.0, 0, 1, log.println(message), 6.0
13, 3692, -1.0, 1.0, -2.5, 3.5, 0, 3, log.println(message), 7.0
13, 3693, -1.0, 1.0, -2.5, 4.0, 42, 3, log.println(message).equals(message.replace(message, message)), 10.0
13, 3694, -1.0, 1.0, -2.5, 4.5, 42, 4, log.println(message).equals(message.replace(message, message)), 12.5
13, 3695, -1.0, 1.0, -2.5, 5.0, 42, 4, log.println(message).equals(message.replace(message, message)), 15.0
13, 3696, -1.0, 1.0, -2.0, 0.0, 11, 1, logMessage(), 1.0
13, 3697, -1.0, 1.0, -2.0, 0.5, 0, 0, log.println(message), 1.0
13, 3698, -1.0, 1.0, -2.0, 1.0, 0, 0, log.println(message), 2.0
13, 3699, -1.0, 1.0, -2.0, 1.5, 0, 1, log.println(message), 3.0
13, 3700, -1.0, 1.0, -2.0, 2.0, 0, 1, log.println(message), 4.0
13, 3701, -1.0, 1.0, -2.0, 2.5, 0, 1, log.println(message), 5.0
13, 3702, -1.0, 1.0, -2.0, 3.0, 0, 1, log.println(message), 6.0
13, 3703, -1.0, 1.0, -2.0, 3.5, 42, 3, log.println(message).equals(message.replace(message, message)), 8.5
13, 3704, -1.0, 1.0, -2.0, 4.0, 42, 4, log.println(message).equals(message.replace(message, message)), 11.0
13, 3705, -1.0, 1.0, -2.0, 4.5, 42, 4, log.println(message).equals(message.replace(message, message)), 13.5
13, 3706, -1.0, 1.0, -2.0, 5.0, 96, 0, message.replace(message, message).replace(message.replace(message, message), message.replace(message, message)), 25.0
13, 3707, -1.0, 1.0, -1.5, 0.0, 11, 1, logMessage(), 1.0
13, 3708, -1.0, 1.0, -1.5, 0.5, 0, 0, log.println(message), 1.0
13, 3709, -1.0, 1.0, -1.5, 1.0, 0, 0, log.println(message), 2.0
13, 3710, -1.0, 1.0, -1.5, 1.5, 0, 1, log.println(message), 3.0
13, 3711, -1.0, 1.0, -1.5, 2.0, 0, 0, log.println(message), 4.0
13, 3712, -1.0, 1.0, -1.5, 2.5, 0, 1, log.println(message), 5.0
13, 3713, -1.0, 1.0, -1.5, 3.0, 42, 3, log.println(message).equals(message.replace(message, message)), 7.0
13, 3714, -1.0, 1.0, -1.5, 3.5, 42, 4, log.println(message).equals(message.replace(message, message)), 9.5
13, 3715, -1.0, 1.0, -1.5, 4.0, 96, 0, message.replace(message, message).replace(message.replace(message, message), message.replace(message, message)), 18.0
13, 3716, -1.0, 1.0, -1.5, 4.5, 96, 3, message.replace(message, message).replace(message.replace(message, message), message.replace(message, message)), 22.5
13, 3717, -1.0, 1.0, -1.5, 5.0, 96, 4, message.replace(message, message).replace(message.replace(message, message), message.replace(message, message)), 27.0
13, 3718, -1.0, 1.0, -1.0, 0.0, 11, 1, logMessage(), 1.0
13, 3719, -1.0, 1.0, -1.0, 0.5, 0, 0, log.println(message), 1.0
13, 3720, -1.0, 1.0, -1.0, 1.0, 0, 0, log.println(message), 2.0
13, 3721, -1.0, 1.0, -1.0, 1.5, 0, 0, log.println(message), 3.0
13, 3722, -1.0, 1.0, -1.0, 2.0, 0, 0, log.println(message), 4.0
13, 3723, -1.0, 1.0, -1.0, 2.5, 42, 1, log.format(message).println(message.replace(message, message)), 5.5
13, 3724, -1.0, 1.0, -1.0, 3.0, 42, 4, log.format(message).println(message.replace(message, message)), 8.0
13, 3725, -1.0, 1.0, -1.0, 3.5, 96, 3, message.replace(message, message).replace(message.replace(message, message), message.replace(message, message)), 15.5
13, 3726, -1.0, 1.0, -1.0, 4.0, 96, 4, message.replace(message, message).replace(message.replace(message, message), message.replace(message, message)), 20.0
13, 3727, -1.0, 1.0, -1.0, 4.5, 96, 4, message.replace(message, message).replace(message.replace(message, message), message.replace(message, message)), 24.5
13, 3728, -1.0, 1.0, -1.0, 5.0, 96, 4, message.replace(message, message).replace(message.replace(message, message), message.replace(message, message)), 29.0
13, 3729, -1.0, 1.0, -0.5, 0.0, 11, 1, logMessage(), 1.0
13, 3730, -1.0, 1.0, -0.5, 0.5, 0, 0, log.println(message), 1.0
13, 3731, -1.0, 1.0, -0.5, 1.0, 0, 0, log.println(message), 2.0
13, 3732, -1.0, 1.0, -0.5, 1.5, 0, 0, log.println(message), 3.0
13, 3733, -1.0, 1.0, -0.5, 2.0, 38, 3, log.println(message).put(new Task13().logMessage(message)), 4.5
13, 3734, -1.0, 1.0, -0.5, 2.5, 96, 4, message.replace(message, message).replace(message.replace(message, message), message.replace(message, message)), 8.5
13, 3735, -1.0, 1.0, -0.5, 3.0, 96, 4, message.replace(message, message).replace(message.replace(message, message), message.replace(message, message)), 13.0
13, 3736, -1.0, 1.0, -0.5, 3.5, 96, 4, message.replace(message, message).replace(message.replace(message, message), message.replace(message, message)), 17.5
13, 3737, -1.0, 1.0, -0.5, 4.0, 96, 4, message.replace(message, message).replace(message.replace(message, message), message.replace(message, message)), 22.0
13, 3738, -1.0, 1.0, -0.5, 4.5, 96, 4, message.replace(message, message).replace(message.replace(message, message), message.replace(message, message)), 26.5
13, 3739, -1.0, 1.0, -0.5, 5.0, 144, 3, new StackTraceElement(message.replace(message, message), message.replace(message, message), message.replace(message, message), message.compareTo(logMessage())), 36.5
13, 3740, -1.0, 1.0, 0.0, 0.0, 11, 1, logMessage(), 1.0
13, 3741, -1.0, 1.0, 0.0, 0.5, 0, 0, log.println(message), 1.0
13, 3742, -1.0, 1.0, 0.0, 1.0, 0, 0, log.println(message), 2.0
13, 3743, -1.0, 1.0, 0.0, 1.5, 21, 3, new Task13().logMessage(message), 3.5
13, 3744, -1.0, 1.0, 0.0, 2.0, 54, 4, new Task13().logMessage(message).put(new Task13().logMessage(message)), 7.0
13, 3745, -1.0, 1.0, 0.0, 2.5, 144, 3, new StackTraceElement(message.replace(message, message), message.replace(message, message), message.replace(message, message), message.compareTo(logMessage())), 13.5
13, 3746, -1.0, 1.0, 0.0, 3.0, 144, 3, new StackTraceElement(message.replace(message, message), message.replace(message, message), message.replace(message, message), message.compareTo(logMessage())), 19.0
13, 3747, -1.0, 1.0, 0.0, 3.5, 144, 3, new StackTraceElement(message.replace(message, message), message.replace(message, message), message.replace(message, message), message.compareTo(logMessage())), 24.5
13, 3748, -1.0, 1.0, 0.0, 4.0, 144, 3, new StackTraceElement(message.replace(message, message), message.replace(message, message), message.replace(message, message), message.compareTo(logMessage())), 30.0
13, 3749, -1.0, 1.0, 0.0, 4.5, 144, 3, new StackTraceElement(message.replace(message, message), message.replace(message, message), message.replace(message, message), message.compareTo(logMessage())), 35.5
13, 3750, -1.0, 1.0, 0.0, 5.0, 144, 3, new StackTraceElement(message.replace(message, message), message.replace(message, message), message.replace(message, message), message.compareTo(logMessage())), 41.0
13, 3751, -0.5, 1.0, -5.0, 0.0, 0, 0, log.println(message), 1.5
13, 3752, -0.5, 1.0, -5.0, 0.5, 0, 0, log.println(message), 2.5
13, 3753, -0.5, 1.0, -5.0, 1.0, 0, 1, log.println(message), 3.5
13, 3754, -0.5, 1.0, -5.0, 1.5, 0, 1, log.println(message), 4.5
13, 3755, -0.5, 1.0, -5.0, 2.0, 0, 1, log.println(message), 5.5
13, 3756, -0.5, 1.0, -5.0, 2.5, 0, 1, log.println(message), 6.5
13, 3757, -0.5, 1.0, -5.0, 3.0, 0, 1, log.println(message), 7.5
13, 3758, -0.5, 1.0, -5.0, 3.5, 0, 3, log.println(message), 8.5
13, 3759, -0.5, 1.0, -5.0, 4.0, 0, 3, log.println(message), 9.5
13, 3760, -0.5, 1.0, -5.0, 4.5, 0, 3, log.println(message), 10.5
13, 3761, -0.5, 1.0, -5.0, 5.0, 0, 3, log.println(message), 11.5
13, 3762, -0.5, 1.0, -4.5, 0.0, 0, 0, log.println(message), 1.5
13, 3763, -0.5, 1.0, -4.5, 0.5, 0, 0, log.println(message), 2.5
13, 3764, -0.5, 1.0, -4.5, 1.0, 0, 1, log.println(message), 3.5
13, 3765, -0.5, 1.0, -4.5, 1.5, 0, 1, log.println(message), 4.5
13, 3766, -0.5, 1.0, -4.5, 2.0, 0, 1, log.println(message), 5.5
13, 3767, -0.5, 1.0, -4.5, 2.5, 0, 1, log.println(message), 6.5
13, 3768, -0.5, 1.0, -4.5, 3.0, 0, 1, log.println(message), 7.5
13, 3769, -0.5, 1.0, -4.5, 3.5, 0, 3, log.println(message), 8.5
13, 3770, -0.5, 1.0, -4.5, 4.0, 0, 3, log.println(message), 9.5
13, 3771, -0.5, 1.0, -4.5, 4.5, 0, 3, log.println(message), 10.5
13, 3772, -0.5, 1.0, -4.5, 5.0, 26, 2, log.println(message).put(log.println(message)), 15.0
13, 3773, -0.5, 1.0, -4.0, 0.0, 0, 0, log.println(message), 1.5
13, 3774, -0.5, 1.0, -4.0, 0.5, 0, 0, log.println(message), 2.5
13, 3775, -0.5, 1.0, -4.0, 1.0, 0, 1, log.println(message), 3.5
13, 3776, -0.5, 1.0, -4.0, 1.5, 0, 1, log.println(message), 4.5
13, 3777, -0.5, 1.0, -4.0, 2.0, 0, 1, log.println(message), 5.5
13, 3778, -0.5, 1.0, -4.0, 2.5, 0, 1, log.println(message), 6.5
13, 3779, -0.5, 1.0, -4.0, 3.0, 0, 3, log.println(message), 7.5
13, 3780, -0.5, 1.0, -4.0, 3.5, 0, 3, log.println(message), 8.5
13, 3781, -0.5, 1.0, -4.0, 4.0, 0, 3, log.println(message), 9.5
13, 3782, -0.5, 1.0, -4.0, 4.5, 26, 2, log.println(message).put(log.println(message)), 13.5
13, 3783, -0.5, 1.0, -4.0, 5.0, 42, 3, log.println(message).equals(message.replace(message, message)), 16.0
13, 3784, -0.5, 1.0, -3.5, 0.0, 0, 0, log.println(message), 1.5
13, 3785, -0.5, 1.0, -3.5, 0.5, 0, 0, log.println(message), 2.5
13, 3786, -0.5, 1.0, -3.5, 1.0, 0, 1, log.println(message), 3.5
13, 3787, -0.5, 1.0, -3.5, 1.5, 0, 1, log.println(message), 4.5
13, 3788, -0.5, 1.0, -3.5, 2.0, 0, 1, log.println(message), 5.5
13, 3789, -0.5, 1.0, -3.5, 2.5, 0, 1, log.println(message), 6.5
13, 3790, -0.5, 1.0, -3.5, 3.0, 0, 3, log.println(message), 7.5
13, 3791, -0.5, 1.0, -3.5, 3.5, 0, 3, log.println(message), 8.5
13, 3792, -0.5, 1.0, -3.5, 4.0, 26, 2, log.println(message).put(log.println(message)), 12.0
13, 3793, -0.5, 1.0, -3.5, 4.5, 42, 3, log.println(message).equals(message.replace(message, message)), 14.5
13, 3794, -0.5, 1.0, -3.5, 5.0, 42, 4, log.println(message).equals(message.replace(message, message)), 17.0
13, 3795, -0.5, 1.0, -3.0, 0.0, 0, 0, log.println(message), 1.5
13, 3796, -0.5, 1.0, -3.0, 0.5, 0, 0, log.println(message), 2.5
13, 3797, -0.5, 1.0, -3.0, 1.0, 0, 1, log.println(message), 3.5
13, 3798, -0.5, 1.0, -3.0, 1.5, 0, 1, log.println(message), 4.5
13, 3799, -0.5, 1.0, -3.0, 2.0, 0, 1, log.println(message), 5.5
13, 3800, -0.5, 1.0, -3.0, 2.5, 0, 3, log.println(message), 6.5
13, 3801, -0.5, 1.0, -3.0, 3.0, 0, 3, log.println(message), 7.5
13, 3802, -0.5, 1.0, -3.0, 3.5, 26, 2, log.println(message).put(log.println(message)), 10.5
13, 3803, -0.5, 1.0, -3.0, 4.0, 42, 3, log.println(message).equals(message.replace(message, message)), 13.0
13, 3804, -0.5, 1.0, -3.0, 4.5, 42, 4, log.println(message).equals(message.replace(message, message)), 15.5
13, 3805, -0.5, 1.0, -3.0, 5.0, 42, 4, log.println(message).equals(message.replace(message, message)), 18.0
13, 3806, -0.5, 1.0, -2.5, 0.0, 0, 0, log.println(message), 1.5
13, 3807, -0.5, 1.0, -2.5, 0.5, 0, 0, log.println(message), 2.5
13, 3808, -0.5, 1.0, -2.5, 1.0, 0, 1, log.println(message), 3.5
13, 3809, -0.5, 1.0, -2.5, 1.5, 0, 1, log.println(message), 4.5
13, 3810, -0.5, 1.0, -2.5, 2.0, 0, 1, log.println(message), 5.5
13, 3811, -0.5, 1.0, -2.5, 2.5, 0, 3, log.println(message), 6.5
13, 3812, -0.5, 1.0, -2.5, 3.0, 26, 2, log.println(message).put(log.println(message)), 9.0
13, 3813, -0.5, 1.0, -2.5, 3.5, 42, 3, log.println(message).equals(message.replace(message, message)), 11.5
13, 3814, -0.5, 1.0, -2.5, 4.0, 42, 4, log.println(message).equals(message.replace(message, message)), 14.0
13, 3815, -0.5, 1.0, -2.5, 4.5, 96, 0, message.replace(message, message).replace(message.replace(message, message), message.replace(message, message)), 25.0
13, 3816, -0.5, 1.0, -2.5, 5.0, 96, 0, message.replace(message, message).replace(message.replace(message, message), message.replace(message, message)), 29.5
13, 3817, -0.5, 1.0, -2.0, 0.0, 0, 0, log.println(message), 1.5
13, 3818, -0.5, 1.0, -2.0, 0.5, 0, 0, log.println(message), 2.5
13, 3819, -0.5, 1.0, -2.0, 1.0, 0, 1, log.println(message), 3.5
13, 3820, -0.5, 1.0, -2.0, 1.5, 0, 1, log.println(message), 4.5
13, 3821, -0.5, 1.0, -2.0, 2.0, 0, 1, log.println(message), 5.5
13, 3822, -0.5, 1.0, -2.0, 2.5, 26, 2, log.println(message).put(log.println(message)), 7.5
13, 3823, -0.5, 1.0, -2.0, 3.0, 42, 3, log.println(message).equals(message.replace(message, message)), 10.0
13, 3824, -0.5, 1.0, -2.0, 3.5, 42, 4, log.println(message).equals(message.replace(message, message)), 12.5
13, 3825, -0.5, 1.0, -2.0, 4.0, 96, 0, message.replace(message, message).replace(message.replace(message, message), message.replace(message, message)), 22.5
13, 3826, -0.5, 1.0, -2.0, 4.5, 96, 1, message.replace(message, message).replace(message.replace(message, message), message.replace(message, message)), 27.0
13, 3827, -0.5, 1.0, -2.0, 5.0, 96, 3, message.replace(message, message).replace(message.replace(message, message), message.replace(message, message)), 31.5
13, 3828, -0.5, 1.0, -1.5, 0.0, 0, 0, log.println(message), 1.5
13, 3829, -0.5, 1.0, -1.5, 0.5, 0, 0, log.println(message), 2.5
13, 3830, -0.5, 1.0, -1.5, 1.0, 0, 1, log.println(message), 3.5
13, 3831, -0.5, 1.0, -1.5, 1.5, 0, 1, log.println(message), 4.5
13, 3832, -0.5, 1.0, -1.5, 2.0, 26, 2, log.println(message).put(log.println(message)), 6.0
13, 3833, -0.5, 1.0, -1.5, 2.5, 42, 3, log.println(message).equals(message.replace(message, message)), 8.5
13, 3834, -0.5, 1.0, -1.5, 3.0, 42, 4, log.println(message).equals(message.replace(message, message)), 11.0
13, 3835, -0.5, 1.0, -1.5, 3.5, 96, 1, message.replace(message, message).replace(message.replace(message, message), message.replace(message, message)), 20.0
13, 3836, -0.5, 1.0, -1.5, 4.0, 96, 3, message.replace(message, message).replace(message.replace(message, message), message.replace(message, message)), 24.5
13, 3837, -0.5, 1.0, -1.5, 4.5, 96, 4, message.replace(message, message).replace(message.replace(message, message), message.replace(message, message)), 29.0
13, 3838, -0.5, 1.0, -1.5, 5.0, 96, 4, message.replace(message, message).replace(message.replace(message, message), message.replace(message, message)), 33.5
13, 3839, -0.5, 1.0, -1.0, 0.0, 0, 0, log.println(message), 1.5
13, 3840, -0.5, 1.0, -1.0, 0.5, 0, 0, log.println(message), 2.5
13, 3841, -0.5, 1.0, -1.0, 1.0, 0, 0, log.println(message), 3.5
13, 3842, -0.5, 1.0, -1.0, 1.5, 26, 1, log.println(message).put(log.println(message)), 4.5
13, 3843, -0.5, 1.0, -1.0, 2.0, 42, 3, log.println(message).equals(message.replace(message, message)), 7.0
13, 3844, -0.5, 1.0, -1.0, 2.5, 96, 2, message.replace(message, message).replace(message.replace(message, message), message.replace(message, message)), 13.0
13, 3845, -0.5, 1.0, -1.0, 3.0, 96, 4, message.replace(message, message).replace(message.replace(message, message), message.replace(message, message)), 17.5
13, 3846, -0.5, 1.0, -1.0, 3.5, 96, 4, message.replace(message, message).replace(message.replace(message, message), message.replace(message, message)), 22.0
13, 3847, -0.5, 1.0, -1.0, 4.0, 96, 4, message.replace(message, message).replace(message.replace(message, message), message.replace(message, message)), 26.5
13, 3848, -0.5, 1.0, -1.0, 4.5, 96, 4, message.replace(message, message).replace(message.replace(message, message), message.replace(message, message)), 31.0
13, 3849, -0.5, 1.0, -1.0, 5.0, 96, 4, message.replace(message, message).replace(message.replace(message, message), message.replace(message, message)), 35.5
13, 3850, -0.5, 1.0, -0.5, 0.0, 0, 0, log.println(message), 1.5
13, 3851, -0.5, 1.0, -0.5, 0.5, 0, 0, log.println(message), 2.5
13, 3852, -0.5, 1.0, -0.5, 1.0, 16, 1, log.format(message).println(message), 3.0
13, 3853, -0.5, 1.0, -0.5, 1.5, 96, 2, message.replace(message, message).replace(message.replace(message, message), message.replace(message, message)), 6.0
13, 3854, -0.5, 1.0, -0.5, 2.0, 96, 4, message.replace(message, message).replace(message.replace(message, message), message.replace(message, message)), 10.5
13, 3855, -0.5, 1.0, -0.5, 2.5, 96, 4, message.replace(message, message).replace(message.replace(message, message), message.replace(message, message)), 15.0
13, 3856, -0.5, 1.0, -0.5, 3.0, 96, 4, message.replace(message, message).replace(message.replace(message, message), message.replace(message, message)), 19.5
13, 3857, -0.5, 1.0, -0.5, 3.5, 144, 3, new StackTraceElement(message.replace(message, message), message.replace(message, message), message.replace(message, message), message.compareTo(logMessage())), 28.0
13, 3858, -0.5, 1.0, -0.5, 4.0, 144, 3, new StackTraceElement(message.replace(message, message), message.replace(message, message), message.replace(message, message), message.compareTo(logMessage())), 33.5
13, 3859, -0.5, 1.0, -0.5, 4.5, 144, 3, new StackTraceElement(message.replace(message, message), message.replace(message, message), message.replace(message, message), message.compareTo(logMessage())), 39.0
13, 3860, -0.5, 1.0, -0.5, 5.0, 144, 3, new StackTraceElement(message.replace(message, message), message.replace(message, message), message.replace(message, message), message.compareTo(logMessage())), 44.5
13, 3861, -0.5, 1.0, 0.0, 0.0, 6, 2, log.println(logMessage()), 1.5
13, 3862, -0.5, 1.0, 0.0, 0.5, 6, 3, log.println(message).get(), 2.0
13, 3863, -0.5, 1.0, 0.0, 1.0, 38, 4, log.println(message).put(new Task13().logMessage(message)), 4.5
13, 3864, -0.5, 1.0, 0.0, 1.5, 144, 3, new StackTraceElement(message.replace(message, message), message.replace(message, message), message.replace(message, message), message.compareTo(logMessage())), 10.5
13, 3865, -0.5, 1.0, 0.0, 2.0, 144, 3, new StackTraceElement(message.replace(message, message), message.replace(message, message), message.replace(message, message), message.compareTo(logMessage())), 16.0
13, 3866, -0.5, 1.0, 0.0, 2.5, 144, 3, new StackTraceElement(message.replace(message, message), message.replace(message, message), message.replace(message, message), message.compareTo(logMessage())), 21.5
13, 3867, -0.5, 1.0, 0.0, 3.0, 144, 3, new StackTraceElement(message.replace(message, message), message.replace(message, message), message.replace(message, message), message.compareTo(logMessage())), 27.0
13, 3868, -0.5, 1.0, 0.0, 3.5, 144, 3, new StackTraceElement(message.replace(message, message), message.replace(message, message), message.replace(message, message), message.compareTo(logMessage())), 32.5
13, 3869, -0.5, 1.0, 0.0, 4.0, 144, 3, new StackTraceElement(message.replace(message, message), message.replace(message, message), message.replace(message, message), message.compareTo(logMessage())), 38.0
13, 3870, -0.5, 1.0, 0.0, 4.5, 144, 3, new StackTraceElement(message.replace(message, message), message.replace(message, message), message.replace(message, message), message.compareTo(logMessage())), 43.5
13, 3871, -0.5, 1.0, 0.0, 5.0, 144, 3, new StackTraceElement(message.replace(message, message), message.replace(message, message), message.replace(message, message), message.compareTo(logMessage())), 49.0
13, 3872, 0.0, 1.0, -5.0, 0.0, 0, 0, log.println(message), 3.0
13, 3873, 0.0, 1.0, -5.0, 0.5, 0, 1, log.println(message), 4.0
13, 3874, 0.0, 1.0, -5.0, 1.0, 0, 1, log.println(message), 5.0
13, 3875, 0.0, 1.0, -5.0, 1.5, 0, 1, log.println(message), 6.0
13, 3876, 0.0, 1.0, -5.0, 2.0, 0, 1, log.println(message), 7.0
13, 3877, 0.0, 1.0, -5.0, 2.5, 0, 1, log.println(message), 8.0
13, 3878, 0.0, 1.0, -5.0, 3.0, 0, 3, log.println(message), 9.0
13, 3879, 0.0, 1.0, -5.0, 3.5, 0, 3, log.println(message), 10.0
13, 3880, 0.0, 1.0, -5.0, 4.0, 0, 3, log.println(message), 11.0
13, 3881, 0.0, 1.0, -5.0, 4.5, 26, 1, log.println(message).put(log.println(message)), 16.0
13, 3882, 0.0, 1.0, -5.0, 5.0, 26, 4, log.println(message).put(log.println(message)), 18.0
13, 3883, 0.0, 1.0, -4.5, 0.0, 0, 0, log.println(message), 3.0
13, 3884, 0.0, 1.0, -4.5, 0.5, 0, 1, log.println(message), 4.0
13, 3885, 0.0, 1.0, -4.5, 1.0, 0, 1, log.println(message), 5.0
13, 3886, 0.0, 1.0, -4.5, 1.5, 0, 1, log.println(message), 6.0
13, 3887, 0.0, 1.0, -4.5, 2.0, 0, 1, log.println(message), 7.0
13, 3888, 0.0, 1.0, -4.5, 2.5, 0, 3, log.println(message), 8.0
13, 3889, 0.0, 1.0, -4.5, 3.0, 0, 3, log.println(message), 9.0
13, 3890, 0.0, 1.0, -4.5, 3.5, 0, 3, log.println(message), 10.0
13, 3891, 0.0, 1.0, -4.5, 4.0, 26, 1, log.println(message).put(log.println(message)), 14.5
13, 3892, 0.0, 1.0, -4.5, 4.5, 26, 4, log.println(message).put(log.println(message)), 16.5
13, 3893, 0.0, 1.0, -4.5, 5.0, 42, 4, log.println(message).equals(message.replace(message, message)), 19.0
13, 3894, 0.0, 1.0, -4.0, 0.0, 0, 0, log.println(message), 3.0
13, 3895, 0.0, 1.0, -4.0, 0.5, 0, 1, log.println(message), 4.0
13, 3896, 0.0, 1.0, -4.0, 1.0, 0, 1, log.println(message), 5.0
13, 3897, 0.0, 1.0, -4.0, 1.5, 0, 1, log.println(message), 6.0
13, 3898, 0.0, 1.0, -4.0, 2.0, 0, 1, log.println(message), 7.0
13, 3899, 0.0, 1.0, -4.0, 2.5, 0, 3, log.println(message), 8.0
13, 3900, 0.0, 1.0, -4.0, 3.0, 0, 3, log.println(message), 9.0
13, 3901, 0.0, 1.0, -4.0, 3.5, 26, 1, log.println(message).put(log.println(message)), 13.0
13, 3902, 0.0, 1.0, -4.0, 4.0, 26, 4, log.println(message).put(log.println(message)), 15.0
13, 3903, 0.0, 1.0, -4.0, 4.5, 42, 4, log.println(message).equals(message.replace(message, message)), 17.5
13, 3904, 0.0, 1.0, -4.0, 5.0, 42, 4, log.println(message).equals(message.replace(message, message)), 20.0
13, 3905, 0.0, 1.0, -3.5, 0.0, 0, 0, log.println(message), 3.0
13, 3906, 0.0, 1.0, -3.5, 0.5, 0, 1, log.println(message), 4.0
13, 3907, 0.0, 1.0, -3.5, 1.0, 0, 1, log.println(message), 5.0
13, 3908, 0.0, 1.0, -3.5, 1.5, 0, 1, log.println(message), 6.0
13, 3909, 0.0, 1.0, -3.5, 2.0, 0, 3, log.println(message), 7.0
13, 3910, 0.0, 1.0, -3.5, 2.5, 0, 3, log.println(message), 8.0
13, 3911, 0.0, 1.0, -3.5, 3.0, 26, 1, log.println(message).put(log.println(message)), 11.5
13, 3912, 0.0, 1.0, -3.5, 3.5, 26, 4, log.println(message).put(log.println(message)), 13.5
13, 3913, 0.0, 1.0, -3.5, 4.0, 42, 4, log.println(message).equals(message.replace(message, message)), 16.0
13, 3914, 0.0, 1.0, -3.5, 4.5, 42, 4, log.println(message).equals(message.replace(message, message)), 18.5
13, 3915, 0.0, 1.0, -3.5, 5.0, 96, 0, message.replace(message, message).replace(message.replace(message, message), message.replace(message, message)), 32.0
13, 3916, 0.0, 1.0, -3.0, 0.0, 0, 0, log.println(message), 3.0
13, 3917, 0.0, 1.0, -3.0, 0.5, 0, 1, log.println(message), 4.0
13, 3918, 0.0, 1.0, -3.0, 1.0, 0, 1, log.println(message), 5.0
13, 3919, 0.0, 1.0, -3.0, 1.5, 0, 1, log.println(message), 6.0
13, 3920, 0.0, 1.0, -3.0, 2.0, 0, 3, log.println(message), 7.0
13, 3921, 0.0, 1.0, -3.0, 2.5, 26, 1, log.println(message).put(log.println(message)), 10.0
13, 3922, 0.0, 1.0, -3.0, 3.0, 26, 4, log.println(message).put(log.println(message)), 12.0
13, 3923, 0.0, 1.0, -3.0, 3.5, 42, 4, log.println(message).equals(message.replace(message, message)), 14.5
13, 3924, 0.0, 1.0, -3.0, 4.0, 42, 4, log.println(message).equals(message.replace(message, message)), 17.0
13, 3925, 0.0, 1.0, -3.0, 4.5, 96, 0, message.replace(message, message).replace(message.replace(message, message), message.replace(message, message)), 29.5
13, 3926, 0.0, 1.0, -3.0, 5.0, 96, 0, message.replace(message, message).replace(message.replace(message, message), message.replace(message, message)), 34.0
13, 3927, 0.0, 1.0, -2.5, 0.0, 0, 0, log.println(message), 3.0
13, 3928, 0.0, 1.0, -2.5, 0.5, 0, 1, log.println(message), 4.0
13, 3929, 0.0, 1.0, -2.5, 1.0, 0, 1, log.println(message), 5.0
13, 3930, 0.0, 1.0, -2.5, 1.5, 0, 3, log.println(message), 6.0
13, 3931, 0.0, 1.0, -2.5, 2.0, 26, 1, log.println(message).put(log.println(message)), 8.5
13, 3932, 0.0, 1.0, -2.5, 2.5, 26, 4, log.println(message).put(log.println(message)), 10.5
13, 3933, 0.0, 1.0, -2.5, 3.0, 42, 4, log.println(message).equals(message.replace(message, message)), 13.0
13, 3934, 0.0, 1.0, -2.5, 3.5, 96, 0, message.replace(message, message).replace(message.replace(message, message), message.replace(message, message)), 22.5
13, 3935, 0.0, 1.0, -2.5, 4.0, 96, 0, message.replace(message, message).replace(message.replace(message, message), message.replace(message, message)), 27.0
13, 3936, 0.0, 1.0, -2.5, 4.5, 96, 1, message.replace(message, message).replace(message.replace(message, message), message.replace(message, message)), 31.5
13, 3937, 0.0, 1.0, -2.5, 5.0, 96, 3, message.replace(message, message).replace(message.replace(message, message), message.replace(message, message)), 36.0
13, 3938, 0.0, 1.0, -2.0, 0.0, 0, 0, log.println(message), 3.0
13, 3939, 0.0, 1.0, -2.0, 0.5, 0, 1, log.println(message), 4.0
13, 3940, 0.0, 1.0, -2.0, 1.0, 0, 1, log.println(message), 5.0
13, 3941, 0.0, 1.0, -2.0, 1.5, 26, 0, log.println(message).put(log.println(message)), 7.0
13, 3942, 0.0, 1.0, -2.0, 2.0, 26, 3, log.println(message).put(log.println(message)), 9.0
13, 3943, 0.0, 1.0, -2.0, 2.5, 42, 4, log.println(message).equals(message.replace(message, message)), 11.5
13, 3944, 0.0, 1.0, -2.0, 3.0, 96, 0, message.replace(message, message).replace(message.replace(message, message), message.replace(message, message)), 20.0
13, 3945, 0.0, 1.0, -2.0, 3.5, 96, 1, message.replace(message, message).replace(message.replace(message, message), message.replace(message, message)), 24.5
13, 3946, 0.0, 1.0, -2.0, 4.0, 96, 3, message.replace(message, message).replace(message.replace(message, message), message.replace(message, message)), 29.0
13, 3947, 0.0, 1.0, -2.0, 4.5, 96, 3, message.replace(message, message).replace(message.replace(message, message), message.replace(message, message)), 33.5
13, 3948, 0.0, 1.0, -2.0, 5.0, 96, 4, message.replace(message, message).replace(message.replace(message, message), message.replace(message, message)), 38.0
13, 3949, 0.0, 1.0, -1.5, 0.0, 0, 0, log.println(message), 3.0
13, 3950, 0.0, 1.0, -1.5, 0.5, 0, 1, log.println(message), 4.0
13, 3951, 0.0, 1.0, -1.5, 1.0, 26, 0, log.println(message).put(log.println(message)), 5.5
13, 3952, 0.0, 1.0, -1.5, 1.5, 26, 2, log.println(message).put(log.println(message)), 7.5
13, 3953, 0.0, 1.0, -1.5, 2.0, 42, 4, log.println(message).equals(message.replace(message, message)), 10.0
13, 3954, 0.0, 1.0, -1.5, 2.5, 96, 1, message.replace(message, message).replace(message.replace(message, message), message.replace(message, message)), 17.5
13, 3955, 0.0, 1.0, -1.5, 3.0, 96, 3, message.replace(message, message).replace(message.replace(message, message), message.replace(message, message)), 22.0
13, 3956, 0.0, 1.0, -1.5, 3.5, 96, 4, message.replace(message, message).replace(message.replace(message, message), message.replace(message, message)), 26.5
13, 3957, 0.0, 1.0, -1.5, 4.0, 96, 4, message.replace(message, message).replace(message.replace(message, message), message.replace(message, message)), 31.0
13, 3958, 0.0, 1.0, -1.5, 4.5, 96, 4, message.replace(message, message).replace(message.replace(message, message), message.replace(message, message)), 35.5
13, 3959, 0.0, 1.0, -1.5, 5.0, 96, 4, message.replace(message, message).replace(message.replace(message, message), message.replace(message, message)), 40.0
13, 3960, 0.0, 1.0, -1.0, 0.0, 0, 0, log.println(message), 3.0
13, 3961, 0.0, 1.0, -1.0, 0.5, 16, 3, log.format(message).println(message), 3.5
13, 3962, 0.0, 1.0, -1.0, 1.0, 26, 1, log.println(message).put(log.println(message)), 6.0
13, 3963, 0.0, 1.0, -1.0, 1.5, 96, 2, message.replace(message, message).replace(message.replace(message, message), message.replace(message, message)), 10.5
13, 3964, 0.0, 1.0, -1.0, 2.0, 96, 3, message.replace(message, message).replace(message.replace(message, message), message.replace(message, message)), 15.0
13, 3965, 0.0, 1.0, -1.0, 2.5, 96, 4, message.replace(message, message).replace(message.replace(message, message), message.replace(message, message)), 19.5
13, 3966, 0.0, 1.0, -1.0, 3.0, 96, 4, message.replace(message, message).replace(message.replace(message, message), message.replace(message, message)), 24.0
13, 3967, 0.0, 1.0, -1.0, 3.5, 96, 4, message.replace(message, message).replace(message.replace(message, message), message.replace(message, message)), 28.5
13, 3968, 0.0, 1.0, -1.0, 4.0, 96, 4, message.replace(message, message).replace(message.replace(message, message), message.replace(message, message)), 33.0
13, 3969, 0.0, 1.0, -1.0, 4.5, 144, 3, new StackTraceElement(message.replace(message, message), message.replace(message, message), message.replace(message, message), message.compareTo(logMessage())), 42.5
13, 3970, 0.0, 1.0, -1.0, 5.0, 144, 3, new StackTraceElement(message.replace(message, message), message.replace(message, message), message.replace(message, message), message.compareTo(logMessage())), 48.0
13, 3971, 0.0, 1.0, -0.5, 0.0, 6, 3, log.println(message).get(), 2.5
13, 3972, 0.0, 1.0, -0.5, 0.5, 26, 1, log.println(message).put(log.println(message)), 4.5
13, 3973, 0.0, 1.0, -0.5, 1.0, 96, 4, message.replace(message, message).replace(message.replace(message, message), message.replace(message, message)), 8.0
13, 3974, 0.0, 1.0, -0.5, 1.5, 96, 4, message.replace(message, message).replace(message.replace(message, message), message.replace(message, message)), 12.5
13, 3975, 0.0, 1.0, -0.5, 2.0, 144, 3, new StackTraceElement(message.replace(message, message), message.replace(message, message), message.replace(message, message), message.compareTo(logMessage())), 19.5
13, 3976, 0.0, 1.0, -0.5, 2.5, 144, 3, new StackTraceElement(message.replace(message, message), message.replace(message, message), message.replace(message, message), message.compareTo(logMessage())), 25.0
13, 3977, 0.0, 1.0, -0.5, 3.0, 144, 3, new StackTraceElement(message.replace(message, message), message.replace(message, message), message.replace(message, message), message.compareTo(logMessage())), 30.5
13, 3978, 0.0, 1.0, -0.5, 3.5, 144, 3, new StackTraceElement(message.replace(message, message), message.replace(message, message), message.replace(message, message), message.compareTo(logMessage())), 36.0
13, 3979, 0.0, 1.0, -0.5, 4.0, 144, 3, new StackTraceElement(message.replace(message, message), message.replace(message, message), message.replace(message, message), message.compareTo(logMessage())), 41.5
13, 3980, 0.0, 1.0, -0.5, 4.5, 144, 3, new StackTraceElement(message.replace(message, message), message.replace(message, message), message.replace(message, message), message.compareTo(logMessage())), 47.0
13, 3981, 0.0, 1.0, -0.5, 5.0, 144, 3, new StackTraceElement(message.replace(message, message), message.replace(message, message), message.replace(message, message), message.compareTo(logMessage())), 52.5
13, 3982, 0.0, 1.0, 0.0, 0.0, 26, 4, log.println(getLocalizedMessage()).hashCode(), 3.0
13, 3983, 0.0, 1.0, 0.0, 0.5, 144, 3, logMessage().insert().insert(message.compareTo(logMessage()), message.replace(message, message), message.compareTo(logMessage()), message.compareTo(logMessage())), 7.0
13, 3984, 0.0, 1.0, 0.0, 1.0, 144, 3, new StackTraceElement(message.replace(message, message), message.replace(message, message), message.replace(message, message), message.compareTo(logMessage())), 13.0
13, 3985, 0.0, 1.0, 0.0, 1.5, 144, 3, new StackTraceElement(message.replace(message, message), message.replace(message, message), message.replace(message, message), message.compareTo(logMessage())), 18.5
13, 3986, 0.0, 1.0, 0.0, 2.0, 144, 3, new StackTraceElement(message.replace(message, message), message.replace(message, message), message.replace(message, message), message.compareTo(logMessage())), 24.0
13, 3987, 0.0, 1.0, 0.0, 2.5, 144, 3, new StackTraceElement(message.replace(message, message), message.replace(message, message), message.replace(message, message), message.compareTo(logMessage())), 29.5
13, 3988, 0.0, 1.0, 0.0, 3.0, 144, 3, new StackTraceElement(message.replace(message, message), message.replace(message, message), message.replace(message, message), message.compareTo(logMessage())), 35.0
13, 3989, 0.0, 1.0, 0.0, 3.5, 144, 3, new StackTraceElement(message.replace(message, message), message.replace(message, message), message.replace(message, message), message.compareTo(logMessage())), 40.5
13, 3990, 0.0, 1.0, 0.0, 4.0, 144, 3, new StackTraceElement(message.replace(message, message), message.replace(message, message), message.replace(message, message), message.compareTo(logMessage())), 46.0
13, 3991, 0.0, 1.0, 0.0, 4.5, 144, 3, new StackTraceElement(message.replace(message, message), message.replace(message, message), message.replace(message, message), message.compareTo(logMessage())), 51.5
13, 3992, 0.0, 1.0, 0.0, 5.0, 144, 3, new StackTraceElement(message.replace(message, message), message.replace(message, message), message.replace(message, message), message.compareTo(logMessage())), 57.0
