13, 10800, 11, -1.0, 0.0, -0.5, 0.0, Byte.valueOf(message)
13, 10801, 11, -1.0, 0.0, -0.5, 0.2, Byte.valueOf(message)
13, 10802, 11, -1.0, 0.0, -0.5, 0.4, Byte.valueOf(message)
13, 10803, 11, -1.0, 0.0, -0.5, 0.6000000000000001, Byte.valueOf(message)
13, 10804, 11, -1.0, 0.0, -0.5, 0.8, Byte.valueOf(message)
13, 10805, 11, -1.0, 0.0, -0.4, 0.0, Byte.valueOf(message)
13, 10806, 11, -1.0, 0.0, -0.4, 0.2, Byte.valueOf(message)
13, 10807, 11, -1.0, 0.0, -0.4, 0.4, Byte.valueOf(message)
13, 10808, 11, -1.0, 0.0, -0.4, 0.6000000000000001, Byte.valueOf(message)
13, 10809, 11, -1.0, 0.0, -0.4, 0.8, Byte.valueOf(message)
13, 10810, 11, -1.0, 0.0, -0.30000000000000004, 0.0, Byte.valueOf(message)
13, 10811, 11, -1.0, 0.0, -0.30000000000000004, 0.2, Byte.valueOf(message)
13, 10812, 11, -1.0, 0.0, -0.30000000000000004, 0.4, Byte.valueOf(message)
13, 10813, 11, -1.0, 0.0, -0.30000000000000004, 0.6000000000000001, Byte.valueOf(message)
13, 10814, 11, -1.0, 0.0, -0.30000000000000004, 0.8, Byte.valueOf(message)
13, 10815, 11, -1.0, 0.0, -0.20000000000000004, 0.0, Byte.valueOf(message)
13, 10816, 11, -1.0, 0.0, -0.20000000000000004, 0.2, Byte.valueOf(message)
13, 10817, 11, -1.0, 0.0, -0.20000000000000004, 0.4, Byte.valueOf(message)
13, 10818, 11, -1.0, 0.0, -0.20000000000000004, 0.6000000000000001, Byte.valueOf(message)
13, 10819, 11, -1.0, 0.0, -0.20000000000000004, 0.8, Byte.valueOf(message)
13, 10820, 11, -1.0, 0.0, -0.10000000000000003, 0.0, Byte.valueOf(message)
13, 10821, 11, -1.0, 0.0, -0.10000000000000003, 0.2, Byte.valueOf(message)
13, 10822, 11, -1.0, 0.0, -0.10000000000000003, 0.4, Byte.valueOf(message)
13, 10823, 11, -1.0, 0.0, -0.10000000000000003, 0.6000000000000001, Byte.valueOf(message)
13, 10824, 11, -1.0, 0.0, -0.10000000000000003, 0.8, Byte.valueOf(message)
13, 10825, 16, -1.0, 0.0, -2.7755575615628914E-17, 0.0, Math.tan()
13, 10826, 13, -1.0, 0.0, -2.7755575615628914E-17, 0.2, message
13, 10827, 13, -1.0, 0.0, -2.7755575615628914E-17, 0.4, message
13, 10828, 13, -1.0, 0.0, -2.7755575615628914E-17, 0.6000000000000001, message
13, 10829, 13, -1.0, 0.0, -2.7755575615628914E-17, 0.8, message
13, 10830, 11, -1.0, 0.4, -0.5, 0.0, Byte.valueOf(message)
13, 10831, 11, -1.0, 0.4, -0.5, 0.2, Byte.valueOf(message)
13, 10832, 11, -1.0, 0.4, -0.5, 0.4, Byte.valueOf(message)
13, 10833, 11, -1.0, 0.4, -0.5, 0.6000000000000001, Byte.valueOf(message)
13, 10834, 10, -1.0, 0.4, -0.5, 0.8, new Byte(message)
13, 10835, 11, -1.0, 0.4, -0.4, 0.0, Byte.valueOf(message)
13, 10836, 11, -1.0, 0.4, -0.4, 0.2, Byte.valueOf(message)
13, 10837, 11, -1.0, 0.4, -0.4, 0.4, Byte.valueOf(message)
13, 10838, 11, -1.0, 0.4, -0.4, 0.6000000000000001, Byte.valueOf(message)
13, 10839, 10, -1.0, 0.4, -0.4, 0.8, new Byte(message)
13, 10840, 11, -1.0, 0.4, -0.30000000000000004, 0.0, Byte.valueOf(message)
13, 10841, 11, -1.0, 0.4, -0.30000000000000004, 0.2, Byte.valueOf(message)
13, 10842, 11, -1.0, 0.4, -0.30000000000000004, 0.4, Byte.valueOf(message)
13, 10843, 11, -1.0, 0.4, -0.30000000000000004, 0.6000000000000001, Byte.valueOf(message)
13, 10844, 10, -1.0, 0.4, -0.30000000000000004, 0.8, new Byte(message)
13, 10845, 11, -1.0, 0.4, -0.20000000000000004, 0.0, Byte.valueOf(message)
13, 10846, 11, -1.0, 0.4, -0.20000000000000004, 0.2, Byte.valueOf(message)
13, 10847, 11, -1.0, 0.4, -0.20000000000000004, 0.4, Byte.valueOf(message)
13, 10848, 11, -1.0, 0.4, -0.20000000000000004, 0.6000000000000001, Byte.valueOf(message)
13, 10849, 11, -1.0, 0.4, -0.20000000000000004, 0.8, Byte.valueOf(message)
13, 10850, 11, -1.0, 0.4, -0.10000000000000003, 0.0, Byte.valueOf(message)
13, 10851, 11, -1.0, 0.4, -0.10000000000000003, 0.2, Byte.valueOf(message)
13, 10852, 11, -1.0, 0.4, -0.10000000000000003, 0.4, Byte.valueOf(message)
13, 10853, 11, -1.0, 0.4, -0.10000000000000003, 0.6000000000000001, Byte.valueOf(message)
13, 10854, 10, -1.0, 0.4, -0.10000000000000003, 0.8, new Byte(message)
13, 10855, 13, -1.0, 0.4, -2.7755575615628914E-17, 0.0, message
13, 10856, 13, -1.0, 0.4, -2.7755575615628914E-17, 0.2, message
13, 10857, 13, -1.0, 0.4, -2.7755575615628914E-17, 0.4, message
13, 10858, 13, -1.0, 0.4, -2.7755575615628914E-17, 0.6000000000000001, message
13, 10859, 13, -1.0, 0.4, -2.7755575615628914E-17, 0.8, message
13, 10860, 11, -1.0, 0.8, -0.5, 0.0, Byte.valueOf(message)
13, 10861, 11, -1.0, 0.8, -0.5, 0.2, Byte.valueOf(message)
13, 10862, 10, -1.0, 0.8, -0.5, 0.4, new Byte(message)
13, 10863, 10, -1.0, 0.8, -0.5, 0.6000000000000001, new Byte(message)
13, 10864, 10, -1.0, 0.8, -0.5, 0.8, new Byte(message)
13, 10865, 11, -1.0, 0.8, -0.4, 0.0, Byte.valueOf(message)
13, 10866, 11, -1.0, 0.8, -0.4, 0.2, Byte.valueOf(message)
13, 10867, 10, -1.0, 0.8, -0.4, 0.4, new Byte(message)
13, 10868, 11, -1.0, 0.8, -0.4, 0.6000000000000001, Byte.valueOf(message)
13, 10869, 10, -1.0, 0.8, -0.4, 0.8, new Byte(message)
13, 10870, 11, -1.0, 0.8, -0.30000000000000004, 0.0, Byte.valueOf(message)
13, 10871, 11, -1.0, 0.8, -0.30000000000000004, 0.2, Byte.valueOf(message)
13, 10872, 10, -1.0, 0.8, -0.30000000000000004, 0.4, new Byte(message)
13, 10873, 10, -1.0, 0.8, -0.30000000000000004, 0.6000000000000001, new Byte(message)
13, 10874, 10, -1.0, 0.8, -0.30000000000000004, 0.8, new Byte(message)
13, 10875, 11, -1.0, 0.8, -0.20000000000000004, 0.0, Byte.valueOf(message)
13, 10876, 11, -1.0, 0.8, -0.20000000000000004, 0.2, Byte.valueOf(message)
13, 10877, 10, -1.0, 0.8, -0.20000000000000004, 0.4, new Byte(message)
13, 10878, 10, -1.0, 0.8, -0.20000000000000004, 0.6000000000000001, new Byte(message)
13, 10879, 10, -1.0, 0.8, -0.20000000000000004, 0.8, new Byte(message)
13, 10880, 11, -1.0, 0.8, -0.10000000000000003, 0.0, Byte.valueOf(message)
13, 10881, 11, -1.0, 0.8, -0.10000000000000003, 0.2, Byte.valueOf(message)
13, 10882, 10, -1.0, 0.8, -0.10000000000000003, 0.4, new Byte(message)
13, 10883, 10, -1.0, 0.8, -0.10000000000000003, 0.6000000000000001, new Byte(message)
13, 10884, 10, -1.0, 0.8, -0.10000000000000003, 0.8, new Byte(message)
13, 10885, 13, -1.0, 0.8, -2.7755575615628914E-17, 0.0, message
13, 10886, 13, -1.0, 0.8, -2.7755575615628914E-17, 0.2, message
13, 10887, 13, -1.0, 0.8, -2.7755575615628914E-17, 0.4, message
13, 10888, 13, -1.0, 0.8, -2.7755575615628914E-17, 0.6000000000000001, message
13, 10889, 13, -1.0, 0.8, -2.7755575615628914E-17, 0.8, message
13, 10890, 10, -1.0, 1.2000000000000002, -0.5, 0.0, new Byte(message)
13, 10891, 10, -1.0, 1.2000000000000002, -0.5, 0.2, new Byte(message)
13, 10892, 10, -1.0, 1.2000000000000002, -0.5, 0.4, new Byte(message)
13, 10893, 10, -1.0, 1.2000000000000002, -0.5, 0.6000000000000001, new Byte(message)
13, 10894, 10, -1.0, 1.2000000000000002, -0.5, 0.8, new Byte(message)
13, 10895, 10, -1.0, 1.2000000000000002, -0.4, 0.0, new Byte(message)
13, 10896, 10, -1.0, 1.2000000000000002, -0.4, 0.2, new Byte(message)
13, 10897, 10, -1.0, 1.2000000000000002, -0.4, 0.4, new Byte(message)
13, 10898, 10, -1.0, 1.2000000000000002, -0.4, 0.6000000000000001, new Byte(message)
13, 10899, 10, -1.0, 1.2000000000000002, -0.4, 0.8, new Byte(message)
13, 10900, 10, -1.0, 1.2000000000000002, -0.30000000000000004, 0.0, new Byte(message)
13, 10901, 10, -1.0, 1.2000000000000002, -0.30000000000000004, 0.2, new Byte(message)
13, 10902, 10, -1.0, 1.2000000000000002, -0.30000000000000004, 0.4, new Byte(message)
13, 10903, 10, -1.0, 1.2000000000000002, -0.30000000000000004, 0.6000000000000001, new Byte(message)
13, 10904, 10, -1.0, 1.2000000000000002, -0.30000000000000004, 0.8, new Byte(message)
13, 10905, 10, -1.0, 1.2000000000000002, -0.20000000000000004, 0.0, new Byte(message)
13, 10906, 10, -1.0, 1.2000000000000002, -0.20000000000000004, 0.2, new Byte(message)
13, 10907, 10, -1.0, 1.2000000000000002, -0.20000000000000004, 0.4, new Byte(message)
13, 10908, 10, -1.0, 1.2000000000000002, -0.20000000000000004, 0.6000000000000001, new Byte(message)
13, 10909, 10, -1.0, 1.2000000000000002, -0.20000000000000004, 0.8, new Byte(message)
13, 10910, 10, -1.0, 1.2000000000000002, -0.10000000000000003, 0.0, new Byte(message)
13, 10911, 10, -1.0, 1.2000000000000002, -0.10000000000000003, 0.2, new Byte(message)
13, 10912, 10, -1.0, 1.2000000000000002, -0.10000000000000003, 0.4, new Byte(message)
13, 10913, 10, -1.0, 1.2000000000000002, -0.10000000000000003, 0.6000000000000001, new Byte(message)
13, 10914, 10, -1.0, 1.2000000000000002, -0.10000000000000003, 0.8, new Byte(message)
13, 10915, 11, -1.0, 1.2000000000000002, -2.7755575615628914E-17, 0.0, Byte.valueOf(message)
13, 10916, 13, -1.0, 1.2000000000000002, -2.7755575615628914E-17, 0.2, message
13, 10917, 11, -1.0, 1.2000000000000002, -2.7755575615628914E-17, 0.4, Byte.valueOf(message)
13, 10918, 11, -1.0, 1.2000000000000002, -2.7755575615628914E-17, 0.6000000000000001, Byte.valueOf(message)
13, 10919, 11, -1.0, 1.2000000000000002, -2.7755575615628914E-17, 0.8, Byte.valueOf(message)
13, 10920, 10, -1.0, 1.6, -0.5, 0.0, new Byte(message)
13, 10921, 10, -1.0, 1.6, -0.5, 0.2, new Byte(message)
13, 10922, 10, -1.0, 1.6, -0.5, 0.4, new Byte(message)
13, 10923, 10, -1.0, 1.6, -0.5, 0.6000000000000001, new Byte(message)
13, 10924, 10, -1.0, 1.6, -0.5, 0.8, new Byte(message)
13, 10925, 10, -1.0, 1.6, -0.4, 0.0, new Byte(message)
13, 10926, 10, -1.0, 1.6, -0.4, 0.2, new Byte(message)
13, 10927, 10, -1.0, 1.6, -0.4, 0.4, new Byte(message)
13, 10928, 10, -1.0, 1.6, -0.4, 0.6000000000000001, new Byte(message)
13, 10929, 10, -1.0, 1.6, -0.4, 0.8, new Byte(message)
13, 10930, 10, -1.0, 1.6, -0.30000000000000004, 0.0, new Byte(message)
13, 10931, 10, -1.0, 1.6, -0.30000000000000004, 0.2, new Byte(message)
13, 10932, 10, -1.0, 1.6, -0.30000000000000004, 0.4, new Byte(message)
13, 10933, 10, -1.0, 1.6, -0.30000000000000004, 0.6000000000000001, new Byte(message)
13, 10934, 10, -1.0, 1.6, -0.30000000000000004, 0.8, new Byte(message)
13, 10935, 10, -1.0, 1.6, -0.20000000000000004, 0.0, new Byte(message)
13, 10936, 10, -1.0, 1.6, -0.20000000000000004, 0.2, new Byte(message)
13, 10937, 10, -1.0, 1.6, -0.20000000000000004, 0.4, new Byte(message)
13, 10938, 10, -1.0, 1.6, -0.20000000000000004, 0.6000000000000001, new Byte(message)
13, 10939, 10, -1.0, 1.6, -0.20000000000000004, 0.8, new Byte(message)
13, 10940, 10, -1.0, 1.6, -0.10000000000000003, 0.0, new Byte(message)
13, 10941, 10, -1.0, 1.6, -0.10000000000000003, 0.2, new Byte(message)
13, 10942, 10, -1.0, 1.6, -0.10000000000000003, 0.4, new Byte(message)
13, 10943, 10, -1.0, 1.6, -0.10000000000000003, 0.6000000000000001, new Byte(message)
13, 10944, 10, -1.0, 1.6, -0.10000000000000003, 0.8, new Byte(message)
13, 10945, 13, -1.0, 1.6, -2.7755575615628914E-17, 0.0, message
13, 10946, 10, -1.0, 1.6, -2.7755575615628914E-17, 0.2, new Byte(message)
13, 10947, 10, -1.0, 1.6, -2.7755575615628914E-17, 0.4, new Byte(message)
13, 10948, 10, -1.0, 1.6, -2.7755575615628914E-17, 0.6000000000000001, new Byte(message)
13, 10949, 10, -1.0, 1.6, -2.7755575615628914E-17, 0.8, new Byte(message)
13, 10950, 11, -0.8, 0.0, -0.5, 0.0, Byte.valueOf(message)
13, 10951, 11, -0.8, 0.0, -0.5, 0.2, Byte.valueOf(message)
13, 10952, 11, -0.8, 0.0, -0.5, 0.4, Byte.valueOf(message)
13, 10953, 11, -0.8, 0.0, -0.5, 0.6000000000000001, Byte.valueOf(message)
13, 10954, 11, -0.8, 0.0, -0.5, 0.8, Byte.valueOf(message)
13, 10955, 11, -0.8, 0.0, -0.4, 0.0, Byte.valueOf(message)
13, 10956, 11, -0.8, 0.0, -0.4, 0.2, Byte.valueOf(message)
13, 10957, 11, -0.8, 0.0, -0.4, 0.4, Byte.valueOf(message)
13, 10958, 11, -0.8, 0.0, -0.4, 0.6000000000000001, Byte.valueOf(message)
13, 10959, 11, -0.8, 0.0, -0.4, 0.8, Byte.valueOf(message)
13, 10960, 11, -0.8, 0.0, -0.30000000000000004, 0.0, Byte.valueOf(message)
13, 10961, 11, -0.8, 0.0, -0.30000000000000004, 0.2, Byte.valueOf(message)
13, 10962, 11, -0.8, 0.0, -0.30000000000000004, 0.4, Byte.valueOf(message)
13, 10963, 11, -0.8, 0.0, -0.30000000000000004, 0.6000000000000001, Byte.valueOf(message)
13, 10964, 11, -0.8, 0.0, -0.30000000000000004, 0.8, Byte.valueOf(message)
13, 10965, 11, -0.8, 0.0, -0.20000000000000004, 0.0, Byte.valueOf(message)
13, 10966, 11, -0.8, 0.0, -0.20000000000000004, 0.2, Byte.valueOf(message)
13, 10967, 11, -0.8, 0.0, -0.20000000000000004, 0.4, Byte.valueOf(message)
13, 10968, 11, -0.8, 0.0, -0.20000000000000004, 0.6000000000000001, Byte.valueOf(message)
13, 10969, 11, -0.8, 0.0, -0.20000000000000004, 0.8, Byte.valueOf(message)
13, 10970, 11, -0.8, 0.0, -0.10000000000000003, 0.0, Byte.valueOf(message)
13, 10971, 11, -0.8, 0.0, -0.10000000000000003, 0.2, Byte.valueOf(message)
13, 10972, 11, -0.8, 0.0, -0.10000000000000003, 0.4, Byte.valueOf(message)
13, 10973, 11, -0.8, 0.0, -0.10000000000000003, 0.6000000000000001, Byte.valueOf(message)
13, 10974, 11, -0.8, 0.0, -0.10000000000000003, 0.8, Byte.valueOf(message)
13, 10975, 16, -0.8, 0.0, -2.7755575615628914E-17, 0.0, Math.tan()
13, 10976, 13, -0.8, 0.0, -2.7755575615628914E-17, 0.2, message
13, 10977, 13, -0.8, 0.0, -2.7755575615628914E-17, 0.4, message
13, 10978, 13, -0.8, 0.0, -2.7755575615628914E-17, 0.6000000000000001, message
13, 10979, 13, -0.8, 0.0, -2.7755575615628914E-17, 0.8, message
13, 10980, 11, -0.8, 0.4, -0.5, 0.0, Byte.valueOf(message)
13, 10981, 11, -0.8, 0.4, -0.5, 0.2, Byte.valueOf(message)
13, 10982, 11, -0.8, 0.4, -0.5, 0.4, Byte.valueOf(message)
13, 10983, 10, -0.8, 0.4, -0.5, 0.6000000000000001, new Byte(message)
13, 10984, 10, -0.8, 0.4, -0.5, 0.8, new Byte(message)
13, 10985, 11, -0.8, 0.4, -0.4, 0.0, Byte.valueOf(message)
13, 10986, 11, -0.8, 0.4, -0.4, 0.2, Byte.valueOf(message)
13, 10987, 11, -0.8, 0.4, -0.4, 0.4, Byte.valueOf(message)
13, 10988, 10, -0.8, 0.4, -0.4, 0.6000000000000001, new Byte(message)
13, 10989, 10, -0.8, 0.4, -0.4, 0.8, new Byte(message)
13, 10990, 11, -0.8, 0.4, -0.30000000000000004, 0.0, Byte.valueOf(message)
13, 10991, 11, -0.8, 0.4, -0.30000000000000004, 0.2, Byte.valueOf(message)
13, 10992, 11, -0.8, 0.4, -0.30000000000000004, 0.4, Byte.valueOf(message)
13, 10993, 10, -0.8, 0.4, -0.30000000000000004, 0.6000000000000001, new Byte(message)
13, 10994, 10, -0.8, 0.4, -0.30000000000000004, 0.8, new Byte(message)
13, 10995, 11, -0.8, 0.4, -0.20000000000000004, 0.0, Byte.valueOf(message)
13, 10996, 11, -0.8, 0.4, -0.20000000000000004, 0.2, Byte.valueOf(message)
13, 10997, 11, -0.8, 0.4, -0.20000000000000004, 0.4, Byte.valueOf(message)
13, 10998, 10, -0.8, 0.4, -0.20000000000000004, 0.6000000000000001, new Byte(message)
13, 10999, 10, -0.8, 0.4, -0.20000000000000004, 0.8, new Byte(message)
13, 11000, 11, -0.8, 0.4, -0.10000000000000003, 0.0, Byte.valueOf(message)
13, 11001, 11, -0.8, 0.4, -0.10000000000000003, 0.2, Byte.valueOf(message)
13, 11002, 11, -0.8, 0.4, -0.10000000000000003, 0.4, Byte.valueOf(message)
13, 11003, 10, -0.8, 0.4, -0.10000000000000003, 0.6000000000000001, new Byte(message)
13, 11004, 10, -0.8, 0.4, -0.10000000000000003, 0.8, new Byte(message)
13, 11005, 13, -0.8, 0.4, -2.7755575615628914E-17, 0.0, message
13, 11006, 13, -0.8, 0.4, -2.7755575615628914E-17, 0.2, message
13, 11007, 13, -0.8, 0.4, -2.7755575615628914E-17, 0.4, message
13, 11008, 13, -0.8, 0.4, -2.7755575615628914E-17, 0.6000000000000001, message
13, 11009, 13, -0.8, 0.4, -2.7755575615628914E-17, 0.8, message
13, 11010, 11, -0.8, 0.8, -0.5, 0.0, Byte.valueOf(message)
13, 11011, 10, -0.8, 0.8, -0.5, 0.2, new Byte(message)
13, 11012, 10, -0.8, 0.8, -0.5, 0.4, new Byte(message)
13, 11013, 10, -0.8, 0.8, -0.5, 0.6000000000000001, new Byte(message)
13, 11014, 10, -0.8, 0.8, -0.5, 0.8, new Byte(message)
13, 11015, 11, -0.8, 0.8, -0.4, 0.0, Byte.valueOf(message)
13, 11016, 10, -0.8, 0.8, -0.4, 0.2, new Byte(message)
13, 11017, 11, -0.8, 0.8, -0.4, 0.4, Byte.valueOf(message)
13, 11018, 10, -0.8, 0.8, -0.4, 0.6000000000000001, new Byte(message)
13, 11019, 10, -0.8, 0.8, -0.4, 0.8, new Byte(message)
13, 11020, 11, -0.8, 0.8, -0.30000000000000004, 0.0, Byte.valueOf(message)
13, 11021, 10, -0.8, 0.8, -0.30000000000000004, 0.2, new Byte(message)
13, 11022, 10, -0.8, 0.8, -0.30000000000000004, 0.4, new Byte(message)
13, 11023, 10, -0.8, 0.8, -0.30000000000000004, 0.6000000000000001, new Byte(message)
13, 11024, 10, -0.8, 0.8, -0.30000000000000004, 0.8, new Byte(message)
13, 11025, 11, -0.8, 0.8, -0.20000000000000004, 0.0, Byte.valueOf(message)
13, 11026, 10, -0.8, 0.8, -0.20000000000000004, 0.2, new Byte(message)
13, 11027, 10, -0.8, 0.8, -0.20000000000000004, 0.4, new Byte(message)
13, 11028, 10, -0.8, 0.8, -0.20000000000000004, 0.6000000000000001, new Byte(message)
13, 11029, 10, -0.8, 0.8, -0.20000000000000004, 0.8, new Byte(message)
13, 11030, 11, -0.8, 0.8, -0.10000000000000003, 0.0, Byte.valueOf(message)
13, 11031, 10, -0.8, 0.8, -0.10000000000000003, 0.2, new Byte(message)
13, 11032, 10, -0.8, 0.8, -0.10000000000000003, 0.4, new Byte(message)
13, 11033, 10, -0.8, 0.8, -0.10000000000000003, 0.6000000000000001, new Byte(message)
13, 11034, 10, -0.8, 0.8, -0.10000000000000003, 0.8, new Byte(message)
13, 11035, 11, -0.8, 0.8, -2.7755575615628914E-17, 0.0, Byte.valueOf(message)
13, 11036, 13, -0.8, 0.8, -2.7755575615628914E-17, 0.2, message
13, 11037, 11, -0.8, 0.8, -2.7755575615628914E-17, 0.4, Byte.valueOf(message)
13, 11038, 11, -0.8, 0.8, -2.7755575615628914E-17, 0.6000000000000001, Byte.valueOf(message)
13, 11039, 11, -0.8, 0.8, -2.7755575615628914E-17, 0.8, Byte.valueOf(message)
13, 11040, 10, -0.8, 1.2000000000000002, -0.5, 0.0, new Byte(message)
13, 11041, 10, -0.8, 1.2000000000000002, -0.5, 0.2, new Byte(message)
13, 11042, 10, -0.8, 1.2000000000000002, -0.5, 0.4, new Byte(message)
13, 11043, 10, -0.8, 1.2000000000000002, -0.5, 0.6000000000000001, new Byte(message)
13, 11044, 10, -0.8, 1.2000000000000002, -0.5, 0.8, new Byte(message)
13, 11045, 10, -0.8, 1.2000000000000002, -0.4, 0.0, new Byte(message)
13, 11046, 10, -0.8, 1.2000000000000002, -0.4, 0.2, new Byte(message)
13, 11047, 10, -0.8, 1.2000000000000002, -0.4, 0.4, new Byte(message)
13, 11048, 10, -0.8, 1.2000000000000002, -0.4, 0.6000000000000001, new Byte(message)
13, 11049, 10, -0.8, 1.2000000000000002, -0.4, 0.8, new Byte(message)
13, 11050, 10, -0.8, 1.2000000000000002, -0.30000000000000004, 0.0, new Byte(message)
13, 11051, 10, -0.8, 1.2000000000000002, -0.30000000000000004, 0.2, new Byte(message)
13, 11052, 10, -0.8, 1.2000000000000002, -0.30000000000000004, 0.4, new Byte(message)
13, 11053, 10, -0.8, 1.2000000000000002, -0.30000000000000004, 0.6000000000000001, new Byte(message)
13, 11054, 10, -0.8, 1.2000000000000002, -0.30000000000000004, 0.8, new Byte(message)
13, 11055, 10, -0.8, 1.2000000000000002, -0.20000000000000004, 0.0, new Byte(message)
13, 11056, 10, -0.8, 1.2000000000000002, -0.20000000000000004, 0.2, new Byte(message)
13, 11057, 10, -0.8, 1.2000000000000002, -0.20000000000000004, 0.4, new Byte(message)
13, 11058, 10, -0.8, 1.2000000000000002, -0.20000000000000004, 0.6000000000000001, new Byte(message)
13, 11059, 10, -0.8, 1.2000000000000002, -0.20000000000000004, 0.8, new Byte(message)
13, 11060, 10, -0.8, 1.2000000000000002, -0.10000000000000003, 0.0, new Byte(message)
13, 11061, 10, -0.8, 1.2000000000000002, -0.10000000000000003, 0.2, new Byte(message)
13, 11062, 10, -0.8, 1.2000000000000002, -0.10000000000000003, 0.4, new Byte(message)
13, 11063, 10, -0.8, 1.2000000000000002, -0.10000000000000003, 0.6000000000000001, new Byte(message)
13, 11064, 10, -0.8, 1.2000000000000002, -0.10000000000000003, 0.8, new Byte(message)
13, 11065, 10, -0.8, 1.2000000000000002, -2.7755575615628914E-17, 0.0, new Byte(message)
13, 11066, 10, -0.8, 1.2000000000000002, -2.7755575615628914E-17, 0.2, new Byte(message)
13, 11067, 10, -0.8, 1.2000000000000002, -2.7755575615628914E-17, 0.4, new Byte(message)
13, 11068, 10, -0.8, 1.2000000000000002, -2.7755575615628914E-17, 0.6000000000000001, new Byte(message)
13, 11069, 10, -0.8, 1.2000000000000002, -2.7755575615628914E-17, 0.8, new Byte(message)
13, 11070, 10, -0.8, 1.6, -0.5, 0.0, new Byte(message)
13, 11071, 10, -0.8, 1.6, -0.5, 0.2, new Byte(message)
13, 11072, 10, -0.8, 1.6, -0.5, 0.4, new Byte(message)
13, 11073, 10, -0.8, 1.6, -0.5, 0.6000000000000001, new Byte(message)
13, 11074, 10, -0.8, 1.6, -0.5, 0.8, new Byte(message)
13, 11075, 10, -0.8, 1.6, -0.4, 0.0, new Byte(message)
13, 11076, 10, -0.8, 1.6, -0.4, 0.2, new Byte(message)
13, 11077, 10, -0.8, 1.6, -0.4, 0.4, new Byte(message)
13, 11078, 10, -0.8, 1.6, -0.4, 0.6000000000000001, new Byte(message)
13, 11079, 10, -0.8, 1.6, -0.4, 0.8, new Byte(message)
13, 11080, 10, -0.8, 1.6, -0.30000000000000004, 0.0, new Byte(message)
13, 11081, 10, -0.8, 1.6, -0.30000000000000004, 0.2, new Byte(message)
13, 11082, 10, -0.8, 1.6, -0.30000000000000004, 0.4, new Byte(message)
13, 11083, 10, -0.8, 1.6, -0.30000000000000004, 0.6000000000000001, new Byte(message)
13, 11084, 10, -0.8, 1.6, -0.30000000000000004, 0.8, new Byte(message)
13, 11085, 10, -0.8, 1.6, -0.20000000000000004, 0.0, new Byte(message)
13, 11086, 10, -0.8, 1.6, -0.20000000000000004, 0.2, new Byte(message)
13, 11087, 10, -0.8, 1.6, -0.20000000000000004, 0.4, new Byte(message)
13, 11088, 10, -0.8, 1.6, -0.20000000000000004, 0.6000000000000001, new Byte(message)
13, 11089, 10, -0.8, 1.6, -0.20000000000000004, 0.8, new Byte(message)
13, 11090, 10, -0.8, 1.6, -0.10000000000000003, 0.0, new Byte(message)
13, 11091, 10, -0.8, 1.6, -0.10000000000000003, 0.2, new Byte(message)
13, 11092, 10, -0.8, 1.6, -0.10000000000000003, 0.4, new Byte(message)
13, 11093, 10, -0.8, 1.6, -0.10000000000000003, 0.6000000000000001, new Byte(message)
13, 11094, 10, -0.8, 1.6, -0.10000000000000003, 0.8, new Byte(message)
13, 11095, 13, -0.8, 1.6, -2.7755575615628914E-17, 0.0, message
13, 11096, 10, -0.8, 1.6, -2.7755575615628914E-17, 0.2, new Byte(message)
13, 11097, 10, -0.8, 1.6, -2.7755575615628914E-17, 0.4, new Byte(message)
13, 11098, 11, -0.8, 1.6, -2.7755575615628914E-17, 0.6000000000000001, Byte.valueOf(message)
13, 11099, 11, -0.8, 1.6, -2.7755575615628914E-17, 0.8, Byte.valueOf(message)
13, 11100, 11, -0.6000000000000001, 0.0, -0.5, 0.0, Byte.valueOf(message)
13, 11101, 11, -0.6000000000000001, 0.0, -0.5, 0.2, Byte.valueOf(message)
13, 11102, 11, -0.6000000000000001, 0.0, -0.5, 0.4, Byte.valueOf(message)
13, 11103, 11, -0.6000000000000001, 0.0, -0.5, 0.6000000000000001, Byte.valueOf(message)
13, 11104, 10, -0.6000000000000001, 0.0, -0.5, 0.8, new Byte(message)
13, 11105, 11, -0.6000000000000001, 0.0, -0.4, 0.0, Byte.valueOf(message)
13, 11106, 11, -0.6000000000000001, 0.0, -0.4, 0.2, Byte.valueOf(message)
13, 11107, 11, -0.6000000000000001, 0.0, -0.4, 0.4, Byte.valueOf(message)
13, 11108, 11, -0.6000000000000001, 0.0, -0.4, 0.6000000000000001, Byte.valueOf(message)
13, 11109, 10, -0.6000000000000001, 0.0, -0.4, 0.8, new Byte(message)
13, 11110, 11, -0.6000000000000001, 0.0, -0.30000000000000004, 0.0, Byte.valueOf(message)
13, 11111, 11, -0.6000000000000001, 0.0, -0.30000000000000004, 0.2, Byte.valueOf(message)
13, 11112, 11, -0.6000000000000001, 0.0, -0.30000000000000004, 0.4, Byte.valueOf(message)
13, 11113, 11, -0.6000000000000001, 0.0, -0.30000000000000004, 0.6000000000000001, Byte.valueOf(message)
13, 11114, 10, -0.6000000000000001, 0.0, -0.30000000000000004, 0.8, new Byte(message)
13, 11115, 11, -0.6000000000000001, 0.0, -0.20000000000000004, 0.0, Byte.valueOf(message)
13, 11116, 11, -0.6000000000000001, 0.0, -0.20000000000000004, 0.2, Byte.valueOf(message)
13, 11117, 11, -0.6000000000000001, 0.0, -0.20000000000000004, 0.4, Byte.valueOf(message)
13, 11118, 11, -0.6000000000000001, 0.0, -0.20000000000000004, 0.6000000000000001, Byte.valueOf(message)
13, 11119, 10, -0.6000000000000001, 0.0, -0.20000000000000004, 0.8, new Byte(message)
13, 11120, 11, -0.6000000000000001, 0.0, -0.10000000000000003, 0.0, Byte.valueOf(message)
13, 11121, 11, -0.6000000000000001, 0.0, -0.10000000000000003, 0.2, Byte.valueOf(message)
13, 11122, 11, -0.6000000000000001, 0.0, -0.10000000000000003, 0.4, Byte.valueOf(message)
13, 11123, 11, -0.6000000000000001, 0.0, -0.10000000000000003, 0.6000000000000001, Byte.valueOf(message)
13, 11124, 10, -0.6000000000000001, 0.0, -0.10000000000000003, 0.8, new Byte(message)
13, 11125, 16, -0.6000000000000001, 0.0, -2.7755575615628914E-17, 0.0, Math.tan()
13, 11126, 13, -0.6000000000000001, 0.0, -2.7755575615628914E-17, 0.2, message
13, 11127, 13, -0.6000000000000001, 0.0, -2.7755575615628914E-17, 0.4, message
13, 11128, 13, -0.6000000000000001, 0.0, -2.7755575615628914E-17, 0.6000000000000001, message
13, 11129, 13, -0.6000000000000001, 0.0, -2.7755575615628914E-17, 0.8, message
13, 11130, 11, -0.6000000000000001, 0.4, -0.5, 0.0, Byte.valueOf(message)
13, 11131, 11, -0.6000000000000001, 0.4, -0.5, 0.2, Byte.valueOf(message)
13, 11132, 10, -0.6000000000000001, 0.4, -0.5, 0.4, new Byte(message)
13, 11133, 10, -0.6000000000000001, 0.4, -0.5, 0.6000000000000001, new Byte(message)
13, 11134, 10, -0.6000000000000001, 0.4, -0.5, 0.8, new Byte(message)
13, 11135, 11, -0.6000000000000001, 0.4, -0.4, 0.0, Byte.valueOf(message)
13, 11136, 11, -0.6000000000000001, 0.4, -0.4, 0.2, Byte.valueOf(message)
13, 11137, 10, -0.6000000000000001, 0.4, -0.4, 0.4, new Byte(message)
13, 11138, 11, -0.6000000000000001, 0.4, -0.4, 0.6000000000000001, Byte.valueOf(message)
13, 11139, 10, -0.6000000000000001, 0.4, -0.4, 0.8, new Byte(message)
13, 11140, 11, -0.6000000000000001, 0.4, -0.30000000000000004, 0.0, Byte.valueOf(message)
13, 11141, 11, -0.6000000000000001, 0.4, -0.30000000000000004, 0.2, Byte.valueOf(message)
13, 11142, 10, -0.6000000000000001, 0.4, -0.30000000000000004, 0.4, new Byte(message)
13, 11143, 10, -0.6000000000000001, 0.4, -0.30000000000000004, 0.6000000000000001, new Byte(message)
13, 11144, 10, -0.6000000000000001, 0.4, -0.30000000000000004, 0.8, new Byte(message)
13, 11145, 11, -0.6000000000000001, 0.4, -0.20000000000000004, 0.0, Byte.valueOf(message)
13, 11146, 11, -0.6000000000000001, 0.4, -0.20000000000000004, 0.2, Byte.valueOf(message)
13, 11147, 11, -0.6000000000000001, 0.4, -0.20000000000000004, 0.4, Byte.valueOf(message)
13, 11148, 10, -0.6000000000000001, 0.4, -0.20000000000000004, 0.6000000000000001, new Byte(message)
13, 11149, 10, -0.6000000000000001, 0.4, -0.20000000000000004, 0.8, new Byte(message)
13, 11150, 11, -0.6000000000000001, 0.4, -0.10000000000000003, 0.0, Byte.valueOf(message)
13, 11151, 11, -0.6000000000000001, 0.4, -0.10000000000000003, 0.2, Byte.valueOf(message)
13, 11152, 10, -0.6000000000000001, 0.4, -0.10000000000000003, 0.4, new Byte(message)
13, 11153, 10, -0.6000000000000001, 0.4, -0.10000000000000003, 0.6000000000000001, new Byte(message)
13, 11154, 10, -0.6000000000000001, 0.4, -0.10000000000000003, 0.8, new Byte(message)
13, 11155, 13, -0.6000000000000001, 0.4, -2.7755575615628914E-17, 0.0, message
13, 11156, 13, -0.6000000000000001, 0.4, -2.7755575615628914E-17, 0.2, message
13, 11157, 11, -0.6000000000000001, 0.4, -2.7755575615628914E-17, 0.4, Byte.valueOf(message)
13, 11158, 11, -0.6000000000000001, 0.4, -2.7755575615628914E-17, 0.6000000000000001, Byte.valueOf(message)
13, 11159, 11, -0.6000000000000001, 0.4, -2.7755575615628914E-17, 0.8, Byte.valueOf(message)
13, 11160, 10, -0.6000000000000001, 0.8, -0.5, 0.0, new Byte(message)
13, 11161, 10, -0.6000000000000001, 0.8, -0.5, 0.2, new Byte(message)
13, 11162, 10, -0.6000000000000001, 0.8, -0.5, 0.4, new Byte(message)
13, 11163, 10, -0.6000000000000001, 0.8, -0.5, 0.6000000000000001, new Byte(message)
13, 11164, 10, -0.6000000000000001, 0.8, -0.5, 0.8, new Byte(message)
13, 11165, 10, -0.6000000000000001, 0.8, -0.4, 0.0, new Byte(message)
13, 11166, 10, -0.6000000000000001, 0.8, -0.4, 0.2, new Byte(message)
13, 11167, 10, -0.6000000000000001, 0.8, -0.4, 0.4, new Byte(message)
13, 11168, 10, -0.6000000000000001, 0.8, -0.4, 0.6000000000000001, new Byte(message)
13, 11169, 10, -0.6000000000000001, 0.8, -0.4, 0.8, new Byte(message)
13, 11170, 10, -0.6000000000000001, 0.8, -0.30000000000000004, 0.0, new Byte(message)
13, 11171, 10, -0.6000000000000001, 0.8, -0.30000000000000004, 0.2, new Byte(message)
13, 11172, 10, -0.6000000000000001, 0.8, -0.30000000000000004, 0.4, new Byte(message)
13, 11173, 10, -0.6000000000000001, 0.8, -0.30000000000000004, 0.6000000000000001, new Byte(message)
13, 11174, 10, -0.6000000000000001, 0.8, -0.30000000000000004, 0.8, new Byte(message)
13, 11175, 10, -0.6000000000000001, 0.8, -0.20000000000000004, 0.0, new Byte(message)
13, 11176, 10, -0.6000000000000001, 0.8, -0.20000000000000004, 0.2, new Byte(message)
13, 11177, 10, -0.6000000000000001, 0.8, -0.20000000000000004, 0.4, new Byte(message)
13, 11178, 10, -0.6000000000000001, 0.8, -0.20000000000000004, 0.6000000000000001, new Byte(message)
13, 11179, 10, -0.6000000000000001, 0.8, -0.20000000000000004, 0.8, new Byte(message)
13, 11180, 10, -0.6000000000000001, 0.8, -0.10000000000000003, 0.0, new Byte(message)
13, 11181, 10, -0.6000000000000001, 0.8, -0.10000000000000003, 0.2, new Byte(message)
13, 11182, 10, -0.6000000000000001, 0.8, -0.10000000000000003, 0.4, new Byte(message)
13, 11183, 10, -0.6000000000000001, 0.8, -0.10000000000000003, 0.6000000000000001, new Byte(message)
13, 11184, 10, -0.6000000000000001, 0.8, -0.10000000000000003, 0.8, new Byte(message)
13, 11185, 10, -0.6000000000000001, 0.8, -2.7755575615628914E-17, 0.0, new Byte(message)
13, 11186, 10, -0.6000000000000001, 0.8, -2.7755575615628914E-17, 0.2, new Byte(message)
13, 11187, 10, -0.6000000000000001, 0.8, -2.7755575615628914E-17, 0.4, new Byte(message)
13, 11188, 10, -0.6000000000000001, 0.8, -2.7755575615628914E-17, 0.6000000000000001, new Byte(message)
13, 11189, 10, -0.6000000000000001, 0.8, -2.7755575615628914E-17, 0.8, new Byte(message)
13, 11190, 10, -0.6000000000000001, 1.2000000000000002, -0.5, 0.0, new Byte(message)
13, 11191, 10, -0.6000000000000001, 1.2000000000000002, -0.5, 0.2, new Byte(message)
13, 11192, 10, -0.6000000000000001, 1.2000000000000002, -0.5, 0.4, new Byte(message)
13, 11193, 10, -0.6000000000000001, 1.2000000000000002, -0.5, 0.6000000000000001, new Byte(message)
13, 11194, 10, -0.6000000000000001, 1.2000000000000002, -0.5, 0.8, new Byte(message)
13, 11195, 10, -0.6000000000000001, 1.2000000000000002, -0.4, 0.0, new Byte(message)
13, 11196, 10, -0.6000000000000001, 1.2000000000000002, -0.4, 0.2, new Byte(message)
13, 11197, 10, -0.6000000000000001, 1.2000000000000002, -0.4, 0.4, new Byte(message)
13, 11198, 10, -0.6000000000000001, 1.2000000000000002, -0.4, 0.6000000000000001, new Byte(message)
13, 11199, 10, -0.6000000000000001, 1.2000000000000002, -0.4, 0.8, new Byte(message)
13, 11200, 10, -0.6000000000000001, 1.2000000000000002, -0.30000000000000004, 0.0, new Byte(message)
13, 11201, 10, -0.6000000000000001, 1.2000000000000002, -0.30000000000000004, 0.2, new Byte(message)
13, 11202, 10, -0.6000000000000001, 1.2000000000000002, -0.30000000000000004, 0.4, new Byte(message)
13, 11203, 10, -0.6000000000000001, 1.2000000000000002, -0.30000000000000004, 0.6000000000000001, new Byte(message)
13, 11204, 10, -0.6000000000000001, 1.2000000000000002, -0.30000000000000004, 0.8, new Byte(message)
13, 11205, 10, -0.6000000000000001, 1.2000000000000002, -0.20000000000000004, 0.0, new Byte(message)
13, 11206, 10, -0.6000000000000001, 1.2000000000000002, -0.20000000000000004, 0.2, new Byte(message)
13, 11207, 10, -0.6000000000000001, 1.2000000000000002, -0.20000000000000004, 0.4, new Byte(message)
13, 11208, 10, -0.6000000000000001, 1.2000000000000002, -0.20000000000000004, 0.6000000000000001, new Byte(message)
13, 11209, 10, -0.6000000000000001, 1.2000000000000002, -0.20000000000000004, 0.8, new Byte(message)
13, 11210, 10, -0.6000000000000001, 1.2000000000000002, -0.10000000000000003, 0.0, new Byte(message)
13, 11211, 10, -0.6000000000000001, 1.2000000000000002, -0.10000000000000003, 0.2, new Byte(message)
13, 11212, 10, -0.6000000000000001, 1.2000000000000002, -0.10000000000000003, 0.4, new Byte(message)
13, 11213, 10, -0.6000000000000001, 1.2000000000000002, -0.10000000000000003, 0.6000000000000001, new Byte(message)
13, 11214, 10, -0.6000000000000001, 1.2000000000000002, -0.10000000000000003, 0.8, new Byte(message)
13, 11215, 13, -0.6000000000000001, 1.2000000000000002, -2.7755575615628914E-17, 0.0, message
13, 11216, 10, -0.6000000000000001, 1.2000000000000002, -2.7755575615628914E-17, 0.2, new Byte(message)
13, 11217, 10, -0.6000000000000001, 1.2000000000000002, -2.7755575615628914E-17, 0.4, new Byte(message)
13, 11218, 11, -0.6000000000000001, 1.2000000000000002, -2.7755575615628914E-17, 0.6000000000000001, Byte.valueOf(message)
13, 11219, 11, -0.6000000000000001, 1.2000000000000002, -2.7755575615628914E-17, 0.8, Byte.valueOf(message)
13, 11220, 10, -0.6000000000000001, 1.6, -0.5, 0.0, new Byte(message)
13, 11221, 10, -0.6000000000000001, 1.6, -0.5, 0.2, new Byte(message)
13, 11222, 10, -0.6000000000000001, 1.6, -0.5, 0.4, new Byte(message)
13, 11223, 10, -0.6000000000000001, 1.6, -0.5, 0.6000000000000001, new Byte(message)
13, 11224, 10, -0.6000000000000001, 1.6, -0.5, 0.8, new Byte(message)
13, 11225, 10, -0.6000000000000001, 1.6, -0.4, 0.0, new Byte(message)
13, 11226, 10, -0.6000000000000001, 1.6, -0.4, 0.2, new Byte(message)
13, 11227, 10, -0.6000000000000001, 1.6, -0.4, 0.4, new Byte(message)
13, 11228, 10, -0.6000000000000001, 1.6, -0.4, 0.6000000000000001, new Byte(message)
13, 11229, 10, -0.6000000000000001, 1.6, -0.4, 0.8, new Byte(message)
13, 11230, 10, -0.6000000000000001, 1.6, -0.30000000000000004, 0.0, new Byte(message)
13, 11231, 10, -0.6000000000000001, 1.6, -0.30000000000000004, 0.2, new Byte(message)
13, 11232, 10, -0.6000000000000001, 1.6, -0.30000000000000004, 0.4, new Byte(message)
13, 11233, 10, -0.6000000000000001, 1.6, -0.30000000000000004, 0.6000000000000001, new Byte(message)
13, 11234, 10, -0.6000000000000001, 1.6, -0.30000000000000004, 0.8, new Byte(message)
13, 11235, 10, -0.6000000000000001, 1.6, -0.20000000000000004, 0.0, new Byte(message)
13, 11236, 10, -0.6000000000000001, 1.6, -0.20000000000000004, 0.2, new Byte(message)
13, 11237, 10, -0.6000000000000001, 1.6, -0.20000000000000004, 0.4, new Byte(message)
13, 11238, 10, -0.6000000000000001, 1.6, -0.20000000000000004, 0.6000000000000001, new Byte(message)
13, 11239, 10, -0.6000000000000001, 1.6, -0.20000000000000004, 0.8, new Byte(message)
13, 11240, 13, -0.6000000000000001, 1.6, -0.10000000000000003, 0.0, message
13, 11241, 13, -0.6000000000000001, 1.6, -0.10000000000000003, 0.2, message
13, 11242, 13, -0.6000000000000001, 1.6, -0.10000000000000003, 0.4, message
13, 11243, 13, -0.6000000000000001, 1.6, -0.10000000000000003, 0.6000000000000001, message
13, 11244, 13, -0.6000000000000001, 1.6, -0.10000000000000003, 0.8, message
13, 11245, 13, -0.6000000000000001, 1.6, -2.7755575615628914E-17, 0.0, message
13, 11246, 13, -0.6000000000000001, 1.6, -2.7755575615628914E-17, 0.2, message
13, 11247, 13, -0.6000000000000001, 1.6, -2.7755575615628914E-17, 0.4, message
13, 11248, 13, -0.6000000000000001, 1.6, -2.7755575615628914E-17, 0.6000000000000001, message
13, 11249, 13, -0.6000000000000001, 1.6, -2.7755575615628914E-17, 0.8, message
13, 11250, 11, -0.4000000000000001, 0.0, -0.5, 0.0, Byte.valueOf(message)
13, 11251, 11, -0.4000000000000001, 0.0, -0.5, 0.2, Byte.valueOf(message)
13, 11252, 11, -0.4000000000000001, 0.0, -0.5, 0.4, Byte.valueOf(message)
13, 11253, 10, -0.4000000000000001, 0.0, -0.5, 0.6000000000000001, new Byte(message)
13, 11254, 10, -0.4000000000000001, 0.0, -0.5, 0.8, new Byte(message)
13, 11255, 11, -0.4000000000000001, 0.0, -0.4, 0.0, Byte.valueOf(message)
13, 11256, 11, -0.4000000000000001, 0.0, -0.4, 0.2, Byte.valueOf(message)
13, 11257, 11, -0.4000000000000001, 0.0, -0.4, 0.4, Byte.valueOf(message)
13, 11258, 10, -0.4000000000000001, 0.0, -0.4, 0.6000000000000001, new Byte(message)
13, 11259, 11, -0.4000000000000001, 0.0, -0.4, 0.8, Byte.valueOf(message)
13, 11260, 11, -0.4000000000000001, 0.0, -0.30000000000000004, 0.0, Byte.valueOf(message)
13, 11261, 11, -0.4000000000000001, 0.0, -0.30000000000000004, 0.2, Byte.valueOf(message)
13, 11262, 11, -0.4000000000000001, 0.0, -0.30000000000000004, 0.4, Byte.valueOf(message)
13, 11263, 10, -0.4000000000000001, 0.0, -0.30000000000000004, 0.6000000000000001, new Byte(message)
13, 11264, 13, -0.4000000000000001, 0.0, -0.30000000000000004, 0.8, message
13, 11265, 11, -0.4000000000000001, 0.0, -0.20000000000000004, 0.0, Byte.valueOf(message)
13, 11266, 11, -0.4000000000000001, 0.0, -0.20000000000000004, 0.2, Byte.valueOf(message)
13, 11267, 11, -0.4000000000000001, 0.0, -0.20000000000000004, 0.4, Byte.valueOf(message)
13, 11268, 11, -0.4000000000000001, 0.0, -0.20000000000000004, 0.6000000000000001, Byte.valueOf(message)
13, 11269, 13, -0.4000000000000001, 0.0, -0.20000000000000004, 0.8, message
13, 11270, 11, -0.4000000000000001, 0.0, -0.10000000000000003, 0.0, Byte.valueOf(message)
13, 11271, 11, -0.4000000000000001, 0.0, -0.10000000000000003, 0.2, Byte.valueOf(message)
13, 11272, 11, -0.4000000000000001, 0.0, -0.10000000000000003, 0.4, Byte.valueOf(message)
13, 11273, 10, -0.4000000000000001, 0.0, -0.10000000000000003, 0.6000000000000001, new Byte(message)
13, 11274, 13, -0.4000000000000001, 0.0, -0.10000000000000003, 0.8, message
13, 11275, 13, -0.4000000000000001, 0.0, -2.7755575615628914E-17, 0.0, message
13, 11276, 13, -0.4000000000000001, 0.0, -2.7755575615628914E-17, 0.2, message
13, 11277, 13, -0.4000000000000001, 0.0, -2.7755575615628914E-17, 0.4, message
13, 11278, 11, -0.4000000000000001, 0.0, -2.7755575615628914E-17, 0.6000000000000001, Byte.valueOf(message)
13, 11279, 13, -0.4000000000000001, 0.0, -2.7755575615628914E-17, 0.8, message
13, 11280, 11, -0.4000000000000001, 0.4, -0.5, 0.0, Byte.valueOf(message)
13, 11281, 10, -0.4000000000000001, 0.4, -0.5, 0.2, new Byte(message)
13, 11282, 10, -0.4000000000000001, 0.4, -0.5, 0.4, new Byte(message)
13, 11283, 10, -0.4000000000000001, 0.4, -0.5, 0.6000000000000001, new Byte(message)
13, 11284, 10, -0.4000000000000001, 0.4, -0.5, 0.8, new Byte(message)
13, 11285, 11, -0.4000000000000001, 0.4, -0.4, 0.0, Byte.valueOf(message)
13, 11286, 10, -0.4000000000000001, 0.4, -0.4, 0.2, new Byte(message)
13, 11287, 10, -0.4000000000000001, 0.4, -0.4, 0.4, new Byte(message)
13, 11288, 10, -0.4000000000000001, 0.4, -0.4, 0.6000000000000001, new Byte(message)
13, 11289, 9, -0.4000000000000001, 0.4, -0.4, 0.8, new String(message)
13, 11290, 11, -0.4000000000000001, 0.4, -0.30000000000000004, 0.0, Byte.valueOf(message)
13, 11291, 10, -0.4000000000000001, 0.4, -0.30000000000000004, 0.2, new Byte(message)
13, 11292, 10, -0.4000000000000001, 0.4, -0.30000000000000004, 0.4, new Byte(message)
13, 11293, 10, -0.4000000000000001, 0.4, -0.30000000000000004, 0.6000000000000001, new Byte(message)
13, 11294, 13, -0.4000000000000001, 0.4, -0.30000000000000004, 0.8, message
13, 11295, 11, -0.4000000000000001, 0.4, -0.20000000000000004, 0.0, Byte.valueOf(message)
13, 11296, 10, -0.4000000000000001, 0.4, -0.20000000000000004, 0.2, new Byte(message)
13, 11297, 10, -0.4000000000000001, 0.4, -0.20000000000000004, 0.4, new Byte(message)
13, 11298, 10, -0.4000000000000001, 0.4, -0.20000000000000004, 0.6000000000000001, new Byte(message)
13, 11299, 13, -0.4000000000000001, 0.4, -0.20000000000000004, 0.8, message
13, 11300, 11, -0.4000000000000001, 0.4, -0.10000000000000003, 0.0, Byte.valueOf(message)
13, 11301, 10, -0.4000000000000001, 0.4, -0.10000000000000003, 0.2, new Byte(message)
13, 11302, 10, -0.4000000000000001, 0.4, -0.10000000000000003, 0.4, new Byte(message)
13, 11303, 10, -0.4000000000000001, 0.4, -0.10000000000000003, 0.6000000000000001, new Byte(message)
13, 11304, 13, -0.4000000000000001, 0.4, -0.10000000000000003, 0.8, message
13, 11305, 11, -0.4000000000000001, 0.4, -2.7755575615628914E-17, 0.0, Byte.valueOf(message)
13, 11306, 10, -0.4000000000000001, 0.4, -2.7755575615628914E-17, 0.2, new Byte(message)
13, 11307, 10, -0.4000000000000001, 0.4, -2.7755575615628914E-17, 0.4, new Byte(message)
13, 11308, 10, -0.4000000000000001, 0.4, -2.7755575615628914E-17, 0.6000000000000001, new Byte(message)
13, 11309, 13, -0.4000000000000001, 0.4, -2.7755575615628914E-17, 0.8, message
13, 11310, 10, -0.4000000000000001, 0.8, -0.5, 0.0, new Byte(message)
13, 11311, 10, -0.4000000000000001, 0.8, -0.5, 0.2, new Byte(message)
13, 11312, 10, -0.4000000000000001, 0.8, -0.5, 0.4, new Byte(message)
13, 11313, 10, -0.4000000000000001, 0.8, -0.5, 0.6000000000000001, new Byte(message)
13, 11314, 10, -0.4000000000000001, 0.8, -0.5, 0.8, new Byte(message)
13, 11315, 10, -0.4000000000000001, 0.8, -0.4, 0.0, new Byte(message)
13, 11316, 10, -0.4000000000000001, 0.8, -0.4, 0.2, new Byte(message)
13, 11317, 10, -0.4000000000000001, 0.8, -0.4, 0.4, new Byte(message)
13, 11318, 10, -0.4000000000000001, 0.8, -0.4, 0.6000000000000001, new Byte(message)
13, 11319, 9, -0.4000000000000001, 0.8, -0.4, 0.8, new String(message)
13, 11320, 10, -0.4000000000000001, 0.8, -0.30000000000000004, 0.0, new Byte(message)
13, 11321, 10, -0.4000000000000001, 0.8, -0.30000000000000004, 0.2, new Byte(message)
13, 11322, 10, -0.4000000000000001, 0.8, -0.30000000000000004, 0.4, new Byte(message)
13, 11323, 10, -0.4000000000000001, 0.8, -0.30000000000000004, 0.6000000000000001, new Byte(message)
13, 11324, 13, -0.4000000000000001, 0.8, -0.30000000000000004, 0.8, message
13, 11325, 10, -0.4000000000000001, 0.8, -0.20000000000000004, 0.0, new Byte(message)
13, 11326, 10, -0.4000000000000001, 0.8, -0.20000000000000004, 0.2, new Byte(message)
13, 11327, 10, -0.4000000000000001, 0.8, -0.20000000000000004, 0.4, new Byte(message)
13, 11328, 10, -0.4000000000000001, 0.8, -0.20000000000000004, 0.6000000000000001, new Byte(message)
13, 11329, 13, -0.4000000000000001, 0.8, -0.20000000000000004, 0.8, message
13, 11330, 10, -0.4000000000000001, 0.8, -0.10000000000000003, 0.0, new Byte(message)
13, 11331, 10, -0.4000000000000001, 0.8, -0.10000000000000003, 0.2, new Byte(message)
13, 11332, 10, -0.4000000000000001, 0.8, -0.10000000000000003, 0.4, new Byte(message)
13, 11333, 10, -0.4000000000000001, 0.8, -0.10000000000000003, 0.6000000000000001, new Byte(message)
13, 11334, 13, -0.4000000000000001, 0.8, -0.10000000000000003, 0.8, message
13, 11335, 10, -0.4000000000000001, 0.8, -2.7755575615628914E-17, 0.0, new Byte(message)
13, 11336, 10, -0.4000000000000001, 0.8, -2.7755575615628914E-17, 0.2, new Byte(message)
13, 11337, 10, -0.4000000000000001, 0.8, -2.7755575615628914E-17, 0.4, new Byte(message)
13, 11338, 11, -0.4000000000000001, 0.8, -2.7755575615628914E-17, 0.6000000000000001, Byte.valueOf(message)
13, 11339, 17, -0.4000000000000001, 0.8, -2.7755575615628914E-17, 0.8, StrictMath.E
13, 11340, 10, -0.4000000000000001, 1.2000000000000002, -0.5, 0.0, new Byte(message)
13, 11341, 10, -0.4000000000000001, 1.2000000000000002, -0.5, 0.2, new Byte(message)
13, 11342, 10, -0.4000000000000001, 1.2000000000000002, -0.5, 0.4, new Byte(message)
13, 11343, 10, -0.4000000000000001, 1.2000000000000002, -0.5, 0.6000000000000001, new Byte(message)
13, 11344, 10, -0.4000000000000001, 1.2000000000000002, -0.5, 0.8, new Byte(message)
13, 11345, 10, -0.4000000000000001, 1.2000000000000002, -0.4, 0.0, new Byte(message)
13, 11346, 10, -0.4000000000000001, 1.2000000000000002, -0.4, 0.2, new Byte(message)
13, 11347, 10, -0.4000000000000001, 1.2000000000000002, -0.4, 0.4, new Byte(message)
13, 11348, 10, -0.4000000000000001, 1.2000000000000002, -0.4, 0.6000000000000001, new Byte(message)
13, 11349, 10, -0.4000000000000001, 1.2000000000000002, -0.4, 0.8, new Byte(message)
13, 11350, 10, -0.4000000000000001, 1.2000000000000002, -0.30000000000000004, 0.0, new Byte(message)
13, 11351, 10, -0.4000000000000001, 1.2000000000000002, -0.30000000000000004, 0.2, new Byte(message)
13, 11352, 10, -0.4000000000000001, 1.2000000000000002, -0.30000000000000004, 0.4, new Byte(message)
13, 11353, 10, -0.4000000000000001, 1.2000000000000002, -0.30000000000000004, 0.6000000000000001, new Byte(message)
13, 11354, 13, -0.4000000000000001, 1.2000000000000002, -0.30000000000000004, 0.8, message
13, 11355, 10, -0.4000000000000001, 1.2000000000000002, -0.20000000000000004, 0.0, new Byte(message)
13, 11356, 10, -0.4000000000000001, 1.2000000000000002, -0.20000000000000004, 0.2, new Byte(message)
13, 11357, 10, -0.4000000000000001, 1.2000000000000002, -0.20000000000000004, 0.4, new Byte(message)
13, 11358, 10, -0.4000000000000001, 1.2000000000000002, -0.20000000000000004, 0.6000000000000001, new Byte(message)
13, 11359, 14, -0.4000000000000001, 1.2000000000000002, -0.20000000000000004, 0.8, Compiler.disable()
13, 11360, 14, -0.4000000000000001, 1.2000000000000002, -0.10000000000000003, 0.0, Compiler.disable()
13, 11361, 13, -0.4000000000000001, 1.2000000000000002, -0.10000000000000003, 0.2, message
13, 11362, 13, -0.4000000000000001, 1.2000000000000002, -0.10000000000000003, 0.4, message
13, 11363, 13, -0.4000000000000001, 1.2000000000000002, -0.10000000000000003, 0.6000000000000001, message
13, 11364, 14, -0.4000000000000001, 1.2000000000000002, -0.10000000000000003, 0.8, Compiler.disable()
13, 11365, 13, -0.4000000000000001, 1.2000000000000002, -2.7755575615628914E-17, 0.0, message
13, 11366, 16, -0.4000000000000001, 1.2000000000000002, -2.7755575615628914E-17, 0.2, lineSeparator
13, 11367, 16, -0.4000000000000001, 1.2000000000000002, -2.7755575615628914E-17, 0.4, lineSeparator
13, 11368, 16, -0.4000000000000001, 1.2000000000000002, -2.7755575615628914E-17, 0.6000000000000001, lineSeparator
13, 11369, 17, -0.4000000000000001, 1.2000000000000002, -2.7755575615628914E-17, 0.8, StrictMath.E
13, 11370, 10, -0.4000000000000001, 1.6, -0.5, 0.0, new Byte(message)
13, 11371, 10, -0.4000000000000001, 1.6, -0.5, 0.2, new Byte(message)
13, 11372, 10, -0.4000000000000001, 1.6, -0.5, 0.4, new Byte(message)
13, 11373, 10, -0.4000000000000001, 1.6, -0.5, 0.6000000000000001, new Byte(message)
13, 11374, 10, -0.4000000000000001, 1.6, -0.5, 0.8, new Byte(message)
13, 11375, 10, -0.4000000000000001, 1.6, -0.4, 0.0, new Byte(message)
13, 11376, 10, -0.4000000000000001, 1.6, -0.4, 0.2, new Byte(message)
13, 11377, 10, -0.4000000000000001, 1.6, -0.4, 0.4, new Byte(message)
13, 11378, 10, -0.4000000000000001, 1.6, -0.4, 0.6000000000000001, new Byte(message)
13, 11379, 10, -0.4000000000000001, 1.6, -0.4, 0.8, new Byte(message)
13, 11380, 13, -0.4000000000000001, 1.6, -0.30000000000000004, 0.0, message
13, 11381, 13, -0.4000000000000001, 1.6, -0.30000000000000004, 0.2, message
13, 11382, 13, -0.4000000000000001, 1.6, -0.30000000000000004, 0.4, message
13, 11383, 13, -0.4000000000000001, 1.6, -0.30000000000000004, 0.6000000000000001, message
13, 11384, 13, -0.4000000000000001, 1.6, -0.30000000000000004, 0.8, message
13, 11385, 13, -0.4000000000000001, 1.6, -0.20000000000000004, 0.0, message
13, 11386, 13, -0.4000000000000001, 1.6, -0.20000000000000004, 0.2, message
13, 11387, 13, -0.4000000000000001, 1.6, -0.20000000000000004, 0.4, message
13, 11388, 13, -0.4000000000000001, 1.6, -0.20000000000000004, 0.6000000000000001, message
13, 11389, 13, -0.4000000000000001, 1.6, -0.20000000000000004, 0.8, message
13, 11390, 13, -0.4000000000000001, 1.6, -0.10000000000000003, 0.0, message
13, 11391, 13, -0.4000000000000001, 1.6, -0.10000000000000003, 0.2, message
13, 11392, 13, -0.4000000000000001, 1.6, -0.10000000000000003, 0.4, message
13, 11393, 13, -0.4000000000000001, 1.6, -0.10000000000000003, 0.6000000000000001, message
13, 11394, 13, -0.4000000000000001, 1.6, -0.10000000000000003, 0.8, message
13, 11395, 13, -0.4000000000000001, 1.6, -2.7755575615628914E-17, 0.0, message
13, 11396, 13, -0.4000000000000001, 1.6, -2.7755575615628914E-17, 0.2, message
13, 11397, 13, -0.4000000000000001, 1.6, -2.7755575615628914E-17, 0.4, message
13, 11398, 13, -0.4000000000000001, 1.6, -2.7755575615628914E-17, 0.6000000000000001, message
13, 11399, 13, -0.4000000000000001, 1.6, -2.7755575615628914E-17, 0.8, message
13, 11400, 11, -0.20000000000000007, 0.0, -0.5, 0.0, Byte.valueOf(message)
13, 11401, 11, -0.20000000000000007, 0.0, -0.5, 0.2, Byte.valueOf(message)
13, 11402, 10, -0.20000000000000007, 0.0, -0.5, 0.4, new Byte(message)
13, 11403, 13, -0.20000000000000007, 0.0, -0.5, 0.6000000000000001, message
13, 11404, 13, -0.20000000000000007, 0.0, -0.5, 0.8, message
13, 11405, 11, -0.20000000000000007, 0.0, -0.4, 0.0, Byte.valueOf(message)
13, 11406, 11, -0.20000000000000007, 0.0, -0.4, 0.2, Byte.valueOf(message)
13, 11407, 10, -0.20000000000000007, 0.0, -0.4, 0.4, new Byte(message)
13, 11408, 13, -0.20000000000000007, 0.0, -0.4, 0.6000000000000001, message
13, 11409, 13, -0.20000000000000007, 0.0, -0.4, 0.8, message
13, 11410, 11, -0.20000000000000007, 0.0, -0.30000000000000004, 0.0, Byte.valueOf(message)
13, 11411, 11, -0.20000000000000007, 0.0, -0.30000000000000004, 0.2, Byte.valueOf(message)
13, 11412, 10, -0.20000000000000007, 0.0, -0.30000000000000004, 0.4, new Byte(message)
13, 11413, 13, -0.20000000000000007, 0.0, -0.30000000000000004, 0.6000000000000001, message
13, 11414, 13, -0.20000000000000007, 0.0, -0.30000000000000004, 0.8, message
13, 11415, 11, -0.20000000000000007, 0.0, -0.20000000000000004, 0.0, Byte.valueOf(message)
13, 11416, 11, -0.20000000000000007, 0.0, -0.20000000000000004, 0.2, Byte.valueOf(message)
13, 11417, 10, -0.20000000000000007, 0.0, -0.20000000000000004, 0.4, new Byte(message)
13, 11418, 13, -0.20000000000000007, 0.0, -0.20000000000000004, 0.6000000000000001, message
13, 11419, 13, -0.20000000000000007, 0.0, -0.20000000000000004, 0.8, message
13, 11420, 11, -0.20000000000000007, 0.0, -0.10000000000000003, 0.0, Byte.valueOf(message)
13, 11421, 11, -0.20000000000000007, 0.0, -0.10000000000000003, 0.2, Byte.valueOf(message)
13, 11422, 13, -0.20000000000000007, 0.0, -0.10000000000000003, 0.4, message
13, 11423, 13, -0.20000000000000007, 0.0, -0.10000000000000003, 0.6000000000000001, message
13, 11424, 13, -0.20000000000000007, 0.0, -0.10000000000000003, 0.8, message
13, 11425, 13, -0.20000000000000007, 0.0, -2.7755575615628914E-17, 0.0, message
13, 11426, 11, -0.20000000000000007, 0.0, -2.7755575615628914E-17, 0.2, Byte.valueOf(message)
13, 11427, 13, -0.20000000000000007, 0.0, -2.7755575615628914E-17, 0.4, message
13, 11428, 13, -0.20000000000000007, 0.0, -2.7755575615628914E-17, 0.6000000000000001, message
13, 11429, 13, -0.20000000000000007, 0.0, -2.7755575615628914E-17, 0.8, message
13, 11430, 10, -0.20000000000000007, 0.4, -0.5, 0.0, new Byte(message)
13, 11431, 10, -0.20000000000000007, 0.4, -0.5, 0.2, new Byte(message)
13, 11432, 10, -0.20000000000000007, 0.4, -0.5, 0.4, new Byte(message)
13, 11433, 13, -0.20000000000000007, 0.4, -0.5, 0.6000000000000001, message
13, 11434, 13, -0.20000000000000007, 0.4, -0.5, 0.8, message
13, 11435, 10, -0.20000000000000007, 0.4, -0.4, 0.0, new Byte(message)
13, 11436, 10, -0.20000000000000007, 0.4, -0.4, 0.2, new Byte(message)
13, 11437, 10, -0.20000000000000007, 0.4, -0.4, 0.4, new Byte(message)
13, 11438, 13, -0.20000000000000007, 0.4, -0.4, 0.6000000000000001, message
13, 11439, 15, -0.20000000000000007, 0.4, -0.4, 0.8, StrictMath.max()
13, 11440, 10, -0.20000000000000007, 0.4, -0.30000000000000004, 0.0, new Byte(message)
13, 11441, 10, -0.20000000000000007, 0.4, -0.30000000000000004, 0.2, new Byte(message)
13, 11442, 10, -0.20000000000000007, 0.4, -0.30000000000000004, 0.4, new Byte(message)
13, 11443, 13, -0.20000000000000007, 0.4, -0.30000000000000004, 0.6000000000000001, message
13, 11444, 13, -0.20000000000000007, 0.4, -0.30000000000000004, 0.8, message
13, 11445, 10, -0.20000000000000007, 0.4, -0.20000000000000004, 0.0, new Byte(message)
13, 11446, 10, -0.20000000000000007, 0.4, -0.20000000000000004, 0.2, new Byte(message)
13, 11447, 10, -0.20000000000000007, 0.4, -0.20000000000000004, 0.4, new Byte(message)
13, 11448, 13, -0.20000000000000007, 0.4, -0.20000000000000004, 0.6000000000000001, message
13, 11449, 14, -0.20000000000000007, 0.4, -0.20000000000000004, 0.8, Compiler.disable()
13, 11450, 10, -0.20000000000000007, 0.4, -0.10000000000000003, 0.0, new Byte(message)
13, 11451, 10, -0.20000000000000007, 0.4, -0.10000000000000003, 0.2, new Byte(message)
13, 11452, 13, -0.20000000000000007, 0.4, -0.10000000000000003, 0.4, message
13, 11453, 13, -0.20000000000000007, 0.4, -0.10000000000000003, 0.6000000000000001, message
13, 11454, 13, -0.20000000000000007, 0.4, -0.10000000000000003, 0.8, message
13, 11455, 10, -0.20000000000000007, 0.4, -2.7755575615628914E-17, 0.0, new Byte(message)
13, 11456, 10, -0.20000000000000007, 0.4, -2.7755575615628914E-17, 0.2, new Byte(message)
13, 11457, 13, -0.20000000000000007, 0.4, -2.7755575615628914E-17, 0.4, message
13, 11458, 13, -0.20000000000000007, 0.4, -2.7755575615628914E-17, 0.6000000000000001, message
13, 11459, 13, -0.20000000000000007, 0.4, -2.7755575615628914E-17, 0.8, message
13, 11460, 10, -0.20000000000000007, 0.8, -0.5, 0.0, new Byte(message)
13, 11461, 10, -0.20000000000000007, 0.8, -0.5, 0.2, new Byte(message)
13, 11462, 10, -0.20000000000000007, 0.8, -0.5, 0.4, new Byte(message)
13, 11463, 13, -0.20000000000000007, 0.8, -0.5, 0.6000000000000001, message
13, 11464, 13, -0.20000000000000007, 0.8, -0.5, 0.8, message
13, 11465, 10, -0.20000000000000007, 0.8, -0.4, 0.0, new Byte(message)
13, 11466, 10, -0.20000000000000007, 0.8, -0.4, 0.2, new Byte(message)
13, 11467, 10, -0.20000000000000007, 0.8, -0.4, 0.4, new Byte(message)
13, 11468, 13, -0.20000000000000007, 0.8, -0.4, 0.6000000000000001, message
13, 11469, 17, -0.20000000000000007, 0.8, -0.4, 0.8, command().hashCode()
13, 11470, 10, -0.20000000000000007, 0.8, -0.30000000000000004, 0.0, new Byte(message)
13, 11471, 10, -0.20000000000000007, 0.8, -0.30000000000000004, 0.2, new Byte(message)
13, 11472, 10, -0.20000000000000007, 0.8, -0.30000000000000004, 0.4, new Byte(message)
13, 11473, 13, -0.20000000000000007, 0.8, -0.30000000000000004, 0.6000000000000001, message
13, 11474, 13, -0.20000000000000007, 0.8, -0.30000000000000004, 0.8, message
13, 11475, 10, -0.20000000000000007, 0.8, -0.20000000000000004, 0.0, new Byte(message)
13, 11476, 10, -0.20000000000000007, 0.8, -0.20000000000000004, 0.2, new Byte(message)
13, 11477, 10, -0.20000000000000007, 0.8, -0.20000000000000004, 0.4, new Byte(message)
13, 11478, 13, -0.20000000000000007, 0.8, -0.20000000000000004, 0.6000000000000001, message
13, 11479, 14, -0.20000000000000007, 0.8, -0.20000000000000004, 0.8, Compiler.disable()
13, 11480, 13, -0.20000000000000007, 0.8, -0.10000000000000003, 0.0, message
13, 11481, 13, -0.20000000000000007, 0.8, -0.10000000000000003, 0.2, message
13, 11482, 13, -0.20000000000000007, 0.8, -0.10000000000000003, 0.4, message
13, 11483, 13, -0.20000000000000007, 0.8, -0.10000000000000003, 0.6000000000000001, message
13, 11484, 14, -0.20000000000000007, 0.8, -0.10000000000000003, 0.8, Compiler.disable()
13, 11485, 13, -0.20000000000000007, 0.8, -2.7755575615628914E-17, 0.0, message
13, 11486, 13, -0.20000000000000007, 0.8, -2.7755575615628914E-17, 0.2, message
13, 11487, 13, -0.20000000000000007, 0.8, -2.7755575615628914E-17, 0.4, message
13, 11488, 13, -0.20000000000000007, 0.8, -2.7755575615628914E-17, 0.6000000000000001, message
13, 11489, 13, -0.20000000000000007, 0.8, -2.7755575615628914E-17, 0.8, message
13, 11490, 10, -0.20000000000000007, 1.2000000000000002, -0.5, 0.0, new Byte(message)
13, 11491, 10, -0.20000000000000007, 1.2000000000000002, -0.5, 0.2, new Byte(message)
13, 11492, 10, -0.20000000000000007, 1.2000000000000002, -0.5, 0.4, new Byte(message)
13, 11493, 13, -0.20000000000000007, 1.2000000000000002, -0.5, 0.6000000000000001, message
13, 11494, 13, -0.20000000000000007, 1.2000000000000002, -0.5, 0.8, message
13, 11495, 13, -0.20000000000000007, 1.2000000000000002, -0.4, 0.0, message
13, 11496, 11, -0.20000000000000007, 1.2000000000000002, -0.4, 0.2, System.getenv(message)
13, 11497, 11, -0.20000000000000007, 1.2000000000000002, -0.4, 0.4, message.put(message)
13, 11498, 17, -0.20000000000000007, 1.2000000000000002, -0.4, 0.6000000000000001, command().hashCode()
13, 11499, 17, -0.20000000000000007, 1.2000000000000002, -0.4, 0.8, command().hashCode()
13, 11500, 14, -0.20000000000000007, 1.2000000000000002, -0.30000000000000004, 0.0, Compiler.disable()
13, 11501, 14, -0.20000000000000007, 1.2000000000000002, -0.30000000000000004, 0.2, Compiler.disable()
13, 11502, 16, -0.20000000000000007, 1.2000000000000002, -0.30000000000000004, 0.4, lineSeparator
13, 11503, 14, -0.20000000000000007, 1.2000000000000002, -0.30000000000000004, 0.6000000000000001, Compiler.disable()
13, 11504, 14, -0.20000000000000007, 1.2000000000000002, -0.30000000000000004, 0.8, Compiler.disable()
13, 11505, 14, -0.20000000000000007, 1.2000000000000002, -0.20000000000000004, 0.0, Compiler.disable()
13, 11506, 14, -0.20000000000000007, 1.2000000000000002, -0.20000000000000004, 0.2, Compiler.disable()
13, 11507, 14, -0.20000000000000007, 1.2000000000000002, -0.20000000000000004, 0.4, Compiler.disable()
13, 11508, 16, -0.20000000000000007, 1.2000000000000002, -0.20000000000000004, 0.6000000000000001, wait()
13, 11509, 14, -0.20000000000000007, 1.2000000000000002, -0.20000000000000004, 0.8, Compiler.disable()
13, 11510, 13, -0.20000000000000007, 1.2000000000000002, -0.10000000000000003, 0.0, message
13, 11511, 14, -0.20000000000000007, 1.2000000000000002, -0.10000000000000003, 0.2, Compiler.disable()
13, 11512, 14, -0.20000000000000007, 1.2000000000000002, -0.10000000000000003, 0.4, Compiler.disable()
13, 11513, 14, -0.20000000000000007, 1.2000000000000002, -0.10000000000000003, 0.6000000000000001, Compiler.disable()
13, 11514, 13, -0.20000000000000007, 1.2000000000000002, -0.10000000000000003, 0.8, m