12, 21296, -5.0, 1.0, -5.0, 0.0, 14, 0, readLine(), -3.0
12, 21297, -5.0, 1.0, -5.0, 0.5, 14, 0, readLine(), -3.0
12, 21298, -5.0, 1.0, -5.0, 1.0, 14, 0, readLine(), -3.0
12, 21299, -5.0, 1.0, -5.0, 1.5, 14, 0, readLine(), -3.0
12, 21300, -5.0, 1.0, -5.0, 2.0, 14, 0, readLine(), -3.0
12, 21301, -5.0, 1.0, -5.0, 2.5, 14, 0, readLine(), -3.0
12, 21302, -5.0, 1.0, -5.0, 3.0, 14, 0, readLine(), -3.0
12, 21303, -5.0, 1.0, -5.0, 3.5, 14, 0, readLine(), -3.0
12, 21304, -5.0, 1.0, -5.0, 4.0, 14, 0, readLine(), -3.0
12, 21305, -5.0, 1.0, -5.0, 4.5, 14, 0, readLine(), -3.0
12, 21306, -5.0, 1.0, -5.0, 5.0, 14, 0, readLine(), -3.0
12, 21307, -5.0, 1.0, -4.5, 0.0, 14, 0, readLine(), -3.0
12, 21308, -5.0, 1.0, -4.5, 0.5, 14, 0, readLine(), -3.0
12, 21309, -5.0, 1.0, -4.5, 1.0, 14, 0, readLine(), -3.0
12, 21310, -5.0, 1.0, -4.5, 1.5, 14, 0, readLine(), -3.0
12, 21311, -5.0, 1.0, -4.5, 2.0, 14, 0, readLine(), -3.0
12, 21312, -5.0, 1.0, -4.5, 2.5, 14, 0, readLine(), -3.0
12, 21313, -5.0, 1.0, -4.5, 3.0, 14, 0, readLine(), -3.0
12, 21314, -5.0, 1.0, -4.5, 3.5, 14, 0, readLine(), -3.0
12, 21315, -5.0, 1.0, -4.5, 4.0, 14, 0, readLine(), -3.0
12, 21316, -5.0, 1.0, -4.5, 4.5, 14, 0, readLine(), -3.0
12, 21317, -5.0, 1.0, -4.5, 5.0, 14, 0, readLine(), -3.0
12, 21318, -5.0, 1.0, -4.0, 0.0, 14, 0, readLine(), -3.0
12, 21319, -5.0, 1.0, -4.0, 0.5, 14, 0, readLine(), -3.0
12, 21320, -5.0, 1.0, -4.0, 1.0, 14, 0, readLine(), -3.0
12, 21321, -5.0, 1.0, -4.0, 1.5, 14, 0, readLine(), -3.0
12, 21322, -5.0, 1.0, -4.0, 2.0, 14, 0, readLine(), -3.0
12, 21323, -5.0, 1.0, -4.0, 2.5, 14, 0, readLine(), -3.0
12, 21324, -5.0, 1.0, -4.0, 3.0, 14, 0, readLine(), -3.0
12, 21325, -5.0, 1.0, -4.0, 3.5, 14, 0, readLine(), -3.0
12, 21326, -5.0, 1.0, -4.0, 4.0, 14, 0, readLine(), -3.0
12, 21327, -5.0, 1.0, -4.0, 4.5, 14, 0, readLine(), -3.0
12, 21328, -5.0, 1.0, -4.0, 5.0, 14, 0, readLine(), -3.0
12, 21329, -5.0, 1.0, -3.5, 0.0, 14, 0, readLine(), -3.0
12, 21330, -5.0, 1.0, -3.5, 0.5, 14, 0, readLine(), -3.0
12, 21331, -5.0, 1.0, -3.5, 1.0, 14, 0, readLine(), -3.0
12, 21332, -5.0, 1.0, -3.5, 1.5, 14, 0, readLine(), -3.0
12, 21333, -5.0, 1.0, -3.5, 2.0, 14, 0, readLine(), -3.0
12, 21334, -5.0, 1.0, -3.5, 2.5, 14, 0, readLine(), -3.0
12, 21335, -5.0, 1.0, -3.5, 3.0, 14, 0, readLine(), -3.0
12, 21336, -5.0, 1.0, -3.5, 3.5, 14, 0, readLine(), -3.0
12, 21337, -5.0, 1.0, -3.5, 4.0, 14, 0, readLine(), -3.0
12, 21338, -5.0, 1.0, -3.5, 4.5, 14, 0, readLine(), -3.0
12, 21339, -5.0, 1.0, -3.5, 5.0, 14, 0, readLine(), -3.0
12, 21340, -5.0, 1.0, -3.0, 0.0, 14, 0, readLine(), -3.0
12, 21341, -5.0, 1.0, -3.0, 0.5, 14, 0, readLine(), -3.0
12, 21342, -5.0, 1.0, -3.0, 1.0, 14, 0, readLine(), -3.0
12, 21343, -5.0, 1.0, -3.0, 1.5, 14, 0, readLine(), -3.0
12, 21344, -5.0, 1.0, -3.0, 2.0, 14, 0, readLine(), -3.0
12, 21345, -5.0, 1.0, -3.0, 2.5, 14, 0, readLine(), -3.0
12, 21346, -5.0, 1.0, -3.0, 3.0, 14, 0, readLine(), -3.0
12, 21347, -5.0, 1.0, -3.0, 3.5, 14, 0, readLine(), -3.0
12, 21348, -5.0, 1.0, -3.0, 4.0, 14, 0, readLine(), -3.0
12, 21349, -5.0, 1.0, -3.0, 4.5, 14, 0, readLine(), -3.0
12, 21350, -5.0, 1.0, -3.0, 5.0, 14, 0, readLine(), -3.0
12, 21351, -5.0, 1.0, -2.5, 0.0, 14, 0, readLine(), -3.0
12, 21352, -5.0, 1.0, -2.5, 0.5, 14, 0, readLine(), -3.0
12, 21353, -5.0, 1.0, -2.5, 1.0, 14, 0, readLine(), -3.0
12, 21354, -5.0, 1.0, -2.5, 1.5, 14, 0, readLine(), -3.0
12, 21355, -5.0, 1.0, -2.5, 2.0, 14, 0, readLine(), -3.0
12, 21356, -5.0, 1.0, -2.5, 2.5, 14, 0, readLine(), -3.0
12, 21357, -5.0, 1.0, -2.5, 3.0, 14, 0, readLine(), -3.0
12, 21358, -5.0, 1.0, -2.5, 3.5, 14, 0, readLine(), -3.0
12, 21359, -5.0, 1.0, -2.5, 4.0, 14, 0, readLine(), -3.0
12, 21360, -5.0, 1.0, -2.5, 4.5, 14, 0, readLine(), -3.0
12, 21361, -5.0, 1.0, -2.5, 5.0, 14, 0, readLine(), -3.0
12, 21362, -5.0, 1.0, -2.0, 0.0, 14, 0, readLine(), -3.0
12, 21363, -5.0, 1.0, -2.0, 0.5, 14, 0, readLine(), -3.0
12, 21364, -5.0, 1.0, -2.0, 1.0, 14, 0, readLine(), -3.0
12, 21365, -5.0, 1.0, -2.0, 1.5, 14, 0, readLine(), -3.0
12, 21366, -5.0, 1.0, -2.0, 2.0, 14, 0, readLine(), -3.0
12, 21367, -5.0, 1.0, -2.0, 2.5, 14, 0, readLine(), -3.0
12, 21368, -5.0, 1.0, -2.0, 3.0, 14, 0, readLine(), -3.0
12, 21369, -5.0, 1.0, -2.0, 3.5, 14, 0, readLine(), -3.0
12, 21370, -5.0, 1.0, -2.0, 4.0, 14, 0, readLine(), -3.0
12, 21371, -5.0, 1.0, -2.0, 4.5, 14, 0, readLine(), -3.0
12, 21372, -5.0, 1.0, -2.0, 5.0, 14, 0, readLine(), -3.0
12, 21373, -5.0, 1.0, -1.5, 0.0, 14, 0, readLine(), -3.0
12, 21374, -5.0, 1.0, -1.5, 0.5, 14, 0, readLine(), -3.0
12, 21375, -5.0, 1.0, -1.5, 1.0, 14, 0, readLine(), -3.0
12, 21376, -5.0, 1.0, -1.5, 1.5, 14, 0, readLine(), -3.0
12, 21377, -5.0, 1.0, -1.5, 2.0, 14, 0, readLine(), -3.0
12, 21378, -5.0, 1.0, -1.5, 2.5, 14, 0, readLine(), -3.0
12, 21379, -5.0, 1.0, -1.5, 3.0, 14, 0, readLine(), -3.0
12, 21380, -5.0, 1.0, -1.5, 3.5, 14, 0, readLine(), -3.0
12, 21381, -5.0, 1.0, -1.5, 4.0, 14, 0, readLine(), -3.0
12, 21382, -5.0, 1.0, -1.5, 4.5, 14, 0, readLine(), -3.0
12, 21383, -5.0, 1.0, -1.5, 5.0, 14, 0, readLine(), -3.0
12, 21384, -5.0, 1.0, -1.0, 0.0, 14, 0, readLine(), -3.0
12, 21385, -5.0, 1.0, -1.0, 0.5, 14, 0, readLine(), -3.0
12, 21386, -5.0, 1.0, -1.0, 1.0, 14, 0, readLine(), -3.0
12, 21387, -5.0, 1.0, -1.0, 1.5, 14, 0, readLine(), -3.0
12, 21388, -5.0, 1.0, -1.0, 2.0, 14, 0, readLine(), -3.0
12, 21389, -5.0, 1.0, -1.0, 2.5, 14, 0, readLine(), -3.0
12, 21390, -5.0, 1.0, -1.0, 3.0, 14, 0, readLine(), -3.0
12, 21391, -5.0, 1.0, -1.0, 3.5, 14, 0, readLine(), -3.0
12, 21392, -5.0, 1.0, -1.0, 4.0, 14, 0, readLine(), -3.0
12, 21393, -5.0, 1.0, -1.0, 4.5, 14, 0, readLine(), -3.0
12, 21394, -5.0, 1.0, -1.0, 5.0, 14, 0, readLine(), -3.0
12, 21395, -5.0, 1.0, -0.5, 0.0, 14, 0, readLine(), -3.0
12, 21396, -5.0, 1.0, -0.5, 0.5, 14, 0, readLine(), -3.0
12, 21397, -5.0, 1.0, -0.5, 1.0, 14, 0, readLine(), -3.0
12, 21398, -5.0, 1.0, -0.5, 1.5, 14, 0, readLine(), -3.0
12, 21399, -5.0, 1.0, -0.5, 2.0, 14, 0, readLine(), -3.0
12, 21400, -5.0, 1.0, -0.5, 2.5, 14, 0, readLine(), -3.0
12, 21401, -5.0, 1.0, -0.5, 3.0, 14, 0, readLine(), -3.0
12, 21402, -5.0, 1.0, -0.5, 3.5, 14, 0, readLine(), -3.0
12, 21403, -5.0, 1.0, -0.5, 4.0, 14, 0, readLine(), -3.0
12, 21404, -5.0, 1.0, -0.5, 4.5, 14, 0, readLine(), -3.0
12, 21405, -5.0, 1.0, -0.5, 5.0, 14, 0, readLine(), -3.0
12, 21406, -5.0, 1.0, 0.0, 0.0, 14, 0, readLine(), -3.0
12, 21407, -5.0, 1.0, 0.0, 0.5, 14, 0, readLine(), -3.0
12, 21408, -5.0, 1.0, 0.0, 1.0, 14, 0, readLine(), -3.0
12, 21409, -5.0, 1.0, 0.0, 1.5, 14, 0, readLine(), -3.0
12, 21410, -5.0, 1.0, 0.0, 2.0, 14, 0, readLine(), -3.0
12, 21411, -5.0, 1.0, 0.0, 2.5, 14, 0, readLine(), -3.0
12, 21412, -5.0, 1.0, 0.0, 3.0, 14, 0, readLine(), -3.0
12, 21413, -5.0, 1.0, 0.0, 3.5, 14, 0, readLine(), -3.0
12, 21414, -5.0, 1.0, 0.0, 4.0, 14, 0, readLine(), -3.0
12, 21415, -5.0, 1.0, 0.0, 4.5, 14, 0, readLine(), -3.0
12, 21416, -5.0, 1.0, 0.0, 5.0, 14, 0, readLine(), -3.0
12, 21417, -4.5, 1.0, -5.0, 0.0, 14, 0, readLine(), -2.5
12, 21418, -4.5, 1.0, -5.0, 0.5, 14, 0, readLine(), -2.5
12, 21419, -4.5, 1.0, -5.0, 1.0, 14, 0, readLine(), -2.5
12, 21420, -4.5, 1.0, -5.0, 1.5, 14, 0, readLine(), -2.5
12, 21421, -4.5, 1.0, -5.0, 2.0, 14, 0, readLine(), -2.5
12, 21422, -4.5, 1.0, -5.0, 2.5, 14, 0, readLine(), -2.5
12, 21423, -4.5, 1.0, -5.0, 3.0, 14, 0, readLine(), -2.5
12, 21424, -4.5, 1.0, -5.0, 3.5, 14, 0, readLine(), -2.5
12, 21425, -4.5, 1.0, -5.0, 4.0, 14, 0, readLine(), -2.5
12, 21426, -4.5, 1.0, -5.0, 4.5, 14, 0, readLine(), -2.5
12, 21427, -4.5, 1.0, -5.0, 5.0, 14, 0, readLine(), -2.5
12, 21428, -4.5, 1.0, -4.5, 0.0, 14, 0, readLine(), -2.5
12, 21429, -4.5, 1.0, -4.5, 0.5, 14, 0, readLine(), -2.5
12, 21430, -4.5, 1.0, -4.5, 1.0, 14, 0, readLine(), -2.5
12, 21431, -4.5, 1.0, -4.5, 1.5, 14, 0, readLine(), -2.5
12, 21432, -4.5, 1.0, -4.5, 2.0, 14, 0, readLine(), -2.5
12, 21433, -4.5, 1.0, -4.5, 2.5, 14, 0, readLine(), -2.5
12, 21434, -4.5, 1.0, -4.5, 3.0, 14, 0, readLine(), -2.5
12, 21435, -4.5, 1.0, -4.5, 3.5, 14, 0, readLine(), -2.5
12, 21436, -4.5, 1.0, -4.5, 4.0, 14, 0, readLine(), -2.5
12, 21437, -4.5, 1.0, -4.5, 4.5, 14, 0, readLine(), -2.5
12, 21438, -4.5, 1.0, -4.5, 5.0, 14, 0, readLine(), -2.5
12, 21439, -4.5, 1.0, -4.0, 0.0, 14, 0, readLine(), -2.5
12, 21440, -4.5, 1.0, -4.0, 0.5, 14, 0, readLine(), -2.5
12, 21441, -4.5, 1.0, -4.0, 1.0, 14, 0, readLine(), -2.5
12, 21442, -4.5, 1.0, -4.0, 1.5, 14, 0, readLine(), -2.5
12, 21443, -4.5, 1.0, -4.0, 2.0, 14, 0, readLine(), -2.5
12, 21444, -4.5, 1.0, -4.0, 2.5, 14, 0, readLine(), -2.5
12, 21445, -4.5, 1.0, -4.0, 3.0, 14, 0, readLine(), -2.5
12, 21446, -4.5, 1.0, -4.0, 3.5, 14, 0, readLine(), -2.5
12, 21447, -4.5, 1.0, -4.0, 4.0, 14, 0, readLine(), -2.5
12, 21448, -4.5, 1.0, -4.0, 4.5, 14, 0, readLine(), -2.5
12, 21449, -4.5, 1.0, -4.0, 5.0, 14, 0, readLine(), -2.5
12, 21450, -4.5, 1.0, -3.5, 0.0, 14, 0, readLine(), -2.5
12, 21451, -4.5, 1.0, -3.5, 0.5, 14, 0, readLine(), -2.5
12, 21452, -4.5, 1.0, -3.5, 1.0, 14, 0, readLine(), -2.5
12, 21453, -4.5, 1.0, -3.5, 1.5, 14, 0, readLine(), -2.5
12, 21454, -4.5, 1.0, -3.5, 2.0, 14, 0, readLine(), -2.5
12, 21455, -4.5, 1.0, -3.5, 2.5, 14, 0, readLine(), -2.5
12, 21456, -4.5, 1.0, -3.5, 3.0, 14, 0, readLine(), -2.5
12, 21457, -4.5, 1.0, -3.5, 3.5, 14, 0, readLine(), -2.5
12, 21458, -4.5, 1.0, -3.5, 4.0, 14, 0, readLine(), -2.5
12, 21459, -4.5, 1.0, -3.5, 4.5, 14, 0, readLine(), -2.5
12, 21460, -4.5, 1.0, -3.5, 5.0, 14, 0, readLine(), -2.5
12, 21461, -4.5, 1.0, -3.0, 0.0, 14, 0, readLine(), -2.5
12, 21462, -4.5, 1.0, -3.0, 0.5, 14, 0, readLine(), -2.5
12, 21463, -4.5, 1.0, -3.0, 1.0, 14, 0, readLine(), -2.5
12, 21464, -4.5, 1.0, -3.0, 1.5, 14, 0, readLine(), -2.5
12, 21465, -4.5, 1.0, -3.0, 2.0, 14, 0, readLine(), -2.5
12, 21466, -4.5, 1.0, -3.0, 2.5, 14, 0, readLine(), -2.5
12, 21467, -4.5, 1.0, -3.0, 3.0, 14, 0, readLine(), -2.5
12, 21468, -4.5, 1.0, -3.0, 3.5, 14, 0, readLine(), -2.5
12, 21469, -4.5, 1.0, -3.0, 4.0, 14, 0, readLine(), -2.5
12, 21470, -4.5, 1.0, -3.0, 4.5, 14, 0, readLine(), -2.5
12, 21471, -4.5, 1.0, -3.0, 5.0, 14, 0, readLine(), -2.5
12, 21472, -4.5, 1.0, -2.5, 0.0, 14, 0, readLine(), -2.5
12, 21473, -4.5, 1.0, -2.5, 0.5, 14, 0, readLine(), -2.5
12, 21474, -4.5, 1.0, -2.5, 1.0, 14, 0, readLine(), -2.5
12, 21475, -4.5, 1.0, -2.5, 1.5, 14, 0, readLine(), -2.5
12, 21476, -4.5, 1.0, -2.5, 2.0, 14, 0, readLine(), -2.5
12, 21477, -4.5, 1.0, -2.5, 2.5, 14, 0, readLine(), -2.5
12, 21478, -4.5, 1.0, -2.5, 3.0, 14, 0, readLine(), -2.5
12, 21479, -4.5, 1.0, -2.5, 3.5, 14, 0, readLine(), -2.5
12, 21480, -4.5, 1.0, -2.5, 4.0, 14, 0, readLine(), -2.5
12, 21481, -4.5, 1.0, -2.5, 4.5, 14, 0, readLine(), -2.5
12, 21482, -4.5, 1.0, -2.5, 5.0, 14, 0, readLine(), -2.5
12, 21483, -4.5, 1.0, -2.0, 0.0, 14, 0, readLine(), -2.5
12, 21484, -4.5, 1.0, -2.0, 0.5, 14, 0, readLine(), -2.5
12, 21485, -4.5, 1.0, -2.0, 1.0, 14, 0, readLine(), -2.5
12, 21486, -4.5, 1.0, -2.0, 1.5, 14, 0, readLine(), -2.5
12, 21487, -4.5, 1.0, -2.0, 2.0, 14, 0, readLine(), -2.5
12, 21488, -4.5, 1.0, -2.0, 2.5, 14, 0, readLine(), -2.5
12, 21489, -4.5, 1.0, -2.0, 3.0, 14, 0, readLine(), -2.5
12, 21490, -4.5, 1.0, -2.0, 3.5, 14, 0, readLine(), -2.5
12, 21491, -4.5, 1.0, -2.0, 4.0, 14, 0, readLine(), -2.5
12, 21492, -4.5, 1.0, -2.0, 4.5, 14, 0, readLine(), -2.5
12, 21493, -4.5, 1.0, -2.0, 5.0, 14, 0, readLine(), -2.5
12, 21494, -4.5, 1.0, -1.5, 0.0, 14, 0, readLine(), -2.5
12, 21495, -4.5, 1.0, -1.5, 0.5, 14, 0, readLine(), -2.5
12, 21496, -4.5, 1.0, -1.5, 1.0, 14, 0, readLine(), -2.5
12, 21497, -4.5, 1.0, -1.5, 1.5, 14, 0, readLine(), -2.5
12, 21498, -4.5, 1.0, -1.5, 2.0, 14, 0, readLine(), -2.5
12, 21499, -4.5, 1.0, -1.5, 2.5, 14, 0, readLine(), -2.5
12, 21500, -4.5, 1.0, -1.5, 3.0, 14, 0, readLine(), -2.5
12, 21501, -4.5, 1.0, -1.5, 3.5, 14, 0, readLine(), -2.5
12, 21502, -4.5, 1.0, -1.5, 4.0, 14, 0, readLine(), -2.5
12, 21503, -4.5, 1.0, -1.5, 4.5, 14, 0, readLine(), -2.5
12, 21504, -4.5, 1.0, -1.5, 5.0, 14, 0, readLine(), -2.5
12, 21505, -4.5, 1.0, -1.0, 0.0, 14, 0, readLine(), -2.5
12, 21506, -4.5, 1.0, -1.0, 0.5, 14, 0, readLine(), -2.5
12, 21507, -4.5, 1.0, -1.0, 1.0, 14, 0, readLine(), -2.5
12, 21508, -4.5, 1.0, -1.0, 1.5, 14, 0, readLine(), -2.5
12, 21509, -4.5, 1.0, -1.0, 2.0, 14, 0, readLine(), -2.5
12, 21510, -4.5, 1.0, -1.0, 2.5, 14, 0, readLine(), -2.5
12, 21511, -4.5, 1.0, -1.0, 3.0, 14, 0, readLine(), -2.5
12, 21512, -4.5, 1.0, -1.0, 3.5, 14, 0, readLine(), -2.5
12, 21513, -4.5, 1.0, -1.0, 4.0, 14, 0, readLine(), -2.5
12, 21514, -4.5, 1.0, -1.0, 4.5, 14, 0, readLine(), -2.5
12, 21515, -4.5, 1.0, -1.0, 5.0, 14, 0, readLine(), -2.5
12, 21516, -4.5, 1.0, -0.5, 0.0, 14, 0, readLine(), -2.5
12, 21517, -4.5, 1.0, -0.5, 0.5, 14, 0, readLine(), -2.5
12, 21518, -4.5, 1.0, -0.5, 1.0, 14, 0, readLine(), -2.5
12, 21519, -4.5, 1.0, -0.5, 1.5, 14, 0, readLine(), -2.5
12, 21520, -4.5, 1.0, -0.5, 2.0, 14, 0, readLine(), -2.5
12, 21521, -4.5, 1.0, -0.5, 2.5, 14, 0, readLine(), -2.5
12, 21522, -4.5, 1.0, -0.5, 3.0, 14, 0, readLine(), -2.5
12, 21523, -4.5, 1.0, -0.5, 3.5, 14, 0, readLine(), -2.5
12, 21524, -4.5, 1.0, -0.5, 4.0, 14, 0, readLine(), -2.5
12, 21525, -4.5, 1.0, -0.5, 4.5, 14, 0, readLine(), -2.5
12, 21526, -4.5, 1.0, -0.5, 5.0, 14, 0, readLine(), -2.5
12, 21527, -4.5, 1.0, 0.0, 0.0, 14, 0, readLine(), -2.5
12, 21528, -4.5, 1.0, 0.0, 0.5, 14, 0, readLine(), -2.5
12, 21529, -4.5, 1.0, 0.0, 1.0, 14, 0, readLine(), -2.5
12, 21530, -4.5, 1.0, 0.0, 1.5, 14, 0, readLine(), -2.5
12, 21531, -4.5, 1.0, 0.0, 2.0, 14, 0, readLine(), -2.5
12, 21532, -4.5, 1.0, 0.0, 2.5, 14, 0, readLine(), -2.5
12, 21533, -4.5, 1.0, 0.0, 3.0, 14, 0, readLine(), -2.5
12, 21534, -4.5, 1.0, 0.0, 3.5, 14, 0, readLine(), -2.5
12, 21535, -4.5, 1.0, 0.0, 4.0, 14, 0, readLine(), -2.5
12, 21536, -4.5, 1.0, 0.0, 4.5, 14, 0, readLine(), -2.5
12, 21537, -4.5, 1.0, 0.0, 5.0, 14, 1, readLine(), -2.5
12, 21538, -4.0, 1.0, -5.0, 0.0, 14, 0, readLine(), -2.0
12, 21539, -4.0, 1.0, -5.0, 0.5, 14, 0, readLine(), -2.0
12, 21540, -4.0, 1.0, -5.0, 1.0, 14, 0, readLine(), -2.0
12, 21541, -4.0, 1.0, -5.0, 1.5, 14, 0, readLine(), -2.0
12, 21542, -4.0, 1.0, -5.0, 2.0, 14, 0, readLine(), -2.0
12, 21543, -4.0, 1.0, -5.0, 2.5, 14, 0, readLine(), -2.0
12, 21544, -4.0, 1.0, -5.0, 3.0, 14, 0, readLine(), -2.0
12, 21545, -4.0, 1.0, -5.0, 3.5, 14, 0, readLine(), -2.0
12, 21546, -4.0, 1.0, -5.0, 4.0, 14, 0, readLine(), -2.0
12, 21547, -4.0, 1.0, -5.0, 4.5, 14, 0, readLine(), -2.0
12, 21548, -4.0, 1.0, -5.0, 5.0, 14, 0, readLine(), -2.0
12, 21549, -4.0, 1.0, -4.5, 0.0, 14, 0, readLine(), -2.0
12, 21550, -4.0, 1.0, -4.5, 0.5, 14, 0, readLine(), -2.0
12, 21551, -4.0, 1.0, -4.5, 1.0, 14, 0, readLine(), -2.0
12, 21552, -4.0, 1.0, -4.5, 1.5, 14, 0, readLine(), -2.0
12, 21553, -4.0, 1.0, -4.5, 2.0, 14, 0, readLine(), -2.0
12, 21554, -4.0, 1.0, -4.5, 2.5, 14, 0, readLine(), -2.0
12, 21555, -4.0, 1.0, -4.5, 3.0, 14, 0, readLine(), -2.0
12, 21556, -4.0, 1.0, -4.5, 3.5, 14, 0, readLine(), -2.0
12, 21557, -4.0, 1.0, -4.5, 4.0, 14, 0, readLine(), -2.0
12, 21558, -4.0, 1.0, -4.5, 4.5, 14, 0, readLine(), -2.0
12, 21559, -4.0, 1.0, -4.5, 5.0, 14, 0, readLine(), -2.0
12, 21560, -4.0, 1.0, -4.0, 0.0, 14, 0, readLine(), -2.0
12, 21561, -4.0, 1.0, -4.0, 0.5, 14, 0, readLine(), -2.0
12, 21562, -4.0, 1.0, -4.0, 1.0, 14, 0, readLine(), -2.0
12, 21563, -4.0, 1.0, -4.0, 1.5, 14, 0, readLine(), -2.0
12, 21564, -4.0, 1.0, -4.0, 2.0, 14, 0, readLine(), -2.0
12, 21565, -4.0, 1.0, -4.0, 2.5, 14, 0, readLine(), -2.0
12, 21566, -4.0, 1.0, -4.0, 3.0, 14, 0, readLine(), -2.0
12, 21567, -4.0, 1.0, -4.0, 3.5, 14, 0, readLine(), -2.0
12, 21568, -4.0, 1.0, -4.0, 4.0, 14, 0, readLine(), -2.0
12, 21569, -4.0, 1.0, -4.0, 4.5, 14, 0, readLine(), -2.0
12, 21570, -4.0, 1.0, -4.0, 5.0, 14, 0, readLine(), -2.0
12, 21571, -4.0, 1.0, -3.5, 0.0, 14, 0, readLine(), -2.0
12, 21572, -4.0, 1.0, -3.5, 0.5, 14, 0, readLine(), -2.0
12, 21573, -4.0, 1.0, -3.5, 1.0, 14, 0, readLine(), -2.0
12, 21574, -4.0, 1.0, -3.5, 1.5, 14, 0, readLine(), -2.0
12, 21575, -4.0, 1.0, -3.5, 2.0, 14, 0, readLine(), -2.0
12, 21576, -4.0, 1.0, -3.5, 2.5, 14, 0, readLine(), -2.0
12, 21577, -4.0, 1.0, -3.5, 3.0, 14, 0, readLine(), -2.0
12, 21578, -4.0, 1.0, -3.5, 3.5, 14, 0, readLine(), -2.0
12, 21579, -4.0, 1.0, -3.5, 4.0, 14, 0, readLine(), -2.0
12, 21580, -4.0, 1.0, -3.5, 4.5, 14, 0, readLine(), -2.0
12, 21581, -4.0, 1.0, -3.5, 5.0, 14, 0, readLine(), -2.0
12, 21582, -4.0, 1.0, -3.0, 0.0, 14, 0, readLine(), -2.0
12, 21583, -4.0, 1.0, -3.0, 0.5, 14, 0, readLine(), -2.0
12, 21584, -4.0, 1.0, -3.0, 1.0, 14, 0, readLine(), -2.0
12, 21585, -4.0, 1.0, -3.0, 1.5, 14, 0, readLine(), -2.0
12, 21586, -4.0, 1.0, -3.0, 2.0, 14, 0, readLine(), -2.0
12, 21587, -4.0, 1.0, -3.0, 2.5, 14, 0, readLine(), -2.0
12, 21588, -4.0, 1.0, -3.0, 3.0, 14, 0, readLine(), -2.0
12, 21589, -4.0, 1.0, -3.0, 3.5, 14, 0, readLine(), -2.0
12, 21590, -4.0, 1.0, -3.0, 4.0, 14, 0, readLine(), -2.0
12, 21591, -4.0, 1.0, -3.0, 4.5, 14, 0, readLine(), -2.0
12, 21592, -4.0, 1.0, -3.0, 5.0, 14, 0, readLine(), -2.0
12, 21593, -4.0, 1.0, -2.5, 0.0, 14, 0, readLine(), -2.0
12, 21594, -4.0, 1.0, -2.5, 0.5, 14, 0, readLine(), -2.0
12, 21595, -4.0, 1.0, -2.5, 1.0, 14, 0, readLine(), -2.0
12, 21596, -4.0, 1.0, -2.5, 1.5, 14, 0, readLine(), -2.0
12, 21597, -4.0, 1.0, -2.5, 2.0, 14, 0, readLine(), -2.0
12, 21598, -4.0, 1.0, -2.5, 2.5, 14, 0, readLine(), -2.0
12, 21599, -4.0, 1.0, -2.5, 3.0, 14, 0, readLine(), -2.0
12, 21600, -4.0, 1.0, -2.5, 3.5, 14, 0, readLine(), -2.0
12, 21601, -4.0, 1.0, -2.5, 4.0, 14, 0, readLine(), -2.0
12, 21602, -4.0, 1.0, -2.5, 4.5, 14, 0, readLine(), -2.0
12, 21603, -4.0, 1.0, -2.5, 5.0, 14, 0, readLine(), -2.0
12, 21604, -4.0, 1.0, -2.0, 0.0, 14, 0, readLine(), -2.0
12, 21605, -4.0, 1.0, -2.0, 0.5, 14, 0, readLine(), -2.0
12, 21606, -4.0, 1.0, -2.0, 1.0, 14, 0, readLine(), -2.0
12, 21607, -4.0, 1.0, -2.0, 1.5, 14, 0, readLine(), -2.0
12, 21608, -4.0, 1.0, -2.0, 2.0, 14, 0, readLine(), -2.0
12, 21609, -4.0, 1.0, -2.0, 2.5, 14, 0, readLine(), -2.0
12, 21610, -4.0, 1.0, -2.0, 3.0, 14, 0, readLine(), -2.0
12, 21611, -4.0, 1.0, -2.0, 3.5, 14, 0, readLine(), -2.0
12, 21612, -4.0, 1.0, -2.0, 4.0, 14, 0, readLine(), -2.0
12, 21613, -4.0, 1.0, -2.0, 4.5, 14, 0, readLine(), -2.0
12, 21614, -4.0, 1.0, -2.0, 5.0, 14, 0, readLine(), -2.0
12, 21615, -4.0, 1.0, -1.5, 0.0, 14, 0, readLine(), -2.0
12, 21616, -4.0, 1.0, -1.5, 0.5, 14, 0, readLine(), -2.0
12, 21617, -4.0, 1.0, -1.5, 1.0, 14, 0, readLine(), -2.0
12, 21618, -4.0, 1.0, -1.5, 1.5, 14, 0, readLine(), -2.0
12, 21619, -4.0, 1.0, -1.5, 2.0, 14, 0, readLine(), -2.0
12, 21620, -4.0, 1.0, -1.5, 2.5, 14, 0, readLine(), -2.0
12, 21621, -4.0, 1.0, -1.5, 3.0, 14, 0, readLine(), -2.0
12, 21622, -4.0, 1.0, -1.5, 3.5, 14, 0, readLine(), -2.0
12, 21623, -4.0, 1.0, -1.5, 4.0, 14, 0, readLine(), -2.0
12, 21624, -4.0, 1.0, -1.5, 4.5, 14, 0, readLine(), -2.0
12, 21625, -4.0, 1.0, -1.5, 5.0, 14, 0, readLine(), -2.0
12, 21626, -4.0, 1.0, -1.0, 0.0, 14, 0, readLine(), -2.0
12, 21627, -4.0, 1.0, -1.0, 0.5, 14, 0, readLine(), -2.0
12, 21628, -4.0, 1.0, -1.0, 1.0, 14, 0, readLine(), -2.0
12, 21629, -4.0, 1.0, -1.0, 1.5, 14, 0, readLine(), -2.0
12, 21630, -4.0, 1.0, -1.0, 2.0, 14, 0, readLine(), -2.0
12, 21631, -4.0, 1.0, -1.0, 2.5, 14, 0, readLine(), -2.0
12, 21632, -4.0, 1.0, -1.0, 3.0, 14, 0, readLine(), -2.0
12, 21633, -4.0, 1.0, -1.0, 3.5, 14, 0, readLine(), -2.0
12, 21634, -4.0, 1.0, -1.0, 4.0, 14, 0, readLine(), -2.0
12, 21635, -4.0, 1.0, -1.0, 4.5, 14, 0, readLine(), -2.0
12, 21636, -4.0, 1.0, -1.0, 5.0, 14, 0, readLine(), -2.0
12, 21637, -4.0, 1.0, -0.5, 0.0, 14, 0, readLine(), -2.0
12, 21638, -4.0, 1.0, -0.5, 0.5, 14, 0, readLine(), -2.0
12, 21639, -4.0, 1.0, -0.5, 1.0, 14, 0, readLine(), -2.0
12, 21640, -4.0, 1.0, -0.5, 1.5, 14, 0, readLine(), -2.0
12, 21641, -4.0, 1.0, -0.5, 2.0, 14, 0, readLine(), -2.0
12, 21642, -4.0, 1.0, -0.5, 2.5, 14, 0, readLine(), -2.0
12, 21643, -4.0, 1.0, -0.5, 3.0, 14, 0, readLine(), -2.0
12, 21644, -4.0, 1.0, -0.5, 3.5, 14, 0, readLine(), -2.0
12, 21645, -4.0, 1.0, -0.5, 4.0, 14, 0, readLine(), -2.0
12, 21646, -4.0, 1.0, -0.5, 4.5, 14, 0, readLine(), -2.0
12, 21647, -4.0, 1.0, -0.5, 5.0, 14, 2, readLine(), -2.0
12, 21648, -4.0, 1.0, 0.0, 0.0, 14, 0, readLine(), -2.0
12, 21649, -4.0, 1.0, 0.0, 0.5, 14, 0, readLine(), -2.0
12, 21650, -4.0, 1.0, 0.0, 1.0, 14, 0, readLine(), -2.0
12, 21651, -4.0, 1.0, 0.0, 1.5, 14, 0, readLine(), -2.0
12, 21652, -4.0, 1.0, 0.0, 2.0, 14, 0, readLine(), -2.0
12, 21653, -4.0, 1.0, 0.0, 2.5, 14, 0, readLine(), -2.0
12, 21654, -4.0, 1.0, 0.0, 3.0, 14, 0, readLine(), -2.0
12, 21655, -4.0, 1.0, 0.0, 3.5, 14, 0, readLine(), -2.0
12, 21656, -4.0, 1.0, 0.0, 4.0, 14, 0, readLine(), -2.0
12, 21657, -4.0, 1.0, 0.0, 4.5, 14, 3, readLine(), -2.0
12, 21658, -4.0, 1.0, 0.0, 5.0, 22, 1, new Task12().getLines(in).add(), 2.0
12, 21659, -3.5, 1.0, -5.0, 0.0, 14, 0, readLine(), -1.5
12, 21660, -3.5, 1.0, -5.0, 0.5, 14, 0, readLine(), -1.5
12, 21661, -3.5, 1.0, -5.0, 1.0, 14, 0, readLine(), -1.5
12, 21662, -3.5, 1.0, -5.0, 1.5, 14, 0, readLine(), -1.5
12, 21663, -3.5, 1.0, -5.0, 2.0, 14, 0, readLine(), -1.5
12, 21664, -3.5, 1.0, -5.0, 2.5, 14, 0, readLine(), -1.5
12, 21665, -3.5, 1.0, -5.0, 3.0, 14, 0, readLine(), -1.5
12, 21666, -3.5, 1.0, -5.0, 3.5, 14, 0, readLine(), -1.5
12, 21667, -3.5, 1.0, -5.0, 4.0, 14, 0, readLine(), -1.5
12, 21668, -3.5, 1.0, -5.0, 4.5, 11, 0, in.readLine(), 0.5
12, 21669, -3.5, 1.0, -5.0, 5.0, 9, 8, Byte.decode(in.readLine()), -7.5
12, 21670, -3.5, 1.0, -4.5, 0.0, 14, 0, readLine(), -1.5
12, 21671, -3.5, 1.0, -4.5, 0.5, 14, 0, readLine(), -1.5
12, 21672, -3.5, 1.0, -4.5, 1.0, 14, 0, readLine(), -1.5
12, 21673, -3.5, 1.0, -4.5, 1.5, 14, 0, readLine(), -1.5
12, 21674, -3.5, 1.0, -4.5, 2.0, 14, 0, readLine(), -1.5
12, 21675, -3.5, 1.0, -4.5, 2.5, 14, 0, readLine(), -1.5
12, 21676, -3.5, 1.0, -4.5, 3.0, 14, 0, readLine(), -1.5
12, 21677, -3.5, 1.0, -4.5, 3.5, 14, 0, readLine(), -1.5
12, 21678, -3.5, 1.0, -4.5, 4.0, 14, 0, readLine(), -1.5
12, 21679, -3.5, 1.0, -4.5, 4.5, 11, 0, in.readLine(), 0.5
12, 21680, -3.5, 1.0, -4.5, 5.0, 9, 8, Byte.decode(in.readLine()), -7.0
12, 21681, -3.5, 1.0, -4.0, 0.0, 14, 0, readLine(), -1.5
12, 21682, -3.5, 1.0, -4.0, 0.5, 14, 0, readLine(), -1.5
12, 21683, -3.5, 1.0, -4.0, 1.0, 14, 0, readLine(), -1.5
12, 21684, -3.5, 1.0, -4.0, 1.5, 14, 0, readLine(), -1.5
12, 21685, -3.5, 1.0, -4.0, 2.0, 14, 0, readLine(), -1.5
12, 21686, -3.5, 1.0, -4.0, 2.5, 14, 0, readLine(), -1.5
12, 21687, -3.5, 1.0, -4.0, 3.0, 14, 0, readLine(), -1.5
12, 21688, -3.5, 1.0, -4.0, 3.5, 14, 0, readLine(), -1.5
12, 21689, -3.5, 1.0, -4.0, 4.0, 14, 0, readLine(), -1.5
12, 21690, -3.5, 1.0, -4.0, 4.5, 11, 0, in.readLine(), 0.5
12, 21691, -3.5, 1.0, -4.0, 5.0, 9, 8, Byte.decode(in.readLine()), -6.5
12, 21692, -3.5, 1.0, -3.5, 0.0, 14, 0, readLine(), -1.5
12, 21693, -3.5, 1.0, -3.5, 0.5, 14, 0, readLine(), -1.5
12, 21694, -3.5, 1.0, -3.5, 1.0, 14, 0, readLine(), -1.5
12, 21695, -3.5, 1.0, -3.5, 1.5, 14, 0, readLine(), -1.5
12, 21696, -3.5, 1.0, -3.5, 2.0, 14, 0, readLine(), -1.5
12, 21697, -3.5, 1.0, -3.5, 2.5, 14, 0, readLine(), -1.5
12, 21698, -3.5, 1.0, -3.5, 3.0, 14, 0, readLine(), -1.5
12, 21699, -3.5, 1.0, -3.5, 3.5, 14, 0, readLine(), -1.5
12, 21700, -3.5, 1.0, -3.5, 4.0, 14, 0, readLine(), -1.5
12, 21701, -3.5, 1.0, -3.5, 4.5, 11, 0, in.readLine(), 0.5
12, 21702, -3.5, 1.0, -3.5, 5.0, 9, 8, Byte.decode(in.readLine()), -6.0
12, 21703, -3.5, 1.0, -3.0, 0.0, 14, 0, readLine(), -1.5
12, 21704, -3.5, 1.0, -3.0, 0.5, 14, 0, readLine(), -1.5
12, 21705, -3.5, 1.0, -3.0, 1.0, 14, 0, readLine(), -1.5
12, 21706, -3.5, 1.0, -3.0, 1.5, 14, 0, readLine(), -1.5
12, 21707, -3.5, 1.0, -3.0, 2.0, 14, 0, readLine(), -1.5
12, 21708, -3.5, 1.0, -3.0, 2.5, 14, 0, readLine(), -1.5
12, 21709, -3.5, 1.0, -3.0, 3.0, 14, 0, readLine(), -1.5
12, 21710, -3.5, 1.0, -3.0, 3.5, 14, 0, readLine(), -1.5
12, 21711, -3.5, 1.0, -3.0, 4.0, 14, 0, readLine(), -1.5
12, 21712, -3.5, 1.0, -3.0, 4.5, 11, 0, in.readLine(), 0.5
12, 21713, -3.5, 1.0, -3.0, 5.0, 9, 8, Byte.decode(in.readLine()), -5.5
12, 21714, -3.5, 1.0, -2.5, 0.0, 14, 0, readLine(), -1.5
12, 21715, -3.5, 1.0, -2.5, 0.5, 14, 0, readLine(), -1.5
12, 21716, -3.5, 1.0, -2.5, 1.0, 14, 0, readLine(), -1.5
12, 21717, -3.5, 1.0, -2.5, 1.5, 14, 0, readLine(), -1.5
12, 21718, -3.5, 1.0, -2.5, 2.0, 14, 0, readLine(), -1.5
12, 21719, -3.5, 1.0, -2.5, 2.5, 14, 0, readLine(), -1.5
12, 21720, -3.5, 1.0, -2.5, 3.0, 14, 0, readLine(), -1.5
12, 21721, -3.5, 1.0, -2.5, 3.5, 14, 0, readLine(), -1.5
12, 21722, -3.5, 1.0, -2.5, 4.0, 14, 0, readLine(), -1.5
12, 21723, -3.5, 1.0, -2.5, 4.5, 11, 0, in.readLine(), 0.5
12, 21724, -3.5, 1.0, -2.5, 5.0, 9, 8, Byte.decode(in.readLine()), -5.0
12, 21725, -3.5, 1.0, -2.0, 0.0, 14, 0, readLine(), -1.5
12, 21726, -3.5, 1.0, -2.0, 0.5, 14, 0, readLine(), -1.5
12, 21727, -3.5, 1.0, -2.0, 1.0, 14, 0, readLine(), -1.5
12, 21728, -3.5, 1.0, -2.0, 1.5, 14, 0, readLine(), -1.5
12, 21729, -3.5, 1.0, -2.0, 2.0, 14, 0, readLine(), -1.5
12, 21730, -3.5, 1.0, -2.0, 2.5, 14, 0, readLine(), -1.5
12, 21731, -3.5, 1.0, -2.0, 3.0, 14, 0, readLine(), -1.5
12, 21732, -3.5, 1.0, -2.0, 3.5, 14, 0, readLine(), -1.5
12, 21733, -3.5, 1.0, -2.0, 4.0, 14, 0, readLine(), -1.5
12, 21734, -3.5, 1.0, -2.0, 4.5, 11, 0, in.readLine(), 0.5
12, 21735, -3.5, 1.0, -2.0, 5.0, 9, 1, in.getLines().add(in.readLine()), 0.5
12, 21736, -3.5, 1.0, -1.5, 0.0, 14, 0, readLine(), -1.5
12, 21737, -3.5, 1.0, -1.5, 0.5, 14, 0, readLine(), -1.5
12, 21738, -3.5, 1.0, -1.5, 1.0, 14, 0, readLine(), -1.5
12, 21739, -3.5, 1.0, -1.5, 1.5, 14, 0, readLine(), -1.5
12, 21740, -3.5, 1.0, -1.5, 2.0, 14, 0, readLine(), -1.5
12, 21741, -3.5, 1.0, -1.5, 2.5, 14, 0, readLine(), -1.5
12, 21742, -3.5, 1.0, -1.5, 3.0, 14, 0, readLine(), -1.5
12, 21743, -3.5, 1.0, -1.5, 3.5, 14, 0, readLine(), -1.5
12, 21744, -3.5, 1.0, -1.5, 4.0, 14, 0, readLine(), -1.5
12, 21745, -3.5, 1.0, -1.5, 4.5, 11, 0, in.readLine(), 0.5
12, 21746, -3.5, 1.0, -1.5, 5.0, 9, 0, in.getLines().add(in.readLine()), 1.0
12, 21747, -3.5, 1.0, -1.0, 0.0, 14, 0, readLine(), -1.5
12, 21748, -3.5, 1.0, -1.0, 0.5, 14, 0, readLine(), -1.5
12, 21749, -3.5, 1.0, -1.0, 1.0, 14, 0, readLine(), -1.5
12, 21750, -3.5, 1.0, -1.0, 1.5, 14, 0, readLine(), -1.5
12, 21751, -3.5, 1.0, -1.0, 2.0, 14, 0, readLine(), -1.5
12, 21752, -3.5, 1.0, -1.0, 2.5, 14, 0, readLine(), -1.5
12, 21753, -3.5, 1.0, -1.0, 3.0, 14, 0, readLine(), -1.5
12, 21754, -3.5, 1.0, -1.0, 3.5, 14, 0, readLine(), -1.5
12, 21755, -3.5, 1.0, -1.0, 4.0, 14, 0, readLine(), -1.5
12, 21756, -3.5, 1.0, -1.0, 4.5, 9, 2, in.getLines().add(in.readLine()), 0.0
12, 21757, -3.5, 1.0, -1.0, 5.0, 9, 9, Byte.decode(in.readLine()), -3.5
12, 21758, -3.5, 1.0, -0.5, 0.0, 14, 0, readLine(), -1.5
12, 21759, -3.5, 1.0, -0.5, 0.5, 14, 0, readLine(), -1.5
12, 21760, -3.5, 1.0, -0.5, 1.0, 14, 0, readLine(), -1.5
12, 21761, -3.5, 1.0, -0.5, 1.5, 14, 0, readLine(), -1.5
12, 21762, -3.5, 1.0, -0.5, 2.0, 14, 0, readLine(), -1.5
12, 21763, -3.5, 1.0, -0.5, 2.5, 14, 0, readLine(), -1.5
12, 21764, -3.5, 1.0, -0.5, 3.0, 14, 0, readLine(), -1.5
12, 21765, -3.5, 1.0, -0.5, 3.5, 14, 0, readLine(), -1.5
12, 21766, -3.5, 1.0, -0.5, 4.0, 14, 0, readLine(), -1.5
12, 21767, -3.5, 1.0, -0.5, 4.5, 11, 1, in.readLine(), 0.5
12, 21768, -3.5, 1.0, -0.5, 5.0, 11, 9, in.readLine(), 1.0
12, 21769, -3.5, 1.0, 0.0, 0.0, 14, 0, readLine(), -1.5
12, 21770, -3.5, 1.0, 0.0, 0.5, 14, 0, readLine(), -1.5
12, 21771, -3.5, 1.0, 0.0, 1.0, 14, 0, readLine(), -1.5
12, 21772, -3.5, 1.0, 0.0, 1.5, 14, 0, readLine(), -1.5
12, 21773, -3.5, 1.0, 0.0, 2.0, 14, 0, readLine(), -1.5
12, 21774, -3.5, 1.0, 0.0, 2.5, 14, 0, readLine(), -1.5
12, 21775, -3.5, 1.0, 0.0, 3.0, 14, 0, readLine(), -1.5
12, 21776, -3.5, 1.0, 0.0, 3.5, 14, 0, readLine(), -1.5
12, 21777, -3.5, 1.0, 0.0, 4.0, 14, 3, readLine(), -1.5
12, 21778, -3.5, 1.0, 0.0, 4.5, 21, 1, new Task12().getLines(in).add(in.readLine()), 2.0
12, 21779, -3.5, 1.0, 0.0, 5.0, 21, 1, new Task12().getLines(in).add(in.readLine()), 4.0
12, 21780, -3.0, 1.0, -5.0, 0.0, 14, 0, readLine(), -1.0
12, 21781, -3.0, 1.0, -5.0, 0.5, 14, 0, readLine(), -1.0
12, 21782, -3.0, 1.0, -5.0, 1.0, 14, 0, readLine(), -1.0
12, 21783, -3.0, 1.0, -5.0, 1.5, 14, 0, readLine(), -1.0
12, 21784, -3.0, 1.0, -5.0, 2.0, 14, 0, readLine(), -1.0
12, 21785, -3.0, 1.0, -5.0, 2.5, 14, 0, readLine(), -1.0
12, 21786, -3.0, 1.0, -5.0, 3.0, 14, 0, readLine(), -1.0
12, 21787, -3.0, 1.0, -5.0, 3.5, 11, 0, in.readLine(), 0.5
12, 21788, -3.0, 1.0, -5.0, 4.0, 9, 8, Byte.decode(in.readLine()), -7.0
12, 21789, -3.0, 1.0, -5.0, 4.5, 0, 0, lines.add(in.readLine()), 2.0
12, 21790, -3.0, 1.0, -5.0, 5.0, 0, 0, lines.add(in.readLine()), 3.0
12, 21791, -3.0, 1.0, -4.5, 0.0, 14, 0, readLine(), -1.0
12, 21792, -3.0, 1.0, -4.5, 0.5, 14, 0, readLine(), -1.0
12, 21793, -3.0, 1.0, -4.5, 1.0, 14, 0, readLine(), -1.0
12, 21794, -3.0, 1.0, -4.5, 1.5, 14, 0, readLine(), -1.0
12, 21795, -3.0, 1.0, -4.5, 2.0, 14, 0, readLine(), -1.0
12, 21796, -3.0, 1.0, -4.5, 2.5, 14, 0, readLine(), -1.0
12, 21797, -3.0, 1.0, -4.5, 3.0, 14, 0, readLine(), -1.0
12, 21798, -3.0, 1.0, -4.5, 3.5, 11, 0, in.readLine(), 0.5
12, 21799, -3.0, 1.0, -4.5, 4.0, 9, 8, Byte.decode(in.readLine()), -6.5
12, 21800, -3.0, 1.0, -4.5, 4.5, 0, 0, lines.add(in.readLine()), 2.0
12, 21801, -3.0, 1.0, -4.5, 5.0, 0, 0, lines.add(in.readLine()), 3.0
12, 21802, -3.0, 1.0, -4.0, 0.0, 14, 0, readLine(), -1.0
12, 21803, -3.0, 1.0, -4.0, 0.5, 14, 0, readLine(), -1.0
12, 21804, -3.0, 1.0, -4.0, 1.0, 14, 0, readLine(), -1.0
12, 21805, -3.0, 1.0, -4.0, 1.5, 14, 0, readLine(), -1.0
12, 21806, -3.0, 1.0, -4.0, 2.0, 14, 0, readLine(), -1.0
12, 21807, -3.0, 1.0, -4.0, 2.5, 14, 0, readLine(), -1.0
12, 21808, -3.0, 1.0, -4.0, 3.0, 14, 0, readLine(), -1.0
12, 21809, -3.0, 1.0, -4.0, 3.5, 11, 0, in.readLine(), 0.5
12, 21810, -3.0, 1.0, -4.0, 4.0, 9, 8, Byte.decode(in.readLine()), -6.0
12, 21811, -3.0, 1.0, -4.0, 4.5, 0, 0, lines.add(in.readLine()), 2.0
12, 21812, -3.0, 1.0, -4.0, 5.0, 0, 0, lines.add(in.readLine()), 3.0
12, 21813, -3.0, 1.0, -3.5, 0.0, 14, 0, readLine(), -1.0
12, 21814, -3.0, 1.0, -3.5, 0.5, 14, 0, readLine(), -1.0
12, 21815, -3.0, 1.0, -3.5, 1.0, 14, 0, readLine(), -1.0
12, 21816, -3.0, 1.0, -3.5, 1.5, 14, 0, readLine(), -1.0
12, 21817, -3.0, 1.0, -3.5, 2.0, 14, 0, readLine(), -1.0
12, 21818, -3.0, 1.0, -3.5, 2.5, 14, 0, readLine(), -1.0
12, 21819, -3.0, 1.0, -3.5, 3.0, 14, 0, readLine(), -1.0
12, 21820, -3.0, 1.0, -3.5, 3.5, 11, 0, in.readLine(), 0.5
12, 21821, -3.0, 1.0, -3.5, 4.0, 9, 8, Byte.decode(in.readLine()), -5.5
12, 21822, -3.0, 1.0, -3.5, 4.5, 0, 0, lines.add(in.readLine()), 2.0
12, 21823, -3.0, 1.0, -3.5, 5.0, 0, 0, lines.add(in.readLine()), 3.0
12, 21824, -3.0, 1.0, -3.0, 0.0, 14, 0, readLine(), -1.0
12, 21825, -3.0, 1.0, -3.0, 0.5, 14, 0, readLine(), -1.0
12, 21826, -3.0, 1.0, -3.0, 1.0, 14, 0, readLine(), -1.0
12, 21827, -3.0, 1.0, -3.0, 1.5, 14, 0, readLine(), -1.0
12, 21828, -3.0, 1.0, -3.0, 2.0, 14, 0, readLine(), -1.0
12, 21829, -3.0, 1.0, -3.0, 2.5, 14, 0, readLine(), -1.0
12, 21830, -3.0, 1.0, -3.0, 3.0, 14, 0, readLine(), -1.0
12, 21831, -3.0, 1.0, -3.0, 3.5, 11, 0, in.readLine(), 0.5
12, 21832, -3.0, 1.0, -3.0, 4.0, 9, 8, Byte.decode(in.readLine()), -5.0
12, 21833, -3.0, 1.0, -3.0, 4.5, 0, 0, lines.add(in.readLine()), 2.0
12, 21834, -3.0, 1.0, -3.0, 5.0, 0, 0, lines.add(in.readLine()), 3.0
12, 21835, -3.0, 1.0, -2.5, 0.0, 14, 0, readLine(), -1.0
12, 21836, -3.0, 1.0, -2.5, 0.5, 14, 0, readLine(), -1.0
12, 21837, -3.0, 1.0, -2.5, 1.0, 14, 0, readLine(), -1.0
12, 21838, -3.0, 1.0, -2.5, 1.5, 14, 0, readLine(), -1.0
12, 21839, -3.0, 1.0, -2.5, 2.0, 14, 0, readLine(), -1.0
12, 21840, -3.0, 1.0, -2.5, 2.5, 14, 0, readLine(), -1.0
12, 21841, -3.0, 1.0, -2.5, 3.0, 14, 0, readLine(), -1.0
12, 21842, -3.0, 1.0, -2.5, 3.5, 11, 0, in.readLine(), 0.5
12, 21843, -3.0, 1.0, -2.5, 4.0, 9, 8, Byte.decode(in.readLine()), -4.5
12, 21844, -3.0, 1.0, -2.5, 4.5, 0, 0, lines.add(in.readLine()), 2.0
12, 21845, -3.0, 1.0, -2.5, 5.0, 9, 0, in.getLines().add(in.readLine()), 2.5
12, 21846, -3.0, 1.0, -2.0, 0.0, 14, 0, readLine(), -1.0
12, 21847, -3.0, 1.0, -2.0, 0.5, 14, 0, readLine(), -1.0
12, 21848, -3.0, 1.0, -2.0, 1.0, 14, 0, readLine(), -1.0
12, 21849, -3.0, 1.0, -2.0, 1.5, 14, 0, readLine(), -1.0
12, 21850, -3.0, 1.0, -2.0, 2.0, 14, 0, readLine(), -1.0
12, 21851, -3.0, 1.0, -2.0, 2.5, 14, 0, readLine(), -1.0
12, 21852, -3.0, 1.0, -2.0, 3.0, 14, 0, readLine(), -1.0
12, 21853, -3.0, 1.0, -2.0, 3.5, 11, 0, in.readLine(), 0.5
12, 21854, -3.0, 1.0, -2.0, 4.0, 9, 8, Byte.decode(in.readLine()), -4.0
12, 21855, -3.0, 1.0, -2.0, 4.5, 9, 1, in.getLines().add(in.readLine()), 1.5
12, 21856, -3.0, 1.0, -2.0, 5.0, 9, 0, in.getLines().add(in.readLine()), 3.0
12, 21857, -3.0, 1.0, -1.5, 0.0, 14, 0, readLine(), -1.0
12, 21858, -3.0, 1.0, -1.5, 0.5, 14, 0, readLine(), -1.0
12, 21859, -3.0, 1.0, -1.5, 1.0, 14, 0, readLine(), -1.0
12, 21860, -3.0, 1.0, -1.5, 1.5, 14, 0, readLine(), -1.0
12, 21861, -3.0, 1.0, -1.5, 2.0, 14, 0, readLine(), -1.0
12, 21862, -3.0, 1.0, -1.5, 2.5, 14, 0, readLine(), -1.0
12, 21863, -3.0, 1.0, -1.5, 3.0, 14, 0, readLine(), -1.0
12, 21864, -3.0, 1.0, -1.5, 3.5, 11, 0, in.readLine(), 0.5
12, 21865, -3.0, 1.0, -1.5, 4.0, 9, 1, in.getLines().add(in.readLine()), 0.5
12, 21866, -3.0, 1.0, -1.5, 4.5, 9, 0, in.getLines().add(in.readLine()), 2.0
12, 21867, -3.0, 1.0, -1.5, 5.0, 11, 1, in.readLine(), 2.0
12, 21868, -3.0, 1.0, -1.0, 0.0, 14, 0, readLine(), -1.0
12, 21869, -3.0, 1.0, -1.0, 0.5, 14, 0, readLine(), -1.0
12, 21870, -3.0, 1.0, -1.0, 1.0, 14, 0, readLine(), -1.0
12, 21871, -3.0, 1.0, -1.0, 1.5, 14, 0, readLine(), -1.0
12, 21872, -3.0, 1.0, -1.0, 2.0, 14, 0, readLine(), -1.0
12, 21873, -3.0, 1.0, -1.0, 2.5, 14, 0, readLine(), -1.0
12, 21874, -3.0, 1.0, -1.0, 3.0, 14, 0, readLine(), -1.0
12, 21875, -3.0, 1.0, -1.0, 3.5, 11, 0, in.readLine(), 0.5
12, 21876, -3.0, 1.0, -1.0, 4.0, 9, 0, in.getLines().add(in.readLine()), 1.0
12, 21877, -3.0, 1.0, -1.0, 4.5, 11, 1, in.readLine(), 1.5
12, 21878, -3.0, 1.0, -1.0, 5.0, 11, 4, in.readLine(), 2.0
12, 21879, -3.0, 1.0, -0.5, 0.0, 14, 0, readLine(), -1.0
12, 21880, -3.0, 1.0, -0.5, 0.5, 14, 0, readLine(), -1.0
12, 21881, -3.0, 1.0, -0.5, 1.0, 14, 0, readLine(), -1.0
12, 21882, -3.0, 1.0, -0.5, 1.5, 14, 0, readLine(), -1.0
12, 21883, -3.0, 1.0, -0.5, 2.0, 14, 0, readLine(), -1.0
12, 21884, -3.0, 1.0, -0.5, 2.5, 14, 0, readLine(), -1.0
12, 21885, -3.0, 1.0, -0.5, 3.0, 14, 0, readLine(), -1.0
12, 21886, -3.0, 1.0, -0.5, 3.5, 11, 0, in.readLine(), 0.5
12, 21887, -3.0, 1.0, -0.5, 4.0, 11, 2, in.readLine(), 1.0
12, 21888, -3.0, 1.0, -0.5, 4.5, 11, 9, in.readLine(), 1.5
12, 21889, -3.0, 1.0, -0.5, 5.0, 21, 0, new Task12().getLines(in).add(in.readLine()), 5.5
12, 21890, -3.0, 1.0, 0.0, 0.0, 14, 0, readLine(), -1.0
12, 21891, -3.0, 1.0, 0.0, 0.5, 14, 0, readLine(), -1.0
12, 21892, -3.0, 1.0, 0.0, 1.0, 14, 0, readLine(), -1.0
12, 21893, -3.0, 1.0, 0.0, 1.5, 14, 0, readLine(), -1.0
12, 21894, -3.0, 1.0, 0.0, 2.0, 14, 0, readLine(), -1.0
12, 21895, -3.0, 1.0, 0.0, 2.5, 14, 0, readLine(), -1.0
12, 21896, -3.0, 1.0, 0.0, 3.0, 14, 0, readLine(), -1.0
12, 21897, -3.0, 1.0, 0.0, 3.5, 21, 1, new Task12().getLines(in).add(in.readLine()), 1.0
12, 21898, -3.0, 1.0, 0.0, 4.0, 21, 1, new Task12().getLines(in).add(in.readLine()), 3.0
12, 21899, -3.0, 1.0, 0.0, 4.5, 21, 0, new Task12().getLines(in).add(in.readLine()), 5.0
12, 21900, -3.0, 1.0, 0.0, 5.0, 21, 0, new Task12().getLines(in).add(in.readLine()), 7.0
12, 21901, -2.5, 1.0, -5.0, 0.0, 14, 0, readLine(), -0.5
12, 21902, -2.5, 1.0, -5.0, 0.5, 14, 0, readLine(), -0.5
12, 21903, -2.5, 1.0, -5.0, 1.0, 14, 0, readLine(), -0.5
12, 21904, -2.5, 1.0, -5.0, 1.5, 14, 0, readLine(), -0.5
12, 21905, -2.5, 1.0, -5.0, 2.0, 14, 0, readLine(), -0.5
12, 21906, -2.5, 1.0, -5.0, 2.5, 11, 0, in.readLine(), 0.5
12, 21907, -2.5, 1.0, -5.0, 3.0, 9, 8, Byte.decode(in.readLine()), -6.5
12, 21908, -2.5, 1.0, -5.0, 3.5, 0, 0, lines.add(in.readLine()), 2.0
12, 21909, -2.5, 1.0, -5.0, 4.0, 0, 0, lines.add(in.readLine()), 3.0
12, 21910, -2.5, 1.0, -5.0, 4.5, 0, 0, lines.add(in.readLine()), 4.0
12, 21911, -2.5, 1.0, -5.0, 5.0, 0, 0, lines.add(in.readLine()), 5.0
12, 21912, -2.5, 1.0, -4.5, 0.0, 14, 0, readLine(), -0.5
12, 21913, -2.5, 1.0, -4.5, 0.5, 14, 0, readLine(), -0.5
12, 21914, -2.5, 1.0, -4.5, 1.0, 14, 0, readLine(), -0.5
12, 21915, -2.5, 1.0, -4.5, 1.5, 14, 0, readLine(), -0.5
12, 21916, -2.5, 1.0, -4.5, 2.0, 14, 0, readLine(), -0.5
12, 21917, -2.5, 1.0, -4.5, 2.5, 11, 0, in.readLine(), 0.5
12, 21918, -2.5, 1.0, -4.5, 3.0, 9, 8, Byte.decode(in.readLine()), -6.0
12, 21919, -2.5, 1.0, -4.5, 3.5, 0, 0, lines.add(in.readLine()), 2.0
12, 21920, -2.5, 1.0, -4.5, 4.0, 0, 0, lines.add(in.readLine()), 3.0
12, 21921, -2.5, 1.0, -4.5, 4.5, 0, 0, lines.add(in.readLine()), 4.0
12, 21922, -2.5, 1.0, -4.5, 5.0, 0, 0, lines.add(in.readLine()), 5.0
12, 21923, -2.5, 1.0, -4.0, 0.0, 14, 0, readLine(), -0.5
12, 21924, -2.5, 1.0, -4.0, 0.5, 14, 0, readLine(), -0.5
12, 21925, -2.5, 1.0, -4.0, 1.0, 14, 0, readLine(), -0.5
12, 21926, -2.5, 1.0, -4.0, 1.5, 14, 0, readLine(), -0.5
12, 21927, -2.5, 1.0, -4.0, 2.0, 14, 0, readLine(), -0.5
12, 21928, -2.5, 1.0, -4.0, 2.5, 11, 0, in.readLine(), 0.5
12, 21929, -2.5, 1.0, -4.0, 3.0, 9, 8, Byte.decode(in.readLine()), -5.5
12, 21930, -2.5, 1.0, -4.0, 3.5, 0, 0, lines.add(in.readLine()), 2.0
12, 21931, -2.5, 1.0, -4.0, 4.0, 0, 0, lines.add(in.readLine()), 3.0
12, 21932, -2.5, 1.0, -4.0, 4.5, 0, 0, lines.add(in.readLine()), 4.0
12, 21933, -2.5, 1.0, -4.0, 5.0, 0, 0, lines.add(in.readLine()), 5.0
12, 21934, -2.5, 1.0, -3.5, 0.0, 14, 0, readLine(), -0.5
12, 21935, -2.5, 1.0, -3.5, 0.5, 14, 0, readLine(), -0.5
12, 21936, -2.5, 1.0, -3.5, 1.0, 14, 0, readLine(), -0.5
12, 21937, -2.5, 1.0, -3.5, 1.5, 14, 0, readLine(), -0.5
12, 21938, -2.5, 1.0, -3.5, 2.0, 14, 0, readLine(), -0.5
12, 21939, -2.5, 1.0, -3.5, 2.5, 11, 0, in.readLine(), 0.5
12, 21940, -2.5, 1.0, -3.5, 3.0, 9, 8, Byte.decode(in.readLine()), -5.0
12, 21941, -2.5, 1.0, -3.5, 3.5, 0, 0, lines.add(in.readLine()), 2.0
12, 21942, -2.5, 1.0, -3.5, 4.0, 0, 0, lines.add(in.readLine()), 3.0
12, 21943, -2.5, 1.0, -3.5, 4.5, 0, 0, lines.add(in.readLine()), 4.0
12, 21944, -2.5, 1.0, -3.5, 5.0, 0, 0, lines.add(in.readLine()), 5.0
12, 21945, -2.5, 1.0, -3.0, 0.0, 14, 0, readLine(), -0.5
12, 21946, -2.5, 1.0, -3.0, 0.5, 14, 0, readLine(), -0.5
12, 21947, -2.5, 1.0, -3.0, 1.0, 14, 0, readLine(), -0.5
12, 21948, -2.5, 1.0, -3.0, 1.5, 14, 0, readLine(), -0.5
12, 21949, -2.5, 1.0, -3.0, 2.0, 14, 0, readLine(), -0.5
12, 21950, -2.5, 1.0, -3.0, 2.5, 11, 0, in.readLine(), 0.5
12, 21951, -2.5, 1.0, -3.0, 3.0, 9, 8, Byte.decode(in.readLine()), -4.5
12, 21952, -2.5, 1.0, -3.0, 3.5, 0, 0, lines.add(in.readLine()), 2.0
12, 21953, -2.5, 1.0, -3.0, 4.0, 0, 0, lines.add(in.readLine()), 3.0
12, 21954, -2.5, 1.0, -3.0, 4.5, 0, 0, lines.add(in.readLine()), 4.0
12, 21955, -2.5, 1.0, -3.0, 5.0, 9, 0, in.getLines().add(in.readLine()), 4.5
12, 21956, -2.5, 1.0, -2.5, 0.0, 14, 0, readLine(), -0.5
12, 21957, -2.5, 1.0, -2.5, 0.5, 14, 0, readLine(), -0.5
12, 21958, -2.5, 1.0, -2.5, 1.0, 14, 0, readLine(), -0.5
12, 21959, -2.5, 1.0, -2.5, 1.5, 14, 0, readLine(), -0.5
12, 21960, -2.5, 1.0, -2.5, 2.0, 14, 0, readLine(), -0.5
12, 21961, -2.5, 1.0, -2.5, 2.5, 11, 0, in.readLine(), 0.5
12, 21962, -2.5, 1.0, -2.5, 3.0, 9, 8, Byte.decode(in.readLine()), -4.0
12, 21963, -2.5, 1.0, -2.5, 3.5, 0, 0, lines.add(in.readLine()), 2.0
12, 21964, -2.5, 1.0, -2.5, 4.0, 0, 0, lines.add(in.readLine()), 3.0
12, 21965, -2.5, 1.0, -2.5, 4.5, 9, 0, in.getLines().add(in.readLine()), 3.5
12, 21966, -2.5, 1.0, -2.5, 5.0, 9, 0, in.getLines().add(in.readLine()), 5.0
12, 21967, -2.5, 1.0, -2.0, 0.0, 14, 0, readLine(), -0.5
12, 21968, -2.5, 1.0, -2.0, 0.5, 14, 0, readLine(), -0.5
12, 21969, -2.5, 1.0, -2.0, 1.0, 14, 0, readLine(), -0.5
12, 21970, -2.5, 1.0, -2.0, 1.5, 14, 0, readLine(), -0.5
12, 21971, -2.5, 1.0, -2.0, 2.0, 14, 0, readLine(), -0.5
12, 21972, -2.5, 1.0, -2.0, 2.5, 11, 0, in.readLine(), 0.5
12, 21973, -2.5, 1.0, -2.0, 3.0, 9, 8, Byte.decode(in.readLine()), -3.5
12, 21974, -2.5, 1.0, -2.0, 3.5, 0, 0, lines.add(in.readLine()), 2.0
12, 21975, -2.5, 1.0, -2.0, 4.0, 9, 0, in.getLines().add(in.readLine()), 2.5
12, 21976, -2.5, 1.0, -2.0, 4.5, 9, 0, in.getLines().add(in.readLine()), 4.0
12, 21977, -2.5, 1.0, -2.0, 5.0, 9, 0, in.getLines().add(in.readLine()), 5.5
12, 21978, -2.5, 1.0, -1.5, 0.0, 14, 0, readLine(), -0.5
12, 21979, -2.5, 1.0, -1.5, 0.5, 14, 0, readLine(), -0.5
12, 21980, -2.5, 1.0, -1.5, 1.0, 14, 0, readLine(), -0.5
12, 21981, -2.5, 1.0, -1.5, 1.5, 14, 0, readLine(), -0.5
12, 21982, -2.5, 1.0, -1.5, 2.0, 14, 0, readLine(), -0.5
12, 21983, -2.5, 1.0, -1.5, 2.5, 11, 0, in.readLine(), 0.5
12, 21984, -2.5, 1.0, -1.5, 3.0, 9, 8, Byte.decode(in.readLine()), -3.0
12, 21985, -2.5, 1.0, -1.5, 3.5, 9, 1, in.getLines().add(in.readLine()), 1.5
12, 21986, -2.5, 1.0, -1.5, 4.0, 9, 0, in.getLines().add(in.readLine()), 3.0
12, 21987, -2.5, 1.0, -1.5, 4.5, 11, 1, in.readLine(), 2.5
12, 21988, -2.5, 1.0, -1.5, 5.0, 11, 3, in.readLine(), 3.0
12, 21989, -2.5, 1.0, -1.0, 0.0, 14, 0, readLine(), -0.5
12, 21990, -2.5, 1.0, -1.0, 0.5, 14, 0, readLine(), -0.5
12, 21991, -2.5, 1.0, -1.0, 1.0, 14, 0, readLine(), -0.5
12, 21992, -2.5, 1.0, -1.0, 1.5, 14, 0, readLine(), -0.5
12, 21993, -2.5, 1.0, -1.0, 2.0, 14, 0, readLine(), -0.5
12, 21994, -2.5, 1.0, -1.0, 2.5, 11, 0, in.readLine(), 0.5
12, 21995, -2.5, 1.0, -1.0, 3.0, 9, 1, in.getLines().add(in.readLine()), 0.5
12, 21996, -2.5, 1.0, -1.0, 3.5, 9, 0, in.getLines().add(in.readLine()), 2.0
12, 21997, -2.5, 1.0, -1.0, 4.0, 11, 1, in.readLine(), 2.0
12, 21998, -2.5, 1.0, -1.0, 4.5, 11, 6, in.readLine(), 2.5
12, 21999, -2.5, 1.0, -1.0, 5.0, 21, 0, new Task12().getLines(in).add(in.readLine()), 7.0
12, 22000, -2.5, 1.0, -0.5, 0.0, 14, 0, readLine(), -0.5
12, 22001, -2.5, 1.0, -0.5, 0.5, 14, 0, readLine(), -0.5
12, 22002, -2.5, 1.0, -0.5, 1.0, 14, 0, readLine(), -0.5
12, 22003, -2.5, 1.0, -0.5, 1.5, 14, 0, readLine(), -0.5
12, 22004, -2.5, 1.0, -0.5, 2.0, 14, 0, readLine(), -0.5
12, 22005, -2.5, 1.0, -0.5, 2.5, 11, 0, in.readLine(), 0.5
12, 22006, -2.5, 1.0, -0.5, 3.0, 9, 9, Byte.decode(in.readLine()), -2.0
12, 22007, -2.5, 1.0, -0.5, 3.5, 11, 2, in.readLine(), 1.5
12, 22008, -2.5, 1.0, -0.5, 4.0, 21, 0, new Task12().getLines(in).add(in.readLine()), 4.5
12, 22009, -2.5, 1.0, -0.5, 4.5, 21, 0, new Task12().getLines(in).add(in.readLine()), 6.5
12, 22010, -2.5, 1.0, -0.5, 5.0, 21, 0, new Task12().getLines(in).add(in.readLine()), 8.5
12, 22011, -2.5, 1.0, 0.0, 0.0, 14, 0, readLine(), -0.5
12, 22012, -2.5, 1.0, 0.0, 0.5, 14, 0, readLine(), -0.5
12, 22013, -2.5, 1.0, 0.0, 1.0, 14, 0, readLine(), -0.5
12, 22014, -2.5, 1.0, 0.0, 1.5, 14, 0, readLine(), -0.5
12, 22015, -2.5, 1.0, 0.0, 2.0, 14, 0, readLine(), -0.5
12, 22016, -2.5, 1.0, 0.0, 2.5, 11, 2, in.readLine(), 0.5
12, 22017, -2.5, 1.0, 0.0, 3.0, 21, 1, new Task12().getLines(in).add(in.readLine()), 2.0
12, 22018, -2.5, 1.0, 0.0, 3.5, 21, 0, new Task12().getLines(in).add(in.readLine()), 4.0
12, 22019, -2.5, 1.0, 0.0, 4.0, 21, 0, new Task12().getLines(in).add(in.readLine()), 6.0
12, 22020, -2.5, 1.0, 0.0, 4.5, 21, 0, new Task12().getLines(in).add(in.readLine()), 8.0
12, 22021, -2.5, 1.0, 0.0, 5.0, 21, 0, new Task12().getLines(in).add(in.readLine()), 10.0
12, 22022, -2.0, 1.0, -5.0, 0.0, 14, 0, readLine(), 0.0
12, 22023, -2.0, 1.0, -5.0, 0.5, 14, 0, readLine(), 0.0
12, 22024, -2.0, 1.0, -5.0, 1.0, 14, 0, readLine(), 0.0
12, 22025, -2.0, 1.0, -5.0, 1.5, 11, 0, in.readLine(), 0.5
12, 22026, -2.0, 1.0, -5.0, 2.0, 9, 7, Byte.decode(in.readLine()), -6.0
12, 22027, -2.0, 1.0, -5.0, 2.5, 0, 0, lines.add(in.readLine()), 2.0
12, 22028, -2.0, 1.0, -5.0, 3.0, 0, 0, lines.add(in.readLine()), 3.0
12, 22029, -2.0, 1.0, -5.0, 3.5, 0, 0, lines.add(in.readLine()), 4.0
12, 22030, -2.0, 1.0, -5.0, 4.0, 0, 0, lines.add(in.readLine()), 5.0
12, 22031, -2.0, 1.0, -5.0, 4.5, 0, 0, lines.add(in.readLine()), 6.0
12, 22032, -2.0, 1.0, -5.0, 5.0, 0, 0, lines.add(in.readLine()), 7.0
12, 22033, -2.0, 1.0, -4.5, 0.0, 14, 0, readLine(), 0.0
12, 22034, -2.0, 1.0, -4.5, 0.5, 14, 0, readLine(), 0.0
12, 22035, -2.0, 1.0, -4.5, 1.0, 14, 0, readLine(), 0.0
12, 22036, -2.0, 1.0, -4.5, 1.5, 11, 0, in.readLine(), 0.5
12, 22037, -2.0, 1.0, -4.5, 2.0, 9, 7, Byte.decode(in.readLine()), -5.5
12, 22038, -2.0, 1.0, -4.5, 2.5, 0, 0, lines.add(in.readLine()), 2.0
12, 22039, -2.0, 1.0, -4.5, 3.0, 0, 0, lines.add(in.readLine()), 3.0
12, 22040, -2.0, 1.0, -4.5, 3.5, 0, 0, lines.add(in.readLine()), 4.0
12, 22041, -2.0, 1.0, -4.5, 4.0, 0, 0, lines.add(in.readLine()), 5.0
12, 22042, -2.0, 1.0, -4.5, 4.5, 0, 0, lines.add(in.readLine()), 6.0
12, 22043, -2.0, 1.0, -4.5, 5.0, 0, 0, lines.add(in.readLine()), 7.0
12, 22044, -2.0, 1.0, -4.0, 0.0, 14, 0, readLine(), 0.0
12, 22045, -2.0, 1.0, -4.0, 0.5, 14, 0, readLine(), 0.0
12, 22046, -2.0, 1.0, -4.0, 1.0, 14, 0, readLine(), 0.0
12, 22047, -2.0, 1.0, -4.0, 1.5, 11, 0, in.readLine(), 0.5
12, 22048, -2.0, 1.0, -4.0, 2.0, 9, 7, Byte.decode(in.readLine()), -5.0
12, 22049, -2.0, 1.0, -4.0, 2.5, 0, 0, lines.add(in.readLine()), 2.0
12, 22050, -2.0, 1.0, -4.0, 3.0, 0, 0, lines.add(in.readLine()), 3.0
12, 22051, -2.0, 1.0, -4.0, 3.5, 0, 0, lines.add(in.readLine()), 4.0
12, 22052, -2.0, 1.0, -4.0, 4.0, 0, 0, lines.add(in.readLine()), 5.0
12, 22053, -2.0, 1.0, -4.0, 4.5, 0, 0, lines.add(in.readLine()), 6.0
12, 22054, -2.0, 1.0, -4.0, 5.0, 0, 0, lines.add(in.readLine()), 7.0
12, 22055, -2.0, 1.0, -3.5, 0.0, 14, 0, readLine(), 0.0
12, 22056, -2.0, 1.0, -3.5, 0.5, 14, 0, readLine(), 0.0
12, 22057, -2.0, 1.0, -3.5, 1.0, 14, 0, readLine(), 0.0
12, 22058, -2.0, 1.0, -3.5, 1.5, 11, 0, in.readLine(), 0.5
12, 22059, -2.0, 1.0, -3.5, 2.0, 9, 7, Byte.decode(in.readLine()), -4.5
12, 22060, -2.0, 1.0, -3.5, 2.5, 0, 0, lines.add(in.readLine()), 2.0
12, 22061, -2.0, 1.0, -3.5, 3.0, 0, 0, lines.add(in.readLine()), 3.0
12, 22062, -2.0, 1.0, -3.5, 3.5, 0, 0, lines.add(in.readLine()), 4.0
12, 22063, -2.0, 1.0, -3.5, 4.0, 0, 0, lines.add(in.readLine()), 5.0
12, 22064, -2.0, 1.0, -3.5, 4.5, 0, 0, lines.add(in.readLine()), 6.0
12, 22065, -2.0, 1.0, -3.5, 5.0, 9, 0, in.getLines().add(in.readLine()), 6.5
12, 22066, -2.0, 1.0, -3.0, 0.0, 14, 0, readLine(), 0.0
12, 22067, -2.0, 1.0, -3.0, 0.5, 14, 0, readLine(), 0.0
12, 22068, -2.0, 1.0, -3.0, 1.0, 14, 0, readLine(), 0.0
12, 22069, -2.0, 1.0, -3.0, 1.5, 11, 0, in.readLine(), 0.5
12, 22070, -2.0, 1.0, -3.0, 2.0, 9, 7, Byte.decode(in.readLine()), -4.0
12, 22071, -2.0, 1.0, -3.0, 2.5, 0, 0, lines.add(in.readLine()), 2.0
12, 22072, -2.0, 1.0, -3.0, 3.0, 0, 0, lines.add(in.readLine()), 3.0
12, 22073, -2.0, 1.0, -3.0, 3.5, 0, 0, lines.add(in.readLine()), 4.0
12, 22074, -2.0, 1.0, -3.0, 4.0, 0, 0, lines.add(in.readLine()), 5.0
12, 22075, -2.0, 1.0, -3.0, 4.5, 9, 0, in.getLines().add(in.readLine()), 5.5
12, 22076, -2.0, 1.0, -3.0, 5.0, 9, 0, in.getLines().add(in.readLine()), 7.0
12, 22077, -2.0, 1.0, -2.5, 0.0, 14, 0, readLine(), 0.0
12, 22078, -2.0, 1.0, -2.5, 0.5, 14, 0, readLine(), 0.0
12, 22079, -2.0, 1.0, -2.5, 1.0, 14, 0, readLine(), 0.0
12, 22080, -2.0, 1.0, -2.5, 1.5, 11, 0, in.readLine(), 0.5
12, 22081, -2.0, 1.0, -2.5, 2.0, 9, 7, Byte.decode(in.readLine()), -3.5
12, 22082, -2.0, 1.0, -2.5, 2.5, 0, 0, lines.add(in.readLine()), 2.0
12, 22083, -2.0, 1.0, -2.5, 3.0, 0, 0, lines.add(in.readLine()), 3.0
12, 22084, -2.0, 1.0, -2.5, 3.5, 0, 0, lines.add(in.readLine()), 4.0
12, 22085, -2.0, 1.0, -2.5, 4.0, 9, 0, in.getLines().add(in.readLine()), 4.5
12, 22086, -2.0, 1.0, -2.5, 4.5, 9, 0, in.getLines().add(in.readLine()), 6.0
12, 22087, -2.0, 1.0, -2.5, 5.0, 9, 0, in.getLines().add(in.readLine()), 7.5
12, 22088, -2.0, 1.0, -2.0, 0.0, 14, 0, readLine(), 0.0
12, 22089, -2.0, 1.0, -2.0, 0.5, 14, 0, readLine(), 0.0
12, 22090, -2.0, 1.0, -2.0, 1.0, 14, 0, readLine(), 0.0
12, 22091, -2.0, 1.0, -2.0, 1.5, 11, 0, in.readLine(), 0.5
12, 22092, -2.0, 1.0, -2.0, 2.0, 9, 7, Byte.decode(in.readLine()), -3.0
12, 22093, -2.0, 1.0, -2.0, 2.5, 0, 0, lines.add(in.readLine()), 2.0
12, 22094, -2.0, 1.0, -2.0, 3.0, 0, 0, lines.add(in.readLine()), 3.0
12, 22095, -2.0, 1.0, -2.0, 3.5, 9, 0, in.getLines().add(in.readLine()), 3.5
12, 22096, -2.0, 1.0, -2.0, 4.0, 9, 0, in.getLines().add(in.readLine()), 5.0
12, 22097, -2.0, 1.0, -2.0, 4.5, 9, 0, in.getLines().add(in.readLine()), 6.5
12, 22098, -2.0, 1.0, -2.0, 5.0, 11, 4, in.readLine(), 4.0
12, 22099, -2.0, 1.0, -1.5, 0.0, 14, 0, readLine(), 0.0
12, 22100, -2.0, 1.0, -1.5, 0.5, 14, 0, readLine(), 0.0
12, 22101, -2.0, 1.0, -1.5, 1.0, 14, 0, readLine(), 0.0
12, 22102, -2.0, 1.0, -1.5, 1.5, 11, 0, in.readLine(), 0.5
12, 22103, -2.0, 1.0, -1.5, 2.0, 9, 7, Byte.decode(in.readLine()), -2.5
12, 22104, -2.0, 1.0, -1.5, 2.5, 0, 0, lines.add(in.readLine()), 2.0
12, 22105, -2.0, 1.0, -1.5, 3.0, 9, 0, in.getLines().add(in.readLine()), 2.5
12, 22106, -2.0, 1.0, -1.5, 3.5, 9, 0, in.getLines().add(in.readLine()), 4.0
12, 22107, -2.0, 1.0, -1.5, 4.0, 11, 1, in.readLine(), 3.0
12, 22108, -2.0, 1.0, -1.5, 4.5, 11, 6, in.readLine(), 3.5
12, 22109, -2.0, 1.0, -1.5, 5.0, 11, 8, in.readLine(), 4.0
12, 22110, -2.0, 1.0, -1.0, 0.0, 14, 0, readLine(), 0.0
12, 22111, -2.0, 1.0, -1.0, 0.5, 14, 0, readLine(), 0.0
12, 22112, -2.0, 1.0, -1.0, 1.0, 14, 0, readLine(), 0.0
12, 22113, -2.0, 1.0, -1.0, 1.5, 11, 0, in.readLine(), 0.5
12, 22114, -2.0, 1.0, -1.0, 2.0, 9, 7, Byte.decode(in.readLine()), -2.0
12, 22115, -2.0, 1.0, -1.0, 2.5, 9, 1, in.getLines().add(in.readLine()), 1.5
12, 22116, -2.0, 1.0, -1.0, 3.0, 9, 0, in.getLines().add(in.readLine()), 3.0
12, 22117, -2.0, 1.0, -1.0, 3.5, 11, 1, in.readLine(), 2.5
12, 22118, -2.0, 1.0, -1.0, 4.0, 11, 6, in.readLine(), 3.0
12, 22119, -2.0, 1.0, -1.0, 4.5, 21, 0, new Task12().getLines(in).add(in.readLine()), 8.0
12, 22120, -2.0, 1.0, -1.0, 5.0, 21, 0, new Task12().getLines(in).add(in.readLine()), 10.0
12, 22121, -2.0, 1.0, -0.5, 0.0, 14, 0, readLine(), 0.0
12, 22122, -2.0, 1.0, -0.5, 0.5, 14, 0, readLine(), 0.0
12, 22123, -2.0, 1.0, -0.5, 1.0, 14, 0, readLine(), 0.0
12, 22124, -2.0, 1.0, -0.5, 1.5, 11, 0, in.readLine(), 0.5
12, 22125, -2.0, 1.0, -0.5, 2.0, 9, 1, in.getLines().add(in.readLine()), 0.5
12, 22126, -2.0, 1.0, -0.5, 2.5, 11, 0, in.readLine(), 1.5
12, 22127, -2.0, 1.0, -0.5, 3.0, 11, 4, in.readLine(), 2.0
12, 22128, -2.0, 1.0, -0.5, 3.5, 21, 0, new Task12().getLines(in).add(in.readLine()), 5.5
12, 22129, -2.0, 1.0, -0.5, 4.0, 21, 0, new Task12().getLines(in).add(in.readLine()), 7.5
12, 22130, -2.0, 1.0, -0.5, 4.5, 21, 0, new Task12().getLines(in).add(in.readLine()), 9.5
12, 22131, -2.0, 1.0, -0.5, 5.0, 21, 0, new Task12().getLines(in).add(in.readLine()), 11.5
12, 22132, -2.0, 1.0, 0.0, 0.0, 14, 0, readLine(), 0.0
12, 22133, -2.0, 1.0, 0.0, 0.5, 14, 0, readLine(), 0.0
12, 22134, -2.0, 1.0, 0.0, 1.0, 14, 0, readLine(), 0.0
12, 22135, -2.0, 1.0, 0.0, 1.5, 11, 0, in.readLine(), 0.5
12, 22136, -2.0, 1.0, 0.0, 2.0, 11, 1, in.readLine(), 1.0
12, 22137, -2.0, 1.0, 0.0, 2.5, 21, 0, new Task12().getLines(in).add(in.readLine()), 3.0
12, 22138, -2.0, 1.0, 0.0, 3.0, 21, 0, new Task12().getLines(in).add(in.readLine()), 5.0
12, 22139, -2.0, 1.0, 0.0, 3.5, 21, 0, new Task12().getLines(in).add(in.readLine()), 7.0
12, 22140, -2.0, 1.0, 0.0, 4.0, 21, 0, new Task12().getLines(in).add(in.readLine()), 9.0
12, 22141, -2.0, 1.0, 0.0, 4.5, 21, 0, new Task12().getLines(in).add(in.readLine()), 11.0
12, 22142, -2.0, 1.0, 0.0, 5.0, 21, 0, new Task12().getLines(in).add(in.readLine()), 13.0
12, 22143, -1.5, 1.0, -5.0, 0.0, 11, 8, Long.decode(readLine()), -6.0
12, 22144, -1.5, 1.0, -5.0, 0.5, 11, 0, in.readLine(), 0.5
12, 22145, -1.5, 1.0, -5.0, 1.0, 9, 7, Byte.decode(in.readLine()), -5.5
12, 22146, -1.5, 1.0, -5.0, 1.5, 0, 0, lines.add(in.readLine()), 2.0
12, 22147, -1.5, 1.0, -5.0, 2.0, 0, 0, lines.add(in.readLine()), 3.0
12, 22148, -1.5, 1.0, -5.0, 2.5, 0, 0, lines.add(in.readLine()), 4.0
12, 22149, -1.5, 1.0, -5.0, 3.0, 0, 0, lines.add(in.readLine()), 5.0
12, 22150, -1.5, 1.0, -5.0, 3.5, 0, 0, lines.add(in.readLine()), 6.0
12, 22151, -1.5, 1.0, -5.0, 4.0, 0, 0, lines.add(in.readLine()), 7.0
12, 22152, -1.5, 1.0, -5.0, 4.5, 0, 0, lines.add(in.readLine()), 8.0
12, 22153, -1.5, 1.0, -5.0, 5.0, 0, 0, lines.add(in.readLine()), 9.0
12, 22154, -1.5, 1.0, -4.5, 0.0, 11, 8, Long.decode(readLine()), -5.5
12, 22155, -1.5, 1.0, -4.5, 0.5, 11, 0, in.readLine(), 0.5
12, 22156, -1.5, 1.0, -4.5, 1.0, 9, 7, Byte.decode(in.readLine()), -5.0
12, 22157, -1.5, 1.0, -4.5, 1.5, 0, 0, lines.add(in.readLine()), 2.0
12, 22158, -1.5, 1.0, -4.5, 2.0, 0, 0, lines.add(in.readLine()), 3.0
12, 22159, -1.5, 1.0, -4.5, 2.5, 0, 0, lines.add(in.readLine()), 4.0
12, 22160, -1.5, 1.0, -4.5, 3.0, 0, 0, lines.add(in.readLine()), 5.0
12, 22161, -1.5, 1.0, -4.5, 3.5, 0, 0, lines.add(in.readLine()), 6.0
12, 22162, -1.5, 1.0, -4.5, 4.0, 0, 0, lines.add(in.readLine()), 7.0
12, 22163, -1.5, 1.0, -4.5, 4.5, 0, 0, lines.add(in.readLine()), 8.0
12, 22164, -1.5, 1.0, -4.5, 5.0, 0, 0, lines.add(in.readLine()), 9.0
12, 22165, -1.5, 1.0, -4.0, 0.0, 11, 8, Long.decode(readLine()), -5.0
12, 22166, -1.5, 1.0, -4.0, 0.5, 11, 0, in.readLine(), 0.5
12, 22167, -1.5, 1.0, -4.0, 1.0, 9, 7, Byte.decode(in.readLine()), -4.5
12, 22168, -1.5, 1.0, -4.0, 1.5, 0, 0, lines.add(in.readLine()), 2.0
12, 22169, -1.5, 1.0, -4.0, 2.0, 0, 0, lines.add(in.readLine()), 3.0
12, 22170, -1.5, 1.0, -4.0, 2.5, 0, 0, lines.add(in.readLine()), 4.0
12, 22171, -1.5, 1.0, -4.0, 3.0, 0, 0, lines.add(in.readLine()), 5.0
12, 22172, -1.5, 1.0, -4.0, 3.5, 0, 0, lines.add(in.readLine()), 6.0
12, 22173, -1.5, 1.0, -4.0, 4.0, 0, 0, lines.add(in.readLine()), 7.0
12, 22174, -1.5, 1.0, -4.0, 4.5, 0, 0, lines.add(in.readLine()), 8.0
12, 22175, -1.5, 1.0, -4.0, 5.0, 9, 0, in.getLines().add(in.readLine()), 8.5
12, 22176, -1.5, 1.0, -3.5, 0.0, 11, 8, Long.decode(readLine()), -4.5
12, 22177, -1.5, 1.0, -3.5, 0.5, 11, 0, in.readLine(), 0.5
12, 22178, -1.5, 1.0, -3.5, 1.0, 9, 7, Byte.decode(in.readLine()), -4.0
12, 22179, -1.5, 1.0, -3.5, 1.5, 0, 0, lines.add(in.readLine()), 2.0
12, 22180, -1.5, 1.0, -3.5, 2.0, 0, 0, lines.add(in.readLine()), 3.0
12, 22181, -1.5, 1.0, -3.5, 2.5, 0, 0, lines.add(in.readLine()), 4.0
12, 22182, -1.5, 1.0, -3.5, 3.0, 0, 0, lines.add(in.readLine()), 5.0
12, 22183, -1.5, 1.0, -3.5, 3.5, 0, 0, lines.add(in.readLine()), 6.0
12, 22184, -1.5, 1.0, -3.5, 4.0, 0, 0, lines.add(in.readLine()), 7.0
12, 22185, -1.5, 1.0, -3.5, 4.5, 9, 0, in.getLines().add(in.readLine()), 7.5
12, 22186, -1.5, 1.0, -3.5, 5.0, 9, 0, in.getLines().add(in.readLine()), 9.0
12, 22187, -1.5, 1.0, -3.0, 0.0, 11, 8, Long.decode(readLine()), -4.0
12, 22188, -1.5, 1.0, -3.0, 0.5, 11, 0, in.readLine(), 0.5
12, 22189, -1.5, 1.0, -3.0, 1.0, 9, 7, Byte.decode(in.readLine()), -3.5
12, 22190, -1.5, 1.0, -3.0, 1.5, 0, 0, lines.add(in.readLine()), 2.0
12, 22191, -1.5, 1.0, -3.0, 2.0, 0, 0, lines.add(in.readLine()), 3.0
12, 22192, -1.5, 1.0, -3.0, 2.5, 0, 0, lines.add(in.readLine()), 4.0
12, 22193, -1.5, 1.0, -3.0, 3.0, 0, 0, lines.add(in.readLine()), 5.0
12, 22194, -1.5, 1.0, -3.0, 3.5, 0, 0, lines.add(in.readLine()), 6.0
12, 22195, -1.5, 1.0, -3.0, 4.0, 9, 0, in.getLines().add(in.readLine()), 6.5
12, 22196, -1.5, 1.0, -3.0, 4.5, 9, 0, in.getLines().add(in.readLine()), 8.0
12, 22197, -1.5, 1.0, -3.0, 5.0, 9, 0, in.getLines().add(in.readLine()), 9.5
12, 22198, -1.5, 1.0, -2.5, 0.0, 11, 8, Long.decode(readLine()), -3.5
12, 22199, -1.5, 1.0, -2.5, 0.5, 11, 0, in.readLine(), 0.5
12, 22200, -1.5, 1.0, -2.5, 1.0, 9, 7, Byte.decode(in.readLine()), -3.0
12, 22201, -1.5, 1.0, -2.5, 1.5, 0, 0, lines.add(in.readLine()), 2.0
12, 22202, -1.5, 1.0, -2.5, 2.0, 0, 0, lines.add(in.readLine()), 3.0
12, 22203, -1.5, 1.0, -2.5, 2.5, 0, 0, lines.add(in.readLine()), 4.0
12, 22204, -1.5, 1.0, -2.5, 3.0, 0, 0, lines.add(in.readLine()), 5.0
12, 22205, -1.5, 1.0, -2.5, 3.5, 9, 0, in.getLines().add(in.readLine()), 5.5
12, 22206, -1.5, 1.0, -2.5, 4.0, 9, 0, in.getLines().add(in.readLine()), 7.0
12, 22207, -1.5, 1.0, -2.5, 4.5, 9, 0, in.getLines().add(in.readLine()), 8.5
12, 22208, -1.5, 1.0, -2.5, 5.0, 11, 8, in.readLine(), 5.0
12, 22209, -1.5, 1.0, -2.0, 0.0, 11, 8, Long.decode(readLine()), -3.0
12, 22210, -1.5, 1.0, -2.0, 0.5, 11, 0, in.readLine(), 0.5
12, 22211, -1.5, 1.0, -2.0, 1.0, 9, 7, Byte.decode(in.readLine()), -2.5
12, 22212, -1.5, 1.0, -2.0, 1.5, 0, 0, lines.add(in.readLine()), 2.0
12, 22213, -1.5, 1.0, -2.0, 2.0, 0, 0, lines.add(in.readLine()), 3.0
12, 22214, -1.5, 1.0, -2.0, 2.5, 0, 0, lines.add(in.readLine()), 4.0
12, 22215, -1.5, 1.0, -2.0, 3.0, 9, 0, in.getLines().add(in.readLine()), 4.5
12, 22216, -1.5, 1.0, -2.0, 3.5, 9, 0, in.getLines().add(in.readLine()), 6.0
12, 22217, -1.5, 1.0, -2.0, 4.0, 9, 0, in.getLines().add(in.readLine()), 7.5
12, 22218, -1.5, 1.0, -2.0, 4.5, 11, 8, in.readLine(), 4.5
12, 22219, -1.5, 1.0, -2.0, 5.0, 21, 1, new Task12().getLines(in).add(in.readLine()), 10.0
12, 22220, -1.5, 1.0, -1.5, 0.0, 11, 8, Long.decode(readLine()), -2.5
12, 22221, -1.5, 1.0, -1.5, 0.5, 11, 0, in.readLine(), 0.5
12, 22222, -1.5, 1.0, -1.5, 1.0, 9, 7, Byte.decode(in.readLine()), -2.0
12, 22223, -1.5, 1.0, -1.5, 1.5, 0, 0, lines.add(in.readLine()), 2.0
12, 22224, -1.5, 1.0, -1.5, 2.0, 0, 0, lines.add(in.readLine()), 3.0
12, 22225, -1.5, 1.0, -1.5, 2.5, 9, 0, in.getLines().add(in.readLine()), 3.5
12, 22226, -1.5, 1.0, -1.5, 3.0, 9, 0, in.getLines().add(in.readLine()), 5.0
12, 22227, -1.5, 1.0, -1.5, 3.5, 11, 1, in.readLine(), 3.5
12, 22228, -1.5, 1.0, -1.5, 4.0, 11, 8, in.readLine(), 4.0
12, 22229, -1.5, 1.0, -1.5, 4.5, 21, 0, new Task12().getLines(in).add(in.readLine()), 9.5
12, 22230, -1.5, 1.0, -1.5, 5.0, 21, 0, new Task12().getLines(in).add(in.readLine()), 11.5
12, 22231, -1.5, 1.0, -1.0, 0.0, 11, 8, Long.decode(readLine()), -2.0
12, 22232, -1.5, 1.0, -1.0, 0.5, 11, 0, in.readLine(), 0.5
12, 22233, -1.5, 1.0, -1.0, 1.0, 9, 7, Byte.decode(in.readLine()), -1.5
12, 22234, -1.5, 1.0, -1.0, 1.5, 0, 0, lines.add(in.readLine()), 2.0
12, 22235, -1.5, 1.0, -1.0, 2.0, 9, 0, in.getLines().add(in.readLine()), 2.5
12, 22236, -1.5, 1.0, -1.0, 2.5, 9, 0, in.getLines().add(in.readLine()), 4.0
12, 22237, -1.5, 1.0, -1.0, 3.0, 11, 3, in.readLine(), 3.0
12, 22238, -1.5, 1.0, -1.0, 3.5, 11, 8, in.readLine(), 3.5
12, 22239, -1.5, 1.0, -1.0, 4.0, 21, 0, new Task12().getLines(in).add(in.readLine()), 9.0
12, 22240, -1.5, 1.0, -1.0, 4.5, 21, 0, new Task12().getLines(in).add(in.readLine()), 11.0
12, 22241, -1.5, 1.0, -1.0, 5.0, 21, 0, new Task12().getLines(in).add(in.readLine()), 13.0
12, 22242, -1.5, 1.0, -0.5, 0.0, 11, 8, Long.decode(readLine()), -1.5
12, 22243, -1.5, 1.0, -0.5, 0.5, 11, 0, in.readLine(), 0.5
12, 22244, -1.5, 1.0, -0.5, 1.0, 9, 7, Byte.decode(in.readLine()), -1.0
12, 22245, -1.5, 1.0, -0.5, 1.5, 9, 2, in.getLines().add(in.readLine()), 1.5
12, 22246, -1.5, 1.0, -0.5, 2.0, 11, 1, in.readLine(), 2.0
12, 22247, -1.5, 1.0, -0.5, 2.5, 11, 6, in.readLine(), 2.5
12, 22248, -1.5, 1.0, -0.5, 3.0, 21, 0, new Task12().getLines(in).add(in.readLine()), 6.5
12, 22249, -1.5, 1.0, -0.5, 3.5, 21, 0, new Task12().getLines(in).add(in.readLine()), 8.5
12, 22250, -1.5, 1.0, -0.5, 4.0, 21, 0, new Task12().getLines(in).add(in.readLine()), 10.5
12, 22251, -1.5, 1.0, -0.5, 4.5, 21, 0, new Task12().getLines(in).add(in.readLine()), 12.5
12, 22252, -1.5, 1.0, -0.5, 5.0, 21, 0, new Task12().getLines(in).add(in.readLine()), 14.5
12, 22253, -1.5, 1.0, 0.0, 0.0, 14, 0, readLine(), 0.5
12, 22254, -1.5, 1.0, 0.0, 0.5, 11, 0, in.readLine(), 0.5
12, 22255, -1.5, 1.0, 0.0, 1.0, 9, 4, in.getLines().add(in.readLine()), 0.5
12, 22256, -1.5, 1.0, 0.0, 1.5, 11, 3, in.readLine(), 1.5
12, 22257, -1.5, 1.0, 0.0, 2.0, 21, 0, new Task12().getLines(in).add(in.readLine()), 4.0
12, 22258, -1.5, 1.0, 0.0, 2.5, 21, 0, new Task12().getLines(in).add(in.readLine()), 6.0
12, 22259, -1.5, 1.0, 0.0, 3.0, 21, 0, new Task12().getLines(in).add(in.readLine()), 8.0
12, 22260, -1.5, 1.0, 0.0, 3.5, 21, 0, new Task12().getLines(in).add(in.readLine()), 10.0
12, 22261, -1.5, 1.0, 0.0, 4.0, 21, 0, new Task12().getLines(in).add(in.readLine()), 12.0
12, 22262, -1.5, 1.0, 0.0, 4.5, 21, 0, new Task12().getLines(in).add(in.readLine()), 14.0
12, 22263, -1.5, 1.0, 0.0, 5.0, 21, 0, new Task12().getLines(in).add(in.readLine()), 16.0
12, 22264, -1.0, 1.0, -5.0, 0.0, 11, 0, in.readLine(), 1.0
12, 22265, -1.0, 1.0, -5.0, 0.5, 0, 0, lines.add(in.readLine()), 2.0
12, 22266, -1.0, 1.0, -5.0, 1.0, 0, 0, lines.add(in.readLine()), 3.0
12, 22267, -1.0, 1.0, -5.0, 1.5, 0, 0, lines.add(in.readLine()), 4.0
12, 22268, -1.0, 1.0, -5.0, 2.0, 0, 0, lines.add(in.readLine()), 5.0
12, 22269, -1.0, 1.0, -5.0, 2.5, 0, 0, lines.add(in.readLine()), 6.0
12, 22270, -1.0, 1.0, -5.0, 3.0, 0, 0, lines.add(in.readLine()), 7.0
12, 22271, -1.0, 1.0, -5.0, 3.5, 0, 0, lines.add(in.readLine()), 8.0
12, 22272, -1.0, 1.0, -5.0, 4.0, 0, 0, lines.add(in.readLine()), 9.0
12, 22273, -1.0, 1.0, -5.0, 4.5, 0, 1, lines.add(in.readLine()), 10.0
12, 22274, -1.0, 1.0, -5.0, 5.0, 0, 1, lines.add(in.readLine()), 11.0
12, 22275, -1.0, 1.0, -4.5, 0.0, 11, 0, in.readLine(), 1.0
12, 22276, -1.0, 1.0, -4.5, 0.5, 0, 0, lines.add(in.readLine()), 2.0
12, 22277, -1.0, 1.0, -4.5, 1.0, 0, 0, lines.add(in.readLine()), 3.0
12, 22278, -1.0, 1.0, -4.5, 1.5, 0, 0, lines.add(in.readLine()), 4.0
12, 22279, -1.0, 1.0, -4.5, 2.0, 0, 0, lines.add(in.readLine()), 5.0
12, 22280, -1.0, 1.0, -4.5, 2.5, 0, 0, lines.add(in.readLine()), 6.0
12, 22281, -1.0, 1.0, -4.5, 3.0, 0, 0, lines.add(in.readLine()), 7.0
12, 22282, -1.0, 1.0, -4.5, 3.5, 0, 0, lines.add(in.readLine()), 8.0
12, 22283, -1.0, 1.0, -4.5, 4.0, 0, 0, lines.add(in.readLine()), 9.0
12, 22284, -1.0, 1.0, -4.5, 4.5, 0, 1, lines.add(in.readLine()), 10.0
12, 22285, -1.0, 1.0, -4.5, 5.0, 9, 1, in.getLines().add(in.readLine()), 10.5
12, 22286, -1.0, 1.0, -4.0, 0.0, 11, 0, in.readLine(), 1.0
12, 22287, -1.0, 1.0, -4.0, 0.5, 0, 0, lines.add(in.readLine()), 2.0
12, 22288, -1.0, 1.0, -4.0, 1.0, 0, 0, lines.add(in.readLine()), 3.0
12, 22289, -1.0, 1.0, -4.0, 1.5, 0, 0, lines.add(in.readLine()), 4.0
12, 22290, -1.0, 1.0, -4.0, 2.0, 0, 0, lines.add(in.readLine()), 5.0
12, 22291, -1.0, 1.0, -4.0, 2.5, 0, 0, lines.add(in.readLine()), 6.0
12, 22292, -1.0, 1.0, -4.0, 3.0, 0, 0, lines.add(in.readLine()), 7.0
12, 22293, -1.0, 1.0, -4.0, 3.5, 0, 0, lines.add(in.readLine()), 8.0
12, 22294, -1.0, 1.0, -4.0, 4.0, 0, 0, lines.add(in.readLine()), 9.0
12, 22295, -1.0, 1.0, -4.0, 4.5, 9, 1, in.getLines().add(in.readLine()), 9.5
12, 22296, -1.0, 1.0, -4.0, 5.0, 9, 1, in.getLines().add(in.readLine()), 11.0
12, 22297, -1.0, 1.0, -3.5, 0.0, 11, 0, in.readLine(), 1.0
12, 22298, -1.0, 1.0, -3.5, 0.5, 0, 0, lines.add(in.readLine()), 2.0
12, 22299, -1.0, 1.0, -3.5, 1.0, 0, 0, lines.add(in.readLine()), 3.0
12, 22300, -1.0, 1.0, -3.5, 1.5, 0, 0, lines.add(in.readLine()), 4.0
12, 22301, -1.0, 1.0, -3.5, 2.0, 0, 0, lines.add(in.readLine()), 5.0
12, 22302, -1.0, 1.0, -3.5, 2.5, 0, 0, lines.add(in.readLine()), 6.0
12, 22303, -1.0, 1.0, -3.5, 3.0, 0, 0, lines.add(in.readLine()), 7.0
12, 22304, -1.0, 1.0, -3.5, 3.5, 0, 0, lines.add(in.readLine()), 8.0
12, 22305, -1.0, 1.0, -3.5, 4.0, 9, 1, in.getLines().add(in.readLine()), 8.5
12, 22306, -1.0, 1.0, -3.5, 4.5, 9, 1, in.getLines().add(in.readLine()), 10.0
12, 22307, -1.0, 1.0, -3.5, 5.0, 9, 1, in.getLines().add(in.readLine()), 11.5
12, 22308, -1.0, 1.0, -3.0, 0.0, 11, 0, in.readLine(), 1.0
12, 22309, -1.0, 1.0, -3.0, 0.5, 0, 0, lines.add(in.readLine()), 2.0
12, 22310, -1.0, 1.0, -3.0, 1.0, 0, 0, lines.add(in.readLine()), 3.0
12, 22311, -1.0, 1.0, -3.0, 1.5, 0, 0, lines.add(in.readLine()), 4.0
12, 22312, -1.0, 1.0, -3.0, 2.0, 0, 0, lines.add(in.readLine()), 5.0
12, 22313, -1.0, 1.0, -3.0, 2.5, 0, 0, lines.add(in.readLine()), 6.0
12, 22314, -1.0, 1.0, -3.0, 3.0, 0, 0, lines.add(in.readLine()), 7.0
12, 22315, -1.0, 1.0, -3.0, 3.5, 9, 0, in.getLines().add(in.readLine()), 7.5
12, 22316, -1.0, 1.0, -3.0, 4.0, 9, 1, in.getLines().add(in.readLine()), 9.0
12, 22317, -1.0, 1.0, -3.0, 4.5, 9, 1, in.getLines().add(in.readLine()), 10.5
12, 22318, -1.0, 1.0, -3.0, 5.0, 9, 2, in.getLines().add(in.readLine()), 12.0
12, 22319, -1.0, 1.0, -2.5, 0.0, 11, 0, in.readLine(), 1.0
12, 22320, -1.0, 1.0, -2.5, 0.5, 0, 0, lines.add(in.readLine()), 2.0
12, 22321, -1.0, 1.0, -2.5, 1.0, 0, 0, lines.add(in.readLine()), 3.0
12, 22322, -1.0, 1.0, -2.5, 1.5, 0, 0, lines.add(in.readLine()), 4.0
12, 22323, -1.0, 1.0, -2.5, 2.0, 0, 0, lines.add(in.readLine()), 5.0
12, 22324, -1.0, 1.0, -2.5, 2.5, 0, 0, lines.add(in.readLine()), 6.0
12, 22325, -1.0, 1.0, -2.5, 3.0, 9, 0, in.getLines().add(in.readLine()), 6.5
12, 22326, -1.0, 1.0, -2.5, 3.5, 9, 0, in.getLines().add(in.readLine()), 8.0
12, 22327, -1.0, 1.0, -2.5, 4.0, 9, 1, in.getLines().add(in.readLine()), 9.5
12, 22328, -1.0, 1.0, -2.5, 4.5, 21, 3, new Task12().getLines(in).add(in.readLine()), 9.5
12, 22329, -1.0, 1.0, -2.5, 5.0, 21, 3, new Task12().getLines(in).add(in.readLine()), 11.5
12, 22330, -1.0, 1.0, -2.0, 0.0, 11, 0, in.readLine(), 1.0
12, 22331, -1.0, 1.0, -2.0, 0.5, 0, 0, lines.add(in.readLine()), 2.0
12, 22332, -1.0, 1.0, -2.0, 1.0, 0, 0, lines.add(in.readLine()), 3.0
12, 22333, -1.0, 1.0, -2.0, 1.5, 0, 0, lines.add(in.readLine()), 4.0
12, 22334, -1.0, 1.0, -2.0, 2.0, 0, 0, lines.add(in.readLine()), 5.0
12, 22335, -1.0, 1.0, -2.0, 2.5, 9, 0, in.getLines().add(in.readLine()), 5.5
12, 22336, -1.0, 1.0, -2.0, 3.0, 9, 0, in.getLines().add(in.readLine()), 7.0
12, 22337, -1.0, 1.0, -2.0, 3.5, 9, 0, in.getLines().add(in.readLine()), 8.5
12, 22338, -1.0, 1.0, -2.0, 4.0, 21, 2, new Task12().getLines(in).add(in.readLine()), 9.0
12, 22339, -1.0, 1.0, -2.0, 4.5, 21, 2, new Task12().getLines(in).add(in.readLine()), 11.0
12, 22340, -1.0, 1.0, -2.0, 5.0, 21, 3, new Task12().getLines(in).add(in.readLine()), 13.0
12, 22341, -1.0, 1.0, -1.5, 0.0, 11, 0, in.readLine(), 1.0
12, 22342, -1.0, 1.0, -1.5, 0.5, 0, 0, lines.add(in.readLine()), 2.0
12, 22343, -1.0, 1.0, -1.5, 1.0, 0, 0, lines.add(in.readLine()), 3.0
12, 22344, -1.0, 1.0, -1.5, 1.5, 0, 0, lines.add(in.readLine()), 4.0
12, 22345, -1.0, 1.0, -1.5, 2.0, 9, 0, in.getLines().add(in.readLine()), 4.5
12, 22346, -1.0, 1.0, -1.5, 2.5, 9, 0, in.getLines().add(in.readLine()), 6.0
12, 22347, -1.0, 1.0, -1.5, 3.0, 11, 6, in.readLine(), 4.0
12, 22348, -1.0, 1.0, -1.5, 3.5, 21, 1, new Task12().getLines(in).add(in.readLine()), 8.5
12, 22349, -1.0, 1.0, -1.5, 4.0, 21, 1, new Task12().getLines(in).add(in.readLine()), 10.5
12, 22350, -1.0, 1.0, -1.5, 4.5, 21, 2, new Task12().getLines(in).add(in.readLine()), 12.5
12, 22351, -1.0, 1.0, -1.5, 5.0, 21, 2, new Task12().getLines(in).add(in.readLine()), 14.5
12, 22352, -1.0, 1.0, -1.0, 0.0, 11, 0, in.readLine(), 1.0
12, 22353, -1.0, 1.0, -1.0, 0.5, 0, 0, lines.add(in.readLine()), 2.0
12, 22354, -1.0, 1.0, -1.0, 1.0, 0, 0, lines.add(in.readLine()), 3.0
12, 22355, -1.0, 1.0, -1.0, 1.5, 9, 0, in.getLines().add(in.readLine()), 3.5
12, 22356, -1.0, 1.0, -1.0, 2.0, 9, 0, in.getLines().add(in.readLine()), 5.0
12, 22357, -1.0, 1.0, -1.0, 2.5, 11, 7, in.readLine(), 3.5
12, 22358, -1.0, 1.0, -1.0, 3.0, 21, 0, new Task12().getLines(in).add(in.readLine()), 8.0
12, 22359, -1.0, 1.0, -1.0, 3.5, 21, 1, new Task12().getLines(in).add(in.readLine()), 10.0
12, 22360, -1.0, 1.0, -1.0, 4.0, 21, 1, new Task12().getLines(in).add(in.readLine()), 12.0
12, 22361, -1.0, 1.0, -1.0, 4.5, 21, 1, new Task12().getLines(in).add(in.readLine()), 14.0
12, 22362, -1.0, 1.0, -1.0, 5.0, 21, 2, new Task12().getLines(in).add(in.readLine()), 16.0
12, 22363, -1.0, 1.0, -0.5, 0.0, 11, 0, in.readLine(), 1.0
12, 22364, -1.0, 1.0, -0.5, 0.5, 0, 0, lines.add(in.readLine()), 2.0
12, 22365, -1.0, 1.0, -0.5, 1.0, 9, 5, lines.add(readLine()).add(), 1.0
12, 22366, -1.0, 1.0, -0.5, 1.5, 11, 1, in.readLine(), 2.5
12, 22367, -1.0, 1.0, -0.5, 2.0, 11, 9, in.readLine(), 3.0
12, 22368, -1.0, 1.0, -0.5, 2.5, 21, 0, new Task12().getLines(in).add(in.readLine()), 7.5
12, 22369, -1.0, 1.0, -0.5, 3.0, 21, 0, new Task12().getLines(in).add(in.readLine()), 9.5
12, 22370, -1.0, 1.0, -0.5, 3.5, 21, 1, new Task12().getLines(in).add(in.readLine()), 11.5
12, 22371, -1.0, 1.0, -0.5, 4.0, 21, 1, new Task12().getLines(in).add(in.readLine()), 13.5
12, 22372, -1.0, 1.0, -0.5, 4.5, 21, 1, new Task12().getLines(in).add(in.readLine()), 15.5
12, 22373, -1.0, 1.0, -0.5, 5.0, 21, 1, new Task12().getLines(in).add(in.readLine()), 17.5
12, 22374, -1.0, 1.0, 0.0, 0.0, 11, 1, in.readLine(), 1.0
12, 22375, -1.0, 1.0, 0.0, 0.5, 11, 1, in.readLine(), 1.5
12, 22376, -1.0, 1.0, 0.0, 1.0, 11, 4, in.readLine(), 2.0
12, 22377, -1.0, 1.0, 0.0, 1.5, 21, 0, new Task12().getLines(in).add(in.readLine()), 5.0
12, 22378, -1.0, 1.0, 0.0, 2.0, 21, 0, new Task12().getLines(in).add(in.readLine()), 7.0
12, 22379, -1.0, 1.0, 0.0, 2.5, 21, 0, new Task12().getLines(in).add(in.readLine()), 9.0
12, 22380, -1.0, 1.0, 0.0, 3.0, 21, 0, new Task12().getLines(in).add(in.readLine()), 11.0
12, 22381, -1.0, 1.0, 0.0, 3.5, 21, 1, new Task12().getLines(in).add(in.readLine()), 13.0
12, 22382, -1.0, 1.0, 0.0, 4.0, 21, 1, new Task12().getLines(in).add(in.readLine()), 15.0
12, 22383, -1.0, 1.0, 0.0, 4.5, 21, 1, new Task12().getLines(in).add(in.readLine()), 17.0
12, 22384, -1.0, 1.0, 0.0, 5.0, 21, 1, new Task12().getLines(in).add(in.readLine()), 19.0
12, 22385, -0.5, 1.0, -5.0, 0.0, 0, 0, lines.add(in.readLine()), 3.0
12, 22386, -0.5, 1.0, -5.0, 0.5, 0, 0, lines.add(in.readLine()), 4.0
12, 22387, -0.5, 1.0, -5.0, 1.0, 0, 0, lines.add(in.readLine()), 5.0
12, 22388, -0.5, 1.0, -5.0, 1.5, 0, 0, lines.add(in.readLine()), 6.0
12, 22389, -0.5, 1.0, -5.0, 2.0, 0, 0, lines.add(in.readLine()), 7.0
12, 22390, -0.5, 1.0, -5.0, 2.5, 0, 0, lines.add(in.readLine()), 8.0
12, 22391, -0.5, 1.0, -5.0, 3.0, 0, 0, lines.add(in.readLine()), 9.0
12, 22392, -0.5, 1.0, -5.0, 3.5, 0, 1, lines.add(in.readLine()), 10.0
12, 22393, -0.5, 1.0, -5.0, 4.0, 0, 1, lines.add(in.readLine()), 11.0
12, 22394, -0.5, 1.0, -5.0, 4.5, 0, 1, lines.add(in.readLine()), 12.0
12, 22395, -0.5, 1.0, -5.0, 5.0, 9, 3, in.getLines().add(in.readLine()), 12.5
12, 22396, -0.5, 1.0, -4.5, 0.0, 0, 0, lines.add(in.readLine()), 3.0
12, 22397, -0.5, 1.0, -4.5, 0.5, 0, 0, lines.add(in.readLine()), 4.0
12, 22398, -0.5, 1.0, -4.5, 1.0, 0, 0, lines.add(in.readLine()), 5.0
12, 22399, -0.5, 1.0, -4.5, 1.5, 0, 0, lines.add(in.readLine()), 6.0
12, 22400, -0.5, 1.0, -4.5, 2.0, 0, 0, lines.add(in.readLine()), 7.0
12, 22401, -0.5, 1.0, -4.5, 2.5, 0, 0, lines.add(in.readLine()), 8.0
12, 22402, -0.5, 1.0, -4.5, 3.0, 0, 1, lines.add(in.readLine()), 9.0
12, 22403, -0.5, 1.0, -4.5, 3.5, 0, 1, lines.add(in.readLine()), 10.0
12, 22404, -0.5, 1.0, -4.5, 4.0, 0, 1, lines.add(in.readLine()), 11.0
12, 22405, -0.5, 1.0, -4.5, 4.5, 9, 3, in.getLines().add(in.readLine()), 11.5
12, 22406, -0.5, 1.0, -4.5, 5.0, 9, 3, in.getLines().add(in.readLine()), 13.0
12, 22407, -0.5, 1.0, -4.0, 0.0, 0, 0, lines.add(in.readLine()), 3.0
12, 22408, -0.5, 1.0, -4.0, 0.5, 0, 0, lines.add(in.readLine()), 4.0
12, 22409, -0.5, 1.0, -4.0, 1.0, 0, 0, lines.add(in.readLine()), 5.0
12, 22410, -0.5, 1.0, -4.0, 1.5, 0, 0, lines.add(in.readLine()), 6.0
12, 22411, -0.5, 1.0, -4.0, 2.0, 0, 0, lines.add(in.readLine()), 7.0
12, 22412, -0.5, 1.0, -4.0, 2.5, 0, 0, lines.add(in.readLine()), 8.0
12, 22413, -0.5, 1.0, -4.0, 3.0, 0, 1, lines.add(in.readLine()), 9.0
12, 22414, -0.5, 1.0, -4.0, 3.5, 0, 1, lines.add(in.readLine()), 10.0
12, 22415, -0.5, 1.0, -4.0, 4.0, 9, 3, in.getLines().add(in.readLine()), 10.5
12, 22416, -0.5, 1.0, -4.0, 4.5, 9, 3, in.getLines().add(in.readLine()), 12.0
12, 22417, -0.5, 1.0, -4.0, 5.0, 9, 3, in.getLines().add(in.readLine()), 13.5
12, 22418, -0.5, 1.0, -3.5, 0.0, 0, 0, lines.add(in.readLine()), 3.0
12, 22419, -0.5, 1.0, -3.5, 0.5, 0, 0, lines.add(in.readLine()), 4.0
12, 22420, -0.5, 1.0, -3.5, 1.0, 0, 0, lines.add(in.readLine()), 5.0
12, 22421, -0.5, 1.0, -3.5, 1.5, 0, 0, lines.add(in.readLine()), 6.0
12, 22422, -0.5, 1.0, -3.5, 2.0, 0, 0, lines.add(in.readLine()), 7.0
12, 22423, -0.5, 1.0, -3.5, 2.5, 0, 0, lines.add(in.readLine()), 8.0
12, 22424, -0.5, 1.0, -3.5, 3.0, 0, 1, lines.add(in.readLine()), 9.0
12, 22425, -0.5, 1.0, -3.5, 3.5, 9, 2, in.getLines().add(in.readLine()), 9.5
12, 22426, -0.5, 1.0, -3.5, 4.0, 9, 3, in.getLines().add(in.readLine()), 11.0
12, 22427, -0.5, 1.0, -3.5, 4.5, 9, 3, in.getLines().add(in.readLine()), 12.5
12, 22428, -0.5, 1.0, -3.5, 5.0, 9, 3, in.getLines().add(in.readLine()), 14.0
12, 22429, -0.5, 1.0, -3.0, 0.0, 0, 0, lines.add(in.readLine()), 3.0
12, 22430, -0.5, 1.0, -3.0, 0.5, 0, 0, lines.add(in.readLine()), 4.0
12, 22431, -0.5, 1.0, -3.0, 1.0, 0, 0, lines.add(in.readLine()), 5.0
12, 22432, -0.5, 1.0, -3.0, 1.5, 0, 0, lines.add(in.readLine()), 6.0
12, 22433, -0.5, 1.0, -3.0, 2.0, 0, 0, lines.add(in.readLine()), 7.0
12, 22434, -0.5, 1.0, -3.0, 2.5, 0, 1, lines.add(in.readLine()), 8.0
12, 22435, -0.5, 1.0, -3.0, 3.0, 9, 1, in.getLines().add(in.readLine()), 8.5
12, 22436, -0.5, 1.0, -3.0, 3.5, 9, 2, in.getLines().add(in.readLine()), 10.0
12, 22437, -0.5, 1.0, -3.0, 4.0, 9, 3, in.getLines().add(in.readLine()), 11.5
12, 22438, -0.5, 1.0, -3.0, 4.5, 9, 3, in.getLines().add(in.readLine()), 13.0
12, 22439, -0.5, 1.0, -3.0, 5.0, 21, 4, new Task12().getLines(in).add(in.readLine()), 13.0
12, 22440, -0.5, 1.0, -2.5, 0.0, 0, 0, lines.add(in.readLine()), 3.0
12, 22441, -0.5, 1.0, -2.5, 0.5, 0, 0, lines.add(in.readLine()), 4.0
12, 22442, -0.5, 1.0, -2.5, 1.0, 0, 0, lines.add(in.readLine()), 5.0
12, 22443, -0.5, 1.0, -2.5, 1.5, 0, 0, lines.add(in.readLine()), 6.0
12, 22444, -0.5, 1.0, -2.5, 2.0, 0, 0, lines.add(in.readLine()), 7.0
12, 22445, -0.5, 1.0, -2.5, 2.5, 9, 1, in.getLines().add(in.readLine()), 7.5
12, 22446, -0.5, 1.0, -2.5, 3.0, 9, 2, in.getLines().add(in.readLine()), 9.0
12, 22447, -0.5, 1.0, -2.5, 3.5, 9, 2, in.getLines().add(in.readLine()), 10.5
12, 22448, -0.5, 1.0, -2.5, 4.0, 21, 4, new Task12().getLines(in).add(in.readLine()), 10.5
12, 22449, -0.5, 1.0, -2.5, 4.5, 21, 4, new Task12().getLines(in).add(in.readLine()), 12.5
12, 22450, -0.5, 1.0, -2.5, 5.0, 21, 4, new Task12().getLines(in).add(in.readLine()), 14.5
12, 22451, -0.5, 1.0, -2.0, 0.0, 0, 0, lines.add(in.readLine()), 3.0
12, 22452, -0.5, 1.0, -2.0, 0.5, 0, 0, lines.add(in.readLine()), 4.0
12, 22453, -0.5, 1.0, -2.0, 1.0, 0, 0, lines.add(in.readLine()), 5.0
12, 22454, -0.5, 1.0, -2.0, 1.5, 0, 0, lines.add(in.readLine()), 6.0
12, 22455, -0.5, 1.0, -2.0, 2.0, 9, 1, in.getLines().add(in.readLine()), 6.5
12, 22456, -0.5, 1.0, -2.0, 2.5, 9, 0, in.getLines().add(in.readLine()), 8.0
12, 22457, -0.5, 1.0, -2.0, 3.0, 9, 2, in.getLines().add(in.readLine()), 9.5
12, 22458, -0.5, 1.0, -2.0, 3.5, 21, 4, new Task12().getLines(in).add(in.readLine()), 10.0
12, 22459, -0.5, 1.0, -2.0, 4.0, 21, 4, new Task12().getLines(in).add(in.readLine()), 12.0
12, 22460, -0.5, 1.0, -2.0, 4.5, 21, 4, new Task12().getLines(in).add(in.readLine()), 14.0
12, 22461, -0.5, 1.0, -2.0, 5.0, 21, 4, new Task12().getLines(in).add(in.readLine()), 16.0
12, 22462, -0.5, 1.0, -1.5, 0.0, 0, 0, lines.add(in.readLine()), 3.0
12, 22463, -0.5, 1.0, -1.5, 0.5, 0, 0, lines.add(in.readLine()), 4.0
12, 22464, -0.5, 1.0, -1.5, 1.0, 0, 0, lines.add(in.readLine()), 5.0
12, 22465, -0.5, 1.0, -1.5, 1.5, 9, 0, in.getLines().add(in.readLine()), 5.5
12, 22466, -0.5, 1.0, -1.5, 2.0, 9, 1, in.getLines().add(in.readLine()), 7.0
12, 22467, -0.5, 1.0, -1.5, 2.5, 21, 2, new Task12().getLines(in).add(in.readLine()), 7.5
12, 22468, -0.5, 1.0, -1.5, 3.0, 21, 3, new Task12().getLines(in).add(in.readLine()), 9.5
12, 22469, -0.5, 1.0, -1.5, 3.5, 21, 3, new Task12().getLines(in).add(in.readLine()), 11.5
12, 22470, -0.5, 1.0, -1.5, 4.0, 21, 3, new Task12().getLines(in).add(in.readLine()), 13.5
12, 22471, -0.5, 1.0, -1.5, 4.5, 21, 3, new Task12().getLines(in).add(in.readLine()), 15.5
12, 22472, -0.5, 1.0, -1.5, 5.0, 21, 3, new Task12().getLines(in).add(in.readLine()), 17.5
12, 22473, -0.5, 1.0, -1.0, 0.0, 0, 0, lines.add(in.readLine()), 3.0
12, 22474, -0.5, 1.0, -1.0, 0.5, 0, 0, lines.add(in.readLine()), 4.0
12, 22475, -0.5, 1.0, -1.0, 1.0, 9, 0, in.getLines().add(in.readLine()), 4.5
12, 22476, -0.5, 1.0, -1.0, 1.5, 9, 0, in.getLines().add(in.readLine()), 6.0
12, 22477, -0.5, 1.0, -1.0, 2.0, 21, 2, new Task12().getLines(in).add(in.readLine()), 7.0
12, 22478, -0.5, 1.0, -1.0, 2.5, 21, 2, new Task12().getLines(in).add(in.readLine()), 9.0
12, 22479, -0.5, 1.0, -1.0, 3.0, 21, 2, new Task12().getLines(in).add(in.readLine()), 11.0
12, 22480, -0.5, 1.0, -1.0, 3.5, 21, 3, new Task12().getLines(in).add(in.readLine()), 13.0
12, 22481, -0.5, 1.0, -1.0, 4.0, 21, 3, new Task12().getLines(in).add(in.readLine()), 15.0
12, 22482, -0.5, 1.0, -1.0, 4.5, 21, 3, new Task12().getLines(in).add(in.readLine()), 17.0
12, 22483, -0.5, 1.0, -1.0, 5.0, 21, 3, new Task12().getLines(in).add(in.readLine()), 19.0
12, 22484, -0.5, 1.0, -0.5, 0.0, 0, 0, lines.add(in.readLine()), 3.0
12, 22485, -0.5, 1.0, -0.5, 0.5, 9, 3, lines.add(readLine()).add(), 2.5
12, 22486, -0.5, 1.0, -0.5, 1.0, 16, 7, lines.add(readLine()).put(in.readLine()), 3.5
12, 22487, -0.5, 1.0, -0.5, 1.5, 21, 0, new Task12().getLines(in).add(in.readLine()), 6.5
12, 22488, -0.5, 1.0, -0.5, 2.0, 21, 1, new Task12().getLines(in).add(in.readLine()), 8.5
12, 22489, -0.5, 1.0, -0.5, 2.5, 21, 2, new Task12().getLines(in).add(in.readLine()), 10.5
12, 22490, -0.5, 1.0, -0.5, 3.0, 21, 2, new Task12().getLines(in).add(in.readLine()), 12.5
12, 22491, -0.5, 1.0, -0.5, 3.5, 21, 3, new Task12().getLines(in).add(in.readLine()), 14.5
12, 22492, -0.5, 1.0, -0.5, 4.0, 21, 3, new Task12().getLines(in).add(in.readLine()), 16.5
12, 22493, -0.5, 1.0, -0.5, 4.5, 21, 3, new Task12().getLines(in).add(in.readLine()), 18.5
12, 22494, -0.5, 1.0, -0.5, 5.0, 21, 3, new Task12().getLines(in).add(in.readLine()), 20.5
12, 22495, -0.5, 1.0, 0.0, 0.0, 12, 0, in.getLines().add(readLine()), 3.0
12, 22496, -0.5, 1.0, 0.0, 0.5, 23, 3, in.readLine().equals(lines.addAll()), 3.5
12, 22497, -0.5, 1.0, 0.0, 1.0, 21, 0, new Task12().getLines(in).add(in.readLine()), 6.0
12, 22498, -0.5, 1.0, 0.0, 1.5, 21, 0, new Task12().getLines(in).add(in.readLine()), 8.0
12, 22499, -0.5, 1.0, 0.0, 2.0, 21, 1, new Task12().getLines(in).add(in.readLine()), 10.0
12, 22500, -0.5, 1.0, 0.0, 2.5, 21, 1, new Task12().getLines(in).add(in.readLine()), 12.0
12, 22501, -0.5, 1.0, 0.0, 3.0, 21, 2, new Task12().getLines(in).add(in.readLine()), 14.0
12, 22502, -0.5, 1.0, 0.0, 3.5, 21, 3, new Task12().getLines(in).add(in.readLine()), 16.0
12, 22503, -0.5, 1.0, 0.0, 4.0, 21, 3, new Task12().getLines(in).add(in.readLine()), 18.0
12, 22504, -0.5, 1.0, 0.0, 4.5, 21, 3, new Task12().getLines(in).add(in.readLine()), 20.0
12, 22505, -0.5, 1.0, 0.0, 5.0, 21, 3, new Task12().getLines(in).add(in.readLine()), 22.0
12, 22506, 0.0, 1.0, -5.0, 0.0, 0, 0, lines.add(in.readLine()), 5.0
12, 22507, 0.0, 1.0, -5.0, 0.5, 0, 0, lines.add(in.readLine()), 6.0
12, 22508, 0.0, 1.0, -5.0, 1.0, 0, 0, lines.add(in.readLine()), 7.0
12, 22509, 0.0, 1.0, -5.0, 1.5, 0, 0, lines.add(in.readLine()), 8.0
12, 22510, 0.0, 1.0, -5.0, 2.0, 0, 1, lines.add(in.readLine()), 9.0
12, 22511, 0.0, 1.0, -5.0, 2.5, 0, 1, lines.add(in.readLine()), 10.0
12, 22512, 0.0, 1.0, -5.0, 3.0, 0, 1, lines.add(in.readLine()), 11.0
12, 22513, 0.0, 1.0, -5.0, 3.5, 0, 2, lines.add(in.readLine()), 12.0
12, 22514, 0.0, 1.0, -5.0, 4.0, 0, 3, lines.add(in.readLine()), 13.0
12, 22515, 0.0, 1.0, -5.0, 4.5, 17, 3, in.getLines().add(lines.add(readLine())), 13.5
12, 22516, 0.0, 1.0, -5.0, 5.0, 17, 3, in.getLines().add(lines.add(readLine())), 15.0
12, 22517, 0.0, 1.0, -4.5, 0.0, 0, 0, lines.add(in.readLine()), 5.0
12, 22518, 0.0, 1.0, -4.5, 0.5, 0, 0, lines.add(in.readLine()), 6.0
12, 22519, 0.0, 1.0, -4.5, 1.0, 0, 0, lines.add(in.readLine()), 7.0
12, 22520, 0.0, 1.0, -4.5, 1.5, 0, 0, lines.add(in.readLine()), 8.0
12, 22521, 0.0, 1.0, -4.5, 2.0, 0, 1, lines.add(in.readLine()), 9.0
12, 22522, 0.0, 1.0, -4.5, 2.5, 0, 1, lines.add(in.readLine()), 10.0
12, 22523, 0.0, 1.0, -4.5, 3.0, 0, 2, lines.add(in.readLine()), 11.0
12, 22524, 0.0, 1.0, -4.5, 3.5, 0, 3, lines.add(in.readLine()), 12.0
12, 22525, 0.0, 1.0, -4.5, 4.0, 17, 3, in.getLines().add(lines.add(readLine())), 12.5
12, 22526, 0.0, 1.0, -4.5, 4.5, 17, 3, in.getLines().add(lines.add(readLine())), 14.0
12, 22527, 0.0, 1.0, -4.5, 5.0, 17, 4, in.getLines().add(lines.add(readLine())), 15.5
12, 22528, 0.0, 1.0, -4.0, 0.0, 0, 0, lines.add(in.readLine()), 5.0
12, 22529, 0.0, 1.0, -4.0, 0.5, 0, 0, lines.add(in.readLine()), 6.0
12, 22530, 0.0, 1.0, -4.0, 1.0, 0, 0, lines.add(in.readLine()), 7.0
12, 22531, 0.0, 1.0, -4.0, 1.5, 0, 1, lines.add(in.readLine()), 8.0
12, 22532, 0.0, 1.0, -4.0, 2.0, 0, 1, lines.add(in.readLine()), 9.0
12, 22533, 0.0, 1.0, -4.0, 2.5, 0, 1, lines.add(in.readLine()), 10.0
12, 22534, 0.0, 1.0, -4.0, 3.0, 0, 2, lines.add(in.readLine()), 11.0
12, 22535, 0.0, 1.0, -4.0, 3.5, 17, 3, in.getLines().add(lines.add(readLine())), 11.5
12, 22536, 0.0, 1.0, -4.0, 4.0, 17, 3, in.getLines().add(lines.add(readLine())), 13.0
12, 22537, 0.0, 1.0, -4.0, 4.5, 17, 3, in.getLines().add(lines.add(readLine())), 14.5
12, 22538, 0.0, 1.0, -4.0, 5.0, 17, 3, in.getLines().add(lines.add(readLine())), 16.0
12, 22539, 0.0, 1.0, -3.5, 0.0, 0, 0, lines.add(in.readLine()), 5.0
12, 22540, 0.0, 1.0, -3.5, 0.5, 0, 0, lines.add(in.readLine()), 6.0
12, 22541, 0.0, 1.0, -3.5, 1.0, 0, 0, lines.add(in.readLine()), 7.0
12, 22542, 0.0, 1.0, -3.5, 1.5, 0, 1, lines.add(in.readLine()), 8.0
12, 22543, 0.0, 1.0, -3.5, 2.0, 0, 1, lines.add(in.readLine()), 9.0
12, 22544, 0.0, 1.0, -3.5, 2.5, 0, 2, lines.add(in.readLine()), 10.0
12, 22545, 0.0, 1.0, -3.5, 3.0, 17, 3, in.getLines().add(lines.add(readLine())), 10.5
12, 22546, 0.0, 1.0, -3.5, 3.5, 17, 3, in.getLines().add(lines.add(readLine())), 12.0
12, 22547, 0.0, 1.0, -3.5, 4.0, 17, 3, in.getLines().add(lines.add(readLine())), 13.5
12, 22548, 0.0, 1.0, -3.5, 4.5, 17, 4, in.getLines().add(lines.add(readLine())), 15.0
12, 22549, 0.0, 1.0, -3.5, 5.0, 22, 7, in.readLine().append(in.read(), in.read()), 14.5
12, 22550, 0.0, 1.0, -3.0, 0.0, 0, 0, lines.add(in.readLine()), 5.0
12, 22551, 0.0, 1.0, -3.0, 0.5, 0, 0, lines.add(in.readLine()), 6.0
12, 22552, 0.0, 1.0, -3.0, 1.0, 0, 0, lines.add(in.readLine()), 7.0
12, 22553, 0.0, 1.0, -3.0, 1.5, 0, 1, lines.add(in.readLine()), 8.0
12, 22554, 0.0, 1.0, -3.0, 2.0, 0, 2, lines.add(in.readLine()), 9.0
12, 22555, 0.0, 1.0, -3.0, 2.5, 17, 3, in.getLines().add(lines.add(readLine())), 9.5
12, 22556, 0.0, 1.0, -3.0, 3.0, 17, 3, in.getLines().add(lines.add(readLine())), 11.0
12, 22557, 0.0, 1.0, -3.0, 3.5, 17, 4, in.getLines().add(lines.add(readLine())), 12.5
12, 22558, 0.0, 1.0, -3.0, 4.0, 17, 4, in.getLines().add(lines.add(readLine())), 14.0
12, 22559, 0.0, 1.0, -3.0, 4.5, 22, 8, in.readLine().append(in.read(), in.read()), 13.5
12, 22560, 0.0, 1.0, -3.0, 5.0, 22, 8, in.readLine().append(in.read(), in.read()), 15.0
12, 22561, 0.0, 1.0, -2.5, 0.0, 0, 0, lines.add(in.readLine()), 5.0
12, 22562, 0.0, 1.0, -2.5, 0.5, 0, 0, lines.add(in.readLine()), 6.0
12, 22563, 0.0, 1.0, -2.5, 1.0, 0, 1, lines.add(in.readLine()), 7.0
12, 22564, 0.0, 1.0, -2.5, 1.5, 0, 0, lines.add(in.readLine()), 8.0
12, 22565, 0.0, 1.0, -2.5, 2.0, 17, 3, in.getLines().add(lines.add(readLine())), 8.5
12, 22566, 0.0, 1.0, -2.5, 2.5, 17, 4, in.getLines().add(lines.add(readLine())), 10.0
12, 22567, 0.0, 1.0, -2.5, 3.0, 17, 4, in.getLines().add(lines.add(readLine())), 11.5
12, 22568, 0.0, 1.0, -2.5, 3.5, 22, 8, in.readLine().append(in.read(), in.read()), 11.0
12, 22569, 0.0, 1.0, -2.5, 4.0, 22, 8, in.readLine().append(in.read(), in.read()), 12.5
12, 22570, 0.0, 1.0, -2.5, 4.5, 22, 8, in.readLine().append(in.read(), in.read()), 14.0
12, 22571, 0.0, 1.0, -2.5, 5.0, 22, 8, in.readLine().append(in.read(), in.read()), 15.5
12, 22572, 0.0, 1.0, -2.0, 0.0, 0, 0, lines.add(in.readLine()), 5.0
12, 22573, 0.0, 1.0, -2.0, 0.5, 0, 0, lines.add(in.readLine()), 6.0
12, 22574, 0.0, 1.0, -2.0, 1.0, 0, 0, lines.add(in.readLine()), 7.0
12, 22575, 0.0, 1.0, -2.0, 1.5, 16, 9, lines.add(readLine()).put(in.readLine()), 6.0
12, 22576, 0.0, 1.0, -2.0, 2.0, 17, 4, in.getLines().add(lines.add(readLine())), 9.0
12, 22577, 0.0, 1.0, -2.0, 2.5, 17, 4, in.getLines().add(lines.add(readLine())), 10.5
12, 22578, 0.0, 1.0, -2.0, 3.0, 22, 9, in.readLine().append(in.read(), in.read()), 10.0
12, 22579, 0.0, 1.0, -2.0, 3.5, 22, 9, in.readLine().append(in.read(), in.read()), 11.5
12, 22580, 0.0, 1.0, -2.0, 4.0, 22, 9, in.readLine().append(in.read(), in.read()), 13.0
12, 22581, 0.0, 1.0, -2.0, 4.5, 29, 6, new Task12().getLines(in).add(lines.add(readLine())), 17.0
12, 22582, 0.0, 1.0, -2.0, 5.0, 29, 6, new Task12().getLines(in).add(lines.add(readLine())), 19.0
12, 22583, 0.0, 1.0, -1.5, 0.0, 0, 0, lines.add(in.readLine()), 5.0
12, 22584, 0.0, 1.0, -1.5, 0.5, 0, 0, lines.add(in.readLine()), 6.0
12, 22585, 0.0, 1.0, -1.5, 1.0, 16, 8, lines.add(readLine()).put(in.readLine()), 5.5
12, 22586, 0.0, 1.0, -1.5, 1.5, 17, 2, in.getLines().add(lines.add(readLine())), 8.0
12, 22587, 0.0, 1.0, -1.5, 2.0, 29, 4, new Task12().getLines(in).add(lines.add(readLine())), 8.5
12, 22588, 0.0, 1.0, -1.5, 2.5, 29, 4, new Task12().getLines(in).add(lines.add(readLine())), 10.5
12, 22589, 0.0, 1.0, -1.5, 3.0, 29, 4, new Task12().getLines(in).add(lines.add(readLine())), 12.5
12, 22590, 0.0, 1.0, -1.5, 3.5, 29, 4, new Task12().getLines(in).add(lines.add(readLine())), 14.5
12, 22591, 0.0, 1.0, -1.5, 4.0, 29, 4, new Task12().getLines(in).add(lines.add(readLine())), 16.5
12, 22592, 0.0, 1.0, -1.5, 4.5, 29, 4, new Task12().getLines(in).add(lines.add(readLine())), 18.5
12, 22593, 0.0, 1.0, -1.5, 5.0, 29, 4, new Task12().getLines(in).add(lines.add(readLine())), 20.5
12, 22594, 0.0, 1.0, -1.0, 0.0, 0, 0, lines.add(in.readLine()), 5.0
12, 22595, 0.0, 1.0, -1.0, 0.5, 16, 7, lines.add(readLine()).put(in.readLine()), 5.0
12, 22596, 0.0, 1.0, -1.0, 1.0, 17, 2, in.getLines().add(lines.add(readLine())), 7.0
12, 22597, 0.0, 1.0, -1.0, 1.5, 19, 8, lines.add(readLine()).equals(in.readLine()), 7.0
12, 22598, 0.0, 1.0, -1.0, 2.0, 29, 4, new Task12().getLines(in).add(lines.add(readLine())), 10.0
12, 22599, 0.0, 1.0, -1.0, 2.5, 29, 4, new Task12().getLines(in).add(lines.add(readLine())), 12.0
12, 22600, 0.0, 1.0, -1.0, 3.0, 29, 4, new Task12().getLines(in).add(lines.add(readLine())), 14.0
12, 22601, 0.0, 1.0, -1.0, 3.5, 29, 4, new Task12().getLines(in).add(lines.add(readLine())), 16.0
12, 22602, 0.0, 1.0, -1.0, 4.0, 29, 4, new Task12().getLines(in).add(lines.add(readLine())), 18.0
12, 22603, 0.0, 1.0, -1.0, 4.5, 29, 4, new Task12().getLines(in).add(lines.add(readLine())), 20.0
12, 22604, 0.0, 1.0, -1.0, 5.0, 29, 4, new Task12().getLines(in).add(lines.add(readLine())), 22.0
12, 22605, 0.0, 1.0, -0.5, 0.0, 12, 2, in.getLines().add(readLine()), 4.5
12, 22606, 0.0, 1.0, -0.5, 0.5, 16, 6, lines.add(readLine()).put(in.readLine()), 5.5
12, 22607, 0.0, 1.0, -0.5, 1.0, 19, 9, lines.add(readLine()).equals(in.readLine()), 6.5
12, 22608, 0.0, 1.0, -0.5, 1.5, 29, 3, new Task12().getLines(in).add(lines.add(readLine())), 9.5
12, 22609, 0.0, 1.0, -0.5, 2.0, 29, 3, new Task12().getLines(in).add(lines.add(readLine())), 11.5
12, 22610, 0.0, 1.0, -0.5, 2.5, 29, 3, new Task12().getLines(in).add(lines.add(readLine())), 13.5
12, 22611, 0.0, 1.0, -0.5, 3.0, 29, 3, new Task12().getLines(in).add(lines.add(readLine())), 15.5
12, 22612, 0.0, 1.0, -0.5, 3.5, 29, 3, new Task12().getLines(in).add(lines.add(readLine())), 17.5
12, 22613, 0.0, 1.0, -0.5, 4.0, 29, 3, new Task12().getLines(in).add(lines.add(readLine())), 19.5
12, 22614, 0.0, 1.0, -0.5, 4.5, 29, 3, new Task12().getLines(in).add(lines.add(readLine())), 21.5
12, 22615, 0.0, 1.0, -0.5, 5.0, 29, 3, new Task12().getLines(in).add(lines.add(readLine())), 23.5
12, 22616, 0.0, 1.0, 0.0, 0.0, 19, 6, lines.add(readLine()).wait(in.skip()), 5.0
12, 22617, 0.0, 1.0, 0.0, 0.5, 29, 5, new Task12().getLines(in).add(lines.add(readLine())), 7.0
12, 22618, 0.0, 1.0, 0.0, 1.0, 29, 4, new Task12().getLines(in).add(lines.add(readLine())), 9.0
12, 22619, 0.0, 1.0, 0.0, 1.5, 29, 5, new Task12().getLines(in).add(lines.add(readLine())), 11.0
12, 22620, 0.0, 1.0, 0.0, 2.0, 29, 5, new Task12().getLines(in).add(lines.add(readLine())), 13.0
12, 22621, 0.0, 1.0, 0.0, 2.5, 29, 5, new Task12().getLines(in).add(lines.add(readLine())), 15.0
12, 22622, 0.0, 1.0, 0.0, 3.0, 29, 5, new Task12().getLines(in).add(lines.add(readLine())), 17.0
12, 22623, 0.0, 1.0, 0.0, 3.5, 29, 5, new Task12().getLines(in).add(lines.add(readLine())), 19.0
12, 22624, 0.0, 1.0, 0.0, 4.0, 29, 5, new Task12().getLines(in).add(lines.add(readLine())), 21.0
12, 22625, 0.0, 1.0, 0.0, 4.5, 29, 5, new Task12().getLines(in).add(lines.add(readLine())), 23.0
12, 22626, 0.0, 1.0, 0.0, 5.0, 29, 5, new Task12().getLines(in).add(lines.add(readLine())), 25.0
