4, 2700, 9, -1.0, 0.0, -0.5, 0.0, fruits.contains(contains())
4, 2701, 0, -1.0, 0.0, -0.5, 0.2, fruits.contains(food)
4, 2702, 0, -1.0, 0.0, -0.5, 0.4, fruits.contains(food)
4, 2703, 0, -1.0, 0.0, -0.5, 0.6000000000000001, fruits.contains(food)
4, 2704, 0, -1.0, 0.0, -0.5, 0.8, fruits.contains(food)
4, 2705, 9, -1.0, 0.0, -0.4, 0.0, fruits.contains(contains())
4, 2706, 0, -1.0, 0.0, -0.4, 0.2, fruits.contains(food)
4, 2707, 0, -1.0, 0.0, -0.4, 0.4, fruits.contains(food)
4, 2708, 0, -1.0, 0.0, -0.4, 0.6000000000000001, fruits.contains(food)
4, 2709, 11, -1.0, 0.0, -0.4, 0.8, contains()
4, 2710, 9, -1.0, 0.0, -0.30000000000000004, 0.0, fruits.contains(contains())
4, 2711, 11, -1.0, 0.0, -0.30000000000000004, 0.2, contains()
4, 2712, 11, -1.0, 0.0, -0.30000000000000004, 0.4, contains()
4, 2713, 0, -1.0, 0.0, -0.30000000000000004, 0.6000000000000001, fruits.contains(food)
4, 2714, 0, -1.0, 0.0, -0.30000000000000004, 0.8, fruits.contains(food)
4, 2715, 11, -1.0, 0.0, -0.20000000000000004, 0.0, contains()
4, 2716, 11, -1.0, 0.0, -0.20000000000000004, 0.2, contains()
4, 2717, 11, -1.0, 0.0, -0.20000000000000004, 0.4, contains()
4, 2718, 11, -1.0, 0.0, -0.20000000000000004, 0.6000000000000001, contains()
4, 2719, 0, -1.0, 0.0, -0.20000000000000004, 0.8, fruits.contains(food)
4, 2720, 9, -1.0, 0.0, -0.10000000000000003, 0.0, fruits.contains(contains())
4, 2721, 11, -1.0, 0.0, -0.10000000000000003, 0.2, contains()
4, 2722, 0, -1.0, 0.0, -0.10000000000000003, 0.4, fruits.contains(food)
4, 2723, 0, -1.0, 0.0, -0.10000000000000003, 0.6000000000000001, fruits.contains(food)
4, 2724, 0, -1.0, 0.0, -0.10000000000000003, 0.8, fruits.contains(food)
4, 2725, 18, -1.0, 0.0, -2.7755575615628914E-17, 0.0, Compiler.compileClass()
4, 2726, 15, -1.0, 0.0, -2.7755575615628914E-17, 0.2, Boolean.valueOf(food)
4, 2727, 15, -1.0, 0.0, -2.7755575615628914E-17, 0.4, Boolean.valueOf(food)
4, 2728, 15, -1.0, 0.0, -2.7755575615628914E-17, 0.6000000000000001, Boolean.valueOf(food)
4, 2729, 15, -1.0, 0.0, -2.7755575615628914E-17, 0.8, Boolean.valueOf(food)
4, 2730, 9, -1.0, 0.4, -0.5, 0.0, fruits.contains(contains())
4, 2731, 0, -1.0, 0.4, -0.5, 0.2, fruits.contains(food)
4, 2732, 0, -1.0, 0.4, -0.5, 0.4, fruits.contains(food)
4, 2733, 0, -1.0, 0.4, -0.5, 0.6000000000000001, fruits.contains(food)
4, 2734, 0, -1.0, 0.4, -0.5, 0.8, fruits.contains(food)
4, 2735, 9, -1.0, 0.4, -0.4, 0.0, fruits.contains(contains())
4, 2736, 5, -1.0, 0.4, -0.4, 0.2, food.contains(food)
4, 2737, 0, -1.0, 0.4, -0.4, 0.4, fruits.contains(food)
4, 2738, 0, -1.0, 0.4, -0.4, 0.6000000000000001, fruits.contains(food)
4, 2739, 0, -1.0, 0.4, -0.4, 0.8, fruits.contains(food)
4, 2740, 9, -1.0, 0.4, -0.30000000000000004, 0.0, fruits.contains(contains())
4, 2741, 0, -1.0, 0.4, -0.30000000000000004, 0.2, fruits.contains(food)
4, 2742, 0, -1.0, 0.4, -0.30000000000000004, 0.4, fruits.contains(food)
4, 2743, 0, -1.0, 0.4, -0.30000000000000004, 0.6000000000000001, fruits.contains(food)
4, 2744, 0, -1.0, 0.4, -0.30000000000000004, 0.8, fruits.contains(food)
4, 2745, 11, -1.0, 0.4, -0.20000000000000004, 0.0, contains()
4, 2746, 0, -1.0, 0.4, -0.20000000000000004, 0.2, fruits.contains(food)
4, 2747, 0, -1.0, 0.4, -0.20000000000000004, 0.4, fruits.contains(food)
4, 2748, 0, -1.0, 0.4, -0.20000000000000004, 0.6000000000000001, fruits.contains(food)
4, 2749, 0, -1.0, 0.4, -0.20000000000000004, 0.8, fruits.contains(food)
4, 2750, 9, -1.0, 0.4, -0.10000000000000003, 0.0, fruits.contains(contains())
4, 2751, 0, -1.0, 0.4, -0.10000000000000003, 0.2, fruits.contains(food)
4, 2752, 0, -1.0, 0.4, -0.10000000000000003, 0.4, fruits.contains(food)
4, 2753, 0, -1.0, 0.4, -0.10000000000000003, 0.6000000000000001, fruits.contains(food)
4, 2754, 0, -1.0, 0.4, -0.10000000000000003, 0.8, fruits.contains(food)
4, 2755, 12, -1.0, 0.4, -2.7755575615628914E-17, 0.0, containsKey()
4, 2756, 0, -1.0, 0.4, -2.7755575615628914E-17, 0.2, fruits.contains(food)
4, 2757, 0, -1.0, 0.4, -2.7755575615628914E-17, 0.4, fruits.contains(food)
4, 2758, 0, -1.0, 0.4, -2.7755575615628914E-17, 0.6000000000000001, fruits.contains(food)
4, 2759, 0, -1.0, 0.4, -2.7755575615628914E-17, 0.8, fruits.contains(food)
4, 2760, 9, -1.0, 0.8, -0.5, 0.0, fruits.contains(contains())
4, 2761, 0, -1.0, 0.8, -0.5, 0.2, fruits.contains(food)
4, 2762, 5, -1.0, 0.8, -0.5, 0.4, food.contains(food)
4, 2763, 5, -1.0, 0.8, -0.5, 0.6000000000000001, food.contains(food)
4, 2764, 5, -1.0, 0.8, -0.5, 0.8, food.contains(food)
4, 2765, 9, -1.0, 0.8, -0.4, 0.0, fruits.contains(contains())
4, 2766, 0, -1.0, 0.8, -0.4, 0.2, fruits.contains(food)
4, 2767, 5, -1.0, 0.8, -0.4, 0.4, food.contains(food)
4, 2768, 5, -1.0, 0.8, -0.4, 0.6000000000000001, food.contains(food)
4, 2769, 5, -1.0, 0.8, -0.4, 0.8, food.contains(food)
4, 2770, 9, -1.0, 0.8, -0.30000000000000004, 0.0, fruits.contains(contains())
4, 2771, 0, -1.0, 0.8, -0.30000000000000004, 0.2, fruits.contains(food)
4, 2772, 5, -1.0, 0.8, -0.30000000000000004, 0.4, food.contains(food)
4, 2773, 5, -1.0, 0.8, -0.30000000000000004, 0.6000000000000001, food.contains(food)
4, 2774, 5, -1.0, 0.8, -0.30000000000000004, 0.8, food.contains(food)
4, 2775, 9, -1.0, 0.8, -0.20000000000000004, 0.0, fruits.contains(contains())
4, 2776, 0, -1.0, 0.8, -0.20000000000000004, 0.2, fruits.contains(food)
4, 2777, 5, -1.0, 0.8, -0.20000000000000004, 0.4, food.contains(food)
4, 2778, 5, -1.0, 0.8, -0.20000000000000004, 0.6000000000000001, food.contains(food)
4, 2779, 5, -1.0, 0.8, -0.20000000000000004, 0.8, food.contains(food)
4, 2780, 9, -1.0, 0.8, -0.10000000000000003, 0.0, fruits.contains(contains())
4, 2781, 0, -1.0, 0.8, -0.10000000000000003, 0.2, fruits.contains(food)
4, 2782, 9, -1.0, 0.8, -0.10000000000000003, 0.4, food.contains()
4, 2783, 6, -1.0, 0.8, -0.10000000000000003, 0.6000000000000001, fruits.contains(food).add()
4, 2784, 6, -1.0, 0.8, -0.10000000000000003, 0.8, fruits.contains(food).add()
4, 2785, 11, -1.0, 0.8, -2.7755575615628914E-17, 0.0, contains()
4, 2786, 0, -1.0, 0.8, -2.7755575615628914E-17, 0.2, fruits.contains(food)
4, 2787, 5, -1.0, 0.8, -2.7755575615628914E-17, 0.4, food.contains(food)
4, 2788, 5, -1.0, 0.8, -2.7755575615628914E-17, 0.6000000000000001, food.contains(food)
4, 2789, 5, -1.0, 0.8, -2.7755575615628914E-17, 0.8, food.contains(food)
4, 2790, 9, -1.0, 1.2000000000000002, -0.5, 0.0, fruits.contains(contains())
4, 2791, 5, -1.0, 1.2000000000000002, -0.5, 0.2, food.contains(food)
4, 2792, 5, -1.0, 1.2000000000000002, -0.5, 0.4, food.contains(food)
4, 2793, 5, -1.0, 1.2000000000000002, -0.5, 0.6000000000000001, food.contains(food)
4, 2794, 5, -1.0, 1.2000000000000002, -0.5, 0.8, food.contains(food)
4, 2795, 9, -1.0, 1.2000000000000002, -0.4, 0.0, fruits.contains(contains())
4, 2796, 5, -1.0, 1.2000000000000002, -0.4, 0.2, food.contains(food)
4, 2797, 5, -1.0, 1.2000000000000002, -0.4, 0.4, food.contains(food)
4, 2798, 5, -1.0, 1.2000000000000002, -0.4, 0.6000000000000001, food.contains(food)
4, 2799, 5, -1.0, 1.2000000000000002, -0.4, 0.8, food.contains(food)
4, 2800, 9, -1.0, 1.2000000000000002, -0.30000000000000004, 0.0, fruits.contains(contains())
4, 2801, 5, -1.0, 1.2000000000000002, -0.30000000000000004, 0.2, food.contains(food)
4, 2802, 5, -1.0, 1.2000000000000002, -0.30000000000000004, 0.4, food.contains(food)
4, 2803, 5, -1.0, 1.2000000000000002, -0.30000000000000004, 0.6000000000000001, food.contains(food)
4, 2804, 5, -1.0, 1.2000000000000002, -0.30000000000000004, 0.8, food.contains(food)
4, 2805, 9, -1.0, 1.2000000000000002, -0.20000000000000004, 0.0, fruits.contains(contains())
4, 2806, 5, -1.0, 1.2000000000000002, -0.20000000000000004, 0.2, food.contains(food)
4, 2807, 5, -1.0, 1.2000000000000002, -0.20000000000000004, 0.4, food.contains(food)
4, 2808, 5, -1.0, 1.2000000000000002, -0.20000000000000004, 0.6000000000000001, food.contains(food)
4, 2809, 6, -1.0, 1.2000000000000002, -0.20000000000000004, 0.8, fruits.contains(food).add()
4, 2810, 9, -1.0, 1.2000000000000002, -0.10000000000000003, 0.0, fruits.contains(contains())
4, 2811, 5, -1.0, 1.2000000000000002, -0.10000000000000003, 0.2, food.contains(food)
4, 2812, 5, -1.0, 1.2000000000000002, -0.10000000000000003, 0.4, food.contains(food)
4, 2813, 5, -1.0, 1.2000000000000002, -0.10000000000000003, 0.6000000000000001, food.contains(food)
4, 2814, 6, -1.0, 1.2000000000000002, -0.10000000000000003, 0.8, fruits.contains(food).add()
4, 2815, 11, -1.0, 1.2000000000000002, -2.7755575615628914E-17, 0.0, fruits.remove(contains())
4, 2816, 5, -1.0, 1.2000000000000002, -2.7755575615628914E-17, 0.2, food.contains(food)
4, 2817, 5, -1.0, 1.2000000000000002, -2.7755575615628914E-17, 0.4, food.contains(food)
4, 2818, 5, -1.0, 1.2000000000000002, -2.7755575615628914E-17, 0.6000000000000001, food.contains(food)
4, 2819, 5, -1.0, 1.2000000000000002, -2.7755575615628914E-17, 0.8, food.contains(food)
4, 2820, 9, -1.0, 1.6, -0.5, 0.0, fruits.contains(contains())
4, 2821, 5, -1.0, 1.6, -0.5, 0.2, food.contains(food)
4, 2822, 5, -1.0, 1.6, -0.5, 0.4, food.contains(food)
4, 2823, 5, -1.0, 1.6, -0.5, 0.6000000000000001, food.contains(food)
4, 2824, 5, -1.0, 1.6, -0.5, 0.8, food.contains(food)
4, 2825, 9, -1.0, 1.6, -0.4, 0.0, fruits.contains(contains())
4, 2826, 5, -1.0, 1.6, -0.4, 0.2, food.contains(food)
4, 2827, 5, -1.0, 1.6, -0.4, 0.4, food.contains(food)
4, 2828, 5, -1.0, 1.6, -0.4, 0.6000000000000001, food.contains(food)
4, 2829, 5, -1.0, 1.6, -0.4, 0.8, food.contains(food)
4, 2830, 9, -1.0, 1.6, -0.30000000000000004, 0.0, fruits.contains(contains())
4, 2831, 5, -1.0, 1.6, -0.30000000000000004, 0.2, food.contains(food)
4, 2832, 5, -1.0, 1.6, -0.30000000000000004, 0.4, food.contains(food)
4, 2833, 5, -1.0, 1.6, -0.30000000000000004, 0.6000000000000001, food.contains(food)
4, 2834, 5, -1.0, 1.6, -0.30000000000000004, 0.8, food.contains(food)
4, 2835, 9, -1.0, 1.6, -0.20000000000000004, 0.0, fruits.contains(contains())
4, 2836, 5, -1.0, 1.6, -0.20000000000000004, 0.2, food.contains(food)
4, 2837, 5, -1.0, 1.6, -0.20000000000000004, 0.4, food.contains(food)
4, 2838, 5, -1.0, 1.6, -0.20000000000000004, 0.6000000000000001, food.contains(food)
4, 2839, 5, -1.0, 1.6, -0.20000000000000004, 0.8, food.contains(food)
4, 2840, 9, -1.0, 1.6, -0.10000000000000003, 0.0, fruits.contains(contains())
4, 2841, 5, -1.0, 1.6, -0.10000000000000003, 0.2, food.contains(food)
4, 2842, 5, -1.0, 1.6, -0.10000000000000003, 0.4, food.contains(food)
4, 2843, 5, -1.0, 1.6, -0.10000000000000003, 0.6000000000000001, food.contains(food)
4, 2844, 5, -1.0, 1.6, -0.10000000000000003, 0.8, food.contains(food)
4, 2845, 5, -1.0, 1.6, -2.7755575615628914E-17, 0.0, food.contains(food)
4, 2846, 5, -1.0, 1.6, -2.7755575615628914E-17, 0.2, food.contains(food)
4, 2847, 5, -1.0, 1.6, -2.7755575615628914E-17, 0.4, food.contains(food)
4, 2848, 5, -1.0, 1.6, -2.7755575615628914E-17, 0.6000000000000001, food.contains(food)
4, 2849, 5, -1.0, 1.6, -2.7755575615628914E-17, 0.8, food.contains(food)
4, 2850, 9, -0.8, 0.0, -0.5, 0.0, fruits.contains(contains())
4, 2851, 0, -0.8, 0.0, -0.5, 0.2, fruits.contains(food)
4, 2852, 0, -0.8, 0.0, -0.5, 0.4, fruits.contains(food)
4, 2853, 0, -0.8, 0.0, -0.5, 0.6000000000000001, fruits.contains(food)
4, 2854, 0, -0.8, 0.0, -0.5, 0.8, fruits.contains(food)
4, 2855, 9, -0.8, 0.0, -0.4, 0.0, fruits.contains(contains())
4, 2856, 0, -0.8, 0.0, -0.4, 0.2, fruits.contains(food)
4, 2857, 0, -0.8, 0.0, -0.4, 0.4, fruits.contains(food)
4, 2858, 11, -0.8, 0.0, -0.4, 0.6000000000000001, contains()
4, 2859, 0, -0.8, 0.0, -0.4, 0.8, fruits.contains(food)
4, 2860, 9, -0.8, 0.0, -0.30000000000000004, 0.0, fruits.contains(contains())
4, 2861, 0, -0.8, 0.0, -0.30000000000000004, 0.2, fruits.contains(food)
4, 2862, 0, -0.8, 0.0, -0.30000000000000004, 0.4, fruits.contains(food)
4, 2863, 0, -0.8, 0.0, -0.30000000000000004, 0.6000000000000001, fruits.contains(food)
4, 2864, 0, -0.8, 0.0, -0.30000000000000004, 0.8, fruits.contains(food)
4, 2865, 11, -0.8, 0.0, -0.20000000000000004, 0.0, contains()
4, 2866, 0, -0.8, 0.0, -0.20000000000000004, 0.2, fruits.contains(food)
4, 2867, 0, -0.8, 0.0, -0.20000000000000004, 0.4, fruits.contains(food)
4, 2868, 11, -0.8, 0.0, -0.20000000000000004, 0.6000000000000001, contains()
4, 2869, 0, -0.8, 0.0, -0.20000000000000004, 0.8, fruits.contains(food)
4, 2870, 9, -0.8, 0.0, -0.10000000000000003, 0.0, fruits.contains(contains())
4, 2871, 0, -0.8, 0.0, -0.10000000000000003, 0.2, fruits.contains(food)
4, 2872, 0, -0.8, 0.0, -0.10000000000000003, 0.4, fruits.contains(food)
4, 2873, 11, -0.8, 0.0, -0.10000000000000003, 0.6000000000000001, contains()
4, 2874, 0, -0.8, 0.0, -0.10000000000000003, 0.8, fruits.contains(food)
4, 2875, 18, -0.8, 0.0, -2.7755575615628914E-17, 0.0, Compiler.compileClass()
4, 2876, 15, -0.8, 0.0, -2.7755575615628914E-17, 0.2, Boolean.valueOf(food)
4, 2877, 15, -0.8, 0.0, -2.7755575615628914E-17, 0.4, Boolean.valueOf(food)
4, 2878, 15, -0.8, 0.0, -2.7755575615628914E-17, 0.6000000000000001, Boolean.valueOf(food)
4, 2879, 15, -0.8, 0.0, -2.7755575615628914E-17, 0.8, Boolean.valueOf(food)
4, 2880, 9, -0.8, 0.4, -0.5, 0.0, fruits.contains(contains())
4, 2881, 0, -0.8, 0.4, -0.5, 0.2, fruits.contains(food)
4, 2882, 0, -0.8, 0.4, -0.5, 0.4, fruits.contains(food)
4, 2883, 0, -0.8, 0.4, -0.5, 0.6000000000000001, fruits.contains(food)
4, 2884, 0, -0.8, 0.4, -0.5, 0.8, fruits.contains(food)
4, 2885, 9, -0.8, 0.4, -0.4, 0.0, fruits.contains(contains())
4, 2886, 0, -0.8, 0.4, -0.4, 0.2, fruits.contains(food)
4, 2887, 0, -0.8, 0.4, -0.4, 0.4, fruits.contains(food)
4, 2888, 0, -0.8, 0.4, -0.4, 0.6000000000000001, fruits.contains(food)
4, 2889, 0, -0.8, 0.4, -0.4, 0.8, fruits.contains(food)
4, 2890, 9, -0.8, 0.4, -0.30000000000000004, 0.0, fruits.contains(contains())
4, 2891, 0, -0.8, 0.4, -0.30000000000000004, 0.2, fruits.contains(food)
4, 2892, 0, -0.8, 0.4, -0.30000000000000004, 0.4, fruits.contains(food)
4, 2893, 0, -0.8, 0.4, -0.30000000000000004, 0.6000000000000001, fruits.contains(food)
4, 2894, 0, -0.8, 0.4, -0.30000000000000004, 0.8, fruits.contains(food)
4, 2895, 9, -0.8, 0.4, -0.20000000000000004, 0.0, fruits.contains(contains())
4, 2896, 0, -0.8, 0.4, -0.20000000000000004, 0.2, fruits.contains(food)
4, 2897, 0, -0.8, 0.4, -0.20000000000000004, 0.4, fruits.contains(food)
4, 2898, 0, -0.8, 0.4, -0.20000000000000004, 0.6000000000000001, fruits.contains(food)
4, 2899, 0, -0.8, 0.4, -0.20000000000000004, 0.8, fruits.contains(food)
4, 2900, 9, -0.8, 0.4, -0.10000000000000003, 0.0, fruits.contains(contains())
4, 2901, 0, -0.8, 0.4, -0.10000000000000003, 0.2, fruits.contains(food)
4, 2902, 0, -0.8, 0.4, -0.10000000000000003, 0.4, fruits.contains(food)
4, 2903, 0, -0.8, 0.4, -0.10000000000000003, 0.6000000000000001, fruits.contains(food)
4, 2904, 0, -0.8, 0.4, -0.10000000000000003, 0.8, fruits.contains(food)
4, 2905, 12, -0.8, 0.4, -2.7755575615628914E-17, 0.0, containsKey()
4, 2906, 0, -0.8, 0.4, -2.7755575615628914E-17, 0.2, fruits.contains(food)
4, 2907, 0, -0.8, 0.4, -2.7755575615628914E-17, 0.4, fruits.contains(food)
4, 2908, 6, -0.8, 0.4, -2.7755575615628914E-17, 0.6000000000000001, fruits.equals(food)
4, 2909, 6, -0.8, 0.4, -2.7755575615628914E-17, 0.8, fruits.equals(food)
4, 2910, 9, -0.8, 0.8, -0.5, 0.0, fruits.contains(contains())
4, 2911, 5, -0.8, 0.8, -0.5, 0.2, food.contains(food)
4, 2912, 5, -0.8, 0.8, -0.5, 0.4, food.contains(food)
4, 2913, 5, -0.8, 0.8, -0.5, 0.6000000000000001, food.contains(food)
4, 2914, 5, -0.8, 0.8, -0.5, 0.8, food.contains(food)
4, 2915, 9, -0.8, 0.8, -0.4, 0.0, fruits.contains(contains())
4, 2916, 5, -0.8, 0.8, -0.4, 0.2, food.contains(food)
4, 2917, 5, -0.8, 0.8, -0.4, 0.4, food.contains(food)
4, 2918, 5, -0.8, 0.8, -0.4, 0.6000000000000001, food.contains(food)
4, 2919, 5, -0.8, 0.8, -0.4, 0.8, food.contains(food)
4, 2920, 9, -0.8, 0.8, -0.30000000000000004, 0.0, fruits.contains(contains())
4, 2921, 5, -0.8, 0.8, -0.30000000000000004, 0.2, food.contains(food)
4, 2922, 5, -0.8, 0.8, -0.30000000000000004, 0.4, food.contains(food)
4, 2923, 5, -0.8, 0.8, -0.30000000000000004, 0.6000000000000001, food.contains(food)
4, 2924, 5, -0.8, 0.8, -0.30000000000000004, 0.8, food.contains(food)
4, 2925, 9, -0.8, 0.8, -0.20000000000000004, 0.0, fruits.contains(contains())
4, 2926, 5, -0.8, 0.8, -0.20000000000000004, 0.2, food.contains(food)
4, 2927, 5, -0.8, 0.8, -0.20000000000000004, 0.4, food.contains(food)
4, 2928, 5, -0.8, 0.8, -0.20000000000000004, 0.6000000000000001, food.contains(food)
4, 2929, 5, -0.8, 0.8, -0.20000000000000004, 0.8, food.contains(food)
4, 2930, 9, -0.8, 0.8, -0.10000000000000003, 0.0, fruits.contains(contains())
4, 2931, 5, -0.8, 0.8, -0.10000000000000003, 0.2, food.contains(food)
4, 2932, 5, -0.8, 0.8, -0.10000000000000003, 0.4, food.contains(food)
4, 2933, 5, -0.8, 0.8, -0.10000000000000003, 0.6000000000000001, food.contains(food)
4, 2934, 5, -0.8, 0.8, -0.10000000000000003, 0.8, food.contains(food)
4, 2935, 11, -0.8, 0.8, -2.7755575615628914E-17, 0.0, contains()
4, 2936, 5, -0.8, 0.8, -2.7755575615628914E-17, 0.2, food.contains(food)
4, 2937, 5, -0.8, 0.8, -2.7755575615628914E-17, 0.4, food.contains(food)
4, 2938, 5, -0.8, 0.8, -2.7755575615628914E-17, 0.6000000000000001, food.contains(food)
4, 2939, 5, -0.8, 0.8, -2.7755575615628914E-17, 0.8, food.contains(food)
4, 2940, 9, -0.8, 1.2000000000000002, -0.5, 0.0, fruits.contains(contains())
4, 2941, 5, -0.8, 1.2000000000000002, -0.5, 0.2, food.contains(food)
4, 2942, 5, -0.8, 1.2000000000000002, -0.5, 0.4, food.contains(food)
4, 2943, 5, -0.8, 1.2000000000000002, -0.5, 0.6000000000000001, food.contains(food)
4, 2944, 5, -0.8, 1.2000000000000002, -0.5, 0.8, food.contains(food)
4, 2945, 9, -0.8, 1.2000000000000002, -0.4, 0.0, fruits.contains(contains())
4, 2946, 5, -0.8, 1.2000000000000002, -0.4, 0.2, food.contains(food)
4, 2947, 5, -0.8, 1.2000000000000002, -0.4, 0.4, food.contains(food)
4, 2948, 5, -0.8, 1.2000000000000002, -0.4, 0.6000000000000001, food.contains(food)
4, 2949, 5, -0.8, 1.2000000000000002, -0.4, 0.8, food.contains(food)
4, 2950, 9, -0.8, 1.2000000000000002, -0.30000000000000004, 0.0, fruits.contains(contains())
4, 2951, 5, -0.8, 1.2000000000000002, -0.30000000000000004, 0.2, food.contains(food)
4, 2952, 5, -0.8, 1.2000000000000002, -0.30000000000000004, 0.4, food.contains(food)
4, 2953, 5, -0.8, 1.2000000000000002, -0.30000000000000004, 0.6000000000000001, food.contains(food)
4, 2954, 5, -0.8, 1.2000000000000002, -0.30000000000000004, 0.8, food.contains(food)
4, 2955, 9, -0.8, 1.2000000000000002, -0.20000000000000004, 0.0, fruits.contains(contains())
4, 2956, 5, -0.8, 1.2000000000000002, -0.20000000000000004, 0.2, food.contains(food)
4, 2957, 5, -0.8, 1.2000000000000002, -0.20000000000000004, 0.4, food.contains(food)
4, 2958, 5, -0.8, 1.2000000000000002, -0.20000000000000004, 0.6000000000000001, food.contains(food)
4, 2959, 5, -0.8, 1.2000000000000002, -0.20000000000000004, 0.8, food.contains(food)
4, 2960, 9, -0.8, 1.2000000000000002, -0.10000000000000003, 0.0, fruits.contains(contains())
4, 2961, 5, -0.8, 1.2000000000000002, -0.10000000000000003, 0.2, food.contains(food)
4, 2962, 5, -0.8, 1.2000000000000002, -0.10000000000000003, 0.4, food.contains(food)
4, 2963, 5, -0.8, 1.2000000000000002, -0.10000000000000003, 0.6000000000000001, food.contains(food)
4, 2964, 5, -0.8, 1.2000000000000002, -0.10000000000000003, 0.8, food.contains(food)
4, 2965, 5, -0.8, 1.2000000000000002, -2.7755575615628914E-17, 0.0, food.contains(food)
4, 2966, 5, -0.8, 1.2000000000000002, -2.7755575615628914E-17, 0.2, food.contains(food)
4, 2967, 5, -0.8, 1.2000000000000002, -2.7755575615628914E-17, 0.4, food.contains(food)
4, 2968, 5, -0.8, 1.2000000000000002, -2.7755575615628914E-17, 0.6000000000000001, food.contains(food)
4, 2969, 5, -0.8, 1.2000000000000002, -2.7755575615628914E-17, 0.8, food.contains(food)
4, 2970, 9, -0.8, 1.6, -0.5, 0.0, fruits.contains(contains())
4, 2971, 5, -0.8, 1.6, -0.5, 0.2, food.contains(food)
4, 2972, 5, -0.8, 1.6, -0.5, 0.4, food.contains(food)
4, 2973, 5, -0.8, 1.6, -0.5, 0.6000000000000001, food.contains(food)
4, 2974, 5, -0.8, 1.6, -0.5, 0.8, food.contains(food)
4, 2975, 9, -0.8, 1.6, -0.4, 0.0, fruits.contains(contains())
4, 2976, 5, -0.8, 1.6, -0.4, 0.2, food.contains(food)
4, 2977, 5, -0.8, 1.6, -0.4, 0.4, food.contains(food)
4, 2978, 5, -0.8, 1.6, -0.4, 0.6000000000000001, food.contains(food)
4, 2979, 5, -0.8, 1.6, -0.4, 0.8, food.contains(food)
4, 2980, 9, -0.8, 1.6, -0.30000000000000004, 0.0, fruits.contains(contains())
4, 2981, 5, -0.8, 1.6, -0.30000000000000004, 0.2, food.contains(food)
4, 2982, 5, -0.8, 1.6, -0.30000000000000004, 0.4, food.contains(food)
4, 2983, 5, -0.8, 1.6, -0.30000000000000004, 0.6000000000000001, food.contains(food)
4, 2984, 5, -0.8, 1.6, -0.30000000000000004, 0.8, food.contains(food)
4, 2985, 9, -0.8, 1.6, -0.20000000000000004, 0.0, fruits.contains(contains())
4, 2986, 5, -0.8, 1.6, -0.20000000000000004, 0.2, food.contains(food)
4, 2987, 5, -0.8, 1.6, -0.20000000000000004, 0.4, food.contains(food)
4, 2988, 5, -0.8, 1.6, -0.20000000000000004, 0.6000000000000001, food.contains(food)
4, 2989, 5, -0.8, 1.6, -0.20000000000000004, 0.8, food.contains(food)
4, 2990, 9, -0.8, 1.6, -0.10000000000000003, 0.0, fruits.contains(contains())
4, 2991, 5, -0.8, 1.6, -0.10000000000000003, 0.2, food.contains(food)
4, 2992, 5, -0.8, 1.6, -0.10000000000000003, 0.4, food.contains(food)
4, 2993, 5, -0.8, 1.6, -0.10000000000000003, 0.6000000000000001, food.contains(food)
4, 2994, 5, -0.8, 1.6, -0.10000000000000003, 0.8, food.contains(food)
4, 2995, 12, -0.8, 1.6, -2.7755575615628914E-17, 0.0, fruits.contains(containsKey())
4, 2996, 5, -0.8, 1.6, -2.7755575615628914E-17, 0.2, food.contains(food)
4, 2997, 5, -0.8, 1.6, -2.7755575615628914E-17, 0.4, food.contains(food)
4, 2998, 5, -0.8, 1.6, -2.7755575615628914E-17, 0.6000000000000001, food.contains(food)
4, 2999, 5, -0.8, 1.6, -2.7755575615628914E-17, 0.8, food.contains(food)
4, 3000, 9, -0.6000000000000001, 0.0, -0.5, 0.0, fruits.contains(contains())
4, 3001, 0, -0.6000000000000001, 0.0, -0.5, 0.2, fruits.contains(food)
4, 3002, 0, -0.6000000000000001, 0.0, -0.5, 0.4, fruits.contains(food)
4, 3003, 11, -0.6000000000000001, 0.0, -0.5, 0.6000000000000001, contains()
4, 3004, 0, -0.6000000000000001, 0.0, -0.5, 0.8, fruits.contains(food)
4, 3005, 9, -0.6000000000000001, 0.0, -0.4, 0.0, fruits.contains(contains())
4, 3006, 0, -0.6000000000000001, 0.0, -0.4, 0.2, fruits.contains(food)
4, 3007, 0, -0.6000000000000001, 0.0, -0.4, 0.4, fruits.contains(food)
4, 3008, 11, -0.6000000000000001, 0.0, -0.4, 0.6000000000000001, contains()
4, 3009, 0, -0.6000000000000001, 0.0, -0.4, 0.8, fruits.contains(food)
4, 3010, 9, -0.6000000000000001, 0.0, -0.30000000000000004, 0.0, fruits.contains(contains())
4, 3011, 0, -0.6000000000000001, 0.0, -0.30000000000000004, 0.2, fruits.contains(food)
4, 3012, 0, -0.6000000000000001, 0.0, -0.30000000000000004, 0.4, fruits.contains(food)
4, 3013, 11, -0.6000000000000001, 0.0, -0.30000000000000004, 0.6000000000000001, contains()
4, 3014, 9, -0.6000000000000001, 0.0, -0.30000000000000004, 0.8, food.contains()
4, 3015, 11, -0.6000000000000001, 0.0, -0.20000000000000004, 0.0, contains()
4, 3016, 11, -0.6000000000000001, 0.0, -0.20000000000000004, 0.2, contains()
4, 3017, 11, -0.6000000000000001, 0.0, -0.20000000000000004, 0.4, contains()
4, 3018, 11, -0.6000000000000001, 0.0, -0.20000000000000004, 0.6000000000000001, contains()
4, 3019, 0, -0.6000000000000001, 0.0, -0.20000000000000004, 0.8, fruits.contains(food)
4, 3020, 11, -0.6000000000000001, 0.0, -0.10000000000000003, 0.0, contains()
4, 3021, 11, -0.6000000000000001, 0.0, -0.10000000000000003, 0.2, contains()
4, 3022, 0, -0.6000000000000001, 0.0, -0.10000000000000003, 0.4, fruits.contains(food)
4, 3023, 11, -0.6000000000000001, 0.0, -0.10000000000000003, 0.6000000000000001, contains()
4, 3024, 0, -0.6000000000000001, 0.0, -0.10000000000000003, 0.8, fruits.contains(food)
4, 3025, 18, -0.6000000000000001, 0.0, -2.7755575615628914E-17, 0.0, Compiler.compileClass()
4, 3026, 15, -0.6000000000000001, 0.0, -2.7755575615628914E-17, 0.2, Boolean.valueOf(food)
4, 3027, 15, -0.6000000000000001, 0.0, -2.7755575615628914E-17, 0.4, Boolean.valueOf(food)
4, 3028, 15, -0.6000000000000001, 0.0, -2.7755575615628914E-17, 0.6000000000000001, Boolean.valueOf(food)
4, 3029, 15, -0.6000000000000001, 0.0, -2.7755575615628914E-17, 0.8, Boolean.valueOf(food)
4, 3030, 9, -0.6000000000000001, 0.4, -0.5, 0.0, fruits.contains(contains())
4, 3031, 5, -0.6000000000000001, 0.4, -0.5, 0.2, food.contains(food)
4, 3032, 0, -0.6000000000000001, 0.4, -0.5, 0.4, fruits.contains(food)
4, 3033, 5, -0.6000000000000001, 0.4, -0.5, 0.6000000000000001, food.contains(food)
4, 3034, 5, -0.6000000000000001, 0.4, -0.5, 0.8, food.contains(food)
4, 3035, 9, -0.6000000000000001, 0.4, -0.4, 0.0, fruits.contains(contains())
4, 3036, 5, -0.6000000000000001, 0.4, -0.4, 0.2, food.contains(food)
4, 3037, 0, -0.6000000000000001, 0.4, -0.4, 0.4, fruits.contains(food)
4, 3038, 5, -0.6000000000000001, 0.4, -0.4, 0.6000000000000001, food.contains(food)
4, 3039, 5, -0.6000000000000001, 0.4, -0.4, 0.8, food.contains(food)
4, 3040, 9, -0.6000000000000001, 0.4, -0.30000000000000004, 0.0, fruits.contains(contains())
4, 3041, 5, -0.6000000000000001, 0.4, -0.30000000000000004, 0.2, food.contains(food)
4, 3042, 0, -0.6000000000000001, 0.4, -0.30000000000000004, 0.4, fruits.contains(food)
4, 3043, 5, -0.6000000000000001, 0.4, -0.30000000000000004, 0.6000000000000001, food.contains(food)
4, 3044, 5, -0.6000000000000001, 0.4, -0.30000000000000004, 0.8, food.contains(food)
4, 3045, 11, -0.6000000000000001, 0.4, -0.20000000000000004, 0.0, contains()
4, 3046, 5, -0.6000000000000001, 0.4, -0.20000000000000004, 0.2, food.contains(food)
4, 3047, 0, -0.6000000000000001, 0.4, -0.20000000000000004, 0.4, fruits.contains(food)
4, 3048, 5, -0.6000000000000001, 0.4, -0.20000000000000004, 0.6000000000000001, food.contains(food)
4, 3049, 5, -0.6000000000000001, 0.4, -0.20000000000000004, 0.8, food.contains(food)
4, 3050, 9, -0.6000000000000001, 0.4, -0.10000000000000003, 0.0, fruits.contains(contains())
4, 3051, 5, -0.6000000000000001, 0.4, -0.10000000000000003, 0.2, food.contains(food)
4, 3052, 0, -0.6000000000000001, 0.4, -0.10000000000000003, 0.4, fruits.contains(food)
4, 3053, 6, -0.6000000000000001, 0.4, -0.10000000000000003, 0.6000000000000001, fruits.contains(food).add()
4, 3054, 11, -0.6000000000000001, 0.4, -0.10000000000000003, 0.8, fruits.contains(food).contains()
4, 3055, 11, -0.6000000000000001, 0.4, -2.7755575615628914E-17, 0.0, contains()
4, 3056, 6, -0.6000000000000001, 0.4, -2.7755575615628914E-17, 0.2, fruits.equals(food)
4, 3057, 0, -0.6000000000000001, 0.4, -2.7755575615628914E-17, 0.4, fruits.contains(food)
4, 3058, 5, -0.6000000000000001, 0.4, -2.7755575615628914E-17, 0.6000000000000001, food.contains(food)
4, 3059, 5, -0.6000000000000001, 0.4, -2.7755575615628914E-17, 0.8, food.contains(food)
4, 3060, 9, -0.6000000000000001, 0.8, -0.5, 0.0, fruits.contains(contains())
4, 3061, 5, -0.6000000000000001, 0.8, -0.5, 0.2, food.contains(food)
4, 3062, 5, -0.6000000000000001, 0.8, -0.5, 0.4, food.contains(food)
4, 3063, 5, -0.6000000000000001, 0.8, -0.5, 0.6000000000000001, food.contains(food)
4, 3064, 5, -0.6000000000000001, 0.8, -0.5, 0.8, food.contains(food)
4, 3065, 9, -0.6000000000000001, 0.8, -0.4, 0.0, fruits.contains(contains())
4, 3066, 5, -0.6000000000000001, 0.8, -0.4, 0.2, food.contains(food)
4, 3067, 5, -0.6000000000000001, 0.8, -0.4, 0.4, food.contains(food)
4, 3068, 5, -0.6000000000000001, 0.8, -0.4, 0.6000000000000001, food.contains(food)
4, 3069, 5, -0.6000000000000001, 0.8, -0.4, 0.8, food.contains(food)
4, 3070, 9, -0.6000000000000001, 0.8, -0.30000000000000004, 0.0, fruits.contains(contains())
4, 3071, 5, -0.6000000000000001, 0.8, -0.30000000000000004, 0.2, food.contains(food)
4, 3072, 5, -0.6000000000000001, 0.8, -0.30000000000000004, 0.4, food.contains(food)
4, 3073, 5, -0.6000000000000001, 0.8, -0.30000000000000004, 0.6000000000000001, food.contains(food)
4, 3074, 5, -0.6000000000000001, 0.8, -0.30000000000000004, 0.8, food.contains(food)
4, 3075, 9, -0.6000000000000001, 0.8, -0.20000000000000004, 0.0, fruits.contains(contains())
4, 3076, 5, -0.6000000000000001, 0.8, -0.20000000000000004, 0.2, food.contains(food)
4, 3077, 5, -0.6000000000000001, 0.8, -0.20000000000000004, 0.4, food.contains(food)
4, 3078, 6, -0.6000000000000001, 0.8, -0.20000000000000004, 0.6000000000000001, fruits.contains(food).add()
4, 3079, 5, -0.6000000000000001, 0.8, -0.20000000000000004, 0.8, food.contains(food)
4, 3080, 9, -0.6000000000000001, 0.8, -0.10000000000000003, 0.0, fruits.contains(contains())
4, 3081, 5, -0.6000000000000001, 0.8, -0.10000000000000003, 0.2, food.contains(food)
4, 3082, 5, -0.6000000000000001, 0.8, -0.10000000000000003, 0.4, food.contains(food)
4, 3083, 6, -0.6000000000000001, 0.8, -0.10000000000000003, 0.6000000000000001, fruits.contains(food).add()
4, 3084, 6, -0.6000000000000001, 0.8, -0.10000000000000003, 0.8, fruits.contains(food).add()
4, 3085, 9, -0.6000000000000001, 0.8, -2.7755575615628914E-17, 0.0, fruits.contains(contains())
4, 3086, 5, -0.6000000000000001, 0.8, -2.7755575615628914E-17, 0.2, food.contains(food)
4, 3087, 5, -0.6000000000000001, 0.8, -2.7755575615628914E-17, 0.4, food.contains(food)
4, 3088, 5, -0.6000000000000001, 0.8, -2.7755575615628914E-17, 0.6000000000000001, food.contains(food)
4, 3089, 5, -0.6000000000000001, 0.8, -2.7755575615628914E-17, 0.8, food.contains(food)
4, 3090, 9, -0.6000000000000001, 1.2000000000000002, -0.5, 0.0, fruits.contains(contains())
4, 3091, 5, -0.6000000000000001, 1.2000000000000002, -0.5, 0.2, food.contains(food)
4, 3092, 5, -0.6000000000000001, 1.2000000000000002, -0.5, 0.4, food.contains(food)
4, 3093, 5, -0.6000000000000001, 1.2000000000000002, -0.5, 0.6000000000000001, food.contains(food)
4, 3094, 5, -0.6000000000000001, 1.2000000000000002, -0.5, 0.8, food.contains(food)
4, 3095, 9, -0.6000000000000001, 1.2000000000000002, -0.4, 0.0, fruits.contains(contains())
4, 3096, 5, -0.6000000000000001, 1.2000000000000002, -0.4, 0.2, food.contains(food)
4, 3097, 5, -0.6000000000000001, 1.2000000000000002, -0.4, 0.4, food.contains(food)
4, 3098, 5, -0.6000000000000001, 1.2000000000000002, -0.4, 0.6000000000000001, food.contains(food)
4, 3099, 6, -0.6000000000000001, 1.2000000000000002, -0.4, 0.8, fruits.contains(food).add()
4, 3100, 9, -0.6000000000000001, 1.2000000000000002, -0.30000000000000004, 0.0, fruits.contains(contains())
4, 3101, 6, -0.6000000000000001, 1.2000000000000002, -0.30000000000000004, 0.2, fruits.contains(food).add()
4, 3102, 6, -0.6000000000000001, 1.2000000000000002, -0.30000000000000004, 0.4, fruits.contains(food).add()
4, 3103, 6, -0.6000000000000001, 1.2000000000000002, -0.30000000000000004, 0.6000000000000001, fruits.contains(food).add()
4, 3104, 6, -0.6000000000000001, 1.2000000000000002, -0.30000000000000004, 0.8, fruits.contains(food).add()
4, 3105, 9, -0.6000000000000001, 1.2000000000000002, -0.20000000000000004, 0.0, fruits.contains(contains())
4, 3106, 6, -0.6000000000000001, 1.2000000000000002, -0.20000000000000004, 0.2, fruits.contains(food).add()
4, 3107, 6, -0.6000000000000001, 1.2000000000000002, -0.20000000000000004, 0.4, fruits.contains(food).add()
4, 3108, 6, -0.6000000000000001, 1.2000000000000002, -0.20000000000000004, 0.6000000000000001, fruits.contains(food).add()
4, 3109, 11, -0.6000000000000001, 1.2000000000000002, -0.20000000000000004, 0.8, fruits.contains(food).contains()
4, 3110, 9, -0.6000000000000001, 1.2000000000000002, -0.10000000000000003, 0.0, fruits.contains(contains())
4, 3111, 6, -0.6000000000000001, 1.2000000000000002, -0.10000000000000003, 0.2, fruits.contains(food).add()
4, 3112, 6, -0.6000000000000001, 1.2000000000000002, -0.10000000000000003, 0.4, fruits.contains(food).add()
4, 3113, 5, -0.6000000000000001, 1.2000000000000002, -0.10000000000000003, 0.6000000000000001, food.contains(food)
4, 3114, 11, -0.6000000000000001, 1.2000000000000002, -0.10000000000000003, 0.8, fruits.contains(food).contains()
4, 3115, 12, -0.6000000000000001, 1.2000000000000002, -2.7755575615628914E-17, 0.0, fruits.contains(containsKey())
4, 3116, 11, -0.6000000000000001, 1.2000000000000002, -2.7755575615628914E-17, 0.2, fruits.containsAll(values())
4, 3117, 11, -0.6000000000000001, 1.2000000000000002, -2.7755575615628914E-17, 0.4, fruits.containsAll(values())
4, 3118, 12, -0.6000000000000001, 1.2000000000000002, -2.7755575615628914E-17, 0.6000000000000001, food.endsWith(food)
4, 3119, 11, -0.6000000000000001, 1.2000000000000002, -2.7755575615628914E-17, 0.8, fruits.containsAll(values())
4, 3120, 5, -0.6000000000000001, 1.6, -0.5, 0.0, food.contains(food)
4, 3121, 5, -0.6000000000000001, 1.6, -0.5, 0.2, food.contains(food)
4, 3122, 6, -0.6000000000000001, 1.6, -0.5, 0.4, fruits.contains(food).add()
4, 3123, 5, -0.6000000000000001, 1.6, -0.5, 0.6000000000000001, food.contains(food)
4, 3124, 5, -0.6000000000000001, 1.6, -0.5, 0.8, food.contains(food)
4, 3125, 5, -0.6000000000000001, 1.6, -0.4, 0.0, food.contains(food)
4, 3126, 5, -0.6000000000000001, 1.6, -0.4, 0.2, food.contains(food)
4, 3127, 6, -0.6000000000000001, 1.6, -0.4, 0.4, fruits.contains(food).add()
4, 3128, 5, -0.6000000000000001, 1.6, -0.4, 0.6000000000000001, food.contains(food)
4, 3129, 6, -0.6000000000000001, 1.6, -0.4, 0.8, fruits.contains(food).add()
4, 3130, 5, -0.6000000000000001, 1.6, -0.30000000000000004, 0.0, food.contains(food)
4, 3131, 5, -0.6000000000000001, 1.6, -0.30000000000000004, 0.2, food.contains(food)
4, 3132, 5, -0.6000000000000001, 1.6, -0.30000000000000004, 0.4, food.contains(food)
4, 3133, 5, -0.6000000000000001, 1.6, -0.30000000000000004, 0.6000000000000001, food.contains(food)
4, 3134, 5, -0.6000000000000001, 1.6, -0.30000000000000004, 0.8, food.contains(food)
4, 3135, 5, -0.6000000000000001, 1.6, -0.20000000000000004, 0.0, food.contains(food)
4, 3136, 5, -0.6000000000000001, 1.6, -0.20000000000000004, 0.2, food.contains(food)
4, 3137, 6, -0.6000000000000001, 1.6, -0.20000000000000004, 0.4, fruits.contains(food).add()
4, 3138, 6, -0.6000000000000001, 1.6, -0.20000000000000004, 0.6000000000000001, fruits.contains(food).add()
4, 3139, 6, -0.6000000000000001, 1.6, -0.20000000000000004, 0.8, fruits.contains(food).add()
4, 3140, 11, -0.6000000000000001, 1.6, -0.10000000000000003, 0.0, fruits.containsAll(values())
4, 3141, 6, -0.6000000000000001, 1.6, -0.10000000000000003, 0.2, fruits.contains(food).add()
4, 3142, 6, -0.6000000000000001, 1.6, -0.10000000000000003, 0.4, fruits.contains(food).add()
4, 3143, 6, -0.6000000000000001, 1.6, -0.10000000000000003, 0.6000000000000001, fruits.contains(food).add()
4, 3144, 11, -0.6000000000000001, 1.6, -0.10000000000000003, 0.8, fruits.contains(food).contains()
4, 3145, 11, -0.6000000000000001, 1.6, -2.7755575615628914E-17, 0.0, fruits.containsAll(values())
4, 3146, 11, -0.6000000000000001, 1.6, -2.7755575615628914E-17, 0.2, fruits.containsAll(values())
4, 3147, 12, -0.6000000000000001, 1.6, -2.7755575615628914E-17, 0.4, fruits.isEmpty()
4, 3148, 12, -0.6000000000000001, 1.6, -2.7755575615628914E-17, 0.6000000000000001, fruits.isEmpty()
4, 3149, 11, -0.6000000000000001, 1.6, -2.7755575615628914E-17, 0.8, fruits.containsAll(values())
4, 3150, 9, -0.4000000000000001, 0.0, -0.5, 0.0, fruits.contains(contains())
4, 3151, 0, -0.4000000000000001, 0.0, -0.5, 0.2, fruits.contains(food)
4, 3152, 0, -0.4000000000000001, 0.0, -0.5, 0.4, fruits.contains(food)
4, 3153, 0, -0.4000000000000001, 0.0, -0.5, 0.6000000000000001, fruits.contains(food)
4, 3154, 0, -0.4000000000000001, 0.0, -0.5, 0.8, fruits.contains(food)
4, 3155, 11, -0.4000000000000001, 0.0, -0.4, 0.0, contains()
4, 3156, 0, -0.4000000000000001, 0.0, -0.4, 0.2, fruits.contains(food)
4, 3157, 0, -0.4000000000000001, 0.0, -0.4, 0.4, fruits.contains(food)
4, 3158, 0, -0.4000000000000001, 0.0, -0.4, 0.6000000000000001, fruits.contains(food)
4, 3159, 0, -0.4000000000000001, 0.0, -0.4, 0.8, fruits.contains(food)
4, 3160, 9, -0.4000000000000001, 0.0, -0.30000000000000004, 0.0, fruits.contains(contains())
4, 3161, 0, -0.4000000000000001, 0.0, -0.30000000000000004, 0.2, fruits.contains(food)
4, 3162, 0, -0.4000000000000001, 0.0, -0.30000000000000004, 0.4, fruits.contains(food)
4, 3163, 0, -0.4000000000000001, 0.0, -0.30000000000000004, 0.6000000000000001, fruits.contains(food)
4, 3164, 12, -0.4000000000000001, 0.0, -0.30000000000000004, 0.8, fruits.isEmpty()
4, 3165, 9, -0.4000000000000001, 0.0, -0.20000000000000004, 0.0, fruits.contains(contains())
4, 3166, 11, -0.4000000000000001, 0.0, -0.20000000000000004, 0.2, contains()
4, 3167, 0, -0.4000000000000001, 0.0, -0.20000000000000004, 0.4, fruits.contains(food)
4, 3168, 9, -0.4000000000000001, 0.0, -0.20000000000000004, 0.6000000000000001, food.contains()
4, 3169, 12, -0.4000000000000001, 0.0, -0.20000000000000004, 0.8, fruits.isEmpty()
4, 3170, 11, -0.4000000000000001, 0.0, -0.10000000000000003, 0.0, contains()
4, 3171, 0, -0.4000000000000001, 0.0, -0.10000000000000003, 0.2, fruits.contains(food)
4, 3172, 0, -0.4000000000000001, 0.0, -0.10000000000000003, 0.4, fruits.contains(food)
4, 3173, 0, -0.4000000000000001, 0.0, -0.10000000000000003, 0.6000000000000001, fruits.contains(food)
4, 3174, 11, -0.4000000000000001, 0.0, -0.10000000000000003, 0.8, fruits.containsAll(values())
4, 3175, 11, -0.4000000000000001, 0.0, -2.7755575615628914E-17, 0.0, contains()
4, 3176, 11, -0.4000000000000001, 0.0, -2.7755575615628914E-17, 0.2, contains()
4, 3177, 11, -0.4000000000000001, 0.0, -2.7755575615628914E-17, 0.4, contains()
4, 3178, 15, -0.4000000000000001, 0.0, -2.7755575615628914E-17, 0.6000000000000001, Boolean.valueOf(food)
4, 3179, 18, -0.4000000000000001, 0.0, -2.7755575615628914E-17, 0.8, Compiler.compileClass()
4, 3180, 9, -0.4000000000000001, 0.4, -0.5, 0.0, fruits.contains(contains())
4, 3181, 6, -0.4000000000000001, 0.4, -0.5, 0.2, fruits.contains(food).add()
4, 3182, 6, -0.4000000000000001, 0.4, -0.5, 0.4, fruits.contains(food).add()
4, 3183, 6, -0.4000000000000001, 0.4, -0.5, 0.6000000000000001, fruits.contains(food).add()
4, 3184, 6, -0.4000000000000001, 0.4, -0.5, 0.8, fruits.contains(food).add()
4, 3185, 9, -0.4000000000000001, 0.4, -0.4, 0.0, fruits.contains(contains())
4, 3186, 6, -0.4000000000000001, 0.4, -0.4, 0.2, fruits.contains(food).add()
4, 3187, 6, -0.4000000000000001, 0.4, -0.4, 0.4, fruits.contains(food).add()
4, 3188, 6, -0.4000000000000001, 0.4, -0.4, 0.6000000000000001, fruits.contains(food).add()
4, 3189, 6, -0.4000000000000001, 0.4, -0.4, 0.8, fruits.contains(food).add()
4, 3190, 9, -0.4000000000000001, 0.4, -0.30000000000000004, 0.0, fruits.contains(contains())
4, 3191, 6, -0.4000000000000001, 0.4, -0.30000000000000004, 0.2, fruits.contains(food).add()
4, 3192, 6, -0.4000000000000001, 0.4, -0.30000000000000004, 0.4, fruits.contains(food).add()
4, 3193, 6, -0.4000000000000001, 0.4, -0.30000000000000004, 0.6000000000000001, fruits.contains(food).add()
4, 3194, 6, -0.4000000000000001, 0.4, -0.30000000000000004, 0.8, fruits.contains(food).add()
4, 3195, 9, -0.4000000000000001, 0.4, -0.20000000000000004, 0.0, fruits.contains(contains())
4, 3196, 6, -0.4000000000000001, 0.4, -0.20000000000000004, 0.2, fruits.contains(food).add()
4, 3197, 6, -0.4000000000000001, 0.4, -0.20000000000000004, 0.4, fruits.contains(food).add()
4, 3198, 6, -0.4000000000000001, 0.4, -0.20000000000000004, 0.6000000000000001, fruits.contains(food).add()
4, 3199, 6, -0.4000000000000001, 0.4, -0.20000000000000004, 0.8, fruits.contains(food).add()
4, 3200, 9, -0.4000000000000001, 0.4, -0.10000000000000003, 0.0, fruits.contains(contains())
4, 3201, 6, -0.4000000000000001, 0.4, -0.10000000000000003, 0.2, fruits.contains(food).add()
4, 3202, 6, -0.4000000000000001, 0.4, -0.10000000000000003, 0.4, fruits.contains(food).add()
4, 3203, 11, -0.4000000000000001, 0.4, -0.10000000000000003, 0.6000000000000001, fruits.contains(food).contains()
4, 3204, 6, -0.4000000000000001, 0.4, -0.10000000000000003, 0.8, fruits.contains(food).add()
4, 3205, 11, -0.4000000000000001, 0.4, -2.7755575615628914E-17, 0.0, contains()
4, 3206, 11, -0.4000000000000001, 0.4, -2.7755575615628914E-17, 0.2, fruits.contains(food).contains()
4, 3207, 11, -0.4000000000000001, 0.4, -2.7755575615628914E-17, 0.4, fruits.contains(food).contains()
4, 3208, 11, -0.4000000000000001, 0.4, -2.7755575615628914E-17, 0.6000000000000001, food.matches(food)
4, 3209, 11, -0.4000000000000001, 0.4, -2.7755575615628914E-17, 0.8, fruits.containsAll(values())
4, 3210, 9, -0.4000000000000001, 0.8, -0.5, 0.0, fruits.contains(contains())
4, 3211, 5, -0.4000000000000001, 0.8, -0.5, 0.2, food.contains(food)
4, 3212, 5, -0.4000000000000001, 0.8, -0.5, 0.4, food.contains(food)
4, 3213, 5, -0.4000000000000001, 0.8, -0.5, 0.6000000000000001, food.contains(food)
4, 3214, 5, -0.4000000000000001, 0.8, -0.5, 0.8, food.contains(food)
4, 3215, 9, -0.4000000000000001, 0.8, -0.4, 0.0, fruits.contains(contains())
4, 3216, 5, -0.4000000000000001, 0.8, -0.4, 0.2, food.contains(food)
4, 3217, 5, -0.4000000000000001, 0.8, -0.4, 0.4, food.contains(food)
4, 3218, 6, -0.4000000000000001, 0.8, -0.4, 0.6000000000000001, fruits.contains(food).add()
4, 3219, 11, -0.4000000000000001, 0.8, -0.4, 0.8, fruits.contains(food).contains()
4, 3220, 9, -0.4000000000000001, 0.8, -0.30000000000000004, 0.0, fruits.contains(contains())
4, 3221, 5, -0.4000000000000001, 0.8, -0.30000000000000004, 0.2, food.contains(food)
4, 3222, 5, -0.4000000000000001, 0.8, -0.30000000000000004, 0.4, food.contains(food)
4, 3223, 6, -0.4000000000000001, 0.8, -0.30000000000000004, 0.6000000000000001, fruits.contains(food).add()
4, 3224, 6, -0.4000000000000001, 0.8, -0.30000000000000004, 0.8, fruits.contains(food).add()
4, 3225, 9, -0.4000000000000001, 0.8, -0.20000000000000004, 0.0, fruits.contains(contains())
4, 3226, 6, -0.4000000000000001, 0.8, -0.20000000000000004, 0.2, fruits.contains(food).add()
4, 3227, 6, -0.4000000000000001, 0.8, -0.20000000000000004, 0.4, fruits.contains(food).add()
4, 3228, 6, -0.4000000000000001, 0.8, -0.20000000000000004, 0.6000000000000001, fruits.contains(food).add()
4, 3229, 11, -0.4000000000000001, 0.8, -0.20000000000000004, 0.8, fruits.contains(food).contains()
4, 3230, 9, -0.4000000000000001, 0.8, -0.10000000000000003, 0.0, fruits.contains(contains())
4, 3231, 6, -0.4000000000000001, 0.8, -0.10000000000000003, 0.2, fruits.contains(food).add()
4, 3232, 6, -0.4000000000000001, 0.8, -0.10000000000000003, 0.4, fruits.contains(food).add()
4, 3233, 11, -0.4000000000000001, 0.8, -0.10000000000000003, 0.6000000000000001, fruits.contains(food).contains()
4, 3234, 6, -0.4000000000000001, 0.8, -0.10000000000000003, 0.8, fruits.contains(food).add()
4, 3235, 11, -0.4000000000000001, 0.8, -2.7755575615628914E-17, 0.0, fruits.remove(contains())
4, 3236, 5, -0.4000000000000001, 0.8, -2.7755575615628914E-17, 0.2, food.contains(food)
4, 3237, 11, -0.4000000000000001, 0.8, -2.7755575615628914E-17, 0.4, food.matches(food)
4, 3238, 11, -0.4000000000000001, 0.8, -2.7755575615628914E-17, 0.6000000000000001, fruits.containsAll(values())
4, 3239, 11, -0.4000000000000001, 0.8, -2.7755575615628914E-17, 0.8, fruits.containsAll(values())
4, 3240, 5, -0.4000000000000001, 1.2000000000000002, -0.5, 0.0, food.contains(food)
4, 3241, 5, -0.4000000000000001, 1.2000000000000002, -0.5, 0.2, food.contains(food)
4, 3242, 5, -0.4000000000000001, 1.2000000000000002, -0.5, 0.4, food.contains(food)
4, 3243, 6, -0.4000000000000001, 1.2000000000000002, -0.5, 0.6000000000000001, fruits.contains(food).add()
4, 3244, 5, -0.4000000000000001, 1.2000000000000002, -0.5, 0.8, food.contains(food)
4, 3245, 12, -0.4000000000000001, 1.2000000000000002, -0.4, 0.0, food.endsWith(food)
4, 3246, 6, -0.4000000000000001, 1.2000000000000002, -0.4, 0.2, fruits.contains(food).add()
4, 3247, 6, -0.4000000000000001, 1.2000000000000002, -0.4, 0.4, fruits.contains(food).add()
4, 3248, 6, -0.4000000000000001, 1.2000000000000002, -0.4, 0.6000000000000001, fruits.contains(food).add()
4, 3249, 11, -0.4000000000000001, 1.2000000000000002, -0.4, 0.8, fruits.contains(food).contains()
4, 3250, 5, -0.4000000000000001, 1.2000000000000002, -0.30000000000000004, 0.0, food.contains(food)
4, 3251, 6, -0.4000000000000001, 1.2000000000000002, -0.30000000000000004, 0.2, fruits.contains(food).add()
4, 3252, 5, -0.4000000000000001, 1.2000000000000002, -0.30000000000000004, 0.4, food.contains(food)
4, 3253, 6, -0.4000000000000001, 1.2000000000000002, -0.30000000000000004, 0.6000000000000001, fruits.contains(food).add()
4, 3254, 6, -0.4000000000000001, 1.2000000000000002, -0.30000000000000004, 0.8, fruits.contains(food).add()
4, 3255, 5, -0.4000000000000001, 1.2000000000000002, -0.20000000000000004, 0.0, food.contains(food)
4, 3256, 6, -0.4000000000000001, 1.2000000000000002, -0.20000000000000004, 0.2, fruits.contains(food).add()
4, 3257, 6, -0.4000000000000001, 1.2000000000000002, -0.20000000000000004, 0.4, fruits.contains(food).add()
4, 3258, 11, -0.4000000000000001, 1.2000000000000002, -0.20000000000000004, 0.6000000000000001, fruits.contains(food).contains()
4, 3259, 11, -0.4000000000000001, 1.2000000000000002, -0.20000000000000004, 0.8, fruits.contains(food).contains()
4, 3260, 12, -0.4000000000000001, 1.2000000000000002, -0.10000000000000003, 0.0, fruits.isEmpty()
4, 3261, 6, -0.4000000000000001, 1.2000000000000002, -0.10000000000000003, 0.2, fruits.contains(food).add()
4, 3262, 6, -0.4000000000000001, 1.2000000000000002, -0.10000000000000003, 0.4, fruits.contains(food).add()
4, 3263, 6, -0.4000000000000001, 1.2000000000000002, -0.10000000000000003, 0.6000000000000001, fruits.contains(food).add()
4, 3264, 6, -0.4000000000000001, 1.2000000000000002, -0.10000000000000003, 0.8, fruits.contains(food).add()
4, 3265, 12, -0.4000000000000001, 1.2000000000000002, -2.7755575615628914E-17, 0.0, fruits.isEmpty()
4, 3266, 11, -0.4000000000000001, 1.2000000000000002, -2.7755575615628914E-17, 0.2, fruits.containsAll(values())
4, 3267, 12, -0.4000000000000001, 1.2000000000000002, -2.7755575615628914E-17, 0.4, fruits.isEmpty()
4, 3268, 11, -0.4000000000000001, 1.2000000000000002, -2.7755575615628914E-17, 0.6000000000000001, fruits.containsAll(values())
4, 3269, 11, -0.4000000000000001, 1.2000000000000002, -2.7755575615628914E-17, 0.8, fruits.containsAll(values())
4, 3270, 5, -0.4000000000000001, 1.6, -0.5, 0.0, food.contains(food)
4, 3271, 5, -0.4000000000000001, 1.6, -0.5, 0.2, food.contains(food)
4, 3272, 5, -0.4000000000000001, 1.6, -0.5, 0.4, food.contains(food)
4, 3273, 5, -0.4000000000000001, 1.6, -0.5, 0.6000000000000001, food.contains(food)
4, 3274, 5, -0.4000000000000001, 1.6, -0.5, 0.8, food.contains(food)
4, 3275, 11, -0.4000000000000001, 1.6, -0.4, 0.0, fruits.containsAll(values())
4, 3276, 6, -0.4000000000000001, 1.6, -0.4, 0.2, fruits.contains(food).add()
4, 3277, 6, -0.4000000000000001, 1.6, -0.4, 0.4, fruits.contains(food).add()
4, 3278, 6, -0.4000000000000001, 1.6, -0.4, 0.6000000000000001, fruits.contains(food).add()
4, 3279, 11, -0.4000000000000001, 1.6, -0.4, 0.8, fruits.contains(food).contains()
4, 3280, 11, -0.4000000000000001, 1.6, -0.30000000000000004, 0.0, fruits.containsAll(values())
4, 3281, 6, -0.4000000000000001, 1.6, -0.30000000000000004, 0.2, fruits.contains(food).add()
4, 3282, 6, -0.4000000000000001, 1.6, -0.30000000000000004, 0.4, fruits.contains(food).add()
4, 3283, 6, -0.4000000000000001, 1.6, -0.30000000000000004, 0.6000000000000001, fruits.contains(food).add()
4, 3284, 6, -0.4000000000000001, 1.6, -0.30000000000000004, 0.8, fruits.contains(food).add()
4, 3285, 12, -0.4000000000000001, 1.6, -0.20000000000000004, 0.0, fruits.isEmpty()
4, 3286, 6, -0.4000000000000001, 1.6, -0.20000000000000004, 0.2, fruits.contains(food).add()
4, 3287, 6, -0.4000000000000001, 1.6, -0.20000000000000004, 0.4, fruits.contains(food).add()
4, 3288, 6, -0.4000000000000001, 1.6, -0.20000000000000004, 0.6000000000000001, fruits.contains(food).add()
4, 3289, 6, -0.4000000000000001, 1.6, -0.20000000000000004, 0.8, fruits.contains(food).add()
4, 3290, 11, -0.4000000000000001, 1.6, -0.10000000000000003, 0.0, fruits.containsAll(values())
4, 3291, 6, -0.4000000000000001, 1.6, -0.10000000000000003, 0.2, fruits.contains(food).add()
4, 3292, 6, -0.4000000000000001, 1.6, -0.10000000000000003, 0.4, fruits.contains(food).add()
4, 3293, 11, -0.4000000000000001, 1.6, -0.10000000000000003, 0.6000000000000001, fruits.contains(food).contains()
4, 3294, 6, -0.4000000000000001, 1.6, -0.10000000000000003, 0.8, fruits.contains(food).add()
4, 3295, 11, -0.4000000000000001, 1.6, -2.7755575615628914E-17, 0.0, fruits.containsAll(values())
4, 3296, 12, -0.4000000000000001, 1.6, -2.7755575615628914E-17, 0.2, fruits.isEmpty()
4, 3297, 11, -0.4000000000000001, 1.6, -2.7755575615628914E-17, 0.4, fruits.containsAll(values())
4, 3298, 11, -0.4000000000000001, 1.6, -2.7755575615628914E-17, 0.6000000000000001, fruits.containsAll(values())
4, 3299, 11, -0.4000000000000001, 1.6, -2.7755575615628914E-17, 0.8, fruits.containsAll(values())
4, 3300, 9, -0.20000000000000007, 0.0, -0.5, 0.0, fruits.contains(contains())
4, 3301, 0, -0.20000000000000007, 0.0, -0.5, 0.2, fruits.contains(food)
4, 3302, 0, -0.20000000000000007, 0.0, -0.5, 0.4, fruits.contains(food)
4, 3303, 11, -0.20000000000000007, 0.0, -0.5, 0.6000000000000001, fruits.contains(food).contains()
4, 3304, 11, -0.20000000000000007, 0.0, -0.5, 0.8, fruits.containsAll(values())
4, 3305, 9, -0.20000000000000007, 0.0, -0.4, 0.0, fruits.contains(contains())
4, 3306, 0, -0.20000000000000007, 0.0, -0.4, 0.2, fruits.contains(food)
4, 3307, 0, -0.20000000000000007, 0.0, -0.4, 0.4, fruits.contains(food)
4, 3308, 13, -0.20000000000000007, 0.0, -0.4, 0.6000000000000001, new Boolean(fruits.contains(food))
4, 3309, 11, -0.20000000000000007, 0.0, -0.4, 0.8, fruits.containsAll(values())
4, 3310, 9, -0.20000000000000007, 0.0, -0.30000000000000004, 0.0, fruits.contains(contains())
4, 3311, 0, -0.20000000000000007, 0.0, -0.30000000000000004, 0.2, fruits.contains(food)
4, 3312, 0, -0.20000000000000007, 0.0, -0.30000000000000004, 0.4, fruits.contains(food)
4, 3313, 12, -0.20000000000000007, 0.0, -0.30000000000000004, 0.6000000000000001, fruits.isEmpty()
4, 3314, 11, -0.20000000000000007, 0.0, -0.30000000000000004, 0.8, fruits.containsAll(values())
4, 3315, 9, -0.20000000000000007, 0.0, -0.20000000000000004, 0.0, fruits.contains(contains())
4, 3316, 0, -0.20000000000000007, 0.0, -0.20000000000000004, 0.2, fruits.contains(food)
4, 3317, 0, -0.20000000000000007, 0.0, -0.20000000000000004, 0.4, fruits.contains(food)
4, 3318, 11, -0.20000000000000007, 0.0, -0.20000000000000004, 0.6000000000000001, fruits.containsAll(values())
4, 3319, 12, -0.20000000000000007, 0.0, -0.20000000000000004, 0.8, fruits.isEmpty()
4, 3320, 9, -0.20000000000000007, 0.0, -0.10000000000000003, 0.0, fruits.contains(contains())
4, 3321, 0, -0.20000000000000007, 0.0, -0.10000000000000003, 0.2, fruits.contains(food)
4, 3322, 11, -0.20000000000000007, 0.0, -0.10000000000000003, 0.4, fruits.containsAll(values())
4, 3323, 12, -0.20000000000000007, 0.0, -0.10000000000000003, 0.6000000000000001, fruits.isEmpty()
4, 3324, 11, -0.20000000000000007, 0.0, -0.10000000000000003, 0.8, fruits.containsAll(values())
4, 3325, 11, -0.20000000000000007, 0.0, -2.7755575615628914E-17, 0.0, contains()
4, 3326, 11, -0.20000000000000007, 0.0, -2.7755575615628914E-17, 0.2, contains()
4, 3327, 12, -0.20000000000000007, 0.0, -2.7755575615628914E-17, 0.4, fruits.isEmpty()
4, 3328, 12, -0.20000000000000007, 0.0, -2.7755575615628914E-17, 0.6000000000000001, fruits.isEmpty()
4, 3329, 12, -0.20000000000000007, 0.0, -2.7755575615628914E-17, 0.8, fruits.isEmpty()
4, 3330, 9, -0.20000000000000007, 0.4, -0.5, 0.0, fruits.contains(contains())
4, 3331, 5, -0.20000000000000007, 0.4, -0.5, 0.2, food.contains(food)
4, 3332, 5, -0.20000000000000007, 0.4, -0.5, 0.4, food.contains(food)
4, 3333, 11, -0.20000000000000007, 0.4, -0.5, 0.6000000000000001, fruits.contains(food).contains()
4, 3334, 6, -0.20000000000000007, 0.4, -0.5, 0.8, fruits.contains(food).add()
4, 3335, 9, -0.20000000000000007, 0.4, -0.4, 0.0, fruits.contains(contains())
4, 3336, 5, -0.20000000000000007, 0.4, -0.4, 0.2, food.contains(food)
4, 3337, 6, -0.20000000000000007, 0.4, -0.4, 0.4, fruits.contains(food).add()
4, 3338, 6, -0.20000000000000007, 0.4, -0.4, 0.6000000000000001, fruits.contains(food).add()
4, 3339, 6, -0.20000000000000007, 0.4, -0.4, 0.8, fruits.contains(food).add()
4, 3340, 9, -0.20000000000000007, 0.4, -0.30000000000000004, 0.0, fruits.contains(contains())
4, 3341, 5, -0.20000000000000007, 0.4, -0.30000000000000004, 0.2, food.contains(food)
4, 3342, 5, -0.20000000000000007, 0.4, -0.30000000000000004, 0.4, food.contains(food)
4, 3343, 6, -0.20000000000000007, 0.4, -0.30000000000000004, 0.6000000000000001, fruits.contains(food).add()
4, 3344, 11, -0.20000000000000007, 0.4, -0.30000000000000004, 0.8, fruits.contains(food).contains()
4, 3345, 9, -0.20000000000000007, 0.4, -0.20000000000000004, 0.0, fruits.contains(contains())
4, 3346, 6, -0.20000000000000007, 0.4, -0.20000000000000004, 0.2, fruits.contains(food).add()
4, 3347, 6, -0.20000000000000007, 0.4, -0.20000000000000004, 0.4, fruits.contains(food).add()
4, 3348, 6, -0.20000000000000007, 0.4, -0.20000000000000004, 0.6000000000000001, fruits.contains(food).add()
4, 3349, 11, -0.20000000000000007, 0.4, -0.20000000000000004, 0.8, fruits.contains(food).contains()
4, 3350, 9, -0.20000000000000007, 0.4, -0.10000000000000003, 0.0, fruits.contains(contains())
4, 3351, 6, -0.20000000000000007, 0.4, -0.10000000000000003, 0.2, fruits.contains(food).add()
4, 3352, 11, -0.20000000000000007, 0.4, -0.10000000000000003, 0.4, fruits.contains(food).contains()
4, 3353, 11, -0.20000000000000007, 0.4, -0.10000000000000003, 0.6000000000000001, fruits.contains(food).contains()
4, 3354, 11, -0.20000000000000007, 0.4, -0.10000000000000003, 0.8, fruits.contains(food).contains()
4, 3355, 9, -0.20000000000000007, 0.4, -2.7755575615628914E-17, 0.0, fruits.contains(contains())
4, 3356, 11, -0.20000000000000007, 0.4, -2.7755575615628914E-17, 0.2, fruits.contains(food).contains()
4, 3357, 11, -0.20000000000000007, 0.4, -2.7755575615628914E-17, 0.4, fruits.containsAll(values())
4, 3358, 12, -0.20000000000000007, 0.4, -2.7755575615628914E-17, 0.6000000000000001, fruits.isEmpty()
4, 3359, 11, -0.20000000000000007, 0.4, -2.7755575615628914E-17, 0.8, fruits.containsAll(values())
4, 3360, 5, -0.20000000000000007, 0.8, -0.5, 0.0, food.contains(food)
4, 3361, 5, -0.20000000000000007, 0.8, -0.5, 0.2, food.contains(food)
4, 3362, 5, -0.20000000000000007, 0.8, -0.5, 0.4, food.contains(food)
4, 3363, 11, -0.20000000000000007, 0.8, -0.5, 0.6000000000000001, fruits.contains(food).contains()
4, 3364, 6, -0.20000000000000007, 0.8, -0.5, 0.8, fruits.contains(food).add()
4, 3365, 11, -0.20000000000000007, 0.8, -0.4, 0.0, fruits.containsAll(values())
4, 3366, 6, -0.20000000000000007, 0.8, -0.4, 0.2, fruits.contains(food).add()
4, 3367, 6, -0.20000000000000007, 0.8, -0.4, 0.4, fruits.contains(food).add()
4, 3368, 6, -0.20000000000000007, 0.8, -0.4, 0.6000000000000001, fruits.contains(food).add()
4, 3369, 6, -0.20000000000000007, 0.8, -0.4, 0.8, fruits.contains(food).add()
4, 3370, 5, -0.20000000000000007, 0.8, -0.30000000000000004, 0.0, food.contains(food)
4, 3371, 6, -0.20000000000000007, 0.8, -0.30000000000000004, 0.2, fruits.contains(food).add()
4, 3372, 5, -0.20000000000000007, 0.8, -0.30000000000000004, 0.4, food.contains(food)
4, 3373, 6, -0.20000000000000007, 0.8, -0.30000000000000004, 0.6000000000000001, fruits.contains(food).add()
4, 3374, 11, -0.20000000000000007, 0.8, -0.30000000000000004, 0.8, fruits.contains(food).contains()
4, 3375, 5, -0.20000000000000007, 0.8, -0.20000000000000004, 0.0, food.contains(food)
4, 3376, 6, -0.20000000000000007, 0.8, -0.20000000000000004, 0.2, fruits.contains(food).add()
4, 3377, 11, -0.20000000000000007, 0.8, -0.20000000000000004, 0.4, fruits.contains(food).contains()
4, 3378, 6, -0.20000000000000007, 0.8, -0.20000000000000004, 0.6000000000000001, fruits.contains(food).add()
4, 3379, 11, -0.20000000000000007, 0.8, -0.20000000000000004, 0.8, fruits.contains(food).contains()
4, 3380, 12, -0.20000000000000007, 0.8, -0.10000000000000003, 0.0, fruits.isEmpty()
4, 3381, 6, -0.20000000000000007, 0.8, -0.10000000000000003, 0.2, fruits.contains(food).add()
4, 3382, 11, -0.20000000000000007, 0.8, -0.10000000000000003, 0.4, fruits.contains(food).contains()
4, 3383, 11, -0.20000000000000007, 0.8, -0.10000000000000003, 0.6000000000000001, fruits.contains(food).contains()
4, 3384, 11, -0.20000000000000007, 0.8, -0.10000000000000003, 0.8, fruits.contains(food).contains()
4, 3385, 12, -0.20000000000000007, 0.8, -2.7755575615628914E-17, 0.0, fruits.isEmpty()
4, 3386, 12, -0.20000000000000007, 0.8, -2.7755575615628914E-17, 0.2, fruits.isEmpty()
4, 3387, 11, -0.20000000000000007, 0.8, -2.7755575615628914E-17, 0.4, fruits.containsAll(values())
4, 3388, 11, -0.20000000000000007, 0.8, -2.7755575615628914E-17, 0.6000000000000001, fruits.containsAll(values())
4, 3389, 12, -0.20000000000000007, 0.8, -2.7755575615628914E-17, 0.8, fruits.isEmpty()
4, 3390, 5, -0.20000000000000007, 1.2000000000000002, -0.5, 0.0, food.contains(food)
4, 3391, 6, -0.20000000000000007, 1.2000000000000002, -0.5, 0.2, fruits.contains(food).add()
4, 3392, 6, -0.20000000000000007, 1.2000000000000002, -0.5, 0.4, fruits.contains(food).add()
4, 3393, 11, -0.20000000000000007, 1.2000000000000002, -0.5, 0.6000000000000001, fruits.contains(food).contains()
4, 3394, 6, -0.20000000000000007, 1.2000000000000002, -0.5, 0.8, fruits.contains(food).add()
4, 3395, 5, -0.20000000000000007, 1.2000000000000002, -0.4, 0.0, food.contains(food)
4, 3396, 6, -0.20000000000000007, 1.2000000000000002, -0.4, 0.2, fruits.contains(food).add()
4, 3397, 6, -0.20000000000000007, 1.2000000000000002, -0.4, 0.4, fruits.contains(food).add()
4, 3398, 6, -0.20000000000000007, 1.2000000000000002, -0.4, 0.6000000000000001, fruits.contains(food).add()
4, 3399, 6, -0.20000000000000007, 1.2000000000000002, -0.4, 0.8, fruits.contains(food).add()
4, 3400, 12, -0.20000000000000007, 1.2000000000000002, -0.30000000000000004, 0.0, fruits.isEmpty()
4, 3401, 6, -0.20000000000000007, 1.2000000000000002, -0.30000000000000004, 0.2, fruits.contains(food).add()
4, 3402, 6, -0.20000000000000007, 1.2000000000000002, -0.30000000000000004, 0.4, fruits.contains(food).add()
4, 3403, 6, -0.20000000000000007, 1.2000000000000002, -0.30000000000000004, 0.6000000000000001, fruits.contains(food).add()
4, 3404, 6, -0.20000000000000007, 1.2000000000000002, -0.30000000000000004, 0.8, fruits.contains(food).add()
4, 3405, 12, -0.20000000000000007, 1.2000000000000002, -0.20000000000000004, 0.0, fruits.isEmpty()
4, 3406, 6, -0.20000000000000007, 1.2000000000000002, -0.20000000000000004, 0.2, fruits.contains(food).add()
4, 3407, 6, -0.20000000000000007, 1.2000000000000002, -0.20000000000000004, 0.4, fruits.contains(food).add()
4, 3408, 11, -0.20000000000000007, 1.2000000000000002, -0.20000000000000004, 0.6000000000000001, fruits.contains(food).contains()
4, 3409, 11, -0.20000000000000007, 1.2000000000000002, -0.20000000000000004, 0.8, fruits.contains(food).contains()
4, 3410, 12, -0.20000000000000007, 1.2000000000000002, -0.10000000000000003, 0.0, fruits.isEmpty()
4, 3411, 6, -0.20000000000000007, 1.2000000000000002, -0.10000000000000003, 0.2, fruits.contains(food).add()
4, 3412, 11, -0.20000000000000007, 1.2000000000000002, -0.10000000000000003, 0.4, fruits.contains(food).contains()
4, 3413, 11, -0.20000000000000007, 1.2000000000000002, -0.10000000000000003, 0.6000000000000001, fruits.contains(food).contains()
4, 3414, 11, -0.20000000000000007, 1.2000000000000002, -0.10000000000000003, 0.8, fruits.contains(food).contains()
4, 3415, 11, -0.20000000000000007, 1.2000000000000002, -2.7755575615628914E-17, 0.0, fruits.containsAll(values())
4, 3416, 11, -0.20000000000000007, 1.2000000000000002, -2.7755575615628914E-17, 0.2, fruits.containsAll(values())
4, 3417, 11, -0.20000000000000007, 1.2000000000000002, -2.7755575615628914E-17, 0.4, fruits.containsAll(values())
4, 3418, 11, -0.20000000000000007, 1.2000000000000002, -2.7755575615628914E-17, 0.6000000000000001, fruits.containsAll(values())
4, 3419, 11, -0.20000000000000007, 1.2000000000000002, -2.7755575615628914E-17, 0.8, fruits.containsAll(values())
4, 3420, 11, -0.20000000000000007, 1.6, -0.5, 0.0, fruits.containsAll(values())
4, 3421, 6, -0.20000000000000007, 1.6, -0.5, 0.2, fruits.contains(food).add()
4, 3422, 6, -0.20000000000000007, 1.6, -0.5, 0.4, fruits.contains(food).add()
4, 3423, 6, -0.20000000000000007, 1.6, -0.5, 0.6000000000000001, fruits.contains(food).add()
4, 3424, 6, -0.20000000000000007, 1.6, -0.5, 0.8, fruits.contains(food).add()
4, 3425, 11, -0.20000000000000007, 1.6, -0.4, 0.0, fruits.containsAll(values())
4, 3426, 6, -0.20000000000000007, 1.6, -0.4, 0.2, fruits.contains(food).add()
4, 3427, 6, -0.20000000000000007, 1.6, -0.4, 0.4, fruits.contains(food).add()
4, 3428, 6, -0.20000000000000007, 1.6, -0.4, 0.6000000000000001, fruits.contains(food).add()
4, 3429, 6, -0.20000000000000007, 1.6, -0.4, 0.8, fruits.contains(food).add()
4, 3430, 11, -0.20000000000000007, 1.6, -0.30000000000000004, 0.0, fruits.containsAll(values())
4, 3431, 6, -0.20000000000000007, 1.6, -0.30000000000000004, 0.2, fruits.contains(food).add()
4, 3432, 6, -0.20000000000000007, 1.6, -0.30000000000000004, 0.4, fruits.contains(food).add()
4, 3433, 6, -0.20000000000000007, 1.6, -0.30000000000000004, 0.6000000000000001, fruits.contains(food).add()
4, 3434, 11, -0.20000000000000007, 1.6, -0.30000000000000004, 0.8, fruits.contains(food).contains()
4, 3435, 12, -0.20000000000000007, 1.6, -0.20000000000000004, 0.0, fruits.isEmpty()
4, 3436, 6, -0.20000000000000007, 1.6, -0.20000000000000004, 0.2, fruits.contains(food).add()
4, 3437, 6, -0.20000000000000007, 1.6, -0.20000000000000004, 0.4, fruits.contains(food).add()
4, 3438, 11, -0.20000000000000007, 1.6, -0.20000000000000004, 0.6000000000000001, fruits.contains(food).contains()
4, 3439, 11, -0.20000000000000007, 1.6, -0.20000000000000004, 0.8, fruits.contains(food).contains()
4, 3440, 12, -0.20000000000000007, 1.6, -0.10000000000000003, 0.0, fruits.isEmpty()
4, 3441, 6, -0.20000000000000007, 1.6, -0.10000000000000003, 0.2, fruits.contains(food).add()
4, 3442, 11, -0.20000000000000007, 1.6, -0.10000000000000003, 0.4, fruits.contains(food).contains()
4, 3443, 6, -0.20000000000000007, 1.6, -0.10000000000000003, 0.6000000000000001, fruits.contains(food).add()
4, 3444, 6, -0.20000000000000007, 1.6, -0.10000000000000003, 0.8, fruits.contains(food).add()
4, 3445, 11, -0.20000000000000007, 1.6, -2.7755575615628914E-17, 0.0, fruits.containsAll(values())
4, 3446, 11, -0.20000000000000007, 1.6, -2.7755575615628914E-17, 0.2, fruits.containsAll(values())
4, 3447, 11, -0.20000000000000007, 1.6, -2.7755575615628914E-17, 0.4, fruits.containsAll(values())
4, 3448, 11, -0.20000000000000007, 1.6, -2.7755575615628914E-17, 0.6000000000000001, fruits.containsAll(values())
4, 3449, 11, -0.20000000000000007, 1.6, -2.7755575615628914E-17, 0.8, fruits.containsAll(values())
4, 3450, 9, -5.551115123125783E-17, 0.0, -0.5, 0.0, fruits.contains(contains())
4, 3451, 5, -5.551115123125783E-17, 0.0, -0.5, 0.2, food.contains(food)
4, 3452, 6, -5.551115123125783E-17, 0.0, -0.5, 0.4, fruits.contains(food).add()
4, 3453, 11, -5.551115123125783E-17, 0.0, -0.5, 0.6000000000000001, fruits.containsAll(values())
4, 3454, 11, -5.551115123125783E-17, 0.0, -0.5, 0.8, fruits.containsAll(values())
4, 3455, 9, -5.551115123125783E-17, 0.0, -0.4, 0.0, fruits.contains(contains())
4, 3456, 5, -5.551115123125783E-17, 0.0, -0.4, 0.2, food.contains(food)
4, 3457, 11, -5.551115123125783E-17, 0.0, -0.4, 0.4, fruits.containsAll(values())
4, 3458, 12, -5.551115123125783E-17, 0.0, -0.4, 0.6000000000000001, fruits.isEmpty()
4, 3459, 12, -5.551115123125783E-17, 0.0, -0.4, 0.8, fruits.isEmpty()
4, 3460, 9, -5.551115123125783E-17, 0.0, -0.30000000000000004, 0.0, fruits.contains(contains())
4, 3461, 6, -5.551115123125783E-17, 0.0, -0.30000000000000004, 0.2, fruits.contains(food).add()
4, 3462, 11, -5.551115123125783E-17, 0.0, -0.30000000000000004, 0.4, fruits.containsAll(values())
4, 3463, 12, -5.551115123125783E-17, 0.0, -0.30000000000000004, 0.6000000000000001, fruits.isEmpty()
4, 3464, 11, -5.551115123125783E-17, 0.0, -0.30000000000000004, 0.8, fruits.containsAll(values())
4, 3465, 9, -5.551115123125783E-17, 0.0, -0.20000000000000004, 0.0, fruits.contains(contains())
4, 3466, 6, -5.551115123125783E-17, 0.0, -0.20000000000000004, 0.2, fruits.contains(food).add()
4, 3467, 11, -5.551115123125783E-17, 0.0, -0.20000000000000004, 0.4, fruits.containsAll(values())
4, 3468, 11, -5.551115123125783E-17, 0.0, -0.20000000000000004, 0.6000000000000001, fruits.containsAll(values())
4, 3469, 11, -5.551115123125783E-17, 0.0, -0.20000000000000004, 0.8, fruits.containsAll(values())
4, 3470, 9, -5.551115123125783E-17, 0.0, -0.10000000000000003, 0.0, fruits.contains(contains())
4, 3471, 11, -5.551115123125783E-17, 0.0, -0.10000000000000003, 0.2, fruits.containsAll(values())
4, 3472, 11, -5.551115123125783E-17, 0.0, -0.10000000000000003, 0.4, fruits.containsAll(values())
4, 3473, 11, -5.551115123125783E-17, 0.0, -0.10000000000000003, 0.6000000000000001, fruits.containsAll(values())
4, 3474, 11, -5.551115123125783E-17, 0.0, -0.10000000000000003, 0.8, fruits.containsAll(values())
4, 3475, 9, -5.551115123125783E-17, 0.0, -2.7755575615628914E-17, 0.0, fruits.contains(contains())
4, 3476, 11, -5.551115123125783E-17, 0.0, -2.7755575615628914E-17, 0.2, fruits.containsAll(values())