12, 9900, 11, -1.0, 0.0, -0.5, 0.0, new Float(readLine())
12, 9901, 10, -1.0, 0.0, -0.5, 0.2, lines.set(read(), readLine())
12, 9902, 10, -1.0, 0.0, -0.5, 0.4, lines.set(read(), readLine())
12, 9903, 10, -1.0, 0.0, -0.5, 0.6000000000000001, lines.set(read(), readLine())
12, 9904, 10, -1.0, 0.0, -0.5, 0.8, lines.set(read(), readLine())
12, 9905, 11, -1.0, 0.0, -0.4, 0.0, in.readLine()
12, 9906, 11, -1.0, 0.0, -0.4, 0.2, new Float(readLine())
12, 9907, 11, -1.0, 0.0, -0.4, 0.4, in.readLine()
12, 9908, 10, -1.0, 0.0, -0.4, 0.6000000000000001, lines.set(read(), readLine())
12, 9909, 10, -1.0, 0.0, -0.4, 0.8, lines.set(read(), readLine())
12, 9910, 10, -1.0, 0.0, -0.30000000000000004, 0.0, lines.set(read(), readLine())
12, 9911, 10, -1.0, 0.0, -0.30000000000000004, 0.2, lines.set(read(), readLine())
12, 9912, 10, -1.0, 0.0, -0.30000000000000004, 0.4, lines.set(read(), readLine())
12, 9913, 10, -1.0, 0.0, -0.30000000000000004, 0.6000000000000001, lines.set(read(), readLine())
12, 9914, 11, -1.0, 0.0, -0.30000000000000004, 0.8, in.readLine()
12, 9915, 11, -1.0, 0.0, -0.20000000000000004, 0.0, new Float(readLine())
12, 9916, 11, -1.0, 0.0, -0.20000000000000004, 0.2, in.readLine()
12, 9917, 11, -1.0, 0.0, -0.20000000000000004, 0.4, new Float(readLine())
12, 9918, 11, -1.0, 0.0, -0.20000000000000004, 0.6000000000000001, in.readLine()
12, 9919, 11, -1.0, 0.0, -0.20000000000000004, 0.8, new Float(readLine())
12, 9920, 10, -1.0, 0.0, -0.10000000000000003, 0.0, lines.set(read(), readLine())
12, 9921, 10, -1.0, 0.0, -0.10000000000000003, 0.2, lines.set(read(), readLine())
12, 9922, 10, -1.0, 0.0, -0.10000000000000003, 0.4, lines.set(read(), readLine())
12, 9923, 10, -1.0, 0.0, -0.10000000000000003, 0.6000000000000001, lines.set(read(), readLine())
12, 9924, 10, -1.0, 0.0, -0.10000000000000003, 0.8, lines.set(read(), readLine())
12, 9925, 18, -1.0, 0.0, -2.7755575615628914E-17, 0.0, Math.tan()
12, 9926, 11, -1.0, 0.0, -2.7755575615628914E-17, 0.2, in.readLine()
12, 9927, 11, -1.0, 0.0, -2.7755575615628914E-17, 0.4, in.readLine()
12, 9928, 11, -1.0, 0.0, -2.7755575615628914E-17, 0.6000000000000001, in.readLine()
12, 9929, 11, -1.0, 0.0, -2.7755575615628914E-17, 0.8, in.readLine()
12, 9930, 10, -1.0, 0.4, -0.5, 0.0, lines.set(read(), readLine())
12, 9931, 10, -1.0, 0.4, -0.5, 0.2, lines.set(read(), readLine())
12, 9932, 10, -1.0, 0.4, -0.5, 0.4, lines.set(read(), readLine())
12, 9933, 7, -1.0, 0.4, -0.5, 0.6000000000000001, lines.get(in.read())
12, 9934, 7, -1.0, 0.4, -0.5, 0.8, lines.get(in.read())
12, 9935, 10, -1.0, 0.4, -0.4, 0.0, lines.set(read(), readLine())
12, 9936, 10, -1.0, 0.4, -0.4, 0.2, lines.set(read(), readLine())
12, 9937, 11, -1.0, 0.4, -0.4, 0.4, in.readLine()
12, 9938, 11, -1.0, 0.4, -0.4, 0.6000000000000001, in.readLine()
12, 9939, 7, -1.0, 0.4, -0.4, 0.8, lines.get(in.read())
12, 9940, 10, -1.0, 0.4, -0.30000000000000004, 0.0, lines.set(read(), readLine())
12, 9941, 10, -1.0, 0.4, -0.30000000000000004, 0.2, lines.set(read(), readLine())
12, 9942, 10, -1.0, 0.4, -0.30000000000000004, 0.4, lines.set(read(), readLine())
12, 9943, 7, -1.0, 0.4, -0.30000000000000004, 0.6000000000000001, lines.get(in.read())
12, 9944, 7, -1.0, 0.4, -0.30000000000000004, 0.8, lines.get(in.read())
12, 9945, 11, -1.0, 0.4, -0.20000000000000004, 0.0, in.readLine()
12, 9946, 11, -1.0, 0.4, -0.20000000000000004, 0.2, in.readLine()
12, 9947, 11, -1.0, 0.4, -0.20000000000000004, 0.4, in.readLine()
12, 9948, 11, -1.0, 0.4, -0.20000000000000004, 0.6000000000000001, in.readLine()
12, 9949, 11, -1.0, 0.4, -0.20000000000000004, 0.8, in.readLine()
12, 9950, 10, -1.0, 0.4, -0.10000000000000003, 0.0, lines.set(read(), readLine())
12, 9951, 10, -1.0, 0.4, -0.10000000000000003, 0.2, lines.set(read(), readLine())
12, 9952, 11, -1.0, 0.4, -0.10000000000000003, 0.4, in.readLine()
12, 9953, 11, -1.0, 0.4, -0.10000000000000003, 0.6000000000000001, in.readLine()
12, 9954, 11, -1.0, 0.4, -0.10000000000000003, 0.8, in.readLine()
12, 9955, 10, -1.0, 0.4, -2.7755575615628914E-17, 0.0, lines.set(read(), readLine())
12, 9956, 10, -1.0, 0.4, -2.7755575615628914E-17, 0.2, lines.set(read(), readLine())
12, 9957, 10, -1.0, 0.4, -2.7755575615628914E-17, 0.4, lines.set(read(), readLine())
12, 9958, 7, -1.0, 0.4, -2.7755575615628914E-17, 0.6000000000000001, lines.get(in.read())
12, 9959, 11, -1.0, 0.4, -2.7755575615628914E-17, 0.8, in.readLine()
12, 9960, 10, -1.0, 0.8, -0.5, 0.0, lines.set(read(), readLine())
12, 9961, 11, -1.0, 0.8, -0.5, 0.2, in.readLine()
12, 9962, 7, -1.0, 0.8, -0.5, 0.4, lines.get(in.read())
12, 9963, 7, -1.0, 0.8, -0.5, 0.6000000000000001, lines.get(in.read())
12, 9964, 11, -1.0, 0.8, -0.5, 0.8, in.readLine()
12, 9965, 10, -1.0, 0.8, -0.4, 0.0, lines.set(read(), readLine())
12, 9966, 10, -1.0, 0.8, -0.4, 0.2, lines.set(read(), in.readLine())
12, 9967, 7, -1.0, 0.8, -0.4, 0.4, lines.get(in.read())
12, 9968, 11, -1.0, 0.8, -0.4, 0.6000000000000001, in.readLine()
12, 9969, 11, -1.0, 0.8, -0.4, 0.8, in.readLine()
12, 9970, 10, -1.0, 0.8, -0.30000000000000004, 0.0, lines.set(read(), readLine())
12, 9971, 11, -1.0, 0.8, -0.30000000000000004, 0.2, in.readLine()
12, 9972, 11, -1.0, 0.8, -0.30000000000000004, 0.4, in.readLine()
12, 9973, 11, -1.0, 0.8, -0.30000000000000004, 0.6000000000000001, in.readLine()
12, 9974, 11, -1.0, 0.8, -0.30000000000000004, 0.8, in.readLine()
12, 9975, 10, -1.0, 0.8, -0.20000000000000004, 0.0, lines.set(read(), readLine())
12, 9976, 11, -1.0, 0.8, -0.20000000000000004, 0.2, in.readLine()
12, 9977, 7, -1.0, 0.8, -0.20000000000000004, 0.4, lines.get(in.read())
12, 9978, 11, -1.0, 0.8, -0.20000000000000004, 0.6000000000000001, in.readLine()
12, 9979, 11, -1.0, 0.8, -0.20000000000000004, 0.8, in.readLine()
12, 9980, 10, -1.0, 0.8, -0.10000000000000003, 0.0, lines.set(read(), readLine())
12, 9981, 11, -1.0, 0.8, -0.10000000000000003, 0.2, in.readLine()
12, 9982, 11, -1.0, 0.8, -0.10000000000000003, 0.4, in.readLine()
12, 9983, 11, -1.0, 0.8, -0.10000000000000003, 0.6000000000000001, in.readLine()
12, 9984, 11, -1.0, 0.8, -0.10000000000000003, 0.8, in.readLine()
12, 9985, 10, -1.0, 0.8, -2.7755575615628914E-17, 0.0, lines.set(read(), readLine())
12, 9986, 11, -1.0, 0.8, -2.7755575615628914E-17, 0.2, in.readLine()
12, 9987, 11, -1.0, 0.8, -2.7755575615628914E-17, 0.4, in.readLine()
12, 9988, 11, -1.0, 0.8, -2.7755575615628914E-17, 0.6000000000000001, in.readLine()
12, 9989, 11, -1.0, 0.8, -2.7755575615628914E-17, 0.8, in.readLine()
12, 9990, 7, -1.0, 1.2000000000000002, -0.5, 0.0, lines.get(in.read())
12, 9991, 7, -1.0, 1.2000000000000002, -0.5, 0.2, lines.get(in.read())
12, 9992, 11, -1.0, 1.2000000000000002, -0.5, 0.4, in.readLine()
12, 9993, 11, -1.0, 1.2000000000000002, -0.5, 0.6000000000000001, in.readLine()
12, 9994, 11, -1.0, 1.2000000000000002, -0.5, 0.8, in.readLine()
12, 9995, 7, -1.0, 1.2000000000000002, -0.4, 0.0, lines.get(in.read())
12, 9996, 11, -1.0, 1.2000000000000002, -0.4, 0.2, in.readLine()
12, 9997, 11, -1.0, 1.2000000000000002, -0.4, 0.4, in.readLine()
12, 9998, 11, -1.0, 1.2000000000000002, -0.4, 0.6000000000000001, in.readLine()
12, 9999, 11, -1.0, 1.2000000000000002, -0.4, 0.8, in.readLine()
12, 10000, 7, -1.0, 1.2000000000000002, -0.30000000000000004, 0.0, lines.get(in.read())
12, 10001, 11, -1.0, 1.2000000000000002, -0.30000000000000004, 0.2, in.readLine()
12, 10002, 11, -1.0, 1.2000000000000002, -0.30000000000000004, 0.4, in.readLine()
12, 10003, 11, -1.0, 1.2000000000000002, -0.30000000000000004, 0.6000000000000001, in.readLine()
12, 10004, 11, -1.0, 1.2000000000000002, -0.30000000000000004, 0.8, in.readLine()
12, 10005, 11, -1.0, 1.2000000000000002, -0.20000000000000004, 0.0, in.readLine()
12, 10006, 11, -1.0, 1.2000000000000002, -0.20000000000000004, 0.2, in.readLine()
12, 10007, 11, -1.0, 1.2000000000000002, -0.20000000000000004, 0.4, in.readLine()
12, 10008, 11, -1.0, 1.2000000000000002, -0.20000000000000004, 0.6000000000000001, in.readLine()
12, 10009, 11, -1.0, 1.2000000000000002, -0.20000000000000004, 0.8, in.readLine()
12, 10010, 11, -1.0, 1.2000000000000002, -0.10000000000000003, 0.0, in.readLine()
12, 10011, 11, -1.0, 1.2000000000000002, -0.10000000000000003, 0.2, in.readLine()
12, 10012, 11, -1.0, 1.2000000000000002, -0.10000000000000003, 0.4, in.readLine()
12, 10013, 11, -1.0, 1.2000000000000002, -0.10000000000000003, 0.6000000000000001, in.readLine()
12, 10014, 11, -1.0, 1.2000000000000002, -0.10000000000000003, 0.8, in.readLine()
12, 10015, 11, -1.0, 1.2000000000000002, -2.7755575615628914E-17, 0.0, in.readLine()
12, 10016, 11, -1.0, 1.2000000000000002, -2.7755575615628914E-17, 0.2, in.readLine()
12, 10017, 11, -1.0, 1.2000000000000002, -2.7755575615628914E-17, 0.4, in.readLine()
12, 10018, 11, -1.0, 1.2000000000000002, -2.7755575615628914E-17, 0.6000000000000001, in.readLine()
12, 10019, 11, -1.0, 1.2000000000000002, -2.7755575615628914E-17, 0.8, in.readLine()
12, 10020, 11, -1.0, 1.6, -0.5, 0.0, in.readLine()
12, 10021, 11, -1.0, 1.6, -0.5, 0.2, in.readLine()
12, 10022, 11, -1.0, 1.6, -0.5, 0.4, in.readLine()
12, 10023, 11, -1.0, 1.6, -0.5, 0.6000000000000001, in.readLine()
12, 10024, 11, -1.0, 1.6, -0.5, 0.8, in.readLine()
12, 10025, 11, -1.0, 1.6, -0.4, 0.0, in.readLine()
12, 10026, 11, -1.0, 1.6, -0.4, 0.2, in.readLine()
12, 10027, 11, -1.0, 1.6, -0.4, 0.4, in.readLine()
12, 10028, 11, -1.0, 1.6, -0.4, 0.6000000000000001, in.readLine()
12, 10029, 11, -1.0, 1.6, -0.4, 0.8, in.readLine()
12, 10030, 11, -1.0, 1.6, -0.30000000000000004, 0.0, in.readLine()
12, 10031, 11, -1.0, 1.6, -0.30000000000000004, 0.2, in.readLine()
12, 10032, 11, -1.0, 1.6, -0.30000000000000004, 0.4, in.readLine()
12, 10033, 11, -1.0, 1.6, -0.30000000000000004, 0.6000000000000001, in.readLine()
12, 10034, 11, -1.0, 1.6, -0.30000000000000004, 0.8, in.readLine()
12, 10035, 11, -1.0, 1.6, -0.20000000000000004, 0.0, in.readLine()
12, 10036, 11, -1.0, 1.6, -0.20000000000000004, 0.2, in.readLine()
12, 10037, 11, -1.0, 1.6, -0.20000000000000004, 0.4, in.readLine()
12, 10038, 11, -1.0, 1.6, -0.20000000000000004, 0.6000000000000001, in.readLine()
12, 10039, 11, -1.0, 1.6, -0.20000000000000004, 0.8, in.readLine()
12, 10040, 11, -1.0, 1.6, -0.10000000000000003, 0.0, in.readLine()
12, 10041, 11, -1.0, 1.6, -0.10000000000000003, 0.2, in.readLine()
12, 10042, 11, -1.0, 1.6, -0.10000000000000003, 0.4, in.readLine()
12, 10043, 11, -1.0, 1.6, -0.10000000000000003, 0.6000000000000001, in.readLine()
12, 10044, 11, -1.0, 1.6, -0.10000000000000003, 0.8, in.readLine()
12, 10045, 11, -1.0, 1.6, -2.7755575615628914E-17, 0.0, in.readLine()
12, 10046, 11, -1.0, 1.6, -2.7755575615628914E-17, 0.2, in.readLine()
12, 10047, 11, -1.0, 1.6, -2.7755575615628914E-17, 0.4, in.readLine()
12, 10048, 11, -1.0, 1.6, -2.7755575615628914E-17, 0.6000000000000001, in.readLine()
12, 10049, 11, -1.0, 1.6, -2.7755575615628914E-17, 0.8, in.readLine()
12, 10050, 10, -0.8, 0.0, -0.5, 0.0, lines.set(read(), readLine())
12, 10051, 10, -0.8, 0.0, -0.5, 0.2, lines.set(read(), readLine())
12, 10052, 10, -0.8, 0.0, -0.5, 0.4, lines.set(read(), readLine())
12, 10053, 11, -0.8, 0.0, -0.5, 0.6000000000000001, in.readLine()
12, 10054, 11, -0.8, 0.0, -0.5, 0.8, lines.remove(read())
12, 10055, 11, -0.8, 0.0, -0.4, 0.0, new Float(readLine())
12, 10056, 10, -0.8, 0.0, -0.4, 0.2, lines.set(read(), readLine())
12, 10057, 11, -0.8, 0.0, -0.4, 0.4, new Float(readLine())
12, 10058, 10, -0.8, 0.0, -0.4, 0.6000000000000001, lines.set(read(), readLine())
12, 10059, 11, -0.8, 0.0, -0.4, 0.8, new Float(readLine())
12, 10060, 11, -0.8, 0.0, -0.30000000000000004, 0.0, in.readLine()
12, 10061, 10, -0.8, 0.0, -0.30000000000000004, 0.2, lines.set(read(), readLine())
12, 10062, 10, -0.8, 0.0, -0.30000000000000004, 0.4, lines.set(read(), readLine())
12, 10063, 10, -0.8, 0.0, -0.30000000000000004, 0.6000000000000001, lines.set(read(), readLine())
12, 10064, 11, -0.8, 0.0, -0.30000000000000004, 0.8, lines.remove(read())
12, 10065, 11, -0.8, 0.0, -0.20000000000000004, 0.0, new Float(readLine())
12, 10066, 11, -0.8, 0.0, -0.20000000000000004, 0.2, new Float(readLine())
12, 10067, 11, -0.8, 0.0, -0.20000000000000004, 0.4, new Float(readLine())
12, 10068, 11, -0.8, 0.0, -0.20000000000000004, 0.6000000000000001, new Float(readLine())
12, 10069, 11, -0.8, 0.0, -0.20000000000000004, 0.8, lines.remove(read())
12, 10070, 10, -0.8, 0.0, -0.10000000000000003, 0.0, lines.set(read(), readLine())
12, 10071, 10, -0.8, 0.0, -0.10000000000000003, 0.2, lines.set(read(), readLine())
12, 10072, 11, -0.8, 0.0, -0.10000000000000003, 0.4, new Float(readLine())
12, 10073, 10, -0.8, 0.0, -0.10000000000000003, 0.6000000000000001, lines.set(read(), readLine())
12, 10074, 10, -0.8, 0.0, -0.10000000000000003, 0.8, lines.set(read(), readLine())
12, 10075, 18, -0.8, 0.0, -2.7755575615628914E-17, 0.0, Math.tan()
12, 10076, 11, -0.8, 0.0, -2.7755575615628914E-17, 0.2, in.readLine()
12, 10077, 11, -0.8, 0.0, -2.7755575615628914E-17, 0.4, in.readLine()
12, 10078, 11, -0.8, 0.0, -2.7755575615628914E-17, 0.6000000000000001, in.readLine()
12, 10079, 18, -0.8, 0.0, -2.7755575615628914E-17, 0.8, Math.tan()
12, 10080, 10, -0.8, 0.4, -0.5, 0.0, lines.set(read(), readLine())
12, 10081, 11, -0.8, 0.4, -0.5, 0.2, in.readLine()
12, 10082, 10, -0.8, 0.4, -0.5, 0.4, lines.set(read(), readLine())
12, 10083, 7, -0.8, 0.4, -0.5, 0.6000000000000001, lines.get(in.read())
12, 10084, 7, -0.8, 0.4, -0.5, 0.8, lines.get(in.read())
12, 10085, 10, -0.8, 0.4, -0.4, 0.0, lines.set(read(), readLine())
12, 10086, 10, -0.8, 0.4, -0.4, 0.2, lines.set(read(), readLine())
12, 10087, 11, -0.8, 0.4, -0.4, 0.4, in.readLine()
12, 10088, 7, -0.8, 0.4, -0.4, 0.6000000000000001, lines.get(in.read())
12, 10089, 7, -0.8, 0.4, -0.4, 0.8, lines.get(in.read())
12, 10090, 10, -0.8, 0.4, -0.30000000000000004, 0.0, lines.set(read(), readLine())
12, 10091, 10, -0.8, 0.4, -0.30000000000000004, 0.2, lines.set(read(), readLine())
12, 10092, 10, -0.8, 0.4, -0.30000000000000004, 0.4, lines.set(read(), readLine())
12, 10093, 7, -0.8, 0.4, -0.30000000000000004, 0.6000000000000001, lines.get(in.read())
12, 10094, 11, -0.8, 0.4, -0.30000000000000004, 0.8, in.readLine()
12, 10095, 11, -0.8, 0.4, -0.20000000000000004, 0.0, in.readLine()
12, 10096, 11, -0.8, 0.4, -0.20000000000000004, 0.2, in.readLine()
12, 10097, 11, -0.8, 0.4, -0.20000000000000004, 0.4, in.readLine()
12, 10098, 11, -0.8, 0.4, -0.20000000000000004, 0.6000000000000001, in.readLine()
12, 10099, 11, -0.8, 0.4, -0.20000000000000004, 0.8, in.readLine()
12, 10100, 10, -0.8, 0.4, -0.10000000000000003, 0.0, lines.set(read(), readLine())
12, 10101, 11, -0.8, 0.4, -0.10000000000000003, 0.2, in.readLine()
12, 10102, 10, -0.8, 0.4, -0.10000000000000003, 0.4, lines.set(read(), readLine())
12, 10103, 11, -0.8, 0.4, -0.10000000000000003, 0.6000000000000001, in.readLine()
12, 10104, 11, -0.8, 0.4, -0.10000000000000003, 0.8, in.readLine()
12, 10105, 10, -0.8, 0.4, -2.7755575615628914E-17, 0.0, lines.set(read(), readLine())
12, 10106, 10, -0.8, 0.4, -2.7755575615628914E-17, 0.2, lines.set(read(), readLine())
12, 10107, 11, -0.8, 0.4, -2.7755575615628914E-17, 0.4, in.readLine()
12, 10108, 11, -0.8, 0.4, -2.7755575615628914E-17, 0.6000000000000001, in.readLine()
12, 10109, 11, -0.8, 0.4, -2.7755575615628914E-17, 0.8, in.readLine()
12, 10110, 11, -0.8, 0.8, -0.5, 0.0, in.readLine()
12, 10111, 7, -0.8, 0.8, -0.5, 0.2, lines.get(in.read())
12, 10112, 7, -0.8, 0.8, -0.5, 0.4, lines.get(in.read())
12, 10113, 11, -0.8, 0.8, -0.5, 0.6000000000000001, in.readLine()
12, 10114, 11, -0.8, 0.8, -0.5, 0.8, in.readLine()
12, 10115, 11, -0.8, 0.8, -0.4, 0.0, in.readLine()
12, 10116, 7, -0.8, 0.8, -0.4, 0.2, lines.get(in.read())
12, 10117, 7, -0.8, 0.8, -0.4, 0.4, lines.get(in.read())
12, 10118, 11, -0.8, 0.8, -0.4, 0.6000000000000001, in.readLine()
12, 10119, 11, -0.8, 0.8, -0.4, 0.8, in.readLine()
12, 10120, 11, -0.8, 0.8, -0.30000000000000004, 0.0, in.readLine()
12, 10121, 7, -0.8, 0.8, -0.30000000000000004, 0.2, lines.get(in.read())
12, 10122, 11, -0.8, 0.8, -0.30000000000000004, 0.4, in.readLine()
12, 10123, 11, -0.8, 0.8, -0.30000000000000004, 0.6000000000000001, in.readLine()
12, 10124, 11, -0.8, 0.8, -0.30000000000000004, 0.8, in.readLine()
12, 10125, 11, -0.8, 0.8, -0.20000000000000004, 0.0, in.readLine()
12, 10126, 7, -0.8, 0.8, -0.20000000000000004, 0.2, lines.get(in.read())
12, 10127, 11, -0.8, 0.8, -0.20000000000000004, 0.4, in.readLine()
12, 10128, 11, -0.8, 0.8, -0.20000000000000004, 0.6000000000000001, in.readLine()
12, 10129, 11, -0.8, 0.8, -0.20000000000000004, 0.8, in.readLine()
12, 10130, 11, -0.8, 0.8, -0.10000000000000003, 0.0, in.readLine()
12, 10131, 11, -0.8, 0.8, -0.10000000000000003, 0.2, in.readLine()
12, 10132, 11, -0.8, 0.8, -0.10000000000000003, 0.4, in.readLine()
12, 10133, 11, -0.8, 0.8, -0.10000000000000003, 0.6000000000000001, in.readLine()
12, 10134, 11, -0.8, 0.8, -0.10000000000000003, 0.8, in.readLine()
12, 10135, 11, -0.8, 0.8, -2.7755575615628914E-17, 0.0, in.readLine()
12, 10136, 11, -0.8, 0.8, -2.7755575615628914E-17, 0.2, in.readLine()
12, 10137, 11, -0.8, 0.8, -2.7755575615628914E-17, 0.4, in.readLine()
12, 10138, 11, -0.8, 0.8, -2.7755575615628914E-17, 0.6000000000000001, in.readLine()
12, 10139, 11, -0.8, 0.8, -2.7755575615628914E-17, 0.8, in.readLine()
12, 10140, 11, -0.8, 1.2000000000000002, -0.5, 0.0, in.readLine()
12, 10141, 11, -0.8, 1.2000000000000002, -0.5, 0.2, in.readLine()
12, 10142, 11, -0.8, 1.2000000000000002, -0.5, 0.4, in.readLine()
12, 10143, 11, -0.8, 1.2000000000000002, -0.5, 0.6000000000000001, in.readLine()
12, 10144, 11, -0.8, 1.2000000000000002, -0.5, 0.8, in.readLine()
12, 10145, 11, -0.8, 1.2000000000000002, -0.4, 0.0, in.readLine()
12, 10146, 11, -0.8, 1.2000000000000002, -0.4, 0.2, in.readLine()
12, 10147, 11, -0.8, 1.2000000000000002, -0.4, 0.4, in.readLine()
12, 10148, 11, -0.8, 1.2000000000000002, -0.4, 0.6000000000000001, in.readLine()
12, 10149, 11, -0.8, 1.2000000000000002, -0.4, 0.8, in.readLine()
12, 10150, 11, -0.8, 1.2000000000000002, -0.30000000000000004, 0.0, in.readLine()
12, 10151, 11, -0.8, 1.2000000000000002, -0.30000000000000004, 0.2, in.readLine()
12, 10152, 11, -0.8, 1.2000000000000002, -0.30000000000000004, 0.4, in.readLine()
12, 10153, 11, -0.8, 1.2000000000000002, -0.30000000000000004, 0.6000000000000001, in.readLine()
12, 10154, 11, -0.8, 1.2000000000000002, -0.30000000000000004, 0.8, in.readLine()
12, 10155, 11, -0.8, 1.2000000000000002, -0.20000000000000004, 0.0, in.readLine()
12, 10156, 11, -0.8, 1.2000000000000002, -0.20000000000000004, 0.2, in.readLine()
12, 10157, 11, -0.8, 1.2000000000000002, -0.20000000000000004, 0.4, in.readLine()
12, 10158, 11, -0.8, 1.2000000000000002, -0.20000000000000004, 0.6000000000000001, in.readLine()
12, 10159, 11, -0.8, 1.2000000000000002, -0.20000000000000004, 0.8, in.readLine()
12, 10160, 11, -0.8, 1.2000000000000002, -0.10000000000000003, 0.0, in.readLine()
12, 10161, 11, -0.8, 1.2000000000000002, -0.10000000000000003, 0.2, in.readLine()
12, 10162, 11, -0.8, 1.2000000000000002, -0.10000000000000003, 0.4, in.readLine()
12, 10163, 11, -0.8, 1.2000000000000002, -0.10000000000000003, 0.6000000000000001, in.readLine()
12, 10164, 11, -0.8, 1.2000000000000002, -0.10000000000000003, 0.8, in.readLine()
12, 10165, 11, -0.8, 1.2000000000000002, -2.7755575615628914E-17, 0.0, in.readLine()
12, 10166, 11, -0.8, 1.2000000000000002, -2.7755575615628914E-17, 0.2, in.readLine()
12, 10167, 11, -0.8, 1.2000000000000002, -2.7755575615628914E-17, 0.4, in.readLine()
12, 10168, 11, -0.8, 1.2000000000000002, -2.7755575615628914E-17, 0.6000000000000001, in.readLine()
12, 10169, 11, -0.8, 1.2000000000000002, -2.7755575615628914E-17, 0.8, in.readLine()
12, 10170, 11, -0.8, 1.6, -0.5, 0.0, in.readLine()
12, 10171, 11, -0.8, 1.6, -0.5, 0.2, in.readLine()
12, 10172, 11, -0.8, 1.6, -0.5, 0.4, in.readLine()
12, 10173, 11, -0.8, 1.6, -0.5, 0.6000000000000001, in.readLine()
12, 10174, 11, -0.8, 1.6, -0.5, 0.8, in.readLine()
12, 10175, 11, -0.8, 1.6, -0.4, 0.0, in.readLine()
12, 10176, 11, -0.8, 1.6, -0.4, 0.2, in.readLine()
12, 10177, 11, -0.8, 1.6, -0.4, 0.4, in.readLine()
12, 10178, 11, -0.8, 1.6, -0.4, 0.6000000000000001, in.readLine()
12, 10179, 11, -0.8, 1.6, -0.4, 0.8, in.readLine()
12, 10180, 11, -0.8, 1.6, -0.30000000000000004, 0.0, in.readLine()
12, 10181, 11, -0.8, 1.6, -0.30000000000000004, 0.2, in.readLine()
12, 10182, 11, -0.8, 1.6, -0.30000000000000004, 0.4, in.readLine()
12, 10183, 11, -0.8, 1.6, -0.30000000000000004, 0.6000000000000001, in.readLine()
12, 10184, 11, -0.8, 1.6, -0.30000000000000004, 0.8, in.readLine()
12, 10185, 11, -0.8, 1.6, -0.20000000000000004, 0.0, in.readLine()
12, 10186, 11, -0.8, 1.6, -0.20000000000000004, 0.2, in.readLine()
12, 10187, 11, -0.8, 1.6, -0.20000000000000004, 0.4, in.readLine()
12, 10188, 11, -0.8, 1.6, -0.20000000000000004, 0.6000000000000001, in.readLine()
12, 10189, 11, -0.8, 1.6, -0.20000000000000004, 0.8, in.readLine()
12, 10190, 11, -0.8, 1.6, -0.10000000000000003, 0.0, in.readLine()
12, 10191, 11, -0.8, 1.6, -0.10000000000000003, 0.2, in.readLine()
12, 10192, 11, -0.8, 1.6, -0.10000000000000003, 0.4, in.readLine()
12, 10193, 11, -0.8, 1.6, -0.10000000000000003, 0.6000000000000001, in.readLine()
12, 10194, 11, -0.8, 1.6, -0.10000000000000003, 0.8, in.readLine()
12, 10195, 11, -0.8, 1.6, -2.7755575615628914E-17, 0.0, in.readLine()
12, 10196, 11, -0.8, 1.6, -2.7755575615628914E-17, 0.2, in.readLine()
12, 10197, 11, -0.8, 1.6, -2.7755575615628914E-17, 0.4, in.readLine()
12, 10198, 11, -0.8, 1.6, -2.7755575615628914E-17, 0.6000000000000001, in.readLine()
12, 10199, 11, -0.8, 1.6, -2.7755575615628914E-17, 0.8, in.readLine()
12, 10200, 10, -0.6000000000000001, 0.0, -0.5, 0.0, lines.set(read(), readLine())
12, 10201, 11, -0.6000000000000001, 0.0, -0.5, 0.2, in.readLine()
12, 10202, 10, -0.6000000000000001, 0.0, -0.5, 0.4, lines.set(read(), readLine())
12, 10203, 11, -0.6000000000000001, 0.0, -0.5, 0.6000000000000001, lines.remove(read())
12, 10204, 7, -0.6000000000000001, 0.0, -0.5, 0.8, lines.get(in.read())
12, 10205, 11, -0.6000000000000001, 0.0, -0.4, 0.0, in.readLine()
12, 10206, 11, -0.6000000000000001, 0.0, -0.4, 0.2, in.readLine()
12, 10207, 11, -0.6000000000000001, 0.0, -0.4, 0.4, in.readLine()
12, 10208, 11, -0.6000000000000001, 0.0, -0.4, 0.6000000000000001, lines.remove(read())
12, 10209, 7, -0.6000000000000001, 0.0, -0.4, 0.8, lines.get(in.read())
12, 10210, 11, -0.6000000000000001, 0.0, -0.30000000000000004, 0.0, new Float(readLine())
12, 10211, 10, -0.6000000000000001, 0.0, -0.30000000000000004, 0.2, lines.set(read(), readLine())
12, 10212, 10, -0.6000000000000001, 0.0, -0.30000000000000004, 0.4, lines.set(read(), readLine())
12, 10213, 10, -0.6000000000000001, 0.0, -0.30000000000000004, 0.6000000000000001, lines.set(read(), readLine())
12, 10214, 7, -0.6000000000000001, 0.0, -0.30000000000000004, 0.8, lines.get(in.read())
12, 10215, 11, -0.6000000000000001, 0.0, -0.20000000000000004, 0.0, new Float(readLine())
12, 10216, 11, -0.6000000000000001, 0.0, -0.20000000000000004, 0.2, new Float(readLine())
12, 10217, 10, -0.6000000000000001, 0.0, -0.20000000000000004, 0.4, lines.set(read(), readLine())
12, 10218, 11, -0.6000000000000001, 0.0, -0.20000000000000004, 0.6000000000000001, new Float(readLine())
12, 10219, 7, -0.6000000000000001, 0.0, -0.20000000000000004, 0.8, lines.get(in.read())
12, 10220, 11, -0.6000000000000001, 0.0, -0.10000000000000003, 0.0, in.readLine()
12, 10221, 10, -0.6000000000000001, 0.0, -0.10000000000000003, 0.2, lines.set(read(), readLine())
12, 10222, 11, -0.6000000000000001, 0.0, -0.10000000000000003, 0.4, new Float(readLine())
12, 10223, 11, -0.6000000000000001, 0.0, -0.10000000000000003, 0.6000000000000001, lines.remove(read())
12, 10224, 11, -0.6000000000000001, 0.0, -0.10000000000000003, 0.8, in.readLine()
12, 10225, 18, -0.6000000000000001, 0.0, -2.7755575615628914E-17, 0.0, Math.tan()
12, 10226, 11, -0.6000000000000001, 0.0, -2.7755575615628914E-17, 0.2, in.readLine()
12, 10227, 11, -0.6000000000000001, 0.0, -2.7755575615628914E-17, 0.4, in.readLine()
12, 10228, 18, -0.6000000000000001, 0.0, -2.7755575615628914E-17, 0.6000000000000001, Math.tan()
12, 10229, 11, -0.6000000000000001, 0.0, -2.7755575615628914E-17, 0.8, in.readLine()
12, 10230, 10, -0.6000000000000001, 0.4, -0.5, 0.0, lines.set(read(), readLine())
12, 10231, 11, -0.6000000000000001, 0.4, -0.5, 0.2, in.readLine()
12, 10232, 7, -0.6000000000000001, 0.4, -0.5, 0.4, lines.get(in.read())
12, 10233, 7, -0.6000000000000001, 0.4, -0.5, 0.6000000000000001, lines.get(in.read())
12, 10234, 11, -0.6000000000000001, 0.4, -0.5, 0.8, in.readLine()
12, 10235, 11, -0.6000000000000001, 0.4, -0.4, 0.0, in.readLine()
12, 10236, 11, -0.6000000000000001, 0.4, -0.4, 0.2, in.readLine()
12, 10237, 7, -0.6000000000000001, 0.4, -0.4, 0.4, lines.get(in.read())
12, 10238, 7, -0.6000000000000001, 0.4, -0.4, 0.6000000000000001, lines.get(in.read())
12, 10239, 11, -0.6000000000000001, 0.4, -0.4, 0.8, in.readLine()
12, 10240, 11, -0.6000000000000001, 0.4, -0.30000000000000004, 0.0, in.readLine()
12, 10241, 11, -0.6000000000000001, 0.4, -0.30000000000000004, 0.2, in.readLine()
12, 10242, 7, -0.6000000000000001, 0.4, -0.30000000000000004, 0.4, lines.get(in.read())
12, 10243, 11, -0.6000000000000001, 0.4, -0.30000000000000004, 0.6000000000000001, in.readLine()
12, 10244, 11, -0.6000000000000001, 0.4, -0.30000000000000004, 0.8, in.readLine()
12, 10245, 10, -0.6000000000000001, 0.4, -0.20000000000000004, 0.0, lines.set(read(), readLine())
12, 10246, 11, -0.6000000000000001, 0.4, -0.20000000000000004, 0.2, in.readLine()
12, 10247, 11, -0.6000000000000001, 0.4, -0.20000000000000004, 0.4, in.readLine()
12, 10248, 11, -0.6000000000000001, 0.4, -0.20000000000000004, 0.6000000000000001, in.readLine()
12, 10249, 11, -0.6000000000000001, 0.4, -0.20000000000000004, 0.8, in.readLine()
12, 10250, 11, -0.6000000000000001, 0.4, -0.10000000000000003, 0.0, in.readLine()
12, 10251, 10, -0.6000000000000001, 0.4, -0.10000000000000003, 0.2, lines.set(read(), in.readLine())
12, 10252, 11, -0.6000000000000001, 0.4, -0.10000000000000003, 0.4, in.readLine()
12, 10253, 11, -0.6000000000000001, 0.4, -0.10000000000000003, 0.6000000000000001, in.readLine()
12, 10254, 11, -0.6000000000000001, 0.4, -0.10000000000000003, 0.8, in.readLine()
12, 10255, 11, -0.6000000000000001, 0.4, -2.7755575615628914E-17, 0.0, in.readLine()
12, 10256, 11, -0.6000000000000001, 0.4, -2.7755575615628914E-17, 0.2, in.readLine()
12, 10257, 11, -0.6000000000000001, 0.4, -2.7755575615628914E-17, 0.4, in.readLine()
12, 10258, 11, -0.6000000000000001, 0.4, -2.7755575615628914E-17, 0.6000000000000001, in.readLine()
12, 10259, 11, -0.6000000000000001, 0.4, -2.7755575615628914E-17, 0.8, in.readLine()
12, 10260, 7, -0.6000000000000001, 0.8, -0.5, 0.0, lines.get(in.read())
12, 10261, 7, -0.6000000000000001, 0.8, -0.5, 0.2, lines.get(in.read())
12, 10262, 11, -0.6000000000000001, 0.8, -0.5, 0.4, in.readLine()
12, 10263, 11, -0.6000000000000001, 0.8, -0.5, 0.6000000000000001, in.readLine()
12, 10264, 11, -0.6000000000000001, 0.8, -0.5, 0.8, in.readLine()
12, 10265, 7, -0.6000000000000001, 0.8, -0.4, 0.0, lines.get(in.read())
12, 10266, 7, -0.6000000000000001, 0.8, -0.4, 0.2, lines.get(in.read())
12, 10267, 11, -0.6000000000000001, 0.8, -0.4, 0.4, in.readLine()
12, 10268, 11, -0.6000000000000001, 0.8, -0.4, 0.6000000000000001, in.readLine()
12, 10269, 11, -0.6000000000000001, 0.8, -0.4, 0.8, in.readLine()
12, 10270, 7, -0.6000000000000001, 0.8, -0.30000000000000004, 0.0, lines.get(in.read())
12, 10271, 11, -0.6000000000000001, 0.8, -0.30000000000000004, 0.2, in.readLine()
12, 10272, 11, -0.6000000000000001, 0.8, -0.30000000000000004, 0.4, in.readLine()
12, 10273, 11, -0.6000000000000001, 0.8, -0.30000000000000004, 0.6000000000000001, in.readLine()
12, 10274, 11, -0.6000000000000001, 0.8, -0.30000000000000004, 0.8, in.readLine()
12, 10275, 7, -0.6000000000000001, 0.8, -0.20000000000000004, 0.0, lines.get(in.read())
12, 10276, 11, -0.6000000000000001, 0.8, -0.20000000000000004, 0.2, in.readLine()
12, 10277, 11, -0.6000000000000001, 0.8, -0.20000000000000004, 0.4, in.readLine()
12, 10278, 11, -0.6000000000000001, 0.8, -0.20000000000000004, 0.6000000000000001, in.readLine()
12, 10279, 11, -0.6000000000000001, 0.8, -0.20000000000000004, 0.8, in.readLine()
12, 10280, 11, -0.6000000000000001, 0.8, -0.10000000000000003, 0.0, in.readLine()
12, 10281, 11, -0.6000000000000001, 0.8, -0.10000000000000003, 0.2, in.readLine()
12, 10282, 11, -0.6000000000000001, 0.8, -0.10000000000000003, 0.4, in.readLine()
12, 10283, 11, -0.6000000000000001, 0.8, -0.10000000000000003, 0.6000000000000001, in.readLine()
12, 10284, 11, -0.6000000000000001, 0.8, -0.10000000000000003, 0.8, in.readLine()
12, 10285, 11, -0.6000000000000001, 0.8, -2.7755575615628914E-17, 0.0, in.readLine()
12, 10286, 11, -0.6000000000000001, 0.8, -2.7755575615628914E-17, 0.2, in.readLine()
12, 10287, 11, -0.6000000000000001, 0.8, -2.7755575615628914E-17, 0.4, in.readLine()
12, 10288, 11, -0.6000000000000001, 0.8, -2.7755575615628914E-17, 0.6000000000000001, in.readLine()
12, 10289, 13, -0.6000000000000001, 0.8, -2.7755575615628914E-17, 0.8, lines.indexOf(readLine()).get()
12, 10290, 11, -0.6000000000000001, 1.2000000000000002, -0.5, 0.0, in.readLine()
12, 10291, 11, -0.6000000000000001, 1.2000000000000002, -0.5, 0.2, in.readLine()
12, 10292, 11, -0.6000000000000001, 1.2000000000000002, -0.5, 0.4, in.readLine()
12, 10293, 11, -0.6000000000000001, 1.2000000000000002, -0.5, 0.6000000000000001, in.readLine()
12, 10294, 11, -0.6000000000000001, 1.2000000000000002, -0.5, 0.8, in.readLine()
12, 10295, 11, -0.6000000000000001, 1.2000000000000002, -0.4, 0.0, in.readLine()
12, 10296, 11, -0.6000000000000001, 1.2000000000000002, -0.4, 0.2, in.readLine()
12, 10297, 11, -0.6000000000000001, 1.2000000000000002, -0.4, 0.4, in.readLine()
12, 10298, 11, -0.6000000000000001, 1.2000000000000002, -0.4, 0.6000000000000001, in.readLine()
12, 10299, 11, -0.6000000000000001, 1.2000000000000002, -0.4, 0.8, in.readLine()
12, 10300, 11, -0.6000000000000001, 1.2000000000000002, -0.30000000000000004, 0.0, in.readLine()
12, 10301, 11, -0.6000000000000001, 1.2000000000000002, -0.30000000000000004, 0.2, in.readLine()
12, 10302, 11, -0.6000000000000001, 1.2000000000000002, -0.30000000000000004, 0.4, in.readLine()
12, 10303, 11, -0.6000000000000001, 1.2000000000000002, -0.30000000000000004, 0.6000000000000001, in.readLine()
12, 10304, 11, -0.6000000000000001, 1.2000000000000002, -0.30000000000000004, 0.8, in.readLine()
12, 10305, 11, -0.6000000000000001, 1.2000000000000002, -0.20000000000000004, 0.0, in.readLine()
12, 10306, 11, -0.6000000000000001, 1.2000000000000002, -0.20000000000000004, 0.2, in.readLine()
12, 10307, 11, -0.6000000000000001, 1.2000000000000002, -0.20000000000000004, 0.4, in.readLine()
12, 10308, 11, -0.6000000000000001, 1.2000000000000002, -0.20000000000000004, 0.6000000000000001, in.readLine()
12, 10309, 15, -0.6000000000000001, 1.2000000000000002, -0.20000000000000004, 0.8, Long.valueOf(in.readLine(add()))
12, 10310, 11, -0.6000000000000001, 1.2000000000000002, -0.10000000000000003, 0.0, in.readLine()
12, 10311, 11, -0.6000000000000001, 1.2000000000000002, -0.10000000000000003, 0.2, in.readLine()
12, 10312, 11, -0.6000000000000001, 1.2000000000000002, -0.10000000000000003, 0.4, in.readLine()
12, 10313, 11, -0.6000000000000001, 1.2000000000000002, -0.10000000000000003, 0.6000000000000001, in.readLine()
12, 10314, 15, -0.6000000000000001, 1.2000000000000002, -0.10000000000000003, 0.8, Long.valueOf(in.readLine(add()))
12, 10315, 16, -0.6000000000000001, 1.2000000000000002, -2.7755575615628914E-17, 0.0, in.readLine(lines.add(readLine()))
12, 10316, 16, -0.6000000000000001, 1.2000000000000002, -2.7755575615628914E-17, 0.2, in.readLine(lines.add(readLine()))
12, 10317, 16, -0.6000000000000001, 1.2000000000000002, -2.7755575615628914E-17, 0.4, in.readLine(lines.add(readLine()))
12, 10318, 16, -0.6000000000000001, 1.2000000000000002, -2.7755575615628914E-17, 0.6000000000000001, in.readLine(lines.add(readLine()))
12, 10319, 16, -0.6000000000000001, 1.2000000000000002, -2.7755575615628914E-17, 0.8, in.readLine(lines.add(readLine()))
12, 10320, 11, -0.6000000000000001, 1.6, -0.5, 0.0, in.readLine()
12, 10321, 11, -0.6000000000000001, 1.6, -0.5, 0.2, in.readLine()
12, 10322, 11, -0.6000000000000001, 1.6, -0.5, 0.4, in.readLine()
12, 10323, 11, -0.6000000000000001, 1.6, -0.5, 0.6000000000000001, in.readLine()
12, 10324, 11, -0.6000000000000001, 1.6, -0.5, 0.8, in.readLine()
12, 10325, 11, -0.6000000000000001, 1.6, -0.4, 0.0, in.readLine()
12, 10326, 11, -0.6000000000000001, 1.6, -0.4, 0.2, in.readLine()
12, 10327, 11, -0.6000000000000001, 1.6, -0.4, 0.4, in.readLine()
12, 10328, 11, -0.6000000000000001, 1.6, -0.4, 0.6000000000000001, in.readLine()
12, 10329, 13, -0.6000000000000001, 1.6, -0.4, 0.8, lines.indexOf(readLine()).get()
12, 10330, 11, -0.6000000000000001, 1.6, -0.30000000000000004, 0.0, in.readLine()
12, 10331, 11, -0.6000000000000001, 1.6, -0.30000000000000004, 0.2, in.readLine()
12, 10332, 11, -0.6000000000000001, 1.6, -0.30000000000000004, 0.4, in.readLine()
12, 10333, 11, -0.6000000000000001, 1.6, -0.30000000000000004, 0.6000000000000001, in.readLine()
12, 10334, 11, -0.6000000000000001, 1.6, -0.30000000000000004, 0.8, in.readLine()
12, 10335, 11, -0.6000000000000001, 1.6, -0.20000000000000004, 0.0, in.readLine()
12, 10336, 11, -0.6000000000000001, 1.6, -0.20000000000000004, 0.2, in.readLine()
12, 10337, 11, -0.6000000000000001, 1.6, -0.20000000000000004, 0.4, in.readLine()
12, 10338, 11, -0.6000000000000001, 1.6, -0.20000000000000004, 0.6000000000000001, in.readLine()
12, 10339, 13, -0.6000000000000001, 1.6, -0.20000000000000004, 0.8, lines.indexOf(readLine()).get()
12, 10340, 11, -0.6000000000000001, 1.6, -0.10000000000000003, 0.0, in.readLine()
12, 10341, 11, -0.6000000000000001, 1.6, -0.10000000000000003, 0.2, in.readLine()
12, 10342, 11, -0.6000000000000001, 1.6, -0.10000000000000003, 0.4, in.readLine()
12, 10343, 11, -0.6000000000000001, 1.6, -0.10000000000000003, 0.6000000000000001, in.readLine()
12, 10344, 11, -0.6000000000000001, 1.6, -0.10000000000000003, 0.8, in.readLine()
12, 10345, 11, -0.6000000000000001, 1.6, -2.7755575615628914E-17, 0.0, in.readLine()
12, 10346, 11, -0.6000000000000001, 1.6, -2.7755575615628914E-17, 0.2, in.readLine()
12, 10347, 11, -0.6000000000000001, 1.6, -2.7755575615628914E-17, 0.4, in.readLine()
12, 10348, 11, -0.6000000000000001, 1.6, -2.7755575615628914E-17, 0.6000000000000001, in.readLine()
12, 10349, 11, -0.6000000000000001, 1.6, -2.7755575615628914E-17, 0.8, in.readLine()
12, 10350, 10, -0.4000000000000001, 0.0, -0.5, 0.0, lines.set(read(), readLine())
12, 10351, 10, -0.4000000000000001, 0.0, -0.5, 0.2, lines.set(read(), readLine())
12, 10352, 10, -0.4000000000000001, 0.0, -0.5, 0.4, lines.set(read(), readLine())
12, 10353, 7, -0.4000000000000001, 0.0, -0.5, 0.6000000000000001, lines.get(in.read())
12, 10354, 7, -0.4000000000000001, 0.0, -0.5, 0.8, lines.get(in.read())
12, 10355, 11, -0.4000000000000001, 0.0, -0.4, 0.0, in.readLine()
12, 10356, 10, -0.4000000000000001, 0.0, -0.4, 0.2, lines.set(read(), readLine())
12, 10357, 10, -0.4000000000000001, 0.0, -0.4, 0.4, lines.set(read(), readLine())
12, 10358, 7, -0.4000000000000001, 0.0, -0.4, 0.6000000000000001, lines.get(in.read())
12, 10359, 7, -0.4000000000000001, 0.0, -0.4, 0.8, lines.get(in.read())
12, 10360, 11, -0.4000000000000001, 0.0, -0.30000000000000004, 0.0, in.readLine()
12, 10361, 10, -0.4000000000000001, 0.0, -0.30000000000000004, 0.2, lines.set(read(), readLine())
12, 10362, 10, -0.4000000000000001, 0.0, -0.30000000000000004, 0.4, lines.set(read(), readLine())
12, 10363, 11, -0.4000000000000001, 0.0, -0.30000000000000004, 0.6000000000000001, in.readLine()
12, 10364, 11, -0.4000000000000001, 0.0, -0.30000000000000004, 0.8, in.readLine()
12, 10365, 11, -0.4000000000000001, 0.0, -0.20000000000000004, 0.0, new Float(readLine())
12, 10366, 11, -0.4000000000000001, 0.0, -0.20000000000000004, 0.2, new Float(readLine())
12, 10367, 11, -0.4000000000000001, 0.0, -0.20000000000000004, 0.4, in.readLine()
12, 10368, 11, -0.4000000000000001, 0.0, -0.20000000000000004, 0.6000000000000001, in.readLine()
12, 10369, 11, -0.4000000000000001, 0.0, -0.20000000000000004, 0.8, in.readLine()
12, 10370, 11, -0.4000000000000001, 0.0, -0.10000000000000003, 0.0, in.readLine()
12, 10371, 11, -0.4000000000000001, 0.0, -0.10000000000000003, 0.2, new Float(readLine())
12, 10372, 11, -0.4000000000000001, 0.0, -0.10000000000000003, 0.4, in.readLine()
12, 10373, 11, -0.4000000000000001, 0.0, -0.10000000000000003, 0.6000000000000001, in.readLine()
12, 10374, 11, -0.4000000000000001, 0.0, -0.10000000000000003, 0.8, in.readLine()
12, 10375, 12, -0.4000000000000001, 0.0, -2.7755575615628914E-17, 0.0, String.format(readLine())
12, 10376, 10, -0.4000000000000001, 0.0, -2.7755575615628914E-17, 0.2, lines.set(read(), readLine())
12, 10377, 11, -0.4000000000000001, 0.0, -2.7755575615628914E-17, 0.4, lines.remove(read())
12, 10378, 11, -0.4000000000000001, 0.0, -2.7755575615628914E-17, 0.6000000000000001, in.readLine()
12, 10379, 11, -0.4000000000000001, 0.0, -2.7755575615628914E-17, 0.8, in.readLine()
12, 10380, 10, -0.4000000000000001, 0.4, -0.5, 0.0, lines.set(read(), in.readLine())
12, 10381, 7, -0.4000000000000001, 0.4, -0.5, 0.2, lines.get(in.read())
12, 10382, 7, -0.4000000000000001, 0.4, -0.5, 0.4, lines.get(in.read())
12, 10383, 11, -0.4000000000000001, 0.4, -0.5, 0.6000000000000001, in.readLine()
12, 10384, 11, -0.4000000000000001, 0.4, -0.5, 0.8, in.readLine()
12, 10385, 10, -0.4000000000000001, 0.4, -0.4, 0.0, lines.set(read(), in.readLine())
12, 10386, 7, -0.4000000000000001, 0.4, -0.4, 0.2, lines.get(in.read())
12, 10387, 7, -0.4000000000000001, 0.4, -0.4, 0.4, lines.get(in.read())
12, 10388, 11, -0.4000000000000001, 0.4, -0.4, 0.6000000000000001, in.readLine()
12, 10389, 11, -0.4000000000000001, 0.4, -0.4, 0.8, in.readLine()
12, 10390, 10, -0.4000000000000001, 0.4, -0.30000000000000004, 0.0, lines.set(read(), in.readLine())
12, 10391, 7, -0.4000000000000001, 0.4, -0.30000000000000004, 0.2, lines.get(in.read())
12, 10392, 11, -0.4000000000000001, 0.4, -0.30000000000000004, 0.4, in.readLine()
12, 10393, 11, -0.4000000000000001, 0.4, -0.30000000000000004, 0.6000000000000001, in.readLine()
12, 10394, 11, -0.4000000000000001, 0.4, -0.30000000000000004, 0.8, in.readLine()
12, 10395, 10, -0.4000000000000001, 0.4, -0.20000000000000004, 0.0, lines.set(read(), in.readLine())
12, 10396, 7, -0.4000000000000001, 0.4, -0.20000000000000004, 0.2, lines.get(in.read())
12, 10397, 11, -0.4000000000000001, 0.4, -0.20000000000000004, 0.4, in.readLine()
12, 10398, 11, -0.4000000000000001, 0.4, -0.20000000000000004, 0.6000000000000001, in.readLine()
12, 10399, 11, -0.4000000000000001, 0.4, -0.20000000000000004, 0.8, in.readLine()
12, 10400, 10, -0.4000000000000001, 0.4, -0.10000000000000003, 0.0, lines.set(read(), in.readLine())
12, 10401, 11, -0.4000000000000001, 0.4, -0.10000000000000003, 0.2, in.readLine()
12, 10402, 11, -0.4000000000000001, 0.4, -0.10000000000000003, 0.4, in.readLine()
12, 10403, 11, -0.4000000000000001, 0.4, -0.10000000000000003, 0.6000000000000001, in.readLine()
12, 10404, 11, -0.4000000000000001, 0.4, -0.10000000000000003, 0.8, in.readLine()
12, 10405, 11, -0.4000000000000001, 0.4, -2.7755575615628914E-17, 0.0, in.readLine()
12, 10406, 11, -0.4000000000000001, 0.4, -2.7755575615628914E-17, 0.2, in.readLine()
12, 10407, 11, -0.4000000000000001, 0.4, -2.7755575615628914E-17, 0.4, in.readLine()
12, 10408, 11, -0.4000000000000001, 0.4, -2.7755575615628914E-17, 0.6000000000000001, in.readLine()
12, 10409, 11, -0.4000000000000001, 0.4, -2.7755575615628914E-17, 0.8, in.readLine()
12, 10410, 7, -0.4000000000000001, 0.8, -0.5, 0.0, lines.get(in.read())
12, 10411, 11, -0.4000000000000001, 0.8, -0.5, 0.2, in.readLine()
12, 10412, 11, -0.4000000000000001, 0.8, -0.5, 0.4, in.readLine()
12, 10413, 11, -0.4000000000000001, 0.8, -0.5, 0.6000000000000001, in.readLine()
12, 10414, 11, -0.4000000000000001, 0.8, -0.5, 0.8, in.readLine()
12, 10415, 7, -0.4000000000000001, 0.8, -0.4, 0.0, lines.get(in.read())
12, 10416, 11, -0.4000000000000001, 0.8, -0.4, 0.2, in.readLine()
12, 10417, 11, -0.4000000000000001, 0.8, -0.4, 0.4, in.readLine()
12, 10418, 11, -0.4000000000000001, 0.8, -0.4, 0.6000000000000001, in.readLine()
12, 10419, 11, -0.4000000000000001, 0.8, -0.4, 0.8, in.readLine()
12, 10420, 11, -0.4000000000000001, 0.8, -0.30000000000000004, 0.0, in.readLine()
12, 10421, 11, -0.4000000000000001, 0.8, -0.30000000000000004, 0.2, in.readLine()
12, 10422, 11, -0.4000000000000001, 0.8, -0.30000000000000004, 0.4, in.readLine()
12, 10423, 11, -0.4000000000000001, 0.8, -0.30000000000000004, 0.6000000000000001, in.readLine()
12, 10424, 11, -0.4000000000000001, 0.8, -0.30000000000000004, 0.8, in.readLine()
12, 10425, 11, -0.4000000000000001, 0.8, -0.20000000000000004, 0.0, in.readLine()
12, 10426, 11, -0.4000000000000001, 0.8, -0.20000000000000004, 0.2, in.readLine()
12, 10427, 11, -0.4000000000000001, 0.8, -0.20000000000000004, 0.4, in.readLine()
12, 10428, 11, -0.4000000000000001, 0.8, -0.20000000000000004, 0.6000000000000001, in.readLine()
12, 10429, 13, -0.4000000000000001, 0.8, -0.20000000000000004, 0.8, in.read().remove()
12, 10430, 11, -0.4000000000000001, 0.8, -0.10000000000000003, 0.0, in.readLine()
12, 10431, 11, -0.4000000000000001, 0.8, -0.10000000000000003, 0.2, in.readLine()
12, 10432, 11, -0.4000000000000001, 0.8, -0.10000000000000003, 0.4, in.readLine()
12, 10433, 13, -0.4000000000000001, 0.8, -0.10000000000000003, 0.6000000000000001, lines.indexOf(readLine()).get()
12, 10434, 11, -0.4000000000000001, 0.8, -0.10000000000000003, 0.8, in.readLine()
12, 10435, 11, -0.4000000000000001, 0.8, -2.7755575615628914E-17, 0.0, in.readLine()
12, 10436, 11, -0.4000000000000001, 0.8, -2.7755575615628914E-17, 0.2, in.readLine()
12, 10437, 16, -0.4000000000000001, 0.8, -2.7755575615628914E-17, 0.4, in.readLine(lines.add(readLine()))
12, 10438, 16, -0.4000000000000001, 0.8, -2.7755575615628914E-17, 0.6000000000000001, in.readLine(lines.add(readLine()))
12, 10439, 11, -0.4000000000000001, 0.8, -2.7755575615628914E-17, 0.8, in.readLine()
12, 10440, 11, -0.4000000000000001, 1.2000000000000002, -0.5, 0.0, in.readLine()
12, 10441, 11, -0.4000000000000001, 1.2000000000000002, -0.5, 0.2, in.readLine()
12, 10442, 11, -0.4000000000000001, 1.2000000000000002, -0.5, 0.4, in.readLine()
12, 10443, 11, -0.4000000000000001, 1.2000000000000002, -0.5, 0.6000000000000001, in.readLine()
12, 10444, 11, -0.4000000000000001, 1.2000000000000002, -0.5, 0.8, in.readLine()
12, 10445, 15, -0.4000000000000001, 1.2000000000000002, -0.4, 0.0, Long.valueOf(in.readLine(add()))
12, 10446, 15, -0.4000000000000001, 1.2000000000000002, -0.4, 0.2, Long.valueOf(in.readLine(add()))
12, 10447, 15, -0.4000000000000001, 1.2000000000000002, -0.4, 0.4, Long.valueOf(in.readLine(add()))
12, 10448, 15, -0.4000000000000001, 1.2000000000000002, -0.4, 0.6000000000000001, in.read().set(in.readLine(add()))
12, 10449, 15, -0.4000000000000001, 1.2000000000000002, -0.4, 0.8, Long.valueOf(in.readLine(add()))
12, 10450, 11, -0.4000000000000001, 1.2000000000000002, -0.30000000000000004, 0.0, in.readLine()
12, 10451, 11, -0.4000000000000001, 1.2000000000000002, -0.30000000000000004, 0.2, in.readLine()
12, 10452, 15, -0.4000000000000001, 1.2000000000000002, -0.30000000000000004, 0.4, Long.valueOf(in.readLine(add()))
12, 10453, 11, -0.4000000000000001, 1.2000000000000002, -0.30000000000000004, 0.6000000000000001, in.readLine()
12, 10454, 15, -0.4000000000000001, 1.2000000000000002, -0.30000000000000004, 0.8, Long.valueOf(in.readLine(add()))
12, 10455, 15, -0.4000000000000001, 1.2000000000000002, -0.20000000000000004, 0.0, Long.valueOf(in.readLine(add()))
12, 10456, 15, -0.4000000000000001, 1.2000000000000002, -0.20000000000000004, 0.2, Long.valueOf(in.readLine(add()))
12, 10457, 15, -0.4000000000000001, 1.2000000000000002, -0.20000000000000004, 0.4, Long.valueOf(in.readLine(add()))
12, 10458, 15, -0.4000000000000001, 1.2000000000000002, -0.20000000000000004, 0.6000000000000001, Long.valueOf(in.readLine(add()))
12, 10459, 15, -0.4000000000000001, 1.2000000000000002, -0.20000000000000004, 0.8, Long.valueOf(in.readLine(add()))
12, 10460, 11, -0.4000000000000001, 1.2000000000000002, -0.10000000000000003, 0.0, in.readLine()
12, 10461, 11, -0.4000000000000001, 1.2000000000000002, -0.10000000000000003, 0.2, in.readLine()
12, 10462, 15, -0.4000000000000001, 1.2000000000000002, -0.10000000000000003, 0.4, Long.valueOf(in.readLine(add()))
12, 10463, 11, -0.4000000000000001, 1.2000000000000002, -0.10000000000000003, 0.6000000000000001, in.readLine()
12, 10464, 11, -0.4000000000000001, 1.2000000000000002, -0.10000000000000003, 0.8, in.readLine()
12, 10465, 16, -0.4000000000000001, 1.2000000000000002, -2.7755575615628914E-17, 0.0, in.readLine(lines.add(readLine()))
12, 10466, 13, -0.4000000000000001, 1.2000000000000002, -2.7755575615628914E-17, 0.2, lines.indexOf(readLine()).get()
12, 10467, 16, -0.4000000000000001, 1.2000000000000002, -2.7755575615628914E-17, 0.4, in.readLine(lines.add(readLine()))
12, 10468, 13, -0.4000000000000001, 1.2000000000000002, -2.7755575615628914E-17, 0.6000000000000001, lines.indexOf(readLine()).get()
12, 10469, 16, -0.4000000000000001, 1.2000000000000002, -2.7755575615628914E-17, 0.8, in.readLine(lines.add(readLine()))
12, 10470, 11, -0.4000000000000001, 1.6, -0.5, 0.0, in.readLine()
12, 10471, 11, -0.4000000000000001, 1.6, -0.5, 0.2, in.readLine()
12, 10472, 11, -0.4000000000000001, 1.6, -0.5, 0.4, in.readLine()
12, 10473, 11, -0.4000000000000001, 1.6, -0.5, 0.6000000000000001, in.readLine()
12, 10474, 11, -0.4000000000000001, 1.6, -0.5, 0.8, in.readLine()
12, 10475, 11, -0.4000000000000001, 1.6, -0.4, 0.0, in.readLine()
12, 10476, 11, -0.4000000000000001, 1.6, -0.4, 0.2, in.readLine()
12, 10477, 11, -0.4000000000000001, 1.6, -0.4, 0.4, in.readLine()
12, 10478, 11, -0.4000000000000001, 1.6, -0.4, 0.6000000000000001, in.readLine()
12, 10479, 15, -0.4000000000000001, 1.6, -0.4, 0.8, Long.valueOf(in.readLine(add()))
12, 10480, 11, -0.4000000000000001, 1.6, -0.30000000000000004, 0.0, in.readLine()
12, 10481, 11, -0.4000000000000001, 1.6, -0.30000000000000004, 0.2, in.readLine()
12, 10482, 11, -0.4000000000000001, 1.6, -0.30000000000000004, 0.4, in.readLine()
12, 10483, 11, -0.4000000000000001, 1.6, -0.30000000000000004, 0.6000000000000001, in.readLine()
12, 10484, 11, -0.4000000000000001, 1.6, -0.30000000000000004, 0.8, in.readLine()
12, 10485, 11, -0.4000000000000001, 1.6, -0.20000000000000004, 0.0, in.readLine()
12, 10486, 11, -0.4000000000000001, 1.6, -0.20000000000000004, 0.2, in.readLine()
12, 10487, 11, -0.4000000000000001, 1.6, -0.20000000000000004, 0.4, in.readLine()
12, 10488, 11, -0.4000000000000001, 1.6, -0.20000000000000004, 0.6000000000000001, in.readLine()
12, 10489, 11, -0.4000000000000001, 1.6, -0.20000000000000004, 0.8, in.readLine()
12, 10490, 11, -0.4000000000000001, 1.6, -0.10000000000000003, 0.0, in.readLine()
12, 10491, 11, -0.4000000000000001, 1.6, -0.10000000000000003, 0.2, in.readLine()
12, 10492, 11, -0.4000000000000001, 1.6, -0.10000000000000003, 0.4, in.readLine()
12, 10493, 11, -0.4000000000000001, 1.6, -0.10000000000000003, 0.6000000000000001, in.readLine()
12, 10494, 11, -0.4000000000000001, 1.6, -0.10000000000000003, 0.8, in.readLine()
12, 10495, 11, -0.4000000000000001, 1.6, -2.7755575615628914E-17, 0.0, in.readLine()
12, 10496, 11, -0.4000000000000001, 1.6, -2.7755575615628914E-17, 0.2, in.readLine()
12, 10497, 11, -0.4000000000000001, 1.6, -2.7755575615628914E-17, 0.4, in.readLine()
12, 10498, 11, -0.4000000000000001, 1.6, -2.7755575615628914E-17, 0.6000000000000001, in.readLine()
12, 10499, 11, -0.4000000000000001, 1.6, -2.7755575615628914E-17, 0.8, in.readLine()
12, 10500, 10, -0.20000000000000007, 0.0, -0.5, 0.0, lines.set(read(), readLine())
12, 10501, 10, -0.20000000000000007, 0.0, -0.5, 0.2, lines.set(read(), readLine())
12, 10502, 7, -0.20000000000000007, 0.0, -0.5, 0.4, lines.get(in.read())
12, 10503, 11, -0.20000000000000007, 0.0, -0.5, 0.6000000000000001, in.readLine()
12, 10504, 11, -0.20000000000000007, 0.0, -0.5, 0.8, read().equals(in.readLine())
12, 10505, 11, -0.20000000000000007, 0.0, -0.4, 0.0, in.readLine()
12, 10506, 11, -0.20000000000000007, 0.0, -0.4, 0.2, in.readLine()
12, 10507, 7, -0.20000000000000007, 0.0, -0.4, 0.4, lines.get(in.read())
12, 10508, 11, -0.20000000000000007, 0.0, -0.4, 0.6000000000000001, in.readLine()
12, 10509, 11, -0.20000000000000007, 0.0, -0.4, 0.8, in.readLine()
12, 10510, 10, -0.20000000000000007, 0.0, -0.30000000000000004, 0.0, lines.set(read(), readLine())
12, 10511, 10, -0.20000000000000007, 0.0, -0.30000000000000004, 0.2, lines.set(read(), readLine())
12, 10512, 7, -0.20000000000000007, 0.0, -0.30000000000000004, 0.4, lines.get(in.read())
12, 10513, 11, -0.20000000000000007, 0.0, -0.30000000000000004, 0.6000000000000001, in.readLine()
12, 10514, 11, -0.20000000000000007, 0.0, -0.30000000000000004, 0.8, read().equals(in.readLine())
12, 10515, 11, -0.20000000000000007, 0.0, -0.20000000000000004, 0.0, new Float(readLine())
12, 10516, 11, -0.20000000000000007, 0.0, -0.20000000000000004, 0.2, in.readLine()
12, 10517, 7, -0.20000000000000007, 0.0, -0.20000000000000004, 0.4, lines.get(in.read())
12, 10518, 14, -0.20000000000000007, 0.0, -0.20000000000000004, 0.6000000000000001, read().compareTo(in.readLine())
12, 10519, 11, -0.20000000000000007, 0.0, -0.20000000000000004, 0.8, new Boolean(in.readLine())
12, 10520, 11, -0.20000000000000007, 0.0, -0.10000000000000003, 0.0, new Float(readLine())
12, 10521, 10, -0.20000000000000007, 0.0, -0.10000000000000003, 0.2, lines.set(read(), readLine())
12, 10522, 11, -0.20000000000000007, 0.0, -0.10000000000000003, 0.4, in.readLine()
12, 10523, 11, -0.20000000000000007, 0.0, -0.10000000000000003, 0.6000000000000001, in.readLine()
12, 10524, 11, -0.20000000000000007, 0.0, -0.10000000000000003, 0.8, in.readLine()
12, 10525, 11, -0.20000000000000007, 0.0, -2.7755575615628914E-17, 0.0, new Float(readLine())
12, 10526, 11, -0.20000000000000007, 0.0, -2.7755575615628914E-17, 0.2, new Float(readLine())
12, 10527, 11, -0.20000000000000007, 0.0, -2.7755575615628914E-17, 0.4, in.readLine()
12, 10528, 11, -0.20000000000000007, 0.0, -2.7755575615628914E-17, 0.6000000000000001, in.readLine()
12, 10529, 11, -0.20000000000000007, 0.0, -2.7755575615628914E-17, 0.8, in.readLine()
12, 10530, 7, -0.20000000000000007, 0.4, -0.5, 0.0, lines.get(in.read())
12, 10531, 7, -0.20000000000000007, 0.4, -0.5, 0.2, lines.get(in.read())
12, 10532, 11, -0.20000000000000007, 0.4, -0.5, 0.4, in.readLine()
12, 10533, 11, -0.20000000000000007, 0.4, -0.5, 0.6000000000000001, in.readLine()
12, 10534, 13, -0.20000000000000007, 0.4, -0.5, 0.8, in.read().remove()
12, 10535, 7, -0.20000000000000007, 0.4, -0.4, 0.0, lines.get(in.read())
12, 10536, 7, -0.20000000000000007, 0.4, -0.4, 0.2, lines.get(in.read())
12, 10537, 11, -0.20000000000000007, 0.4, -0.4, 0.4, in.readLine()
12, 10538, 11, -0.20000000000000007, 0.4, -0.4, 0.6000000000000001, in.readLine()
12, 10539, 11, -0.20000000000000007, 0.4, -0.4, 0.8, in.readLine()
12, 10540, 7, -0.20000000000000007, 0.4, -0.30000000000000004, 0.0, lines.get(in.read())
12, 10541, 11, -0.20000000000000007, 0.4, -0.30000000000000004, 0.2, in.readLine()
12, 10542, 11, -0.20000000000000007, 0.4, -0.30000000000000004, 0.4, in.readLine()
12, 10543, 11, -0.20000000000000007, 0.4, -0.30000000000000004, 0.6000000000000001, in.readLine()
12, 10544, 11, -0.20000000000000007, 0.4, -0.30000000000000004, 0.8, in.readLine()
12, 10545, 7, -0.20000000000000007, 0.4, -0.20000000000000004, 0.0, lines.get(in.read())
12, 10546, 11, -0.20000000000000007, 0.4, -0.20000000000000004, 0.2, in.readLine()
12, 10547, 11, -0.20000000000000007, 0.4, -0.20000000000000004, 0.4, in.readLine()
12, 10548, 11, -0.20000000000000007, 0.4, -0.20000000000000004, 0.6000000000000001, in.readLine()
12, 10549, 11, -0.20000000000000007, 0.4, -0.20000000000000004, 0.8, in.readLine()
12, 10550, 11, -0.20000000000000007, 0.4, -0.10000000000000003, 0.0, in.readLine()
12, 10551, 11, -0.20000000000000007, 0.4, -0.10000000000000003, 0.2, in.readLine()
12, 10552, 11, -0.20000000000000007, 0.4, -0.10000000000000003, 0.4, in.readLine()
12, 10553, 11, -0.20000000000000007, 0.4, -0.10000000000000003, 0.6000000000000001, in.readLine()
12, 10554, 11, -0.20000000000000007, 0.4, -0.10000000000000003, 0.8, in.readLine()
12, 10555, 11, -0.20000000000000007, 0.4, -2.7755575615628914E-17, 0.0, in.readLine()
12, 10556, 11, -0.20000000000000007, 0.4, -2.7755575615628914E-17, 0.2, in.readLine()
12, 10557, 11, -0.20000000000000007, 0.4, -2.7755575615628914E-17, 0.4, in.readLine()
12, 10558, 11, -0.20000000000000007, 0.4, -2.7755575615628914E-17, 0.6000000000000001, in.readLine()
12, 10559, 11, -0.20000000000000007, 0.4, -2.7755575615628914E-17, 0.8, in.readLine()
12, 10560, 11, -0.20000000000000007, 0.8, -0.5, 0.0, in.readLine()
12, 10561, 11, -0.20000000000000007, 0.8, -0.5, 0.2, in.readLine()
12, 10562, 11, -0.20000000000000007, 0.8, -0.5, 0.4, in.readLine()
12, 10563, 11, -0.20000000000000007, 0.8, -0.5, 0.6000000000000001, in.readLine()
12, 10564, 11, -0.20000000000000007, 0.8, -0.5, 0.8, in.readLine()
12, 10565, 15, -0.20000000000000007, 0.8, -0.4, 0.0, in.read().set(in.readLine(add()))
12, 10566, 13, -0.20000000000000007, 0.8, -0.4, 0.2, in.read().remove()
12, 10567, 13, -0.20000000000000007, 0.8, -0.4, 0.4, in.read().remove()
12, 10568, 13, -0.20000000000000007, 0.8, -0.4, 0.6000000000000001, in.read().remove()
12, 10569, 13, -0.20000000000000007, 0.8, -0.4, 0.8, in.read().remove()
12, 10570, 11, -0.20000000000000007, 0.8, -0.30000000000000004, 0.0, in.readLine()
12, 10571, 11, -0.20000000000000007, 0.8, -0.30000000000000004, 0.2, in.readLine()
12, 10572, 11, -0.20000000000000007, 0.8, -0.30000000000000004, 0.4, in.readLine()
12, 10573, 11, -0.20000000000000007, 0.8, -0.30000000000000004, 0.6000000000000001, in.readLine()
12, 10574, 13, -0.20000000000000007, 0.8, -0.30000000000000004, 0.8, in.read().remove()
12, 10575, 11, -0.20000000000000007, 0.8, -0.20000000000000004, 0.0, in.readLine()
12, 10576, 11, -0.20000000000000007, 0.8, -0.20000000000000004, 0.2, in.readLine()
12, 10577, 13, -0.20000000000000007, 0.8, -0.20000000000000004, 0.4, lines.indexOf(readLine()).get()
12, 10578, 11, -0.20000000000000007, 0.8, -0.20000000000000004, 0.6000000000000001, in.readLine()
12, 10579, 13, -0.20000000000000007, 0.8, -0.20000000000000004, 0.8, lines.indexOf(readLine()).get()
12, 10580, 11, -0.20000000000000007, 0.8, -0.10000000000000003, 0.0, in.readLine()
12, 10581, 11, -0.20000000000000007, 0.8, -0.10000000000000003, 0.2, in.readLine()
12, 10582, 13, -0.20000000000000007, 0.8, -0.10000000000000003, 0.4, lines.indexOf(readLine()).get()
12, 10583, 11, -0.20000000000000007, 0.8, -0.10000000000000003, 0.6000000000000001, in.readLine()
12, 10584, 13, -0.20000000000000007, 0.8, -0.10000000000000003, 0.8, lines.indexOf(readLine()).get()
12, 10585, 11, -0.20000000000000007, 0.8, -2.7755575615628914E-17, 0.0, in.readLine()
12, 10586, 11, -0.20000000000000007, 0.8, -2.7755575615628914E-17, 0.2, in.readLine()
12, 10587, 13, -0.20000000000000007, 0.8, -2.7755575615628914E-17, 0.4, lines.indexOf(readLine()).get()
12, 10588, 11, -0.20000000000000007, 0.8, -2.7755575615628914E-17, 0.6000000000000001, in.readLine()
12, 10589, 13, -0.20000000000000007, 0.8, -2.7755575615628914E-17, 0.8, lines.indexOf(readLine()).get()
12, 10590, 11, -0.20000000000000007, 1.2000000000000002, -0.5, 0.0, in.readLine()
12, 10591, 11, -0.20000000000000007, 1.2000000000000002, -0.5, 0.2, in.readLine()
12, 10592, 11, -0.20000000000000007, 1.2000000000000002, -0.5, 0.4, in.readLine()
12, 10593, 11, -0.20000000000000007, 1.2000000000000002, -0.5, 0.6000000000000001, in.readLine()
12, 10594, 15, -0.20000000000000007, 1.2000000000000002, -0.5, 0.8, Long.valueOf(in.readLine(add()))
12, 10595, 15, -0.20000000000000007, 1.2000000000000002, -0.4, 0.0, Long.valueOf(in.readLine(add()))
12, 10596, 15, -0.20000000000000007, 1.2000000000000002, -0.4, 0.2, Long.valueOf(in.readLine(add()))
12, 10597, 15, -0.20000000000000007, 1.2000000000000002, -0.4, 0.4, Long.valueOf(in.readLine(add()))
12, 10598, 15, -0.20000000000000007, 1.2000000000000002, -0.4, 0.6000000000000001, Long.valueOf(in.readLine(add()))
12, 10599, 15, -0.20000000000000007, 1.2000000000000002, -0.4, 0.8, Long.valueOf(in.readLine(add()))
12, 10600, 11, -0.20000000000000007, 1.2000000000000002, -0.30000000000000004, 0.0, in.readLine()
12, 10601, 11, -0.20000000000000007, 1.2000000000000002, -0.30000000000000004, 0.2, in.readLine()
12, 10602, 11, -0.20000000000000007, 1.2000000000000002, -0.30000000000000004, 0.4, in.readLine()
12, 10603, 11, -0.20000000000000007, 1.2000000000000002, -0.30000000000000004, 0.6000000000000001, in.readLine()
12, 10604, 11, -0.20000000000000007, 1.2000000000000002, -0.30000000000000004, 0.8, in.readLine()
12, 10605, 15, -0.20000000000000007, 1.2000000000000002, -0.20000000000000004, 0.0, Long.valueOf(in.readLine(add()))
12, 10606, 15, -0.20000000000000007, 1.2000000000000002, -0.20000000000000004, 0.2, Long.valueOf(in.readLine(add()))
12, 10607, 15, -0.20000000000000007, 1.2000000000000002, -0.20000000000000004, 0.4, Long.valueOf(in.readLine(add()))
12, 10608, 15, -0.20000000000000007, 1.2000000000000002, -0.20000000000000004, 0.6000000000000001, Long.valueOf(in.readLine(add()))
12, 10609, 15, -0.20000000000000007, 1.2000000000000002, -0.20000000000000004, 0.8, Long.valueOf(in.readLine(add()))
12, 10610, 13, -0.20000000000000007, 1.2000000000000002, -0.10000000000000003, 0.0, lines.indexOf(readLine()).get()
12, 10611, 13, -0.20000000000000007, 1.2000000000000002, -0.10000000000000003, 0.2, lines.indexOf(readLine()).get()
12, 10612, 13, -0.20000000000000007, 1.2000000000000002, -0.10000000000000003, 0.4, lines.indexOf(readLine()).get()
12, 10613, 13, -0.20000000000000007, 1.2000000000000002, -0.10000000000000003, 0.6000000000000001, lines.indexOf(readLine()).get()
12, 10614, 15, -0.20000000000000007, 1.2000000000000002, -0.10000000000000003, 0.8, Long.valueOf(in.readLine(add()))
12, 10615, 16, -0.20000000000000007, 1.2000000000000002, -2.7755575615628914E-17, 0.0, in.readLine(lines.add(readLine()))
12, 10616, 16, -0.20000000000000007, 1.2000000000000002, -2.7755575615628914E-17, 0.2, in.readLine(lines.add(readLine()))
12, 10617, 13, -0.20000000000000007, 1.2000000000000002, -2.7755575615628914E-17, 0.4, lines.indexOf(readLine()).get()
12, 10618, 13, -0.20000000000000007, 1.2000000000000002, -2.7755575615628914E-17, 0.6000000000000001, lines.indexOf(readLine()).get()
12, 10619, 13, -0.20000000000000007, 1.2000000000000002, -2.7755575615628914E-17, 0.8, lines.indexOf(readLine()).get()
12, 10620, 11, -0.20000000000000007, 1.6, -0.5, 0.0, in.readLine()
12, 10621, 11, -0.20000000000000007, 1.6, -0.5, 0.2, in.readLine()
12, 10622, 11, -0.20000000000000007, 1.6, -0.5, 0.4, in.readLine()
12, 10623, 15, -0.20000000000000007, 1.6, -0.5, 0.6000000000000001, Long.valueOf(in.readLine(add()))
12, 10624, 11, -0.20000000000000007, 1.6, -0.5, 0.8, in.readLine()
12, 10625, 15, -0.20000000000000007, 1.6, -0.4, 0.0, Long.valueOf(in.readLine(add()))
12, 10626, 15, -0.20000000000000007, 1.6, -0.4, 0.2, Long.valueOf(in.readLine(add()))
12, 10627, 15, -0.20000000000000007, 1.6, -0.4, 0.4, Long.valueOf(in.readLine(add()))
12, 10628, 15, -0.20000000000000007, 1.6, -0.4, 0.6000000000000001, Long.valueOf(in.readLine(add()))
12, 10629, 15, -0.20000000000000007, 1.6, -0.4, 0.8, Long.valueOf(in.readLine(add()))
12, 10630, 13, -0.20000000000000007, 1.6, -0.30000000000000004, 0.0, lines.indexOf(readLine()).get()
12, 10631, 11, -0.20000000000000007, 1.6, -0.30000000000000004, 0.2, in.readLine()
12, 10632, 11, -0.20000000000000007, 1.6, -0.30000000000000004, 0.4, in.readLine()
12, 10633, 13, -0.20000000000000007, 1.6, -0.30000000000000004, 0.6000000000000001, lines.indexOf(readLine()).get()
12, 10634, 11, -0.20000000000000007, 1.6, -0.30000000000000004, 0.8, in.readLine()
12, 10635, 13, -0.20000000000000007, 1.6, -0.20000000000000004, 0.0, lines.indexOf(readLine()).get()
12, 10636, 13, -0.20000000000000007, 1.6, -0.20000000000000004, 0.2, lines.indexOf(readLine()).get()
12, 10637, 13, -0.20000000000000007, 1.6, -0.20000000000000004, 0.4, lines.indexOf(readLine()).get()
12, 10638, 13, -0.20000000000000007, 1.6, -0.20000000000000004, 0.6000000000000001, lines.indexOf(readLine()).get()
12, 10639, 13, -0.20000000000000007, 1.6, -0.20000000000000004, 0.8, lines.indexOf(readLine()).get()
12, 10640, 13, -0.20000000000000007, 1.6, -0.10000000000000003, 0.0, lines.indexOf(readLine()).get()
12, 10641, 13, -0.20000000000000007, 1.6, -0.10000000000000003, 0.2, lines.indexOf(readLine()).get()
12, 10642, 15, -0.20000000000000007, 1.6, -0.10000000000000003, 0.4, Long.valueOf(in.readLine(add()))
12, 10643, 13, -0.20000000000000007, 1.6, -0.10000000000000003, 0.6000000000000001, lines.indexOf(readLine()).get()
12, 10644, 13, -0.20000000000000007, 1.6, -0.10000000000000003, 0.8, lines.indexOf(readLine()).get()
12, 10645, 11, -0.20000000000000007, 1.6, -2.7755575615628914E-17, 0.0, in.readLine()
12, 10646, 11, -0.20000000000000007, 1.6, -2.7755575615628914E-17, 0.2, in.readLine()
12, 10647, 11, -0.20000000000000007, 1.6, -2.7755575615628914E-17, 0.4, in.readLine()
12, 10648, 16, -0.20000000000000007, 1.6, -2.7755575615628914E-17, 0.6000000000000001, in.readLine(lines.add(readLine()))
12, 10649, 11, -0.20000000000000007, 1.6, -2.7755575615628914E-17, 0.8, in.readLine()
12, 10650, 11, -5.551115123125783E-17, 0.0, -0.5, 0.0, in.readLine()
12, 10651, 7, -5.551115123125783E-17, 0.0, -0.5, 0.2, lines.get(in.read())
12, 10652, 7, -5.551115123125783E-17, 0.0, -0.5, 0.4, lines.get(in.read())
12, 10653, 11, -5.551115123125783E-17, 0.0, -0.5, 0.6000000000000001, in.readLine()
12, 10654, 11, -5.551115123125783E-17, 0.0, -0.5, 0.8, in.readLine()
12, 10655, 10, -5.551115123125783E-17, 0.0, -0.4, 0.0, lines.set(read(), readLine())
12, 10656, 7, -5.551115123125783E-17, 0.0, -0.4, 0.2, lines.get(in.read())
12, 10657, 7, -5.551115123125783E-17, 0.0, -0.4, 0.4, lines.get(in.read())
12, 10658, 11, -5.551115123125783E-17, 0.0, -0.4, 0.6000000000000001, in.readLine()
12, 10659, 11, -5.551115123125783E-17, 0.0, -0.4, 0.8, in.readLine()
12, 10660, 10, -5.551115123125783E-17, 0.0, -0.30000000000000004, 0.0, lines.set(read(), readLine())
12, 10661, 7, -5.551115123125783E-17, 0.0, -0.30000000000000004, 0.2, lines.get(in.read())
12, 10662, 11, -5.551115123125783E-17, 0.0, -0.30000000000000004, 0.4, in.readLine()
12, 10663, 11, -5.551115123125783E-17, 0.0, -0.30000000000000004, 0.6000000000000001, in.readLine()
12, 10664, 11, -5.551115123125783E-17, 0.0, -0.30000000000000004, 0.8, in.readLine()
12, 10665, 10, -5.551115123125783E-17, 0.0, -0.20000000000000004, 0.0, lines.set(read(), readLine())
12, 10666, 7, -5.551115123125783E-17, 0.0, -0.20000000000000004, 0.2, lines.get(in.read())
12, 10667, 11, -5.551115123125783E-17, 0.0, -0.20000000000000004, 0.4, in.readLine()
12, 10668, 11, -5.551115123125783E-17, 0.0, -0.20000000000000004, 0.6000000000000001, in.readLine()
12, 10669, 11, -5.551115123125783E-17, 0.0, -0.20000000000000004, 0.8, in.readLine()
12, 10670, 10, -5.551115123125783E-17, 0.0, -0.10000000000000003, 0.0, lines.set(read(), readLine())
12, 10671, 11, -5.551115123125783E-17, 0.0, -0.10000000000000003, 0.2, in.readLine()
12, 10672, 11, -5.551115123125783E-17, 0.0, -0.10000000000000003, 0.4, in.readLine()
12, 10673, 11, -5.551115123125783E-17, 0.0, -0.10000000000000003, 0.6000000000000001, in.readLine()
12, 10674, 11, -5.551115123125783E-17, 0.0, -0.10000000000000003, 0.8, in.readLine()
12, 10675, 11, -5.551115123125783E-17, 0.0, -2.7755575615628914E-17, 0.0, new Float(readLine())
12, 10676, 11, -5.551115123125783E-17, 0.0, -2.7755575615628914E-17, 0.2, in.readLine()
12, 10677, 11, -5.551115123125783E-17, 0.0, -2.7755575615628914E-17, 0.4, in.readLine()
12, 10678, 11, -5.551115123125783E-17, 0.0, -2.7755575615628914E-17, 0.6000000000000001, in.readLine()
12, 10679, 11, -5.551115123125783E-17, 0.0, -2.7755575615628914E-17, 0.8, in.readLine()
12, 10680, 7, -5.551115123125783E-17, 0.4, -0.5, 0.0, lines.get(in.read())
12, 10681, 11, -5.551115123125783E-17, 0.4, -0.5, 0.2, in.readLine()
12, 10682, 11, -5.551115123125783E-17, 0.4, -0.5, 0.4, in.readLine()
12, 10683, 11, -5.551115123125783E-17, 0.4, -0.5, 0.6000000000000001, in.readLine()
12, 10684, 11, -5.551115123125783E-17, 0.4, -0.5, 0.8, in.readLine()
12, 10685, 7, -5.551115123125783E-17, 0.4, -0.4, 0.0, lines.get(in.read())
12, 10686, 11, -5.551115123125783E-17, 0.4, -0.4, 0.2, in.readLine()
12, 10687, 13, -5.551115123125783E-17, 0.4, -0.4, 0.4, in.read().remove()
12, 10688, 11, -5.551115123125783E-17, 0.4, -0.4, 0.6000000000000001, in.readLine()
12, 10689, 11, -5.551115123125783E-17, 0.4, -0.4, 0.8, in.readLine()
12, 10690, 11, -5.551115123125783E-17, 0.4, -0.30000000000000004, 0.0, in.readLine()
12, 10691, 11, -5.551115123125783E-17, 0.4, -0.30000000000000004, 0.2, in.readLine()
12, 10692, 11, -5.551115123125783E-17, 0.4, -0.30000000000000004, 0.4, in.readLine()
12, 10693, 11, -5.551115123125783E-17, 0.4, -0.30000000000000004, 0.6000000000000001, in.readLine()
12, 10694, 13, -5.551115123125783E-17, 0.4, -0.30000000000000004, 0.8, in.read().remove()
12, 10695, 11, -5.551115123125783E-17, 0.4, -0.20000000000000004, 0.0, in.readLine()
12, 10696, 11, -5.551115123125783E-17, 0.4, -0.20000000000000004, 0.2, in.readLine()
12, 10697, 11, -5.551115123125783E-17, 0.4, -0