9, 7200, 12, -1.0, 0.0, -0.5, 0.0, new Character(charAt())
9, 7201, 12, -1.0, 0.0, -0.5, 0.2, new Character(charAt())
9, 7202, 12, -1.0, 0.0, -0.5, 0.4, new Character(charAt())
9, 7203, 12, -1.0, 0.0, -0.5, 0.6000000000000001, new Character(charAt())
9, 7204, 12, -1.0, 0.0, -0.5, 0.8, new Character(charAt())
9, 7205, 12, -1.0, 0.0, -0.4, 0.0, new Character(charAt())
9, 7206, 12, -1.0, 0.0, -0.4, 0.2, new Character(charAt())
9, 7207, 12, -1.0, 0.0, -0.4, 0.4, new Character(charAt())
9, 7208, 14, -1.0, 0.0, -0.4, 0.6000000000000001, charAt().charValue()
9, 7209, 12, -1.0, 0.0, -0.4, 0.8, new Character(charAt())
9, 7210, 12, -1.0, 0.0, -0.30000000000000004, 0.0, new Character(charAt())
9, 7211, 12, -1.0, 0.0, -0.30000000000000004, 0.2, new Character(charAt())
9, 7212, 12, -1.0, 0.0, -0.30000000000000004, 0.4, new Character(charAt())
9, 7213, 12, -1.0, 0.0, -0.30000000000000004, 0.6000000000000001, new Character(charAt())
9, 7214, 12, -1.0, 0.0, -0.30000000000000004, 0.8, new Character(charAt())
9, 7215, 12, -1.0, 0.0, -0.20000000000000004, 0.0, new Character(charAt())
9, 7216, 12, -1.0, 0.0, -0.20000000000000004, 0.2, new Character(charAt())
9, 7217, 12, -1.0, 0.0, -0.20000000000000004, 0.4, new Character(charAt())
9, 7218, 12, -1.0, 0.0, -0.20000000000000004, 0.6000000000000001, new Character(charAt())
9, 7219, 12, -1.0, 0.0, -0.20000000000000004, 0.8, new Character(charAt())
9, 7220, 12, -1.0, 0.0, -0.10000000000000003, 0.0, new Character(charAt())
9, 7221, 12, -1.0, 0.0, -0.10000000000000003, 0.2, new Character(charAt())
9, 7222, 12, -1.0, 0.0, -0.10000000000000003, 0.4, new Character(charAt())
9, 7223, 12, -1.0, 0.0, -0.10000000000000003, 0.6000000000000001, new Character(charAt())
9, 7224, 12, -1.0, 0.0, -0.10000000000000003, 0.8, new Character(charAt())
9, 7225, 16, -1.0, 0.0, -2.7755575615628914E-17, 0.0, Character.MIN_VALUE
9, 7226, 10, -1.0, 0.0, -2.7755575615628914E-17, 0.2, message.charAt(Float.SIZE)
9, 7227, 10, -1.0, 0.0, -2.7755575615628914E-17, 0.4, message.charAt(Float.SIZE)
9, 7228, 10, -1.0, 0.0, -2.7755575615628914E-17, 0.6000000000000001, message.charAt(Float.SIZE)
9, 7229, 10, -1.0, 0.0, -2.7755575615628914E-17, 0.8, message.charAt(Float.SIZE)
9, 7230, 12, -1.0, 0.4, -0.5, 0.0, new Character(charAt())
9, 7231, 12, -1.0, 0.4, -0.5, 0.2, new Character(charAt())
9, 7232, 12, -1.0, 0.4, -0.5, 0.4, new Character(charAt())
9, 7233, 12, -1.0, 0.4, -0.5, 0.6000000000000001, new Character(charAt())
9, 7234, 12, -1.0, 0.4, -0.5, 0.8, new Character(charAt())
9, 7235, 12, -1.0, 0.4, -0.4, 0.0, new Character(charAt())
9, 7236, 12, -1.0, 0.4, -0.4, 0.2, new Character(charAt())
9, 7237, 12, -1.0, 0.4, -0.4, 0.4, new Character(charAt())
9, 7238, 12, -1.0, 0.4, -0.4, 0.6000000000000001, new Character(charAt())
9, 7239, 12, -1.0, 0.4, -0.4, 0.8, new Character(charAt())
9, 7240, 12, -1.0, 0.4, -0.30000000000000004, 0.0, new Character(charAt())
9, 7241, 12, -1.0, 0.4, -0.30000000000000004, 0.2, new Character(charAt())
9, 7242, 12, -1.0, 0.4, -0.30000000000000004, 0.4, new Character(charAt())
9, 7243, 12, -1.0, 0.4, -0.30000000000000004, 0.6000000000000001, message.charAt(codePointAt())
9, 7244, 12, -1.0, 0.4, -0.30000000000000004, 0.8, new Character(charAt())
9, 7245, 12, -1.0, 0.4, -0.20000000000000004, 0.0, new Character(charAt())
9, 7246, 12, -1.0, 0.4, -0.20000000000000004, 0.2, new Character(charAt())
9, 7247, 12, -1.0, 0.4, -0.20000000000000004, 0.4, new Character(charAt())
9, 7248, 12, -1.0, 0.4, -0.20000000000000004, 0.6000000000000001, message.charAt(codePointAt())
9, 7249, 12, -1.0, 0.4, -0.20000000000000004, 0.8, message.charAt(codePointAt())
9, 7250, 12, -1.0, 0.4, -0.10000000000000003, 0.0, new Character(charAt())
9, 7251, 12, -1.0, 0.4, -0.10000000000000003, 0.2, new Character(charAt())
9, 7252, 12, -1.0, 0.4, -0.10000000000000003, 0.4, new Character(charAt())
9, 7253, 12, -1.0, 0.4, -0.10000000000000003, 0.6000000000000001, message.charAt(codePointAt())
9, 7254, 12, -1.0, 0.4, -0.10000000000000003, 0.8, message.charAt(codePointAt())
9, 7255, 16, -1.0, 0.4, -2.7755575615628914E-17, 0.0, Character.MIN_VALUE
9, 7256, 16, -1.0, 0.4, -2.7755575615628914E-17, 0.2, Character.MIN_VALUE
9, 7257, 16, -1.0, 0.4, -2.7755575615628914E-17, 0.4, Character.MIN_VALUE
9, 7258, 16, -1.0, 0.4, -2.7755575615628914E-17, 0.6000000000000001, Character.MIN_VALUE
9, 7259, 16, -1.0, 0.4, -2.7755575615628914E-17, 0.8, Character.MIN_VALUE
9, 7260, 12, -1.0, 0.8, -0.5, 0.0, new Character(charAt())
9, 7261, 12, -1.0, 0.8, -0.5, 0.2, new Character(charAt())
9, 7262, 12, -1.0, 0.8, -0.5, 0.4, new Character(charAt())
9, 7263, 12, -1.0, 0.8, -0.5, 0.6000000000000001, new Character(charAt())
9, 7264, 12, -1.0, 0.8, -0.5, 0.8, new Character(charAt())
9, 7265, 12, -1.0, 0.8, -0.4, 0.0, new Character(charAt())
9, 7266, 12, -1.0, 0.8, -0.4, 0.2, new Character(charAt())
9, 7267, 12, -1.0, 0.8, -0.4, 0.4, new Character(charAt())
9, 7268, 12, -1.0, 0.8, -0.4, 0.6000000000000001, new Character(charAt())
9, 7269, 12, -1.0, 0.8, -0.4, 0.8, new Character(charAt())
9, 7270, 12, -1.0, 0.8, -0.30000000000000004, 0.0, new Character(charAt())
9, 7271, 12, -1.0, 0.8, -0.30000000000000004, 0.2, new Character(charAt())
9, 7272, 12, -1.0, 0.8, -0.30000000000000004, 0.4, new Character(charAt())
9, 7273, 12, -1.0, 0.8, -0.30000000000000004, 0.6000000000000001, new Character(charAt())
9, 7274, 12, -1.0, 0.8, -0.30000000000000004, 0.8, new Character(charAt())
9, 7275, 12, -1.0, 0.8, -0.20000000000000004, 0.0, new Character(charAt())
9, 7276, 12, -1.0, 0.8, -0.20000000000000004, 0.2, new Character(charAt())
9, 7277, 12, -1.0, 0.8, -0.20000000000000004, 0.4, new Character(charAt())
9, 7278, 12, -1.0, 0.8, -0.20000000000000004, 0.6000000000000001, new Character(charAt())
9, 7279, 12, -1.0, 0.8, -0.20000000000000004, 0.8, new Character(charAt())
9, 7280, 12, -1.0, 0.8, -0.10000000000000003, 0.0, new Character(charAt())
9, 7281, 12, -1.0, 0.8, -0.10000000000000003, 0.2, new Character(charAt())
9, 7282, 12, -1.0, 0.8, -0.10000000000000003, 0.4, new Character(charAt())
9, 7283, 12, -1.0, 0.8, -0.10000000000000003, 0.6000000000000001, new Character(charAt())
9, 7284, 12, -1.0, 0.8, -0.10000000000000003, 0.8, new Character(charAt())
9, 7285, 12, -1.0, 0.8, -2.7755575615628914E-17, 0.0, new Character(charAt())
9, 7286, 12, -1.0, 0.8, -2.7755575615628914E-17, 0.2, new Character(charAt())
9, 7287, 12, -1.0, 0.8, -2.7755575615628914E-17, 0.4, new Character(charAt())
9, 7288, 12, -1.0, 0.8, -2.7755575615628914E-17, 0.6000000000000001, new Character(charAt())
9, 7289, 12, -1.0, 0.8, -2.7755575615628914E-17, 0.8, new Character(charAt())
9, 7290, 12, -1.0, 1.2000000000000002, -0.5, 0.0, new Character(charAt())
9, 7291, 12, -1.0, 1.2000000000000002, -0.5, 0.2, new Character(charAt())
9, 7292, 12, -1.0, 1.2000000000000002, -0.5, 0.4, new Character(charAt())
9, 7293, 12, -1.0, 1.2000000000000002, -0.5, 0.6000000000000001, new Character(charAt())
9, 7294, 12, -1.0, 1.2000000000000002, -0.5, 0.8, new Character(charAt())
9, 7295, 12, -1.0, 1.2000000000000002, -0.4, 0.0, new Character(charAt())
9, 7296, 12, -1.0, 1.2000000000000002, -0.4, 0.2, new Character(charAt())
9, 7297, 12, -1.0, 1.2000000000000002, -0.4, 0.4, new Character(charAt())
9, 7298, 12, -1.0, 1.2000000000000002, -0.4, 0.6000000000000001, new Character(charAt())
9, 7299, 12, -1.0, 1.2000000000000002, -0.4, 0.8, new Character(charAt())
9, 7300, 12, -1.0, 1.2000000000000002, -0.30000000000000004, 0.0, new Character(charAt())
9, 7301, 12, -1.0, 1.2000000000000002, -0.30000000000000004, 0.2, new Character(charAt())
9, 7302, 12, -1.0, 1.2000000000000002, -0.30000000000000004, 0.4, new Character(charAt())
9, 7303, 12, -1.0, 1.2000000000000002, -0.30000000000000004, 0.6000000000000001, new Character(charAt())
9, 7304, 12, -1.0, 1.2000000000000002, -0.30000000000000004, 0.8, new Character(charAt())
9, 7305, 12, -1.0, 1.2000000000000002, -0.20000000000000004, 0.0, new Character(charAt())
9, 7306, 12, -1.0, 1.2000000000000002, -0.20000000000000004, 0.2, new Character(charAt())
9, 7307, 12, -1.0, 1.2000000000000002, -0.20000000000000004, 0.4, new Character(charAt())
9, 7308, 12, -1.0, 1.2000000000000002, -0.20000000000000004, 0.6000000000000001, new Character(charAt())
9, 7309, 12, -1.0, 1.2000000000000002, -0.20000000000000004, 0.8, new Character(charAt())
9, 7310, 12, -1.0, 1.2000000000000002, -0.10000000000000003, 0.0, new Character(charAt())
9, 7311, 12, -1.0, 1.2000000000000002, -0.10000000000000003, 0.2, new Character(charAt())
9, 7312, 12, -1.0, 1.2000000000000002, -0.10000000000000003, 0.4, new Character(charAt())
9, 7313, 12, -1.0, 1.2000000000000002, -0.10000000000000003, 0.6000000000000001, new Character(charAt())
9, 7314, 12, -1.0, 1.2000000000000002, -0.10000000000000003, 0.8, new Character(charAt())
9, 7315, 16, -1.0, 1.2000000000000002, -2.7755575615628914E-17, 0.0, Character.MAX_VALUE
9, 7316, 16, -1.0, 1.2000000000000002, -2.7755575615628914E-17, 0.2, Character.MAX_VALUE
9, 7317, 16, -1.0, 1.2000000000000002, -2.7755575615628914E-17, 0.4, Character.MAX_VALUE
9, 7318, 16, -1.0, 1.2000000000000002, -2.7755575615628914E-17, 0.6000000000000001, Character.MAX_VALUE
9, 7319, 16, -1.0, 1.2000000000000002, -2.7755575615628914E-17, 0.8, Character.MAX_VALUE
9, 7320, 12, -1.0, 1.6, -0.5, 0.0, new Character(charAt())
9, 7321, 12, -1.0, 1.6, -0.5, 0.2, new Character(charAt())
9, 7322, 12, -1.0, 1.6, -0.5, 0.4, new Character(charAt())
9, 7323, 12, -1.0, 1.6, -0.5, 0.6000000000000001, new Character(charAt())
9, 7324, 12, -1.0, 1.6, -0.5, 0.8, new Character(charAt())
9, 7325, 12, -1.0, 1.6, -0.4, 0.0, new Character(charAt())
9, 7326, 12, -1.0, 1.6, -0.4, 0.2, new Character(charAt())
9, 7327, 12, -1.0, 1.6, -0.4, 0.4, new Character(charAt())
9, 7328, 12, -1.0, 1.6, -0.4, 0.6000000000000001, new Character(charAt())
9, 7329, 12, -1.0, 1.6, -0.4, 0.8, new Character(charAt())
9, 7330, 12, -1.0, 1.6, -0.30000000000000004, 0.0, new Character(charAt())
9, 7331, 12, -1.0, 1.6, -0.30000000000000004, 0.2, new Character(charAt())
9, 7332, 12, -1.0, 1.6, -0.30000000000000004, 0.4, new Character(charAt())
9, 7333, 12, -1.0, 1.6, -0.30000000000000004, 0.6000000000000001, new Character(charAt())
9, 7334, 12, -1.0, 1.6, -0.30000000000000004, 0.8, new Character(charAt())
9, 7335, 12, -1.0, 1.6, -0.20000000000000004, 0.0, new Character(charAt())
9, 7336, 12, -1.0, 1.6, -0.20000000000000004, 0.2, new Character(charAt())
9, 7337, 12, -1.0, 1.6, -0.20000000000000004, 0.4, new Character(charAt())
9, 7338, 12, -1.0, 1.6, -0.20000000000000004, 0.6000000000000001, new Character(charAt())
9, 7339, 16, -1.0, 1.6, -0.20000000000000004, 0.8, Character.MAX_VALUE
9, 7340, 12, -1.0, 1.6, -0.10000000000000003, 0.0, new Character(charAt())
9, 7341, 12, -1.0, 1.6, -0.10000000000000003, 0.2, new Character(charAt())
9, 7342, 12, -1.0, 1.6, -0.10000000000000003, 0.4, new Character(charAt())
9, 7343, 16, -1.0, 1.6, -0.10000000000000003, 0.6000000000000001, Character.MAX_VALUE
9, 7344, 16, -1.0, 1.6, -0.10000000000000003, 0.8, Character.MAX_VALUE
9, 7345, 16, -1.0, 1.6, -2.7755575615628914E-17, 0.0, Character.MAX_VALUE
9, 7346, 16, -1.0, 1.6, -2.7755575615628914E-17, 0.2, Character.MAX_VALUE
9, 7347, 16, -1.0, 1.6, -2.7755575615628914E-17, 0.4, Character.MAX_VALUE
9, 7348, 16, -1.0, 1.6, -2.7755575615628914E-17, 0.6000000000000001, Character.MAX_VALUE
9, 7349, 16, -1.0, 1.6, -2.7755575615628914E-17, 0.8, Character.MAX_VALUE
9, 7350, 12, -0.8, 0.0, -0.5, 0.0, new Character(charAt())
9, 7351, 12, -0.8, 0.0, -0.5, 0.2, new Character(charAt())
9, 7352, 12, -0.8, 0.0, -0.5, 0.4, new Character(charAt())
9, 7353, 12, -0.8, 0.0, -0.5, 0.6000000000000001, new Character(charAt())
9, 7354, 12, -0.8, 0.0, -0.5, 0.8, new Character(charAt())
9, 7355, 12, -0.8, 0.0, -0.4, 0.0, new Character(charAt())
9, 7356, 12, -0.8, 0.0, -0.4, 0.2, new Character(charAt())
9, 7357, 14, -0.8, 0.0, -0.4, 0.4, charAt().charValue()
9, 7358, 12, -0.8, 0.0, -0.4, 0.6000000000000001, new Character(charAt())
9, 7359, 12, -0.8, 0.0, -0.4, 0.8, new Character(charAt())
9, 7360, 12, -0.8, 0.0, -0.30000000000000004, 0.0, new Character(charAt())
9, 7361, 12, -0.8, 0.0, -0.30000000000000004, 0.2, new Character(charAt())
9, 7362, 12, -0.8, 0.0, -0.30000000000000004, 0.4, new Character(charAt())
9, 7363, 12, -0.8, 0.0, -0.30000000000000004, 0.6000000000000001, new Character(charAt())
9, 7364, 12, -0.8, 0.0, -0.30000000000000004, 0.8, new Character(charAt())
9, 7365, 12, -0.8, 0.0, -0.20000000000000004, 0.0, new Character(charAt())
9, 7366, 12, -0.8, 0.0, -0.20000000000000004, 0.2, new Character(charAt())
9, 7367, 12, -0.8, 0.0, -0.20000000000000004, 0.4, new Character(charAt())
9, 7368, 12, -0.8, 0.0, -0.20000000000000004, 0.6000000000000001, new Character(charAt())
9, 7369, 12, -0.8, 0.0, -0.20000000000000004, 0.8, new Character(charAt())
9, 7370, 12, -0.8, 0.0, -0.10000000000000003, 0.0, new Character(charAt())
9, 7371, 12, -0.8, 0.0, -0.10000000000000003, 0.2, new Character(charAt())
9, 7372, 12, -0.8, 0.0, -0.10000000000000003, 0.4, new Character(charAt())
9, 7373, 12, -0.8, 0.0, -0.10000000000000003, 0.6000000000000001, new Character(charAt())
9, 7374, 12, -0.8, 0.0, -0.10000000000000003, 0.8, new Character(charAt())
9, 7375, 16, -0.8, 0.0, -2.7755575615628914E-17, 0.0, Character.MIN_VALUE
9, 7376, 15, -0.8, 0.0, -2.7755575615628914E-17, 0.2, message.charAt(StrictMath.max())
9, 7377, 15, -0.8, 0.0, -2.7755575615628914E-17, 0.4, message.charAt(StrictMath.max())
9, 7378, 15, -0.8, 0.0, -2.7755575615628914E-17, 0.6000000000000001, message.charAt(StrictMath.max())
9, 7379, 16, -0.8, 0.0, -2.7755575615628914E-17, 0.8, Character.MIN_VALUE
9, 7380, 12, -0.8, 0.4, -0.5, 0.0, new Character(charAt())
9, 7381, 12, -0.8, 0.4, -0.5, 0.2, new Character(charAt())
9, 7382, 12, -0.8, 0.4, -0.5, 0.4, new Character(charAt())
9, 7383, 12, -0.8, 0.4, -0.5, 0.6000000000000001, new Character(charAt())
9, 7384, 12, -0.8, 0.4, -0.5, 0.8, new Character(charAt())
9, 7385, 14, -0.8, 0.4, -0.4, 0.0, charAt().charValue()
9, 7386, 12, -0.8, 0.4, -0.4, 0.2, new Character(charAt())
9, 7387, 12, -0.8, 0.4, -0.4, 0.4, new Character(charAt())
9, 7388, 12, -0.8, 0.4, -0.4, 0.6000000000000001, new Character(charAt())
9, 7389, 12, -0.8, 0.4, -0.4, 0.8, new Character(charAt())
9, 7390, 12, -0.8, 0.4, -0.30000000000000004, 0.0, new Character(charAt())
9, 7391, 12, -0.8, 0.4, -0.30000000000000004, 0.2, new Character(charAt())
9, 7392, 12, -0.8, 0.4, -0.30000000000000004, 0.4, new Character(charAt())
9, 7393, 12, -0.8, 0.4, -0.30000000000000004, 0.6000000000000001, new Character(charAt())
9, 7394, 12, -0.8, 0.4, -0.30000000000000004, 0.8, new Character(charAt())
9, 7395, 12, -0.8, 0.4, -0.20000000000000004, 0.0, new Character(charAt())
9, 7396, 12, -0.8, 0.4, -0.20000000000000004, 0.2, new Character(charAt())
9, 7397, 12, -0.8, 0.4, -0.20000000000000004, 0.4, message.charAt(codePointAt())
9, 7398, 12, -0.8, 0.4, -0.20000000000000004, 0.6000000000000001, message.charAt(codePointAt())
9, 7399, 12, -0.8, 0.4, -0.20000000000000004, 0.8, new Character(charAt())
9, 7400, 12, -0.8, 0.4, -0.10000000000000003, 0.0, new Character(charAt())
9, 7401, 12, -0.8, 0.4, -0.10000000000000003, 0.2, new Character(charAt())
9, 7402, 12, -0.8, 0.4, -0.10000000000000003, 0.4, new Character(charAt())
9, 7403, 12, -0.8, 0.4, -0.10000000000000003, 0.6000000000000001, message.charAt(codePointAt())
9, 7404, 12, -0.8, 0.4, -0.10000000000000003, 0.8, new Character(charAt())
9, 7405, 12, -0.8, 0.4, -2.7755575615628914E-17, 0.0, message.charAt(codePointAt())
9, 7406, 12, -0.8, 0.4, -2.7755575615628914E-17, 0.2, message.charAt(codePointAt())
9, 7407, 14, -0.8, 0.4, -2.7755575615628914E-17, 0.4, charAt().charValue()
9, 7408, 14, -0.8, 0.4, -2.7755575615628914E-17, 0.6000000000000001, charAt().charValue()
9, 7409, 14, -0.8, 0.4, -2.7755575615628914E-17, 0.8, charAt().charValue()
9, 7410, 12, -0.8, 0.8, -0.5, 0.0, new Character(charAt())
9, 7411, 12, -0.8, 0.8, -0.5, 0.2, new Character(charAt())
9, 7412, 12, -0.8, 0.8, -0.5, 0.4, new Character(charAt())
9, 7413, 12, -0.8, 0.8, -0.5, 0.6000000000000001, new Character(charAt())
9, 7414, 12, -0.8, 0.8, -0.5, 0.8, new Character(charAt())
9, 7415, 12, -0.8, 0.8, -0.4, 0.0, new Character(charAt())
9, 7416, 12, -0.8, 0.8, -0.4, 0.2, new Character(charAt())
9, 7417, 12, -0.8, 0.8, -0.4, 0.4, new Character(charAt())
9, 7418, 12, -0.8, 0.8, -0.4, 0.6000000000000001, new Character(charAt())
9, 7419, 12, -0.8, 0.8, -0.4, 0.8, new Character(charAt())
9, 7420, 12, -0.8, 0.8, -0.30000000000000004, 0.0, new Character(charAt())
9, 7421, 12, -0.8, 0.8, -0.30000000000000004, 0.2, new Character(charAt())
9, 7422, 12, -0.8, 0.8, -0.30000000000000004, 0.4, new Character(charAt())
9, 7423, 12, -0.8, 0.8, -0.30000000000000004, 0.6000000000000001, new Character(charAt())
9, 7424, 12, -0.8, 0.8, -0.30000000000000004, 0.8, new Character(charAt())
9, 7425, 12, -0.8, 0.8, -0.20000000000000004, 0.0, new Character(charAt())
9, 7426, 14, -0.8, 0.8, -0.20000000000000004, 0.2, charAt().charValue()
9, 7427, 12, -0.8, 0.8, -0.20000000000000004, 0.4, new Character(charAt())
9, 7428, 12, -0.8, 0.8, -0.20000000000000004, 0.6000000000000001, new Character(charAt())
9, 7429, 12, -0.8, 0.8, -0.20000000000000004, 0.8, new Character(charAt())
9, 7430, 12, -0.8, 0.8, -0.10000000000000003, 0.0, new Character(charAt())
9, 7431, 12, -0.8, 0.8, -0.10000000000000003, 0.2, new Character(charAt())
9, 7432, 12, -0.8, 0.8, -0.10000000000000003, 0.4, new Character(charAt())
9, 7433, 12, -0.8, 0.8, -0.10000000000000003, 0.6000000000000001, new Character(charAt())
9, 7434, 12, -0.8, 0.8, -0.10000000000000003, 0.8, new Character(charAt())
9, 7435, 12, -0.8, 0.8, -2.7755575615628914E-17, 0.0, new Character(charAt())
9, 7436, 12, -0.8, 0.8, -2.7755575615628914E-17, 0.2, new Character(charAt())
9, 7437, 12, -0.8, 0.8, -2.7755575615628914E-17, 0.4, new Character(charAt())
9, 7438, 12, -0.8, 0.8, -2.7755575615628914E-17, 0.6000000000000001, new Character(charAt())
9, 7439, 12, -0.8, 0.8, -2.7755575615628914E-17, 0.8, new Character(charAt())
9, 7440, 12, -0.8, 1.2000000000000002, -0.5, 0.0, new Character(charAt())
9, 7441, 12, -0.8, 1.2000000000000002, -0.5, 0.2, new Character(charAt())
9, 7442, 12, -0.8, 1.2000000000000002, -0.5, 0.4, new Character(charAt())
9, 7443, 12, -0.8, 1.2000000000000002, -0.5, 0.6000000000000001, new Character(charAt())
9, 7444, 12, -0.8, 1.2000000000000002, -0.5, 0.8, new Character(charAt())
9, 7445, 12, -0.8, 1.2000000000000002, -0.4, 0.0, new Character(charAt())
9, 7446, 12, -0.8, 1.2000000000000002, -0.4, 0.2, new Character(charAt())
9, 7447, 12, -0.8, 1.2000000000000002, -0.4, 0.4, new Character(charAt())
9, 7448, 12, -0.8, 1.2000000000000002, -0.4, 0.6000000000000001, new Character(charAt())
9, 7449, 12, -0.8, 1.2000000000000002, -0.4, 0.8, new Character(charAt())
9, 7450, 12, -0.8, 1.2000000000000002, -0.30000000000000004, 0.0, new Character(charAt())
9, 7451, 12, -0.8, 1.2000000000000002, -0.30000000000000004, 0.2, new Character(charAt())
9, 7452, 12, -0.8, 1.2000000000000002, -0.30000000000000004, 0.4, new Character(charAt())
9, 7453, 12, -0.8, 1.2000000000000002, -0.30000000000000004, 0.6000000000000001, new Character(charAt())
9, 7454, 12, -0.8, 1.2000000000000002, -0.30000000000000004, 0.8, new Character(charAt())
9, 7455, 12, -0.8, 1.2000000000000002, -0.20000000000000004, 0.0, new Character(charAt())
9, 7456, 12, -0.8, 1.2000000000000002, -0.20000000000000004, 0.2, new Character(charAt())
9, 7457, 12, -0.8, 1.2000000000000002, -0.20000000000000004, 0.4, new Character(charAt())
9, 7458, 12, -0.8, 1.2000000000000002, -0.20000000000000004, 0.6000000000000001, new Character(charAt())
9, 7459, 12, -0.8, 1.2000000000000002, -0.20000000000000004, 0.8, new Character(charAt())
9, 7460, 12, -0.8, 1.2000000000000002, -0.10000000000000003, 0.0, new Character(charAt())
9, 7461, 12, -0.8, 1.2000000000000002, -0.10000000000000003, 0.2, new Character(charAt())
9, 7462, 12, -0.8, 1.2000000000000002, -0.10000000000000003, 0.4, new Character(charAt())
9, 7463, 12, -0.8, 1.2000000000000002, -0.10000000000000003, 0.6000000000000001, new Character(charAt())
9, 7464, 16, -0.8, 1.2000000000000002, -0.10000000000000003, 0.8, Character.MAX_VALUE
9, 7465, 16, -0.8, 1.2000000000000002, -2.7755575615628914E-17, 0.0, Character.MAX_VALUE
9, 7466, 16, -0.8, 1.2000000000000002, -2.7755575615628914E-17, 0.2, Character.MAX_VALUE
9, 7467, 16, -0.8, 1.2000000000000002, -2.7755575615628914E-17, 0.4, Character.MAX_VALUE
9, 7468, 16, -0.8, 1.2000000000000002, -2.7755575615628914E-17, 0.6000000000000001, Character.MAX_VALUE
9, 7469, 16, -0.8, 1.2000000000000002, -2.7755575615628914E-17, 0.8, Character.MAX_VALUE
9, 7470, 12, -0.8, 1.6, -0.5, 0.0, new Character(charAt())
9, 7471, 12, -0.8, 1.6, -0.5, 0.2, new Character(charAt())
9, 7472, 12, -0.8, 1.6, -0.5, 0.4, new Character(charAt())
9, 7473, 12, -0.8, 1.6, -0.5, 0.6000000000000001, new Character(charAt())
9, 7474, 12, -0.8, 1.6, -0.5, 0.8, new Character(charAt())
9, 7475, 12, -0.8, 1.6, -0.4, 0.0, new Character(charAt())
9, 7476, 12, -0.8, 1.6, -0.4, 0.2, new Character(charAt())
9, 7477, 12, -0.8, 1.6, -0.4, 0.4, new Character(charAt())
9, 7478, 12, -0.8, 1.6, -0.4, 0.6000000000000001, new Character(charAt())
9, 7479, 12, -0.8, 1.6, -0.4, 0.8, new Character(charAt())
9, 7480, 12, -0.8, 1.6, -0.30000000000000004, 0.0, new Character(charAt())
9, 7481, 12, -0.8, 1.6, -0.30000000000000004, 0.2, new Character(charAt())
9, 7482, 12, -0.8, 1.6, -0.30000000000000004, 0.4, new Character(charAt())
9, 7483, 12, -0.8, 1.6, -0.30000000000000004, 0.6000000000000001, new Character(charAt())
9, 7484, 16, -0.8, 1.6, -0.30000000000000004, 0.8, Character.MAX_VALUE
9, 7485, 12, -0.8, 1.6, -0.20000000000000004, 0.0, new Character(charAt())
9, 7486, 12, -0.8, 1.6, -0.20000000000000004, 0.2, new Character(charAt())
9, 7487, 12, -0.8, 1.6, -0.20000000000000004, 0.4, new Character(charAt())
9, 7488, 16, -0.8, 1.6, -0.20000000000000004, 0.6000000000000001, Character.MAX_VALUE
9, 7489, 16, -0.8, 1.6, -0.20000000000000004, 0.8, Character.MAX_VALUE
9, 7490, 12, -0.8, 1.6, -0.10000000000000003, 0.0, new Character(charAt())
9, 7491, 12, -0.8, 1.6, -0.10000000000000003, 0.2, new Character(charAt())
9, 7492, 16, -0.8, 1.6, -0.10000000000000003, 0.4, Character.MAX_VALUE
9, 7493, 16, -0.8, 1.6, -0.10000000000000003, 0.6000000000000001, Character.MAX_VALUE
9, 7494, 16, -0.8, 1.6, -0.10000000000000003, 0.8, Character.MAX_VALUE
9, 7495, 16, -0.8, 1.6, -2.7755575615628914E-17, 0.0, Character.MAX_VALUE
9, 7496, 16, -0.8, 1.6, -2.7755575615628914E-17, 0.2, Character.MAX_VALUE
9, 7497, 16, -0.8, 1.6, -2.7755575615628914E-17, 0.4, Character.MAX_VALUE
9, 7498, 16, -0.8, 1.6, -2.7755575615628914E-17, 0.6000000000000001, Character.MAX_VALUE
9, 7499, 16, -0.8, 1.6, -2.7755575615628914E-17, 0.8, Character.MAX_VALUE
9, 7500, 12, -0.6000000000000001, 0.0, -0.5, 0.0, new Character(charAt())
9, 7501, 12, -0.6000000000000001, 0.0, -0.5, 0.2, new Character(charAt())
9, 7502, 12, -0.6000000000000001, 0.0, -0.5, 0.4, new Character(charAt())
9, 7503, 12, -0.6000000000000001, 0.0, -0.5, 0.6000000000000001, new Character(charAt())
9, 7504, 12, -0.6000000000000001, 0.0, -0.5, 0.8, new Character(charAt())
9, 7505, 12, -0.6000000000000001, 0.0, -0.4, 0.0, new Character(charAt())
9, 7506, 14, -0.6000000000000001, 0.0, -0.4, 0.2, charAt().charValue()
9, 7507, 12, -0.6000000000000001, 0.0, -0.4, 0.4, new Character(charAt())
9, 7508, 12, -0.6000000000000001, 0.0, -0.4, 0.6000000000000001, new Character(charAt())
9, 7509, 12, -0.6000000000000001, 0.0, -0.4, 0.8, new Character(charAt())
9, 7510, 12, -0.6000000000000001, 0.0, -0.30000000000000004, 0.0, new Character(charAt())
9, 7511, 12, -0.6000000000000001, 0.0, -0.30000000000000004, 0.2, new Character(charAt())
9, 7512, 12, -0.6000000000000001, 0.0, -0.30000000000000004, 0.4, new Character(charAt())
9, 7513, 12, -0.6000000000000001, 0.0, -0.30000000000000004, 0.6000000000000001, new Character(charAt())
9, 7514, 12, -0.6000000000000001, 0.0, -0.30000000000000004, 0.8, new Character(charAt())
9, 7515, 12, -0.6000000000000001, 0.0, -0.20000000000000004, 0.0, new Character(charAt())
9, 7516, 12, -0.6000000000000001, 0.0, -0.20000000000000004, 0.2, new Character(charAt())
9, 7517, 12, -0.6000000000000001, 0.0, -0.20000000000000004, 0.4, new Character(charAt())
9, 7518, 12, -0.6000000000000001, 0.0, -0.20000000000000004, 0.6000000000000001, new Character(charAt())
9, 7519, 12, -0.6000000000000001, 0.0, -0.20000000000000004, 0.8, new Character(charAt())
9, 7520, 14, -0.6000000000000001, 0.0, -0.10000000000000003, 0.0, charAt().charValue()
9, 7521, 14, -0.6000000000000001, 0.0, -0.10000000000000003, 0.2, charAt().charValue()
9, 7522, 14, -0.6000000000000001, 0.0, -0.10000000000000003, 0.4, charAt().charValue()
9, 7523, 14, -0.6000000000000001, 0.0, -0.10000000000000003, 0.6000000000000001, charAt().charValue()
9, 7524, 14, -0.6000000000000001, 0.0, -0.10000000000000003, 0.8, charAt().charValue()
9, 7525, 16, -0.6000000000000001, 0.0, -2.7755575615628914E-17, 0.0, Character.MIN_VALUE
9, 7526, 15, -0.6000000000000001, 0.0, -2.7755575615628914E-17, 0.2, message.charAt(StrictMath.max())
9, 7527, 15, -0.6000000000000001, 0.0, -2.7755575615628914E-17, 0.4, message.charAt(StrictMath.max())
9, 7528, 16, -0.6000000000000001, 0.0, -2.7755575615628914E-17, 0.6000000000000001, Character.MIN_VALUE
9, 7529, 16, -0.6000000000000001, 0.0, -2.7755575615628914E-17, 0.8, Character.MIN_VALUE
9, 7530, 12, -0.6000000000000001, 0.4, -0.5, 0.0, new Character(charAt())
9, 7531, 12, -0.6000000000000001, 0.4, -0.5, 0.2, new Character(charAt())
9, 7532, 12, -0.6000000000000001, 0.4, -0.5, 0.4, new Character(charAt())
9, 7533, 12, -0.6000000000000001, 0.4, -0.5, 0.6000000000000001, new Character(charAt())
9, 7534, 12, -0.6000000000000001, 0.4, -0.5, 0.8, new Character(charAt())
9, 7535, 12, -0.6000000000000001, 0.4, -0.4, 0.0, new Character(charAt())
9, 7536, 12, -0.6000000000000001, 0.4, -0.4, 0.2, new Character(charAt())
9, 7537, 12, -0.6000000000000001, 0.4, -0.4, 0.4, new Character(charAt())
9, 7538, 12, -0.6000000000000001, 0.4, -0.4, 0.6000000000000001, new Character(charAt())
9, 7539, 12, -0.6000000000000001, 0.4, -0.4, 0.8, new Character(charAt())
9, 7540, 12, -0.6000000000000001, 0.4, -0.30000000000000004, 0.0, new Character(charAt())
9, 7541, 12, -0.6000000000000001, 0.4, -0.30000000000000004, 0.2, message.charAt(codePointAt())
9, 7542, 12, -0.6000000000000001, 0.4, -0.30000000000000004, 0.4, new Character(charAt())
9, 7543, 12, -0.6000000000000001, 0.4, -0.30000000000000004, 0.6000000000000001, new Character(charAt())
9, 7544, 12, -0.6000000000000001, 0.4, -0.30000000000000004, 0.8, new Character(charAt())
9, 7545, 12, -0.6000000000000001, 0.4, -0.20000000000000004, 0.0, new Character(charAt())
9, 7546, 12, -0.6000000000000001, 0.4, -0.20000000000000004, 0.2, message.charAt(codePointAt())
9, 7547, 12, -0.6000000000000001, 0.4, -0.20000000000000004, 0.4, new Character(charAt())
9, 7548, 12, -0.6000000000000001, 0.4, -0.20000000000000004, 0.6000000000000001, new Character(charAt())
9, 7549, 12, -0.6000000000000001, 0.4, -0.20000000000000004, 0.8, new Character(charAt())
9, 7550, 12, -0.6000000000000001, 0.4, -0.10000000000000003, 0.0, new Character(charAt())
9, 7551, 12, -0.6000000000000001, 0.4, -0.10000000000000003, 0.2, new Character(charAt())
9, 7552, 12, -0.6000000000000001, 0.4, -0.10000000000000003, 0.4, new Character(charAt())
9, 7553, 12, -0.6000000000000001, 0.4, -0.10000000000000003, 0.6000000000000001, new Character(charAt())
9, 7554, 12, -0.6000000000000001, 0.4, -0.10000000000000003, 0.8, new Character(charAt())
9, 7555, 12, -0.6000000000000001, 0.4, -2.7755575615628914E-17, 0.0, new Character(charAt())
9, 7556, 12, -0.6000000000000001, 0.4, -2.7755575615628914E-17, 0.2, new Character(charAt())
9, 7557, 12, -0.6000000000000001, 0.4, -2.7755575615628914E-17, 0.4, new Character(charAt())
9, 7558, 12, -0.6000000000000001, 0.4, -2.7755575615628914E-17, 0.6000000000000001, new Character(charAt())
9, 7559, 12, -0.6000000000000001, 0.4, -2.7755575615628914E-17, 0.8, new Character(charAt())
9, 7560, 12, -0.6000000000000001, 0.8, -0.5, 0.0, new Character(charAt())
9, 7561, 12, -0.6000000000000001, 0.8, -0.5, 0.2, new Character(charAt())
9, 7562, 12, -0.6000000000000001, 0.8, -0.5, 0.4, new Character(charAt())
9, 7563, 12, -0.6000000000000001, 0.8, -0.5, 0.6000000000000001, new Character(charAt())
9, 7564, 12, -0.6000000000000001, 0.8, -0.5, 0.8, new Character(charAt())
9, 7565, 12, -0.6000000000000001, 0.8, -0.4, 0.0, new Character(charAt())
9, 7566, 12, -0.6000000000000001, 0.8, -0.4, 0.2, new Character(charAt())
9, 7567, 12, -0.6000000000000001, 0.8, -0.4, 0.4, new Character(charAt())
9, 7568, 12, -0.6000000000000001, 0.8, -0.4, 0.6000000000000001, new Character(charAt())
9, 7569, 12, -0.6000000000000001, 0.8, -0.4, 0.8, new Character(charAt())
9, 7570, 12, -0.6000000000000001, 0.8, -0.30000000000000004, 0.0, new Character(charAt())
9, 7571, 12, -0.6000000000000001, 0.8, -0.30000000000000004, 0.2, new Character(charAt())
9, 7572, 12, -0.6000000000000001, 0.8, -0.30000000000000004, 0.4, new Character(charAt())
9, 7573, 12, -0.6000000000000001, 0.8, -0.30000000000000004, 0.6000000000000001, new Character(charAt())
9, 7574, 12, -0.6000000000000001, 0.8, -0.30000000000000004, 0.8, new Character(charAt())
9, 7575, 12, -0.6000000000000001, 0.8, -0.20000000000000004, 0.0, new Character(charAt())
9, 7576, 12, -0.6000000000000001, 0.8, -0.20000000000000004, 0.2, new Character(charAt())
9, 7577, 12, -0.6000000000000001, 0.8, -0.20000000000000004, 0.4, new Character(charAt())
9, 7578, 12, -0.6000000000000001, 0.8, -0.20000000000000004, 0.6000000000000001, new Character(charAt())
9, 7579, 12, -0.6000000000000001, 0.8, -0.20000000000000004, 0.8, new Character(charAt())
9, 7580, 12, -0.6000000000000001, 0.8, -0.10000000000000003, 0.0, new Character(charAt())
9, 7581, 12, -0.6000000000000001, 0.8, -0.10000000000000003, 0.2, new Character(charAt())
9, 7582, 12, -0.6000000000000001, 0.8, -0.10000000000000003, 0.4, new Character(charAt())
9, 7583, 12, -0.6000000000000001, 0.8, -0.10000000000000003, 0.6000000000000001, new Character(charAt())
9, 7584, 16, -0.6000000000000001, 0.8, -0.10000000000000003, 0.8, Character.MAX_VALUE
9, 7585, 16, -0.6000000000000001, 0.8, -2.7755575615628914E-17, 0.0, Character.MAX_VALUE
9, 7586, 16, -0.6000000000000001, 0.8, -2.7755575615628914E-17, 0.2, Character.MAX_VALUE
9, 7587, 16, -0.6000000000000001, 0.8, -2.7755575615628914E-17, 0.4, Character.MAX_VALUE
9, 7588, 16, -0.6000000000000001, 0.8, -2.7755575615628914E-17, 0.6000000000000001, Character.MAX_VALUE
9, 7589, 16, -0.6000000000000001, 0.8, -2.7755575615628914E-17, 0.8, Character.MAX_VALUE
9, 7590, 12, -0.6000000000000001, 1.2000000000000002, -0.5, 0.0, new Character(charAt())
9, 7591, 12, -0.6000000000000001, 1.2000000000000002, -0.5, 0.2, new Character(charAt())
9, 7592, 12, -0.6000000000000001, 1.2000000000000002, -0.5, 0.4, new Character(charAt())
9, 7593, 12, -0.6000000000000001, 1.2000000000000002, -0.5, 0.6000000000000001, new Character(charAt())
9, 7594, 12, -0.6000000000000001, 1.2000000000000002, -0.5, 0.8, new Character(charAt())
9, 7595, 12, -0.6000000000000001, 1.2000000000000002, -0.4, 0.0, new Character(charAt())
9, 7596, 12, -0.6000000000000001, 1.2000000000000002, -0.4, 0.2, new Character(charAt())
9, 7597, 12, -0.6000000000000001, 1.2000000000000002, -0.4, 0.4, new Character(charAt())
9, 7598, 12, -0.6000000000000001, 1.2000000000000002, -0.4, 0.6000000000000001, new Character(charAt())
9, 7599, 12, -0.6000000000000001, 1.2000000000000002, -0.4, 0.8, new Character(charAt())
9, 7600, 12, -0.6000000000000001, 1.2000000000000002, -0.30000000000000004, 0.0, new Character(charAt())
9, 7601, 12, -0.6000000000000001, 1.2000000000000002, -0.30000000000000004, 0.2, new Character(charAt())
9, 7602, 12, -0.6000000000000001, 1.2000000000000002, -0.30000000000000004, 0.4, new Character(charAt())
9, 7603, 12, -0.6000000000000001, 1.2000000000000002, -0.30000000000000004, 0.6000000000000001, new Character(charAt())
9, 7604, 16, -0.6000000000000001, 1.2000000000000002, -0.30000000000000004, 0.8, Character.MAX_VALUE
9, 7605, 12, -0.6000000000000001, 1.2000000000000002, -0.20000000000000004, 0.0, new Character(charAt())
9, 7606, 12, -0.6000000000000001, 1.2000000000000002, -0.20000000000000004, 0.2, new Character(charAt())
9, 7607, 12, -0.6000000000000001, 1.2000000000000002, -0.20000000000000004, 0.4, new Character(charAt())
9, 7608, 16, -0.6000000000000001, 1.2000000000000002, -0.20000000000000004, 0.6000000000000001, Character.MAX_VALUE
9, 7609, 16, -0.6000000000000001, 1.2000000000000002, -0.20000000000000004, 0.8, Character.MAX_VALUE
9, 7610, 12, -0.6000000000000001, 1.2000000000000002, -0.10000000000000003, 0.0, new Character(charAt())
9, 7611, 12, -0.6000000000000001, 1.2000000000000002, -0.10000000000000003, 0.2, new Character(charAt())
9, 7612, 16, -0.6000000000000001, 1.2000000000000002, -0.10000000000000003, 0.4, Character.MAX_VALUE
9, 7613, 16, -0.6000000000000001, 1.2000000000000002, -0.10000000000000003, 0.6000000000000001, Character.MAX_VALUE
9, 7614, 16, -0.6000000000000001, 1.2000000000000002, -0.10000000000000003, 0.8, Character.MAX_VALUE
9, 7615, 16, -0.6000000000000001, 1.2000000000000002, -2.7755575615628914E-17, 0.0, Character.MAX_VALUE
9, 7616, 16, -0.6000000000000001, 1.2000000000000002, -2.7755575615628914E-17, 0.2, Character.MAX_VALUE
9, 7617, 16, -0.6000000000000001, 1.2000000000000002, -2.7755575615628914E-17, 0.4, Character.MAX_VALUE
9, 7618, 16, -0.6000000000000001, 1.2000000000000002, -2.7755575615628914E-17, 0.6000000000000001, Character.MAX_VALUE
9, 7619, 16, -0.6000000000000001, 1.2000000000000002, -2.7755575615628914E-17, 0.8, Character.MAX_VALUE
9, 7620, 12, -0.6000000000000001, 1.6, -0.5, 0.0, new Character(charAt())
9, 7621, 12, -0.6000000000000001, 1.6, -0.5, 0.2, new Character(charAt())
9, 7622, 12, -0.6000000000000001, 1.6, -0.5, 0.4, new Character(charAt())
9, 7623, 16, -0.6000000000000001, 1.6, -0.5, 0.6000000000000001, Character.MAX_VALUE
9, 7624, 16, -0.6000000000000001, 1.6, -0.5, 0.8, Character.MAX_VALUE
9, 7625, 12, -0.6000000000000001, 1.6, -0.4, 0.0, new Character(charAt())
9, 7626, 12, -0.6000000000000001, 1.6, -0.4, 0.2, new Character(charAt())
9, 7627, 12, -0.6000000000000001, 1.6, -0.4, 0.4, new Character(charAt())
9, 7628, 16, -0.6000000000000001, 1.6, -0.4, 0.6000000000000001, Character.MAX_VALUE
9, 7629, 16, -0.6000000000000001, 1.6, -0.4, 0.8, Character.MAX_VALUE
9, 7630, 12, -0.6000000000000001, 1.6, -0.30000000000000004, 0.0, new Character(charAt())
9, 7631, 16, -0.6000000000000001, 1.6, -0.30000000000000004, 0.2, Character.MAX_VALUE
9, 7632, 16, -0.6000000000000001, 1.6, -0.30000000000000004, 0.4, Character.MAX_VALUE
9, 7633, 16, -0.6000000000000001, 1.6, -0.30000000000000004, 0.6000000000000001, Character.MAX_VALUE
9, 7634, 16, -0.6000000000000001, 1.6, -0.30000000000000004, 0.8, Character.MAX_VALUE
9, 7635, 16, -0.6000000000000001, 1.6, -0.20000000000000004, 0.0, Character.MAX_VALUE
9, 7636, 16, -0.6000000000000001, 1.6, -0.20000000000000004, 0.2, Character.MAX_VALUE
9, 7637, 16, -0.6000000000000001, 1.6, -0.20000000000000004, 0.4, Character.MAX_VALUE
9, 7638, 16, -0.6000000000000001, 1.6, -0.20000000000000004, 0.6000000000000001, Character.MAX_VALUE
9, 7639, 16, -0.6000000000000001, 1.6, -0.20000000000000004, 0.8, Character.MAX_VALUE
9, 7640, 16, -0.6000000000000001, 1.6, -0.10000000000000003, 0.0, Character.MAX_VALUE
9, 7641, 16, -0.6000000000000001, 1.6, -0.10000000000000003, 0.2, Character.MAX_VALUE
9, 7642, 16, -0.6000000000000001, 1.6, -0.10000000000000003, 0.4, Character.MAX_VALUE
9, 7643, 16, -0.6000000000000001, 1.6, -0.10000000000000003, 0.6000000000000001, Character.MAX_VALUE
9, 7644, 16, -0.6000000000000001, 1.6, -0.10000000000000003, 0.8, Character.MAX_VALUE
9, 7645, 16, -0.6000000000000001, 1.6, -2.7755575615628914E-17, 0.0, Character.MAX_VALUE
9, 7646, 16, -0.6000000000000001, 1.6, -2.7755575615628914E-17, 0.2, Character.MAX_VALUE
9, 7647, 16, -0.6000000000000001, 1.6, -2.7755575615628914E-17, 0.4, Character.MAX_VALUE
9, 7648, 16, -0.6000000000000001, 1.6, -2.7755575615628914E-17, 0.6000000000000001, Character.MAX_VALUE
9, 7649, 16, -0.6000000000000001, 1.6, -2.7755575615628914E-17, 0.8, Character.MAX_VALUE
9, 7650, 12, -0.4000000000000001, 0.0, -0.5, 0.0, new Character(charAt())
9, 7651, 12, -0.4000000000000001, 0.0, -0.5, 0.2, new Character(charAt())
9, 7652, 12, -0.4000000000000001, 0.0, -0.5, 0.4, new Character(charAt())
9, 7653, 12, -0.4000000000000001, 0.0, -0.5, 0.6000000000000001, new Character(charAt())
9, 7654, 12, -0.4000000000000001, 0.0, -0.5, 0.8, new Character(charAt())
9, 7655, 14, -0.4000000000000001, 0.0, -0.4, 0.0, charAt().charValue()
9, 7656, 12, -0.4000000000000001, 0.0, -0.4, 0.2, new Character(charAt())
9, 7657, 12, -0.4000000000000001, 0.0, -0.4, 0.4, new Character(charAt())
9, 7658, 12, -0.4000000000000001, 0.0, -0.4, 0.6000000000000001, new Character(charAt())
9, 7659, 12, -0.4000000000000001, 0.0, -0.4, 0.8, new Character(charAt())
9, 7660, 12, -0.4000000000000001, 0.0, -0.30000000000000004, 0.0, new Character(charAt())
9, 7661, 12, -0.4000000000000001, 0.0, -0.30000000000000004, 0.2, new Character(charAt())
9, 7662, 12, -0.4000000000000001, 0.0, -0.30000000000000004, 0.4, new Character(charAt())
9, 7663, 12, -0.4000000000000001, 0.0, -0.30000000000000004, 0.6000000000000001, new Character(charAt())
9, 7664, 12, -0.4000000000000001, 0.0, -0.30000000000000004, 0.8, new Character(charAt())
9, 7665, 12, -0.4000000000000001, 0.0, -0.20000000000000004, 0.0, new Character(charAt())
9, 7666, 14, -0.4000000000000001, 0.0, -0.20000000000000004, 0.2, charAt().charValue()
9, 7667, 12, -0.4000000000000001, 0.0, -0.20000000000000004, 0.4, new Character(charAt())
9, 7668, 12, -0.4000000000000001, 0.0, -0.20000000000000004, 0.6000000000000001, new Character(charAt())
9, 7669, 14, -0.4000000000000001, 0.0, -0.20000000000000004, 0.8, charAt().charValue()
9, 7670, 12, -0.4000000000000001, 0.0, -0.10000000000000003, 0.0, new Character(charAt())
9, 7671, 12, -0.4000000000000001, 0.0, -0.10000000000000003, 0.2, new Character(charAt())
9, 7672, 12, -0.4000000000000001, 0.0, -0.10000000000000003, 0.4, new Character(charAt())
9, 7673, 12, -0.4000000000000001, 0.0, -0.10000000000000003, 0.6000000000000001, new Character(charAt())
9, 7674, 12, -0.4000000000000001, 0.0, -0.10000000000000003, 0.8, new Character(charAt())
9, 7675, 14, -0.4000000000000001, 0.0, -2.7755575615628914E-17, 0.0, charAt().charValue()
9, 7676, 14, -0.4000000000000001, 0.0, -2.7755575615628914E-17, 0.2, charAt().charValue()
9, 7677, 16, -0.4000000000000001, 0.0, -2.7755575615628914E-17, 0.4, Character.MIN_VALUE
9, 7678, 14, -0.4000000000000001, 0.0, -2.7755575615628914E-17, 0.6000000000000001, charAt().charValue()
9, 7679, 14, -0.4000000000000001, 0.0, -2.7755575615628914E-17, 0.8, charAt().charValue()
9, 7680, 12, -0.4000000000000001, 0.4, -0.5, 0.0, new Character(charAt())
9, 7681, 12, -0.4000000000000001, 0.4, -0.5, 0.2, new Character(charAt())
9, 7682, 12, -0.4000000000000001, 0.4, -0.5, 0.4, new Character(charAt())
9, 7683, 12, -0.4000000000000001, 0.4, -0.5, 0.6000000000000001, new Character(charAt())
9, 7684, 12, -0.4000000000000001, 0.4, -0.5, 0.8, new Character(charAt())
9, 7685, 12, -0.4000000000000001, 0.4, -0.4, 0.0, new Character(charAt())
9, 7686, 12, -0.4000000000000001, 0.4, -0.4, 0.2, new Character(charAt())
9, 7687, 12, -0.4000000000000001, 0.4, -0.4, 0.4, new Character(charAt())
9, 7688, 12, -0.4000000000000001, 0.4, -0.4, 0.6000000000000001, new Character(charAt())
9, 7689, 16, -0.4000000000000001, 0.4, -0.4, 0.8, Character.MAX_VALUE
9, 7690, 12, -0.4000000000000001, 0.4, -0.30000000000000004, 0.0, new Character(charAt())
9, 7691, 12, -0.4000000000000001, 0.4, -0.30000000000000004, 0.2, new Character(charAt())
9, 7692, 12, -0.4000000000000001, 0.4, -0.30000000000000004, 0.4, new Character(charAt())
9, 7693, 12, -0.4000000000000001, 0.4, -0.30000000000000004, 0.6000000000000001, new Character(charAt())
9, 7694, 12, -0.4000000000000001, 0.4, -0.30000000000000004, 0.8, new Character(charAt())
9, 7695, 12, -0.4000000000000001, 0.4, -0.20000000000000004, 0.0, new Character(charAt())
9, 7696, 12, -0.4000000000000001, 0.4, -0.20000000000000004, 0.2, new Character(charAt())
9, 7697, 12, -0.4000000000000001, 0.4, -0.20000000000000004, 0.4, new Character(charAt())
9, 7698, 12, -0.4000000000000001, 0.4, -0.20000000000000004, 0.6000000000000001, new Character(charAt())
9, 7699, 12, -0.4000000000000001, 0.4, -0.20000000000000004, 0.8, new Character(charAt())
9, 7700, 12, -0.4000000000000001, 0.4, -0.10000000000000003, 0.0, new Character(charAt())
9, 7701, 12, -0.4000000000000001, 0.4, -0.10000000000000003, 0.2, new Character(charAt())
9, 7702, 12, -0.4000000000000001, 0.4, -0.10000000000000003, 0.4, new Character(charAt())
9, 7703, 16, -0.4000000000000001, 0.4, -0.10000000000000003, 0.6000000000000001, Character.MIN_VALUE
9, 7704, 16, -0.4000000000000001, 0.4, -0.10000000000000003, 0.8, Character.MAX_VALUE
9, 7705, 12, -0.4000000000000001, 0.4, -2.7755575615628914E-17, 0.0, new Character(charAt())
9, 7706, 12, -0.4000000000000001, 0.4, -2.7755575615628914E-17, 0.2, new Character(charAt())
9, 7707, 12, -0.4000000000000001, 0.4, -2.7755575615628914E-17, 0.4, new Character(charAt())
9, 7708, 16, -0.4000000000000001, 0.4, -2.7755575615628914E-17, 0.6000000000000001, Character.MAX_VALUE
9, 7709, 16, -0.4000000000000001, 0.4, -2.7755575615628914E-17, 0.8, Character.MAX_VALUE
9, 7710, 12, -0.4000000000000001, 0.8, -0.5, 0.0, new Character(charAt())
9, 7711, 12, -0.4000000000000001, 0.8, -0.5, 0.2, new Character(charAt())
9, 7712, 12, -0.4000000000000001, 0.8, -0.5, 0.4, new Character(charAt())
9, 7713, 12, -0.4000000000000001, 0.8, -0.5, 0.6000000000000001, new Character(charAt())
9, 7714, 12, -0.4000000000000001, 0.8, -0.5, 0.8, new Character(charAt())
9, 7715, 12, -0.4000000000000001, 0.8, -0.4, 0.0, new Character(charAt())
9, 7716, 12, -0.4000000000000001, 0.8, -0.4, 0.2, new Character(charAt())
9, 7717, 12, -0.4000000000000001, 0.8, -0.4, 0.4, new Character(charAt())
9, 7718, 12, -0.4000000000000001, 0.8, -0.4, 0.6000000000000001, new Character(charAt())
9, 7719, 16, -0.4000000000000001, 0.8, -0.4, 0.8, Character.MAX_VALUE
9, 7720, 12, -0.4000000000000001, 0.8, -0.30000000000000004, 0.0, new Character(charAt())
9, 7721, 12, -0.4000000000000001, 0.8, -0.30000000000000004, 0.2, new Character(charAt())
9, 7722, 12, -0.4000000000000001, 0.8, -0.30000000000000004, 0.4, new Character(charAt())
9, 7723, 16, -0.4000000000000001, 0.8, -0.30000000000000004, 0.6000000000000001, Character.MAX_VALUE
9, 7724, 16, -0.4000000000000001, 0.8, -0.30000000000000004, 0.8, Character.MAX_VALUE
9, 7725, 12, -0.4000000000000001, 0.8, -0.20000000000000004, 0.0, new Character(charAt())
9, 7726, 12, -0.4000000000000001, 0.8, -0.20000000000000004, 0.2, new Character(charAt())
9, 7727, 16, -0.4000000000000001, 0.8, -0.20000000000000004, 0.4, Character.MAX_VALUE
9, 7728, 16, -0.4000000000000001, 0.8, -0.20000000000000004, 0.6000000000000001, Character.MAX_VALUE
9, 7729, 16, -0.4000000000000001, 0.8, -0.20000000000000004, 0.8, Character.MAX_VALUE
9, 7730, 12, -0.4000000000000001, 0.8, -0.10000000000000003, 0.0, new Character(charAt())
9, 7731, 12, -0.4000000000000001, 0.8, -0.10000000000000003, 0.2, new Character(charAt())
9, 7732, 16, -0.4000000000000001, 0.8, -0.10000000000000003, 0.4, Character.MAX_VALUE
9, 7733, 16, -0.4000000000000001, 0.8, -0.10000000000000003, 0.6000000000000001, Character.MAX_VALUE
9, 7734, 16, -0.4000000000000001, 0.8, -0.10000000000000003, 0.8, Character.MAX_VALUE
9, 7735, 16, -0.4000000000000001, 0.8, -2.7755575615628914E-17, 0.0, Character.MAX_VALUE
9, 7736, 16, -0.4000000000000001, 0.8, -2.7755575615628914E-17, 0.2, Character.MAX_VALUE
9, 7737, 16, -0.4000000000000001, 0.8, -2.7755575615628914E-17, 0.4, Character.MAX_VALUE
9, 7738, 16, -0.4000000000000001, 0.8, -2.7755575615628914E-17, 0.6000000000000001, Character.MAX_VALUE
9, 7739, 16, -0.4000000000000001, 0.8, -2.7755575615628914E-17, 0.8, Character.MAX_VALUE
9, 7740, 12, -0.4000000000000001, 1.2000000000000002, -0.5, 0.0, new Character(charAt())
9, 7741, 12, -0.4000000000000001, 1.2000000000000002, -0.5, 0.2, new Character(charAt())
9, 7742, 12, -0.4000000000000001, 1.2000000000000002, -0.5, 0.4, new Character(charAt())
9, 7743, 12, -0.4000000000000001, 1.2000000000000002, -0.5, 0.6000000000000001, new Character(charAt())
9, 7744, 16, -0.4000000000000001, 1.2000000000000002, -0.5, 0.8, Character.MAX_VALUE
9, 7745, 12, -0.4000000000000001, 1.2000000000000002, -0.4, 0.0, new Character(charAt())
9, 7746, 12, -0.4000000000000001, 1.2000000000000002, -0.4, 0.2, new Character(charAt())
9, 7747, 12, -0.4000000000000001, 1.2000000000000002, -0.4, 0.4, new Character(charAt())
9, 7748, 16, -0.4000000000000001, 1.2000000000000002, -0.4, 0.6000000000000001, Character.MAX_VALUE
9, 7749, 16, -0.4000000000000001, 1.2000000000000002, -0.4, 0.8, Character.MAX_VALUE
9, 7750, 12, -0.4000000000000001, 1.2000000000000002, -0.30000000000000004, 0.0, new Character(charAt())
9, 7751, 12, -0.4000000000000001, 1.2000000000000002, -0.30000000000000004, 0.2, new Character(charAt())
9, 7752, 16, -0.4000000000000001, 1.2000000000000002, -0.30000000000000004, 0.4, Character.MAX_VALUE
9, 7753, 16, -0.4000000000000001, 1.2000000000000002, -0.30000000000000004, 0.6000000000000001, Character.MAX_VALUE
9, 7754, 16, -0.4000000000000001, 1.2000000000000002, -0.30000000000000004, 0.8, Character.MAX_VALUE
9, 7755, 12, -0.4000000000000001, 1.2000000000000002, -0.20000000000000004, 0.0, new Character(charAt())
9, 7756, 16, -0.4000000000000001, 1.2000000000000002, -0.20000000000000004, 0.2, Character.MAX_VALUE
9, 7757, 16, -0.4000000000000001, 1.2000000000000002, -0.20000000000000004, 0.4, Character.MAX_VALUE
9, 7758, 16, -0.4000000000000001, 1.2000000000000002, -0.20000000000000004, 0.6000000000000001, Character.MAX_VALUE
9, 7759, 16, -0.4000000000000001, 1.2000000000000002, -0.20000000000000004, 0.8, Character.MAX_VALUE
9, 7760, 16, -0.4000000000000001, 1.2000000000000002, -0.10000000000000003, 0.0, Character.MAX_VALUE
9, 7761, 16, -0.4000000000000001, 1.2000000000000002, -0.10000000000000003, 0.2, Character.MAX_VALUE
9, 7762, 16, -0.4000000000000001, 1.2000000000000002, -0.10000000000000003, 0.4, Character.MAX_VALUE
9, 7763, 16, -0.4000000000000001, 1.2000000000000002, -0.10000000000000003, 0.6000000000000001, Character.MAX_VALUE
9, 7764, 16, -0.4000000000000001, 1.2000000000000002, -0.10000000000000003, 0.8, Character.MAX_VALUE
9, 7765, 16, -0.4000000000000001, 1.2000000000000002, -2.7755575615628914E-17, 0.0, Character.MIN_VALUE
9, 7766, 16, -0.4000000000000001, 1.2000000000000002, -2.7755575615628914E-17, 0.2, Character.MAX_VALUE
9, 7767, 16, -0.4000000000000001, 1.2000000000000002, -2.7755575615628914E-17, 0.4, Character.MAX_VALUE
9, 7768, 16, -0.4000000000000001, 1.2000000000000002, -2.7755575615628914E-17, 0.6000000000000001, Character.MAX_VALUE
9, 7769, 16, -0.4000000000000001, 1.2000000000000002, -2.7755575615628914E-17, 0.8, Character.MAX_VALUE
9, 7770, 12, -0.4000000000000001, 1.6, -0.5, 0.0, new Character(charAt())
9, 7771, 16, -0.4000000000000001, 1.6, -0.5, 0.2, Character.MAX_VALUE
9, 7772, 16, -0.4000000000000001, 1.6, -0.5, 0.4, Character.MAX_VALUE
9, 7773, 16, -0.4000000000000001, 1.6, -0.5, 0.6000000000000001, Character.MAX_VALUE
9, 7774, 16, -0.4000000000000001, 1.6, -0.5, 0.8, Character.MAX_VALUE
9, 7775, 16, -0.4000000000000001, 1.6, -0.4, 0.0, Character.MAX_VALUE
9, 7776, 16, -0.4000000000000001, 1.6, -0.4, 0.2, Character.MAX_VALUE
9, 7777, 16, -0.4000000000000001, 1.6, -0.4, 0.4, Character.MAX_VALUE
9, 7778, 16, -0.4000000000000001, 1.6, -0.4, 0.6000000000000001, Character.MAX_VALUE
9, 7779, 16, -0.4000000000000001, 1.6, -0.4, 0.8, Character.MAX_VALUE
9, 7780, 16, -0.4000000000000001, 1.6, -0.30000000000000004, 0.0, Character.MAX_VALUE
9, 7781, 16, -0.4000000000000001, 1.6, -0.30000000000000004, 0.2, Character.MAX_VALUE
9, 7782, 16, -0.4000000000000001, 1.6, -0.30000000000000004, 0.4, Character.MAX_VALUE
9, 7783, 16, -0.4000000000000001, 1.6, -0.30000000000000004, 0.6000000000000001, Character.MAX_VALUE
9, 7784, 16, -0.4000000000000001, 1.6, -0.30000000000000004, 0.8, Character.MAX_VALUE
9, 7785, 16, -0.4000000000000001, 1.6, -0.20000000000000004, 0.0, Character.MAX_VALUE
9, 7786, 16, -0.4000000000000001, 1.6, -0.20000000000000004, 0.2, Character.MAX_VALUE
9, 7787, 16, -0.4000000000000001, 1.6, -0.20000000000000004, 0.4, Character.MAX_VALUE
9, 7788, 16, -0.4000000000000001, 1.6, -0.20000000000000004, 0.6000000000000001, Character.MAX_VALUE
9, 7789, 16, -0.4000000000000001, 1.6, -0.20000000000000004, 0.8, Character.MAX_VALUE
9, 7790, 16, -0.4000000000000001, 1.6, -0.10000000000000003, 0.0, Character.MAX_VALUE
9, 7791, 16, -0.4000000000000001, 1.6, -0.10000000000000003, 0.2, Character.MAX_VALUE
9, 7792, 16, -0.4000000000000001, 1.6, -0.10000000000000003, 0.4, Character.MAX_VALUE
9, 7793, 16, -0.4000000000000001, 1.6, -0.10000000000000003, 0.6000000000000001, Character.MAX_VALUE
9, 7794, 16, -0.4000000000000001, 1.6, -0.10000000000000003, 0.8, Character.MAX_VALUE
9, 7795, 16, -0.4000000000000001, 1.6, -2.7755575615628914E-17, 0.0, Character.MAX_VALUE
9, 7796, 16, -0.4000000000000001, 1.6, -2.7755575615628914E-17, 0.2, Character.MAX_VALUE
9, 7797, 16, -0.4000000000000001, 1.6, -2.7755575615628914E-17, 0.4, Character.MAX_VALUE
9, 7798, 16, -0.4000000000000001, 1.6, -2.7755575615628914E-17, 0.6000000000000001, Character.MAX_VALUE
9, 7799, 16, -0.4000000000000001, 1.6, -2.7755575615628914E-17, 0.8, Character.MAX_VALUE
9, 7800, 12, -0.20000000000000007, 0.0, -0.5, 0.0, new Character(charAt())
9, 7801, 12, -0.20000000000000007, 0.0, -0.5, 0.2, new Character(charAt())
9, 7802, 12, -0.20000000000000007, 0.0, -0.5, 0.4, new Character(charAt())
9, 7803, 12, -0.20000000000000007, 0.0, -0.5, 0.6000000000000001, new Character(charAt())
9, 7804, 12, -0.20000000000000007, 0.0, -0.5, 0.8, new Character(charAt())
9, 7805, 12, -0.20000000000000007, 0.0, -0.4, 0.0, new Character(charAt())
9, 7806, 12, -0.20000000000000007, 0.0, -0.4, 0.2, new Character(charAt())
9, 7807, 12, -0.20000000000000007, 0.0, -0.4, 0.4, new Character(charAt())
9, 7808, 12, -0.20000000000000007, 0.0, -0.4, 0.6000000000000001, new Character(charAt())
9, 7809, 12, -0.20000000000000007, 0.0, -0.4, 0.8, new Character(charAt())
9, 7810, 12, -0.20000000000000007, 0.0, -0.30000000000000004, 0.0, new Character(charAt())
9, 7811, 12, -0.20000000000000007, 0.0, -0.30000000000000004, 0.2, new Character(charAt())
9, 7812, 12, -0.20000000000000007, 0.0, -0.30000000000000004, 0.4, new Character(charAt())
9, 7813, 12, -0.20000000000000007, 0.0, -0.30000000000000004, 0.6000000000000001, new Character(charAt())
9, 7814, 16, -0.20000000000000007, 0.0, -0.30000000000000004, 0.8, Character.MIN_VALUE
9, 7815, 14, -0.20000000000000007, 0.0, -0.20000000000000004, 0.0, charAt().charValue()
9, 7816, 12, -0.20000000000000007, 0.0, -0.20000000000000004, 0.2, new Character(charAt())
9, 7817, 12, -0.20000000000000007, 0.0, -0.20000000000000004, 0.4, new Character(charAt())
9, 7818, 12, -0.20000000000000007, 0.0, -0.20000000000000004, 0.6000000000000001, new Character(charAt())
9, 7819, 16, -0.20000000000000007, 0.0, -0.20000000000000004, 0.8, Character.MIN_VALUE
9, 7820, 12, -0.20000000000000007, 0.0, -0.10000000000000003, 0.0, new Character(charAt())
9, 7821, 12, -0.20000000000000007, 0.0, -0.10000000000000003, 0.2, new Character(charAt())
9, 7822, 12, -0.20000000000000007, 0.0, -0.10000000000000003, 0.4, new Character(charAt())
9, 7823, 16, -0.20000000000000007, 0.0, -0.10000000000000003, 0.6000000000000001, Character.MIN_VALUE
9, 7824, 16, -0.20000000000000007, 0.0, -0.10000000000000003, 0.8, Character.MAX_VALUE
9, 7825, 12, -0.20000000000000007, 0.0, -2.7755575615628914E-17, 0.0, new Character(charAt())
9, 7826, 14, -0.20000000000000007, 0.0, -2.7755575615628914E-17, 0.2, charAt().charValue()
9, 7827, 12, -0.20000000000000007, 0.0, -2.7755575615628914E-17, 0.4, new Character(charAt())
9, 7828, 16, -0.20000000000000007, 0.0, -2.7755575615628914E-17, 0.6000000000000001, Character.MAX_VALUE
9, 7829, 16, -0.20000000000000007, 0.0, -2.7755575615628914E-17, 0.8, Character.MAX_VALUE
9, 7830, 12, -0.20000000000000007, 0.4, -0.5, 0.0, new Character(charAt())
9, 7831, 12, -0.20000000000000007, 0.4, -0.5, 0.2, new Character(charAt())
9, 7832, 12, -0.20000000000000007, 0.4, -0.5, 0.4, new Character(charAt())
9, 7833, 16, -0.20000000000000007, 0.4, -0.5, 0.6000000000000001, Character.MAX_VALUE
9, 7834, 16, -0.20000000000000007, 0.4, -0.5, 0.8, Character.MAX_VALUE
9, 7835, 12, -0.20000000000000007, 0.4, -0.4, 0.0, new Character(charAt())
9, 7836, 12, -0.20000000000000007, 0.4, -0.4, 0.2, new Character(charAt())
9, 7837, 12, -0.20000000000000007, 0.4, -0.4, 0.4, new Character(charAt())
9, 7838, 16, -0.20000000000000007, 0.4, -0.4, 0.6000000000000001, Character.MAX_VALUE
9, 7839, 16, -0.20000000000000007, 0.4, -0.4, 0.8, Character.MAX_VALUE
9, 7840, 12, -0.20000000000000007, 0.4, -0.30000000000000004, 0.0, new Character(charAt())
9, 7841, 12, -0.20000000000000007, 0.4, -0.30000000000000004, 0.2, new Character(charAt())
9, 7842, 12, -0.20000000000000007, 0.4, -0.30000000000000004, 0.4, new Character(charAt())
9, 7843, 14, -0.20000000000000007, 0.4, -0.30000000000000004, 0.6000000000000001, charAt().charValue()
9, 7844, 16, -0.20000000000000007, 0.4, -0.30000000000000004, 0.8, Character.MAX_VALUE
9, 7845, 12, -0.20000000000000007, 0.4, -0.20000000000000004, 0.0, new Character(charAt())
9, 7846, 12, -0.20000000000000007, 0.4, -0.20000000000000004, 0.2, new Character(charAt())
9, 7847, 12, -0.20000000000000007, 0.4, -0.20000000000000004, 0.4, new Character(charAt())
9, 7848, 16, -0.20000000000000007, 0.4, -0.20000000000000004, 0.6000000000000001, Character.MAX_VALUE
9, 7849, 16, -0.20000000000000007, 0.4, -0.20000000000000004, 0.8, Character.MAX_VALUE
9, 7850, 12, -0.20000000000000007, 0.4, -0.10000000000000003, 0.0, new Character(charAt())
9, 7851, 12, -0.20000000000000007, 0.4, -0.10000000000000003, 0.2, new Character(charAt())
9, 7852, 16, -0.20000000000000007, 0.4, -0.10000000000000003, 0.4, Character.MAX_VALUE
9, 7853, 16, -0.20000000000000007, 0.4, -0.10000000000000003, 0.6000000000000001, Character.MAX_VALUE
9, 7854, 16, -0.20000000000000007, 0.4, -0.10000000000000003, 0.8, Character.MAX_VALUE
9, 7855, 16, -0.20000000000000007, 0.4, -2.7755575615628914E-17, 0.0, Character.MAX_VALUE
9, 7856, 16, -0.20000000000000007, 0.4, -2.7755575615628914E-17, 0.2, Character.MAX_VALUE
9, 7857, 16, -0.20000000000000007, 0.4, -2.7755575615628914E-17, 0.4, Character.MAX_VALUE
9, 7858, 16, -0.20000000000000007, 0.4, -2.7755575615628914E-17, 0.6000000000000001, Character.MAX_VALUE
9, 7859, 16, -0.20000000000000007, 0.4, -2.7755575615628914E-17, 0.8, Character.MAX_VALUE
9, 7860, 12, -0.20000000000000007, 0.8, -0.5, 0.0, new Character(charAt())
9, 7861, 12, -0.20000000000000007, 0.8, -0.5, 0.2, new Character(charAt())
9, 7862, 12, -0.20000000000000007, 0.8, -0.5, 0.4, new Character(charAt())
9, 7863, 16, -0.20000000000000007, 0.8, -0.5, 0.6000000000000001, Character.MAX_VALUE
9, 7864, 16, -0.20000000000000007, 0.8, -0.5, 0.8, Character.MAX_VALUE
9, 7865, 12, -0.20000000000000007, 0.8, -0.4, 0.0, new Character(charAt())
9, 7866, 12, -0.20000000000000007, 0.8, -0.4, 0.2, new Character(charAt())
9, 7867, 16, -0.20000000000000007, 0.8, -0.4, 0.4, Character.MAX_VALUE
9, 7868, 16, -0.20000000000000007, 0.8, -0.4, 0.6000000000000001, Character.MAX_VALUE
9, 7869, 16, -0.20000000000000007, 0.8, -0.4, 0.8, Character.MAX_VALUE
9, 7870, 12, -0.20000000000000007, 0.8, -0.30000000000000004, 0.0, new Character(charAt())
9, 7871, 16, -0.20000000000000007, 0.8, -0.30000000000000004, 0.2, Character.MAX_VALUE
9, 7872, 16, -0.20000000000000007, 0.8, -0.30000000000000004, 0.4, Character.MAX_VALUE
9, 7873, 16, -0.20000000000000007, 0.8, -0.30000000000000004, 0.6000000000000001, Character.MAX_VALUE
9, 7874, 16, -0.20000000000000007, 0.8, -0.30000000000000004, 0.8, Character.MAX_VALUE
9, 7875, 16, -0.20000000000000007, 0.8, -0.20000000000000004, 0.0, Character.MAX_VALUE
9, 7876, 16, -0.20000000000000007, 0.8, -0.20000000000000004, 0.2, Character.MAX_VALUE
9, 7877, 16, -0.20000000000000007, 0.8, -0.20000000000000004, 0.4, Character.MAX_VALUE
9, 7878, 16, -0.20000000000000007, 0.8, -0.20000000000000004, 0.6000000000000001, Character.MAX_VALUE
9, 7879, 16, -0.20000000000000007, 0.8, -0.20000000000000004, 0.8, Character.MAX_VALUE
9, 7880, 16, -0.20000000000000007, 0.8, -0.10000000000000003, 0.0, Character.MAX_VALUE
9, 7881, 16, -0.20000000000000007, 0.8, -0.10000000000000003, 0.2, Character.MAX_VALUE
9, 7882, 16, -0.20000000000000007, 0.8, -0.10000000000000003, 0.4, Character.MAX_VALUE
9, 7883, 16, -0.20000000000000007, 0.8, -0.10000000000000003, 0.6000000000000001, Character.MAX_VALUE
9, 7884, 16, -0.20000000000000007, 0.8, -0.10000000000000003, 0.8, Character.MAX_VALUE
9, 7885, 16, -0.20000000000000007, 0.8, -2.7755575615628914E-17, 0.0, Character.MAX_VALUE
9, 7886, 16, -0.20000000000000007, 0.8, -2.7755575615628914E-17, 0.2, Character.MAX_VALUE
9, 7887, 16, -0.20000000000000007, 0.8, -2.7755575615628914E-17, 0.4, Character.MAX_VALUE
9, 7888, 16, -0.20000000000000007, 0.8, -2.7755575615628914E-17, 0.6000000000000001, Character.MAX_VALUE
9, 7889, 16, -0.20000000000000007, 0.8, -2.7755575615628914E-17, 0.8, Character.MAX_VALUE
9, 7890, 12, -0.20000000000000007, 1.2000000000000002, -0.5, 0.0, new Character(charAt())
9, 7891, 16, -0.20000000000000007, 1.2000000000000002, -0.5, 0.2, Character.MAX_VALUE
9, 7892, 16, -0.20000000000000007, 1.2000000000000002, -0.5, 0.4, Character.MAX_VALUE
9, 7893, 16, -0.20000000000000007, 1.2000000000000002, -0.5, 0.6000000000000001, Character.MAX_VALUE
9, 7894, 16, -0.20000000000000007, 1.2000000000000002, -0.5, 0.8, Character.MAX_VALUE
9, 7895, 12, -0.20000000000000007, 1.2000000000000002, -0.4, 0.0, new Character(charAt())
9, 7896, 16, -0.20000000000000007, 1.2000000000000002, -0.4, 0.2, Character.MAX_VALUE
9, 7897, 16, -0.20000000000000007, 1.2000000000000002, -0.4, 0.4, Character.MAX_VALUE
9, 7898, 16, -0.20000000000000007, 1.2000000000000002, -0.4, 0.6000000000000001, Character.MAX_VALUE
9, 7899, 16, -0.20000000000000007, 1.2000000000000002, -0.4, 0.8, Character.MAX_VALUE
9, 7900, 16, -0.20000000000000007, 1.2000000000000002, -0.30000000000000004, 0.0, Character.MAX_VALUE
9, 7901, 16, -0.20000000000000007, 1.2000000000000002, -0.30000000000000004, 0.2, Character.MAX_VALUE
9, 7902, 16, -0.20000000000000007, 1.2000000000000002, -0.30000000000000004, 0.4, Character.MAX_VALUE
9, 7903, 16, -0.20000000000000007, 1.2000000000000002, -0.30000000000000004, 0.6000000000000001, Character.MAX_VALUE
9, 7904, 16, -0.20000000000000007, 1.2000000000000002, -0.30000000000000004, 0.8, Character.MAX_VALUE
9, 7905, 16, -0.20000000000000007, 1.2000000000000002, -0.20000000000000004, 0.0, Character.MAX_VALUE
9, 7906, 16, -0.20000000000000007, 1.2000000000000002, -0.20000000000000004, 0.2, Character.MAX_VALUE
9, 7907, 16, -0.20000000000000007, 1.2000000000000002, -0.20000000000000004, 0.4, Character.MAX_VALUE
9, 7908, 16, -0.20000000000000007, 1.2000000000000002, -0.20000000000000004, 0.6000000000000001, Character.MAX_VALUE
9, 7909, 16, -0.20000000000000007, 1.2000000000000002, -0.20000000000000004, 0.8, Character.MAX_VALUE
9, 7910, 16, -0.20000000000000007, 1.2000000000000002, -0.10000000000000003, 0.0, Character.MAX_VALUE
9, 7911, 16, -0.20000000000000007, 1.2000000000000002, -0.10000000000000003, 0.2, Character.MAX_VALUE
9, 7912, 16, -0.20000000000000007, 1.2000000000000002, -0.10000000000000003, 0.4, Character.MAX_VALUE
9, 7913, 16, -0.20000000000000007, 1.2000000000000002, -0.10000000000000003, 0.6000000000000001, Character.MAX_VALUE
9, 7914, 16, -0.20000000000000007, 1.2000000000000002, -0.10000000000000003, 0.8, Character.MAX_VALUE
9, 7915, 16, -0.20000000000000007, 1.2000000000000002, -2.7755575615628914E-17, 0.0, Character.MAX_VALUE
9, 7916, 16, -0.20000000000000007, 1.2000000000000002, -2.7755575615628914E-17, 0.2, Character.MAX_VALUE
9, 7917, 16, -0.20000000000000007, 1.2000000000000002, -2.7755575615628914E-17, 0.4, Character.MAX_VALUE
9, 7918, 16, -0.20000000000000007, 1.2000000000000002, -2.7755575615628914E-17, 0.6000000000000001, Character.MAX_VALUE
9, 7919, 16, -0.20000000000000007, 1.2000000000000002, -2.7755575615628914E-17, 0.8, Character.MAX_VALUE
9, 7920, 16, -0.20000000000000007, 1.6, -0.5, 0.0, Character.MAX_VALUE
9, 7921, 16, -0.20000000000000007, 1.6, -0.5, 0.2, Character.MAX_VALUE
9, 7922, 16, -0.20000000000000007, 1.6, -0.5, 0.4, Character.MAX_VALUE
9, 7923, 16, -0.20000000000000007, 1.6, -0.5, 0.6000000000000001, Character.MAX_VALUE
9, 7924, 16, -0.20000000000000007, 1.6, -0.5, 0.8, Character.MAX_VALUE
9, 7925, 16, -0.20000000000000007, 1.6, -0.4, 0.0, Character.MAX_VALUE
9, 7926, 16, -0.20000000000000007, 1.6, -0.4, 0.2, Character.MAX_VALUE
9, 7927, 16, -0.20000000000000007, 1.6, -0.4, 0.4, Character.MAX_VALUE
9, 7928, 16, -0.20000000000000007, 1.6, -0.4, 0.6000000000000001, Character.MAX_VALUE
9, 7929, 16, -0.20000000000000007, 1.6, -0.4, 0.8, Character.MAX_VALUE
9, 7930, 16, -0.20000000000000007, 1.6, -0.30000000000000004, 0.0, Character.MAX_VALUE
9, 7931, 16, -0.20000000000000007, 1.6, -0.30000000000000004, 0.2, Character.MAX_VALUE
9, 7932, 16, -0.20000000000000007, 1.6, -0.30000000000000004, 0.4, Character.MAX_VALUE
9, 7933, 16, -0.20000000000000007, 1.6, -0.30000000000000004, 0.6000000000000001, Character.MAX_VALUE
9, 7934, 16, -0.20000000000000007, 1.6, -0.30000000000000004, 0.8, Character.MAX_VALUE
9, 7935, 16, -0.20000000000000007, 1.6, -0.20000000000000004, 0.0, Character.MAX_VALUE
9, 7936, 16, -0.20000000000000007, 1.6, -0.20000000000000004, 0.2, Character.MAX_VALUE
9, 7937, 16, -0.20000000000000007, 1.6, -0.20000000000000004, 0.4, Character.MAX_VALUE
9, 7938, 16, -0.20000000000000007, 1.6, -0.20000000000000004, 0.6000000000000001, Character.MAX_VALUE
9, 7939, 16, -0.20000000000000007, 1.6, -0.20000000000000004, 0.8, Character.MAX_VALUE
9, 7940, 16, -0.20000000000000007, 1.6, -0.10000000000000003, 0.0, Character.MAX_VALUE
9, 7941, 16, -0.20000000000000007, 1.6, -0.10000000000000003, 0.2, Character.MAX_VALUE
9, 7942, 16, -0.20000000000000007, 1.6, -0.10000000000000003, 0.4, Character.MAX_VALUE
9, 7943, 16, -0.20000000000000007, 1.6, -0.10000000000000003, 0.6000000000000001, Character.MAX_VALUE
9, 7944, 16, -0.20000000000000007, 1.6, -0.10000000000000003, 0.8, Character.MAX_VALUE
9, 7945, 16, -0.20000000000000007, 1.6, -2.7755575615628914E-17, 0.0, Character.MAX_VALUE
9, 7946, 16, -0.20000000000000007, 1.6, -2.7755575615628914E-17, 0.2, Character.MAX_VALUE
9, 7947, 16, -0.20000000000000007, 1.6, -2.7755575615628914E-17, 0.4, Character.MAX_VALUE
9, 7948, 16, -0.20000000000000007, 1.6, -2.7755575615628914E-17, 0.6000000000000001, Character.MAX_VALUE
9, 7949, 16, -0.20000000000000007, 1.6, -2.7755575615628914E-17, 0.8, Character.MAX_VALUE
9, 7950, 12, -5.551115123125783E-17, 0.0, -0.5, 0.0, new Character(charAt())
9, 7951, 12, -5.551115123125783E-17, 0.0, -0.5, 0.2, new Character(charAt())
9, 7952, 12, -5.551115123125783E-17, 0.0, -0.5, 0.4, new Character(charAt())
9, 7953, 16, -5.551115123125783E-17, 0.0, -0.5, 0.6000000000000001, Character.MAX_VALUE
9, 7954, 16, -5.551115123125783E-17, 0.0, -0.5, 0.8, Character.MAX_VALUE
9, 7955, 12, -5.551115123125783E-17, 0.0, -0.4, 0.0, new Character(charAt())
9, 7956, 12, -5.551115123125783E-17, 0.0, -0.4, 0.2, new Character(charAt())
9, 7957, 12, -5.551115123125783E-17, 0.0, -0.4, 0.4, new Character(charAt())
9, 7958, 16, -5.551115123125783E-17, 0.0, -0.4, 0.6000000000000001, Character.MAX_VALUE
9, 7959, 16, -5.551115123125783E-17, 0.0, -0.4, 0.8, Character.MAX_VALUE
9, 7960, 12, -5.551115123125783E-17, 0.0, -0.30000000000000004, 0.0, new Character(charAt())
9, 7961, 12, -5.551115123125783E-17, 0.0, -0.30000000000000004, 0.2, new Character(charAt())
9, 7962, 16, -5.551115123125783E-17, 0.0, -0.30000000000000004, 0.4, Character.MAX_VALUE
9, 7963, 16, -5.551115123125783E-17, 0.0, -0.30000000000000004, 0.6000000000000001, Character.MAX_VALUE
9, 7964, 16, -5.551115123125783E-17, 0.0, -0.30000000000000004, 0.8, Character.MAX_VALUE
9, 7965, 12, -5.551115123125783E-17, 0.0, -0.20000000000000004, 0.0, new Character(charAt())
9, 7966, 12, -5.551115123125783E-17, 0.0, -0.20000000000000004, 0.2, new Character(charAt())
9, 7967, 16, -5.551115123125783E-17, 0.0, -0.20000000000000004, 0.4, Character.MAX_VALUE
9, 7968, 16, -5.551115123125783E-17, 0.0, -0.20000000000000004, 0.6000000000000001, Character.MAX_VALUE
9, 7969, 16, -5.551115123125783E-17, 0.0, -0.20000000000000004, 0.8, Character.MAX_VALUE
9, 7970, 12, -5.551115123125783E-17, 0.0, -0.10000000000000003, 0.0, new Character(charAt())
9, 7971, 16, -5.551115123125783E-17, 0.0, -0.10000000000000003, 0.2, Character.MAX_VALUE
9, 7972, 16, -5.551115123125783E-17, 0.0, -0.10000000000000003, 0.4, Character.MAX_VALUE
9, 7973, 16, -5.551115123125783E-17, 0.0, -0.10000000000000003, 0.6000000000000001, Character.MAX_VALUE
9, 7974, 16, -5.551115123125783E-17, 0.0, -0.10000000000000003, 0.8, Character.MAX_VALUE
9, 7975, 12, -5.551115123125783E-17, 0.0, -2.7755575615628914E-17, 0.0, new Character(charAt())
9, 7976, 16, -5.551115123125783E-17, 0.0, -2.7755575615628914E-17, 0.2, Character.MAX_VALUE
9, 7977, 16, -5.551115123125783E-17, 0.0, -2.7755575615628914E-17, 0.4, Character.MAX_VALUE