8, 9317, -5.0, 1.0, -5.0, 0.0, 15, nextToken()
8, 9318, -5.0, 1.0, -5.0, 0.5, 15, nextToken()
8, 9319, -5.0, 1.0, -5.0, 1.0, 15, nextToken()
8, 9320, -5.0, 1.0, -5.0, 1.5, 15, nextToken()
8, 9321, -5.0, 1.0, -5.0, 2.0, 15, nextToken()
8, 9322, -5.0, 1.0, -5.0, 2.5, 15, nextToken()
8, 9323, -5.0, 1.0, -5.0, 3.0, 15, nextToken()
8, 9324, -5.0, 1.0, -5.0, 3.5, 15, nextToken()
8, 9325, -5.0, 1.0, -5.0, 4.0, 15, nextToken()
8, 9326, -5.0, 1.0, -5.0, 4.5, 15, nextToken()
8, 9327, -5.0, 1.0, -5.0, 5.0, 15, nextToken()
8, 9328, -5.0, 1.0, -4.5, 0.0, 15, nextToken()
8, 9329, -5.0, 1.0, -4.5, 0.5, 15, nextToken()
8, 9330, -5.0, 1.0, -4.5, 1.0, 15, nextToken()
8, 9331, -5.0, 1.0, -4.5, 1.5, 15, nextToken()
8, 9332, -5.0, 1.0, -4.5, 2.0, 15, nextToken()
8, 9333, -5.0, 1.0, -4.5, 2.5, 15, nextToken()
8, 9334, -5.0, 1.0, -4.5, 3.0, 15, nextToken()
8, 9335, -5.0, 1.0, -4.5, 3.5, 15, nextToken()
8, 9336, -5.0, 1.0, -4.5, 4.0, 15, nextToken()
8, 9337, -5.0, 1.0, -4.5, 4.5, 15, nextToken()
8, 9338, -5.0, 1.0, -4.5, 5.0, 15, nextToken()
8, 9339, -5.0, 1.0, -4.0, 0.0, 15, nextToken()
8, 9340, -5.0, 1.0, -4.0, 0.5, 15, nextToken()
8, 9341, -5.0, 1.0, -4.0, 1.0, 15, nextToken()
8, 9342, -5.0, 1.0, -4.0, 1.5, 15, nextToken()
8, 9343, -5.0, 1.0, -4.0, 2.0, 15, nextToken()
8, 9344, -5.0, 1.0, -4.0, 2.5, 15, nextToken()
8, 9345, -5.0, 1.0, -4.0, 3.0, 15, nextToken()
8, 9346, -5.0, 1.0, -4.0, 3.5, 15, nextToken()
8, 9347, -5.0, 1.0, -4.0, 4.0, 15, nextToken()
8, 9348, -5.0, 1.0, -4.0, 4.5, 15, nextToken()
8, 9349, -5.0, 1.0, -4.0, 5.0, 15, nextToken()
8, 9350, -5.0, 1.0, -3.5, 0.0, 15, nextToken()
8, 9351, -5.0, 1.0, -3.5, 0.5, 15, nextToken()
8, 9352, -5.0, 1.0, -3.5, 1.0, 15, nextToken()
8, 9353, -5.0, 1.0, -3.5, 1.5, 15, nextToken()
8, 9354, -5.0, 1.0, -3.5, 2.0, 15, nextToken()
8, 9355, -5.0, 1.0, -3.5, 2.5, 15, nextToken()
8, 9356, -5.0, 1.0, -3.5, 3.0, 15, nextToken()
8, 9357, -5.0, 1.0, -3.5, 3.5, 15, nextToken()
8, 9358, -5.0, 1.0, -3.5, 4.0, 15, nextToken()
8, 9359, -5.0, 1.0, -3.5, 4.5, 15, nextToken()
8, 9360, -5.0, 1.0, -3.5, 5.0, 15, nextToken()
8, 9361, -5.0, 1.0, -3.0, 0.0, 15, nextToken()
8, 9362, -5.0, 1.0, -3.0, 0.5, 15, nextToken()
8, 9363, -5.0, 1.0, -3.0, 1.0, 15, nextToken()
8, 9364, -5.0, 1.0, -3.0, 1.5, 15, nextToken()
8, 9365, -5.0, 1.0, -3.0, 2.0, 15, nextToken()
8, 9366, -5.0, 1.0, -3.0, 2.5, 15, nextToken()
8, 9367, -5.0, 1.0, -3.0, 3.0, 15, nextToken()
8, 9368, -5.0, 1.0, -3.0, 3.5, 15, nextToken()
8, 9369, -5.0, 1.0, -3.0, 4.0, 15, nextToken()
8, 9370, -5.0, 1.0, -3.0, 4.5, 15, nextToken()
8, 9371, -5.0, 1.0, -3.0, 5.0, 15, nextToken()
8, 9372, -5.0, 1.0, -2.5, 0.0, 15, nextToken()
8, 9373, -5.0, 1.0, -2.5, 0.5, 15, nextToken()
8, 9374, -5.0, 1.0, -2.5, 1.0, 15, nextToken()
8, 9375, -5.0, 1.0, -2.5, 1.5, 15, nextToken()
8, 9376, -5.0, 1.0, -2.5, 2.0, 15, nextToken()
8, 9377, -5.0, 1.0, -2.5, 2.5, 15, nextToken()
8, 9378, -5.0, 1.0, -2.5, 3.0, 15, nextToken()
8, 9379, -5.0, 1.0, -2.5, 3.5, 15, nextToken()
8, 9380, -5.0, 1.0, -2.5, 4.0, 15, nextToken()
8, 9381, -5.0, 1.0, -2.5, 4.5, 15, nextToken()
8, 9382, -5.0, 1.0, -2.5, 5.0, 15, nextToken()
8, 9383, -5.0, 1.0, -2.0, 0.0, 15, nextToken()
8, 9384, -5.0, 1.0, -2.0, 0.5, 15, nextToken()
8, 9385, -5.0, 1.0, -2.0, 1.0, 15, nextToken()
8, 9386, -5.0, 1.0, -2.0, 1.5, 15, nextToken()
8, 9387, -5.0, 1.0, -2.0, 2.0, 15, nextToken()
8, 9388, -5.0, 1.0, -2.0, 2.5, 15, nextToken()
8, 9389, -5.0, 1.0, -2.0, 3.0, 15, nextToken()
8, 9390, -5.0, 1.0, -2.0, 3.5, 15, nextToken()
8, 9391, -5.0, 1.0, -2.0, 4.0, 15, nextToken()
8, 9392, -5.0, 1.0, -2.0, 4.5, 15, nextToken()
8, 9393, -5.0, 1.0, -2.0, 5.0, 15, nextToken()
8, 9394, -5.0, 1.0, -1.5, 0.0, 15, nextToken()
8, 9395, -5.0, 1.0, -1.5, 0.5, 15, nextToken()
8, 9396, -5.0, 1.0, -1.5, 1.0, 15, nextToken()
8, 9397, -5.0, 1.0, -1.5, 1.5, 15, nextToken()
8, 9398, -5.0, 1.0, -1.5, 2.0, 15, nextToken()
8, 9399, -5.0, 1.0, -1.5, 2.5, 15, nextToken()
8, 9400, -5.0, 1.0, -1.5, 3.0, 15, nextToken()
8, 9401, -5.0, 1.0, -1.5, 3.5, 15, nextToken()
8, 9402, -5.0, 1.0, -1.5, 4.0, 15, nextToken()
8, 9403, -5.0, 1.0, -1.5, 4.5, 15, nextToken()
8, 9404, -5.0, 1.0, -1.5, 5.0, 15, nextToken()
8, 9405, -5.0, 1.0, -1.0, 0.0, 15, nextToken()
8, 9406, -5.0, 1.0, -1.0, 0.5, 15, nextToken()
8, 9407, -5.0, 1.0, -1.0, 1.0, 15, nextToken()
8, 9408, -5.0, 1.0, -1.0, 1.5, 15, nextToken()
8, 9409, -5.0, 1.0, -1.0, 2.0, 15, nextToken()
8, 9410, -5.0, 1.0, -1.0, 2.5, 15, nextToken()
8, 9411, -5.0, 1.0, -1.0, 3.0, 15, nextToken()
8, 9412, -5.0, 1.0, -1.0, 3.5, 15, nextToken()
8, 9413, -5.0, 1.0, -1.0, 4.0, 15, nextToken()
8, 9414, -5.0, 1.0, -1.0, 4.5, 15, nextToken()
8, 9415, -5.0, 1.0, -1.0, 5.0, 15, nextToken()
8, 9416, -5.0, 1.0, -0.5, 0.0, 15, nextToken()
8, 9417, -5.0, 1.0, -0.5, 0.5, 15, nextToken()
8, 9418, -5.0, 1.0, -0.5, 1.0, 15, nextToken()
8, 9419, -5.0, 1.0, -0.5, 1.5, 15, nextToken()
8, 9420, -5.0, 1.0, -0.5, 2.0, 15, nextToken()
8, 9421, -5.0, 1.0, -0.5, 2.5, 15, nextToken()
8, 9422, -5.0, 1.0, -0.5, 3.0, 15, nextToken()
8, 9423, -5.0, 1.0, -0.5, 3.5, 15, nextToken()
8, 9424, -5.0, 1.0, -0.5, 4.0, 15, nextToken()
8, 9425, -5.0, 1.0, -0.5, 4.5, 15, nextToken()
8, 9426, -5.0, 1.0, -0.5, 5.0, 15, nextToken()
8, 9427, -5.0, 1.0, 0.0, 0.0, 15, nextToken()
8, 9428, -5.0, 1.0, 0.0, 0.5, 15, nextToken()
8, 9429, -5.0, 1.0, 0.0, 1.0, 15, nextToken()
8, 9430, -5.0, 1.0, 0.0, 1.5, 15, nextToken()
8, 9431, -5.0, 1.0, 0.0, 2.0, 15, nextToken()
8, 9432, -5.0, 1.0, 0.0, 2.5, 15, nextToken()
8, 9433, -5.0, 1.0, 0.0, 3.0, 15, nextToken()
8, 9434, -5.0, 1.0, 0.0, 3.5, 15, nextToken()
8, 9435, -5.0, 1.0, 0.0, 4.0, 15, nextToken()
8, 9436, -5.0, 1.0, 0.0, 4.5, 15, nextToken()
8, 9437, -5.0, 1.0, 0.0, 5.0, 15, nextToken()
8, 9438, -4.5, 1.0, -5.0, 0.0, 15, nextToken()
8, 9439, -4.5, 1.0, -5.0, 0.5, 15, nextToken()
8, 9440, -4.5, 1.0, -5.0, 1.0, 15, nextToken()
8, 9441, -4.5, 1.0, -5.0, 1.5, 15, nextToken()
8, 9442, -4.5, 1.0, -5.0, 2.0, 15, nextToken()
8, 9443, -4.5, 1.0, -5.0, 2.5, 15, nextToken()
8, 9444, -4.5, 1.0, -5.0, 3.0, 15, nextToken()
8, 9445, -4.5, 1.0, -5.0, 3.5, 15, nextToken()
8, 9446, -4.5, 1.0, -5.0, 4.0, 15, nextToken()
8, 9447, -4.5, 1.0, -5.0, 4.5, 15, nextToken()
8, 9448, -4.5, 1.0, -5.0, 5.0, 15, nextToken()
8, 9449, -4.5, 1.0, -4.5, 0.0, 15, nextToken()
8, 9450, -4.5, 1.0, -4.5, 0.5, 15, nextToken()
8, 9451, -4.5, 1.0, -4.5, 1.0, 15, nextToken()
8, 9452, -4.5, 1.0, -4.5, 1.5, 15, nextToken()
8, 9453, -4.5, 1.0, -4.5, 2.0, 15, nextToken()
8, 9454, -4.5, 1.0, -4.5, 2.5, 15, nextToken()
8, 9455, -4.5, 1.0, -4.5, 3.0, 15, nextToken()
8, 9456, -4.5, 1.0, -4.5, 3.5, 15, nextToken()
8, 9457, -4.5, 1.0, -4.5, 4.0, 15, nextToken()
8, 9458, -4.5, 1.0, -4.5, 4.5, 15, nextToken()
8, 9459, -4.5, 1.0, -4.5, 5.0, 15, nextToken()
8, 9460, -4.5, 1.0, -4.0, 0.0, 15, nextToken()
8, 9461, -4.5, 1.0, -4.0, 0.5, 15, nextToken()
8, 9462, -4.5, 1.0, -4.0, 1.0, 15, nextToken()
8, 9463, -4.5, 1.0, -4.0, 1.5, 15, nextToken()
8, 9464, -4.5, 1.0, -4.0, 2.0, 15, nextToken()
8, 9465, -4.5, 1.0, -4.0, 2.5, 15, nextToken()
8, 9466, -4.5, 1.0, -4.0, 3.0, 15, nextToken()
8, 9467, -4.5, 1.0, -4.0, 3.5, 15, nextToken()
8, 9468, -4.5, 1.0, -4.0, 4.0, 15, nextToken()
8, 9469, -4.5, 1.0, -4.0, 4.5, 15, nextToken()
8, 9470, -4.5, 1.0, -4.0, 5.0, 15, nextToken()
8, 9471, -4.5, 1.0, -3.5, 0.0, 15, nextToken()
8, 9472, -4.5, 1.0, -3.5, 0.5, 15, nextToken()
8, 9473, -4.5, 1.0, -3.5, 1.0, 15, nextToken()
8, 9474, -4.5, 1.0, -3.5, 1.5, 15, nextToken()
8, 9475, -4.5, 1.0, -3.5, 2.0, 15, nextToken()
8, 9476, -4.5, 1.0, -3.5, 2.5, 15, nextToken()
8, 9477, -4.5, 1.0, -3.5, 3.0, 15, nextToken()
8, 9478, -4.5, 1.0, -3.5, 3.5, 15, nextToken()
8, 9479, -4.5, 1.0, -3.5, 4.0, 15, nextToken()
8, 9480, -4.5, 1.0, -3.5, 4.5, 15, nextToken()
8, 9481, -4.5, 1.0, -3.5, 5.0, 15, nextToken()
8, 9482, -4.5, 1.0, -3.0, 0.0, 15, nextToken()
8, 9483, -4.5, 1.0, -3.0, 0.5, 15, nextToken()
8, 9484, -4.5, 1.0, -3.0, 1.0, 15, nextToken()
8, 9485, -4.5, 1.0, -3.0, 1.5, 15, nextToken()
8, 9486, -4.5, 1.0, -3.0, 2.0, 15, nextToken()
8, 9487, -4.5, 1.0, -3.0, 2.5, 15, nextToken()
8, 9488, -4.5, 1.0, -3.0, 3.0, 15, nextToken()
8, 9489, -4.5, 1.0, -3.0, 3.5, 15, nextToken()
8, 9490, -4.5, 1.0, -3.0, 4.0, 15, nextToken()
8, 9491, -4.5, 1.0, -3.0, 4.5, 15, nextToken()
8, 9492, -4.5, 1.0, -3.0, 5.0, 15, nextToken()
8, 9493, -4.5, 1.0, -2.5, 0.0, 15, nextToken()
8, 9494, -4.5, 1.0, -2.5, 0.5, 15, nextToken()
8, 9495, -4.5, 1.0, -2.5, 1.0, 15, nextToken()
8, 9496, -4.5, 1.0, -2.5, 1.5, 15, nextToken()
8, 9497, -4.5, 1.0, -2.5, 2.0, 15, nextToken()
8, 9498, -4.5, 1.0, -2.5, 2.5, 15, nextToken()
8, 9499, -4.5, 1.0, -2.5, 3.0, 15, nextToken()
8, 9500, -4.5, 1.0, -2.5, 3.5, 15, nextToken()
8, 9501, -4.5, 1.0, -2.5, 4.0, 15, nextToken()
8, 9502, -4.5, 1.0, -2.5, 4.5, 15, nextToken()
8, 9503, -4.5, 1.0, -2.5, 5.0, 15, nextToken()
8, 9504, -4.5, 1.0, -2.0, 0.0, 15, nextToken()
8, 9505, -4.5, 1.0, -2.0, 0.5, 15, nextToken()
8, 9506, -4.5, 1.0, -2.0, 1.0, 15, nextToken()
8, 9507, -4.5, 1.0, -2.0, 1.5, 15, nextToken()
8, 9508, -4.5, 1.0, -2.0, 2.0, 15, nextToken()
8, 9509, -4.5, 1.0, -2.0, 2.5, 15, nextToken()
8, 9510, -4.5, 1.0, -2.0, 3.0, 15, nextToken()
8, 9511, -4.5, 1.0, -2.0, 3.5, 15, nextToken()
8, 9512, -4.5, 1.0, -2.0, 4.0, 15, nextToken()
8, 9513, -4.5, 1.0, -2.0, 4.5, 15, nextToken()
8, 9514, -4.5, 1.0, -2.0, 5.0, 15, nextToken()
8, 9515, -4.5, 1.0, -1.5, 0.0, 15, nextToken()
8, 9516, -4.5, 1.0, -1.5, 0.5, 15, nextToken()
8, 9517, -4.5, 1.0, -1.5, 1.0, 15, nextToken()
8, 9518, -4.5, 1.0, -1.5, 1.5, 15, nextToken()
8, 9519, -4.5, 1.0, -1.5, 2.0, 15, nextToken()
8, 9520, -4.5, 1.0, -1.5, 2.5, 15, nextToken()
8, 9521, -4.5, 1.0, -1.5, 3.0, 15, nextToken()
8, 9522, -4.5, 1.0, -1.5, 3.5, 15, nextToken()
8, 9523, -4.5, 1.0, -1.5, 4.0, 15, nextToken()
8, 9524, -4.5, 1.0, -1.5, 4.5, 15, nextToken()
8, 9525, -4.5, 1.0, -1.5, 5.0, 15, nextToken()
8, 9526, -4.5, 1.0, -1.0, 0.0, 15, nextToken()
8, 9527, -4.5, 1.0, -1.0, 0.5, 15, nextToken()
8, 9528, -4.5, 1.0, -1.0, 1.0, 15, nextToken()
8, 9529, -4.5, 1.0, -1.0, 1.5, 15, nextToken()
8, 9530, -4.5, 1.0, -1.0, 2.0, 15, nextToken()
8, 9531, -4.5, 1.0, -1.0, 2.5, 15, nextToken()
8, 9532, -4.5, 1.0, -1.0, 3.0, 15, nextToken()
8, 9533, -4.5, 1.0, -1.0, 3.5, 15, nextToken()
8, 9534, -4.5, 1.0, -1.0, 4.0, 15, nextToken()
8, 9535, -4.5, 1.0, -1.0, 4.5, 15, nextToken()
8, 9536, -4.5, 1.0, -1.0, 5.0, 15, nextToken()
8, 9537, -4.5, 1.0, -0.5, 0.0, 15, nextToken()
8, 9538, -4.5, 1.0, -0.5, 0.5, 15, nextToken()
8, 9539, -4.5, 1.0, -0.5, 1.0, 15, nextToken()
8, 9540, -4.5, 1.0, -0.5, 1.5, 15, nextToken()
8, 9541, -4.5, 1.0, -0.5, 2.0, 15, nextToken()
8, 9542, -4.5, 1.0, -0.5, 2.5, 15, nextToken()
8, 9543, -4.5, 1.0, -0.5, 3.0, 15, nextToken()
8, 9544, -4.5, 1.0, -0.5, 3.5, 15, nextToken()
8, 9545, -4.5, 1.0, -0.5, 4.0, 15, nextToken()
8, 9546, -4.5, 1.0, -0.5, 4.5, 15, nextToken()
8, 9547, -4.5, 1.0, -0.5, 5.0, 15, nextToken()
8, 9548, -4.5, 1.0, 0.0, 0.0, 15, nextToken()
8, 9549, -4.5, 1.0, 0.0, 0.5, 15, nextToken()
8, 9550, -4.5, 1.0, 0.0, 1.0, 15, nextToken()
8, 9551, -4.5, 1.0, 0.0, 1.5, 15, nextToken()
8, 9552, -4.5, 1.0, 0.0, 2.0, 15, nextToken()
8, 9553, -4.5, 1.0, 0.0, 2.5, 15, nextToken()
8, 9554, -4.5, 1.0, 0.0, 3.0, 15, nextToken()
8, 9555, -4.5, 1.0, 0.0, 3.5, 15, nextToken()
8, 9556, -4.5, 1.0, 0.0, 4.0, 15, nextToken()
8, 9557, -4.5, 1.0, 0.0, 4.5, 15, nextToken()
8, 9558, -4.5, 1.0, 0.0, 5.0, 11, message.nextToken()
8, 9559, -4.0, 1.0, -5.0, 0.0, 15, nextToken()
8, 9560, -4.0, 1.0, -5.0, 0.5, 15, nextToken()
8, 9561, -4.0, 1.0, -5.0, 1.0, 15, nextToken()
8, 9562, -4.0, 1.0, -5.0, 1.5, 15, nextToken()
8, 9563, -4.0, 1.0, -5.0, 2.0, 15, nextToken()
8, 9564, -4.0, 1.0, -5.0, 2.5, 15, nextToken()
8, 9565, -4.0, 1.0, -5.0, 3.0, 15, nextToken()
8, 9566, -4.0, 1.0, -5.0, 3.5, 15, nextToken()
8, 9567, -4.0, 1.0, -5.0, 4.0, 15, nextToken()
8, 9568, -4.0, 1.0, -5.0, 4.5, 15, nextToken()
8, 9569, -4.0, 1.0, -5.0, 5.0, 15, nextToken()
8, 9570, -4.0, 1.0, -4.5, 0.0, 15, nextToken()
8, 9571, -4.0, 1.0, -4.5, 0.5, 15, nextToken()
8, 9572, -4.0, 1.0, -4.5, 1.0, 15, nextToken()
8, 9573, -4.0, 1.0, -4.5, 1.5, 15, nextToken()
8, 9574, -4.0, 1.0, -4.5, 2.0, 15, nextToken()
8, 9575, -4.0, 1.0, -4.5, 2.5, 15, nextToken()
8, 9576, -4.0, 1.0, -4.5, 3.0, 15, nextToken()
8, 9577, -4.0, 1.0, -4.5, 3.5, 15, nextToken()
8, 9578, -4.0, 1.0, -4.5, 4.0, 15, nextToken()
8, 9579, -4.0, 1.0, -4.5, 4.5, 15, nextToken()
8, 9580, -4.0, 1.0, -4.5, 5.0, 15, nextToken()
8, 9581, -4.0, 1.0, -4.0, 0.0, 15, nextToken()
8, 9582, -4.0, 1.0, -4.0, 0.5, 15, nextToken()
8, 9583, -4.0, 1.0, -4.0, 1.0, 15, nextToken()
8, 9584, -4.0, 1.0, -4.0, 1.5, 15, nextToken()
8, 9585, -4.0, 1.0, -4.0, 2.0, 15, nextToken()
8, 9586, -4.0, 1.0, -4.0, 2.5, 15, nextToken()
8, 9587, -4.0, 1.0, -4.0, 3.0, 15, nextToken()
8, 9588, -4.0, 1.0, -4.0, 3.5, 15, nextToken()
8, 9589, -4.0, 1.0, -4.0, 4.0, 15, nextToken()
8, 9590, -4.0, 1.0, -4.0, 4.5, 15, nextToken()
8, 9591, -4.0, 1.0, -4.0, 5.0, 15, nextToken()
8, 9592, -4.0, 1.0, -3.5, 0.0, 15, nextToken()
8, 9593, -4.0, 1.0, -3.5, 0.5, 15, nextToken()
8, 9594, -4.0, 1.0, -3.5, 1.0, 15, nextToken()
8, 9595, -4.0, 1.0, -3.5, 1.5, 15, nextToken()
8, 9596, -4.0, 1.0, -3.5, 2.0, 15, nextToken()
8, 9597, -4.0, 1.0, -3.5, 2.5, 15, nextToken()
8, 9598, -4.0, 1.0, -3.5, 3.0, 15, nextToken()
8, 9599, -4.0, 1.0, -3.5, 3.5, 15, nextToken()
8, 9600, -4.0, 1.0, -3.5, 4.0, 15, nextToken()
8, 9601, -4.0, 1.0, -3.5, 4.5, 15, nextToken()
8, 9602, -4.0, 1.0, -3.5, 5.0, 15, nextToken()
8, 9603, -4.0, 1.0, -3.0, 0.0, 15, nextToken()
8, 9604, -4.0, 1.0, -3.0, 0.5, 15, nextToken()
8, 9605, -4.0, 1.0, -3.0, 1.0, 15, nextToken()
8, 9606, -4.0, 1.0, -3.0, 1.5, 15, nextToken()
8, 9607, -4.0, 1.0, -3.0, 2.0, 15, nextToken()
8, 9608, -4.0, 1.0, -3.0, 2.5, 15, nextToken()
8, 9609, -4.0, 1.0, -3.0, 3.0, 15, nextToken()
8, 9610, -4.0, 1.0, -3.0, 3.5, 15, nextToken()
8, 9611, -4.0, 1.0, -3.0, 4.0, 15, nextToken()
8, 9612, -4.0, 1.0, -3.0, 4.5, 15, nextToken()
8, 9613, -4.0, 1.0, -3.0, 5.0, 15, nextToken()
8, 9614, -4.0, 1.0, -2.5, 0.0, 15, nextToken()
8, 9615, -4.0, 1.0, -2.5, 0.5, 15, nextToken()
8, 9616, -4.0, 1.0, -2.5, 1.0, 15, nextToken()
8, 9617, -4.0, 1.0, -2.5, 1.5, 15, nextToken()
8, 9618, -4.0, 1.0, -2.5, 2.0, 15, nextToken()
8, 9619, -4.0, 1.0, -2.5, 2.5, 15, nextToken()
8, 9620, -4.0, 1.0, -2.5, 3.0, 15, nextToken()
8, 9621, -4.0, 1.0, -2.5, 3.5, 15, nextToken()
8, 9622, -4.0, 1.0, -2.5, 4.0, 15, nextToken()
8, 9623, -4.0, 1.0, -2.5, 4.5, 15, nextToken()
8, 9624, -4.0, 1.0, -2.5, 5.0, 15, nextToken()
8, 9625, -4.0, 1.0, -2.0, 0.0, 15, nextToken()
8, 9626, -4.0, 1.0, -2.0, 0.5, 15, nextToken()
8, 9627, -4.0, 1.0, -2.0, 1.0, 15, nextToken()
8, 9628, -4.0, 1.0, -2.0, 1.5, 15, nextToken()
8, 9629, -4.0, 1.0, -2.0, 2.0, 15, nextToken()
8, 9630, -4.0, 1.0, -2.0, 2.5, 15, nextToken()
8, 9631, -4.0, 1.0, -2.0, 3.0, 15, nextToken()
8, 9632, -4.0, 1.0, -2.0, 3.5, 15, nextToken()
8, 9633, -4.0, 1.0, -2.0, 4.0, 15, nextToken()
8, 9634, -4.0, 1.0, -2.0, 4.5, 15, nextToken()
8, 9635, -4.0, 1.0, -2.0, 5.0, 15, nextToken()
8, 9636, -4.0, 1.0, -1.5, 0.0, 15, nextToken()
8, 9637, -4.0, 1.0, -1.5, 0.5, 15, nextToken()
8, 9638, -4.0, 1.0, -1.5, 1.0, 15, nextToken()
8, 9639, -4.0, 1.0, -1.5, 1.5, 15, nextToken()
8, 9640, -4.0, 1.0, -1.5, 2.0, 15, nextToken()
8, 9641, -4.0, 1.0, -1.5, 2.5, 15, nextToken()
8, 9642, -4.0, 1.0, -1.5, 3.0, 15, nextToken()
8, 9643, -4.0, 1.0, -1.5, 3.5, 15, nextToken()
8, 9644, -4.0, 1.0, -1.5, 4.0, 15, nextToken()
8, 9645, -4.0, 1.0, -1.5, 4.5, 15, nextToken()
8, 9646, -4.0, 1.0, -1.5, 5.0, 15, nextToken()
8, 9647, -4.0, 1.0, -1.0, 0.0, 15, nextToken()
8, 9648, -4.0, 1.0, -1.0, 0.5, 15, nextToken()
8, 9649, -4.0, 1.0, -1.0, 1.0, 15, nextToken()
8, 9650, -4.0, 1.0, -1.0, 1.5, 15, nextToken()
8, 9651, -4.0, 1.0, -1.0, 2.0, 15, nextToken()
8, 9652, -4.0, 1.0, -1.0, 2.5, 15, nextToken()
8, 9653, -4.0, 1.0, -1.0, 3.0, 15, nextToken()
8, 9654, -4.0, 1.0, -1.0, 3.5, 15, nextToken()
8, 9655, -4.0, 1.0, -1.0, 4.0, 15, nextToken()
8, 9656, -4.0, 1.0, -1.0, 4.5, 15, nextToken()
8, 9657, -4.0, 1.0, -1.0, 5.0, 15, nextToken()
8, 9658, -4.0, 1.0, -0.5, 0.0, 15, nextToken()
8, 9659, -4.0, 1.0, -0.5, 0.5, 15, nextToken()
8, 9660, -4.0, 1.0, -0.5, 1.0, 15, nextToken()
8, 9661, -4.0, 1.0, -0.5, 1.5, 15, nextToken()
8, 9662, -4.0, 1.0, -0.5, 2.0, 15, nextToken()
8, 9663, -4.0, 1.0, -0.5, 2.5, 15, nextToken()
8, 9664, -4.0, 1.0, -0.5, 3.0, 15, nextToken()
8, 9665, -4.0, 1.0, -0.5, 3.5, 15, nextToken()
8, 9666, -4.0, 1.0, -0.5, 4.0, 15, nextToken()
8, 9667, -4.0, 1.0, -0.5, 4.5, 15, nextToken()
8, 9668, -4.0, 1.0, -0.5, 5.0, 11, message.nextToken()
8, 9669, -4.0, 1.0, 0.0, 0.0, 15, nextToken()
8, 9670, -4.0, 1.0, 0.0, 0.5, 15, nextToken()
8, 9671, -4.0, 1.0, 0.0, 1.0, 15, nextToken()
8, 9672, -4.0, 1.0, 0.0, 1.5, 15, nextToken()
8, 9673, -4.0, 1.0, 0.0, 2.0, 15, nextToken()
8, 9674, -4.0, 1.0, 0.0, 2.5, 15, nextToken()
8, 9675, -4.0, 1.0, 0.0, 3.0, 15, nextToken()
8, 9676, -4.0, 1.0, 0.0, 3.5, 15, nextToken()
8, 9677, -4.0, 1.0, 0.0, 4.0, 15, nextToken()
8, 9678, -4.0, 1.0, 0.0, 4.5, 11, message.nextToken()
8, 9679, -4.0, 1.0, 0.0, 5.0, 11, message.nextToken()
8, 9680, -3.5, 1.0, -5.0, 0.0, 15, nextToken()
8, 9681, -3.5, 1.0, -5.0, 0.5, 15, nextToken()
8, 9682, -3.5, 1.0, -5.0, 1.0, 15, nextToken()
8, 9683, -3.5, 1.0, -5.0, 1.5, 15, nextToken()
8, 9684, -3.5, 1.0, -5.0, 2.0, 15, nextToken()
8, 9685, -3.5, 1.0, -5.0, 2.5, 15, nextToken()
8, 9686, -3.5, 1.0, -5.0, 3.0, 15, nextToken()
8, 9687, -3.5, 1.0, -5.0, 3.5, 15, nextToken()
8, 9688, -3.5, 1.0, -5.0, 4.0, 15, nextToken()
8, 9689, -3.5, 1.0, -5.0, 4.5, 9, Byte.decode(st.nextToken())
8, 9690, -3.5, 1.0, -5.0, 5.0, 9, Byte.decode(st.nextToken())
8, 9691, -3.5, 1.0, -4.5, 0.0, 15, nextToken()
8, 9692, -3.5, 1.0, -4.5, 0.5, 15, nextToken()
8, 9693, -3.5, 1.0, -4.5, 1.0, 15, nextToken()
8, 9694, -3.5, 1.0, -4.5, 1.5, 15, nextToken()
8, 9695, -3.5, 1.0, -4.5, 2.0, 15, nextToken()
8, 9696, -3.5, 1.0, -4.5, 2.5, 15, nextToken()
8, 9697, -3.5, 1.0, -4.5, 3.0, 15, nextToken()
8, 9698, -3.5, 1.0, -4.5, 3.5, 15, nextToken()
8, 9699, -3.5, 1.0, -4.5, 4.0, 15, nextToken()
8, 9700, -3.5, 1.0, -4.5, 4.5, 9, Byte.decode(st.nextToken())
8, 9701, -3.5, 1.0, -4.5, 5.0, 9, Byte.decode(st.nextToken())
8, 9702, -3.5, 1.0, -4.0, 0.0, 15, nextToken()
8, 9703, -3.5, 1.0, -4.0, 0.5, 15, nextToken()
8, 9704, -3.5, 1.0, -4.0, 1.0, 15, nextToken()
8, 9705, -3.5, 1.0, -4.0, 1.5, 15, nextToken()
8, 9706, -3.5, 1.0, -4.0, 2.0, 15, nextToken()
8, 9707, -3.5, 1.0, -4.0, 2.5, 15, nextToken()
8, 9708, -3.5, 1.0, -4.0, 3.0, 15, nextToken()
8, 9709, -3.5, 1.0, -4.0, 3.5, 15, nextToken()
8, 9710, -3.5, 1.0, -4.0, 4.0, 15, nextToken()
8, 9711, -3.5, 1.0, -4.0, 4.5, 9, Byte.decode(st.nextToken())
8, 9712, -3.5, 1.0, -4.0, 5.0, 9, Byte.decode(st.nextToken())
8, 9713, -3.5, 1.0, -3.5, 0.0, 15, nextToken()
8, 9714, -3.5, 1.0, -3.5, 0.5, 15, nextToken()
8, 9715, -3.5, 1.0, -3.5, 1.0, 15, nextToken()
8, 9716, -3.5, 1.0, -3.5, 1.5, 15, nextToken()
8, 9717, -3.5, 1.0, -3.5, 2.0, 15, nextToken()
8, 9718, -3.5, 1.0, -3.5, 2.5, 15, nextToken()
8, 9719, -3.5, 1.0, -3.5, 3.0, 15, nextToken()
8, 9720, -3.5, 1.0, -3.5, 3.5, 15, nextToken()
8, 9721, -3.5, 1.0, -3.5, 4.0, 15, nextToken()
8, 9722, -3.5, 1.0, -3.5, 4.5, 9, Byte.decode(st.nextToken())
8, 9723, -3.5, 1.0, -3.5, 5.0, 9, Byte.decode(st.nextToken())
8, 9724, -3.5, 1.0, -3.0, 0.0, 15, nextToken()
8, 9725, -3.5, 1.0, -3.0, 0.5, 15, nextToken()
8, 9726, -3.5, 1.0, -3.0, 1.0, 15, nextToken()
8, 9727, -3.5, 1.0, -3.0, 1.5, 15, nextToken()
8, 9728, -3.5, 1.0, -3.0, 2.0, 15, nextToken()
8, 9729, -3.5, 1.0, -3.0, 2.5, 15, nextToken()
8, 9730, -3.5, 1.0, -3.0, 3.0, 15, nextToken()
8, 9731, -3.5, 1.0, -3.0, 3.5, 15, nextToken()
8, 9732, -3.5, 1.0, -3.0, 4.0, 15, nextToken()
8, 9733, -3.5, 1.0, -3.0, 4.5, 9, Byte.decode(st.nextToken())
8, 9734, -3.5, 1.0, -3.0, 5.0, 9, Byte.decode(st.nextToken())
8, 9735, -3.5, 1.0, -2.5, 0.0, 15, nextToken()
8, 9736, -3.5, 1.0, -2.5, 0.5, 15, nextToken()
8, 9737, -3.5, 1.0, -2.5, 1.0, 15, nextToken()
8, 9738, -3.5, 1.0, -2.5, 1.5, 15, nextToken()
8, 9739, -3.5, 1.0, -2.5, 2.0, 15, nextToken()
8, 9740, -3.5, 1.0, -2.5, 2.5, 15, nextToken()
8, 9741, -3.5, 1.0, -2.5, 3.0, 15, nextToken()
8, 9742, -3.5, 1.0, -2.5, 3.5, 15, nextToken()
8, 9743, -3.5, 1.0, -2.5, 4.0, 15, nextToken()
8, 9744, -3.5, 1.0, -2.5, 4.5, 9, Byte.decode(st.nextToken())
8, 9745, -3.5, 1.0, -2.5, 5.0, 9, Byte.decode(st.nextToken())
8, 9746, -3.5, 1.0, -2.0, 0.0, 15, nextToken()
8, 9747, -3.5, 1.0, -2.0, 0.5, 15, nextToken()
8, 9748, -3.5, 1.0, -2.0, 1.0, 15, nextToken()
8, 9749, -3.5, 1.0, -2.0, 1.5, 15, nextToken()
8, 9750, -3.5, 1.0, -2.0, 2.0, 15, nextToken()
8, 9751, -3.5, 1.0, -2.0, 2.5, 15, nextToken()
8, 9752, -3.5, 1.0, -2.0, 3.0, 15, nextToken()
8, 9753, -3.5, 1.0, -2.0, 3.5, 15, nextToken()
8, 9754, -3.5, 1.0, -2.0, 4.0, 15, nextToken()
8, 9755, -3.5, 1.0, -2.0, 4.5, 9, Byte.decode(st.nextToken())
8, 9756, -3.5, 1.0, -2.0, 5.0, 9, Byte.decode(st.nextToken())
8, 9757, -3.5, 1.0, -1.5, 0.0, 15, nextToken()
8, 9758, -3.5, 1.0, -1.5, 0.5, 15, nextToken()
8, 9759, -3.5, 1.0, -1.5, 1.0, 15, nextToken()
8, 9760, -3.5, 1.0, -1.5, 1.5, 15, nextToken()
8, 9761, -3.5, 1.0, -1.5, 2.0, 15, nextToken()
8, 9762, -3.5, 1.0, -1.5, 2.5, 15, nextToken()
8, 9763, -3.5, 1.0, -1.5, 3.0, 15, nextToken()
8, 9764, -3.5, 1.0, -1.5, 3.5, 15, nextToken()
8, 9765, -3.5, 1.0, -1.5, 4.0, 15, nextToken()
8, 9766, -3.5, 1.0, -1.5, 4.5, 9, Byte.decode(st.nextToken())
8, 9767, -3.5, 1.0, -1.5, 5.0, 12, st.nextToken()
8, 9768, -3.5, 1.0, -1.0, 0.0, 15, nextToken()
8, 9769, -3.5, 1.0, -1.0, 0.5, 15, nextToken()
8, 9770, -3.5, 1.0, -1.0, 1.0, 15, nextToken()
8, 9771, -3.5, 1.0, -1.0, 1.5, 15, nextToken()
8, 9772, -3.5, 1.0, -1.0, 2.0, 15, nextToken()
8, 9773, -3.5, 1.0, -1.0, 2.5, 15, nextToken()
8, 9774, -3.5, 1.0, -1.0, 3.0, 15, nextToken()
8, 9775, -3.5, 1.0, -1.0, 3.5, 15, nextToken()
8, 9776, -3.5, 1.0, -1.0, 4.0, 15, nextToken()
8, 9777, -3.5, 1.0, -1.0, 4.5, 12, st.nextToken()
8, 9778, -3.5, 1.0, -1.0, 5.0, 12, st.nextToken()
8, 9779, -3.5, 1.0, -0.5, 0.0, 15, nextToken()
8, 9780, -3.5, 1.0, -0.5, 0.5, 15, nextToken()
8, 9781, -3.5, 1.0, -0.5, 1.0, 15, nextToken()
8, 9782, -3.5, 1.0, -0.5, 1.5, 15, nextToken()
8, 9783, -3.5, 1.0, -0.5, 2.0, 15, nextToken()
8, 9784, -3.5, 1.0, -0.5, 2.5, 15, nextToken()
8, 9785, -3.5, 1.0, -0.5, 3.0, 15, nextToken()
8, 9786, -3.5, 1.0, -0.5, 3.5, 15, nextToken()
8, 9787, -3.5, 1.0, -0.5, 4.0, 15, nextToken()
8, 9788, -3.5, 1.0, -0.5, 4.5, 12, st.nextToken()
8, 9789, -3.5, 1.0, -0.5, 5.0, 12, st.nextToken()
8, 9790, -3.5, 1.0, 0.0, 0.0, 15, nextToken()
8, 9791, -3.5, 1.0, 0.0, 0.5, 15, nextToken()
8, 9792, -3.5, 1.0, 0.0, 1.0, 15, nextToken()
8, 9793, -3.5, 1.0, 0.0, 1.5, 15, nextToken()
8, 9794, -3.5, 1.0, 0.0, 2.0, 15, nextToken()
8, 9795, -3.5, 1.0, 0.0, 2.5, 15, nextToken()
8, 9796, -3.5, 1.0, 0.0, 3.0, 15, nextToken()
8, 9797, -3.5, 1.0, 0.0, 3.5, 15, nextToken()
8, 9798, -3.5, 1.0, 0.0, 4.0, 11, message.nextToken()
8, 9799, -3.5, 1.0, 0.0, 4.5, 12, st.nextToken()
8, 9800, -3.5, 1.0, 0.0, 5.0, 12, st.nextToken()
8, 9801, -3.0, 1.0, -5.0, 0.0, 15, nextToken()
8, 9802, -3.0, 1.0, -5.0, 0.5, 15, nextToken()
8, 9803, -3.0, 1.0, -5.0, 1.0, 15, nextToken()
8, 9804, -3.0, 1.0, -5.0, 1.5, 15, nextToken()
8, 9805, -3.0, 1.0, -5.0, 2.0, 15, nextToken()
8, 9806, -3.0, 1.0, -5.0, 2.5, 15, nextToken()
8, 9807, -3.0, 1.0, -5.0, 3.0, 15, nextToken()
8, 9808, -3.0, 1.0, -5.0, 3.5, 9, Byte.decode(st.nextToken())
8, 9809, -3.0, 1.0, -5.0, 4.0, 9, Byte.decode(st.nextToken())
8, 9810, -3.0, 1.0, -5.0, 4.5, 0, tokens.add(st.nextToken())
8, 9811, -3.0, 1.0, -5.0, 5.0, 0, tokens.add(st.nextToken())
8, 9812, -3.0, 1.0, -4.5, 0.0, 15, nextToken()
8, 9813, -3.0, 1.0, -4.5, 0.5, 15, nextToken()
8, 9814, -3.0, 1.0, -4.5, 1.0, 15, nextToken()
8, 9815, -3.0, 1.0, -4.5, 1.5, 15, nextToken()
8, 9816, -3.0, 1.0, -4.5, 2.0, 15, nextToken()
8, 9817, -3.0, 1.0, -4.5, 2.5, 15, nextToken()
8, 9818, -3.0, 1.0, -4.5, 3.0, 15, nextToken()
8, 9819, -3.0, 1.0, -4.5, 3.5, 9, Byte.decode(st.nextToken())
8, 9820, -3.0, 1.0, -4.5, 4.0, 9, Byte.decode(st.nextToken())
8, 9821, -3.0, 1.0, -4.5, 4.5, 0, tokens.add(st.nextToken())
8, 9822, -3.0, 1.0, -4.5, 5.0, 0, tokens.add(st.nextToken())
8, 9823, -3.0, 1.0, -4.0, 0.0, 15, nextToken()
8, 9824, -3.0, 1.0, -4.0, 0.5, 15, nextToken()
8, 9825, -3.0, 1.0, -4.0, 1.0, 15, nextToken()
8, 9826, -3.0, 1.0, -4.0, 1.5, 15, nextToken()
8, 9827, -3.0, 1.0, -4.0, 2.0, 15, nextToken()
8, 9828, -3.0, 1.0, -4.0, 2.5, 15, nextToken()
8, 9829, -3.0, 1.0, -4.0, 3.0, 15, nextToken()
8, 9830, -3.0, 1.0, -4.0, 3.5, 9, Byte.decode(st.nextToken())
8, 9831, -3.0, 1.0, -4.0, 4.0, 9, Byte.decode(st.nextToken())
8, 9832, -3.0, 1.0, -4.0, 4.5, 0, tokens.add(st.nextToken())
8, 9833, -3.0, 1.0, -4.0, 5.0, 0, tokens.add(st.nextToken())
8, 9834, -3.0, 1.0, -3.5, 0.0, 15, nextToken()
8, 9835, -3.0, 1.0, -3.5, 0.5, 15, nextToken()
8, 9836, -3.0, 1.0, -3.5, 1.0, 15, nextToken()
8, 9837, -3.0, 1.0, -3.5, 1.5, 15, nextToken()
8, 9838, -3.0, 1.0, -3.5, 2.0, 15, nextToken()
8, 9839, -3.0, 1.0, -3.5, 2.5, 15, nextToken()
8, 9840, -3.0, 1.0, -3.5, 3.0, 15, nextToken()
8, 9841, -3.0, 1.0, -3.5, 3.5, 9, Byte.decode(st.nextToken())
8, 9842, -3.0, 1.0, -3.5, 4.0, 9, Byte.decode(st.nextToken())
8, 9843, -3.0, 1.0, -3.5, 4.5, 0, tokens.add(st.nextToken())
8, 9844, -3.0, 1.0, -3.5, 5.0, 0, tokens.add(st.nextToken())
8, 9845, -3.0, 1.0, -3.0, 0.0, 15, nextToken()
8, 9846, -3.0, 1.0, -3.0, 0.5, 15, nextToken()
8, 9847, -3.0, 1.0, -3.0, 1.0, 15, nextToken()
8, 9848, -3.0, 1.0, -3.0, 1.5, 15, nextToken()
8, 9849, -3.0, 1.0, -3.0, 2.0, 15, nextToken()
8, 9850, -3.0, 1.0, -3.0, 2.5, 15, nextToken()
8, 9851, -3.0, 1.0, -3.0, 3.0, 15, nextToken()
8, 9852, -3.0, 1.0, -3.0, 3.5, 9, Byte.decode(st.nextToken())
8, 9853, -3.0, 1.0, -3.0, 4.0, 9, Byte.decode(st.nextToken())
8, 9854, -3.0, 1.0, -3.0, 4.5, 0, tokens.add(st.nextToken())
8, 9855, -3.0, 1.0, -3.0, 5.0, 0, tokens.add(st.nextToken())
8, 9856, -3.0, 1.0, -2.5, 0.0, 15, nextToken()
8, 9857, -3.0, 1.0, -2.5, 0.5, 15, nextToken()
8, 9858, -3.0, 1.0, -2.5, 1.0, 15, nextToken()
8, 9859, -3.0, 1.0, -2.5, 1.5, 15, nextToken()
8, 9860, -3.0, 1.0, -2.5, 2.0, 15, nextToken()
8, 9861, -3.0, 1.0, -2.5, 2.5, 15, nextToken()
8, 9862, -3.0, 1.0, -2.5, 3.0, 15, nextToken()
8, 9863, -3.0, 1.0, -2.5, 3.5, 9, Byte.decode(st.nextToken())
8, 9864, -3.0, 1.0, -2.5, 4.0, 9, Byte.decode(st.nextToken())
8, 9865, -3.0, 1.0, -2.5, 4.5, 0, tokens.add(st.nextToken())
8, 9866, -3.0, 1.0, -2.5, 5.0, 0, tokens.add(st.nextToken())
8, 9867, -3.0, 1.0, -2.0, 0.0, 15, nextToken()
8, 9868, -3.0, 1.0, -2.0, 0.5, 15, nextToken()
8, 9869, -3.0, 1.0, -2.0, 1.0, 15, nextToken()
8, 9870, -3.0, 1.0, -2.0, 1.5, 15, nextToken()
8, 9871, -3.0, 1.0, -2.0, 2.0, 15, nextToken()
8, 9872, -3.0, 1.0, -2.0, 2.5, 15, nextToken()
8, 9873, -3.0, 1.0, -2.0, 3.0, 15, nextToken()
8, 9874, -3.0, 1.0, -2.0, 3.5, 9, Byte.decode(st.nextToken())
8, 9875, -3.0, 1.0, -2.0, 4.0, 9, Byte.decode(st.nextToken())
8, 9876, -3.0, 1.0, -2.0, 4.5, 0, tokens.add(st.nextToken())
8, 9877, -3.0, 1.0, -2.0, 5.0, 7, tokens.add(st.nextToken(message))
8, 9878, -3.0, 1.0, -1.5, 0.0, 15, nextToken()
8, 9879, -3.0, 1.0, -1.5, 0.5, 15, nextToken()
8, 9880, -3.0, 1.0, -1.5, 1.0, 15, nextToken()
8, 9881, -3.0, 1.0, -1.5, 1.5, 15, nextToken()
8, 9882, -3.0, 1.0, -1.5, 2.0, 15, nextToken()
8, 9883, -3.0, 1.0, -1.5, 2.5, 15, nextToken()
8, 9884, -3.0, 1.0, -1.5, 3.0, 15, nextToken()
8, 9885, -3.0, 1.0, -1.5, 3.5, 9, Byte.decode(st.nextToken())
8, 9886, -3.0, 1.0, -1.5, 4.0, 9, Byte.decode(st.nextToken())
8, 9887, -3.0, 1.0, -1.5, 4.5, 7, tokens.add(st.nextToken(message))
8, 9888, -3.0, 1.0, -1.5, 5.0, 7, tokens.add(st.nextToken(message))
8, 9889, -3.0, 1.0, -1.0, 0.0, 15, nextToken()
8, 9890, -3.0, 1.0, -1.0, 0.5, 15, nextToken()
8, 9891, -3.0, 1.0, -1.0, 1.0, 15, nextToken()
8, 9892, -3.0, 1.0, -1.0, 1.5, 15, nextToken()
8, 9893, -3.0, 1.0, -1.0, 2.0, 15, nextToken()
8, 9894, -3.0, 1.0, -1.0, 2.5, 15, nextToken()
8, 9895, -3.0, 1.0, -1.0, 3.0, 15, nextToken()
8, 9896, -3.0, 1.0, -1.0, 3.5, 9, Byte.decode(st.nextToken())
8, 9897, -3.0, 1.0, -1.0, 4.0, 12, st.nextToken()
8, 9898, -3.0, 1.0, -1.0, 4.5, 7, tokens.add(st.nextToken(message))
8, 9899, -3.0, 1.0, -1.0, 5.0, 7, tokens.add(st.nextToken(message))
8, 9900, -3.0, 1.0, -0.5, 0.0, 15, nextToken()
8, 9901, -3.0, 1.0, -0.5, 0.5, 15, nextToken()
8, 9902, -3.0, 1.0, -0.5, 1.0, 15, nextToken()
8, 9903, -3.0, 1.0, -0.5, 1.5, 15, nextToken()
8, 9904, -3.0, 1.0, -0.5, 2.0, 15, nextToken()
8, 9905, -3.0, 1.0, -0.5, 2.5, 15, nextToken()
8, 9906, -3.0, 1.0, -0.5, 3.0, 15, nextToken()
8, 9907, -3.0, 1.0, -0.5, 3.5, 12, st.nextToken()
8, 9908, -3.0, 1.0, -0.5, 4.0, 12, st.nextToken()
8, 9909, -3.0, 1.0, -0.5, 4.5, 12, st.nextToken()
8, 9910, -3.0, 1.0, -0.5, 5.0, 12, st.nextToken()
8, 9911, -3.0, 1.0, 0.0, 0.0, 15, nextToken()
8, 9912, -3.0, 1.0, 0.0, 0.5, 15, nextToken()
8, 9913, -3.0, 1.0, 0.0, 1.0, 15, nextToken()
8, 9914, -3.0, 1.0, 0.0, 1.5, 15, nextToken()
8, 9915, -3.0, 1.0, 0.0, 2.0, 15, nextToken()
8, 9916, -3.0, 1.0, 0.0, 2.5, 15, nextToken()
8, 9917, -3.0, 1.0, 0.0, 3.0, 15, nextToken()
8, 9918, -3.0, 1.0, 0.0, 3.5, 12, st.nextToken()
8, 9919, -3.0, 1.0, 0.0, 4.0, 12, st.nextToken()
8, 9920, -3.0, 1.0, 0.0, 4.5, 12, st.nextToken()
8, 9921, -3.0, 1.0, 0.0, 5.0, 12, st.nextToken()
8, 9922, -2.5, 1.0, -5.0, 0.0, 15, nextToken()
8, 9923, -2.5, 1.0, -5.0, 0.5, 15, nextToken()
8, 9924, -2.5, 1.0, -5.0, 1.0, 15, nextToken()
8, 9925, -2.5, 1.0, -5.0, 1.5, 15, nextToken()
8, 9926, -2.5, 1.0, -5.0, 2.0, 15, nextToken()
8, 9927, -2.5, 1.0, -5.0, 2.5, 9, Byte.decode(st.nextToken())
8, 9928, -2.5, 1.0, -5.0, 3.0, 9, Byte.decode(st.nextToken())
8, 9929, -2.5, 1.0, -5.0, 3.5, 0, tokens.add(st.nextToken())
8, 9930, -2.5, 1.0, -5.0, 4.0, 0, tokens.add(st.nextToken())
8, 9931, -2.5, 1.0, -5.0, 4.5, 0, tokens.add(st.nextToken())
8, 9932, -2.5, 1.0, -5.0, 5.0, 0, tokens.add(st.nextToken())
8, 9933, -2.5, 1.0, -4.5, 0.0, 15, nextToken()
8, 9934, -2.5, 1.0, -4.5, 0.5, 15, nextToken()
8, 9935, -2.5, 1.0, -4.5, 1.0, 15, nextToken()
8, 9936, -2.5, 1.0, -4.5, 1.5, 15, nextToken()
8, 9937, -2.5, 1.0, -4.5, 2.0, 15, nextToken()
8, 9938, -2.5, 1.0, -4.5, 2.5, 9, Byte.decode(st.nextToken())
8, 9939, -2.5, 1.0, -4.5, 3.0, 9, Byte.decode(st.nextToken())
8, 9940, -2.5, 1.0, -4.5, 3.5, 0, tokens.add(st.nextToken())
8, 9941, -2.5, 1.0, -4.5, 4.0, 0, tokens.add(st.nextToken())
8, 9942, -2.5, 1.0, -4.5, 4.5, 0, tokens.add(st.nextToken())
8, 9943, -2.5, 1.0, -4.5, 5.0, 0, tokens.add(st.nextToken())
8, 9944, -2.5, 1.0, -4.0, 0.0, 15, nextToken()
8, 9945, -2.5, 1.0, -4.0, 0.5, 15, nextToken()
8, 9946, -2.5, 1.0, -4.0, 1.0, 15, nextToken()
8, 9947, -2.5, 1.0, -4.0, 1.5, 15, nextToken()
8, 9948, -2.5, 1.0, -4.0, 2.0, 15, nextToken()
8, 9949, -2.5, 1.0, -4.0, 2.5, 9, Byte.decode(st.nextToken())
8, 9950, -2.5, 1.0, -4.0, 3.0, 9, Byte.decode(st.nextToken())
8, 9951, -2.5, 1.0, -4.0, 3.5, 0, tokens.add(st.nextToken())
8, 9952, -2.5, 1.0, -4.0, 4.0, 0, tokens.add(st.nextToken())
8, 9953, -2.5, 1.0, -4.0, 4.5, 0, tokens.add(st.nextToken())
8, 9954, -2.5, 1.0, -4.0, 5.0, 0, tokens.add(st.nextToken())
8, 9955, -2.5, 1.0, -3.5, 0.0, 15, nextToken()
8, 9956, -2.5, 1.0, -3.5, 0.5, 15, nextToken()
8, 9957, -2.5, 1.0, -3.5, 1.0, 15, nextToken()
8, 9958, -2.5, 1.0, -3.5, 1.5, 15, nextToken()
8, 9959, -2.5, 1.0, -3.5, 2.0, 15, nextToken()
8, 9960, -2.5, 1.0, -3.5, 2.5, 9, Byte.decode(st.nextToken())
8, 9961, -2.5, 1.0, -3.5, 3.0, 9, Byte.decode(st.nextToken())
8, 9962, -2.5, 1.0, -3.5, 3.5, 0, tokens.add(st.nextToken())
8, 9963, -2.5, 1.0, -3.5, 4.0, 0, tokens.add(st.nextToken())
8, 9964, -2.5, 1.0, -3.5, 4.5, 0, tokens.add(st.nextToken())
8, 9965, -2.5, 1.0, -3.5, 5.0, 0, tokens.add(st.nextToken())
8, 9966, -2.5, 1.0, -3.0, 0.0, 15, nextToken()
8, 9967, -2.5, 1.0, -3.0, 0.5, 15, nextToken()
8, 9968, -2.5, 1.0, -3.0, 1.0, 15, nextToken()
8, 9969, -2.5, 1.0, -3.0, 1.5, 15, nextToken()
8, 9970, -2.5, 1.0, -3.0, 2.0, 15, nextToken()
8, 9971, -2.5, 1.0, -3.0, 2.5, 9, Byte.decode(st.nextToken())
8, 9972, -2.5, 1.0, -3.0, 3.0, 9, Byte.decode(st.nextToken())
8, 9973, -2.5, 1.0, -3.0, 3.5, 0, tokens.add(st.nextToken())
8, 9974, -2.5, 1.0, -3.0, 4.0, 0, tokens.add(st.nextToken())
8, 9975, -2.5, 1.0, -3.0, 4.5, 0, tokens.add(st.nextToken())
8, 9976, -2.5, 1.0, -3.0, 5.0, 0, tokens.add(st.nextToken())
8, 9977, -2.5, 1.0, -2.5, 0.0, 15, nextToken()
8, 9978, -2.5, 1.0, -2.5, 0.5, 15, nextToken()
8, 9979, -2.5, 1.0, -2.5, 1.0, 15, nextToken()
8, 9980, -2.5, 1.0, -2.5, 1.5, 15, nextToken()
8, 9981, -2.5, 1.0, -2.5, 2.0, 15, nextToken()
8, 9982, -2.5, 1.0, -2.5, 2.5, 9, Byte.decode(st.nextToken())
8, 9983, -2.5, 1.0, -2.5, 3.0, 9, Byte.decode(st.nextToken())
8, 9984, -2.5, 1.0, -2.5, 3.5, 0, tokens.add(st.nextToken())
8, 9985, -2.5, 1.0, -2.5, 4.0, 0, tokens.add(st.nextToken())
8, 9986, -2.5, 1.0, -2.5, 4.5, 0, tokens.add(st.nextToken())
8, 9987, -2.5, 1.0, -2.5, 5.0, 7, tokens.add(st.nextToken(message))
8, 9988, -2.5, 1.0, -2.0, 0.0, 15, nextToken()
8, 9989, -2.5, 1.0, -2.0, 0.5, 15, nextToken()
8, 9990, -2.5, 1.0, -2.0, 1.0, 15, nextToken()
8, 9991, -2.5, 1.0, -2.0, 1.5, 15, nextToken()
8, 9992, -2.5, 1.0, -2.0, 2.0, 15, nextToken()
8, 9993, -2.5, 1.0, -2.0, 2.5, 9, Byte.decode(st.nextToken())
8, 9994, -2.5, 1.0, -2.0, 3.0, 9, Byte.decode(st.nextToken())
8, 9995, -2.5, 1.0, -2.0, 3.5, 0, tokens.add(st.nextToken())
8, 9996, -2.5, 1.0, -2.0, 4.0, 0, tokens.add(st.nextToken())
8, 9997, -2.5, 1.0, -2.0, 4.5, 7, tokens.add(st.nextToken(message))
8, 9998, -2.5, 1.0, -2.0, 5.0, 7, tokens.add(st.nextToken(message))
8, 9999, -2.5, 1.0, -1.5, 0.0, 15, nextToken()
8, 10000, -2.5, 1.0, -1.5, 0.5, 15, nextToken()
8, 10001, -2.5, 1.0, -1.5, 1.0, 15, nextToken()
8, 10002, -2.5, 1.0, -1.5, 1.5, 15, nextToken()
8, 10003, -2.5, 1.0, -1.5, 2.0, 15, nextToken()
8, 10004, -2.5, 1.0, -1.5, 2.5, 9, Byte.decode(st.nextToken())
8, 10005, -2.5, 1.0, -1.5, 3.0, 9, Byte.decode(st.nextToken())
8, 10006, -2.5, 1.0, -1.5, 3.5, 0, tokens.add(st.nextToken())
8, 10007, -2.5, 1.0, -1.5, 4.0, 7, tokens.add(st.nextToken(message))
8, 10008, -2.5, 1.0, -1.5, 4.5, 7, tokens.add(st.nextToken(message))
8, 10009, -2.5, 1.0, -1.5, 5.0, 7, tokens.add(st.nextToken(message))
8, 10010, -2.5, 1.0, -1.0, 0.0, 15, nextToken()
8, 10011, -2.5, 1.0, -1.0, 0.5, 15, nextToken()
8, 10012, -2.5, 1.0, -1.0, 1.0, 15, nextToken()
8, 10013, -2.5, 1.0, -1.0, 1.5, 15, nextToken()
8, 10014, -2.5, 1.0, -1.0, 2.0, 15, nextToken()
8, 10015, -2.5, 1.0, -1.0, 2.5, 9, Byte.decode(st.nextToken())
8, 10016, -2.5, 1.0, -1.0, 3.0, 9, Byte.decode(st.nextToken())
8, 10017, -2.5, 1.0, -1.0, 3.5, 7, tokens.add(st.nextToken(message))
8, 10018, -2.5, 1.0, -1.0, 4.0, 7, tokens.add(st.nextToken(message))
8, 10019, -2.5, 1.0, -1.0, 4.5, 7, tokens.add(st.nextToken(message))
8, 10020, -2.5, 1.0, -1.0, 5.0, 12, st.nextToken()
8, 10021, -2.5, 1.0, -0.5, 0.0, 15, nextToken()
8, 10022, -2.5, 1.0, -0.5, 0.5, 15, nextToken()
8, 10023, -2.5, 1.0, -0.5, 1.0, 15, nextToken()
8, 10024, -2.5, 1.0, -0.5, 1.5, 15, nextToken()
8, 10025, -2.5, 1.0, -0.5, 2.0, 15, nextToken()
8, 10026, -2.5, 1.0, -0.5, 2.5, 9, Byte.decode(st.nextToken())
8, 10027, -2.5, 1.0, -0.5, 3.0, 12, st.nextToken()
8, 10028, -2.5, 1.0, -0.5, 3.5, 7, tokens.add(st.nextToken(message))
8, 10029, -2.5, 1.0, -0.5, 4.0, 12, st.nextToken()
8, 10030, -2.5, 1.0, -0.5, 4.5, 12, st.nextToken()
8, 10031, -2.5, 1.0, -0.5, 5.0, 12, st.nextToken()
8, 10032, -2.5, 1.0, 0.0, 0.0, 15, nextToken()
8, 10033, -2.5, 1.0, 0.0, 0.5, 15, nextToken()
8, 10034, -2.5, 1.0, 0.0, 1.0, 15, nextToken()
8, 10035, -2.5, 1.0, 0.0, 1.5, 15, nextToken()
8, 10036, -2.5, 1.0, 0.0, 2.0, 15, nextToken()
8, 10037, -2.5, 1.0, 0.0, 2.5, 12, st.nextToken()
8, 10038, -2.5, 1.0, 0.0, 3.0, 12, st.nextToken()
8, 10039, -2.5, 1.0, 0.0, 3.5, 12, st.nextToken()
8, 10040, -2.5, 1.0, 0.0, 4.0, 12, st.nextToken()
8, 10041, -2.5, 1.0, 0.0, 4.5, 12, st.nextToken()
8, 10042, -2.5, 1.0, 0.0, 5.0, 12, st.nextToken()
8, 10043, -2.0, 1.0, -5.0, 0.0, 15, nextToken()
8, 10044, -2.0, 1.0, -5.0, 0.5, 15, nextToken()
8, 10045, -2.0, 1.0, -5.0, 1.0, 15, nextToken()
8, 10046, -2.0, 1.0, -5.0, 1.5, 9, Byte.decode(st.nextToken())
8, 10047, -2.0, 1.0, -5.0, 2.0, 9, Byte.decode(st.nextToken())
8, 10048, -2.0, 1.0, -5.0, 2.5, 0, tokens.add(st.nextToken())
8, 10049, -2.0, 1.0, -5.0, 3.0, 0, tokens.add(st.nextToken())
8, 10050, -2.0, 1.0, -5.0, 3.5, 0, tokens.add(st.nextToken())
8, 10051, -2.0, 1.0, -5.0, 4.0, 0, tokens.add(st.nextToken())
8, 10052, -2.0, 1.0, -5.0, 4.5, 0, tokens.add(st.nextToken())
8, 10053, -2.0, 1.0, -5.0, 5.0, 0, tokens.add(st.nextToken())
8, 10054, -2.0, 1.0, -4.5, 0.0, 15, nextToken()
8, 10055, -2.0, 1.0, -4.5, 0.5, 15, nextToken()
8, 10056, -2.0, 1.0, -4.5, 1.0, 15, nextToken()
8, 10057, -2.0, 1.0, -4.5, 1.5, 9, Byte.decode(st.nextToken())
8, 10058, -2.0, 1.0, -4.5, 2.0, 9, Byte.decode(st.nextToken())
8, 10059, -2.0, 1.0, -4.5, 2.5, 0, tokens.add(st.nextToken())
8, 10060, -2.0, 1.0, -4.5, 3.0, 0, tokens.add(st.nextToken())
8, 10061, -2.0, 1.0, -4.5, 3.5, 0, tokens.add(st.nextToken())
8, 10062, -2.0, 1.0, -4.5, 4.0, 0, tokens.add(st.nextToken())
8, 10063, -2.0, 1.0, -4.5, 4.5, 0, tokens.add(st.nextToken())
8, 10064, -2.0, 1.0, -4.5, 5.0, 0, tokens.add(st.nextToken())
8, 10065, -2.0, 1.0, -4.0, 0.0, 15, nextToken()
8, 10066, -2.0, 1.0, -4.0, 0.5, 15, nextToken()
8, 10067, -2.0, 1.0, -4.0, 1.0, 15, nextToken()
8, 10068, -2.0, 1.0, -4.0, 1.5, 9, Byte.decode(st.nextToken())
8, 10069, -2.0, 1.0, -4.0, 2.0, 9, Byte.decode(st.nextToken())
8, 10070, -2.0, 1.0, -4.0, 2.5, 0, tokens.add(st.nextToken())
8, 10071, -2.0, 1.0, -4.0, 3.0, 0, tokens.add(st.nextToken())
8, 10072, -2.0, 1.0, -4.0, 3.5, 0, tokens.add(st.nextToken())
8, 10073, -2.0, 1.0, -4.0, 4.0, 0, tokens.add(st.nextToken())
8, 10074, -2.0, 1.0, -4.0, 4.5, 0, tokens.add(st.nextToken())
8, 10075, -2.0, 1.0, -4.0, 5.0, 0, tokens.add(st.nextToken())
8, 10076, -2.0, 1.0, -3.5, 0.0, 15, nextToken()
8, 10077, -2.0, 1.0, -3.5, 0.5, 15, nextToken()
8, 10078, -2.0, 1.0, -3.5, 1.0, 15, nextToken()
8, 10079, -2.0, 1.0, -3.5, 1.5, 9, Byte.decode(st.nextToken())
8, 10080, -2.0, 1.0, -3.5, 2.0, 9, Byte.decode(st.nextToken())
8, 10081, -2.0, 1.0, -3.5, 2.5, 0, tokens.add(st.nextToken())
8, 10082, -2.0, 1.0, -3.5, 3.0, 0, tokens.add(st.nextToken())
8, 10083, -2.0, 1.0, -3.5, 3.5, 0, tokens.add(st.nextToken())
8, 10084, -2.0, 1.0, -3.5, 4.0, 0, tokens.add(st.nextToken())
8, 10085, -2.0, 1.0, -3.5, 4.5, 0, tokens.add(st.nextToken())
8, 10086, -2.0, 1.0, -3.5, 5.0, 0, tokens.add(st.nextToken())
8, 10087, -2.0, 1.0, -3.0, 0.0, 15, nextToken()
8, 10088, -2.0, 1.0, -3.0, 0.5, 15, nextToken()
8, 10089, -2.0, 1.0, -3.0, 1.0, 15, nextToken()
8, 10090, -2.0, 1.0, -3.0, 1.5, 9, Byte.decode(st.nextToken())
8, 10091, -2.0, 1.0, -3.0, 2.0, 9, Byte.decode(st.nextToken())
8, 10092, -2.0, 1.0, -3.0, 2.5, 0, tokens.add(st.nextToken())
8, 10093, -2.0, 1.0, -3.0, 3.0, 0, tokens.add(st.nextToken())
8, 10094, -2.0, 1.0, -3.0, 3.5, 0, tokens.add(st.nextToken())
8, 10095, -2.0, 1.0, -3.0, 4.0, 0, tokens.add(st.nextToken())
8, 10096, -2.0, 1.0, -3.0, 4.5, 0, tokens.add(st.nextToken())
8, 10097, -2.0, 1.0, -3.0, 5.0, 7, tokens.add(st.nextToken(message))
8, 10098, -2.0, 1.0, -2.5, 0.0, 15, nextToken()
8, 10099, -2.0, 1.0, -2.5, 0.5, 15, nextToken()
8, 10100, -2.0, 1.0, -2.5, 1.0, 15, nextToken()
8, 10101, -2.0, 1.0, -2.5, 1.5, 9, Byte.decode(st.nextToken())
8, 10102, -2.0, 1.0, -2.5, 2.0, 9, Byte.decode(st.nextToken())
8, 10103, -2.0, 1.0, -2.5, 2.5, 0, tokens.add(st.nextToken())
8, 10104, -2.0, 1.0, -2.5, 3.0, 0, tokens.add(st.nextToken())
8, 10105, -2.0, 1.0, -2.5, 3.5, 0, tokens.add(st.nextToken())
8, 10106, -2.0, 1.0, -2.5, 4.0, 0, tokens.add(st.nextToken())
8, 10107, -2.0, 1.0, -2.5, 4.5, 7, tokens.add(st.nextToken(message))
8, 10108, -2.0, 1.0, -2.5, 5.0, 7, tokens.add(st.nextToken(message))
8, 10109, -2.0, 1.0, -2.0, 0.0, 15, nextToken()
8, 10110, -2.0, 1.0, -2.0, 0.5, 15, nextToken()
8, 10111, -2.0, 1.0, -2.0, 1.0, 15, nextToken()
8, 10112, -2.0, 1.0, -2.0, 1.5, 9, Byte.decode(st.nextToken())
8, 10113, -2.0, 1.0, -2.0, 2.0, 9, Byte.decode(st.nextToken())
8, 10114, -2.0, 1.0, -2.0, 2.5, 0, tokens.add(st.nextToken())
8, 10115, -2.0, 1.0, -2.0, 3.0, 0, tokens.add(st.nextToken())
8, 10116, -2.0, 1.0, -2.0, 3.5, 0, tokens.add(st.nextToken())
8, 10117, -2.0, 1.0, -2.0, 4.0, 7, tokens.add(st.nextToken(message))
8, 10118, -2.0, 1.0, -2.0, 4.5, 7, tokens.add(st.nextToken(message))
8, 10119, -2.0, 1.0, -2.0, 5.0, 7, tokens.add(st.nextToken(message))
8, 10120, -2.0, 1.0, -1.5, 0.0, 15, nextToken()
8, 10121, -2.0, 1.0, -1.5, 0.5, 15, nextToken()
8, 10122, -2.0, 1.0, -1.5, 1.0, 15, nextToken()
8, 10123, -2.0, 1.0, -1.5, 1.5, 9, Byte.decode(st.nextToken())
8, 10124, -2.0, 1.0, -1.5, 2.0, 9, Byte.decode(st.nextToken())
8, 10125, -2.0, 1.0, -1.5, 2.5, 0, tokens.add(st.nextToken())
8, 10126, -2.0, 1.0, -1.5, 3.0, 0, tokens.add(st.nextToken())
8, 10127, -2.0, 1.0, -1.5, 3.5, 7, tokens.add(st.nextToken(message))
8, 10128, -2.0, 1.0, -1.5, 4.0, 7, tokens.add(st.nextToken(message))
8, 10129, -2.0, 1.0, -1.5, 4.5, 7, tokens.add(st.nextToken(message))
8, 10130, -2.0, 1.0, -1.5, 5.0, 7, tokens.add(st.nextToken(message))
8, 10131, -2.0, 1.0, -1.0, 0.0, 15, nextToken()
8, 10132, -2.0, 1.0, -1.0, 0.5, 15, nextToken()
8, 10133, -2.0, 1.0, -1.0, 1.0, 15, nextToken()
8, 10134, -2.0, 1.0, -1.0, 1.5, 9, Byte.decode(st.nextToken())
8, 10135, -2.0, 1.0, -1.0, 2.0, 9, Byte.decode(st.nextToken())
8, 10136, -2.0, 1.0, -1.0, 2.5, 0, tokens.add(st.nextToken())
8, 10137, -2.0, 1.0, -1.0, 3.0, 7, tokens.add(st.nextToken(message))
8, 10138, -2.0, 1.0, -1.0, 3.5, 7, tokens.add(st.nextToken(message))
8, 10139, -2.0, 1.0, -1.0, 4.0, 7, tokens.add(st.nextToken(message))
8, 10140, -2.0, 1.0, -1.0, 4.5, 12, st.nextToken()
8, 10141, -2.0, 1.0, -1.0, 5.0, 12, st.nextToken()
8, 10142, -2.0, 1.0, -0.5, 0.0, 15, nextToken()
8, 10143, -2.0, 1.0, -0.5, 0.5, 15, nextToken()
8, 10144, -2.0, 1.0, -0.5, 1.0, 15, nextToken()
8, 10145, -2.0, 1.0, -0.5, 1.5, 9, Byte.decode(st.nextToken())
8, 10146, -2.0, 1.0, -0.5, 2.0, 9, Byte.decode(st.nextToken())
8, 10147, -2.0, 1.0, -0.5, 2.5, 7, tokens.add(st.nextToken(message))
8, 10148, -2.0, 1.0, -0.5, 3.0, 7, tokens.add(st.nextToken(message))
8, 10149, -2.0, 1.0, -0.5, 3.5, 12, st.nextToken()
8, 10150, -2.0, 1.0, -0.5, 4.0, 12, st.nextToken()
8, 10151, -2.0, 1.0, -0.5, 4.5, 12, st.nextToken()
8, 10152, -2.0, 1.0, -0.5, 5.0, 12, st.nextToken()
8, 10153, -2.0, 1.0, 0.0, 0.0, 15, nextToken()
8, 10154, -2.0, 1.0, 0.0, 0.5, 15, nextToken()
8, 10155, -2.0, 1.0, 0.0, 1.0, 15, nextToken()
8, 10156, -2.0, 1.0, 0.0, 1.5, 9, new Thread(st.nextToken())
8, 10157, -2.0, 1.0, 0.0, 2.0, 12, st.nextToken()
8, 10158, -2.0, 1.0, 0.0, 2.5, 12, st.nextToken()
8, 10159, -2.0, 1.0, 0.0, 3.0, 12, st.nextToken()
8, 10160, -2.0, 1.0, 0.0, 3.5, 12, st.nextToken()
8, 10161, -2.0, 1.0, 0.0, 4.0, 12, st.nextToken()
8, 10162, -2.0, 1.0, 0.0, 4.5, 16, new Long(st.nextToken(message))
8, 10163, -2.0, 1.0, 0.0, 5.0, 27, new Task08().getTokens(message).get()
8, 10164, -1.5, 1.0, -5.0, 0.0, 11, Long.decode(nextToken())
8, 10165, -1.5, 1.0, -5.0, 0.5, 11, Long.decode(nextToken())
8, 10166, -1.5, 1.0, -5.0, 1.0, 9, Byte.decode(st.nextToken())
8, 10167, -1.5, 1.0, -5.0, 1.5, 0, tokens.add(st.nextToken())
8, 10168, -1.5, 1.0, -5.0, 2.0, 0, tokens.add(st.nextToken())
8, 10169, -1.5, 1.0, -5.0, 2.5, 0, tokens.add(st.nextToken())
8, 10170, -1.5, 1.0, -5.0, 3.0, 0, tokens.add(st.nextToken())
8, 10171, -1.5, 1.0, -5.0, 3.5, 0, tokens.add(st.nextToken())
8, 10172, -1.5, 1.0, -5.0, 4.0, 0, tokens.add(st.nextToken())
8, 10173, -1.5, 1.0, -5.0, 4.5, 0, tokens.add(st.nextToken())
8, 10174, -1.5, 1.0, -5.0, 5.0, 0, tokens.add(st.nextToken())
8, 10175, -1.5, 1.0, -4.5, 0.0, 11, Long.decode(nextToken())
8, 10176, -1.5, 1.0, -4.5, 0.5, 11, Long.decode(nextToken())
8, 10177, -1.5, 1.0, -4.5, 1.0, 9, Byte.decode(st.nextToken())
8, 10178, -1.5, 1.0, -4.5, 1.5, 0, tokens.add(st.nextToken())
8, 10179, -1.5, 1.0, -4.5, 2.0, 0, tokens.add(st.nextToken())
8, 10180, -1.5, 1.0, -4.5, 2.5, 0, tokens.add(st.nextToken())
8, 10181, -1.5, 1.0, -4.5, 3.0, 0, tokens.add(st.nextToken())
8, 10182, -1.5, 1.0, -4.5, 3.5, 0, tokens.add(st.nextToken())
8, 10183, -1.5, 1.0, -4.5, 4.0, 0, tokens.add(st.nextToken())
8, 10184, -1.5, 1.0, -4.5, 4.5, 0, tokens.add(st.nextToken())
8, 10185, -1.5, 1.0, -4.5, 5.0, 0, tokens.add(st.nextToken())
8, 10186, -1.5, 1.0, -4.0, 0.0, 11, Long.decode(nextToken())
8, 10187, -1.5, 1.0, -4.0, 0.5, 11, Long.decode(nextToken())
8, 10188, -1.5, 1.0, -4.0, 1.0, 9, Byte.decode(st.nextToken())
8, 10189, -1.5, 1.0, -4.0, 1.5, 0, tokens.add(st.nextToken())
8, 10190, -1.5, 1.0, -4.0, 2.0, 0, tokens.add(st.nextToken())
8, 10191, -1.5, 1.0, -4.0, 2.5, 0, tokens.add(st.nextToken())
8, 10192, -1.5, 1.0, -4.0, 3.0, 0, tokens.add(st.nextToken())
8, 10193, -1.5, 1.0, -4.0, 3.5, 0, tokens.add(st.nextToken())
8, 10194, -1.5, 1.0, -4.0, 4.0, 0, tokens.add(st.nextToken())
8, 10195, -1.5, 1.0, -4.0, 4.5, 0, tokens.add(st.nextToken())
8, 10196, -1.5, 1.0, -4.0, 5.0, 0, tokens.add(st.nextToken())
8, 10197, -1.5, 1.0, -3.5, 0.0, 11, Long.decode(nextToken())
8, 10198, -1.5, 1.0, -3.5, 0.5, 11, Long.decode(nextToken())
8, 10199, -1.5, 1.0, -3.5, 1.0, 9, Byte.decode(st.nextToken())
8, 10200, -1.5, 1.0, -3.5, 1.5, 0, tokens.add(st.nextToken())
8, 10201, -1.5, 1.0, -3.5, 2.0, 0, tokens.add(st.nextToken())
8, 10202, -1.5, 1.0, -3.5, 2.5, 0, tokens.add(st.nextToken())
8, 10203, -1.5, 1.0, -3.5, 3.0, 0, tokens.add(st.nextToken())
8, 10204, -1.5, 1.0, -3.5, 3.5, 0, tokens.add(st.nextToken())
8, 10205, -1.5, 1.0, -3.5, 4.0, 0, tokens.add(st.nextToken())
8, 10206, -1.5, 1.0, -3.5, 4.5, 0, tokens.add(st.nextToken())
8, 10207, -1.5, 1.0, -3.5, 5.0, 7, tokens.add(st.nextToken(message))
8, 10208, -1.5, 1.0, -3.0, 0.0, 11, Long.decode(nextToken())
8, 10209, -1.5, 1.0, -3.0, 0.5, 11, Long.decode(nextToken())
8, 10210, -1.5, 1.0, -3.0, 1.0, 9, Byte.decode(st.nextToken())
8, 10211, -1.5, 1.0, -3.0, 1.5, 0, tokens.add(st.nextToken())
8, 10212, -1.5, 1.0, -3.0, 2.0, 0, tokens.add(st.nextToken())
8, 10213, -1.5, 1.0, -3.0, 2.5, 0, tokens.add(st.nextToken())
8, 10214, -1.5, 1.0, -3.0, 3.0, 0, tokens.add(st.nextToken())
8, 10215, -1.5, 1.0, -3.0, 3.5, 0, tokens.add(st.nextToken())
8, 10216, -1.5, 1.0, -3.0, 4.0, 0, tokens.add(st.nextToken())
8, 10217, -1.5, 1.0, -3.0, 4.5, 7, tokens.add(st.nextToken(message))
8, 10218, -1.5, 1.0, -3.0, 5.0, 7, tokens.add(st.nextToken(message))
8, 10219, -1.5, 1.0, -2.5, 0.0, 11, Long.decode(nextToken())
8, 10220, -1.5, 1.0, -2.5, 0.5, 11, Long.decode(nextToken())
8, 10221, -1.5, 1.0, -2.5, 1.0, 9, Byte.decode(st.nextToken())
8, 10222, -1.5, 1.0, -2.5, 1.5, 0, tokens.add(st.nextToken())
8, 10223, -1.5, 1.0, -2.5, 2.0, 0, tokens.add(st.nextToken())
8, 10224, -1.5, 1.0, -2.5, 2.5, 0, tokens.add(st.nextToken())
8, 10225, -1.5, 1.0, -2.5, 3.0, 0, tokens.add(st.nextToken())
8, 10226, -1.5, 1.0, -2.5, 3.5, 0, tokens.add(st.nextToken())
8, 10227, -1.5, 1.0, -2.5, 4.0, 7, tokens.add(st.nextToken(message))
8, 10228, -1.5, 1.0, -2.5, 4.5, 7, tokens.add(st.nextToken(message))
8, 10229, -1.5, 1.0, -2.5, 5.0, 7, tokens.add(st.nextToken(message))
8, 10230, -1.5, 1.0, -2.0, 0.0, 11, Long.decode(nextToken())
8, 10231, -1.5, 1.0, -2.0, 0.5, 11, Long.decode(nextToken())
8, 10232, -1.5, 1.0, -2.0, 1.0, 9, Byte.decode(st.nextToken())
8, 10233, -1.5, 1.0, -2.0, 1.5, 0, tokens.add(st.nextToken())
8, 10234, -1.5, 1.0, -2.0, 2.0, 0, tokens.add(st.nextToken())
8, 10235, -1.5, 1.0, -2.0, 2.5, 0, tokens.add(st.nextToken())
8, 10236, -1.5, 1.0, -2.0, 3.0, 0, tokens.add(st.nextToken())
8, 10237, -1.5, 1.0, -2.0, 3.5, 7, tokens.add(st.nextToken(message))
8, 10238, -1.5, 1.0, -2.0, 4.0, 7, tokens.add(st.nextToken(message))
8, 10239, -1.5, 1.0, -2.0, 4.5, 7, tokens.add(st.nextToken(message))
8, 10240, -1.5, 1.0, -2.0, 5.0, 7, tokens.add(st.nextToken(message))
8, 10241, -1.5, 1.0, -1.5, 0.0, 11, Long.decode(nextToken())
8, 10242, -1.5, 1.0, -1.5, 0.5, 11, Long.decode(nextToken())
8, 10243, -1.5, 1.0, -1.5, 1.0, 9, Byte.decode(st.nextToken())
8, 10244, -1.5, 1.0, -1.5, 1.5, 0, tokens.add(st.nextToken())
8, 10245, -1.5, 1.0, -1.5, 2.0, 0, tokens.add(st.nextToken())
8, 10246, -1.5, 1.0, -1.5, 2.5, 0, tokens.add(st.nextToken())
8, 10247, -1.5, 1.0, -1.5, 3.0, 7, tokens.add(st.nextToken(message))
8, 10248, -1.5, 1.0, -1.5, 3.5, 7, tokens.add(st.nextToken(message))
8, 10249, -1.5, 1.0, -1.5, 4.0, 7, tokens.add(st.nextToken(message))
8, 10250, -1.5, 1.0, -1.5, 4.5, 7, tokens.add(st.nextToken(message))
8, 10251, -1.5, 1.0, -1.5, 5.0, 12, st.nextToken()
8, 10252, -1.5, 1.0, -1.0, 0.0, 11, Long.decode(nextToken())
8, 10253, -1.5, 1.0, -1.0, 0.5, 11, Long.decode(nextToken())
8, 10254, -1.5, 1.0, -1.0, 1.0, 9, Byte.decode(st.nextToken())
8, 10255, -1.5, 1.0, -1.0, 1.5, 0, tokens.add(st.nextToken())
8, 10256, -1.5, 1.0, -1.0, 2.0, 0, tokens.add(st.nextToken())
8, 10257, -1.5, 1.0, -1.0, 2.5, 7, tokens.add(st.nextToken(message))
8, 10258, -1.5, 1.0, -1.0, 3.0, 7, tokens.add(st.nextToken(message))
8, 10259, -1.5, 1.0, -1.0, 3.5, 7, tokens.add(st.nextToken(message))
8, 10260, -1.5, 1.0, -1.0, 4.0, 12, st.nextToken()
8, 10261, -1.5, 1.0, -1.0, 4.5, 12, st.nextToken()
8, 10262, -1.5, 1.0, -1.0, 5.0, 12, st.nextToken()
8, 10263, -1.5, 1.0, -0.5, 0.0, 11, Long.decode(nextToken())
8, 10264, -1.5, 1.0, -0.5, 0.5, 11, Long.decode(nextToken())
8, 10265, -1.5, 1.0, -0.5, 1.0, 9, Byte.decode(st.nextToken())
8, 10266, -1.5, 1.0, -0.5, 1.5, 0, tokens.add(st.nextToken())
8, 10267, -1.5, 1.0, -0.5, 2.0, 7, tokens.add(st.nextToken(message))
8, 10268, -1.5, 1.0, -0.5, 2.5, 7, tokens.add(st.nextToken(message))
8, 10269, -1.5, 1.0, -0.5, 3.0, 12, st.nextToken()
8, 10270, -1.5, 1.0, -0.5, 3.5, 12, st.nextToken()
8, 10271, -1.5, 1.0, -0.5, 4.0, 12, st.nextToken()
8, 10272, -1.5, 1.0, -0.5, 4.5, 12, st.nextToken()
8, 10273, -1.5, 1.0, -0.5, 5.0, 16, Byte.decode(st.nextToken(message))
8, 10274, -1.5, 1.0, 0.0, 0.0, 11, String.format(nextToken())
8, 10275, -1.5, 1.0, 0.0, 0.5, 11, String.format(nextToken())
8, 10276, -1.5, 1.0, 0.0, 1.0, 9, new Thread(st.nextToken())
8, 10277, -1.5, 1.0, 0.0, 1.5, 12, st.nextToken()
8, 10278, -1.5, 1.0, 0.0, 2.0, 12, st.nextToken()
8, 10279, -1.5, 1.0, 0.0, 2.5, 12, st.nextToken()
8, 10280, -1.5, 1.0, 0.0, 3.0, 12, st.nextToken()
8, 10281, -1.5, 1.0, 0.0, 3.5, 16, new Long(st.nextToken(message))
8, 10282, -1.5, 1.0, 0.0, 4.0, 16, new Long(st.nextToken(message))
8, 10283, -1.5, 1.0, 0.0, 4.5, 27, new Task08().getTokens(message).get()
8, 10284, -1.5, 1.0, 0.0, 5.0, 27, new Task08().getTokens(message).get()
8, 10285, -1.0, 1.0, -5.0, 0.0, 11, Long.decode(nextToken())
8, 10286, -1.0, 1.0, -5.0, 0.5, 0, tokens.add(st.nextToken())
8, 10287, -1.0, 1.0, -5.0, 1.0, 0, tokens.add(st.nextToken())
8, 10288, -1.0, 1.0, -5.0, 1.5, 0, tokens.add(st.nextToken())
8, 10289, -1.0, 1.0, -5.0, 2.0, 0, tokens.add(st.nextToken())
8, 10290, -1.0, 1.0, -5.0, 2.5, 0, tokens.add(st.nextToken())
8, 10291, -1.0, 1.0, -5.0, 3.0, 0, tokens.add(st.nextToken())
8, 10292, -1.0, 1.0, -5.0, 3.5, 0, tokens.add(st.nextToken())
8, 10293, -1.0, 1.0, -5.0, 4.0, 0, tokens.add(st.nextToken())
8, 10294, -1.0, 1.0, -5.0, 4.5, 0, tokens.add(st.nextToken())
8, 10295, -1.0, 1.0, -5.0, 5.0, 0, tokens.add(st.nextToken())
8, 10296, -1.0, 1.0, -4.5, 0.0, 11, Long.decode(nextToken())
8, 10297, -1.0, 1.0, -4.5, 0.5, 0, tokens.add(st.nextToken())
8, 10298, -1.0, 1.0, -4.5, 1.0, 0, tokens.add(st.nextToken())
8, 10299, -1.0, 1.0, -4.5, 1.5, 0, tokens.add(st.nextToken())
8, 10300, -1.0, 1.0, -4.5, 2.0, 0, tokens.add(st.nextToken())
8, 10301, -1.0, 1.0, -4.5, 2.5, 0, tokens.add(st.nextToken())
8, 10302, -1.0, 1.0, -4.5, 3.0, 0, tokens.add(st.nextToken())
8, 10303, -1.0, 1.0, -4.5, 3.5, 0, tokens.add(st.nextToken())
8, 10304, -1.0, 1.0, -4.5, 4.0, 0, tokens.add(st.nextToken())
8, 10305, -1.0, 1.0, -4.5, 4.5, 0, tokens.add(st.nextToken())
8, 10306, -1.0, 1.0, -4.5, 5.0, 0, tokens.add(st.nextToken())
8, 10307, -1.0, 1.0, -4.0, 0.0, 11, Long.decode(nextToken())
8, 10308, -1.0, 1.0, -4.0, 0.5, 0, tokens.add(st.nextToken())
8, 10309, -1.0, 1.0, -4.0, 1.0, 0, tokens.add(st.nextToken())
8, 10310, -1.0, 1.0, -4.0, 1.5, 0, tokens.add(st.nextToken())
8, 10311, -1.0, 1.0, -4.0, 2.0, 0, tokens.add(st.nextToken())
8, 10312, -1.0, 1.0, -4.0, 2.5, 0, tokens.add(st.nextToken())
8, 10313, -1.0, 1.0, -4.0, 3.0, 0, tokens.add(st.nextToken())
8, 10314, -1.0, 1.0, -4.0, 3.5, 0, tokens.add(st.nextToken())
8, 10315, -1.0, 1.0, -4.0, 4.0, 0, tokens.add(st.nextToken())
8, 10316, -1.0, 1.0, -4.0, 4.5, 0, tokens.add(st.nextToken())
8, 10317, -1.0, 1.0, -4.0, 5.0, 7, tokens.add(st.nextToken(message))
8, 10318, -1.0, 1.0, -3.5, 0.0, 11, Long.decode(nextToken())
8, 10319, -1.0, 1.0, -3.5, 0.5, 0, tokens.add(st.nextToken())
8, 10320, -1.0, 1.0, -3.5, 1.0, 0, tokens.add(st.nextToken())
8, 10321, -1.0, 1.0, -3.5, 1.5, 0, tokens.add(st.nextToken())
8, 10322, -1.0, 1.0, -3.5, 2.0, 0, tokens.add(st.nextToken())
8, 10323, -1.0, 1.0, -3.5, 2.5, 0, tokens.add(st.nextToken())
8, 10324, -1.0, 1.0, -3.5, 3.0, 0, tokens.add(st.nextToken())
8, 10325, -1.0, 1.0, -3.5, 3.5, 0, tokens.add(st.nextToken())
8, 10326, -1.0, 1.0, -3.5, 4.0, 0, tokens.add(st.nextToken())
8, 10327, -1.0, 1.0, -3.5, 4.5, 7, tokens.add(st.nextToken(message))
8, 10328, -1.0, 1.0, -3.5, 5.0, 7, tokens.add(st.nextToken(message))
8, 10329, -1.0, 1.0, -3.0, 0.0, 11, Long.decode(nextToken())
8, 10330, -1.0, 1.0, -3.0, 0.5, 0, tokens.add(st.nextToken())
8, 10331, -1.0, 1.0, -3.0, 1.0, 0, tokens.add(st.nextToken())
8, 10332, -1.0, 1.0, -3.0, 1.5, 0, tokens.add(st.nextToken())
8, 10333, -1.0, 1.0, -3.0, 2.0, 0, tokens.add(st.nextToken())
8, 10334, -1.0, 1.0, -3.0, 2.5, 0, tokens.add(st.nextToken())
8, 10335, -1.0, 1.0, -3.0, 3.0, 0, tokens.add(st.nextToken())
8, 10336, -1.0, 1.0, -3.0, 3.5, 0, tokens.add(st.nextToken())
8, 10337, -1.0, 1.0, -3.0, 4.0, 7, tokens.add(st.nextToken(message))
8, 10338, -1.0, 1.0, -3.0, 4.5, 7, tokens.add(st.nextToken(message))
8, 10339, -1.0, 1.0, -3.0, 5.0, 7, tokens.add(st.nextToken(message))
8, 10340, -1.0, 1.0, -2.5, 0.0, 11, Long.decode(nextToken())
8, 10341, -1.0, 1.0, -2.5, 0.5, 0, tokens.add(st.nextToken())
8, 10342, -1.0, 1.0, -2.5, 1.0, 0, tokens.add(st.nextToken())
8, 10343, -1.0, 1.0, -2.5, 1.5, 0, tokens.add(st.nextToken())
8, 10344, -1.0, 1.0, -2.5, 2.0, 0, tokens.add(st.nextToken())
8, 10345, -1.0, 1.0, -2.5, 2.5, 0, tokens.add(st.nextToken())
8, 10346, -1.0, 1.0, -2.5, 3.0, 0, tokens.add(st.nextToken())
8, 10347, -1.0, 1.0, -2.5, 3.5, 7, tokens.add(st.nextToken(message))
8, 10348, -1.0, 1.0, -2.5, 4.0, 7, tokens.add(st.nextToken(message))
8, 10349, -1.0, 1.0, -2.5, 4.5, 7, tokens.add(st.nextToken(message))
8, 10350, -1.0, 1.0, -2.5, 5.0, 7, tokens.add(st.nextToken(message))
8, 10351, -1.0, 1.0, -2.0, 0.0, 11, Long.decode(nextToken())
8, 10352, -1.0, 1.0, -2.0, 0.5, 0, tokens.add(st.nextToken())
8, 10353, -1.0, 1.0, -2.0, 1.0, 0, tokens.add(st.nextToken())
8, 10354, -1.0, 1.0, -2.0, 1.5, 0, tokens.add(st.nextToken())
8, 10355, -1.0, 1.0, -2.0, 2.0, 0, tokens.add(st.nextToken())
8, 10356, -1.0, 1.0, -2.0, 2.5, 0, tokens.add(st.nextToken())
8, 10357, -1.0, 1.0, -2.0, 3.0, 7, tokens.add(st.nextToken(message))
8, 10358, -1.0, 1.0, -2.0, 3.5, 7, tokens.add(st.nextToken(message))
8, 10359, -1.0, 1.0, -2.0, 4.0, 7, tokens.add(st.nextToken(message))
8, 10360, -1.0, 1.0, -2.0, 4.5, 7, tokens.add(st.nextToken(message))
8, 10361, -1.0, 1.0, -2.0, 5.0, 7, tokens.add(st.nextToken(message))
8, 10362, -1.0, 1.0, -1.5, 0.0, 11, Long.decode(nextToken())
8, 10363, -1.0, 1.0, -1.5, 0.5, 0, tokens.add(st.nextToken())
8, 10364, -1.0, 1.0, -1.5, 1.0, 0, tokens.add(st.nextToken())
8, 10365, -1.0, 1.0, -1.5, 1.5, 0, tokens.add(st.nextToken())
8, 10366, -1.0, 1.0, -1.5, 2.0, 0, tokens.add(st.nextToken())
8, 10367, -1.0, 1.0, -1.5, 2.5, 7, tokens.add(st.nextToken(message))
8, 10368, -1.0, 1.0, -1.5, 3.0, 7, tokens.add(st.nextToken(message))
8, 10369, -1.0, 1.0, -1.5, 3.5, 7, tokens.add(st.nextToken(message))
8, 10370, -1.0, 1.0, -1.5, 4.0, 7, tokens.add(st.nextToken(message))
8, 10371, -1.0, 1.0, -1.5, 4.5, 12, st.nextToken()
8, 10372, -1.0, 1.0, -1.5, 5.0, 12, st.nextToken()
8, 10373, -1.0, 1.0, -1.0, 0.0, 11, Long.decode(nextToken())
8, 10374, -1.0, 1.0, -1.0, 0.5, 0, tokens.add(st.nextToken())
8, 10375, -1.0, 1.0, -1.0, 1.0, 0, tokens.add(st.nextToken())
8, 10376, -1.0, 1.0, -1.0, 1.5, 0, tokens.add(st.nextToken())
8, 10377, -1.0, 1.0, -1.0, 2.0, 7, tokens.add(st.nextToken(message))
8, 10378, -1.0, 1.0, -1.0, 2.5, 7, tokens.add(st.nextToken(message))
8, 10379, -1.0, 1.0, -1.0, 3.0, 7, tokens.add(st.nextToken(message))
8, 10380, -1.0, 1.0, -1.0, 3.5, 12, st.nextToken()
8, 10381, -1.0, 1.0, -1.0, 4.0, 12, st.nextToken()
8, 10382, -1.0, 1.0, -1.0, 4.5, 12, st.nextToken()
8, 10383, -1.0, 1.0, -1.0, 5.0, 12, st.nextToken()
8, 10384, -1.0, 1.0, -0.5, 0.0, 11, Long.decode(nextToken())
8, 10385, -1.0, 1.0, -0.5, 0.5, 9, Byte.decode(st.nextToken())
8, 10386, -1.0, 1.0, -0.5, 1.0, 9, Long.decode(st.nextToken())
8, 10387, -1.0, 1.0, -0.5, 1.5, 7, tokens.add(st.nextToken(message))
8, 10388, -1.0, 1.0, -0.5, 2.0, 10, tokens.add(nextToken()).wait()
8, 10389, -1.0, 1.0, -0.5, 2.5, 12, st.nextToken()
8, 10390, -1.0, 1.0, -0.5, 3.0, 12, st.nextToken()
8, 10391, -1.0, 1.0, -0.5, 3.5, 12, st.nextToken()
8, 10392, -1.0, 1.0, -0.5, 4.0, 16, Byte.decode(st.nextToken(message))
8, 10393, -1.0, 1.0, -0.5, 4.5, 16, Byte.decode(st.nextToken(message))
8, 10394, -1.0, 1.0, -0.5, 5.0, 16, Byte.decode(st.nextToken(message))
8, 10395, -1.0, 1.0, 0.0, 0.0, 11, String.format(nextToken())
8, 10396, -1.0, 1.0, 0.0, 0.5, 9, new Thread(st.nextToken())
8, 10397, -1.0, 1.0, 0.0, 1.0, 12, st.nextToken()
8, 10398, -1.0, 1.0, 0.0, 1.5, 12, st.nextToken()
8, 10399, -1.0, 1.0, 0.0, 2.0, 12, st.nextToken()
8, 10400, -1.0, 1.0, 0.0, 2.5, 16, new Long(st.nextToken(message))
8, 10401, -1.0, 1.0, 0.0, 3.0, 16, new Long(st.nextToken(message))
8, 10402, -1.0, 1.0, 0.0, 3.5, 25, message.exec().equals(st.nextToken(message))
8, 10403, -1.0, 1.0, 0.0, 4.0, 30, new Task08().getTokens(message).addAll()
8, 10404, -1.0, 1.0, 0.0, 4.5, 30, new Task08().getTokens(message).addAll()
8, 10405, -1.0, 1.0, 0.0, 5.0, 37, getTokens().add(message).compareTo(getTokens().add(message))
8, 10406, -0.5, 1.0, -5.0, 0.0, 0, tokens.add(st.nextToken())
8, 10407, -0.5, 1.0, -5.0, 0.5, 0, tokens.add(st.nextToken())
8, 10408, -0.5, 1.0, -5.0, 1.0, 0, tokens.add(st.nextToken())
8, 10409, -0.5, 1.0, -5.0, 1.5, 0, tokens.add(st.nextToken())
8, 10410, -0.5, 1.0, -5.0, 2.0, 0, tokens.add(st.nextToken())
8, 10411, -0.5, 1.0, -5.0, 2.5, 0, tokens.add(st.nextToken())
8, 10412, -0.5, 1.0, -5.0, 3.0, 0, tokens.add(st.nextToken())
8, 10413, -0.5, 1.0, -5.0, 3.5, 0, tokens.add(st.nextToken())
8, 10414, -0.5, 1.0, -5.0, 4.0, 0, tokens.add(st.nextToken())
8, 10415, -0.5, 1.0, -5.0, 4.5, 0, tokens.add(st.nextToken())
8, 10416, -0.5, 1.0, -5.0, 5.0, 0, tokens.add(st.nextToken())
8, 10417, -0.5, 1.0, -4.5, 0.0, 0, tokens.add(st.nextToken())
8, 10418, -0.5, 1.0, -4.5, 0.5, 0, tokens.add(st.nextToken())
8, 10419, -0.5, 1.0, -4.5, 1.0, 0, tokens.add(st.nextToken())
8, 10420, -0.5, 1.0, -4.5, 1.5, 0, tokens.add(st.nextToken())
8, 10421, -0.5, 1.0, -4.5, 2.0, 0, tokens.add(st.nextToken())
8, 10422, -0.5, 1.0, -4.5, 2.5, 0, tokens.add(st.nextToken())
8, 10423, -0.5, 1.0, -4.5, 3.0, 0, tokens.add(st.nextToken())
8, 10424, -0.5, 1.0, -4.5, 3.5, 0, tokens.add(st.nextToken())
8, 10425, -0.5, 1.0, -4.5, 4.0, 0, tokens.add(st.nextToken())
8, 10426, -0.5, 1.0, -4.5, 4.5, 0, tokens.add(st.nextToken())
8, 10427, -0.5, 1.0, -4.5, 5.0, 7, tokens.add(st.nextToken(message))
8, 10428, -0.5, 1.0, -4.0, 0.0, 0, tokens.add(st.nextToken())
8, 10429, -0.5, 1.0, -4.0, 0.5, 0, tokens.add(st.nextToken())
8, 10430, -0.5, 1.0, -4.0, 1.0, 0, tokens.add(st.nextToken())
8, 10431, -0.5, 1.0, -4.0, 1.5, 0, tokens.add(st.nextToken())
8, 10432, -0.5, 1.0, -4.0, 2.0, 0, tokens.add(st.nextToken())
8, 10433, -0.5, 1.0, -4.0, 2.5, 0, tokens.add(st.nextToken())
8, 10434, -0.5, 1.0, -4.0, 3.0, 0, tokens.add(st.nextToken())
8, 10435, -0.5, 1.0, -4.0, 3.5, 0, tokens.add(st.nextToken())
8, 10436, -0.5, 1.0, -4.0, 4.0, 0, tokens.add(st.nextToken())
8, 10437, -0.5, 1.0, -4.0, 4.5, 7, tokens.add(st.nextToken(message))
8, 10438, -0.5, 1.0, -4.0, 5.0, 7, tokens.add(st.nextToken(message))
8, 10439, -0.5, 1.0, -3.5, 0.0, 0, tokens.add(st.nextToken())
8, 10440, -0.5, 1.0, -3.5, 0.5, 0, tokens.add(st.nextToken())
8, 10441, -0.5, 1.0, -3.5, 1.0, 0, tokens.add(st.nextToken())
8, 10442, -0.5, 1.0, -3.5, 1.5, 0, tokens.add(st.nextToken())
8, 10443, -0.5, 1.0, -3.5, 2.0, 0, tokens.add(st.nextToken())
8, 10444, -0.5, 1.0, -3.5, 2.5, 0, tokens.add(st.nextToken())
8, 10445, -0.5, 1.0, -3.5, 3.0, 0, tokens.add(st.nextToken())
8, 10446, -0.5, 1.0, -3.5, 3.5, 0, tokens.add(st.nextToken())
8, 10447, -0.5, 1.0, -3.5, 4.0, 7, tokens.add(st.nextToken(message))
8, 10448, -0.5, 1.0, -3.5, 4.5, 7, tokens.add(st.nextToken(message))
8, 10449, -0.5, 1.0, -3.5, 5.0, 7, tokens.add(st.nextToken(message))
8, 10450, -0.5, 1.0, -3.0, 0.0, 0, tokens.add(st.nextToken())
8, 10451, -0.5, 1.0, -3.0, 0.5, 0, tokens.add(st.nextToken())
8, 10452, -0.5, 1.0, -3.0, 1.0, 0, tokens.add(st.nextToken())
8, 10453, -0.5, 1.0, -3.0, 1.5, 0, tokens.add(st.nextToken())
8, 10454, -0.5, 1.0, -3.0, 2.0, 0, tokens.add(st.nextToken())
8, 10455, -0.5, 1.0, -3.0, 2.5, 0, tokens.add(st.nextToken())
8, 10456, -0.5, 1.0, -3.0, 3.0, 0, tokens.add(st.nextToken())
8, 10457, -0.5, 1.0, -3.0, 3.5, 7, tokens.add(st.nextToken(message))
8, 10458, -0.5, 1.0, -3.0, 4.0, 7, tokens.add(st.nextToken(message))
8, 10459, -0.5, 1.0, -3.0, 4.5, 7, tokens.add(st.nextToken(message))
8, 10460, -0.5, 1.0, -3.0, 5.0, 7, tokens.add(st.nextToken(message))
8, 10461, -0.5, 1.0, -2.5, 0.0, 0, tokens.add(st.nextToken())
8, 10462, -0.5, 1.0, -2.5, 0.5, 0, tokens.add(st.nextToken())
8, 10463, -0.5, 1.0, -2.5, 1.0, 0, tokens.add(st.nextToken())
8, 10464, -0.5, 1.0, -2.5, 1.5, 0, tokens.add(st.nextToken())
8, 10465, -0.5, 1.0, -2.5, 2.0, 0, tokens.add(st.nextToken())
8, 10466, -0.5, 1.0, -2.5, 2.5, 0, tokens.add(st.nextToken())
8, 10467, -0.5, 1.0, -2.5, 3.0, 7, tokens.add(st.nextToken(message))
8, 10468, -0.5, 1.0, -2.5, 3.5, 7, tokens.add(st.nextToken(message))
8, 10469, -0.5, 1.0, -2.5, 4.0, 7, tokens.add(st.nextToken(message))
8, 10470, -0.5, 1.0, -2.5, 4.5, 7, tokens.add(st.nextToken(message))
8, 10471, -0.5, 1.0, -2.5, 5.0, 7, tokens.add(st.nextToken(message))
8, 10472, -0.5, 1.0, -2.0, 0.0, 0, tokens.add(st.nextToken())
8, 10473, -0.5, 1.0, -2.0, 0.5, 0, tokens.add(st.nextToken())
8, 10474, -0.5, 1.0, -2.0, 1.0, 0, tokens.add(st.nextToken())
8, 10475, -0.5, 1.0, -2.0, 1.5, 0, tokens.add(st.nextToken())
8, 10476, -0.5, 1.0, -2.0, 2.0, 0, tokens.add(st.nextToken())
8, 10477, -0.5, 1.0, -2.0, 2.5, 7, tokens.add(st.nextToken(message))
8, 10478, -0.5, 1.0, -2.0, 3.0, 7, tokens.add(st.nextToken(message))
8, 10479, -0.5, 1.0, -2.0, 3.5, 7, tokens.add(st.nextToken(message))
8, 10480, -0.5, 1.0, -2.0, 4.0, 7, tokens.add(st.nextToken(message))
8, 10481, -0.5, 1.0, -2.0, 4.5, 7, tokens.add(st.nextToken(message))
8, 10482, -0.5, 1.0, -2.0, 5.0, 12, st.nextToken()
8, 10483, -0.5, 1.0, -1.5, 0.0, 0, tokens.add(st.nextToken())
8, 10484, -0.5, 1.0, -1.5, 0.5, 0, tokens.add(st.nextToken())
8, 10485, -0.5, 1.0, -1.5, 1.0, 0, tokens.add(st.nextToken())
8, 10486, -0.5, 1.0, -1.5, 1.5, 0, tokens.add(st.nextToken())
8, 10487, -0.5, 1.0, -1.5, 2.0, 7, tokens.add(st.nextToken(message))
8, 10488, -0.5, 1.0, -1.5, 2.5, 7, tokens.add(st.nextToken(message))
8, 10489, -0.5, 1.0, -1.5, 3.0, 7, tokens.add(st.nextToken(message))
8, 10490, -0.5, 1.0, -1.5, 3.5, 7, tokens.add(st.nextToken(message))
8, 10491, -0.5, 1.0, -1.5, 4.0, 12, st.nextToken()
8, 10492, -0.5, 1.0, -1.5, 4.5, 12, st.nextToken()
8, 10493, -0.5, 1.0, -1.5, 5.0, 12, st.nextToken()
8, 10494, -0.5, 1.0, -1.0, 0.0, 9, tokens.add(nextToken()).set()
8, 10495, -0.5, 1.0, -1.0, 0.5, 9, tokens.add(nextToken()).set()
8, 10496, -0.5, 1.0, -1.0, 1.0, 9, tokens.add(nextToken()).set()
8, 10497, -0.5, 1.0, -1.0, 1.5, 9, tokens.add(nextToken()).set()
8, 10498, -0.5, 1.0, -1.0, 2.0, 7, tokens.add(st.nextToken(message))
8, 10499, -0.5, 1.0, -1.0, 2.5, 10, tokens.add(nextToken()).wait()
8, 10500, -0.5, 1.0, -1.0, 3.0, 12, st.nextToken()
8, 10501, -0.5, 1.0, -1.0, 3.5, 12, st.nextToken()
8, 10502, -0.5, 1.0, -1.0, 4.0, 12, st.nextToken()
8, 10503, -0.5, 1.0, -1.0, 4.5, 12, tokens.add(message).append()
8, 10504, -0.5, 1.0, -1.0, 5.0, 13, tokens.add(message).notify()
8, 10505, -0.5, 1.0, -0.5, 0.0, 9, tokens.add(nextToken()).set()
8, 10506, -0.5, 1.0, -0.5, 0.5, 9, tokens.add(nextToken()).set()
8, 10507, -0.5, 1.0, -0.5, 1.0, 9, tokens.add(nextToken()).set()
8, 10508, -0.5, 1.0, -0.5, 1.5, 9, tokens.add(nextToken()).set()
8, 10509, -0.5, 1.0, -0.5, 2.0, 10, tokens.add(nextToken()).wait()
8, 10510, -0.5, 1.0, -0.5, 2.5, 12, st.nextToken()
8, 10511, -0.5, 1.0, -0.5, 3.0, 12, st.nextToken()
8, 10512, -0.5, 1.0, -0.5, 3.5, 16, Byte.decode(st.nextToken(message))
8, 10513, -0.5, 1.0, -0.5, 4.0, 16, new Long(st.nextToken(message))
8, 10514, -0.5, 1.0, -0.5, 4.5, 23, tokens.add(message).equals(st.nextToken(message))
8, 10515, -0.5, 1.0, -0.5, 5.0, 29, tokens.add(message).compareTo(tokens.add(message))
8, 10516, -0.5, 1.0, 0.0, 0.0, 9, new Byte(st.nextToken())
8, 10517, -0.5, 1.0, 0.0, 0.5, 12, st.nextToken()
8, 10518, -0.5, 1.0, 0.0, 1.0, 12, st.nextToken()
8, 10519, -0.5, 1.0, 0.0, 1.5, 16, new Thread(st.nextToken(message))
8, 10520, -0.5, 1.0, 0.0, 2.0, 25, message.exec().equals(st.nextToken(message))
8, 10521, -0.5, 1.0, 0.0, 2.5, 25, message.exec().equals(st.nextToken(message))
8, 10522, -0.5, 1.0, 0.0, 3.0, 28, getTokens().add(message).equals(st.nextToken(message))
8, 10523, -0.5, 1.0, 0.0, 3.5, 37, getTokens().add(message).compareTo(getTokens().add(message))
8, 10524, -0.5, 1.0, 0.0, 4.0, 37, getTokens().add(message).compareTo(getTokens().add(message))
8, 10525, -0.5, 1.0, 0.0, 4.5, 37, getTokens().add(message).compareTo(getTokens().add(message))
8, 10526, -0.5, 1.0, 0.0, 5.0, 37, getTokens().add(message).compareTo(getTokens().add(message))
8, 10527, 0.0, 1.0, -5.0, 0.0, 0, tokens.add(st.nextToken())
8, 10528, 0.0, 1.0, -5.0, 0.5, 0, tokens.add(st.nextToken())
8, 10529, 0.0, 1.0, -5.0, 1.0, 0, tokens.add(st.nextToken())
8, 10530, 0.0, 1.0, -5.0, 1.5, 0, tokens.add(st.nextToken())
8, 10531, 0.0, 1.0, -5.0, 2.0, 0, tokens.add(st.nextToken())
8, 10532, 0.0, 1.0, -5.0, 2.5, 0, tokens.add(st.nextToken())
8, 10533, 0.0, 1.0, -5.0, 3.0, 0, tokens.add(st.nextToken())
8, 10534, 0.0, 1.0, -5.0, 3.5, 0, tokens.add(st.nextToken())
8, 10535, 0.0, 1.0, -5.0, 4.0, 0, tokens.add(st.nextToken())
8, 10536, 0.0, 1.0, -5.0, 4.5, 0, tokens.add(st.nextToken())
8, 10537, 0.0, 1.0, -5.0, 5.0, 0, tokens.add(st.nextToken())
8, 10538, 0.0, 1.0, -4.5, 0.0, 0, tokens.add(st.nextToken())
8, 10539, 0.0, 1.0, -4.5, 0.5, 0, tokens.add(st.nextToken())
8, 10540, 0.0, 1.0, -4.5, 1.0, 0, tokens.add(st.nextToken())
8, 10541, 0.0, 1.0, -4.5, 1.5, 0, tokens.add(st.nextToken())
8, 10542, 0.0, 1.0, -4.5, 2.0, 0, tokens.add(st.nextToken())
8, 10543, 0.0, 1.0, -4.5, 2.5, 0, tokens.add(st.nextToken())
8, 10544, 0.0, 1.0, -4.5, 3.0, 0, tokens.add(st.nextToken())
8, 10545, 0.0, 1.0, -4.5, 3.5, 0, tokens.add(st.nextToken())
8, 10546, 0.0, 1.0, -4.5, 4.0, 0, tokens.add(st.nextToken())
8, 10547, 0.0, 1.0, -4.5, 4.5, 0, tokens.add(st.nextToken())
8, 10548, 0.0, 1.0, -4.5, 5.0, 7, tokens.add(st.nextToken(message))
8, 10549, 0.0, 1.0, -4.0, 0.0, 0, tokens.add(st.nextToken())
8, 10550, 0.0, 1.0, -4.0, 0.5, 0, tokens.add(st.nextToken())
8, 10551, 0.0, 1.0, -4.0, 1.0, 0, tokens.add(st.nextToken())
8, 10552, 0.0, 1.0, -4.0, 1.5, 0, tokens.add(st.nextToken())
8, 10553, 0.0, 1.0, -4.0, 2.0, 0, tokens.add(st.nextToken())
8, 10554, 0.0, 1.0, -4.0, 2.5, 0, tokens.add(st.nextToken())
8, 10555, 0.0, 1.0, -4.0, 3.0, 0, tokens.add(st.nextToken())
8, 10556, 0.0, 1.0, -4.0, 3.5, 0, tokens.add(st.nextToken())
8, 10557, 0.0, 1.0, -4.0, 4.0, 0, tokens.add(st.nextToken())
8, 10558, 0.0, 1.0, -4.0, 4.5, 7, tokens.add(st.nextToken(message))
8, 10559, 0.0, 1.0, -4.0, 5.0, 7, tokens.add(st.nextToken(message))
8, 10560, 0.0, 1.0, -3.5, 0.0, 0, tokens.add(st.nextToken())
8, 10561, 0.0, 1.0, -3.5, 0.5, 0, tokens.add(st.nextToken())
8, 10562, 0.0, 1.0, -3.5, 1.0, 0, tokens.add(st.nextToken())
8, 10563, 0.0, 1.0, -3.5, 1.5, 0, tokens.add(st.nextToken())
8, 10564, 0.0, 1.0, -3.5, 2.0, 0, tokens.add(st.nextToken())
8, 10565, 0.0, 1.0, -3.5, 2.5, 0, tokens.add(st.nextToken())
8, 10566, 0.0, 1.0, -3.5, 3.0, 0, tokens.add(st.nextToken())
8, 10567, 0.0, 1.0, -3.5, 3.5, 0, tokens.add(st.nextToken())
8, 10568, 0.0, 1.0, -3.5, 4.0, 7, tokens.add(st.nextToken(message))
8, 10569, 0.0, 1.0, -3.5, 4.5, 7, tokens.add(st.nextToken(message))
8, 10570, 0.0, 1.0, -3.5, 5.0, 7, tokens.add(st.nextToken(message))
8, 10571, 0.0, 1.0, -3.0, 0.0, 0, tokens.add(st.nextToken())
8, 10572, 0.0, 1.0, -3.0, 0.5, 0, tokens.add(st.nextToken())
8, 10573, 0.0, 1.0, -3.0, 1.0, 0, tokens.add(st.nextToken())
8, 10574, 0.0, 1.0, -3.0, 1.5, 0, tokens.add(st.nextToken())
8, 10575, 0.0, 1.0, -3.0, 2.0, 0, tokens.add(st.nextToken())
8, 10576, 0.0, 1.0, -3.0, 2.5, 0, tokens.add(st.nextToken())
8, 10577, 0.0, 1.0, -3.0, 3.0, 0, tokens.add(st.nextToken())
8, 10578, 0.0, 1.0, -3.0, 3.5, 7, tokens.add(st.nextToken(message))
8, 10579, 0.0, 1.0, -3.0, 4.0, 7, tokens.add(st.nextToken(message))
8, 10580, 0.0, 1.0, -3.0, 4.5, 7, tokens.add(st.nextToken(message))
8, 10581, 0.0, 1.0, -3.0, 5.0, 7, tokens.add(st.nextToken(message))
8, 10582, 0.0, 1.0, -2.5, 0.0, 0, tokens.add(st.nextToken())
8, 10583, 0.0, 1.0, -2.5, 0.5, 0, tokens.add(st.nextToken())
8, 10584, 0.0, 1.0, -2.5, 1.0, 0, tokens.add(st.nextToken())
8, 10585, 0.0, 1.0, -2.5, 1.5, 0, tokens.add(st.nextToken())
8, 10586, 0.0, 1.0, -2.5, 2.0, 0, tokens.add(st.nextToken())
8, 10587, 0.0, 1.0, -2.5, 2.5, 0, tokens.add(st.nextToken())
8, 10588, 0.0, 1.0, -2.5, 3.0, 7, tokens.add(st.nextToken(message))
8, 10589, 0.0, 1.0, -2.5, 3.5, 7, tokens.add(st.nextToken(message))
8, 10590, 0.0, 1.0, -2.5, 4.0, 7, tokens.add(st.nextToken(message))
8, 10591, 0.0, 1.0, -2.5, 4.5, 7, tokens.add(st.nextToken(message))
8, 10592, 0.0, 1.0, -2.5, 5.0, 7, tokens.add(st.nextToken(message))
8, 10593, 0.0, 1.0, -2.0, 0.0, 0, tokens.add(st.nextToken())
8, 10594, 0.0, 1.0, -2.0, 0.5, 0, tokens.add(st.nextToken())
8, 10595, 0.0, 1.0, -2.0, 1.0, 0, tokens.add(st.nextToken())
8, 10596, 0.0, 1.0, -2.0, 1.5, 0, tokens.add(st.nextToken())
8, 10597, 0.0, 1.0, -2.0, 2.0, 0, tokens.add(st.nextToken())
8, 10598, 0.0, 1.0, -2.0, 2.5, 7, tokens.add(st.nextToken(message))
8, 10599, 0.0, 1.0, -2.0, 3.0, 7, tokens.add(st.nextToken(message))
8, 10600, 0.0, 1.0, -2.0, 3.5, 7, tokens.add(st.nextToken(message))
8, 10601, 0.0, 1.0, -2.0, 4.0, 7, tokens.add(st.nextToken(message))
8, 10602, 0.0, 1.0, -2.0, 4.5, 12, st.nextToken()
8, 10603, 0.0, 1.0, -2.0, 5.0, 12, st.nextToken()
8, 10604, 0.0, 1.0, -1.5, 0.0, 9, tokens.add(nextToken()).set()
8, 10605, 0.0, 1.0, -1.5, 0.5, 9, tokens.add(nextToken()).set()
8, 10606, 0.0, 1.0, -1.5, 1.0, 9, tokens.add(nextToken()).set()
8, 10607, 0.0, 1.0, -1.5, 1.5, 9, tokens.add(nextToken()).set()
8, 10608, 0.0, 1.0, -1.5, 2.0, 7, tokens.add(st.nextToken(message))
8, 10609, 0.0, 1.0, -1.5, 2.5, 7, tokens.add(st.nextToken(message))
8, 10610, 0.0, 1.0, -1.5, 3.0, 10, tokens.add(nextToken()).wait()
8, 10611, 0.0, 1.0, -1.5, 3.5, 12, st.nextToken()
8, 10612, 0.0, 1.0, -1.5, 4.0, 12, st.nextToken()
8, 10613, 0.0, 1.0, -1.5, 4.5, 12, tokens.add(message).append()
8, 10614, 0.0, 1.0, -1.5, 5.0, 12, st.nextToken()
8, 10615, 0.0, 1.0, -1.0, 0.0, 9, tokens.add(nextToken()).set()
8, 10616, 0.0, 1.0, -1.0, 0.5, 9, tokens.add(nextToken()).set()
8, 10617, 0.0, 1.0, -1.0, 1.0, 9, tokens.add(nextToken()).set()
8, 10618, 0.0, 1.0, -1.0, 1.5, 9, tokens.add(nextToken()).set()
8, 10619, 0.0, 1.0, -1.0, 2.0, 9, tokens.add(nextToken()).set()
8, 10620, 0.0, 1.0, -1.0, 2.5, 10, tokens.add(nextToken()).wait()
8, 10621, 0.0, 1.0, -1.0, 3.0, 12, st.nextToken()
8, 10622, 0.0, 1.0, -1.0, 3.5, 12, st.nextToken()
8, 10623, 0.0, 1.0, -1.0, 4.0, 13, tokens.add(message).notify()
8, 10624, 0.0, 1.0, -1.0, 4.5, 16, new Long(st.nextToken(message))
8, 10625, 0.0, 1.0, -1.0, 5.0, 16, new Long(st.nextToken(message))
8, 10626, 0.0, 1.0, -0.5, 0.0, 9, tokens.add(nextToken()).set()
8, 10627, 0.0, 1.0, -0.5, 0.5, 9, tokens.add(nextToken()).set()
8, 10628, 0.0, 1.0, -0.5, 1.0, 9, tokens.add(nextToken()).set()
8, 10629, 0.0, 1.0, -0.5, 1.5, 9, tokens.add(nextToken()).set()
8, 10630, 0.0, 1.0, -0.5, 2.0, 10, tokens.add(nextToken()).wait()
8, 10631, 0.0, 1.0, -0.5, 2.5, 16, new Long(st.nextToken(message))
8, 10632, 0.0, 1.0, -0.5, 3.0, 23, tokens.add(message).equals(st.nextToken(message))
8, 10633, 0.0, 1.0, -0.5, 3.5, 23, tokens.add(message).equals(st.nextToken(message))
8, 10634, 0.0, 1.0, -0.5, 4.0, 23, tokens.add(message).equals(st.nextToken(message))
8, 10635, 0.0, 1.0, -0.5, 4.5, 29, tokens.add(message).compareTo(tokens.add(message))
8, 10636, 0.0, 1.0, -0.5, 5.0, 29, tokens.add(message).compareTo(tokens.add(message))
8, 10637, 0.0, 1.0, 0.0, 0.0, 15, getTokens().add(nextToken()).wait()
8, 10638, 0.0, 1.0, 0.0, 0.5, 23, getTokens().addElement(nextToken()).hashCode()
8, 10639, 0.0, 1.0, 0.0, 1.0, 17, st.nextToken(st.nextToken(message))
8, 10640, 0.0, 1.0, 0.0, 1.5, 17, st.nextToken(st.nextToken(message))
8, 10641, 0.0, 1.0, 0.0, 2.0, 28, getTokens().add(message).equals(st.nextToken(message))
8, 10642, 0.0, 1.0, 0.0, 2.5, 28, getTokens().add(message).equals(st.nextToken(message))
8, 10643, 0.0, 1.0, 0.0, 3.0, 37, getTokens().add(message).compareTo(getTokens().add(message))
8, 10644, 0.0, 1.0, 0.0, 3.5, 37, getTokens().add(message).compareTo(getTokens().add(message))
8, 10645, 0.0, 1.0, 0.0, 4.0, 37, getTokens().add(message).compareTo(getTokens().add(message))
8, 10646, 0.0, 1.0, 0.0, 4.5, 37, getTokens().add(message).compareTo(getTokens().add(message))
8, 10647, 0.0, 1.0, 0.0, 5.0, 37, getTokens().add(message).compareTo(getTokens().add(message))
