8, 6300, 15, -1.0, 0.0, -0.5, 0.0, tokens.get()
8, 6301, 12, -1.0, 0.0, -0.5, 0.2, tokens.lastIndexOf(add())
8, 6302, 12, -1.0, 0.0, -0.5, 0.4, tokens.lastIndexOf(add())
8, 6303, 14, -1.0, 0.0, -0.5, 0.6000000000000001, tokens.add()
8, 6304, 14, -1.0, 0.0, -0.5, 0.8, tokens.add()
8, 6305, 14, -1.0, 0.0, -0.4, 0.0, tokens.add()
8, 6306, 15, -1.0, 0.0, -0.4, 0.2, tokens.get()
8, 6307, 14, -1.0, 0.0, -0.4, 0.4, tokens.add()
8, 6308, 15, -1.0, 0.0, -0.4, 0.6000000000000001, tokens.get()
8, 6309, 14, -1.0, 0.0, -0.4, 0.8, tokens.add()
8, 6310, 13, -1.0, 0.0, -0.30000000000000004, 0.0, st.nextToken(nextToken())
8, 6311, 12, -1.0, 0.0, -0.30000000000000004, 0.2, tokens.lastIndexOf(add())
8, 6312, 15, -1.0, 0.0, -0.30000000000000004, 0.4, tokens.get()
8, 6313, 14, -1.0, 0.0, -0.30000000000000004, 0.6000000000000001, tokens.add()
8, 6314, 14, -1.0, 0.0, -0.30000000000000004, 0.8, tokens.add()
8, 6315, 14, -1.0, 0.0, -0.20000000000000004, 0.0, tokens.add()
8, 6316, 14, -1.0, 0.0, -0.20000000000000004, 0.2, tokens.add()
8, 6317, 14, -1.0, 0.0, -0.20000000000000004, 0.4, tokens.add()
8, 6318, 14, -1.0, 0.0, -0.20000000000000004, 0.6000000000000001, tokens.add()
8, 6319, 15, -1.0, 0.0, -0.20000000000000004, 0.8, tokens.get()
8, 6320, 13, -1.0, 0.0, -0.10000000000000003, 0.0, st.nextToken(nextToken())
8, 6321, 14, -1.0, 0.0, -0.10000000000000003, 0.2, tokens.add()
8, 6322, 14, -1.0, 0.0, -0.10000000000000003, 0.4, tokens.add()
8, 6323, 14, -1.0, 0.0, -0.10000000000000003, 0.6000000000000001, tokens.add()
8, 6324, 14, -1.0, 0.0, -0.10000000000000003, 0.8, tokens.add()
8, 6325, 19, -1.0, 0.0, -2.7755575615628914E-17, 0.0, Math.sin(Math.tan())
8, 6326, 19, -1.0, 0.0, -2.7755575615628914E-17, 0.2, Math.sin(Math.tan())
8, 6327, 19, -1.0, 0.0, -2.7755575615628914E-17, 0.4, Math.sin(Math.tan())
8, 6328, 19, -1.0, 0.0, -2.7755575615628914E-17, 0.6000000000000001, Math.sin(Math.tan())
8, 6329, 19, -1.0, 0.0, -2.7755575615628914E-17, 0.8, Math.sin(Math.tan())
8, 6330, 3, -1.0, 0.4, -0.5, 0.0, tokens.add(nextToken())
8, 6331, 3, -1.0, 0.4, -0.5, 0.2, tokens.add(nextToken())
8, 6332, 3, -1.0, 0.4, -0.5, 0.4, tokens.add(nextToken())
8, 6333, 0, -1.0, 0.4, -0.5, 0.6000000000000001, tokens.add(st.nextToken())
8, 6334, 7, -1.0, 0.4, -0.5, 0.8, tokens.addElement(st.nextToken())
8, 6335, 7, -1.0, 0.4, -0.4, 0.0, tokens.addElement(nextToken())
8, 6336, 3, -1.0, 0.4, -0.4, 0.2, tokens.add(nextToken())
8, 6337, 3, -1.0, 0.4, -0.4, 0.4, tokens.add(nextToken())
8, 6338, 0, -1.0, 0.4, -0.4, 0.6000000000000001, tokens.add(st.nextToken())
8, 6339, 7, -1.0, 0.4, -0.4, 0.8, tokens.addElement(st.nextToken())
8, 6340, 3, -1.0, 0.4, -0.30000000000000004, 0.0, tokens.add(nextToken())
8, 6341, 3, -1.0, 0.4, -0.30000000000000004, 0.2, tokens.add(nextToken())
8, 6342, 3, -1.0, 0.4, -0.30000000000000004, 0.4, tokens.add(nextToken())
8, 6343, 0, -1.0, 0.4, -0.30000000000000004, 0.6000000000000001, tokens.add(st.nextToken())
8, 6344, 7, -1.0, 0.4, -0.30000000000000004, 0.8, tokens.addElement(st.nextToken())
8, 6345, 3, -1.0, 0.4, -0.20000000000000004, 0.0, tokens.add(nextToken())
8, 6346, 7, -1.0, 0.4, -0.20000000000000004, 0.2, tokens.equals(nextToken())
8, 6347, 3, -1.0, 0.4, -0.20000000000000004, 0.4, tokens.add(nextToken())
8, 6348, 0, -1.0, 0.4, -0.20000000000000004, 0.6000000000000001, tokens.add(st.nextToken())
8, 6349, 7, -1.0, 0.4, -0.20000000000000004, 0.8, tokens.addElement(st.nextToken())
8, 6350, 3, -1.0, 0.4, -0.10000000000000003, 0.0, tokens.add(nextToken())
8, 6351, 3, -1.0, 0.4, -0.10000000000000003, 0.2, tokens.add(nextToken())
8, 6352, 3, -1.0, 0.4, -0.10000000000000003, 0.4, tokens.add(nextToken())
8, 6353, 0, -1.0, 0.4, -0.10000000000000003, 0.6000000000000001, tokens.add(st.nextToken())
8, 6354, 7, -1.0, 0.4, -0.10000000000000003, 0.8, tokens.addElement(st.nextToken())
8, 6355, 8, -1.0, 0.4, -2.7755575615628914E-17, 0.0, getTokens().add(nextToken())
8, 6356, 12, -1.0, 0.4, -2.7755575615628914E-17, 0.2, st.nextToken()
8, 6357, 8, -1.0, 0.4, -2.7755575615628914E-17, 0.4, getTokens().add(nextToken())
8, 6358, 5, -1.0, 0.4, -2.7755575615628914E-17, 0.6000000000000001, getTokens().add(st.nextToken())
8, 6359, 5, -1.0, 0.4, -2.7755575615628914E-17, 0.8, getTokens().add(st.nextToken())
8, 6360, 12, -1.0, 0.8, -0.5, 0.0, st.nextToken()
8, 6361, 10, -1.0, 0.8, -0.5, 0.2, st.nextToken(st.nextToken())
8, 6362, 10, -1.0, 0.8, -0.5, 0.4, st.nextToken(st.nextToken())
8, 6363, 10, -1.0, 0.8, -0.5, 0.6000000000000001, st.nextToken(st.nextToken())
8, 6364, 10, -1.0, 0.8, -0.5, 0.8, st.nextToken(st.nextToken())
8, 6365, 12, -1.0, 0.8, -0.4, 0.0, st.nextToken()
8, 6366, 10, -1.0, 0.8, -0.4, 0.2, st.nextToken(st.nextToken())
8, 6367, 10, -1.0, 0.8, -0.4, 0.4, st.nextToken(st.nextToken())
8, 6368, 10, -1.0, 0.8, -0.4, 0.6000000000000001, st.nextToken(st.nextToken())
8, 6369, 10, -1.0, 0.8, -0.4, 0.8, st.nextToken(st.nextToken())
8, 6370, 12, -1.0, 0.8, -0.30000000000000004, 0.0, st.nextToken()
8, 6371, 10, -1.0, 0.8, -0.30000000000000004, 0.2, st.nextToken(st.nextToken())
8, 6372, 10, -1.0, 0.8, -0.30000000000000004, 0.4, st.nextToken(st.nextToken())
8, 6373, 10, -1.0, 0.8, -0.30000000000000004, 0.6000000000000001, st.nextToken(st.nextToken())
8, 6374, 10, -1.0, 0.8, -0.30000000000000004, 0.8, st.nextToken(st.nextToken())
8, 6375, 12, -1.0, 0.8, -0.20000000000000004, 0.0, st.nextToken()
8, 6376, 10, -1.0, 0.8, -0.20000000000000004, 0.2, st.nextToken(st.nextToken())
8, 6377, 10, -1.0, 0.8, -0.20000000000000004, 0.4, st.nextToken(st.nextToken())
8, 6378, 10, -1.0, 0.8, -0.20000000000000004, 0.6000000000000001, st.nextToken(st.nextToken())
8, 6379, 10, -1.0, 0.8, -0.20000000000000004, 0.8, st.nextToken(st.nextToken())
8, 6380, 12, -1.0, 0.8, -0.10000000000000003, 0.0, st.nextToken()
8, 6381, 10, -1.0, 0.8, -0.10000000000000003, 0.2, st.nextToken(st.nextToken())
8, 6382, 10, -1.0, 0.8, -0.10000000000000003, 0.4, st.nextToken(st.nextToken())
8, 6383, 10, -1.0, 0.8, -0.10000000000000003, 0.6000000000000001, st.nextToken(st.nextToken())
8, 6384, 10, -1.0, 0.8, -0.10000000000000003, 0.8, st.nextToken(st.nextToken())
8, 6385, 12, -1.0, 0.8, -2.7755575615628914E-17, 0.0, st.nextToken()
8, 6386, 10, -1.0, 0.8, -2.7755575615628914E-17, 0.2, st.nextToken(st.nextToken())
8, 6387, 10, -1.0, 0.8, -2.7755575615628914E-17, 0.4, st.nextToken(st.nextToken())
8, 6388, 10, -1.0, 0.8, -2.7755575615628914E-17, 0.6000000000000001, st.nextToken(st.nextToken())
8, 6389, 10, -1.0, 0.8, -2.7755575615628914E-17, 0.8, st.nextToken(st.nextToken())
8, 6390, 10, -1.0, 1.2000000000000002, -0.5, 0.0, st.nextToken(st.nextToken())
8, 6391, 10, -1.0, 1.2000000000000002, -0.5, 0.2, st.nextToken(st.nextToken())
8, 6392, 10, -1.0, 1.2000000000000002, -0.5, 0.4, st.nextToken(st.nextToken())
8, 6393, 10, -1.0, 1.2000000000000002, -0.5, 0.6000000000000001, st.nextToken(st.nextToken())
8, 6394, 10, -1.0, 1.2000000000000002, -0.5, 0.8, st.nextToken(st.nextToken())
8, 6395, 10, -1.0, 1.2000000000000002, -0.4, 0.0, st.nextToken(st.nextToken())
8, 6396, 10, -1.0, 1.2000000000000002, -0.4, 0.2, st.nextToken(st.nextToken())
8, 6397, 10, -1.0, 1.2000000000000002, -0.4, 0.4, st.nextToken(st.nextToken())
8, 6398, 10, -1.0, 1.2000000000000002, -0.4, 0.6000000000000001, st.nextToken(st.nextToken())
8, 6399, 11, -1.0, 1.2000000000000002, -0.4, 0.8, delete().append(st.nextToken())
8, 6400, 10, -1.0, 1.2000000000000002, -0.30000000000000004, 0.0, st.nextToken(st.nextToken())
8, 6401, 10, -1.0, 1.2000000000000002, -0.30000000000000004, 0.2, st.nextToken(st.nextToken())
8, 6402, 10, -1.0, 1.2000000000000002, -0.30000000000000004, 0.4, st.nextToken(st.nextToken())
8, 6403, 10, -1.0, 1.2000000000000002, -0.30000000000000004, 0.6000000000000001, st.nextToken(st.nextToken())
8, 6404, 10, -1.0, 1.2000000000000002, -0.30000000000000004, 0.8, st.nextToken(st.nextToken())
8, 6405, 10, -1.0, 1.2000000000000002, -0.20000000000000004, 0.0, st.nextToken(st.nextToken())
8, 6406, 10, -1.0, 1.2000000000000002, -0.20000000000000004, 0.2, st.nextToken(st.nextToken())
8, 6407, 10, -1.0, 1.2000000000000002, -0.20000000000000004, 0.4, st.nextToken(st.nextToken())
8, 6408, 10, -1.0, 1.2000000000000002, -0.20000000000000004, 0.6000000000000001, st.nextToken(st.nextToken())
8, 6409, 10, -1.0, 1.2000000000000002, -0.20000000000000004, 0.8, st.nextToken(st.nextToken())
8, 6410, 10, -1.0, 1.2000000000000002, -0.10000000000000003, 0.0, st.nextToken(st.nextToken())
8, 6411, 10, -1.0, 1.2000000000000002, -0.10000000000000003, 0.2, st.nextToken(st.nextToken())
8, 6412, 10, -1.0, 1.2000000000000002, -0.10000000000000003, 0.4, st.nextToken(st.nextToken())
8, 6413, 10, -1.0, 1.2000000000000002, -0.10000000000000003, 0.6000000000000001, st.nextToken(st.nextToken())
8, 6414, 10, -1.0, 1.2000000000000002, -0.10000000000000003, 0.8, st.nextToken(st.nextToken())
8, 6415, 10, -1.0, 1.2000000000000002, -2.7755575615628914E-17, 0.0, st.nextToken(st.nextToken())
8, 6416, 10, -1.0, 1.2000000000000002, -2.7755575615628914E-17, 0.2, st.nextToken(st.nextToken())
8, 6417, 10, -1.0, 1.2000000000000002, -2.7755575615628914E-17, 0.4, st.nextToken(st.nextToken())
8, 6418, 10, -1.0, 1.2000000000000002, -2.7755575615628914E-17, 0.6000000000000001, st.nextToken(st.nextToken())
8, 6419, 10, -1.0, 1.2000000000000002, -2.7755575615628914E-17, 0.8, st.nextToken(st.nextToken())
8, 6420, 10, -1.0, 1.6, -0.5, 0.0, st.nextToken(st.nextToken())
8, 6421, 10, -1.0, 1.6, -0.5, 0.2, st.nextToken(st.nextToken())
8, 6422, 10, -1.0, 1.6, -0.5, 0.4, st.nextToken(st.nextToken())
8, 6423, 10, -1.0, 1.6, -0.5, 0.6000000000000001, st.nextToken(st.nextToken())
8, 6424, 10, -1.0, 1.6, -0.5, 0.8, st.nextToken(st.nextToken())
8, 6425, 10, -1.0, 1.6, -0.4, 0.0, st.nextToken(st.nextToken())
8, 6426, 10, -1.0, 1.6, -0.4, 0.2, st.nextToken(st.nextToken())
8, 6427, 10, -1.0, 1.6, -0.4, 0.4, st.nextToken(st.nextToken())
8, 6428, 10, -1.0, 1.6, -0.4, 0.6000000000000001, st.nextToken(st.nextToken())
8, 6429, 10, -1.0, 1.6, -0.4, 0.8, st.nextToken(st.nextToken())
8, 6430, 10, -1.0, 1.6, -0.30000000000000004, 0.0, st.nextToken(st.nextToken())
8, 6431, 10, -1.0, 1.6, -0.30000000000000004, 0.2, st.nextToken(st.nextToken())
8, 6432, 10, -1.0, 1.6, -0.30000000000000004, 0.4, st.nextToken(st.nextToken())
8, 6433, 10, -1.0, 1.6, -0.30000000000000004, 0.6000000000000001, st.nextToken(st.nextToken())
8, 6434, 10, -1.0, 1.6, -0.30000000000000004, 0.8, st.nextToken(st.nextToken())
8, 6435, 10, -1.0, 1.6, -0.20000000000000004, 0.0, st.nextToken(st.nextToken())
8, 6436, 10, -1.0, 1.6, -0.20000000000000004, 0.2, st.nextToken(st.nextToken())
8, 6437, 10, -1.0, 1.6, -0.20000000000000004, 0.4, st.nextToken(st.nextToken())
8, 6438, 10, -1.0, 1.6, -0.20000000000000004, 0.6000000000000001, st.nextToken(st.nextToken())
8, 6439, 10, -1.0, 1.6, -0.20000000000000004, 0.8, st.nextToken(st.nextToken())
8, 6440, 10, -1.0, 1.6, -0.10000000000000003, 0.0, st.nextToken(st.nextToken())
8, 6441, 10, -1.0, 1.6, -0.10000000000000003, 0.2, st.nextToken(st.nextToken())
8, 6442, 10, -1.0, 1.6, -0.10000000000000003, 0.4, st.nextToken(st.nextToken())
8, 6443, 12, -1.0, 1.6, -0.10000000000000003, 0.6000000000000001, st.nextToken()
8, 6444, 10, -1.0, 1.6, -0.10000000000000003, 0.8, st.nextToken(st.nextToken())
8, 6445, 10, -1.0, 1.6, -2.7755575615628914E-17, 0.0, st.nextToken(st.nextToken())
8, 6446, 10, -1.0, 1.6, -2.7755575615628914E-17, 0.2, st.nextToken(st.nextToken())
8, 6447, 10, -1.0, 1.6, -2.7755575615628914E-17, 0.4, st.nextToken(st.nextToken())
8, 6448, 10, -1.0, 1.6, -2.7755575615628914E-17, 0.6000000000000001, st.nextToken(st.nextToken())
8, 6449, 10, -1.0, 1.6, -2.7755575615628914E-17, 0.8, st.nextToken(st.nextToken())
8, 6450, 13, -0.8, 0.0, -0.5, 0.0, st.nextToken(nextToken())
8, 6451, 12, -0.8, 0.0, -0.5, 0.2, tokens.lastIndexOf(add())
8, 6452, 12, -0.8, 0.0, -0.5, 0.4, tokens.lastIndexOf(add())
8, 6453, 14, -0.8, 0.0, -0.5, 0.6000000000000001, tokens.add()
8, 6454, 14, -0.8, 0.0, -0.5, 0.8, tokens.add()
8, 6455, 15, -0.8, 0.0, -0.4, 0.0, tokens.get()
8, 6456, 12, -0.8, 0.0, -0.4, 0.2, tokens.lastIndexOf(add())
8, 6457, 12, -0.8, 0.0, -0.4, 0.4, tokens.lastIndexOf(add())
8, 6458, 14, -0.8, 0.0, -0.4, 0.6000000000000001, tokens.add()
8, 6459, 14, -0.8, 0.0, -0.4, 0.8, tokens.add()
8, 6460, 13, -0.8, 0.0, -0.30000000000000004, 0.0, st.nextToken(nextToken())
8, 6461, 15, -0.8, 0.0, -0.30000000000000004, 0.2, tokens.get()
8, 6462, 14, -0.8, 0.0, -0.30000000000000004, 0.4, tokens.add()
8, 6463, 14, -0.8, 0.0, -0.30000000000000004, 0.6000000000000001, tokens.add()
8, 6464, 14, -0.8, 0.0, -0.30000000000000004, 0.8, tokens.add()
8, 6465, 14, -0.8, 0.0, -0.20000000000000004, 0.0, tokens.add()
8, 6466, 14, -0.8, 0.0, -0.20000000000000004, 0.2, tokens.add()
8, 6467, 15, -0.8, 0.0, -0.20000000000000004, 0.4, tokens.get()
8, 6468, 15, -0.8, 0.0, -0.20000000000000004, 0.6000000000000001, tokens.get()
8, 6469, 14, -0.8, 0.0, -0.20000000000000004, 0.8, tokens.add()
8, 6470, 14, -0.8, 0.0, -0.10000000000000003, 0.0, tokens.add()
8, 6471, 14, -0.8, 0.0, -0.10000000000000003, 0.2, tokens.add()
8, 6472, 14, -0.8, 0.0, -0.10000000000000003, 0.4, tokens.add()
8, 6473, 15, -0.8, 0.0, -0.10000000000000003, 0.6000000000000001, tokens.get()
8, 6474, 14, -0.8, 0.0, -0.10000000000000003, 0.8, tokens.add()
8, 6475, 19, -0.8, 0.0, -2.7755575615628914E-17, 0.0, Math.sin(Math.tan())
8, 6476, 19, -0.8, 0.0, -2.7755575615628914E-17, 0.2, Math.sin(Math.tan())
8, 6477, 19, -0.8, 0.0, -2.7755575615628914E-17, 0.4, Math.sin(Math.tan())
8, 6478, 19, -0.8, 0.0, -2.7755575615628914E-17, 0.6000000000000001, Math.sin(Math.tan())
8, 6479, 19, -0.8, 0.0, -2.7755575615628914E-17, 0.8, Math.sin(Math.tan())
8, 6480, 3, -0.8, 0.4, -0.5, 0.0, tokens.add(nextToken())
8, 6481, 3, -0.8, 0.4, -0.5, 0.2, tokens.add(nextToken())
8, 6482, 0, -0.8, 0.4, -0.5, 0.4, tokens.add(st.nextToken())
8, 6483, 0, -0.8, 0.4, -0.5, 0.6000000000000001, tokens.add(st.nextToken())
8, 6484, 0, -0.8, 0.4, -0.5, 0.8, tokens.add(st.nextToken())
8, 6485, 3, -0.8, 0.4, -0.4, 0.0, tokens.add(nextToken())
8, 6486, 3, -0.8, 0.4, -0.4, 0.2, tokens.add(nextToken())
8, 6487, 0, -0.8, 0.4, -0.4, 0.4, tokens.add(st.nextToken())
8, 6488, 0, -0.8, 0.4, -0.4, 0.6000000000000001, tokens.add(st.nextToken())
8, 6489, 0, -0.8, 0.4, -0.4, 0.8, tokens.add(st.nextToken())
8, 6490, 3, -0.8, 0.4, -0.30000000000000004, 0.0, tokens.add(nextToken())
8, 6491, 3, -0.8, 0.4, -0.30000000000000004, 0.2, tokens.add(nextToken())
8, 6492, 0, -0.8, 0.4, -0.30000000000000004, 0.4, tokens.add(st.nextToken())
8, 6493, 0, -0.8, 0.4, -0.30000000000000004, 0.6000000000000001, tokens.add(st.nextToken())
8, 6494, 0, -0.8, 0.4, -0.30000000000000004, 0.8, tokens.add(st.nextToken())
8, 6495, 3, -0.8, 0.4, -0.20000000000000004, 0.0, tokens.add(nextToken())
8, 6496, 3, -0.8, 0.4, -0.20000000000000004, 0.2, tokens.add(nextToken())
8, 6497, 0, -0.8, 0.4, -0.20000000000000004, 0.4, tokens.add(st.nextToken())
8, 6498, 0, -0.8, 0.4, -0.20000000000000004, 0.6000000000000001, tokens.add(st.nextToken())
8, 6499, 0, -0.8, 0.4, -0.20000000000000004, 0.8, tokens.add(st.nextToken())
8, 6500, 3, -0.8, 0.4, -0.10000000000000003, 0.0, tokens.add(nextToken())
8, 6501, 3, -0.8, 0.4, -0.10000000000000003, 0.2, tokens.add(nextToken())
8, 6502, 0, -0.8, 0.4, -0.10000000000000003, 0.4, tokens.add(st.nextToken())
8, 6503, 0, -0.8, 0.4, -0.10000000000000003, 0.6000000000000001, tokens.add(st.nextToken())
8, 6504, 0, -0.8, 0.4, -0.10000000000000003, 0.8, tokens.add(st.nextToken())
8, 6505, 12, -0.8, 0.4, -2.7755575615628914E-17, 0.0, st.nextToken()
8, 6506, 8, -0.8, 0.4, -2.7755575615628914E-17, 0.2, getTokens().add(nextToken())
8, 6507, 5, -0.8, 0.4, -2.7755575615628914E-17, 0.4, getTokens().add(st.nextToken())
8, 6508, 5, -0.8, 0.4, -2.7755575615628914E-17, 0.6000000000000001, getTokens().add(st.nextToken())
8, 6509, 5, -0.8, 0.4, -2.7755575615628914E-17, 0.8, getTokens().add(st.nextToken())
8, 6510, 10, -0.8, 0.8, -0.5, 0.0, st.nextToken(st.nextToken())
8, 6511, 10, -0.8, 0.8, -0.5, 0.2, st.nextToken(st.nextToken())
8, 6512, 10, -0.8, 0.8, -0.5, 0.4, st.nextToken(st.nextToken())
8, 6513, 10, -0.8, 0.8, -0.5, 0.6000000000000001, st.nextToken(st.nextToken())
8, 6514, 10, -0.8, 0.8, -0.5, 0.8, st.nextToken(st.nextToken())
8, 6515, 10, -0.8, 0.8, -0.4, 0.0, st.nextToken(st.nextToken())
8, 6516, 10, -0.8, 0.8, -0.4, 0.2, st.nextToken(st.nextToken())
8, 6517, 10, -0.8, 0.8, -0.4, 0.4, st.nextToken(st.nextToken())
8, 6518, 10, -0.8, 0.8, -0.4, 0.6000000000000001, st.nextToken(st.nextToken())
8, 6519, 10, -0.8, 0.8, -0.4, 0.8, st.nextToken(st.nextToken())
8, 6520, 10, -0.8, 0.8, -0.30000000000000004, 0.0, st.nextToken(st.nextToken())
8, 6521, 10, -0.8, 0.8, -0.30000000000000004, 0.2, st.nextToken(st.nextToken())
8, 6522, 10, -0.8, 0.8, -0.30000000000000004, 0.4, st.nextToken(st.nextToken())
8, 6523, 10, -0.8, 0.8, -0.30000000000000004, 0.6000000000000001, st.nextToken(st.nextToken())
8, 6524, 10, -0.8, 0.8, -0.30000000000000004, 0.8, st.nextToken(st.nextToken())
8, 6525, 10, -0.8, 0.8, -0.20000000000000004, 0.0, st.nextToken(st.nextToken())
8, 6526, 10, -0.8, 0.8, -0.20000000000000004, 0.2, st.nextToken(st.nextToken())
8, 6527, 10, -0.8, 0.8, -0.20000000000000004, 0.4, st.nextToken(st.nextToken())
8, 6528, 10, -0.8, 0.8, -0.20000000000000004, 0.6000000000000001, st.nextToken(st.nextToken())
8, 6529, 10, -0.8, 0.8, -0.20000000000000004, 0.8, st.nextToken(st.nextToken())
8, 6530, 10, -0.8, 0.8, -0.10000000000000003, 0.0, st.nextToken(st.nextToken())
8, 6531, 10, -0.8, 0.8, -0.10000000000000003, 0.2, st.nextToken(st.nextToken())
8, 6532, 10, -0.8, 0.8, -0.10000000000000003, 0.4, st.nextToken(st.nextToken())
8, 6533, 10, -0.8, 0.8, -0.10000000000000003, 0.6000000000000001, st.nextToken(st.nextToken())
8, 6534, 10, -0.8, 0.8, -0.10000000000000003, 0.8, st.nextToken(st.nextToken())
8, 6535, 10, -0.8, 0.8, -2.7755575615628914E-17, 0.0, st.nextToken(st.nextToken())
8, 6536, 10, -0.8, 0.8, -2.7755575615628914E-17, 0.2, st.nextToken(st.nextToken())
8, 6537, 10, -0.8, 0.8, -2.7755575615628914E-17, 0.4, st.nextToken(st.nextToken())
8, 6538, 10, -0.8, 0.8, -2.7755575615628914E-17, 0.6000000000000001, st.nextToken(st.nextToken())
8, 6539, 10, -0.8, 0.8, -2.7755575615628914E-17, 0.8, st.nextToken(st.nextToken())
8, 6540, 10, -0.8, 1.2000000000000002, -0.5, 0.0, st.nextToken(st.nextToken())
8, 6541, 10, -0.8, 1.2000000000000002, -0.5, 0.2, st.nextToken(st.nextToken())
8, 6542, 10, -0.8, 1.2000000000000002, -0.5, 0.4, st.nextToken(st.nextToken())
8, 6543, 10, -0.8, 1.2000000000000002, -0.5, 0.6000000000000001, st.nextToken(st.nextToken())
8, 6544, 10, -0.8, 1.2000000000000002, -0.5, 0.8, st.nextToken(st.nextToken())
8, 6545, 10, -0.8, 1.2000000000000002, -0.4, 0.0, st.nextToken(st.nextToken())
8, 6546, 10, -0.8, 1.2000000000000002, -0.4, 0.2, st.nextToken(st.nextToken())
8, 6547, 10, -0.8, 1.2000000000000002, -0.4, 0.4, st.nextToken(st.nextToken())
8, 6548, 10, -0.8, 1.2000000000000002, -0.4, 0.6000000000000001, st.nextToken(st.nextToken())
8, 6549, 10, -0.8, 1.2000000000000002, -0.4, 0.8, st.nextToken(st.nextToken())
8, 6550, 10, -0.8, 1.2000000000000002, -0.30000000000000004, 0.0, st.nextToken(st.nextToken())
8, 6551, 10, -0.8, 1.2000000000000002, -0.30000000000000004, 0.2, st.nextToken(st.nextToken())
8, 6552, 10, -0.8, 1.2000000000000002, -0.30000000000000004, 0.4, st.nextToken(st.nextToken())
8, 6553, 10, -0.8, 1.2000000000000002, -0.30000000000000004, 0.6000000000000001, st.nextToken(st.nextToken())
8, 6554, 10, -0.8, 1.2000000000000002, -0.30000000000000004, 0.8, st.nextToken(st.nextToken())
8, 6555, 10, -0.8, 1.2000000000000002, -0.20000000000000004, 0.0, st.nextToken(st.nextToken())
8, 6556, 10, -0.8, 1.2000000000000002, -0.20000000000000004, 0.2, st.nextToken(st.nextToken())
8, 6557, 10, -0.8, 1.2000000000000002, -0.20000000000000004, 0.4, st.nextToken(st.nextToken())
8, 6558, 10, -0.8, 1.2000000000000002, -0.20000000000000004, 0.6000000000000001, st.nextToken(st.nextToken())
8, 6559, 10, -0.8, 1.2000000000000002, -0.20000000000000004, 0.8, st.nextToken(st.nextToken())
8, 6560, 10, -0.8, 1.2000000000000002, -0.10000000000000003, 0.0, st.nextToken(st.nextToken())
8, 6561, 10, -0.8, 1.2000000000000002, -0.10000000000000003, 0.2, st.nextToken(st.nextToken())
8, 6562, 10, -0.8, 1.2000000000000002, -0.10000000000000003, 0.4, st.nextToken(st.nextToken())
8, 6563, 10, -0.8, 1.2000000000000002, -0.10000000000000003, 0.6000000000000001, st.nextToken(st.nextToken())
8, 6564, 10, -0.8, 1.2000000000000002, -0.10000000000000003, 0.8, st.nextToken(st.nextToken())
8, 6565, 10, -0.8, 1.2000000000000002, -2.7755575615628914E-17, 0.0, st.nextToken(st.nextToken())
8, 6566, 10, -0.8, 1.2000000000000002, -2.7755575615628914E-17, 0.2, st.nextToken(st.nextToken())
8, 6567, 10, -0.8, 1.2000000000000002, -2.7755575615628914E-17, 0.4, st.nextToken(st.nextToken())
8, 6568, 10, -0.8, 1.2000000000000002, -2.7755575615628914E-17, 0.6000000000000001, st.nextToken(st.nextToken())
8, 6569, 12, -0.8, 1.2000000000000002, -2.7755575615628914E-17, 0.8, st.nextToken()
8, 6570, 10, -0.8, 1.6, -0.5, 0.0, st.nextToken(st.nextToken())
8, 6571, 10, -0.8, 1.6, -0.5, 0.2, st.nextToken(st.nextToken())
8, 6572, 10, -0.8, 1.6, -0.5, 0.4, st.nextToken(st.nextToken())
8, 6573, 10, -0.8, 1.6, -0.5, 0.6000000000000001, st.nextToken(st.nextToken())
8, 6574, 10, -0.8, 1.6, -0.5, 0.8, st.nextToken(st.nextToken())
8, 6575, 10, -0.8, 1.6, -0.4, 0.0, st.nextToken(st.nextToken())
8, 6576, 10, -0.8, 1.6, -0.4, 0.2, st.nextToken(st.nextToken())
8, 6577, 10, -0.8, 1.6, -0.4, 0.4, st.nextToken(st.nextToken())
8, 6578, 10, -0.8, 1.6, -0.4, 0.6000000000000001, st.nextToken(st.nextToken())
8, 6579, 10, -0.8, 1.6, -0.4, 0.8, st.nextToken(st.nextToken())
8, 6580, 10, -0.8, 1.6, -0.30000000000000004, 0.0, st.nextToken(st.nextToken())
8, 6581, 10, -0.8, 1.6, -0.30000000000000004, 0.2, st.nextToken(st.nextToken())
8, 6582, 10, -0.8, 1.6, -0.30000000000000004, 0.4, st.nextToken(st.nextToken())
8, 6583, 10, -0.8, 1.6, -0.30000000000000004, 0.6000000000000001, st.nextToken(st.nextToken())
8, 6584, 10, -0.8, 1.6, -0.30000000000000004, 0.8, st.nextToken(st.nextToken())
8, 6585, 10, -0.8, 1.6, -0.20000000000000004, 0.0, st.nextToken(st.nextToken())
8, 6586, 12, -0.8, 1.6, -0.20000000000000004, 0.2, st.nextToken()
8, 6587, 10, -0.8, 1.6, -0.20000000000000004, 0.4, st.nextToken(st.nextToken())
8, 6588, 10, -0.8, 1.6, -0.20000000000000004, 0.6000000000000001, st.nextToken(st.nextToken())
8, 6589, 10, -0.8, 1.6, -0.20000000000000004, 0.8, st.nextToken(st.nextToken())
8, 6590, 10, -0.8, 1.6, -0.10000000000000003, 0.0, st.nextToken(st.nextToken())
8, 6591, 10, -0.8, 1.6, -0.10000000000000003, 0.2, st.nextToken(st.nextToken())
8, 6592, 10, -0.8, 1.6, -0.10000000000000003, 0.4, st.nextToken(st.nextToken())
8, 6593, 10, -0.8, 1.6, -0.10000000000000003, 0.6000000000000001, st.nextToken(st.nextToken())
8, 6594, 10, -0.8, 1.6, -0.10000000000000003, 0.8, st.nextToken(st.nextToken())
8, 6595, 10, -0.8, 1.6, -2.7755575615628914E-17, 0.0, st.nextToken(st.nextToken())
8, 6596, 10, -0.8, 1.6, -2.7755575615628914E-17, 0.2, st.nextToken(st.nextToken())
8, 6597, 10, -0.8, 1.6, -2.7755575615628914E-17, 0.4, st.nextToken(st.nextToken())
8, 6598, 10, -0.8, 1.6, -2.7755575615628914E-17, 0.6000000000000001, st.nextToken(st.nextToken())
8, 6599, 10, -0.8, 1.6, -2.7755575615628914E-17, 0.8, st.nextToken(st.nextToken())
8, 6600, 13, -0.6000000000000001, 0.0, -0.5, 0.0, st.nextToken(nextToken())
8, 6601, 13, -0.6000000000000001, 0.0, -0.5, 0.2, st.nextToken(nextToken())
8, 6602, 12, -0.6000000000000001, 0.0, -0.5, 0.4, tokens.lastIndexOf(add())
8, 6603, 14, -0.6000000000000001, 0.0, -0.5, 0.6000000000000001, tokens.add()
8, 6604, 11, -0.6000000000000001, 0.0, -0.5, 0.8, tokens.add().wait()
8, 6605, 14, -0.6000000000000001, 0.0, -0.4, 0.0, tokens.add()
8, 6606, 13, -0.6000000000000001, 0.0, -0.4, 0.2, st.nextToken(nextToken())
8, 6607, 14, -0.6000000000000001, 0.0, -0.4, 0.4, tokens.add()
8, 6608, 14, -0.6000000000000001, 0.0, -0.4, 0.6000000000000001, tokens.add()
8, 6609, 14, -0.6000000000000001, 0.0, -0.4, 0.8, tokens.add()
8, 6610, 15, -0.6000000000000001, 0.0, -0.30000000000000004, 0.0, tokens.get()
8, 6611, 12, -0.6000000000000001, 0.0, -0.30000000000000004, 0.2, tokens.lastIndexOf(add())
8, 6612, 14, -0.6000000000000001, 0.0, -0.30000000000000004, 0.4, tokens.add()
8, 6613, 14, -0.6000000000000001, 0.0, -0.30000000000000004, 0.6000000000000001, tokens.add()
8, 6614, 14, -0.6000000000000001, 0.0, -0.30000000000000004, 0.8, tokens.add()
8, 6615, 14, -0.6000000000000001, 0.0, -0.20000000000000004, 0.0, tokens.add()
8, 6616, 15, -0.6000000000000001, 0.0, -0.20000000000000004, 0.2, tokens.get()
8, 6617, 15, -0.6000000000000001, 0.0, -0.20000000000000004, 0.4, tokens.get()
8, 6618, 14, -0.6000000000000001, 0.0, -0.20000000000000004, 0.6000000000000001, tokens.add()
8, 6619, 14, -0.6000000000000001, 0.0, -0.20000000000000004, 0.8, tokens.add()
8, 6620, 14, -0.6000000000000001, 0.0, -0.10000000000000003, 0.0, tokens.add()
8, 6621, 14, -0.6000000000000001, 0.0, -0.10000000000000003, 0.2, tokens.add()
8, 6622, 15, -0.6000000000000001, 0.0, -0.10000000000000003, 0.4, tokens.get()
8, 6623, 14, -0.6000000000000001, 0.0, -0.10000000000000003, 0.6000000000000001, tokens.add()
8, 6624, 12, -0.6000000000000001, 0.0, -0.10000000000000003, 0.8, st.nextToken()
8, 6625, 19, -0.6000000000000001, 0.0, -2.7755575615628914E-17, 0.0, Math.sin(Math.tan())
8, 6626, 19, -0.6000000000000001, 0.0, -2.7755575615628914E-17, 0.2, Math.sin(Math.tan())
8, 6627, 19, -0.6000000000000001, 0.0, -2.7755575615628914E-17, 0.4, Math.sin(Math.tan())
8, 6628, 19, -0.6000000000000001, 0.0, -2.7755575615628914E-17, 0.6000000000000001, Math.sin(Math.tan())
8, 6629, 17, -0.6000000000000001, 0.0, -2.7755575615628914E-17, 0.8, command().hashCode()
8, 6630, 3, -0.6000000000000001, 0.4, -0.5, 0.0, tokens.add(nextToken())
8, 6631, 0, -0.6000000000000001, 0.4, -0.5, 0.2, tokens.add(st.nextToken())
8, 6632, 0, -0.6000000000000001, 0.4, -0.5, 0.4, tokens.add(st.nextToken())
8, 6633, 0, -0.6000000000000001, 0.4, -0.5, 0.6000000000000001, tokens.add(st.nextToken())
8, 6634, 0, -0.6000000000000001, 0.4, -0.5, 0.8, tokens.add(st.nextToken())
8, 6635, 3, -0.6000000000000001, 0.4, -0.4, 0.0, tokens.add(nextToken())
8, 6636, 0, -0.6000000000000001, 0.4, -0.4, 0.2, tokens.add(st.nextToken())
8, 6637, 0, -0.6000000000000001, 0.4, -0.4, 0.4, tokens.add(st.nextToken())
8, 6638, 0, -0.6000000000000001, 0.4, -0.4, 0.6000000000000001, tokens.add(st.nextToken())
8, 6639, 0, -0.6000000000000001, 0.4, -0.4, 0.8, tokens.add(st.nextToken())
8, 6640, 3, -0.6000000000000001, 0.4, -0.30000000000000004, 0.0, tokens.add(nextToken())
8, 6641, 0, -0.6000000000000001, 0.4, -0.30000000000000004, 0.2, tokens.add(st.nextToken())
8, 6642, 0, -0.6000000000000001, 0.4, -0.30000000000000004, 0.4, tokens.add(st.nextToken())
8, 6643, 0, -0.6000000000000001, 0.4, -0.30000000000000004, 0.6000000000000001, tokens.add(st.nextToken())
8, 6644, 0, -0.6000000000000001, 0.4, -0.30000000000000004, 0.8, tokens.add(st.nextToken())
8, 6645, 3, -0.6000000000000001, 0.4, -0.20000000000000004, 0.0, tokens.add(nextToken())
8, 6646, 12, -0.6000000000000001, 0.4, -0.20000000000000004, 0.2, st.nextToken()
8, 6647, 7, -0.6000000000000001, 0.4, -0.20000000000000004, 0.4, tokens.contains(st.nextToken())
8, 6648, 0, -0.6000000000000001, 0.4, -0.20000000000000004, 0.6000000000000001, tokens.add(st.nextToken())
8, 6649, 0, -0.6000000000000001, 0.4, -0.20000000000000004, 0.8, tokens.add(st.nextToken())
8, 6650, 12, -0.6000000000000001, 0.4, -0.10000000000000003, 0.0, st.nextToken()
8, 6651, 12, -0.6000000000000001, 0.4, -0.10000000000000003, 0.2, st.nextToken()
8, 6652, 10, -0.6000000000000001, 0.4, -0.10000000000000003, 0.4, st.nextToken(st.nextToken())
8, 6653, 10, -0.6000000000000001, 0.4, -0.10000000000000003, 0.6000000000000001, st.nextToken(st.nextToken())
8, 6654, 10, -0.6000000000000001, 0.4, -0.10000000000000003, 0.8, st.nextToken(st.nextToken())
8, 6655, 12, -0.6000000000000001, 0.4, -2.7755575615628914E-17, 0.0, st.nextToken()
8, 6656, 10, -0.6000000000000001, 0.4, -2.7755575615628914E-17, 0.2, st.nextToken(st.nextToken())
8, 6657, 10, -0.6000000000000001, 0.4, -2.7755575615628914E-17, 0.4, st.nextToken(st.nextToken())
8, 6658, 10, -0.6000000000000001, 0.4, -2.7755575615628914E-17, 0.6000000000000001, st.nextToken(st.nextToken())
8, 6659, 12, -0.6000000000000001, 0.4, -2.7755575615628914E-17, 0.8, st.nextToken()
8, 6660, 10, -0.6000000000000001, 0.8, -0.5, 0.0, st.nextToken(st.nextToken())
8, 6661, 10, -0.6000000000000001, 0.8, -0.5, 0.2, st.nextToken(st.nextToken())
8, 6662, 10, -0.6000000000000001, 0.8, -0.5, 0.4, st.nextToken(st.nextToken())
8, 6663, 10, -0.6000000000000001, 0.8, -0.5, 0.6000000000000001, st.nextToken(st.nextToken())
8, 6664, 10, -0.6000000000000001, 0.8, -0.5, 0.8, st.nextToken(st.nextToken())
8, 6665, 10, -0.6000000000000001, 0.8, -0.4, 0.0, st.nextToken(st.nextToken())
8, 6666, 10, -0.6000000000000001, 0.8, -0.4, 0.2, st.nextToken(st.nextToken())
8, 6667, 10, -0.6000000000000001, 0.8, -0.4, 0.4, st.nextToken(st.nextToken())
8, 6668, 10, -0.6000000000000001, 0.8, -0.4, 0.6000000000000001, st.nextToken(st.nextToken())
8, 6669, 10, -0.6000000000000001, 0.8, -0.4, 0.8, st.nextToken(st.nextToken())
8, 6670, 10, -0.6000000000000001, 0.8, -0.30000000000000004, 0.0, st.nextToken(st.nextToken())
8, 6671, 10, -0.6000000000000001, 0.8, -0.30000000000000004, 0.2, st.nextToken(st.nextToken())
8, 6672, 10, -0.6000000000000001, 0.8, -0.30000000000000004, 0.4, st.nextToken(st.nextToken())
8, 6673, 10, -0.6000000000000001, 0.8, -0.30000000000000004, 0.6000000000000001, st.nextToken(st.nextToken())
8, 6674, 10, -0.6000000000000001, 0.8, -0.30000000000000004, 0.8, st.nextToken(st.nextToken())
8, 6675, 12, -0.6000000000000001, 0.8, -0.20000000000000004, 0.0, st.nextToken()
8, 6676, 10, -0.6000000000000001, 0.8, -0.20000000000000004, 0.2, st.nextToken(st.nextToken())
8, 6677, 10, -0.6000000000000001, 0.8, -0.20000000000000004, 0.4, st.nextToken(st.nextToken())
8, 6678, 10, -0.6000000000000001, 0.8, -0.20000000000000004, 0.6000000000000001, st.nextToken(st.nextToken())
8, 6679, 10, -0.6000000000000001, 0.8, -0.20000000000000004, 0.8, st.nextToken(st.nextToken())
8, 6680, 10, -0.6000000000000001, 0.8, -0.10000000000000003, 0.0, st.nextToken(st.nextToken())
8, 6681, 10, -0.6000000000000001, 0.8, -0.10000000000000003, 0.2, st.nextToken(st.nextToken())
8, 6682, 10, -0.6000000000000001, 0.8, -0.10000000000000003, 0.4, st.nextToken(st.nextToken())
8, 6683, 10, -0.6000000000000001, 0.8, -0.10000000000000003, 0.6000000000000001, st.nextToken(st.nextToken())
8, 6684, 10, -0.6000000000000001, 0.8, -0.10000000000000003, 0.8, st.nextToken(st.nextToken())
8, 6685, 10, -0.6000000000000001, 0.8, -2.7755575615628914E-17, 0.0, st.nextToken(st.nextToken())
8, 6686, 10, -0.6000000000000001, 0.8, -2.7755575615628914E-17, 0.2, st.nextToken(st.nextToken())
8, 6687, 10, -0.6000000000000001, 0.8, -2.7755575615628914E-17, 0.4, st.nextToken(st.nextToken())
8, 6688, 12, -0.6000000000000001, 0.8, -2.7755575615628914E-17, 0.6000000000000001, st.nextToken()
8, 6689, 10, -0.6000000000000001, 0.8, -2.7755575615628914E-17, 0.8, st.nextToken(st.nextToken())
8, 6690, 10, -0.6000000000000001, 1.2000000000000002, -0.5, 0.0, st.nextToken(st.nextToken())
8, 6691, 10, -0.6000000000000001, 1.2000000000000002, -0.5, 0.2, st.nextToken(st.nextToken())
8, 6692, 10, -0.6000000000000001, 1.2000000000000002, -0.5, 0.4, st.nextToken(st.nextToken())
8, 6693, 10, -0.6000000000000001, 1.2000000000000002, -0.5, 0.6000000000000001, st.nextToken(st.nextToken())
8, 6694, 10, -0.6000000000000001, 1.2000000000000002, -0.5, 0.8, st.nextToken(st.nextToken())
8, 6695, 10, -0.6000000000000001, 1.2000000000000002, -0.4, 0.0, st.nextToken(st.nextToken())
8, 6696, 10, -0.6000000000000001, 1.2000000000000002, -0.4, 0.2, st.nextToken(st.nextToken())
8, 6697, 10, -0.6000000000000001, 1.2000000000000002, -0.4, 0.4, st.nextToken(st.nextToken())
8, 6698, 10, -0.6000000000000001, 1.2000000000000002, -0.4, 0.6000000000000001, st.nextToken(st.nextToken())
8, 6699, 10, -0.6000000000000001, 1.2000000000000002, -0.4, 0.8, st.nextToken(st.nextToken())
8, 6700, 10, -0.6000000000000001, 1.2000000000000002, -0.30000000000000004, 0.0, st.nextToken(st.nextToken())
8, 6701, 10, -0.6000000000000001, 1.2000000000000002, -0.30000000000000004, 0.2, st.nextToken(st.nextToken())
8, 6702, 10, -0.6000000000000001, 1.2000000000000002, -0.30000000000000004, 0.4, st.nextToken(st.nextToken())
8, 6703, 10, -0.6000000000000001, 1.2000000000000002, -0.30000000000000004, 0.6000000000000001, st.nextToken(st.nextToken())
8, 6704, 10, -0.6000000000000001, 1.2000000000000002, -0.30000000000000004, 0.8, st.nextToken(st.nextToken())
8, 6705, 12, -0.6000000000000001, 1.2000000000000002, -0.20000000000000004, 0.0, st.nextToken()
8, 6706, 10, -0.6000000000000001, 1.2000000000000002, -0.20000000000000004, 0.2, st.nextToken(st.nextToken())
8, 6707, 10, -0.6000000000000001, 1.2000000000000002, -0.20000000000000004, 0.4, st.nextToken(st.nextToken())
8, 6708, 10, -0.6000000000000001, 1.2000000000000002, -0.20000000000000004, 0.6000000000000001, st.nextToken(st.nextToken())
8, 6709, 10, -0.6000000000000001, 1.2000000000000002, -0.20000000000000004, 0.8, st.nextToken(st.nextToken())
8, 6710, 10, -0.6000000000000001, 1.2000000000000002, -0.10000000000000003, 0.0, st.nextToken(st.nextToken())
8, 6711, 12, -0.6000000000000001, 1.2000000000000002, -0.10000000000000003, 0.2, st.nextToken()
8, 6712, 10, -0.6000000000000001, 1.2000000000000002, -0.10000000000000003, 0.4, st.nextToken(st.nextToken())
8, 6713, 10, -0.6000000000000001, 1.2000000000000002, -0.10000000000000003, 0.6000000000000001, st.nextToken(st.nextToken())
8, 6714, 10, -0.6000000000000001, 1.2000000000000002, -0.10000000000000003, 0.8, st.nextToken(st.nextToken())
8, 6715, 10, -0.6000000000000001, 1.2000000000000002, -2.7755575615628914E-17, 0.0, st.nextToken(st.nextToken())
8, 6716, 15, -0.6000000000000001, 1.2000000000000002, -2.7755575615628914E-17, 0.2, getParent().loadClass(st.nextToken())
8, 6717, 17, -0.6000000000000001, 1.2000000000000002, -2.7755575615628914E-17, 0.4, command().hashCode()
8, 6718, 17, -0.6000000000000001, 1.2000000000000002, -2.7755575615628914E-17, 0.6000000000000001, command().hashCode()
8, 6719, 10, -0.6000000000000001, 1.2000000000000002, -2.7755575615628914E-17, 0.8, st.nextToken(st.nextToken())
8, 6720, 10, -0.6000000000000001, 1.6, -0.5, 0.0, st.nextToken(st.nextToken())
8, 6721, 10, -0.6000000000000001, 1.6, -0.5, 0.2, st.nextToken(st.nextToken())
8, 6722, 10, -0.6000000000000001, 1.6, -0.5, 0.4, st.nextToken(st.nextToken())
8, 6723, 10, -0.6000000000000001, 1.6, -0.5, 0.6000000000000001, st.nextToken(st.nextToken())
8, 6724, 10, -0.6000000000000001, 1.6, -0.5, 0.8, st.nextToken(st.nextToken())
8, 6725, 10, -0.6000000000000001, 1.6, -0.4, 0.0, st.nextToken(st.nextToken())
8, 6726, 10, -0.6000000000000001, 1.6, -0.4, 0.2, st.nextToken(st.nextToken())
8, 6727, 10, -0.6000000000000001, 1.6, -0.4, 0.4, st.nextToken(st.nextToken())
8, 6728, 10, -0.6000000000000001, 1.6, -0.4, 0.6000000000000001, st.nextToken(st.nextToken())
8, 6729, 10, -0.6000000000000001, 1.6, -0.4, 0.8, st.nextToken(st.nextToken())
8, 6730, 10, -0.6000000000000001, 1.6, -0.30000000000000004, 0.0, st.nextToken(st.nextToken())
8, 6731, 10, -0.6000000000000001, 1.6, -0.30000000000000004, 0.2, st.nextToken(st.nextToken())
8, 6732, 10, -0.6000000000000001, 1.6, -0.30000000000000004, 0.4, st.nextToken(st.nextToken())
8, 6733, 10, -0.6000000000000001, 1.6, -0.30000000000000004, 0.6000000000000001, st.nextToken(st.nextToken())
8, 6734, 10, -0.6000000000000001, 1.6, -0.30000000000000004, 0.8, st.nextToken(st.nextToken())
8, 6735, 12, -0.6000000000000001, 1.6, -0.20000000000000004, 0.0, tokens.add(nextToken()).notify()
8, 6736, 10, -0.6000000000000001, 1.6, -0.20000000000000004, 0.2, st.nextToken(st.nextToken())
8, 6737, 10, -0.6000000000000001, 1.6, -0.20000000000000004, 0.4, st.nextToken(st.nextToken())
8, 6738, 10, -0.6000000000000001, 1.6, -0.20000000000000004, 0.6000000000000001, st.nextToken(st.nextToken())
8, 6739, 10, -0.6000000000000001, 1.6, -0.20000000000000004, 0.8, st.nextToken(st.nextToken())
8, 6740, 10, -0.6000000000000001, 1.6, -0.10000000000000003, 0.0, st.nextToken(st.nextToken())
8, 6741, 10, -0.6000000000000001, 1.6, -0.10000000000000003, 0.2, st.nextToken(st.nextToken())
8, 6742, 10, -0.6000000000000001, 1.6, -0.10000000000000003, 0.4, st.nextToken(st.nextToken())
8, 6743, 10, -0.6000000000000001, 1.6, -0.10000000000000003, 0.6000000000000001, st.nextToken(st.nextToken())
8, 6744, 10, -0.6000000000000001, 1.6, -0.10000000000000003, 0.8, st.nextToken(st.nextToken())
8, 6745, 12, -0.6000000000000001, 1.6, -2.7755575615628914E-17, 0.0, st.nextToken()
8, 6746, 10, -0.6000000000000001, 1.6, -2.7755575615628914E-17, 0.2, st.nextToken(st.nextToken())
8, 6747, 10, -0.6000000000000001, 1.6, -2.7755575615628914E-17, 0.4, st.nextToken(st.nextToken())
8, 6748, 12, -0.6000000000000001, 1.6, -2.7755575615628914E-17, 0.6000000000000001, st.nextToken()
8, 6749, 10, -0.6000000000000001, 1.6, -2.7755575615628914E-17, 0.8, st.nextToken(st.nextToken())
8, 6750, 13, -0.4000000000000001, 0.0, -0.5, 0.0, st.nextToken(nextToken())
8, 6751, 12, -0.4000000000000001, 0.0, -0.5, 0.2, tokens.lastIndexOf(add())
8, 6752, 13, -0.4000000000000001, 0.0, -0.5, 0.4, st.nextToken(nextToken())
8, 6753, 10, -0.4000000000000001, 0.0, -0.5, 0.6000000000000001, st.nextToken(st.nextToken())
8, 6754, 10, -0.4000000000000001, 0.0, -0.5, 0.8, st.nextToken(st.nextToken())
8, 6755, 14, -0.4000000000000001, 0.0, -0.4, 0.0, tokens.add()
8, 6756, 14, -0.4000000000000001, 0.0, -0.4, 0.2, tokens.add()
8, 6757, 14, -0.4000000000000001, 0.0, -0.4, 0.4, tokens.add()
8, 6758, 14, -0.4000000000000001, 0.0, -0.4, 0.6000000000000001, tokens.add()
8, 6759, 14, -0.4000000000000001, 0.0, -0.4, 0.8, tokens.add()
8, 6760, 13, -0.4000000000000001, 0.0, -0.30000000000000004, 0.0, st.nextToken(nextToken())
8, 6761, 12, -0.4000000000000001, 0.0, -0.30000000000000004, 0.2, tokens.lastIndexOf(add())
8, 6762, 14, -0.4000000000000001, 0.0, -0.30000000000000004, 0.4, tokens.add()
8, 6763, 11, -0.4000000000000001, 0.0, -0.30000000000000004, 0.6000000000000001, tokens.add().wait()
8, 6764, 12, -0.4000000000000001, 0.0, -0.30000000000000004, 0.8, st.nextToken()
8, 6765, 15, -0.4000000000000001, 0.0, -0.20000000000000004, 0.0, tokens.get()
8, 6766, 15, -0.4000000000000001, 0.0, -0.20000000000000004, 0.2, tokens.get()
8, 6767, 14, -0.4000000000000001, 0.0, -0.20000000000000004, 0.4, tokens.add()
8, 6768, 11, -0.4000000000000001, 0.0, -0.20000000000000004, 0.6000000000000001, tokens.add().wait()
8, 6769, 12, -0.4000000000000001, 0.0, -0.20000000000000004, 0.8, st.nextToken()
8, 6770, 14, -0.4000000000000001, 0.0, -0.10000000000000003, 0.0, tokens.add()
8, 6771, 15, -0.4000000000000001, 0.0, -0.10000000000000003, 0.2, tokens.get()
8, 6772, 14, -0.4000000000000001, 0.0, -0.10000000000000003, 0.4, tokens.add()
8, 6773, 12, -0.4000000000000001, 0.0, -0.10000000000000003, 0.6000000000000001, st.nextToken()
8, 6774, 12, -0.4000000000000001, 0.0, -0.10000000000000003, 0.8, st.nextToken()
8, 6775, 15, -0.4000000000000001, 0.0, -2.7755575615628914E-17, 0.0, tokens.get()
8, 6776, 15, -0.4000000000000001, 0.0, -2.7755575615628914E-17, 0.2, tokens.get()
8, 6777, 18, -0.4000000000000001, 0.0, -2.7755575615628914E-17, 0.4, tokens.copyInto(elementData)
8, 6778, 20, -0.4000000000000001, 0.0, -2.7755575615628914E-17, 0.6000000000000001, Math.tan()
8, 6779, 20, -0.4000000000000001, 0.0, -2.7755575615628914E-17, 0.8, Math.tan()
8, 6780, 0, -0.4000000000000001, 0.4, -0.5, 0.0, tokens.add(st.nextToken())
8, 6781, 0, -0.4000000000000001, 0.4, -0.5, 0.2, tokens.add(st.nextToken())
8, 6782, 0, -0.4000000000000001, 0.4, -0.5, 0.4, tokens.add(st.nextToken())
8, 6783, 10, -0.4000000000000001, 0.4, -0.5, 0.6000000000000001, st.nextToken(st.nextToken())
8, 6784, 0, -0.4000000000000001, 0.4, -0.5, 0.8, tokens.add(st.nextToken())
8, 6785, 6, -0.4000000000000001, 0.4, -0.4, 0.0, tokens.set(nextToken())
8, 6786, 7, -0.4000000000000001, 0.4, -0.4, 0.2, tokens.contains(st.nextToken())
8, 6787, 10, -0.4000000000000001, 0.4, -0.4, 0.4, st.nextToken(st.nextToken())
8, 6788, 10, -0.4000000000000001, 0.4, -0.4, 0.6000000000000001, st.nextToken(st.nextToken())
8, 6789, 0, -0.4000000000000001, 0.4, -0.4, 0.8, tokens.add(st.nextToken())
8, 6790, 10, -0.4000000000000001, 0.4, -0.30000000000000004, 0.0, st.nextToken(st.nextToken())
8, 6791, 10, -0.4000000000000001, 0.4, -0.30000000000000004, 0.2, st.nextToken(st.nextToken())
8, 6792, 10, -0.4000000000000001, 0.4, -0.30000000000000004, 0.4, st.nextToken(st.nextToken())
8, 6793, 10, -0.4000000000000001, 0.4, -0.30000000000000004, 0.6000000000000001, st.nextToken(st.nextToken())
8, 6794, 10, -0.4000000000000001, 0.4, -0.30000000000000004, 0.8, st.nextToken(st.nextToken())
8, 6795, 10, -0.4000000000000001, 0.4, -0.20000000000000004, 0.0, st.nextToken(st.nextToken())
8, 6796, 10, -0.4000000000000001, 0.4, -0.20000000000000004, 0.2, st.nextToken(st.nextToken())
8, 6797, 10, -0.4000000000000001, 0.4, -0.20000000000000004, 0.4, st.nextToken(st.nextToken())
8, 6798, 10, -0.4000000000000001, 0.4, -0.20000000000000004, 0.6000000000000001, st.nextToken(st.nextToken())
8, 6799, 10, -0.4000000000000001, 0.4, -0.20000000000000004, 0.8, st.nextToken(st.nextToken())
8, 6800, 12, -0.4000000000000001, 0.4, -0.10000000000000003, 0.0, st.nextToken()
8, 6801, 10, -0.4000000000000001, 0.4, -0.10000000000000003, 0.2, st.nextToken(st.nextToken())
8, 6802, 10, -0.4000000000000001, 0.4, -0.10000000000000003, 0.4, st.nextToken(st.nextToken())
8, 6803, 10, -0.4000000000000001, 0.4, -0.10000000000000003, 0.6000000000000001, st.nextToken(st.nextToken())
8, 6804, 10, -0.4000000000000001, 0.4, -0.10000000000000003, 0.8, st.nextToken(st.nextToken())
8, 6805, 12, -0.4000000000000001, 0.4, -2.7755575615628914E-17, 0.0, st.nextToken()
8, 6806, 10, -0.4000000000000001, 0.4, -2.7755575615628914E-17, 0.2, st.nextToken(st.nextToken())
8, 6807, 12, -0.4000000000000001, 0.4, -2.7755575615628914E-17, 0.4, st.nextToken()
8, 6808, 10, -0.4000000000000001, 0.4, -2.7755575615628914E-17, 0.6000000000000001, st.nextToken(st.nextToken())
8, 6809, 10, -0.4000000000000001, 0.4, -2.7755575615628914E-17, 0.8, st.nextToken(st.nextToken())
8, 6810, 10, -0.4000000000000001, 0.8, -0.5, 0.0, st.nextToken(st.nextToken())
8, 6811, 10, -0.4000000000000001, 0.8, -0.5, 0.2, st.nextToken(st.nextToken())
8, 6812, 10, -0.4000000000000001, 0.8, -0.5, 0.4, st.nextToken(st.nextToken())
8, 6813, 10, -0.4000000000000001, 0.8, -0.5, 0.6000000000000001, st.nextToken(st.nextToken())
8, 6814, 10, -0.4000000000000001, 0.8, -0.5, 0.8, st.nextToken(st.nextToken())
8, 6815, 10, -0.4000000000000001, 0.8, -0.4, 0.0, st.nextToken(st.nextToken())
8, 6816, 10, -0.4000000000000001, 0.8, -0.4, 0.2, st.nextToken(st.nextToken())
8, 6817, 10, -0.4000000000000001, 0.8, -0.4, 0.4, st.nextToken(st.nextToken())
8, 6818, 10, -0.4000000000000001, 0.8, -0.4, 0.6000000000000001, st.nextToken(st.nextToken())
8, 6819, 10, -0.4000000000000001, 0.8, -0.4, 0.8, st.nextToken(st.nextToken())
8, 6820, 10, -0.4000000000000001, 0.8, -0.30000000000000004, 0.0, st.nextToken(st.nextToken())
8, 6821, 10, -0.4000000000000001, 0.8, -0.30000000000000004, 0.2, st.nextToken(st.nextToken())
8, 6822, 10, -0.4000000000000001, 0.8, -0.30000000000000004, 0.4, st.nextToken(st.nextToken())
8, 6823, 10, -0.4000000000000001, 0.8, -0.30000000000000004, 0.6000000000000001, st.nextToken(st.nextToken())
8, 6824, 10, -0.4000000000000001, 0.8, -0.30000000000000004, 0.8, st.nextToken(st.nextToken())
8, 6825, 10, -0.4000000000000001, 0.8, -0.20000000000000004, 0.0, st.nextToken(st.nextToken())
8, 6826, 10, -0.4000000000000001, 0.8, -0.20000000000000004, 0.2, st.nextToken(st.nextToken())
8, 6827, 10, -0.4000000000000001, 0.8, -0.20000000000000004, 0.4, st.nextToken(st.nextToken())
8, 6828, 12, -0.4000000000000001, 0.8, -0.20000000000000004, 0.6000000000000001, st.nextToken()
8, 6829, 10, -0.4000000000000001, 0.8, -0.20000000000000004, 0.8, st.nextToken(st.nextToken())
8, 6830, 12, -0.4000000000000001, 0.8, -0.10000000000000003, 0.0, st.nextToken()
8, 6831, 10, -0.4000000000000001, 0.8, -0.10000000000000003, 0.2, st.nextToken(st.nextToken())
8, 6832, 10, -0.4000000000000001, 0.8, -0.10000000000000003, 0.4, st.nextToken(st.nextToken())
8, 6833, 10, -0.4000000000000001, 0.8, -0.10000000000000003, 0.6000000000000001, st.nextToken(st.nextToken())
8, 6834, 10, -0.4000000000000001, 0.8, -0.10000000000000003, 0.8, st.nextToken(st.nextToken())
8, 6835, 10, -0.4000000000000001, 0.8, -2.7755575615628914E-17, 0.0, st.nextToken(st.nextToken())
8, 6836, 10, -0.4000000000000001, 0.8, -2.7755575615628914E-17, 0.2, st.nextToken(st.nextToken())
8, 6837, 12, -0.4000000000000001, 0.8, -2.7755575615628914E-17, 0.4, tokens.add(nextToken()).notify()
8, 6838, 10, -0.4000000000000001, 0.8, -2.7755575615628914E-17, 0.6000000000000001, st.nextToken(st.nextToken())
8, 6839, 10, -0.4000000000000001, 0.8, -2.7755575615628914E-17, 0.8, st.nextToken(st.nextToken())
8, 6840, 10, -0.4000000000000001, 1.2000000000000002, -0.5, 0.0, st.nextToken(st.nextToken())
8, 6841, 10, -0.4000000000000001, 1.2000000000000002, -0.5, 0.2, st.nextToken(st.nextToken())
8, 6842, 10, -0.4000000000000001, 1.2000000000000002, -0.5, 0.4, st.nextToken(st.nextToken())
8, 6843, 10, -0.4000000000000001, 1.2000000000000002, -0.5, 0.6000000000000001, st.nextToken(st.nextToken())
8, 6844, 10, -0.4000000000000001, 1.2000000000000002, -0.5, 0.8, st.nextToken(st.nextToken())
8, 6845, 10, -0.4000000000000001, 1.2000000000000002, -0.4, 0.0, st.nextToken(st.nextToken())
8, 6846, 10, -0.4000000000000001, 1.2000000000000002, -0.4, 0.2, st.nextToken(st.nextToken())
8, 6847, 10, -0.4000000000000001, 1.2000000000000002, -0.4, 0.4, st.nextToken(st.nextToken())
8, 6848, 10, -0.4000000000000001, 1.2000000000000002, -0.4, 0.6000000000000001, st.nextToken(st.nextToken())
8, 6849, 10, -0.4000000000000001, 1.2000000000000002, -0.4, 0.8, st.nextToken(st.nextToken())
8, 6850, 10, -0.4000000000000001, 1.2000000000000002, -0.30000000000000004, 0.0, st.nextToken(st.nextToken())
8, 6851, 10, -0.4000000000000001, 1.2000000000000002, -0.30000000000000004, 0.2, st.nextToken(st.nextToken())
8, 6852, 10, -0.4000000000000001, 1.2000000000000002, -0.30000000000000004, 0.4, st.nextToken(st.nextToken())
8, 6853, 10, -0.4000000000000001, 1.2000000000000002, -0.30000000000000004, 0.6000000000000001, st.nextToken(st.nextToken())
8, 6854, 10, -0.4000000000000001, 1.2000000000000002, -0.30000000000000004, 0.8, st.nextToken(st.nextToken())
8, 6855, 10, -0.4000000000000001, 1.2000000000000002, -0.20000000000000004, 0.0, st.nextToken(st.nextToken())
8, 6856, 10, -0.4000000000000001, 1.2000000000000002, -0.20000000000000004, 0.2, st.nextToken(st.nextToken())
8, 6857, 10, -0.4000000000000001, 1.2000000000000002, -0.20000000000000004, 0.4, st.nextToken(st.nextToken())
8, 6858, 10, -0.4000000000000001, 1.2000000000000002, -0.20000000000000004, 0.6000000000000001, st.nextToken(st.nextToken())
8, 6859, 10, -0.4000000000000001, 1.2000000000000002, -0.20000000000000004, 0.8, st.nextToken(st.nextToken())
8, 6860, 12, -0.4000000000000001, 1.2000000000000002, -0.10000000000000003, 0.0, tokens.add(nextToken()).notify()
8, 6861, 10, -0.4000000000000001, 1.2000000000000002, -0.10000000000000003, 0.2, st.nextToken(st.nextToken())
8, 6862, 10, -0.4000000000000001, 1.2000000000000002, -0.10000000000000003, 0.4, st.nextToken(st.nextToken())
8, 6863, 10, -0.4000000000000001, 1.2000000000000002, -0.10000000000000003, 0.6000000000000001, st.nextToken(st.nextToken())
8, 6864, 10, -0.4000000000000001, 1.2000000000000002, -0.10000000000000003, 0.8, st.nextToken(st.nextToken())
8, 6865, 22, -0.4000000000000001, 1.2000000000000002, -2.7755575615628914E-17, 0.0, Thread.MAX_PRIORITY
8, 6866, 22, -0.4000000000000001, 1.2000000000000002, -2.7755575615628914E-17, 0.2, nextToken().getTokens().addAll()
8, 6867, 22, -0.4000000000000001, 1.2000000000000002, -2.7755575615628914E-17, 0.4, nextToken().getTokens().addAll()
8, 6868, 22, -0.4000000000000001, 1.2000000000000002, -2.7755575615628914E-17, 0.6000000000000001, nextToken().getTokens().addAll()
8, 6869, 22, -0.4000000000000001, 1.2000000000000002, -2.7755575615628914E-17, 0.8, message
8, 6870, 10, -0.4000000000000001, 1.6, -0.5, 0.0, st.nextToken(st.nextToken())
8, 6871, 10, -0.4000000000000001, 1.6, -0.5, 0.2, st.nextToken(st.nextToken())
8, 6872, 10, -0.4000000000000001, 1.6, -0.5, 0.4, st.nextToken(st.nextToken())
8, 6873, 10, -0.4000000000000001, 1.6, -0.5, 0.6000000000000001, st.nextToken(st.nextToken())
8, 6874, 10, -0.4000000000000001, 1.6, -0.5, 0.8, st.nextToken(st.nextToken())
8, 6875, 10, -0.4000000000000001, 1.6, -0.4, 0.0, st.nextToken(st.nextToken())
8, 6876, 10, -0.4000000000000001, 1.6, -0.4, 0.2, st.nextToken(st.nextToken())
8, 6877, 10, -0.4000000000000001, 1.6, -0.4, 0.4, st.nextToken(st.nextToken())
8, 6878, 10, -0.4000000000000001, 1.6, -0.4, 0.6000000000000001, st.nextToken(st.nextToken())
8, 6879, 10, -0.4000000000000001, 1.6, -0.4, 0.8, st.nextToken(st.nextToken())
8, 6880, 10, -0.4000000000000001, 1.6, -0.30000000000000004, 0.0, st.nextToken(st.nextToken())
8, 6881, 10, -0.4000000000000001, 1.6, -0.30000000000000004, 0.2, st.nextToken(st.nextToken())
8, 6882, 10, -0.4000000000000001, 1.6, -0.30000000000000004, 0.4, st.nextToken(st.nextToken())
8, 6883, 10, -0.4000000000000001, 1.6, -0.30000000000000004, 0.6000000000000001, st.nextToken(st.nextToken())
8, 6884, 10, -0.4000000000000001, 1.6, -0.30000000000000004, 0.8, st.nextToken(st.nextToken())
8, 6885, 10, -0.4000000000000001, 1.6, -0.20000000000000004, 0.0, st.nextToken(st.nextToken())
8, 6886, 10, -0.4000000000000001, 1.6, -0.20000000000000004, 0.2, st.nextToken(st.nextToken())
8, 6887, 10, -0.4000000000000001, 1.6, -0.20000000000000004, 0.4, st.nextToken(st.nextToken())
8, 6888, 10, -0.4000000000000001, 1.6, -0.20000000000000004, 0.6000000000000001, st.nextToken(st.nextToken())
8, 6889, 10, -0.4000000000000001, 1.6, -0.20000000000000004, 0.8, st.nextToken(st.nextToken())
8, 6890, 12, -0.4000000000000001, 1.6, -0.10000000000000003, 0.0, tokens.add(nextToken()).notify()
8, 6891, 12, -0.4000000000000001, 1.6, -0.10000000000000003, 0.2, tokens.add(nextToken()).notify()
8, 6892, 10, -0.4000000000000001, 1.6, -0.10000000000000003, 0.4, st.nextToken(st.nextToken())
8, 6893, 10, -0.4000000000000001, 1.6, -0.10000000000000003, 0.6000000000000001, st.nextToken(st.nextToken())
8, 6894, 10, -0.4000000000000001, 1.6, -0.10000000000000003, 0.8, st.nextToken(st.nextToken())
8, 6895, 12, -0.4000000000000001, 1.6, -2.7755575615628914E-17, 0.0, st.nextToken()
8, 6896, 10, -0.4000000000000001, 1.6, -2.7755575615628914E-17, 0.2, st.nextToken(st.nextToken())
8, 6897, 10, -0.4000000000000001, 1.6, -2.7755575615628914E-17, 0.4, st.nextToken(st.nextToken())
8, 6898, 10, -0.4000000000000001, 1.6, -2.7755575615628914E-17, 0.6000000000000001, st.nextToken(st.nextToken())
8, 6899, 10, -0.4000000000000001, 1.6, -2.7755575615628914E-17, 0.8, st.nextToken(st.nextToken())
8, 6900, 13, -0.20000000000000007, 0.0, -0.5, 0.0, st.nextToken(nextToken())
8, 6901, 13, -0.20000000000000007, 0.0, -0.5, 0.2, st.nextToken(nextToken())
8, 6902, 10, -0.20000000000000007, 0.0, -0.5, 0.4, st.nextToken(st.nextToken())
8, 6903, 10, -0.20000000000000007, 0.0, -0.5, 0.6000000000000001, st.nextToken(st.nextToken())
8, 6904, 14, -0.20000000000000007, 0.0, -0.5, 0.8, tokens.contains(st.nextToken(message))
8, 6905, 13, -0.20000000000000007, 0.0, -0.4, 0.0, st.nextToken(nextToken())
8, 6906, 13, -0.20000000000000007, 0.0, -0.4, 0.2, st.nextToken(nextToken())
8, 6907, 10, -0.20000000000000007, 0.0, -0.4, 0.4, st.nextToken(st.nextToken())
8, 6908, 10, -0.20000000000000007, 0.0, -0.4, 0.6000000000000001, st.nextToken(st.nextToken())
8, 6909, 12, -0.20000000000000007, 0.0, -0.4, 0.8, st.nextToken()
8, 6910, 13, -0.20000000000000007, 0.0, -0.30000000000000004, 0.0, st.nextToken(nextToken())
8, 6911, 12, -0.20000000000000007, 0.0, -0.30000000000000004, 0.2, tokens.lastIndexOf(add())
8, 6912, 10, -0.20000000000000007, 0.0, -0.30000000000000004, 0.4, st.nextToken(st.nextToken())
8, 6913, 12, -0.20000000000000007, 0.0, -0.30000000000000004, 0.6000000000000001, st.nextToken()
8, 6914, 12, -0.20000000000000007, 0.0, -0.30000000000000004, 0.8, st.nextToken()
8, 6915, 15, -0.20000000000000007, 0.0, -0.20000000000000004, 0.0, tokens.get()
8, 6916, 14, -0.20000000000000007, 0.0, -0.20000000000000004, 0.2, tokens.add()
8, 6917, 13, -0.20000000000000007, 0.0, -0.20000000000000004, 0.4, tokens.add(message).wait()
8, 6918, 14, -0.20000000000000007, 0.0, -0.20000000000000004, 0.6000000000000001, tokens.contains(st.nextToken(message))
8, 6919, 15, -0.20000000000000007, 0.0, -0.20000000000000004, 0.8, tokens.add(message).hashCode()
8, 6920, 15, -0.20000000000000007, 0.0, -0.10000000000000003, 0.0, tokens.get()
8, 6921, 14, -0.20000000000000007, 0.0, -0.10000000000000003, 0.2, tokens.add()
8, 6922, 12, -0.20000000000000007, 0.0, -0.10000000000000003, 0.4, st.nextToken()
8, 6923, 12, -0.20000000000000007, 0.0, -0.10000000000000003, 0.6000000000000001, st.nextToken()
8, 6924, 12, -0.20000000000000007, 0.0, -0.10000000000000003, 0.8, st.nextToken()
8, 6925, 15, -0.20000000000000007, 0.0, -2.7755575615628914E-17, 0.0, tokens.get()
8, 6926, 15, -0.20000000000000007, 0.0, -2.7755575615628914E-17, 0.2, tokens.get()
8, 6927, 15, -0.20000000000000007, 0.0, -2.7755575615628914E-17, 0.4, tokens.add(message).hashCode()
8, 6928, 17, -0.20000000000000007, 0.0, -2.7755575615628914E-17, 0.6000000000000001, command().notify()
8, 6929, 17, -0.20000000000000007, 0.0, -2.7755575615628914E-17, 0.8, command().notify()
8, 6930, 10, -0.20000000000000007, 0.4, -0.5, 0.0, st.nextToken(st.nextToken())
8, 6931, 10, -0.20000000000000007, 0.4, -0.5, 0.2, st.nextToken(st.nextToken())
8, 6932, 10, -0.20000000000000007, 0.4, -0.5, 0.4, st.nextToken(st.nextToken())
8, 6933, 10, -0.20000000000000007, 0.4, -0.5, 0.6000000000000001, st.nextToken(st.nextToken())
8, 6934, 10, -0.20000000000000007, 0.4, -0.5, 0.8, st.nextToken(st.nextToken())
8, 6935, 10, -0.20000000000000007, 0.4, -0.4, 0.0, st.nextToken(st.nextToken())
8, 6936, 10, -0.20000000000000007, 0.4, -0.4, 0.2, st.nextToken(st.nextToken())
8, 6937, 10, -0.20000000000000007, 0.4, -0.4, 0.4, st.nextToken(st.nextToken())
8, 6938, 10, -0.20000000000000007, 0.4, -0.4, 0.6000000000000001, st.nextToken(st.nextToken())
8, 6939, 10, -0.20000000000000007, 0.4, -0.4, 0.8, st.nextToken(st.nextToken())
8, 6940, 10, -0.20000000000000007, 0.4, -0.30000000000000004, 0.0, st.nextToken(st.nextToken())
8, 6941, 10, -0.20000000000000007, 0.4, -0.30000000000000004, 0.2, st.nextToken(st.nextToken())
8, 6942, 10, -0.20000000000000007, 0.4, -0.30000000000000004, 0.4, st.nextToken(st.nextToken())
8, 6943, 10, -0.20000000000000007, 0.4, -0.30000000000000004, 0.6000000000000001, st.nextToken(st.nextToken())
8, 6944, 10, -0.20000000000000007, 0.4, -0.30000000000000004, 0.8, st.nextToken(st.nextToken())
8, 6945, 10, -0.20000000000000007, 0.4, -0.20000000000000004, 0.0, st.nextToken(st.nextToken())
8, 6946, 10, -0.20000000000000007, 0.4, -0.20000000000000004, 0.2, st.nextToken(st.nextToken())
8, 6947, 10, -0.20000000000000007, 0.4, -0.20000000000000004, 0.4, st.nextToken(st.nextToken())
8, 6948, 10, -0.20000000000000007, 0.4, -0.20000000000000004, 0.6000000000000001, st.nextToken(st.nextToken())
8, 6949, 10, -0.20000000000000007, 0.4, -0.20000000000000004, 0.8, st.nextToken(st.nextToken())
8, 6950, 10, -0.20000000000000007, 0.4, -0.10000000000000003, 0.0, st.nextToken(st.nextToken())
8, 6951, 10, -0.20000000000000007, 0.4, -0.10000000000000003, 0.2, st.nextToken(st.nextToken())
8, 6952, 10, -0.20000000000000007, 0.4, -0.10000000000000003, 0.4, st.nextToken(st.nextToken())
8, 6953, 10, -0.20000000000000007, 0.4, -0.10000000000000003, 0.6000000000000001, st.nextToken(st.nextToken())
8, 6954, 10, -0.20000000000000007, 0.4, -0.10000000000000003, 0.8, st.nextToken(st.nextToken())
8, 6955, 10, -0.20000000000000007, 0.4, -2.7755575615628914E-17, 0.0, st.nextToken(st.nextToken())
8, 6956, 10, -0.20000000000000007, 0.4, -2.7755575615628914E-17, 0.2, st.nextToken(st.nextToken())
8, 6957, 10, -0.20000000000000007, 0.4, -2.7755575615628914E-17, 0.4, st.nextToken(st.nextToken())
8, 6958, 10, -0.20000000000000007, 0.4, -2.7755575615628914E-17, 0.6000000000000001, st.nextToken(st.nextToken())
8, 6959, 12, -0.20000000000000007, 0.4, -2.7755575615628914E-17, 0.8, st.nextToken()
8, 6960, 10, -0.20000000000000007, 0.8, -0.5, 0.0, st.nextToken(st.nextToken())
8, 6961, 10, -0.20000000000000007, 0.8, -0.5, 0.2, st.nextToken(st.nextToken())
8, 6962, 10, -0.20000000000000007, 0.8, -0.5, 0.4, st.nextToken(st.nextToken())
8, 6963, 10, -0.20000000000000007, 0.8, -0.5, 0.6000000000000001, st.nextToken(st.nextToken())
8, 6964, 10, -0.20000000000000007, 0.8, -0.5, 0.8, st.nextToken(st.nextToken())
8, 6965, 10, -0.20000000000000007, 0.8, -0.4, 0.0, st.nextToken(st.nextToken())
8, 6966, 10, -0.20000000000000007, 0.8, -0.4, 0.2, st.nextToken(st.nextToken())
8, 6967, 10, -0.20000000000000007, 0.8, -0.4, 0.4, st.nextToken(st.nextToken())
8, 6968, 10, -0.20000000000000007, 0.8, -0.4, 0.6000000000000001, st.nextToken(st.nextToken())
8, 6969, 10, -0.20000000000000007, 0.8, -0.4, 0.8, st.nextToken(st.nextToken())
8, 6970, 10, -0.20000000000000007, 0.8, -0.30000000000000004, 0.0, st.nextToken(st.nextToken())
8, 6971, 10, -0.20000000000000007, 0.8, -0.30000000000000004, 0.2, st.nextToken(st.nextToken())
8, 6972, 10, -0.20000000000000007, 0.8, -0.30000000000000004, 0.4, st.nextToken(st.nextToken())
8, 6973, 10, -0.20000000000000007, 0.8, -0.30000000000000004, 0.6000000000000001, st.nextToken(st.nextToken())
8, 6974, 10, -0.20000000000000007, 0.8, -0.30000000000000004, 0.8, st.nextToken(st.nextToken())
8, 6975, 10, -0.20000000000000007, 0.8, -0.20000000000000004, 0.0, st.nextToken(st.nextToken())
8, 6976, 10, -0.20000000000000007, 0.8, -0.20000000000000004, 0.2, st.nextToken(st.nextToken())
8, 6977, 10, -0.20000000000000007, 0.8, -0.20000000000000004, 0.4, st.nextToken(st.nextToken())
8, 6978, 10, -0.20000000000000007, 0.8, -0.20000000000000004, 0.6000000000000001, st.nextToken(st.nextToken())
8, 6979, 10, -0.20000000000000007, 0.8, -0.20000000000000004, 0.8, st.nextToken(st.nextToken())
8, 6980, 10, -0.20000000000000007, 0.8, -0.10000000000000003, 0.0, st.nextToken(st.nextToken())
8, 6981, 10, -0.20000000000000007, 0.8, -0.10000000000000003, 0.2, st.nextToken(st.nextToken())
8, 6982, 10, -0.20000000000000007, 0.8, -0.10000000000000003, 0.4, st.nextToken(st.nextToken())
8, 6983, 10, -0.20000000000000007, 0.8, -0.10000000000000003, 0.6000000000000001, st.nextToken(st.nextToken())
8, 6984, 10, -0.20000000000000007, 0.8, -0.10000000000000003, 0.8, st.nextToken(st.nextToken())
8, 6985, 10, -0.20000000000000007, 0.8, -2.7755575615628914E-17, 0.0, st.nextToken(st.nextToken())
8, 6986, 10, -0.20000000000000007, 0.8, -2.7755575615628914E-17, 0.2, st.nextToken(st.nextToken())
8, 6987, 10, -0.20000000000000007, 0.8, -2.7755575615628914E-17, 0.4, st.nextToken(st.nextToken())
8, 6988, 10, -0.20000000000000007, 0.8, -2.7755575615628914E-17, 0.6000000000000001, st.nextToken(st.nextToken())
8, 6989, 15, -0.20000000000000007, 0.8, -2.7755575615628914E-17, 0.8, getParent().loadClass(st.nextToken())
8, 6990, 10, -0.20000000000000007, 1.2000000000000002, -0.5, 0.0, st.nextToken(st.nextToken())
8, 6991, 10, -0.20000000000000007, 1.2000000000000002, -0.5, 0.2, st.nextToken(st.nextToken())
8, 6992, 10, -0.20000000000000007, 1.2000000000000002, -0.5, 0.4, st.nextToken(st.nextToken())
8, 6993, 10, -0.20000000000000007, 1.2000000000000002, -0.5, 0.6000000000000001, st.nextToken(st.nextToken())
8, 6994, 10, -0.20000000000000007, 1.2000000000000002, -0.5, 0.8, st.nextToken(st.nextToken())
8, 6995, 10, -0.20000000000000007, 1.2000000000000002, -0.4, 0.0, st.nextToken(st.nextToken())
8, 6996, 10, -0.20000000000000007, 1.2000000000000002, -0.4, 0.2, st.nextToken(st.nextToken())
8, 6997, 10, -0.20000000000000007, 1.2000000000000002, -0.4, 0.4, st.nextToken(st.nextToken())
8, 6998, 10, -0.20000000000000007, 1.2000000000000002, -0.4, 0.6000000000000001, st.nextToken(st.nextToken())
8, 6999, 12, -0.20000000000000007, 1.2000000000000002, -0.4, 0.8, tokens.add(nextToken()).notify()
8, 7000, 10, -0.20000000000000007, 1.2000000000000002, -0.30000000000000004, 0.0, st.nextToken(st.nextToken())
8, 7001, 10, -0.20000000000000007, 1.2000000000000002, -0.30000000000000004, 0.2, st.nextToken(st.nextToken())
8, 7002, 10, -0.20000000000000007, 1.2000000000000002, -0.30000000000000004, 0.4, st.nextToken(st.nextToken())
8, 7003, 10, -0.20000000000000007, 1.2000000000000002, -0.30000000000000004, 0.6000000000000001, st.nextToken(st.nextToken())
8, 7004, 10, -0.20000000000000007, 1.2000000000000002, -0.30000000000000004, 0.8, st.nextToken(st.nextToken())
8, 7005, 12, -0.20000000000000007, 1.2000000000000002, -0.20000000000000004, 0.0, tokens.add(nextToken()).notify()
8, 7006, 10, -0.20000000000000007, 1.2000000000000002, -0.20000000000000004, 0.2, st.nextToken(st.nextToken())
8, 7007, 10, -0.20000000000000007, 1.2000000000000002, -0.20000000000000004, 0.4, st.nextToken(st.nextToken())
8, 7008, 10, -0.20000000000000007, 1.2000000000000002, -0.20000000000000004, 0.6000000000000001, st.nextToken(st.nextToken())
8, 7009, 10, -0.20000000000000007, 1.2000000000000002, -0.20000000000000004, 0.8, st.nextToken(st.nextToken())
8, 7010, 10, -0.20000000000000007, 1.2000000000000002, -0.10000000000000003, 0.0, st.nextToken(st.nextToken())
8, 7011, 10, -0.20000000000000007, 1.2000000000000002, -0.10000000000000003, 0.2, st.nextToken(st.nextToken())
8, 7012, 10, -0.20000000000000007, 1.2000000000000002, -0.10000000000000003, 0.4, st.nextToken(st.nextToken())
8, 7013, 12, -0.20000000000000007, 1.2000000000000002, -0.10000000000000003, 0.6000000000000001, tokens.add(nextToken()).notify()
8, 7014, 10, -0.20000000000000007, 1.2000000000000002, -0.10000000000000003, 0.8, st.nextToken(st.nextToken())
8, 7015, 17, -0.20000000000000007, 1.2000000000000002, -2.7755575615628914E-17, 0.0, st.nextElement()
8, 7016, 10, -0.20000000000000007, 1.2000000000000002, -2.7755575615628914E-17, 0.2, st.nextToken(st.nextToken())
8, 7017, 10, -0.20000000000000007, 1.2000000000000002, -2.7755575615628914E-17, 0.4, st.nextToken(st.nextToken())
8, 7018, 20, -0.20000000000000007, 1.2000000000000002, -2.7755575615628914E-17, 0.6000000000000001, Compiler.disable()
8, 7019, 20, -0.20000000000000007, 1.2000000000000002, -2.7755575615628914E-17, 0.8, Compiler.disable()
8, 7020, 10, -0.20000000000000007, 1.6, -0.5, 0.0, st.nextToken(st.nextToken())
8, 7021, 10, -0.20000000000000007, 1.6, -0.5, 0.2, st.nextToken(st.nextToken())
8, 7022, 10, -0.20000000000000007, 1.6, -0.5, 0.4, st.nextToken(st.nextToken())
8, 7023, 10, -0.20000000000000007, 1.6, -0.5, 0.6000000000000001, st.nextToken(st.nextToken())
8, 7024, 10, -0.20000000000000007, 1.6, -0.5, 0.8, st.nextToken(st.nextToken())
8, 7025, 10, -0.20000000000000007, 1.6, -0.4, 0.0, st.nextToken(st.nextToken())
8, 7026, 10, -0.20000000000000007, 1.6, -0.4, 0.2, st.nextToken(st.nextToken())
8, 7027, 10, -0.20000000000000007, 1.6, -0.4, 0.4, st.nextToken(st.nextToken())
8, 7028, 10, -0.20000000000000007, 1.6, -0.4, 0.6000000000000001, st.nextToken(st.nextToken())
8, 7029, 10, -0.20000000000000007, 1.6, -0.4, 0.8, st.nextToken(st.nextToken())
8, 7030, 12, -0.20000000000000007, 1.6, -0.30000000000000004, 0.0, tokens.add(nextToken()).notify()
8, 7031, 10, -0.20000000000000007, 1.6, -0.30000000000000004, 0.2, st.nextToken(st.nextToken())
8, 7032, 10, -0.20000000000000007, 1.6, -0.30000000000000004, 0.4, st.nextToken(st.nextToken())
8, 7033, 10, -0.20000000000000007, 1.6, -0.30000000000000004, 0.6000000000000001, st.nextToken(st.nextToken())
8, 7034, 10, -0.20000000000000007, 1.6, -0.30000000000000004, 0.8, st.nextToken(st.nextToken())
8, 7035, 12, -0.20000000000000007, 1.6, -0.20000000000000004, 0.0, tokens.add(nextToken()).notify()
8, 7036, 12, -0.20000000000000007, 1.6, -0.20000000000000004, 0.2, tokens.add(nextToken()).notify()
8, 7037, 10, -0.20000000000000007, 1.6, -0.20000000000000004, 0.4, st.nextToken(st.nextToken())
8, 7038, 10, -0.20000000000000007, 1.6, -0.20000000000000004, 0.6000000000000001, st.nextToken(st.nextToken())
8, 7039, 10, -0.20000000000000007, 1.6, -0.20000000000000004, 0.8, st.nextToken(st.nextToken())
8, 7040, 10, -0.20000000000000007, 1.6, -0.10000000000000003, 0.0, st.nextToken(st.nextToken())
8, 7041, 10, -0.20000000000000007, 1.6, -0.10000000000000003, 0.2, st.nextToken(st.nextToken())
8, 7042, 10, -0.20000000000000007, 1.6, -0.10000000000000003, 0.4, st.nextToken(st.nextToken())
8, 7043, 10, -0.20000000000000007, 1.6, -0.10000000000000003, 0.6000000000000001, st.nextToken(st.nextToken())
8, 7044, 12, -0.20000000000000007, 1.6, -0.10000000000000003, 0.8, tokens.add(nextToken()).notify()
8, 7045, 12, -0.20000000000000007, 1.6, -2.7755575615628914E-17, 0.0, st.nextToken()
8, 7046, 12, -0.20000000000000007, 1.6, -2.7755575615628914E-17, 0.2, st.nextToken()
8, 7047, 10, -0.20000000000000007, 1.6, -2.7755575615628914E-17, 0.4, st.nextToken(st.nextToken())
8, 7048, 10, -0.20000000000000007, 1.6, -2.7755575615628914E-17, 0.6000000000000001, st.nextToken(st.nextToken())
8, 7049, 12, -0.20000000000000007, 1.6, -2.7755575615628914E-17, 0.8, st.nextToken()
8, 7050, 13, -5.551115123125783E-17, 0.0, -0.5, 0.0, st.nextToken(nextToken())
8, 7051, 10, -5.551115123125783