7, 5400, 10, -1.0, 0.0, -0.5, 0.0, x
7, 5401, 1, -1.0, 0.0, -0.5, 0.2, Math.abs()
7, 5402, 1, -1.0, 0.0, -0.5, 0.4, Math.abs()
7, 5403, 1, -1.0, 0.0, -0.5, 0.6000000000000001, Math.abs()
7, 5404, 1, -1.0, 0.0, -0.5, 0.8, Math.abs()
7, 5405, 0, -1.0, 0.0, -0.4, 0.0, Math.abs(x)
7, 5406, 1, -1.0, 0.0, -0.4, 0.2, Math.abs()
7, 5407, 0, -1.0, 0.0, -0.4, 0.4, Math.abs(x)
7, 5408, 1, -1.0, 0.0, -0.4, 0.6000000000000001, Math.abs()
7, 5409, 0, -1.0, 0.0, -0.4, 0.8, Math.abs(x)
7, 5410, 0, -1.0, 0.0, -0.30000000000000004, 0.0, Math.abs(x)
7, 5411, 0, -1.0, 0.0, -0.30000000000000004, 0.2, Math.abs(x)
7, 5412, 1, -1.0, 0.0, -0.30000000000000004, 0.4, Math.abs()
7, 5413, 0, -1.0, 0.0, -0.30000000000000004, 0.6000000000000001, Math.abs(x)
7, 5414, 0, -1.0, 0.0, -0.30000000000000004, 0.8, Math.abs(x)
7, 5415, 10, -1.0, 0.0, -0.20000000000000004, 0.0, x
7, 5416, 0, -1.0, 0.0, -0.20000000000000004, 0.2, Math.abs(x)
7, 5417, 1, -1.0, 0.0, -0.20000000000000004, 0.4, Math.abs()
7, 5418, 0, -1.0, 0.0, -0.20000000000000004, 0.6000000000000001, Math.abs(x)
7, 5419, 1, -1.0, 0.0, -0.20000000000000004, 0.8, Math.abs()
7, 5420, 0, -1.0, 0.0, -0.10000000000000003, 0.0, Math.abs(x)
7, 5421, 0, -1.0, 0.0, -0.10000000000000003, 0.2, Math.abs(x)
7, 5422, 0, -1.0, 0.0, -0.10000000000000003, 0.4, Math.abs(x)
7, 5423, 0, -1.0, 0.0, -0.10000000000000003, 0.6000000000000001, Math.abs(x)
7, 5424, 0, -1.0, 0.0, -0.10000000000000003, 0.8, Math.abs(x)
7, 5425, 10, -1.0, 0.0, -2.7755575615628914E-17, 0.0, StrictMath.max()
7, 5426, 10, -1.0, 0.0, -2.7755575615628914E-17, 0.2, x
7, 5427, 10, -1.0, 0.0, -2.7755575615628914E-17, 0.4, x
7, 5428, 10, -1.0, 0.0, -2.7755575615628914E-17, 0.6000000000000001, x
7, 5429, 10, -1.0, 0.0, -2.7755575615628914E-17, 0.8, x
7, 5430, 10, -1.0, 0.4, -0.5, 0.0, x
7, 5431, 1, -1.0, 0.4, -0.5, 0.2, Math.abs()
7, 5432, 0, -1.0, 0.4, -0.5, 0.4, Math.abs(x)
7, 5433, 0, -1.0, 0.4, -0.5, 0.6000000000000001, Math.abs(x)
7, 5434, 0, -1.0, 0.4, -0.5, 0.8, Math.abs(x)
7, 5435, 10, -1.0, 0.4, -0.4, 0.0, x
7, 5436, 1, -1.0, 0.4, -0.4, 0.2, Math.abs()
7, 5437, 0, -1.0, 0.4, -0.4, 0.4, Math.abs(x)
7, 5438, 0, -1.0, 0.4, -0.4, 0.6000000000000001, Math.abs(x)
7, 5439, 0, -1.0, 0.4, -0.4, 0.8, Math.abs(x)
7, 5440, 10, -1.0, 0.4, -0.30000000000000004, 0.0, x
7, 5441, 1, -1.0, 0.4, -0.30000000000000004, 0.2, Math.abs()
7, 5442, 0, -1.0, 0.4, -0.30000000000000004, 0.4, Math.abs(x)
7, 5443, 0, -1.0, 0.4, -0.30000000000000004, 0.6000000000000001, Math.abs(x)
7, 5444, 0, -1.0, 0.4, -0.30000000000000004, 0.8, Math.abs(x)
7, 5445, 10, -1.0, 0.4, -0.20000000000000004, 0.0, x
7, 5446, 1, -1.0, 0.4, -0.20000000000000004, 0.2, Math.abs()
7, 5447, 0, -1.0, 0.4, -0.20000000000000004, 0.4, Math.abs(x)
7, 5448, 0, -1.0, 0.4, -0.20000000000000004, 0.6000000000000001, Math.abs(x)
7, 5449, 0, -1.0, 0.4, -0.20000000000000004, 0.8, Math.abs(x)
7, 5450, 10, -1.0, 0.4, -0.10000000000000003, 0.0, x
7, 5451, 1, -1.0, 0.4, -0.10000000000000003, 0.2, Math.abs()
7, 5452, 0, -1.0, 0.4, -0.10000000000000003, 0.4, Math.abs(x)
7, 5453, 0, -1.0, 0.4, -0.10000000000000003, 0.6000000000000001, Math.abs(x)
7, 5454, 0, -1.0, 0.4, -0.10000000000000003, 0.8, Math.abs(x)
7, 5455, 10, -1.0, 0.4, -2.7755575615628914E-17, 0.0, x
7, 5456, 1, -1.0, 0.4, -2.7755575615628914E-17, 0.2, Math.abs()
7, 5457, 0, -1.0, 0.4, -2.7755575615628914E-17, 0.4, Math.abs(x)
7, 5458, 0, -1.0, 0.4, -2.7755575615628914E-17, 0.6000000000000001, Math.abs(x)
7, 5459, 0, -1.0, 0.4, -2.7755575615628914E-17, 0.8, Math.abs(x)
7, 5460, 9, -1.0, 0.8, -0.5, 0.0, size()
7, 5461, 9, -1.0, 0.8, -0.5, 0.2, size()
7, 5462, 9, -1.0, 0.8, -0.5, 0.4, size()
7, 5463, 9, -1.0, 0.8, -0.5, 0.6000000000000001, size()
7, 5464, 9, -1.0, 0.8, -0.5, 0.8, size()
7, 5465, 9, -1.0, 0.8, -0.4, 0.0, size()
7, 5466, 9, -1.0, 0.8, -0.4, 0.2, size()
7, 5467, 10, -1.0, 0.8, -0.4, 0.4, x
7, 5468, 9, -1.0, 0.8, -0.4, 0.6000000000000001, size()
7, 5469, 9, -1.0, 0.8, -0.4, 0.8, size()
7, 5470, 9, -1.0, 0.8, -0.30000000000000004, 0.0, size()
7, 5471, 9, -1.0, 0.8, -0.30000000000000004, 0.2, size()
7, 5472, 9, -1.0, 0.8, -0.30000000000000004, 0.4, size()
7, 5473, 9, -1.0, 0.8, -0.30000000000000004, 0.6000000000000001, size()
7, 5474, 9, -1.0, 0.8, -0.30000000000000004, 0.8, size()
7, 5475, 9, -1.0, 0.8, -0.20000000000000004, 0.0, size()
7, 5476, 9, -1.0, 0.8, -0.20000000000000004, 0.2, size()
7, 5477, 9, -1.0, 0.8, -0.20000000000000004, 0.4, size()
7, 5478, 9, -1.0, 0.8, -0.20000000000000004, 0.6000000000000001, size()
7, 5479, 9, -1.0, 0.8, -0.20000000000000004, 0.8, size()
7, 5480, 9, -1.0, 0.8, -0.10000000000000003, 0.0, size()
7, 5481, 9, -1.0, 0.8, -0.10000000000000003, 0.2, size()
7, 5482, 9, -1.0, 0.8, -0.10000000000000003, 0.4, size()
7, 5483, 9, -1.0, 0.8, -0.10000000000000003, 0.6000000000000001, size()
7, 5484, 9, -1.0, 0.8, -0.10000000000000003, 0.8, size()
7, 5485, 9, -1.0, 0.8, -2.7755575615628914E-17, 0.0, size()
7, 5486, 9, -1.0, 0.8, -2.7755575615628914E-17, 0.2, size()
7, 5487, 9, -1.0, 0.8, -2.7755575615628914E-17, 0.4, size()
7, 5488, 9, -1.0, 0.8, -2.7755575615628914E-17, 0.6000000000000001, size()
7, 5489, 9, -1.0, 0.8, -2.7755575615628914E-17, 0.8, size()
7, 5490, 9, -1.0, 1.2000000000000002, -0.5, 0.0, size()
7, 5491, 9, -1.0, 1.2000000000000002, -0.5, 0.2, size()
7, 5492, 9, -1.0, 1.2000000000000002, -0.5, 0.4, size()
7, 5493, 9, -1.0, 1.2000000000000002, -0.5, 0.6000000000000001, size()
7, 5494, 9, -1.0, 1.2000000000000002, -0.5, 0.8, size()
7, 5495, 9, -1.0, 1.2000000000000002, -0.4, 0.0, size()
7, 5496, 9, -1.0, 1.2000000000000002, -0.4, 0.2, size()
7, 5497, 9, -1.0, 1.2000000000000002, -0.4, 0.4, size()
7, 5498, 9, -1.0, 1.2000000000000002, -0.4, 0.6000000000000001, size()
7, 5499, 9, -1.0, 1.2000000000000002, -0.4, 0.8, size()
7, 5500, 9, -1.0, 1.2000000000000002, -0.30000000000000004, 0.0, size()
7, 5501, 9, -1.0, 1.2000000000000002, -0.30000000000000004, 0.2, size()
7, 5502, 9, -1.0, 1.2000000000000002, -0.30000000000000004, 0.4, size()
7, 5503, 9, -1.0, 1.2000000000000002, -0.30000000000000004, 0.6000000000000001, size()
7, 5504, 9, -1.0, 1.2000000000000002, -0.30000000000000004, 0.8, size()
7, 5505, 9, -1.0, 1.2000000000000002, -0.20000000000000004, 0.0, size()
7, 5506, 9, -1.0, 1.2000000000000002, -0.20000000000000004, 0.2, size()
7, 5507, 9, -1.0, 1.2000000000000002, -0.20000000000000004, 0.4, size()
7, 5508, 9, -1.0, 1.2000000000000002, -0.20000000000000004, 0.6000000000000001, size()
7, 5509, 9, -1.0, 1.2000000000000002, -0.20000000000000004, 0.8, size()
7, 5510, 9, -1.0, 1.2000000000000002, -0.10000000000000003, 0.0, size()
7, 5511, 9, -1.0, 1.2000000000000002, -0.10000000000000003, 0.2, size()
7, 5512, 9, -1.0, 1.2000000000000002, -0.10000000000000003, 0.4, size()
7, 5513, 9, -1.0, 1.2000000000000002, -0.10000000000000003, 0.6000000000000001, size()
7, 5514, 9, -1.0, 1.2000000000000002, -0.10000000000000003, 0.8, size()
7, 5515, 9, -1.0, 1.2000000000000002, -2.7755575615628914E-17, 0.0, size()
7, 5516, 9, -1.0, 1.2000000000000002, -2.7755575615628914E-17, 0.2, size()
7, 5517, 9, -1.0, 1.2000000000000002, -2.7755575615628914E-17, 0.4, size()
7, 5518, 9, -1.0, 1.2000000000000002, -2.7755575615628914E-17, 0.6000000000000001, size()
7, 5519, 9, -1.0, 1.2000000000000002, -2.7755575615628914E-17, 0.8, size()
7, 5520, 9, -1.0, 1.6, -0.5, 0.0, size()
7, 5521, 9, -1.0, 1.6, -0.5, 0.2, size()
7, 5522, 9, -1.0, 1.6, -0.5, 0.4, size()
7, 5523, 9, -1.0, 1.6, -0.5, 0.6000000000000001, size()
7, 5524, 9, -1.0, 1.6, -0.5, 0.8, size()
7, 5525, 10, -1.0, 1.6, -0.4, 0.0, Math.abs(Math.abs())
7, 5526, 10, -1.0, 1.6, -0.4, 0.2, Math.abs(Math.abs())
7, 5527, 10, -1.0, 1.6, -0.4, 0.4, Math.abs(Math.abs())
7, 5528, 10, -1.0, 1.6, -0.4, 0.6000000000000001, x
7, 5529, 10, -1.0, 1.6, -0.4, 0.8, x
7, 5530, 10, -1.0, 1.6, -0.30000000000000004, 0.0, Math.abs(Math.abs())
7, 5531, 10, -1.0, 1.6, -0.30000000000000004, 0.2, Math.abs(Math.abs())
7, 5532, 10, -1.0, 1.6, -0.30000000000000004, 0.4, Math.abs(Math.abs())
7, 5533, 10, -1.0, 1.6, -0.30000000000000004, 0.6000000000000001, x
7, 5534, 10, -1.0, 1.6, -0.30000000000000004, 0.8, x
7, 5535, 9, -1.0, 1.6, -0.20000000000000004, 0.0, size()
7, 5536, 9, -1.0, 1.6, -0.20000000000000004, 0.2, size()
7, 5537, 9, -1.0, 1.6, -0.20000000000000004, 0.4, size()
7, 5538, 9, -1.0, 1.6, -0.20000000000000004, 0.6000000000000001, size()
7, 5539, 9, -1.0, 1.6, -0.20000000000000004, 0.8, size()
7, 5540, 9, -1.0, 1.6, -0.10000000000000003, 0.0, size()
7, 5541, 9, -1.0, 1.6, -0.10000000000000003, 0.2, size()
7, 5542, 9, -1.0, 1.6, -0.10000000000000003, 0.4, size()
7, 5543, 9, -1.0, 1.6, -0.10000000000000003, 0.6000000000000001, size()
7, 5544, 9, -1.0, 1.6, -0.10000000000000003, 0.8, size()
7, 5545, 9, -1.0, 1.6, -2.7755575615628914E-17, 0.0, size()
7, 5546, 9, -1.0, 1.6, -2.7755575615628914E-17, 0.2, size()
7, 5547, 9, -1.0, 1.6, -2.7755575615628914E-17, 0.4, size()
7, 5548, 9, -1.0, 1.6, -2.7755575615628914E-17, 0.6000000000000001, size()
7, 5549, 9, -1.0, 1.6, -2.7755575615628914E-17, 0.8, size()
7, 5550, 0, -0.8, 0.0, -0.5, 0.0, Math.abs(x)
7, 5551, 0, -0.8, 0.0, -0.5, 0.2, Math.abs(x)
7, 5552, 0, -0.8, 0.0, -0.5, 0.4, Math.abs(x)
7, 5553, 0, -0.8, 0.0, -0.5, 0.6000000000000001, Math.abs(x)
7, 5554, 1, -0.8, 0.0, -0.5, 0.8, Math.abs()
7, 5555, 10, -0.8, 0.0, -0.4, 0.0, x
7, 5556, 1, -0.8, 0.0, -0.4, 0.2, Math.abs()
7, 5557, 1, -0.8, 0.0, -0.4, 0.4, Math.abs()
7, 5558, 1, -0.8, 0.0, -0.4, 0.6000000000000001, Math.abs()
7, 5559, 1, -0.8, 0.0, -0.4, 0.8, Math.abs()
7, 5560, 0, -0.8, 0.0, -0.30000000000000004, 0.0, Math.abs(x)
7, 5561, 1, -0.8, 0.0, -0.30000000000000004, 0.2, Math.abs()
7, 5562, 0, -0.8, 0.0, -0.30000000000000004, 0.4, Math.abs(x)
7, 5563, 0, -0.8, 0.0, -0.30000000000000004, 0.6000000000000001, Math.abs(x)
7, 5564, 1, -0.8, 0.0, -0.30000000000000004, 0.8, Math.abs()
7, 5565, 10, -0.8, 0.0, -0.20000000000000004, 0.0, x
7, 5566, 1, -0.8, 0.0, -0.20000000000000004, 0.2, Math.abs()
7, 5567, 1, -0.8, 0.0, -0.20000000000000004, 0.4, Math.abs()
7, 5568, 1, -0.8, 0.0, -0.20000000000000004, 0.6000000000000001, Math.abs()
7, 5569, 1, -0.8, 0.0, -0.20000000000000004, 0.8, Math.abs()
7, 5570, 0, -0.8, 0.0, -0.10000000000000003, 0.0, Math.abs(x)
7, 5571, 0, -0.8, 0.0, -0.10000000000000003, 0.2, Math.abs(x)
7, 5572, 1, -0.8, 0.0, -0.10000000000000003, 0.4, Math.abs()
7, 5573, 1, -0.8, 0.0, -0.10000000000000003, 0.6000000000000001, Math.abs()
7, 5574, 1, -0.8, 0.0, -0.10000000000000003, 0.8, Math.abs()
7, 5575, 10, -0.8, 0.0, -2.7755575615628914E-17, 0.0, StrictMath.max()
7, 5576, 10, -0.8, 0.0, -2.7755575615628914E-17, 0.2, x
7, 5577, 10, -0.8, 0.0, -2.7755575615628914E-17, 0.4, x
7, 5578, 10, -0.8, 0.0, -2.7755575615628914E-17, 0.6000000000000001, x
7, 5579, 10, -0.8, 0.0, -2.7755575615628914E-17, 0.8, x
7, 5580, 10, -0.8, 0.4, -0.5, 0.0, x
7, 5581, 1, -0.8, 0.4, -0.5, 0.2, Math.abs()
7, 5582, 1, -0.8, 0.4, -0.5, 0.4, Math.abs()
7, 5583, 0, -0.8, 0.4, -0.5, 0.6000000000000001, Math.abs(x)
7, 5584, 0, -0.8, 0.4, -0.5, 0.8, Math.abs(x)
7, 5585, 10, -0.8, 0.4, -0.4, 0.0, x
7, 5586, 1, -0.8, 0.4, -0.4, 0.2, Math.abs()
7, 5587, 1, -0.8, 0.4, -0.4, 0.4, Math.abs()
7, 5588, 0, -0.8, 0.4, -0.4, 0.6000000000000001, Math.abs(x)
7, 5589, 0, -0.8, 0.4, -0.4, 0.8, Math.abs(x)
7, 5590, 10, -0.8, 0.4, -0.30000000000000004, 0.0, x
7, 5591, 1, -0.8, 0.4, -0.30000000000000004, 0.2, Math.abs()
7, 5592, 1, -0.8, 0.4, -0.30000000000000004, 0.4, Math.abs()
7, 5593, 0, -0.8, 0.4, -0.30000000000000004, 0.6000000000000001, Math.abs(x)
7, 5594, 0, -0.8, 0.4, -0.30000000000000004, 0.8, Math.abs(x)
7, 5595, 10, -0.8, 0.4, -0.20000000000000004, 0.0, x
7, 5596, 1, -0.8, 0.4, -0.20000000000000004, 0.2, Math.abs()
7, 5597, 1, -0.8, 0.4, -0.20000000000000004, 0.4, Math.abs()
7, 5598, 0, -0.8, 0.4, -0.20000000000000004, 0.6000000000000001, Math.abs(x)
7, 5599, 0, -0.8, 0.4, -0.20000000000000004, 0.8, Math.abs(x)
7, 5600, 10, -0.8, 0.4, -0.10000000000000003, 0.0, x
7, 5601, 1, -0.8, 0.4, -0.10000000000000003, 0.2, Math.abs()
7, 5602, 1, -0.8, 0.4, -0.10000000000000003, 0.4, Math.abs()
7, 5603, 0, -0.8, 0.4, -0.10000000000000003, 0.6000000000000001, Math.abs(x)
7, 5604, 0, -0.8, 0.4, -0.10000000000000003, 0.8, Math.abs(x)
7, 5605, 10, -0.8, 0.4, -2.7755575615628914E-17, 0.0, x
7, 5606, 1, -0.8, 0.4, -2.7755575615628914E-17, 0.2, Math.abs()
7, 5607, 1, -0.8, 0.4, -2.7755575615628914E-17, 0.4, Math.abs()
7, 5608, 6, -0.8, 0.4, -2.7755575615628914E-17, 0.6000000000000001, Math.max(x, x)
7, 5609, 6, -0.8, 0.4, -2.7755575615628914E-17, 0.8, Math.max(x, x)
7, 5610, 9, -0.8, 0.8, -0.5, 0.0, size()
7, 5611, 9, -0.8, 0.8, -0.5, 0.2, size()
7, 5612, 9, -0.8, 0.8, -0.5, 0.4, size()
7, 5613, 9, -0.8, 0.8, -0.5, 0.6000000000000001, size()
7, 5614, 9, -0.8, 0.8, -0.5, 0.8, size()
7, 5615, 10, -0.8, 0.8, -0.4, 0.0, x
7, 5616, 10, -0.8, 0.8, -0.4, 0.2, x
7, 5617, 10, -0.8, 0.8, -0.4, 0.4, x
7, 5618, 10, -0.8, 0.8, -0.4, 0.6000000000000001, x
7, 5619, 9, -0.8, 0.8, -0.4, 0.8, size()
7, 5620, 9, -0.8, 0.8, -0.30000000000000004, 0.0, size()
7, 5621, 9, -0.8, 0.8, -0.30000000000000004, 0.2, size()
7, 5622, 9, -0.8, 0.8, -0.30000000000000004, 0.4, size()
7, 5623, 9, -0.8, 0.8, -0.30000000000000004, 0.6000000000000001, size()
7, 5624, 9, -0.8, 0.8, -0.30000000000000004, 0.8, size()
7, 5625, 9, -0.8, 0.8, -0.20000000000000004, 0.0, size()
7, 5626, 9, -0.8, 0.8, -0.20000000000000004, 0.2, size()
7, 5627, 9, -0.8, 0.8, -0.20000000000000004, 0.4, size()
7, 5628, 10, -0.8, 0.8, -0.20000000000000004, 0.6000000000000001, x
7, 5629, 9, -0.8, 0.8, -0.20000000000000004, 0.8, size()
7, 5630, 9, -0.8, 0.8, -0.10000000000000003, 0.0, size()
7, 5631, 9, -0.8, 0.8, -0.10000000000000003, 0.2, size()
7, 5632, 9, -0.8, 0.8, -0.10000000000000003, 0.4, size()
7, 5633, 9, -0.8, 0.8, -0.10000000000000003, 0.6000000000000001, size()
7, 5634, 9, -0.8, 0.8, -0.10000000000000003, 0.8, size()
7, 5635, 9, -0.8, 0.8, -2.7755575615628914E-17, 0.0, size()
7, 5636, 9, -0.8, 0.8, -2.7755575615628914E-17, 0.2, size()
7, 5637, 9, -0.8, 0.8, -2.7755575615628914E-17, 0.4, size()
7, 5638, 9, -0.8, 0.8, -2.7755575615628914E-17, 0.6000000000000001, size()
7, 5639, 9, -0.8, 0.8, -2.7755575615628914E-17, 0.8, size()
7, 5640, 9, -0.8, 1.2000000000000002, -0.5, 0.0, size()
7, 5641, 9, -0.8, 1.2000000000000002, -0.5, 0.2, size()
7, 5642, 9, -0.8, 1.2000000000000002, -0.5, 0.4, size()
7, 5643, 9, -0.8, 1.2000000000000002, -0.5, 0.6000000000000001, size()
7, 5644, 9, -0.8, 1.2000000000000002, -0.5, 0.8, size()
7, 5645, 10, -0.8, 1.2000000000000002, -0.4, 0.0, Math.abs(Math.abs())
7, 5646, 10, -0.8, 1.2000000000000002, -0.4, 0.2, Math.abs(Math.abs())
7, 5647, 10, -0.8, 1.2000000000000002, -0.4, 0.4, Math.abs(Math.abs())
7, 5648, 10, -0.8, 1.2000000000000002, -0.4, 0.6000000000000001, x
7, 5649, 9, -0.8, 1.2000000000000002, -0.4, 0.8, size()
7, 5650, 9, -0.8, 1.2000000000000002, -0.30000000000000004, 0.0, size()
7, 5651, 9, -0.8, 1.2000000000000002, -0.30000000000000004, 0.2, size()
7, 5652, 9, -0.8, 1.2000000000000002, -0.30000000000000004, 0.4, size()
7, 5653, 9, -0.8, 1.2000000000000002, -0.30000000000000004, 0.6000000000000001, size()
7, 5654, 9, -0.8, 1.2000000000000002, -0.30000000000000004, 0.8, size()
7, 5655, 9, -0.8, 1.2000000000000002, -0.20000000000000004, 0.0, size()
7, 5656, 9, -0.8, 1.2000000000000002, -0.20000000000000004, 0.2, size()
7, 5657, 9, -0.8, 1.2000000000000002, -0.20000000000000004, 0.4, size()
7, 5658, 9, -0.8, 1.2000000000000002, -0.20000000000000004, 0.6000000000000001, size()
7, 5659, 9, -0.8, 1.2000000000000002, -0.20000000000000004, 0.8, size()
7, 5660, 9, -0.8, 1.2000000000000002, -0.10000000000000003, 0.0, size()
7, 5661, 9, -0.8, 1.2000000000000002, -0.10000000000000003, 0.2, size()
7, 5662, 9, -0.8, 1.2000000000000002, -0.10000000000000003, 0.4, size()
7, 5663, 9, -0.8, 1.2000000000000002, -0.10000000000000003, 0.6000000000000001, size()
7, 5664, 9, -0.8, 1.2000000000000002, -0.10000000000000003, 0.8, size()
7, 5665, 9, -0.8, 1.2000000000000002, -2.7755575615628914E-17, 0.0, size()
7, 5666, 9, -0.8, 1.2000000000000002, -2.7755575615628914E-17, 0.2, size()
7, 5667, 9, -0.8, 1.2000000000000002, -2.7755575615628914E-17, 0.4, size()
7, 5668, 9, -0.8, 1.2000000000000002, -2.7755575615628914E-17, 0.6000000000000001, size()
7, 5669, 9, -0.8, 1.2000000000000002, -2.7755575615628914E-17, 0.8, size()
7, 5670, 9, -0.8, 1.6, -0.5, 0.0, size()
7, 5671, 9, -0.8, 1.6, -0.5, 0.2, size()
7, 5672, 9, -0.8, 1.6, -0.5, 0.4, size()
7, 5673, 9, -0.8, 1.6, -0.5, 0.6000000000000001, size()
7, 5674, 9, -0.8, 1.6, -0.5, 0.8, size()
7, 5675, 10, -0.8, 1.6, -0.4, 0.0, Math.abs(Math.abs())
7, 5676, 10, -0.8, 1.6, -0.4, 0.2, Math.abs(Math.abs())
7, 5677, 10, -0.8, 1.6, -0.4, 0.4, Math.abs(Math.abs())
7, 5678, 10, -0.8, 1.6, -0.4, 0.6000000000000001, Math.abs(Math.abs())
7, 5679, 10, -0.8, 1.6, -0.4, 0.8, x
7, 5680, 9, -0.8, 1.6, -0.30000000000000004, 0.0, size()
7, 5681, 9, -0.8, 1.6, -0.30000000000000004, 0.2, size()
7, 5682, 9, -0.8, 1.6, -0.30000000000000004, 0.4, size()
7, 5683, 9, -0.8, 1.6, -0.30000000000000004, 0.6000000000000001, size()
7, 5684, 9, -0.8, 1.6, -0.30000000000000004, 0.8, size()
7, 5685, 9, -0.8, 1.6, -0.20000000000000004, 0.0, size()
7, 5686, 9, -0.8, 1.6, -0.20000000000000004, 0.2, size()
7, 5687, 9, -0.8, 1.6, -0.20000000000000004, 0.4, size()
7, 5688, 9, -0.8, 1.6, -0.20000000000000004, 0.6000000000000001, size()
7, 5689, 9, -0.8, 1.6, -0.20000000000000004, 0.8, size()
7, 5690, 9, -0.8, 1.6, -0.10000000000000003, 0.0, size()
7, 5691, 9, -0.8, 1.6, -0.10000000000000003, 0.2, size()
7, 5692, 9, -0.8, 1.6, -0.10000000000000003, 0.4, size()
7, 5693, 9, -0.8, 1.6, -0.10000000000000003, 0.6000000000000001, size()
7, 5694, 9, -0.8, 1.6, -0.10000000000000003, 0.8, size()
7, 5695, 9, -0.8, 1.6, -2.7755575615628914E-17, 0.0, size()
7, 5696, 9, -0.8, 1.6, -2.7755575615628914E-17, 0.2, size()
7, 5697, 9, -0.8, 1.6, -2.7755575615628914E-17, 0.4, size()
7, 5698, 9, -0.8, 1.6, -2.7755575615628914E-17, 0.6000000000000001, size()
7, 5699, 9, -0.8, 1.6, -2.7755575615628914E-17, 0.8, size()
7, 5700, 0, -0.6000000000000001, 0.0, -0.5, 0.0, Math.abs(x)
7, 5701, 0, -0.6000000000000001, 0.0, -0.5, 0.2, Math.abs(x)
7, 5702, 0, -0.6000000000000001, 0.0, -0.5, 0.4, Math.abs(x)
7, 5703, 1, -0.6000000000000001, 0.0, -0.5, 0.6000000000000001, Math.abs()
7, 5704, 0, -0.6000000000000001, 0.0, -0.5, 0.8, Math.abs(x)
7, 5705, 0, -0.6000000000000001, 0.0, -0.4, 0.0, Math.abs(x)
7, 5706, 0, -0.6000000000000001, 0.0, -0.4, 0.2, Math.abs(x)
7, 5707, 0, -0.6000000000000001, 0.0, -0.4, 0.4, Math.abs(x)
7, 5708, 1, -0.6000000000000001, 0.0, -0.4, 0.6000000000000001, Math.abs()
7, 5709, 0, -0.6000000000000001, 0.0, -0.4, 0.8, Math.abs(x)
7, 5710, 10, -0.6000000000000001, 0.0, -0.30000000000000004, 0.0, x
7, 5711, 1, -0.6000000000000001, 0.0, -0.30000000000000004, 0.2, Math.abs()
7, 5712, 1, -0.6000000000000001, 0.0, -0.30000000000000004, 0.4, Math.abs()
7, 5713, 1, -0.6000000000000001, 0.0, -0.30000000000000004, 0.6000000000000001, Math.abs()
7, 5714, 6, -0.6000000000000001, 0.0, -0.30000000000000004, 0.8, Math.max(x, x)
7, 5715, 10, -0.6000000000000001, 0.0, -0.20000000000000004, 0.0, x
7, 5716, 1, -0.6000000000000001, 0.0, -0.20000000000000004, 0.2, Math.abs()
7, 5717, 1, -0.6000000000000001, 0.0, -0.20000000000000004, 0.4, Math.abs()
7, 5718, 1, -0.6000000000000001, 0.0, -0.20000000000000004, 0.6000000000000001, Math.abs()
7, 5719, 0, -0.6000000000000001, 0.0, -0.20000000000000004, 0.8, Math.abs(x)
7, 5720, 0, -0.6000000000000001, 0.0, -0.10000000000000003, 0.0, Math.abs(x)
7, 5721, 1, -0.6000000000000001, 0.0, -0.10000000000000003, 0.2, Math.abs()
7, 5722, 1, -0.6000000000000001, 0.0, -0.10000000000000003, 0.4, Math.abs()
7, 5723, 1, -0.6000000000000001, 0.0, -0.10000000000000003, 0.6000000000000001, Math.abs()
7, 5724, 0, -0.6000000000000001, 0.0, -0.10000000000000003, 0.8, Math.abs(x)
7, 5725, 10, -0.6000000000000001, 0.0, -2.7755575615628914E-17, 0.0, StrictMath.max()
7, 5726, 10, -0.6000000000000001, 0.0, -2.7755575615628914E-17, 0.2, x
7, 5727, 10, -0.6000000000000001, 0.0, -2.7755575615628914E-17, 0.4, x
7, 5728, 10, -0.6000000000000001, 0.0, -2.7755575615628914E-17, 0.6000000000000001, x
7, 5729, 10, -0.6000000000000001, 0.0, -2.7755575615628914E-17, 0.8, x
7, 5730, 9, -0.6000000000000001, 0.4, -0.5, 0.0, size()
7, 5731, 9, -0.6000000000000001, 0.4, -0.5, 0.2, size()
7, 5732, 9, -0.6000000000000001, 0.4, -0.5, 0.4, size()
7, 5733, 9, -0.6000000000000001, 0.4, -0.5, 0.6000000000000001, size()
7, 5734, 9, -0.6000000000000001, 0.4, -0.5, 0.8, size()
7, 5735, 9, -0.6000000000000001, 0.4, -0.4, 0.0, size()
7, 5736, 9, -0.6000000000000001, 0.4, -0.4, 0.2, size()
7, 5737, 9, -0.6000000000000001, 0.4, -0.4, 0.4, size()
7, 5738, 9, -0.6000000000000001, 0.4, -0.4, 0.6000000000000001, size()
7, 5739, 9, -0.6000000000000001, 0.4, -0.4, 0.8, size()
7, 5740, 9, -0.6000000000000001, 0.4, -0.30000000000000004, 0.0, size()
7, 5741, 9, -0.6000000000000001, 0.4, -0.30000000000000004, 0.2, size()
7, 5742, 9, -0.6000000000000001, 0.4, -0.30000000000000004, 0.4, size()
7, 5743, 10, -0.6000000000000001, 0.4, -0.30000000000000004, 0.6000000000000001, x
7, 5744, 9, -0.6000000000000001, 0.4, -0.30000000000000004, 0.8, size()
7, 5745, 9, -0.6000000000000001, 0.4, -0.20000000000000004, 0.0, size()
7, 5746, 9, -0.6000000000000001, 0.4, -0.20000000000000004, 0.2, size()
7, 5747, 10, -0.6000000000000001, 0.4, -0.20000000000000004, 0.4, x
7, 5748, 9, -0.6000000000000001, 0.4, -0.20000000000000004, 0.6000000000000001, size()
7, 5749, 9, -0.6000000000000001, 0.4, -0.20000000000000004, 0.8, size()
7, 5750, 9, -0.6000000000000001, 0.4, -0.10000000000000003, 0.0, size()
7, 5751, 9, -0.6000000000000001, 0.4, -0.10000000000000003, 0.2, size()
7, 5752, 9, -0.6000000000000001, 0.4, -0.10000000000000003, 0.4, size()
7, 5753, 9, -0.6000000000000001, 0.4, -0.10000000000000003, 0.6000000000000001, size()
7, 5754, 10, -0.6000000000000001, 0.4, -0.10000000000000003, 0.8, x
7, 5755, 9, -0.6000000000000001, 0.4, -2.7755575615628914E-17, 0.0, size()
7, 5756, 9, -0.6000000000000001, 0.4, -2.7755575615628914E-17, 0.2, size()
7, 5757, 9, -0.6000000000000001, 0.4, -2.7755575615628914E-17, 0.4, size()
7, 5758, 10, -0.6000000000000001, 0.4, -2.7755575615628914E-17, 0.6000000000000001, x
7, 5759, 9, -0.6000000000000001, 0.4, -2.7755575615628914E-17, 0.8, size()
7, 5760, 9, -0.6000000000000001, 0.8, -0.5, 0.0, size()
7, 5761, 9, -0.6000000000000001, 0.8, -0.5, 0.2, size()
7, 5762, 9, -0.6000000000000001, 0.8, -0.5, 0.4, size()
7, 5763, 9, -0.6000000000000001, 0.8, -0.5, 0.6000000000000001, size()
7, 5764, 9, -0.6000000000000001, 0.8, -0.5, 0.8, size()
7, 5765, 9, -0.6000000000000001, 0.8, -0.4, 0.0, size()
7, 5766, 9, -0.6000000000000001, 0.8, -0.4, 0.2, size()
7, 5767, 9, -0.6000000000000001, 0.8, -0.4, 0.4, size()
7, 5768, 9, -0.6000000000000001, 0.8, -0.4, 0.6000000000000001, size()
7, 5769, 9, -0.6000000000000001, 0.8, -0.4, 0.8, size()
7, 5770, 9, -0.6000000000000001, 0.8, -0.30000000000000004, 0.0, size()
7, 5771, 9, -0.6000000000000001, 0.8, -0.30000000000000004, 0.2, size()
7, 5772, 9, -0.6000000000000001, 0.8, -0.30000000000000004, 0.4, size()
7, 5773, 9, -0.6000000000000001, 0.8, -0.30000000000000004, 0.6000000000000001, size()
7, 5774, 9, -0.6000000000000001, 0.8, -0.30000000000000004, 0.8, size()
7, 5775, 9, -0.6000000000000001, 0.8, -0.20000000000000004, 0.0, size()
7, 5776, 9, -0.6000000000000001, 0.8, -0.20000000000000004, 0.2, size()
7, 5777, 9, -0.6000000000000001, 0.8, -0.20000000000000004, 0.4, size()
7, 5778, 9, -0.6000000000000001, 0.8, -0.20000000000000004, 0.6000000000000001, size()
7, 5779, 9, -0.6000000000000001, 0.8, -0.20000000000000004, 0.8, size()
7, 5780, 9, -0.6000000000000001, 0.8, -0.10000000000000003, 0.0, size()
7, 5781, 9, -0.6000000000000001, 0.8, -0.10000000000000003, 0.2, size()
7, 5782, 9, -0.6000000000000001, 0.8, -0.10000000000000003, 0.4, size()
7, 5783, 9, -0.6000000000000001, 0.8, -0.10000000000000003, 0.6000000000000001, size()
7, 5784, 10, -0.6000000000000001, 0.8, -0.10000000000000003, 0.8, Math.abs(Math.abs(x))
7, 5785, 9, -0.6000000000000001, 0.8, -2.7755575615628914E-17, 0.0, size()
7, 5786, 9, -0.6000000000000001, 0.8, -2.7755575615628914E-17, 0.2, size()
7, 5787, 9, -0.6000000000000001, 0.8, -2.7755575615628914E-17, 0.4, size()
7, 5788, 9, -0.6000000000000001, 0.8, -2.7755575615628914E-17, 0.6000000000000001, size()
7, 5789, 9, -0.6000000000000001, 0.8, -2.7755575615628914E-17, 0.8, size()
7, 5790, 9, -0.6000000000000001, 1.2000000000000002, -0.5, 0.0, size()
7, 5791, 9, -0.6000000000000001, 1.2000000000000002, -0.5, 0.2, size()
7, 5792, 9, -0.6000000000000001, 1.2000000000000002, -0.5, 0.4, size()
7, 5793, 9, -0.6000000000000001, 1.2000000000000002, -0.5, 0.6000000000000001, size()
7, 5794, 9, -0.6000000000000001, 1.2000000000000002, -0.5, 0.8, size()
7, 5795, 10, -0.6000000000000001, 1.2000000000000002, -0.4, 0.0, Math.abs(Math.abs())
7, 5796, 10, -0.6000000000000001, 1.2000000000000002, -0.4, 0.2, Math.abs(Math.abs())
7, 5797, 10, -0.6000000000000001, 1.2000000000000002, -0.4, 0.4, Math.abs(Math.abs())
7, 5798, 10, -0.6000000000000001, 1.2000000000000002, -0.4, 0.6000000000000001, x
7, 5799, 10, -0.6000000000000001, 1.2000000000000002, -0.4, 0.8, x
7, 5800, 10, -0.6000000000000001, 1.2000000000000002, -0.30000000000000004, 0.0, Math.abs(Math.abs())
7, 5801, 10, -0.6000000000000001, 1.2000000000000002, -0.30000000000000004, 0.2, Math.abs(Math.abs())
7, 5802, 10, -0.6000000000000001, 1.2000000000000002, -0.30000000000000004, 0.4, Math.abs(Math.abs())
7, 5803, 10, -0.6000000000000001, 1.2000000000000002, -0.30000000000000004, 0.6000000000000001, x
7, 5804, 10, -0.6000000000000001, 1.2000000000000002, -0.30000000000000004, 0.8, x
7, 5805, 9, -0.6000000000000001, 1.2000000000000002, -0.20000000000000004, 0.0, size()
7, 5806, 9, -0.6000000000000001, 1.2000000000000002, -0.20000000000000004, 0.2, size()
7, 5807, 9, -0.6000000000000001, 1.2000000000000002, -0.20000000000000004, 0.4, size()
7, 5808, 9, -0.6000000000000001, 1.2000000000000002, -0.20000000000000004, 0.6000000000000001, size()
7, 5809, 9, -0.6000000000000001, 1.2000000000000002, -0.20000000000000004, 0.8, size()
7, 5810, 9, -0.6000000000000001, 1.2000000000000002, -0.10000000000000003, 0.0, size()
7, 5811, 9, -0.6000000000000001, 1.2000000000000002, -0.10000000000000003, 0.2, size()
7, 5812, 9, -0.6000000000000001, 1.2000000000000002, -0.10000000000000003, 0.4, size()
7, 5813, 9, -0.6000000000000001, 1.2000000000000002, -0.10000000000000003, 0.6000000000000001, size()
7, 5814, 9, -0.6000000000000001, 1.2000000000000002, -0.10000000000000003, 0.8, size()
7, 5815, 9, -0.6000000000000001, 1.2000000000000002, -2.7755575615628914E-17, 0.0, size()
7, 5816, 9, -0.6000000000000001, 1.2000000000000002, -2.7755575615628914E-17, 0.2, size()
7, 5817, 9, -0.6000000000000001, 1.2000000000000002, -2.7755575615628914E-17, 0.4, size()
7, 5818, 9, -0.6000000000000001, 1.2000000000000002, -2.7755575615628914E-17, 0.6000000000000001, size()
7, 5819, 9, -0.6000000000000001, 1.2000000000000002, -2.7755575615628914E-17, 0.8, size()
7, 5820, 10, -0.6000000000000001, 1.6, -0.5, 0.0, Math.abs(Math.abs())
7, 5821, 10, -0.6000000000000001, 1.6, -0.5, 0.2, Math.abs(Math.abs())
7, 5822, 10, -0.6000000000000001, 1.6, -0.5, 0.4, Math.abs(Math.abs())
7, 5823, 10, -0.6000000000000001, 1.6, -0.5, 0.6000000000000001, Math.abs(Math.abs())
7, 5824, 10, -0.6000000000000001, 1.6, -0.5, 0.8, Math.abs(Math.abs())
7, 5825, 9, -0.6000000000000001, 1.6, -0.4, 0.0, size()
7, 5826, 9, -0.6000000000000001, 1.6, -0.4, 0.2, size()
7, 5827, 9, -0.6000000000000001, 1.6, -0.4, 0.4, size()
7, 5828, 9, -0.6000000000000001, 1.6, -0.4, 0.6000000000000001, size()
7, 5829, 9, -0.6000000000000001, 1.6, -0.4, 0.8, size()
7, 5830, 9, -0.6000000000000001, 1.6, -0.30000000000000004, 0.0, size()
7, 5831, 9, -0.6000000000000001, 1.6, -0.30000000000000004, 0.2, size()
7, 5832, 9, -0.6000000000000001, 1.6, -0.30000000000000004, 0.4, size()
7, 5833, 9, -0.6000000000000001, 1.6, -0.30000000000000004, 0.6000000000000001, size()
7, 5834, 9, -0.6000000000000001, 1.6, -0.30000000000000004, 0.8, size()
7, 5835, 9, -0.6000000000000001, 1.6, -0.20000000000000004, 0.0, size()
7, 5836, 9, -0.6000000000000001, 1.6, -0.20000000000000004, 0.2, size()
7, 5837, 9, -0.6000000000000001, 1.6, -0.20000000000000004, 0.4, size()
7, 5838, 9, -0.6000000000000001, 1.6, -0.20000000000000004, 0.6000000000000001, size()
7, 5839, 9, -0.6000000000000001, 1.6, -0.20000000000000004, 0.8, size()
7, 5840, 9, -0.6000000000000001, 1.6, -0.10000000000000003, 0.0, size()
7, 5841, 9, -0.6000000000000001, 1.6, -0.10000000000000003, 0.2, size()
7, 5842, 9, -0.6000000000000001, 1.6, -0.10000000000000003, 0.4, size()
7, 5843, 9, -0.6000000000000001, 1.6, -0.10000000000000003, 0.6000000000000001, size()
7, 5844, 9, -0.6000000000000001, 1.6, -0.10000000000000003, 0.8, size()
7, 5845, 9, -0.6000000000000001, 1.6, -2.7755575615628914E-17, 0.0, size()
7, 5846, 9, -0.6000000000000001, 1.6, -2.7755575615628914E-17, 0.2, size()
7, 5847, 9, -0.6000000000000001, 1.6, -2.7755575615628914E-17, 0.4, size()
7, 5848, 9, -0.6000000000000001, 1.6, -2.7755575615628914E-17, 0.6000000000000001, size()
7, 5849, 9, -0.6000000000000001, 1.6, -2.7755575615628914E-17, 0.8, size()
7, 5850, 0, -0.4000000000000001, 0.0, -0.5, 0.0, Math.abs(x)
7, 5851, 0, -0.4000000000000001, 0.0, -0.5, 0.2, Math.abs(x)
7, 5852, 0, -0.4000000000000001, 0.0, -0.5, 0.4, Math.abs(x)
7, 5853, 0, -0.4000000000000001, 0.0, -0.5, 0.6000000000000001, Math.abs(x)
7, 5854, 0, -0.4000000000000001, 0.0, -0.5, 0.8, Math.abs(x)
7, 5855, 0, -0.4000000000000001, 0.0, -0.4, 0.0, Math.abs(x)
7, 5856, 0, -0.4000000000000001, 0.0, -0.4, 0.2, Math.abs(x)
7, 5857, 0, -0.4000000000000001, 0.0, -0.4, 0.4, Math.abs(x)
7, 5858, 0, -0.4000000000000001, 0.0, -0.4, 0.6000000000000001, Math.abs(x)
7, 5859, 0, -0.4000000000000001, 0.0, -0.4, 0.8, Math.abs(x)
7, 5860, 0, -0.4000000000000001, 0.0, -0.30000000000000004, 0.0, Math.abs(x)
7, 5861, 0, -0.4000000000000001, 0.0, -0.30000000000000004, 0.2, Math.abs(x)
7, 5862, 0, -0.4000000000000001, 0.0, -0.30000000000000004, 0.4, Math.abs(x)
7, 5863, 0, -0.4000000000000001, 0.0, -0.30000000000000004, 0.6000000000000001, Math.abs(x)
7, 5864, 0, -0.4000000000000001, 0.0, -0.30000000000000004, 0.8, Math.abs(x)
7, 5865, 6, -0.4000000000000001, 0.0, -0.20000000000000004, 0.0, Math.max(x, x)
7, 5866, 1, -0.4000000000000001, 0.0, -0.20000000000000004, 0.2, Math.abs()
7, 5867, 1, -0.4000000000000001, 0.0, -0.20000000000000004, 0.4, Math.abs()
7, 5868, 6, -0.4000000000000001, 0.0, -0.20000000000000004, 0.6000000000000001, Math.max(x, x)
7, 5869, 6, -0.4000000000000001, 0.0, -0.20000000000000004, 0.8, Math.max(x, x)
7, 5870, 0, -0.4000000000000001, 0.0, -0.10000000000000003, 0.0, Math.abs(x)
7, 5871, 1, -0.4000000000000001, 0.0, -0.10000000000000003, 0.2, Math.abs()
7, 5872, 0, -0.4000000000000001, 0.0, -0.10000000000000003, 0.4, Math.abs(x)
7, 5873, 0, -0.4000000000000001, 0.0, -0.10000000000000003, 0.6000000000000001, Math.abs(x)
7, 5874, 9, -0.4000000000000001, 0.0, -0.10000000000000003, 0.8, size()
7, 5875, 10, -0.4000000000000001, 0.0, -2.7755575615628914E-17, 0.0, x
7, 5876, 0, -0.4000000000000001, 0.0, -2.7755575615628914E-17, 0.2, Math.abs(x)
7, 5877, 1, -0.4000000000000001, 0.0, -2.7755575615628914E-17, 0.4, Math.abs()
7, 5878, 9, -0.4000000000000001, 0.0, -2.7755575615628914E-17, 0.6000000000000001, size()
7, 5879, 10, -0.4000000000000001, 0.0, -2.7755575615628914E-17, 0.8, x
7, 5880, 10, -0.4000000000000001, 0.4, -0.5, 0.0, x
7, 5881, 10, -0.4000000000000001, 0.4, -0.5, 0.2, x
7, 5882, 9, -0.4000000000000001, 0.4, -0.5, 0.4, size()
7, 5883, 9, -0.4000000000000001, 0.4, -0.5, 0.6000000000000001, size()
7, 5884, 9, -0.4000000000000001, 0.4, -0.5, 0.8, size()
7, 5885, 9, -0.4000000000000001, 0.4, -0.4, 0.0, size()
7, 5886, 9, -0.4000000000000001, 0.4, -0.4, 0.2, size()
7, 5887, 9, -0.4000000000000001, 0.4, -0.4, 0.4, size()
7, 5888, 9, -0.4000000000000001, 0.4, -0.4, 0.6000000000000001, size()
7, 5889, 10, -0.4000000000000001, 0.4, -0.4, 0.8, x
7, 5890, 10, -0.4000000000000001, 0.4, -0.30000000000000004, 0.0, x
7, 5891, 10, -0.4000000000000001, 0.4, -0.30000000000000004, 0.2, x
7, 5892, 9, -0.4000000000000001, 0.4, -0.30000000000000004, 0.4, size()
7, 5893, 9, -0.4000000000000001, 0.4, -0.30000000000000004, 0.6000000000000001, size()
7, 5894, 10, -0.4000000000000001, 0.4, -0.30000000000000004, 0.8, x
7, 5895, 9, -0.4000000000000001, 0.4, -0.20000000000000004, 0.0, size()
7, 5896, 9, -0.4000000000000001, 0.4, -0.20000000000000004, 0.2, size()
7, 5897, 9, -0.4000000000000001, 0.4, -0.20000000000000004, 0.4, size()
7, 5898, 10, -0.4000000000000001, 0.4, -0.20000000000000004, 0.6000000000000001, x
7, 5899, 9, -0.4000000000000001, 0.4, -0.20000000000000004, 0.8, size()
7, 5900, 9, -0.4000000000000001, 0.4, -0.10000000000000003, 0.0, size()
7, 5901, 9, -0.4000000000000001, 0.4, -0.10000000000000003, 0.2, size()
7, 5902, 9, -0.4000000000000001, 0.4, -0.10000000000000003, 0.4, size()
7, 5903, 9, -0.4000000000000001, 0.4, -0.10000000000000003, 0.6000000000000001, size()
7, 5904, 9, -0.4000000000000001, 0.4, -0.10000000000000003, 0.8, size()
7, 5905, 10, -0.4000000000000001, 0.4, -2.7755575615628914E-17, 0.0, x
7, 5906, 10, -0.4000000000000001, 0.4, -2.7755575615628914E-17, 0.2, x
7, 5907, 9, -0.4000000000000001, 0.4, -2.7755575615628914E-17, 0.4, size()
7, 5908, 9, -0.4000000000000001, 0.4, -2.7755575615628914E-17, 0.6000000000000001, size()
7, 5909, 9, -0.4000000000000001, 0.4, -2.7755575615628914E-17, 0.8, size()
7, 5910, 9, -0.4000000000000001, 0.8, -0.5, 0.0, size()
7, 5911, 9, -0.4000000000000001, 0.8, -0.5, 0.2, size()
7, 5912, 9, -0.4000000000000001, 0.8, -0.5, 0.4, size()
7, 5913, 9, -0.4000000000000001, 0.8, -0.5, 0.6000000000000001, size()
7, 5914, 9, -0.4000000000000001, 0.8, -0.5, 0.8, size()
7, 5915, 9, -0.4000000000000001, 0.8, -0.4, 0.0, size()
7, 5916, 9, -0.4000000000000001, 0.8, -0.4, 0.2, size()
7, 5917, 9, -0.4000000000000001, 0.8, -0.4, 0.4, size()
7, 5918, 9, -0.4000000000000001, 0.8, -0.4, 0.6000000000000001, size()
7, 5919, 9, -0.4000000000000001, 0.8, -0.4, 0.8, size()
7, 5920, 9, -0.4000000000000001, 0.8, -0.30000000000000004, 0.0, size()
7, 5921, 9, -0.4000000000000001, 0.8, -0.30000000000000004, 0.2, size()
7, 5922, 9, -0.4000000000000001, 0.8, -0.30000000000000004, 0.4, size()
7, 5923, 9, -0.4000000000000001, 0.8, -0.30000000000000004, 0.6000000000000001, size()
7, 5924, 9, -0.4000000000000001, 0.8, -0.30000000000000004, 0.8, size()
7, 5925, 9, -0.4000000000000001, 0.8, -0.20000000000000004, 0.0, size()
7, 5926, 9, -0.4000000000000001, 0.8, -0.20000000000000004, 0.2, size()
7, 5927, 9, -0.4000000000000001, 0.8, -0.20000000000000004, 0.4, size()
7, 5928, 9, -0.4000000000000001, 0.8, -0.20000000000000004, 0.6000000000000001, size()
7, 5929, 9, -0.4000000000000001, 0.8, -0.20000000000000004, 0.8, size()
7, 5930, 9, -0.4000000000000001, 0.8, -0.10000000000000003, 0.0, size()
7, 5931, 9, -0.4000000000000001, 0.8, -0.10000000000000003, 0.2, size()
7, 5932, 9, -0.4000000000000001, 0.8, -0.10000000000000003, 0.4, size()
7, 5933, 9, -0.4000000000000001, 0.8, -0.10000000000000003, 0.6000000000000001, size()
7, 5934, 9, -0.4000000000000001, 0.8, -0.10000000000000003, 0.8, size()
7, 5935, 9, -0.4000000000000001, 0.8, -2.7755575615628914E-17, 0.0, size()
7, 5936, 9, -0.4000000000000001, 0.8, -2.7755575615628914E-17, 0.2, size()
7, 5937, 9, -0.4000000000000001, 0.8, -2.7755575615628914E-17, 0.4, size()
7, 5938, 9, -0.4000000000000001, 0.8, -2.7755575615628914E-17, 0.6000000000000001, size()
7, 5939, 9, -0.4000000000000001, 0.8, -2.7755575615628914E-17, 0.8, size()
7, 5940, 9, -0.4000000000000001, 1.2000000000000002, -0.5, 0.0, size()
7, 5941, 9, -0.4000000000000001, 1.2000000000000002, -0.5, 0.2, size()
7, 5942, 9, -0.4000000000000001, 1.2000000000000002, -0.5, 0.4, size()
7, 5943, 9, -0.4000000000000001, 1.2000000000000002, -0.5, 0.6000000000000001, size()
7, 5944, 9, -0.4000000000000001, 1.2000000000000002, -0.5, 0.8, size()
7, 5945, 9, -0.4000000000000001, 1.2000000000000002, -0.4, 0.0, size()
7, 5946, 9, -0.4000000000000001, 1.2000000000000002, -0.4, 0.2, size()
7, 5947, 9, -0.4000000000000001, 1.2000000000000002, -0.4, 0.4, size()
7, 5948, 9, -0.4000000000000001, 1.2000000000000002, -0.4, 0.6000000000000001, size()
7, 5949, 9, -0.4000000000000001, 1.2000000000000002, -0.4, 0.8, size()
7, 5950, 9, -0.4000000000000001, 1.2000000000000002, -0.30000000000000004, 0.0, size()
7, 5951, 9, -0.4000000000000001, 1.2000000000000002, -0.30000000000000004, 0.2, size()
7, 5952, 9, -0.4000000000000001, 1.2000000000000002, -0.30000000000000004, 0.4, size()
7, 5953, 9, -0.4000000000000001, 1.2000000000000002, -0.30000000000000004, 0.6000000000000001, size()
7, 5954, 9, -0.4000000000000001, 1.2000000000000002, -0.30000000000000004, 0.8, size()
7, 5955, 9, -0.4000000000000001, 1.2000000000000002, -0.20000000000000004, 0.0, size()
7, 5956, 9, -0.4000000000000001, 1.2000000000000002, -0.20000000000000004, 0.2, size()
7, 5957, 9, -0.4000000000000001, 1.2000000000000002, -0.20000000000000004, 0.4, size()
7, 5958, 9, -0.4000000000000001, 1.2000000000000002, -0.20000000000000004, 0.6000000000000001, size()
7, 5959, 9, -0.4000000000000001, 1.2000000000000002, -0.20000000000000004, 0.8, size()
7, 5960, 9, -0.4000000000000001, 1.2000000000000002, -0.10000000000000003, 0.0, size()
7, 5961, 9, -0.4000000000000001, 1.2000000000000002, -0.10000000000000003, 0.2, size()
7, 5962, 9, -0.4000000000000001, 1.2000000000000002, -0.10000000000000003, 0.4, size()
7, 5963, 9, -0.4000000000000001, 1.2000000000000002, -0.10000000000000003, 0.6000000000000001, size()
7, 5964, 9, -0.4000000000000001, 1.2000000000000002, -0.10000000000000003, 0.8, size()
7, 5965, 9, -0.4000000000000001, 1.2000000000000002, -2.7755575615628914E-17, 0.0, size()
7, 5966, 9, -0.4000000000000001, 1.2000000000000002, -2.7755575615628914E-17, 0.2, size()
7, 5967, 9, -0.4000000000000001, 1.2000000000000002, -2.7755575615628914E-17, 0.4, size()
7, 5968, 9, -0.4000000000000001, 1.2000000000000002, -2.7755575615628914E-17, 0.6000000000000001, size()
7, 5969, 9, -0.4000000000000001, 1.2000000000000002, -2.7755575615628914E-17, 0.8, size()
7, 5970, 9, -0.4000000000000001, 1.6, -0.5, 0.0, size()
7, 5971, 9, -0.4000000000000001, 1.6, -0.5, 0.2, size()
7, 5972, 9, -0.4000000000000001, 1.6, -0.5, 0.4, size()
7, 5973, 9, -0.4000000000000001, 1.6, -0.5, 0.6000000000000001, size()
7, 5974, 9, -0.4000000000000001, 1.6, -0.5, 0.8, size()
7, 5975, 9, -0.4000000000000001, 1.6, -0.4, 0.0, size()
7, 5976, 9, -0.4000000000000001, 1.6, -0.4, 0.2, size()
7, 5977, 9, -0.4000000000000001, 1.6, -0.4, 0.4, size()
7, 5978, 9, -0.4000000000000001, 1.6, -0.4, 0.6000000000000001, size()
7, 5979, 9, -0.4000000000000001, 1.6, -0.4, 0.8, size()
7, 5980, 9, -0.4000000000000001, 1.6, -0.30000000000000004, 0.0, size()
7, 5981, 9, -0.4000000000000001, 1.6, -0.30000000000000004, 0.2, size()
7, 5982, 9, -0.4000000000000001, 1.6, -0.30000000000000004, 0.4, size()
7, 5983, 9, -0.4000000000000001, 1.6, -0.30000000000000004, 0.6000000000000001, size()
7, 5984, 9, -0.4000000000000001, 1.6, -0.30000000000000004, 0.8, size()
7, 5985, 9, -0.4000000000000001, 1.6, -0.20000000000000004, 0.0, size()
7, 5986, 9, -0.4000000000000001, 1.6, -0.20000000000000004, 0.2, size()
7, 5987, 9, -0.4000000000000001, 1.6, -0.20000000000000004, 0.4, size()
7, 5988, 9, -0.4000000000000001, 1.6, -0.20000000000000004, 0.6000000000000001, size()
7, 5989, 9, -0.4000000000000001, 1.6, -0.20000000000000004, 0.8, size()
7, 5990, 9, -0.4000000000000001, 1.6, -0.10000000000000003, 0.0, size()
7, 5991, 9, -0.4000000000000001, 1.6, -0.10000000000000003, 0.2, size()
7, 5992, 9, -0.4000000000000001, 1.6, -0.10000000000000003, 0.4, size()
7, 5993, 9, -0.4000000000000001, 1.6, -0.10000000000000003, 0.6000000000000001, size()
7, 5994, 9, -0.4000000000000001, 1.6, -0.10000000000000003, 0.8, size()
7, 5995, 9, -0.4000000000000001, 1.6, -2.7755575615628914E-17, 0.0, size()
7, 5996, 9, -0.4000000000000001, 1.6, -2.7755575615628914E-17, 0.2, size()
7, 5997, 9, -0.4000000000000001, 1.6, -2.7755575615628914E-17, 0.4, size()
7, 5998, 9, -0.4000000000000001, 1.6, -2.7755575615628914E-17, 0.6000000000000001, size()
7, 5999, 9, -0.4000000000000001, 1.6, -2.7755575615628914E-17, 0.8, size()
7, 6000, 0, -0.20000000000000007, 0.0, -0.5, 0.0, Math.abs(x)
7, 6001, 0, -0.20000000000000007, 0.0, -0.5, 0.2, Math.abs(x)
7, 6002, 0, -0.20000000000000007, 0.0, -0.5, 0.4, Math.abs(x)
7, 6003, 0, -0.20000000000000007, 0.0, -0.5, 0.6000000000000001, Math.abs(x)
7, 6004, 6, -0.20000000000000007, 0.0, -0.5, 0.8, Math.max(x, x)
7, 6005, 0, -0.20000000000000007, 0.0, -0.4, 0.0, Math.abs(x)
7, 6006, 0, -0.20000000000000007, 0.0, -0.4, 0.2, Math.abs(x)
7, 6007, 0, -0.20000000000000007, 0.0, -0.4, 0.4, Math.abs(x)
7, 6008, 6, -0.20000000000000007, 0.0, -0.4, 0.6000000000000001, StrictMath.abs(x)
7, 6009, 10, -0.20000000000000007, 0.0, -0.4, 0.8, x
7, 6010, 0, -0.20000000000000007, 0.0, -0.30000000000000004, 0.0, Math.abs(x)
7, 6011, 0, -0.20000000000000007, 0.0, -0.30000000000000004, 0.2, Math.abs(x)
7, 6012, 0, -0.20000000000000007, 0.0, -0.30000000000000004, 0.4, Math.abs(x)
7, 6013, 0, -0.20000000000000007, 0.0, -0.30000000000000004, 0.6000000000000001, Math.abs(x)
7, 6014, 9, -0.20000000000000007, 0.0, -0.30000000000000004, 0.8, size()
7, 6015, 6, -0.20000000000000007, 0.0, -0.20000000000000004, 0.0, Math.max(x, x)
7, 6016, 0, -0.20000000000000007, 0.0, -0.20000000000000004, 0.2, Math.abs(x)
7, 6017, 0, -0.20000000000000007, 0.0, -0.20000000000000004, 0.4, Math.abs(x)
7, 6018, 9, -0.20000000000000007, 0.0, -0.20000000000000004, 0.6000000000000001, size()
7, 6019, 10, -0.20000000000000007, 0.0, -0.20000000000000004, 0.8, x
7, 6020, 10, -0.20000000000000007, 0.0, -0.10000000000000003, 0.0, x
7, 6021, 1, -0.20000000000000007, 0.0, -0.10000000000000003, 0.2, Math.abs()
7, 6022, 6, -0.20000000000000007, 0.0, -0.10000000000000003, 0.4, Math.max(x, x)
7, 6023, 9, -0.20000000000000007, 0.0, -0.10000000000000003, 0.6000000000000001, size()
7, 6024, 9, -0.20000000000000007, 0.0, -0.10000000000000003, 0.8, size()
7, 6025, 6, -0.20000000000000007, 0.0, -2.7755575615628914E-17, 0.0, Math.max(x, x)
7, 6026, 1, -0.20000000000000007, 0.0, -2.7755575615628914E-17, 0.2, Math.abs()
7, 6027, 9, -0.20000000000000007, 0.0, -2.7755575615628914E-17, 0.4, size()
7, 6028, 9, -0.20000000000000007, 0.0, -2.7755575615628914E-17, 0.6000000000000001, size()
7, 6029, 9, -0.20000000000000007, 0.0, -2.7755575615628914E-17, 0.8, size()
7, 6030, 9, -0.20000000000000007, 0.4, -0.5, 0.0, size()
7, 6031, 9, -0.20000000000000007, 0.4, -0.5, 0.2, size()
7, 6032, 9, -0.20000000000000007, 0.4, -0.5, 0.4, size()
7, 6033, 9, -0.20000000000000007, 0.4, -0.5, 0.6000000000000001, size()
7, 6034, 9, -0.20000000000000007, 0.4, -0.5, 0.8, size()
7, 6035, 9, -0.20000000000000007, 0.4, -0.4, 0.0, size()
7, 6036, 9, -0.20000000000000007, 0.4, -0.4, 0.2, size()
7, 6037, 9, -0.20000000000000007, 0.4, -0.4, 0.4, size()
7, 6038, 10, -0.20000000000000007, 0.4, -0.4, 0.6000000000000001, Math.abs(Math.abs(x))
7, 6039, 9, -0.20000000000000007, 0.4, -0.4, 0.8, size()
7, 6040, 9, -0.20000000000000007, 0.4, -0.30000000000000004, 0.0, size()
7, 6041, 9, -0.20000000000000007, 0.4, -0.30000000000000004, 0.2, size()
7, 6042, 9, -0.20000000000000007, 0.4, -0.30000000000000004, 0.4, size()
7, 6043, 9, -0.20000000000000007, 0.4, -0.30000000000000004, 0.6000000000000001, size()
7, 6044, 9, -0.20000000000000007, 0.4, -0.30000000000000004, 0.8, size()
7, 6045, 9, -0.20000000000000007, 0.4, -0.20000000000000004, 0.0, size()
7, 6046, 9, -0.20000000000000007, 0.4, -0.20000000000000004, 0.2, size()
7, 6047, 9, -0.20000000000000007, 0.4, -0.20000000000000004, 0.4, size()
7, 6048, 9, -0.20000000000000007, 0.4, -0.20000000000000004, 0.6000000000000001, size()
7, 6049, 9, -0.20000000000000007, 0.4, -0.20000000000000004, 0.8, size()
7, 6050, 9, -0.20000000000000007, 0.4, -0.10000000000000003, 0.0, size()
7, 6051, 9, -0.20000000000000007, 0.4, -0.10000000000000003, 0.2, size()
7, 6052, 9, -0.20000000000000007, 0.4, -0.10000000000000003, 0.4, size()
7, 6053, 9, -0.20000000000000007, 0.4, -0.10000000000000003, 0.6000000000000001, size()
7, 6054, 9, -0.20000000000000007, 0.4, -0.10000000000000003, 0.8, size()
7, 6055, 9, -0.20000000000000007, 0.4, -2.7755575615628914E-17, 0.0, size()
7, 6056, 9, -0.20000000000000007, 0.4, -2.7755575615628914E-17, 0.2, size()
7, 6057, 9, -0.20000000000000007, 0.4, -2.7755575615628914E-17, 0.4, size()
7, 6058, 9, -0.20000000000000007, 0.4, -2.7755575615628914E-17, 0.6000000000000001, size()
7, 6059, 9, -0.20000000000000007, 0.4, -2.7755575615628914E-17, 0.8, size()
7, 6060, 9, -0.20000000000000007, 0.8, -0.5, 0.0, size()
7, 6061, 9, -0.20000000000000007, 0.8, -0.5, 0.2, size()
7, 6062, 9, -0.20000000000000007, 0.8, -0.5, 0.4, size()
7, 6063, 9, -0.20000000000000007, 0.8, -0.5, 0.6000000000000001, size()
7, 6064, 9, -0.20000000000000007, 0.8, -0.5, 0.8, size()
7, 6065, 9, -0.20000000000000007, 0.8, -0.4, 0.0, size()
7, 6066, 9, -0.20000000000000007, 0.8, -0.4, 0.2, size()
7, 6067, 9, -0.20000000000000007, 0.8, -0.4, 0.4, size()
7, 6068, 10, -0.20000000000000007, 0.8, -0.4, 0.6000000000000001, x
7, 6069, 9, -0.20000000000000007, 0.8, -0.4, 0.8, size()
7, 6070, 9, -0.20000000000000007, 0.8, -0.30000000000000004, 0.0, size()
7, 6071, 9, -0.20000000000000007, 0.8, -0.30000000000000004, 0.2, size()
7, 6072, 9, -0.20000000000000007, 0.8, -0.30000000000000004, 0.4, size()
7, 6073, 9, -0.20000000000000007, 0.8, -0.30000000000000004, 0.6000000000000001, size()
7, 6074, 9, -0.20000000000000007, 0.8, -0.30000000000000004, 0.8, size()
7, 6075, 9, -0.20000000000000007, 0.8, -0.20000000000000004, 0.0, size()
7, 6076, 9, -0.20000000000000007, 0.8, -0.20000000000000004, 0.2, size()
7, 6077, 9, -0.20000000000000007, 0.8, -0.20000000000000004, 0.4, size()
7, 6078, 9, -0.20000000000000007, 0.8, -0.20000000000000004, 0.6000000000000001, size()
7, 6079, 9, -0.20000000000000007, 0.8, -0.20000000000000004, 0.8, size()
7, 6080, 9, -0.20000000000000007, 0.8, -0.10000000000000003, 0.0, size()
7, 6081, 9, -0.20000000000000007, 0.8, -0.10000000000000003, 0.2, size()
7, 6082, 9, -0.20000000000000007, 0.8, -0.10000000000000003, 0.4, size()
7, 6083, 9, -0.20000000000000007, 0.8, -0.10000000000000003, 0.6000000000000001, size()
7, 6084, 9, -0.20000000000000007, 0.8, -0.10000000000000003, 0.8, size()
7, 6085, 9, -0.20000000000000007, 0.8, -2.7755575615628914E-17, 0.0, size()
7, 6086, 9, -0.20000000000000007, 0.8, -2.7755575615628914E-17, 0.2, size()
7, 6087, 9, -0.20000000000000007, 0.8, -2.7755575615628914E-17, 0.4, size()
7, 6088, 9, -0.20000000000000007, 0.8, -2.7755575615628914E-17, 0.6000000000000001, size()
7, 6089, 9, -0.20000000000000007, 0.8, -2.7755575615628914E-17, 0.8, size()
7, 6090, 9, -0.20000000000000007, 1.2000000000000002, -0.5, 0.0, size()
7, 6091, 9, -0.20000000000000007, 1.2000000000000002, -0.5, 0.2, size()
7, 6092, 9, -0.20000000000000007, 1.2000000000000002, -0.5, 0.4, size()
7, 6093, 9, -0.20000000000000007, 1.2000000000000002, -0.5, 0.6000000000000001, size()
7, 6094, 9, -0.20000000000000007, 1.2000000000000002, -0.5, 0.8, size()
7, 6095, 10, -0.20000000000000007, 1.2000000000000002, -0.4, 0.0, Math.abs(Math.abs())
7, 6096, 10, -0.20000000000000007, 1.2000000000000002, -0.4, 0.2, Math.abs(Math.abs())
7, 6097, 10, -0.20000000000000007, 1.2000000000000002, -0.4, 0.4, Math.abs(Math.abs())
7, 6098, 10, -0.20000000000000007, 1.2000000000000002, -0.4, 0.6000000000000001, Math.abs(Math.abs())
7, 6099, 10, -0.20000000000000007, 1.2000000000000002, -0.4, 0.8, Math.abs(Math.abs())
7, 6100, 9, -0.20000000000000007, 1.2000000000000002, -0.30000000000000004, 0.0, size()
7, 6101, 9, -0.20000000000000007, 1.2000000000000002, -0.30000000000000004, 0.2, size()
7, 6102, 9, -0.20000000000000007, 1.2000000000000002, -0.30000000000000004, 0.4, size()
7, 6103, 9, -0.20000000000000007, 1.2000000000000002, -0.30000000000000004, 0.6000000000000001, size()
7, 6104, 9, -0.20000000000000007, 1.2000000000000002, -0.30000000000000004, 0.8, size()
7, 6105, 9, -0.20000000000000007, 1.2000000000000002, -0.20000000000000004, 0.0, size()
7, 6106, 9, -0.20000000000000007, 1.2000000000000002, -0.20000000000000004, 0.2, size()
7, 6107, 9, -0.20000000000000007, 1.2000000000000002, -0.20000000000000004, 0.4, size()
7, 6108, 9, -0.20000000000000007, 1.2000000000000002, -0.20000000000000004, 0.6000000000000001, size()
7, 6109, 9, -0.20000000000000007, 1.2000000000000002, -0.20000000000000004, 0.8, size()
7, 6110, 9, -0.20000000000000007, 1.2000000000000002, -0.10000000000000003, 0.0, size()
7, 6111, 9, -0.20000000000000007, 1.2000000000000002, -0.10000000000000003, 0.2, size()
7, 6112, 9, -0.20000000000000007, 1.2000000000000002, -0.10000000000000003, 0.4, size()
7, 6113, 9, -0.20000000000000007, 1.2000000000000002, -0.10000000000000003, 0.6000000000000001, size()
7, 6114, 9, -0.20000000000000007, 1.2000000000000002, -0.10000000000000003, 0.8, size()
7, 6115, 9, -0.20000000000000007, 1.2000000000000002, -2.7755575615628914E-17, 0.0, size()
7, 6116, 9, -0.20000000000000007, 1.2000000000000002, -2.7755575615628914E-17, 0.2, size()
7, 6117, 9, -0.20