1, 1, 20, -1.0, 0.0, -0.5, 0.0, replaceAll()
1, 2, 20, -1.0, 0.0, -0.5, 0.2, replaceAll()
1, 3, 20, -1.0, 0.0, -0.5, 0.4, replaceAll()
1, 4, 20, -1.0, 0.0, -0.5, 0.6000000000000001, replaceAll()
1, 5, 20, -1.0, 0.0, -0.5, 0.8, replaceAll()
1, 6, 20, -1.0, 0.0, -0.4, 0.0, replaceAll()
1, 7, 20, -1.0, 0.0, -0.4, 0.2, replaceAll()
1, 8, 20, -1.0, 0.0, -0.4, 0.4, replaceAll()
1, 9, 20, -1.0, 0.0, -0.4, 0.6000000000000001, replaceAll()
1, 10, 20, -1.0, 0.0, -0.4, 0.8, replaceAll()
1, 11, 20, -1.0, 0.0, -0.30000000000000004, 0.0, replaceAll()
1, 12, 20, -1.0, 0.0, -0.30000000000000004, 0.2, replaceAll()
1, 13, 20, -1.0, 0.0, -0.30000000000000004, 0.4, replaceAll()
1, 14, 20, -1.0, 0.0, -0.30000000000000004, 0.6000000000000001, replaceAll()
1, 15, 20, -1.0, 0.0, -0.30000000000000004, 0.8, replaceAll()
1, 16, 20, -1.0, 0.0, -0.20000000000000004, 0.0, replaceAll()
1, 17, 20, -1.0, 0.0, -0.20000000000000004, 0.2, replaceAll()
1, 18, 20, -1.0, 0.0, -0.20000000000000004, 0.4, replaceAll()
1, 19, 20, -1.0, 0.0, -0.20000000000000004, 0.6000000000000001, replaceAll()
1, 20, 20, -1.0, 0.0, -0.20000000000000004, 0.8, replaceAll()
1, 21, 20, -1.0, 0.0, -0.10000000000000003, 0.0, replaceAll()
1, 22, 20, -1.0, 0.0, -0.10000000000000003, 0.2, replaceAll()
1, 23, 20, -1.0, 0.0, -0.10000000000000003, 0.4, replaceAll()
1, 24, 20, -1.0, 0.0, -0.10000000000000003, 0.6000000000000001, replaceAll()
1, 25, 20, -1.0, 0.0, -0.10000000000000003, 0.8, replaceAll()
1, 26, 20, -1.0, 0.0, -2.7755575615628914E-17, 0.0, replaceAll()
1, 27, 20, -1.0, 0.0, -2.7755575615628914E-17, 0.2, replaceAll()
1, 28, 20, -1.0, 0.0, -2.7755575615628914E-17, 0.4, replaceAll()
1, 29, 20, -1.0, 0.0, -2.7755575615628914E-17, 0.6000000000000001, replaceAll()
1, 30, 20, -1.0, 0.0, -2.7755575615628914E-17, 0.8, replaceAll()
1, 31, 20, -1.0, 0.4, -0.5, 0.0, replaceAll()
1, 32, 20, -1.0, 0.4, -0.5, 0.2, replaceAll()
1, 33, 20, -1.0, 0.4, -0.5, 0.4, replaceAll()
1, 34, 20, -1.0, 0.4, -0.5, 0.6000000000000001, replaceAll()
1, 35, 20, -1.0, 0.4, -0.5, 0.8, replaceAll()
1, 36, 20, -1.0, 0.4, -0.4, 0.0, replaceAll()
1, 37, 20, -1.0, 0.4, -0.4, 0.2, replaceAll()
1, 38, 20, -1.0, 0.4, -0.4, 0.4, replaceAll()
1, 39, 20, -1.0, 0.4, -0.4, 0.6000000000000001, replaceAll()
1, 40, 20, -1.0, 0.4, -0.4, 0.8, replaceAll()
1, 41, 20, -1.0, 0.4, -0.30000000000000004, 0.0, replaceAll()
1, 42, 20, -1.0, 0.4, -0.30000000000000004, 0.2, replaceAll()
1, 43, 20, -1.0, 0.4, -0.30000000000000004, 0.4, replaceAll()
1, 44, 20, -1.0, 0.4, -0.30000000000000004, 0.6000000000000001, replaceAll()
1, 45, 20, -1.0, 0.4, -0.30000000000000004, 0.8, replaceAll()
1, 46, 20, -1.0, 0.4, -0.20000000000000004, 0.0, replaceAll()
1, 47, 20, -1.0, 0.4, -0.20000000000000004, 0.2, replaceAll()
1, 48, 20, -1.0, 0.4, -0.20000000000000004, 0.4, replaceAll()
1, 49, 20, -1.0, 0.4, -0.20000000000000004, 0.6000000000000001, replaceAll()
1, 50, 20, -1.0, 0.4, -0.20000000000000004, 0.8, replaceAll()
1, 51, 20, -1.0, 0.4, -0.10000000000000003, 0.0, replaceAll()
1, 52, 20, -1.0, 0.4, -0.10000000000000003, 0.2, replaceAll()
1, 53, 20, -1.0, 0.4, -0.10000000000000003, 0.4, replaceAll()
1, 54, 20, -1.0, 0.4, -0.10000000000000003, 0.6000000000000001, replaceAll()
1, 55, 20, -1.0, 0.4, -0.10000000000000003, 0.8, replaceAll()
1, 56, 20, -1.0, 0.4, -2.7755575615628914E-17, 0.0, replaceAll()
1, 57, 20, -1.0, 0.4, -2.7755575615628914E-17, 0.2, replaceAll()
1, 58, 20, -1.0, 0.4, -2.7755575615628914E-17, 0.4, replaceAll()
1, 59, 20, -1.0, 0.4, -2.7755575615628914E-17, 0.6000000000000001, replaceAll()
1, 60, 20, -1.0, 0.4, -2.7755575615628914E-17, 0.8, replaceAll()
1, 61, 20, -1.0, 0.8, -0.5, 0.0, replaceAll()
1, 62, 20, -1.0, 0.8, -0.5, 0.2, replaceAll()
1, 63, 20, -1.0, 0.8, -0.5, 0.4, replaceAll()
1, 64, 13, -1.0, 0.8, -0.5, 0.6000000000000001, comma.replaceAll(comma)
1, 65, 23, -1.0, 0.8, -0.5, 0.8, replace()
1, 66, 20, -1.0, 0.8, -0.4, 0.0, replaceAll()
1, 67, 20, -1.0, 0.8, -0.4, 0.2, replaceAll()
1, 68, 20, -1.0, 0.8, -0.4, 0.4, replaceAll()
1, 69, 13, -1.0, 0.8, -0.4, 0.6000000000000001, comma.replaceAll(comma)
1, 70, 23, -1.0, 0.8, -0.4, 0.8, replace()
1, 71, 20, -1.0, 0.8, -0.30000000000000004, 0.0, replaceAll()
1, 72, 20, -1.0, 0.8, -0.30000000000000004, 0.2, replaceAll()
1, 73, 20, -1.0, 0.8, -0.30000000000000004, 0.4, replaceAll()
1, 74, 13, -1.0, 0.8, -0.30000000000000004, 0.6000000000000001, comma.replaceAll(comma)
1, 75, 23, -1.0, 0.8, -0.30000000000000004, 0.8, replace()
1, 76, 20, -1.0, 0.8, -0.20000000000000004, 0.0, replaceAll()
1, 77, 20, -1.0, 0.8, -0.20000000000000004, 0.2, replaceAll()
1, 78, 20, -1.0, 0.8, -0.20000000000000004, 0.4, replaceAll()
1, 79, 13, -1.0, 0.8, -0.20000000000000004, 0.6000000000000001, comma.replaceAll(comma)
1, 80, 23, -1.0, 0.8, -0.20000000000000004, 0.8, replace()
1, 81, 20, -1.0, 0.8, -0.10000000000000003, 0.0, replaceAll()
1, 82, 20, -1.0, 0.8, -0.10000000000000003, 0.2, replaceAll()
1, 83, 20, -1.0, 0.8, -0.10000000000000003, 0.4, replaceAll()
1, 84, 13, -1.0, 0.8, -0.10000000000000003, 0.6000000000000001, comma.replaceAll(comma)
1, 85, 23, -1.0, 0.8, -0.10000000000000003, 0.8, replace()
1, 86, 20, -1.0, 0.8, -2.7755575615628914E-17, 0.0, replaceAll()
1, 87, 20, -1.0, 0.8, -2.7755575615628914E-17, 0.2, replaceAll()
1, 88, 20, -1.0, 0.8, -2.7755575615628914E-17, 0.4, replaceAll()
1, 89, 13, -1.0, 0.8, -2.7755575615628914E-17, 0.6000000000000001, comma.replaceAll(comma)
1, 90, 23, -1.0, 0.8, -2.7755575615628914E-17, 0.8, comma.replaceAll(comma, message).concat()
1, 91, 16, -1.0, 1.2000000000000002, -0.5, 0.0, replaceAll().replaceAll(comma)
1, 92, 14, -1.0, 1.2000000000000002, -0.5, 0.2, replaceAll().replaceAll(comma, comma)
1, 93, 14, -1.0, 1.2000000000000002, -0.5, 0.4, replaceAll().replaceAll(comma, comma)
1, 94, 23, -1.0, 1.2000000000000002, -0.5, 0.6000000000000001, comma.replaceAll(comma, message).concat()
1, 95, 23, -1.0, 1.2000000000000002, -0.5, 0.8, comma.replaceAll(comma, message).concat()
1, 96, 16, -1.0, 1.2000000000000002, -0.4, 0.0, replaceAll().replaceAll(comma)
1, 97, 14, -1.0, 1.2000000000000002, -0.4, 0.2, replaceAll().replaceAll(comma, comma)
1, 98, 14, -1.0, 1.2000000000000002, -0.4, 0.4, replaceAll().replaceAll(comma, comma)
1, 99, 23, -1.0, 1.2000000000000002, -0.4, 0.6000000000000001, comma.replaceAll(comma, message).concat()
1, 100, 23, -1.0, 1.2000000000000002, -0.4, 0.8, comma.replaceAll(comma, message).trim()
1, 101, 16, -1.0, 1.2000000000000002, -0.30000000000000004, 0.0, replaceAll().replaceAll(comma)
1, 102, 14, -1.0, 1.2000000000000002, -0.30000000000000004, 0.2, replaceAll().replaceAll(comma, comma)
1, 103, 14, -1.0, 1.2000000000000002, -0.30000000000000004, 0.4, replaceAll().replaceAll(comma, comma)
1, 104, 23, -1.0, 1.2000000000000002, -0.30000000000000004, 0.6000000000000001, comma.replaceAll(comma, message).concat()
1, 105, 23, -1.0, 1.2000000000000002, -0.30000000000000004, 0.8, comma.replaceAll(comma, message).trim()
1, 106, 16, -1.0, 1.2000000000000002, -0.20000000000000004, 0.0, replaceAll().replaceAll(comma)
1, 107, 14, -1.0, 1.2000000000000002, -0.20000000000000004, 0.2, replaceAll().replaceAll(comma, comma)
1, 108, 14, -1.0, 1.2000000000000002, -0.20000000000000004, 0.4, replaceAll().replaceAll(comma, comma)
1, 109, 23, -1.0, 1.2000000000000002, -0.20000000000000004, 0.6000000000000001, comma.replaceAll(comma, message).concat()
1, 110, 23, -1.0, 1.2000000000000002, -0.20000000000000004, 0.8, comma.replaceAll(comma, message).trim()
1, 111, 16, -1.0, 1.2000000000000002, -0.10000000000000003, 0.0, replaceAll().replaceAll(comma)
1, 112, 14, -1.0, 1.2000000000000002, -0.10000000000000003, 0.2, replaceAll().replaceAll(comma, comma)
1, 113, 14, -1.0, 1.2000000000000002, -0.10000000000000003, 0.4, replaceAll().replaceAll(comma, comma)
1, 114, 23, -1.0, 1.2000000000000002, -0.10000000000000003, 0.6000000000000001, comma.replaceAll(comma, message).concat()
1, 115, 23, -1.0, 1.2000000000000002, -0.10000000000000003, 0.8, comma.replaceAll(comma, message).trim()
1, 116, 16, -1.0, 1.2000000000000002, -2.7755575615628914E-17, 0.0, replaceAll().replaceAll(comma)
1, 117, 14, -1.0, 1.2000000000000002, -2.7755575615628914E-17, 0.2, replaceAll().replaceAll(comma, comma)
1, 118, 14, -1.0, 1.2000000000000002, -2.7755575615628914E-17, 0.4, replaceAll().replaceAll(comma, comma)
1, 119, 23, -1.0, 1.2000000000000002, -2.7755575615628914E-17, 0.6000000000000001, comma.replaceAll(comma, message).concat()
1, 120, 23, -1.0, 1.2000000000000002, -2.7755575615628914E-17, 0.8, comma.replaceAll(comma, message).trim()
1, 121, 14, -1.0, 1.6, -0.5, 0.0, replaceAll().replaceAll(comma, comma)
1, 122, 14, -1.0, 1.6, -0.5, 0.2, replaceAll().replaceAll(comma, comma)
1, 123, 14, -1.0, 1.6, -0.5, 0.4, replaceAll().replaceAll(comma, comma)
1, 124, 14, -1.0, 1.6, -0.5, 0.6000000000000001, replaceAll().replaceAll(comma, comma)
1, 125, 24, -1.0, 1.6, -0.5, 0.8, getImplementationVendor()
1, 126, 14, -1.0, 1.6, -0.4, 0.0, replaceAll().replaceAll(comma, comma)
1, 127, 14, -1.0, 1.6, -0.4, 0.2, replaceAll().replaceAll(comma, comma)
1, 128, 14, -1.0, 1.6, -0.4, 0.4, replaceAll().replaceAll(comma, comma)
1, 129, 14, -1.0, 1.6, -0.4, 0.6000000000000001, replaceAll().replaceAll(comma, comma)
1, 130, 24, -1.0, 1.6, -0.4, 0.8, getImplementationVendor()
1, 131, 14, -1.0, 1.6, -0.30000000000000004, 0.0, replaceAll().replaceAll(comma, comma)
1, 132, 14, -1.0, 1.6, -0.30000000000000004, 0.2, replaceAll().replaceAll(comma, comma)
1, 133, 14, -1.0, 1.6, -0.30000000000000004, 0.4, replaceAll().replaceAll(comma, comma)
1, 134, 14, -1.0, 1.6, -0.30000000000000004, 0.6000000000000001, replaceAll().replaceAll(comma, comma)
1, 135, 24, -1.0, 1.6, -0.30000000000000004, 0.8, getImplementationVendor()
1, 136, 14, -1.0, 1.6, -0.20000000000000004, 0.0, replaceAll().replaceAll(comma, comma)
1, 137, 14, -1.0, 1.6, -0.20000000000000004, 0.2, replaceAll().replaceAll(comma, comma)
1, 138, 14, -1.0, 1.6, -0.20000000000000004, 0.4, replaceAll().replaceAll(comma, comma)
1, 139, 14, -1.0, 1.6, -0.20000000000000004, 0.6000000000000001, replaceAll().replaceAll(comma, comma)
1, 140, 24, -1.0, 1.6, -0.20000000000000004, 0.8, getImplementationVendor()
1, 141, 14, -1.0, 1.6, -0.10000000000000003, 0.0, replaceAll().replaceAll(comma, comma)
1, 142, 14, -1.0, 1.6, -0.10000000000000003, 0.2, replaceAll().replaceAll(comma, comma)
1, 143, 14, -1.0, 1.6, -0.10000000000000003, 0.4, replaceAll().replaceAll(comma, comma)
1, 144, 14, -1.0, 1.6, -0.10000000000000003, 0.6000000000000001, replaceAll().replaceAll(comma, comma)
1, 145, 24, -1.0, 1.6, -0.10000000000000003, 0.8, getImplementationVendor()
1, 146, 14, -1.0, 1.6, -2.7755575615628914E-17, 0.0, replaceAll().replaceAll(comma, comma)
1, 147, 14, -1.0, 1.6, -2.7755575615628914E-17, 0.2, replaceAll().replaceAll(comma, comma)
1, 148, 14, -1.0, 1.6, -2.7755575615628914E-17, 0.4, replaceAll().replaceAll(comma, comma)
1, 149, 14, -1.0, 1.6, -2.7755575615628914E-17, 0.6000000000000001, replaceAll().replaceAll(comma, comma)
1, 150, 24, -1.0, 1.6, -2.7755575615628914E-17, 0.8, getImplementationVendor()
1, 151, 20, -0.8, 0.0, -0.5, 0.0, replaceAll()
1, 152, 20, -0.8, 0.0, -0.5, 0.2, replaceAll()
1, 153, 20, -0.8, 0.0, -0.5, 0.4, replaceAll()
1, 154, 20, -0.8, 0.0, -0.5, 0.6000000000000001, replaceAll()
1, 155, 20, -0.8, 0.0, -0.5, 0.8, replaceAll()
1, 156, 20, -0.8, 0.0, -0.4, 0.0, replaceAll()
1, 157, 20, -0.8, 0.0, -0.4, 0.2, replaceAll()
1, 158, 20, -0.8, 0.0, -0.4, 0.4, replaceAll()
1, 159, 20, -0.8, 0.0, -0.4, 0.6000000000000001, replaceAll()
1, 160, 20, -0.8, 0.0, -0.4, 0.8, replaceAll()
1, 161, 20, -0.8, 0.0, -0.30000000000000004, 0.0, replaceAll()
1, 162, 20, -0.8, 0.0, -0.30000000000000004, 0.2, replaceAll()
1, 163, 20, -0.8, 0.0, -0.30000000000000004, 0.4, replaceAll()
1, 164, 20, -0.8, 0.0, -0.30000000000000004, 0.6000000000000001, replaceAll()
1, 165, 20, -0.8, 0.0, -0.30000000000000004, 0.8, replaceAll()
1, 166, 20, -0.8, 0.0, -0.20000000000000004, 0.0, replaceAll()
1, 167, 20, -0.8, 0.0, -0.20000000000000004, 0.2, replaceAll()
1, 168, 20, -0.8, 0.0, -0.20000000000000004, 0.4, replaceAll()
1, 169, 20, -0.8, 0.0, -0.20000000000000004, 0.6000000000000001, replaceAll()
1, 170, 20, -0.8, 0.0, -0.20000000000000004, 0.8, replaceAll()
1, 171, 20, -0.8, 0.0, -0.10000000000000003, 0.0, replaceAll()
1, 172, 20, -0.8, 0.0, -0.10000000000000003, 0.2, replaceAll()
1, 173, 20, -0.8, 0.0, -0.10000000000000003, 0.4, replaceAll()
1, 174, 20, -0.8, 0.0, -0.10000000000000003, 0.6000000000000001, replaceAll()
1, 175, 20, -0.8, 0.0, -0.10000000000000003, 0.8, replaceAll()
1, 176, 20, -0.8, 0.0, -2.7755575615628914E-17, 0.0, replaceAll()
1, 177, 20, -0.8, 0.0, -2.7755575615628914E-17, 0.2, replaceAll()
1, 178, 20, -0.8, 0.0, -2.7755575615628914E-17, 0.4, replaceAll()
1, 179, 20, -0.8, 0.0, -2.7755575615628914E-17, 0.6000000000000001, replaceAll()
1, 180, 20, -0.8, 0.0, -2.7755575615628914E-17, 0.8, replaceAll()
1, 181, 20, -0.8, 0.4, -0.5, 0.0, replaceAll()
1, 182, 20, -0.8, 0.4, -0.5, 0.2, replaceAll()
1, 183, 20, -0.8, 0.4, -0.5, 0.4, replaceAll()
1, 184, 20, -0.8, 0.4, -0.5, 0.6000000000000001, replaceAll()
1, 185, 13, -0.8, 0.4, -0.5, 0.8, comma.replaceAll(comma)
1, 186, 20, -0.8, 0.4, -0.4, 0.0, replaceAll()
1, 187, 20, -0.8, 0.4, -0.4, 0.2, replaceAll()
1, 188, 20, -0.8, 0.4, -0.4, 0.4, replaceAll()
1, 189, 20, -0.8, 0.4, -0.4, 0.6000000000000001, replaceAll()
1, 190, 13, -0.8, 0.4, -0.4, 0.8, comma.replaceAll(comma)
1, 191, 20, -0.8, 0.4, -0.30000000000000004, 0.0, replaceAll()
1, 192, 20, -0.8, 0.4, -0.30000000000000004, 0.2, replaceAll()
1, 193, 20, -0.8, 0.4, -0.30000000000000004, 0.4, replaceAll()
1, 194, 20, -0.8, 0.4, -0.30000000000000004, 0.6000000000000001, replaceAll()
1, 195, 13, -0.8, 0.4, -0.30000000000000004, 0.8, comma.replaceAll(comma)
1, 196, 20, -0.8, 0.4, -0.20000000000000004, 0.0, replaceAll()
1, 197, 20, -0.8, 0.4, -0.20000000000000004, 0.2, replaceAll()
1, 198, 20, -0.8, 0.4, -0.20000000000000004, 0.4, replaceAll()
1, 199, 20, -0.8, 0.4, -0.20000000000000004, 0.6000000000000001, replaceAll()
1, 200, 13, -0.8, 0.4, -0.20000000000000004, 0.8, comma.replaceAll(comma)
1, 201, 20, -0.8, 0.4, -0.10000000000000003, 0.0, replaceAll()
1, 202, 20, -0.8, 0.4, -0.10000000000000003, 0.2, replaceAll()
1, 203, 20, -0.8, 0.4, -0.10000000000000003, 0.4, replaceAll()
1, 204, 20, -0.8, 0.4, -0.10000000000000003, 0.6000000000000001, replaceAll()
1, 205, 13, -0.8, 0.4, -0.10000000000000003, 0.8, comma.replaceAll(comma)
1, 206, 20, -0.8, 0.4, -2.7755575615628914E-17, 0.0, replaceAll()
1, 207, 20, -0.8, 0.4, -2.7755575615628914E-17, 0.2, replaceAll()
1, 208, 20, -0.8, 0.4, -2.7755575615628914E-17, 0.4, replaceAll()
1, 209, 20, -0.8, 0.4, -2.7755575615628914E-17, 0.6000000000000001, replaceAll()
1, 210, 13, -0.8, 0.4, -2.7755575615628914E-17, 0.8, comma.replaceAll(comma)
1, 211, 20, -0.8, 0.8, -0.5, 0.0, replaceAll()
1, 212, 20, -0.8, 0.8, -0.5, 0.2, replaceAll()
1, 213, 14, -0.8, 0.8, -0.5, 0.4, comma.replaceAll().spacesToCommas()
1, 214, 23, -0.8, 0.8, -0.5, 0.6000000000000001, comma.replaceAll(comma, message).concat()
1, 215, 23, -0.8, 0.8, -0.5, 0.8, comma.replaceAll(comma, message).concat()
1, 216, 20, -0.8, 0.8, -0.4, 0.0, replaceAll()
1, 217, 20, -0.8, 0.8, -0.4, 0.2, replaceAll()
1, 218, 14, -0.8, 0.8, -0.4, 0.4, comma.replaceAll().spacesToCommas()
1, 219, 23, -0.8, 0.8, -0.4, 0.6000000000000001, comma.replaceAll(comma, message).concat()
1, 220, 23, -0.8, 0.8, -0.4, 0.8, comma.replaceAll(comma, message).trim()
1, 221, 20, -0.8, 0.8, -0.30000000000000004, 0.0, replaceAll()
1, 222, 20, -0.8, 0.8, -0.30000000000000004, 0.2, replaceAll()
1, 223, 14, -0.8, 0.8, -0.30000000000000004, 0.4, comma.replaceAll().spacesToCommas()
1, 224, 23, -0.8, 0.8, -0.30000000000000004, 0.6000000000000001, comma.replaceAll(comma, message).concat()
1, 225, 23, -0.8, 0.8, -0.30000000000000004, 0.8, comma.replaceAll(comma, message).trim()
1, 226, 20, -0.8, 0.8, -0.20000000000000004, 0.0, replaceAll()
1, 227, 20, -0.8, 0.8, -0.20000000000000004, 0.2, replaceAll()
1, 228, 14, -0.8, 0.8, -0.20000000000000004, 0.4, comma.replaceAll().spacesToCommas()
1, 229, 23, -0.8, 0.8, -0.20000000000000004, 0.6000000000000001, comma.replaceAll(comma, message).concat()
1, 230, 23, -0.8, 0.8, -0.20000000000000004, 0.8, comma.replaceAll(comma, message).trim()
1, 231, 20, -0.8, 0.8, -0.10000000000000003, 0.0, replaceAll()
1, 232, 20, -0.8, 0.8, -0.10000000000000003, 0.2, replaceAll()
1, 233, 14, -0.8, 0.8, -0.10000000000000003, 0.4, comma.replaceAll().spacesToCommas()
1, 234, 23, -0.8, 0.8, -0.10000000000000003, 0.6000000000000001, comma.replaceAll(comma, message).concat()
1, 235, 23, -0.8, 0.8, -0.10000000000000003, 0.8, comma.replaceAll(comma, message).trim()
1, 236, 20, -0.8, 0.8, -2.7755575615628914E-17, 0.0, replaceAll()
1, 237, 20, -0.8, 0.8, -2.7755575615628914E-17, 0.2, replaceAll()
1, 238, 14, -0.8, 0.8, -2.7755575615628914E-17, 0.4, comma.replaceAll().spacesToCommas()
1, 239, 23, -0.8, 0.8, -2.7755575615628914E-17, 0.6000000000000001, comma.replaceAll(comma, message).concat()
1, 240, 23, -0.8, 0.8, -2.7755575615628914E-17, 0.8, comma.replaceAll(comma, message).trim()
1, 241, 14, -0.8, 1.2000000000000002, -0.5, 0.0, replaceAll().replaceAll(comma, comma)
1, 242, 14, -0.8, 1.2000000000000002, -0.5, 0.2, replaceAll().replaceAll(comma, comma)
1, 243, 14, -0.8, 1.2000000000000002, -0.5, 0.4, replaceAll().replaceAll(comma, comma)
1, 244, 23, -0.8, 1.2000000000000002, -0.5, 0.6000000000000001, comma.replaceAll(comma, message).trim()
1, 245, 23, -0.8, 1.2000000000000002, -0.5, 0.8, comma.replaceAll(comma, message).trim()
1, 246, 14, -0.8, 1.2000000000000002, -0.4, 0.0, replaceAll().replaceAll(comma, comma)
1, 247, 14, -0.8, 1.2000000000000002, -0.4, 0.2, replaceAll().replaceAll(comma, comma)
1, 248, 14, -0.8, 1.2000000000000002, -0.4, 0.4, replaceAll().replaceAll(comma, comma)
1, 249, 23, -0.8, 1.2000000000000002, -0.4, 0.6000000000000001, comma.replaceAll(comma, message).trim()
1, 250, 23, -0.8, 1.2000000000000002, -0.4, 0.8, comma.replaceAll(comma, message).trim()
1, 251, 14, -0.8, 1.2000000000000002, -0.30000000000000004, 0.0, replaceAll().replaceAll(comma, comma)
1, 252, 14, -0.8, 1.2000000000000002, -0.30000000000000004, 0.2, replaceAll().replaceAll(comma, comma)
1, 253, 14, -0.8, 1.2000000000000002, -0.30000000000000004, 0.4, replaceAll().replaceAll(comma, comma)
1, 254, 23, -0.8, 1.2000000000000002, -0.30000000000000004, 0.6000000000000001, comma.replaceAll(comma, message).trim()
1, 255, 23, -0.8, 1.2000000000000002, -0.30000000000000004, 0.8, comma.replaceAll(comma, message).trim()
1, 256, 14, -0.8, 1.2000000000000002, -0.20000000000000004, 0.0, replaceAll().replaceAll(comma, comma)
1, 257, 14, -0.8, 1.2000000000000002, -0.20000000000000004, 0.2, replaceAll().replaceAll(comma, comma)
1, 258, 14, -0.8, 1.2000000000000002, -0.20000000000000004, 0.4, replaceAll().replaceAll(comma, comma)
1, 259, 23, -0.8, 1.2000000000000002, -0.20000000000000004, 0.6000000000000001, comma.replaceAll(comma, message).trim()
1, 260, 23, -0.8, 1.2000000000000002, -0.20000000000000004, 0.8, comma.replaceAll(comma, message).trim()
1, 261, 14, -0.8, 1.2000000000000002, -0.10000000000000003, 0.0, replaceAll().replaceAll(comma, comma)
1, 262, 14, -0.8, 1.2000000000000002, -0.10000000000000003, 0.2, replaceAll().replaceAll(comma, comma)
1, 263, 14, -0.8, 1.2000000000000002, -0.10000000000000003, 0.4, replaceAll().replaceAll(comma, comma)
1, 264, 23, -0.8, 1.2000000000000002, -0.10000000000000003, 0.6000000000000001, comma.replaceAll(comma, message).trim()
1, 265, 23, -0.8, 1.2000000000000002, -0.10000000000000003, 0.8, comma.replaceAll(comma, message).trim()
1, 266, 14, -0.8, 1.2000000000000002, -2.7755575615628914E-17, 0.0, replaceAll().replaceAll(comma, comma)
1, 267, 14, -0.8, 1.2000000000000002, -2.7755575615628914E-17, 0.2, replaceAll().replaceAll(comma, comma)
1, 268, 14, -0.8, 1.2000000000000002, -2.7755575615628914E-17, 0.4, replaceAll().replaceAll(comma, comma)
1, 269, 23, -0.8, 1.2000000000000002, -2.7755575615628914E-17, 0.6000000000000001, comma.replaceAll(comma, message).trim()
1, 270, 23, -0.8, 1.2000000000000002, -2.7755575615628914E-17, 0.8, comma.replaceAll(comma, message).trim()
1, 271, 14, -0.8, 1.6, -0.5, 0.0, replaceAll().replaceAll(comma, comma)
1, 272, 14, -0.8, 1.6, -0.5, 0.2, replaceAll().replaceAll(comma, comma)
1, 273, 20, -0.8, 1.6, -0.5, 0.4, replaceAll().replaceAll(comma, comma).get()
1, 274, 20, -0.8, 1.6, -0.5, 0.6000000000000001, replaceAll().replaceAll(comma, comma).get()
1, 275, 24, -0.8, 1.6, -0.5, 0.8, getImplementationVendor()
1, 276, 14, -0.8, 1.6, -0.4, 0.0, replaceAll().replaceAll(comma, comma)
1, 277, 14, -0.8, 1.6, -0.4, 0.2, replaceAll().replaceAll(comma, comma)
1, 278, 20, -0.8, 1.6, -0.4, 0.4, replaceAll().replaceAll(comma, comma).get()
1, 279, 20, -0.8, 1.6, -0.4, 0.6000000000000001, replaceAll().replaceAll(comma, comma).get()
1, 280, 24, -0.8, 1.6, -0.4, 0.8, getImplementationVendor()
1, 281, 14, -0.8, 1.6, -0.30000000000000004, 0.0, replaceAll().replaceAll(comma, comma)
1, 282, 14, -0.8, 1.6, -0.30000000000000004, 0.2, replaceAll().replaceAll(comma, comma)
1, 283, 20, -0.8, 1.6, -0.30000000000000004, 0.4, replaceAll().replaceAll(comma, comma).get()
1, 284, 20, -0.8, 1.6, -0.30000000000000004, 0.6000000000000001, replaceAll().replaceAll(comma, comma).get()
1, 285, 24, -0.8, 1.6, -0.30000000000000004, 0.8, getImplementationVendor()
1, 286, 14, -0.8, 1.6, -0.20000000000000004, 0.0, replaceAll().replaceAll(comma, comma)
1, 287, 14, -0.8, 1.6, -0.20000000000000004, 0.2, replaceAll().replaceAll(comma, comma)
1, 288, 20, -0.8, 1.6, -0.20000000000000004, 0.4, replaceAll().replaceAll(comma, comma).get()
1, 289, 20, -0.8, 1.6, -0.20000000000000004, 0.6000000000000001, replaceAll().replaceAll(comma, comma).get()
1, 290, 24, -0.8, 1.6, -0.20000000000000004, 0.8, getImplementationVendor()
1, 291, 14, -0.8, 1.6, -0.10000000000000003, 0.0, replaceAll().replaceAll(comma, comma)
1, 292, 14, -0.8, 1.6, -0.10000000000000003, 0.2, replaceAll().replaceAll(comma, comma)
1, 293, 20, -0.8, 1.6, -0.10000000000000003, 0.4, replaceAll().replaceAll(comma, comma).get()
1, 294, 20, -0.8, 1.6, -0.10000000000000003, 0.6000000000000001, replaceAll().replaceAll(comma, comma).get()
1, 295, 24, -0.8, 1.6, -0.10000000000000003, 0.8, getImplementationVendor()
1, 296, 14, -0.8, 1.6, -2.7755575615628914E-17, 0.0, replaceAll().replaceAll(comma, comma)
1, 297, 14, -0.8, 1.6, -2.7755575615628914E-17, 0.2, replaceAll().replaceAll(comma, comma)
1, 298, 20, -0.8, 1.6, -2.7755575615628914E-17, 0.4, replaceAll().replaceAll(comma, comma).get()
1, 299, 20, -0.8, 1.6, -2.7755575615628914E-17, 0.6000000000000001, replaceAll().replaceAll(comma, comma).get()
1, 300, 24, -0.8, 1.6, -2.7755575615628914E-17, 0.8, getImplementationVendor()
1, 301, 20, -0.6000000000000001, 0.0, -0.5, 0.0, replaceAll()
1, 302, 20, -0.6000000000000001, 0.0, -0.5, 0.2, replaceAll()
1, 303, 20, -0.6000000000000001, 0.0, -0.5, 0.4, replaceAll()
1, 304, 20, -0.6000000000000001, 0.0, -0.5, 0.6000000000000001, replaceAll()
1, 305, 13, -0.6000000000000001, 0.0, -0.5, 0.8, comma.replaceAll(comma)
1, 306, 20, -0.6000000000000001, 0.0, -0.4, 0.0, replaceAll()
1, 307, 20, -0.6000000000000001, 0.0, -0.4, 0.2, replaceAll()
1, 308, 20, -0.6000000000000001, 0.0, -0.4, 0.4, replaceAll()
1, 309, 20, -0.6000000000000001, 0.0, -0.4, 0.6000000000000001, replaceAll()
1, 310, 13, -0.6000000000000001, 0.0, -0.4, 0.8, comma.replaceAll(comma)
1, 311, 20, -0.6000000000000001, 0.0, -0.30000000000000004, 0.0, replaceAll()
1, 312, 20, -0.6000000000000001, 0.0, -0.30000000000000004, 0.2, replaceAll()
1, 313, 20, -0.6000000000000001, 0.0, -0.30000000000000004, 0.4, replaceAll()
1, 314, 20, -0.6000000000000001, 0.0, -0.30000000000000004, 0.6000000000000001, replaceAll()
1, 315, 13, -0.6000000000000001, 0.0, -0.30000000000000004, 0.8, comma.replaceAll(comma)
1, 316, 20, -0.6000000000000001, 0.0, -0.20000000000000004, 0.0, replaceAll()
1, 317, 20, -0.6000000000000001, 0.0, -0.20000000000000004, 0.2, replaceAll()
1, 318, 20, -0.6000000000000001, 0.0, -0.20000000000000004, 0.4, replaceAll()
1, 319, 20, -0.6000000000000001, 0.0, -0.20000000000000004, 0.6000000000000001, replaceAll()
1, 320, 13, -0.6000000000000001, 0.0, -0.20000000000000004, 0.8, comma.replaceAll(comma)
1, 321, 20, -0.6000000000000001, 0.0, -0.10000000000000003, 0.0, replaceAll()
1, 322, 20, -0.6000000000000001, 0.0, -0.10000000000000003, 0.2, replaceAll()
1, 323, 20, -0.6000000000000001, 0.0, -0.10000000000000003, 0.4, replaceAll()
1, 324, 20, -0.6000000000000001, 0.0, -0.10000000000000003, 0.6000000000000001, replaceAll()
1, 325, 13, -0.6000000000000001, 0.0, -0.10000000000000003, 0.8, comma.replaceAll(comma)
1, 326, 20, -0.6000000000000001, 0.0, -2.7755575615628914E-17, 0.0, replaceAll()
1, 327, 20, -0.6000000000000001, 0.0, -2.7755575615628914E-17, 0.2, replaceAll()
1, 328, 20, -0.6000000000000001, 0.0, -2.7755575615628914E-17, 0.4, replaceAll()
1, 329, 20, -0.6000000000000001, 0.0, -2.7755575615628914E-17, 0.6000000000000001, replaceAll()
1, 330, 23, -0.6000000000000001, 0.0, -2.7755575615628914E-17, 0.8, System.getenv(comma.spacesToCommas())
1, 331, 20, -0.6000000000000001, 0.4, -0.5, 0.0, replaceAll()
1, 332, 20, -0.6000000000000001, 0.4, -0.5, 0.2, replaceAll()
1, 333, 20, -0.6000000000000001, 0.4, -0.5, 0.4, replaceAll()
1, 334, 13, -0.6000000000000001, 0.4, -0.5, 0.6000000000000001, comma.replaceAll(comma)
1, 335, 23, -0.6000000000000001, 0.4, -0.5, 0.8, comma.replaceAll(comma, message).concat()
1, 336, 20, -0.6000000000000001, 0.4, -0.4, 0.0, replaceAll()
1, 337, 20, -0.6000000000000001, 0.4, -0.4, 0.2, replaceAll()
1, 338, 20, -0.6000000000000001, 0.4, -0.4, 0.4, replaceAll()
1, 339, 13, -0.6000000000000001, 0.4, -0.4, 0.6000000000000001, comma.replaceAll(comma)
1, 340, 23, -0.6000000000000001, 0.4, -0.4, 0.8, comma.replaceAll(comma, message).concat()
1, 341, 20, -0.6000000000000001, 0.4, -0.30000000000000004, 0.0, replaceAll()
1, 342, 20, -0.6000000000000001, 0.4, -0.30000000000000004, 0.2, replaceAll()
1, 343, 20, -0.6000000000000001, 0.4, -0.30000000000000004, 0.4, replaceAll()
1, 344, 13, -0.6000000000000001, 0.4, -0.30000000000000004, 0.6000000000000001, comma.replaceAll(comma)
1, 345, 23, -0.6000000000000001, 0.4, -0.30000000000000004, 0.8, comma.replaceAll(comma, message).trim()
1, 346, 20, -0.6000000000000001, 0.4, -0.20000000000000004, 0.0, replaceAll()
1, 347, 20, -0.6000000000000001, 0.4, -0.20000000000000004, 0.2, replaceAll()
1, 348, 20, -0.6000000000000001, 0.4, -0.20000000000000004, 0.4, replaceAll()
1, 349, 13, -0.6000000000000001, 0.4, -0.20000000000000004, 0.6000000000000001, comma.replaceAll(comma)
1, 350, 23, -0.6000000000000001, 0.4, -0.20000000000000004, 0.8, comma.replaceAll(comma, message).trim()
1, 351, 20, -0.6000000000000001, 0.4, -0.10000000000000003, 0.0, replaceAll()
1, 352, 20, -0.6000000000000001, 0.4, -0.10000000000000003, 0.2, replaceAll()
1, 353, 20, -0.6000000000000001, 0.4, -0.10000000000000003, 0.4, replaceAll()
1, 354, 13, -0.6000000000000001, 0.4, -0.10000000000000003, 0.6000000000000001, comma.replaceAll(comma)
1, 355, 23, -0.6000000000000001, 0.4, -0.10000000000000003, 0.8, comma.replaceAll(comma, message).trim()
1, 356, 20, -0.6000000000000001, 0.4, -2.7755575615628914E-17, 0.0, replaceAll()
1, 357, 20, -0.6000000000000001, 0.4, -2.7755575615628914E-17, 0.2, replaceAll()
1, 358, 20, -0.6000000000000001, 0.4, -2.7755575615628914E-17, 0.4, replaceAll()
1, 359, 13, -0.6000000000000001, 0.4, -2.7755575615628914E-17, 0.6000000000000001, comma.replaceAll(comma)
1, 360, 23, -0.6000000000000001, 0.4, -2.7755575615628914E-17, 0.8, comma.replaceAll(comma, message).trim()
1, 361, 16, -0.6000000000000001, 0.8, -0.5, 0.0, replaceAll().replaceAll(comma)
1, 362, 14, -0.6000000000000001, 0.8, -0.5, 0.2, replaceAll().replaceAll(comma, comma)
1, 363, 22, -0.6000000000000001, 0.8, -0.5, 0.4, comma.replaceAll(comma, replaceAll())
1, 364, 23, -0.6000000000000001, 0.8, -0.5, 0.6000000000000001, comma.replaceAll(comma, message).trim()
1, 365, 23, -0.6000000000000001, 0.8, -0.5, 0.8, comma.replaceAll(comma, message).trim()
1, 366, 16, -0.6000000000000001, 0.8, -0.4, 0.0, replaceAll().replaceAll(comma)
1, 367, 14, -0.6000000000000001, 0.8, -0.4, 0.2, replaceAll().replaceAll(comma, comma)
1, 368, 22, -0.6000000000000001, 0.8, -0.4, 0.4, comma.replaceAll(comma, replaceAll())
1, 369, 23, -0.6000000000000001, 0.8, -0.4, 0.6000000000000001, comma.replaceAll(comma, message).trim()
1, 370, 23, -0.6000000000000001, 0.8, -0.4, 0.8, comma.replaceAll(comma, message).trim()
1, 371, 16, -0.6000000000000001, 0.8, -0.30000000000000004, 0.0, replaceAll().replaceAll(comma)
1, 372, 14, -0.6000000000000001, 0.8, -0.30000000000000004, 0.2, replaceAll().replaceAll(comma, comma)
1, 373, 22, -0.6000000000000001, 0.8, -0.30000000000000004, 0.4, comma.replaceAll(comma, replaceAll())
1, 374, 23, -0.6000000000000001, 0.8, -0.30000000000000004, 0.6000000000000001, comma.replaceAll(comma, message).trim()
1, 375, 23, -0.6000000000000001, 0.8, -0.30000000000000004, 0.8, comma.replaceAll(comma, message).trim()
1, 376, 16, -0.6000000000000001, 0.8, -0.20000000000000004, 0.0, replaceAll().replaceAll(comma)
1, 377, 14, -0.6000000000000001, 0.8, -0.20000000000000004, 0.2, replaceAll().replaceAll(comma, comma)
1, 378, 22, -0.6000000000000001, 0.8, -0.20000000000000004, 0.4, comma.replaceAll(comma, replaceAll())
1, 379, 23, -0.6000000000000001, 0.8, -0.20000000000000004, 0.6000000000000001, comma.replaceAll(comma, message).trim()
1, 380, 23, -0.6000000000000001, 0.8, -0.20000000000000004, 0.8, comma.replaceAll(comma, message).trim()
1, 381, 16, -0.6000000000000001, 0.8, -0.10000000000000003, 0.0, replaceAll().replaceAll(comma)
1, 382, 14, -0.6000000000000001, 0.8, -0.10000000000000003, 0.2, replaceAll().replaceAll(comma, comma)
1, 383, 22, -0.6000000000000001, 0.8, -0.10000000000000003, 0.4, comma.replaceAll(comma, replaceAll())
1, 384, 23, -0.6000000000000001, 0.8, -0.10000000000000003, 0.6000000000000001, comma.replaceAll(comma, message).trim()
1, 385, 23, -0.6000000000000001, 0.8, -0.10000000000000003, 0.8, comma.replaceAll(comma, message).trim()
1, 386, 16, -0.6000000000000001, 0.8, -2.7755575615628914E-17, 0.0, replaceAll().replaceAll(comma)
1, 387, 14, -0.6000000000000001, 0.8, -2.7755575615628914E-17, 0.2, replaceAll().replaceAll(comma, comma)
1, 388, 22, -0.6000000000000001, 0.8, -2.7755575615628914E-17, 0.4, comma.replaceAll(comma, replaceAll())
1, 389, 23, -0.6000000000000001, 0.8, -2.7755575615628914E-17, 0.6000000000000001, comma.replaceAll(comma, message).trim()
1, 390, 23, -0.6000000000000001, 0.8, -2.7755575615628914E-17, 0.8, comma.replaceAll(comma, message).trim()
1, 391, 14, -0.6000000000000001, 1.2000000000000002, -0.5, 0.0, replaceAll().replaceAll(comma, comma)
1, 392, 14, -0.6000000000000001, 1.2000000000000002, -0.5, 0.2, replaceAll().replaceAll(comma, comma)
1, 393, 20, -0.6000000000000001, 1.2000000000000002, -0.5, 0.4, replaceAll().replaceAll(comma, comma).get()
1, 394, 23, -0.6000000000000001, 1.2000000000000002, -0.5, 0.6000000000000001, comma.replaceAll(comma, message).trim()
1, 395, 23, -0.6000000000000001, 1.2000000000000002, -0.5, 0.8, comma.replaceAll(comma, message).trim()
1, 396, 14, -0.6000000000000001, 1.2000000000000002, -0.4, 0.0, replaceAll().replaceAll(comma, comma)
1, 397, 14, -0.6000000000000001, 1.2000000000000002, -0.4, 0.2, replaceAll().replaceAll(comma, comma)
1, 398, 20, -0.6000000000000001, 1.2000000000000002, -0.4, 0.4, replaceAll().replaceAll(comma, comma).get()
1, 399, 23, -0.6000000000000001, 1.2000000000000002, -0.4, 0.6000000000000001, comma.replaceAll(comma, message).trim()
1, 400, 23, -0.6000000000000001, 1.2000000000000002, -0.4, 0.8, comma.replaceAll(comma, message).trim()
1, 401, 14, -0.6000000000000001, 1.2000000000000002, -0.30000000000000004, 0.0, replaceAll().replaceAll(comma, comma)
1, 402, 14, -0.6000000000000001, 1.2000000000000002, -0.30000000000000004, 0.2, replaceAll().replaceAll(comma, comma)
1, 403, 20, -0.6000000000000001, 1.2000000000000002, -0.30000000000000004, 0.4, replaceAll().replaceAll(comma, comma).get()
1, 404, 23, -0.6000000000000001, 1.2000000000000002, -0.30000000000000004, 0.6000000000000001, comma.replaceAll(comma, message).trim()
1, 405, 23, -0.6000000000000001, 1.2000000000000002, -0.30000000000000004, 0.8, comma.replaceAll(comma, message).trim()
1, 406, 14, -0.6000000000000001, 1.2000000000000002, -0.20000000000000004, 0.0, replaceAll().replaceAll(comma, comma)
1, 407, 14, -0.6000000000000001, 1.2000000000000002, -0.20000000000000004, 0.2, replaceAll().replaceAll(comma, comma)
1, 408, 20, -0.6000000000000001, 1.2000000000000002, -0.20000000000000004, 0.4, replaceAll().replaceAll(comma, comma).get()
1, 409, 23, -0.6000000000000001, 1.2000000000000002, -0.20000000000000004, 0.6000000000000001, comma.replaceAll(comma, message).trim()
1, 410, 23, -0.6000000000000001, 1.2000000000000002, -0.20000000000000004, 0.8, comma.replaceAll(comma, message).trim()
1, 411, 14, -0.6000000000000001, 1.2000000000000002, -0.10000000000000003, 0.0, replaceAll().replaceAll(comma, comma)
1, 412, 14, -0.6000000000000001, 1.2000000000000002, -0.10000000000000003, 0.2, replaceAll().replaceAll(comma, comma)
1, 413, 20, -0.6000000000000001, 1.2000000000000002, -0.10000000000000003, 0.4, replaceAll().replaceAll(comma, comma).get()
1, 414, 23, -0.6000000000000001, 1.2000000000000002, -0.10000000000000003, 0.6000000000000001, comma.replaceAll(comma, message).trim()
1, 415, 23, -0.6000000000000001, 1.2000000000000002, -0.10000000000000003, 0.8, comma.replaceAll(comma, message).trim()
1, 416, 14, -0.6000000000000001, 1.2000000000000002, -2.7755575615628914E-17, 0.0, replaceAll().replaceAll(comma, comma)
1, 417, 14, -0.6000000000000001, 1.2000000000000002, -2.7755575615628914E-17, 0.2, replaceAll().replaceAll(comma, comma)
1, 418, 20, -0.6000000000000001, 1.2000000000000002, -2.7755575615628914E-17, 0.4, replaceAll().replaceAll(comma, comma).get()
1, 419, 23, -0.6000000000000001, 1.2000000000000002, -2.7755575615628914E-17, 0.6000000000000001, comma.replaceAll(comma, message).trim()
1, 420, 21, -0.6000000000000001, 1.2000000000000002, -2.7755575615628914E-17, 0.8, comma.replace().toString()
1, 421, 14, -0.6000000000000001, 1.6, -0.5, 0.0, replaceAll().replaceAll(comma, comma)
1, 422, 20, -0.6000000000000001, 1.6, -0.5, 0.2, replaceAll().replaceAll(comma, comma).get()
1, 423, 20, -0.6000000000000001, 1.6, -0.5, 0.4, replaceAll().replaceAll(comma, comma).get()
1, 424, 20, -0.6000000000000001, 1.6, -0.5, 0.6000000000000001, replaceAll().replaceAll(comma, comma).get()
1, 425, 23, -0.6000000000000001, 1.6, -0.5, 0.8, comma.replaceAll(comma, message).trim()
1, 426, 14, -0.6000000000000001, 1.6, -0.4, 0.0, replaceAll().replaceAll(comma, comma)
1, 427, 20, -0.6000000000000001, 1.6, -0.4, 0.2, replaceAll().replaceAll(comma, comma).get()
1, 428, 20, -0.6000000000000001, 1.6, -0.4, 0.4, replaceAll().replaceAll(comma, comma).get()
1, 429, 20, -0.6000000000000001, 1.6, -0.4, 0.6000000000000001, replaceAll().replaceAll(comma, comma).get()
1, 430, 23, -0.6000000000000001, 1.6, -0.4, 0.8, comma.replaceAll(comma, message).trim()
1, 431, 14, -0.6000000000000001, 1.6, -0.30000000000000004, 0.0, replaceAll().replaceAll(comma, comma)
1, 432, 20, -0.6000000000000001, 1.6, -0.30000000000000004, 0.2, replaceAll().replaceAll(comma, comma).get()
1, 433, 20, -0.6000000000000001, 1.6, -0.30000000000000004, 0.4, replaceAll().replaceAll(comma, comma).get()
1, 434, 20, -0.6000000000000001, 1.6, -0.30000000000000004, 0.6000000000000001, replaceAll().replaceAll(comma, comma).get()
1, 435, 19, -0.6000000000000001, 1.6, -0.30000000000000004, 0.8, new String(replace().replace(comma))
1, 436, 14, -0.6000000000000001, 1.6, -0.20000000000000004, 0.0, replaceAll().replaceAll(comma, comma)
1, 437, 20, -0.6000000000000001, 1.6, -0.20000000000000004, 0.2, replaceAll().replaceAll(comma, comma).get()
1, 438, 20, -0.6000000000000001, 1.6, -0.20000000000000004, 0.4, replaceAll().replaceAll(comma, comma).get()
1, 439, 20, -0.6000000000000001, 1.6, -0.20000000000000004, 0.6000000000000001, replaceAll().replaceAll(comma, comma).get()
1, 440, 19, -0.6000000000000001, 1.6, -0.20000000000000004, 0.8, new String(replace().replace(comma))
1, 441, 14, -0.6000000000000001, 1.6, -0.10000000000000003, 0.0, replaceAll().replaceAll(comma, comma)
1, 442, 20, -0.6000000000000001, 1.6, -0.10000000000000003, 0.2, replaceAll().replaceAll(comma, comma).get()
1, 443, 20, -0.6000000000000001, 1.6, -0.10000000000000003, 0.4, replaceAll().replaceAll(comma, comma).get()
1, 444, 20, -0.6000000000000001, 1.6, -0.10000000000000003, 0.6000000000000001, replaceAll().replaceAll(comma, comma).get()
1, 445, 19, -0.6000000000000001, 1.6, -0.10000000000000003, 0.8, new String(replace().replace(comma))
1, 446, 14, -0.6000000000000001, 1.6, -2.7755575615628914E-17, 0.0, replaceAll().replaceAll(comma, comma)
1, 447, 20, -0.6000000000000001, 1.6, -2.7755575615628914E-17, 0.2, replaceAll().replaceAll(comma, comma).get()
1, 448, 20, -0.6000000000000001, 1.6, -2.7755575615628914E-17, 0.4, replaceAll().replaceAll(comma, comma).get()
1, 449, 20, -0.6000000000000001, 1.6, -2.7755575615628914E-17, 0.6000000000000001, replaceAll().replaceAll(comma, comma).get()
1, 450, 19, -0.6000000000000001, 1.6, -2.7755575615628914E-17, 0.8, new String(replace().replace(comma))
1, 451, 20, -0.4000000000000001, 0.0, -0.5, 0.0, replaceAll()
1, 452, 20, -0.4000000000000001, 0.0, -0.5, 0.2, replaceAll()
1, 453, 20, -0.4000000000000001, 0.0, -0.5, 0.4, replaceAll()
1, 454, 13, -0.4000000000000001, 0.0, -0.5, 0.6000000000000001, comma.replaceAll(comma)
1, 455, 18, -0.4000000000000001, 0.0, -0.5, 0.8, comma.replaceAll(comma.replace(comma))
1, 456, 20, -0.4000000000000001, 0.0, -0.4, 0.0, replaceAll()
1, 457, 20, -0.4000000000000001, 0.0, -0.4, 0.2, replaceAll()
1, 458, 20, -0.4000000000000001, 0.0, -0.4, 0.4, replaceAll()
1, 459, 13, -0.4000000000000001, 0.0, -0.4, 0.6000000000000001, comma.replaceAll(comma)
1, 460, 18, -0.4000000000000001, 0.0, -0.4, 0.8, comma.replaceAll(comma.replace(comma))
1, 461, 20, -0.4000000000000001, 0.0, -0.30000000000000004, 0.0, replaceAll()
1, 462, 20, -0.4000000000000001, 0.0, -0.30000000000000004, 0.2, replaceAll()
1, 463, 20, -0.4000000000000001, 0.0, -0.30000000000000004, 0.4, replaceAll()
1, 464, 13, -0.4000000000000001, 0.0, -0.30000000000000004, 0.6000000000000001, comma.replaceAll(comma)
1, 465, 18, -0.4000000000000001, 0.0, -0.30000000000000004, 0.8, comma.replaceAll(comma.replace(comma))
1, 466, 20, -0.4000000000000001, 0.0, -0.20000000000000004, 0.0, replaceAll()
1, 467, 20, -0.4000000000000001, 0.0, -0.20000000000000004, 0.2, replaceAll()
1, 468, 20, -0.4000000000000001, 0.0, -0.20000000000000004, 0.4, replaceAll()
1, 469, 13, -0.4000000000000001, 0.0, -0.20000000000000004, 0.6000000000000001, comma.replaceAll(comma)
1, 470, 18, -0.4000000000000001, 0.0, -0.20000000000000004, 0.8, comma.replaceAll(comma.replace(comma))
1, 471, 20, -0.4000000000000001, 0.0, -0.10000000000000003, 0.0, replaceAll()
1, 472, 20, -0.4000000000000001, 0.0, -0.10000000000000003, 0.2, replaceAll()
1, 473, 20, -0.4000000000000001, 0.0, -0.10000000000000003, 0.4, replaceAll()
1, 474, 13, -0.4000000000000001, 0.0, -0.10000000000000003, 0.6000000000000001, comma.replaceAll(comma)
1, 475, 23, -0.4000000000000001, 0.0, -0.10000000000000003, 0.8, System.getenv(comma.spacesToCommas())
1, 476, 20, -0.4000000000000001, 0.0, -2.7755575615628914E-17, 0.0, replaceAll()
1, 477, 20, -0.4000000000000001, 0.0, -2.7755575615628914E-17, 0.2, replaceAll()
1, 478, 20, -0.4000000000000001, 0.0, -2.7755575615628914E-17, 0.4, replaceAll()
1, 479, 23, -0.4000000000000001, 0.0, -2.7755575615628914E-17, 0.6000000000000001, System.getenv(comma.spacesToCommas())
1, 480, 23, -0.4000000000000001, 0.0, -2.7755575615628914E-17, 0.8, System.getenv(comma.spacesToCommas())
1, 481, 20, -0.4000000000000001, 0.4, -0.5, 0.0, replaceAll()
1, 482, 20, -0.4000000000000001, 0.4, -0.5, 0.2, replaceAll()
1, 483, 23, -0.4000000000000001, 0.4, -0.5, 0.4, comma.replaceAll(comma, message).concat()
1, 484, 23, -0.4000000000000001, 0.4, -0.5, 0.6000000000000001, comma.replaceAll(comma, message).trim()
1, 485, 23, -0.4000000000000001, 0.4, -0.5, 0.8, comma.replaceAll(comma, message).trim()
1, 486, 20, -0.4000000000000001, 0.4, -0.4, 0.0, replaceAll()
1, 487, 20, -0.4000000000000001, 0.4, -0.4, 0.2, replaceAll()
1, 488, 23, -0.4000000000000001, 0.4, -0.4, 0.4, comma.replaceAll(comma, message).concat()
1, 489, 23, -0.4000000000000001, 0.4, -0.4, 0.6000000000000001, comma.replaceAll(comma, message).trim()
1, 490, 23, -0.4000000000000001, 0.4, -0.4, 0.8, comma.replaceAll(comma, message).trim()
1, 491, 20, -0.4000000000000001, 0.4, -0.30000000000000004, 0.0, replaceAll()
1, 492, 20, -0.4000000000000001, 0.4, -0.30000000000000004, 0.2, replaceAll()
1, 493, 23, -0.4000000000000001, 0.4, -0.30000000000000004, 0.4, comma.replaceAll(comma, message).concat()
1, 494, 23, -0.4000000000000001, 0.4, -0.30000000000000004, 0.6000000000000001, comma.replaceAll(comma, message).trim()
1, 495, 23, -0.4000000000000001, 0.4, -0.30000000000000004, 0.8, comma.replaceAll(comma, message).trim()
1, 496, 20, -0.4000000000000001, 0.4, -0.20000000000000004, 0.0, replaceAll()
1, 497, 20, -0.4000000000000001, 0.4, -0.20000000000000004, 0.2, replaceAll()
1, 498, 23, -0.4000000000000001, 0.4, -0.20000000000000004, 0.4, comma.replaceAll(comma, message).concat()
1, 499, 23, -0.4000000000000001, 0.4, -0.20000000000000004, 0.6000000000000001, comma.replaceAll(comma, message).trim()
1, 500, 23, -0.4000000000000001, 0.4, -0.20000000000000004, 0.8, comma.replaceAll(comma, message).trim()
1, 501, 20, -0.4000000000000001, 0.4, -0.10000000000000003, 0.0, replaceAll()
1, 502, 20, -0.4000000000000001, 0.4, -0.10000000000000003, 0.2, replaceAll()
1, 503, 23, -0.4000000000000001, 0.4, -0.10000000000000003, 0.4, comma.replaceAll(comma, message).trim()
1, 504, 23, -0.4000000000000001, 0.4, -0.10000000000000003, 0.6000000000000001, comma.replaceAll(comma, message).trim()
1, 505, 23, -0.4000000000000001, 0.4, -0.10000000000000003, 0.8, comma.replaceAll(comma, message).trim()
1, 506, 20, -0.4000000000000001, 0.4, -2.7755575615628914E-17, 0.0, replaceAll()
1, 507, 20, -0.4000000000000001, 0.4, -2.7755575615628914E-17, 0.2, replaceAll()
1, 508, 23, -0.4000000000000001, 0.4, -2.7755575615628914E-17, 0.4, comma.replaceAll(comma, message).trim()
1, 509, 23, -0.4000000000000001, 0.4, -2.7755575615628914E-17, 0.6000000000000001, comma.replaceAll(comma, message).trim()
1, 510, 23, -0.4000000000000001, 0.4, -2.7755575615628914E-17, 0.8, comma.replaceAll(comma, message).get()
1, 511, 14, -0.4000000000000001, 0.8, -0.5, 0.0, replaceAll().replaceAll(comma, comma)
1, 512, 14, -0.4000000000000001, 0.8, -0.5, 0.2, replaceAll().replaceAll(comma, comma)
1, 513, 24, -0.4000000000000001, 0.8, -0.5, 0.4, getImplementationVendor()
1, 514, 23, -0.4000000000000001, 0.8, -0.5, 0.6000000000000001, comma.replaceAll(comma, message).trim()
1, 515, 23, -0.4000000000000001, 0.8, -0.5, 0.8, comma.replaceAll(comma, message).trim()
1, 516, 14, -0.4000000000000001, 0.8, -0.4, 0.0, replaceAll().replaceAll(comma, comma)
1, 517, 14, -0.4000000000000001, 0.8, -0.4, 0.2, replaceAll().replaceAll(comma, comma)
1, 518, 24, -0.4000000000000001, 0.8, -0.4, 0.4, getImplementationVendor()
1, 519, 23, -0.4000000000000001, 0.8, -0.4, 0.6000000000000001, comma.replaceAll(comma, message).trim()
1, 520, 23, -0.4000000000000001, 0.8, -0.4, 0.8, comma.replaceAll(comma, message).trim()
1, 521, 14, -0.4000000000000001, 0.8, -0.30000000000000004, 0.0, replaceAll().replaceAll(comma, comma)
1, 522, 14, -0.4000000000000001, 0.8, -0.30000000000000004, 0.2, replaceAll().replaceAll(comma, comma)
1, 523, 24, -0.4000000000000001, 0.8, -0.30000000000000004, 0.4, getImplementationVendor()
1, 524, 23, -0.4000000000000001, 0.8, -0.30000000000000004, 0.6000000000000001, comma.replaceAll(comma, message).trim()
1, 525, 23, -0.4000000000000001, 0.8, -0.30000000000000004, 0.8, comma.replaceAll(comma, message).trim()
1, 526, 14, -0.4000000000000001, 0.8, -0.20000000000000004, 0.0, replaceAll().replaceAll(comma, comma)
1, 527, 14, -0.4000000000000001, 0.8, -0.20000000000000004, 0.2, replaceAll().replaceAll(comma, comma)
1, 528, 24, -0.4000000000000001, 0.8, -0.20000000000000004, 0.4, getImplementationVendor()
1, 529, 23, -0.4000000000000001, 0.8, -0.20000000000000004, 0.6000000000000001, comma.replaceAll(comma, message).trim()
1, 530, 23, -0.4000000000000001, 0.8, -0.20000000000000004, 0.8, comma.replaceAll(comma, message).trim()
1, 531, 14, -0.4000000000000001, 0.8, -0.10000000000000003, 0.0, replaceAll().replaceAll(comma, comma)
1, 532, 14, -0.4000000000000001, 0.8, -0.10000000000000003, 0.2, replaceAll().replaceAll(comma, comma)
1, 533, 24, -0.4000000000000001, 0.8, -0.10000000000000003, 0.4, getImplementationVendor()
1, 534, 23, -0.4000000000000001, 0.8, -0.10000000000000003, 0.6000000000000001, comma.replaceAll(comma, message).trim()
1, 535, 21, -0.4000000000000001, 0.8, -0.10000000000000003, 0.8, comma.replace().toString()
1, 536, 14, -0.4000000000000001, 0.8, -2.7755575615628914E-17, 0.0, replaceAll().replaceAll(comma, comma)
1, 537, 14, -0.4000000000000001, 0.8, -2.7755575615628914E-17, 0.2, replaceAll().replaceAll(comma, comma)
1, 538, 24, -0.4000000000000001, 0.8, -2.7755575615628914E-17, 0.4, getImplementationVendor()
1, 539, 21, -0.4000000000000001, 0.8, -2.7755575615628914E-17, 0.6000000000000001, comma.replace().toString()
1, 540, 21, -0.4000000000000001, 0.8, -2.7755575615628914E-17, 0.8, comma.replace().toString()
1, 541, 14, -0.4000000000000001, 1.2000000000000002, -0.5, 0.0, replaceAll().replaceAll(comma, comma)
1, 542, 20, -0.4000000000000001, 1.2000000000000002, -0.5, 0.2, replaceAll().replaceAll(comma, comma).get()
1, 543, 20, -0.4000000000000001, 1.2000000000000002, -0.5, 0.4, replaceAll().replaceAll(comma, comma).get()
1, 544, 23, -0.4000000000000001, 1.2000000000000002, -0.5, 0.6000000000000001, comma.replaceAll(comma, message).trim()
1, 545, 23, -0.4000000000000001, 1.2000000000000002, -0.5, 0.8, comma.replaceAll(comma, message).trim()
1, 546, 14, -0.4000000000000001, 1.2000000000000002, -0.4, 0.0, replaceAll().replaceAll(comma, comma)
1, 547, 20, -0.4000000000000001, 1.2000000000000002, -0.4, 0.2, replaceAll().replaceAll(comma, comma).get()
1, 548, 20, -0.4000000000000001, 1.2000000000000002, -0.4, 0.4, replaceAll().replaceAll(comma, comma).get()
1, 549, 23, -0.4000000000000001, 1.2000000000000002, -0.4, 0.6000000000000001, comma.replaceAll(comma, message).trim()
1, 550, 19, -0.4000000000000001, 1.2000000000000002, -0.4, 0.8, new String(replace().replace(comma))
1, 551, 14, -0.4000000000000001, 1.2000000000000002, -0.30000000000000004, 0.0, replaceAll().replaceAll(comma, comma)
1, 552, 20, -0.4000000000000001, 1.2000000000000002, -0.30000000000000004, 0.2, replaceAll().replaceAll(comma, comma).get()
1, 553, 20, -0.4000000000000001, 1.2000000000000002, -0.30000000000000004, 0.4, replaceAll().replaceAll(comma, comma).get()
1, 554, 19, -0.4000000000000001, 1.2000000000000002, -0.30000000000000004, 0.6000000000000001, new String(replace().replace(comma))
1, 555, 19, -0.4000000000000001, 1.2000000000000002, -0.30000000000000004, 0.8, new String(replace().replace(comma))
1, 556, 14, -0.4000000000000001, 1.2000000000000002, -0.20000000000000004, 0.0, replaceAll().replaceAll(comma, comma)
1, 557, 20, -0.4000000000000001, 1.2000000000000002, -0.20000000000000004, 0.2, replaceAll().replaceAll(comma, comma).get()
1, 558, 20, -0.4000000000000001, 1.2000000000000002, -0.20000000000000004, 0.4, replaceAll().replaceAll(comma, comma).get()
1, 559, 19, -0.4000000000000001, 1.2000000000000002, -0.20000000000000004, 0.6000000000000001, new String(replace().replace(comma))
1, 560, 19, -0.4000000000000001, 1.2000000000000002, -0.20000000000000004, 0.8, new String(replace().replace(comma))
1, 561, 14, -0.4000000000000001, 1.2000000000000002, -0.10000000000000003, 0.0, replaceAll().replaceAll(comma, comma)
1, 562, 20, -0.4000000000000001, 1.2000000000000002, -0.10000000000000003, 0.2, replaceAll().replaceAll(comma, comma).get()
1, 563, 20, -0.4000000000000001, 1.2000000000000002, -0.10000000000000003, 0.4, replaceAll().replaceAll(comma, comma).get()
1, 564, 19, -0.4000000000000001, 1.2000000000000002, -0.10000000000000003, 0.6000000000000001, new String(replace().replace(comma))
1, 565, 19, -0.4000000000000001, 1.2000000000000002, -0.10000000000000003, 0.8, new String(replace().replace(comma))
1, 566, 14, -0.4000000000000001, 1.2000000000000002, -2.7755575615628914E-17, 0.0, replaceAll().replaceAll(comma, comma)
1, 567, 20, -0.4000000000000001, 1.2000000000000002, -2.7755575615628914E-17, 0.2, replaceAll().replaceAll(comma, comma).get()
1, 568, 20, -0.4000000000000001, 1.2000000000000002, -2.7755575615628914E-17, 0.4, replaceAll().replaceAll(comma, comma).get()
1, 569, 19, -0.4000000000000001, 1.2000000000000002, -2.7755575615628914E-17, 0.6000000000000001, new String(replace().replace(comma))
1, 570, 19, -0.4000000000000001, 1.2000000000000002, -2.7755575615628914E-17, 0.8, new String(replace().replace(comma))
1, 571, 20, -0.4000000000000001, 1.6, -0.5, 0.0, replaceAll().replaceAll(comma, comma).get()
1, 572, 20, -0.4000000000000001, 1.6, -0.5, 0.2, replaceAll().replaceAll(comma, comma).get()
1, 573, 20, -0.4000000000000001, 1.6, -0.5, 0.4, replaceAll().replaceAll(comma, comma).get()
1, 574, 20, -0.4000000000000001, 1.6, -0.5, 0.6000000000000001, replaceAll().replaceAll(comma, comma).get()
1, 575, 19, -0.4000000000000001, 1.6, -0.5, 0.8, new String(replace().replace(comma))
1, 576, 20, -0.4000000000000001, 1.6, -0.4, 0.0, replaceAll().replaceAll(comma, comma).get()
1, 577, 20, -0.4000000000000001, 1.6, -0.4, 0.2, replaceAll().replaceAll(comma, comma).get()
1, 578, 20, -0.4000000000000001, 1.6, -0.4, 0.4, replaceAll().replaceAll(comma, comma).get()
1, 579, 20, -0.4000000000000001, 1.6, -0.4, 0.6000000000000001, replaceAll().replaceAll(comma, comma).get()
1, 580, 19, -0.4000000000000001, 1.6, -0.4, 0.8, new String(replace().replace(comma))
1, 581, 20, -0.4000000000000001, 1.6, -0.30000000000000004, 0.0, replaceAll().replaceAll(comma, comma).get()
1, 582, 20, -0.4000000000000001, 1.6, -0.30000000000000004, 0.2, replaceAll().replaceAll(comma, comma).get()
1, 583, 20, -0.4000000000000001, 1.6, -0.30000000000000004, 0.4, replaceAll().replaceAll(comma, comma).get()
1, 584, 20, -0.4000000000000001, 1.6, -0.30000000000000004, 0.6000000000000001, replaceAll().replaceAll(comma, comma).get()
1, 585, 24, -0.4000000000000001, 1.6, -0.30000000000000004, 0.8, getImplementationVendor()
1, 586, 20, -0.4000000000000001, 1.6, -0.20000000000000004, 0.0, replaceAll().replaceAll(comma, comma).get()
1, 587, 20, -0.4000000000000001, 1.6, -0.20000000000000004, 0.2, replaceAll().replaceAll(comma, comma).get()
1, 588, 20, -0.4000000000000001, 1.6, -0.20000000000000004, 0.4, replaceAll().replaceAll(comma, comma).get()
1, 589, 20, -0.4000000000000001, 1.6, -0.20000000000000004, 0.6000000000000001, replaceAll().replaceAll(comma, comma).get()
1, 590, 24, -0.4000000000000001, 1.6, -0.20000000000000004, 0.8, getImplementationVendor()
1, 591, 20, -0.4000000000000001, 1.6, -0.10000000000000003, 0.0, replaceAll().replaceAll(comma, comma).get()
1, 592, 20, -0.4000000000000001, 1.6, -0.10000000000000003, 0.2, replaceAll().replaceAll(comma, comma).get()
1, 593, 20, -0.4000000000000001, 1.6, -0.10000000000000003, 0.4, replaceAll().replaceAll(comma, comma).get()
1, 594, 20, -0.4000000000000001, 1.6, -0.10000000000000003, 0.6000000000000001, replaceAll().replaceAll(comma, comma).get()
1, 595, 24, -0.4000000000000001, 1.6, -0.10000000000000003, 0.8, getImplementationVendor()
1, 596, 19, -0.4000000000000001, 1.6, -2.7755575615628914E-17, 0.0, new Thread(replaceAll()).getName()
1, 597, 19, -0.4000000000000001, 1.6, -2.7755575615628914E-17, 0.2, new Thread(replaceAll()).getName()
1, 598, 19, -0.4000000000000001, 1.6, -2.7755575615628914E-17, 0.4, new Thread(replaceAll()).getName()
1, 599, 19, -0.4000000000000001, 1.6, -2.7755575615628914E-17, 0.6000000000000001, new Thread(replaceAll()).getName()
1, 600, 24, -0.4000000000000001, 1.6, -2.7755575615628914E-17, 0.8, String.valueOf(new Long(comma))
1, 601, 20, -0.20000000000000007, 0.0, -0.5, 0.0, replaceAll()
1, 602, 20, -0.20000000000000007, 0.0, -0.5, 0.2, replaceAll()
1, 603, 13, -0.20000000000000007, 0.0, -0.5, 0.4, comma.replaceAll(comma)
1, 604, 17, -0.20000000000000007, 0.0, -0.5, 0.6000000000000001, comma.replaceAll(comma, comma).get()
1, 605, 17, -0.20000000000000007, 0.0, -0.5, 0.8, comma.replaceAll(comma, comma).get()
1, 606, 20, -0.20000000000000007, 0.0, -0.4, 0.0, replaceAll()
1, 607, 20, -0.20000000000000007, 0.0, -0.4, 0.2, replaceAll()
1, 608, 13, -0.20000000000000007, 0.0, -0.4, 0.4, comma.replaceAll(comma)
1, 609, 17, -0.20000000000000007, 0.0, -0.4, 0.6000000000000001, comma.replaceAll(comma, comma).get()
1, 610, 17, -0.20000000000000007, 0.0, -0.4, 0.8, comma.replaceAll(comma, comma).get()
1, 611, 20, -0.20000000000000007, 0.0, -0.30000000000000004, 0.0, replaceAll()
1, 612, 20, -0.20000000000000007, 0.0, -0.30000000000000004, 0.2, replaceAll()
1, 613, 13, -0.20000000000000007, 0.0, -0.30000000000000004, 0.4, comma.replaceAll(comma)
1, 614, 17, -0.20000000000000007, 0.0, -0.30000000000000004, 0.6000000000000001, comma.replaceAll(comma, comma).get()
1, 615, 17, -0.20000000000000007, 0.0, -0.30000000000000004, 0.8, comma.replaceAll(comma, comma).get()
1, 616, 20, -0.20000000000000007, 0.0, -0.20000000000000004, 0.0, replaceAll()
1, 617, 20, -0.20000000000000007, 0.0, -0.20000000000000004, 0.2, replaceAll()
1, 618, 13, -0.20000000000000007, 0.0, -0.20000000000000004, 0.4, comma.replaceAll(comma)
1, 619, 17, -0.20000000000000007, 0.0, -0.20000000000000004, 0.6000000000000001, comma.replaceAll(comma, comma).get()
1, 620, 17, -0.20000000000000007, 0.0, -0.20000000000000004, 0.8, comma.replaceAll(comma, comma).get()
1, 621, 20, -0.20000000000000007, 0.0, -0.10000000000000003, 0.0, replaceAll()
1, 622, 20, -0.20000000000000007, 0.0, -0.10000000000000003, 0.2, replaceAll()
1, 623, 13, -0.20000000000000007, 0.0, -0.10000000000000003, 0.4, comma.replaceAll(comma)
1, 624, 17, -0.20000000000000007, 0.0, -0.10000000000000003, 0.6000000000000001, comma.replaceAll(comma, comma).get()
1, 625, 17, -0.20000000000000007, 0.0, -0.10000000000000003, 0.8, comma.replaceAll(comma, comma).get()
1, 626, 20, -0.20000000000000007, 0.0, -2.7755575615628914E-17, 0.0, replaceAll()
1, 627, 20, -0.20000000000000007, 0.0, -2.7755575615628914E-17, 0.2, replaceAll()
1, 628, 23, -0.20000000000000007, 0.0, -2.7755575615628914E-17, 0.4, System.getenv(comma.spacesToCommas())
1, 629, 17, -0.20000000000000007, 0.0, -2.7755575615628914E-17, 0.6000000000000001, comma.replaceAll(comma, comma).get()
1, 630, 18, -0.20000000000000007, 0.0, -2.7755575615628914E-17, 0.8, comma.replaceAll(comma, comma).trim()
1, 631, 14, -0.20000000000000007, 0.4, -0.5, 0.0, replaceAll().replaceAll(comma, comma)
1, 632, 24, -0.20000000000000007, 0.4, -0.5, 0.2, getImplementationVendor()
1, 633, 23, -0.20000000000000007, 0.4, -0.5, 0.4, comma.replaceAll(comma, message).trim()
1, 634, 23, -0.20000000000000007, 0.4, -0.5, 0.6000000000000001, comma.replaceAll(comma, message).trim()
1, 635, 23, -0.20000000000000007, 0.4, -0.5, 0.8, comma.replaceAll(comma, message).trim()
1, 636, 14, -0.20000000000000007, 0.4, -0.4, 0.0, replaceAll().replaceAll(comma, comma)
1, 637, 24, -0.20000000000000007, 0.4, -0.4, 0.2, getImplementationVendor()
1, 638, 23, -0.20000000000000007, 0.4, -0.4, 0.4, comma.replaceAll(comma, message).trim()
1, 639, 23, -0.20000000000000007, 0.4, -0.4, 0.6000000000000001, comma.replaceAll(comma, message).trim()
1, 640, 23, -0.20000000000000007, 0.4, -0.4, 0.8, comma.replaceAll(comma, message).trim()
1, 641, 14, -0.20000000000000007, 0.4, -0.30000000000000004, 0.0, replaceAll().replaceAll(comma, comma)
1, 642, 24, -0.20000000000000007, 0.4, -0.30000000000000004, 0.2, getImplementationVendor()
1, 643, 23, -0.20000000000000007, 0.4, -0.30000000000000004, 0.4, comma.replaceAll(comma, message).trim()
1, 644, 23, -0.20000000000000007, 0.4, -0.30000000000000004, 0.6000000000000001, comma.replaceAll(comma, message).trim()
1, 645, 23, -0.20000000000000007, 0.4, -0.30000000000000004, 0.8, comma.replaceAll(comma, message).trim()
1, 646, 14, -0.20000000000000007, 0.4, -0.20000000000000004, 0.0, replaceAll().replaceAll(comma, comma)
1, 647, 24, -0.20000000000000007, 0.4, -0.20000000000000004, 0.2, getImplementationVendor()
1, 648, 23, -0.20000000000000007, 0.4, -0.20000000000000004, 0.4, comma.replaceAll(comma, message).trim()
1, 649, 23, -0.20000000000000007, 0.4, -0.20000000000000004, 0.6000000000000001, comma.replaceAll(comma, message).trim()
1, 650, 21, -0.20000000000000007, 0.4, -0.20000000000000004, 0.8, comma.replace().toString()
1, 651, 14, -0.20000000000000007, 0.4, -0.10000000000000003, 0.0, replaceAll().replaceAll(comma, comma)
1, 652, 24, -0.20000000000000007, 0.4, -0.10000000000000003, 0.2, getImplementationVendor()
1, 653, 23, -0.20000000000000007, 0.4, -0.10000000000000003, 0.4, comma.replaceAll(comma, message).trim()
1, 654, 21, -0.20000000000000007, 0.4, -0.10000000000000003, 0.6000000000000001, comma.replace().toString()
1, 655, 21, -0.20000000000000007, 0.4, -0.10000000000000003, 0.8, comma.replace().toString()
1, 656, 14, -0.20000000000000007, 0.4, -2.7755575615628914E-17, 0.0, replaceAll().replaceAll(comma, comma)
1, 657, 24, -0.20000000000000007, 0.4, -2.7755575615628914E-17, 0.2, getImplementationVendor()
1, 658, 21, -0.20000000000000007, 0.4, -2.7755575615628914E-17, 0.4, comma.replace().toString()
1, 659, 21, -0.20000000000000007, 0.4, -2.7755575615628914E-17, 0.6000000000000001, comma.replace().toString()
1, 660, 21, -0.20000000000000007, 0.4, -2.7755575615628914E-17, 0.8, comma.replace().toString()
1, 661, 20, -0.20000000000000007, 0.8, -0.5, 0.0, replaceAll().replaceAll(comma, comma).get()
1, 662, 20, -0.20000000000000007, 0.8, -0.5, 0.2, replaceAll().replaceAll(comma, comma).get()
1, 663, 24, -0.20000000000000007, 0.8, -0.5, 0.4, getImplementationVendor()
1, 664, 23, -0.20000000000000007, 0.8, -0.5, 0.6000000000000001, comma.replaceAll(comma, message).trim()
1, 665, 19, -0.20000000000000007, 0.8, -0.5, 0.8, new String(replace().replace(comma))
1, 666, 20, -0.20000000000000007, 0.8, -0.4, 0.0, replaceAll().replaceAll(comma, comma).get()
1, 667, 20, -0.20000000000000007, 0.8, -0.4, 0.2, replaceAll().replaceAll(comma, comma).get()
1, 668, 24, -0.20000000000000007, 0.8, -0.4, 0.4, getImplementationVendor()
1, 669, 19, -0.20000000000000007, 0.8, -0.4, 0.6000000000000001, new String(replace().replace(comma))
1, 670, 19, -0.20000000000000007, 0.8, -0.4, 0.8, new String(replace().replace(comma))
1, 671, 20, -0.20000000000000007, 0.8, -0.30000000000000004, 0.0, replaceAll().replaceAll(comma, comma).get()
1, 672, 20, -0.20000000000000007, 0.8, -0.30000000000000004, 0.2, replaceAll().replaceAll(comma, comma).get()
1, 673, 19, -0.20000000000000007, 0.8, -0.30000000000000004, 0.4, new String(replace().replace(comma))
1, 674, 19, -0.20000000000000007, 0.8, -0.30000000000000004, 0.6000000000000001, new String(replace().replace(comma))
1, 675, 19, -0.20000000000000007, 0.8, -0.30000000000000004, 0.8, new String(replace().replace(comma))
1, 676, 20, -0.20000000000000007, 0.8, -0.20000000000000004, 0.0, replaceAll().replaceAll(comma, comma).get()
1, 677, 20, -0.20000000000000007, 0.8, -0.20000000000000004, 0.2, replaceAll().replaceAll(comma, comma).get()
1, 678, 19, -0.20000000000000007, 0.8, -0.20000000000000004, 0.4, new String(replace().replace(comma))
1, 679, 19, -0.20000000000000007, 0.8, -0.20000000000000004, 0.6000000000000001, new String(replace().replace(comma))
1, 680, 19, -0.20000000000000007, 0.8, -0.20000000000000004, 0.8, new String(replace().replace(comma))
1, 681, 20, -0.20000000000000007, 0.8, -0.10000000000000003, 0.0, replaceAll().replaceAll(comma, comma).get()
1, 682, 20, -0.20000000000000007, 0.8, -0.10000000000000003, 0.2, replaceAll().replaceAll(comma, comma).get()
1, 683, 24, -0.20000000000000007, 0.8, -0.10000000000000003, 0.4, getImplementationVendor()
1, 684, 23, -0.20000000000000007, 0.8, -0.10000000000000003, 0.6000000000000001, comma.replaceAll(comma, message).get()
1, 685, 23, -0.20000000000000007, 0.8, -0.10000000000000003, 0.8, comma.replaceAll(comma, message).get()
1, 686, 19, -0.20000000000000007, 0.8, -2.7755575615628914E-17, 0.0, new Thread(replaceAll()).getName()
1, 687, 19, -0.20000000000000007, 0.8, -2.7755575615628914E-17, 0.2, new Thread(replaceAll()).getName()
1, 688, 24, -0.20000000000000007, 0.8, -2.7755575615628914E-17, 0.4, comma.getClass().getName()
1, 689, 23, -0.20000000000000007, 0.8, -2.7755575615628914E-17, 0.6000000000000001, comma.replaceAll(comma, message).get()
1, 690, 23, -0.20000000000000007, 0.8, -2.7755575615628914E-17, 0.8, comma.replaceAll(comma, message).get()
1, 691, 20, -0.20000000000000007, 1.2000000000000002, -0.5, 0.0, replaceAll().replaceAll(comma, comma).get()
1, 692, 20, -0.20000000000000007, 1.2000000000000002, -0.5, 0.2, replaceAll().replaceAll(comma, comma).get()
1, 693, 20, -0.20000000000000007, 1.2000000000000002, -0.5, 0.4, replaceAll().replaceAll(comma, comma).get()
1, 694, 23, -0.20000000000000007, 1.2000000000000002, -0.5, 0.6000000000000001, comma.replaceAll(comma, message).trim()
1, 695, 23, -0.20000000000000007, 1.2000000000000002, -0.5, 0.8, comma.replaceAll(comma, message).trim()
1, 696, 20, -0.20000000000000007, 1.2000000000000002, -0.4, 0.0, replaceAll().replaceAll(comma, comma).get()
1, 697, 20, -0.20000000000000007, 1.2000000000000002, -0.4, 0.2, replaceAll().replaceAll(comma, comma).get()
1, 698, 20, -0.20000000000000007, 1.2000000000000002, -0.4, 0.4, replaceAll().replaceAll(comma, comma).get()
1, 699, 23, -0.20000000000000007, 1.2000000000000002, -0.4, 0.6000000000000001, comma.replaceAll(comma, message).trim()
1, 700, 23, -0.20000000000000007, 1.2000000000000002, -0.4, 0.8, comma.replaceAll(comma, message).get()
1, 701, 20, -0.20000000000000007, 1.2000000000000002, -0.30000000000000004, 0.0, replaceAll().replaceAll(comma, comma).get()
1, 702, 20, -0.20000000000000007, 1.2000000000000002, -0.30000000000000004, 0.2, replaceAll().replaceAll(comma, comma).get()
1, 703, 20, -0.20000000000000007, 1.2000000000000002, -0.30000000000000004, 0.4, replaceAll().replaceAll(comma, comma).get()
1, 704, 23, -0.20000000000000007, 1.2000000000000002, -0.30000000000000004, 0.6000000000000001, comma.replaceAll(comma, message).get()
1, 705, 23, -0.20000000000000007, 1.2000000000000002, -0.30000000000000004, 0.8, comma.replaceAll(comma, message).get()
1, 706, 20, -0.20000000000000007, 1.2000000000000002, -0.20000000000000004, 0.0, replaceAll().replaceAll(comma, comma).get()
1, 707, 20, -0.20000000000000007, 1.2000000000000002, -0.20000000000000004, 0.2, replaceAll().replaceAll(comma, comma).get()
1, 708, 20, -0.20000000000000007, 1.2000000000000002, -0.20000000000000004, 0.4, replaceAll().replaceAll(comma, comma).get()
1, 709, 23, -0.20000000000000007, 1.2000000000000002, -0.20000000000000004, 0.6000000000000001, comma.replaceAll(comma, message).get()
1, 710, 23, -0.20000000000000007, 1.2000000000000002, -0.20000000000000004, 0.8, comma.replaceAll(comma, message).get()
1, 711, 19, -0.20000000000000007, 1.2000000000000002, -0.10000000000000003, 0.0, new Thread(replaceAll()).getName()
1, 712, 19, -0.20000000000000007, 1.2000000000000002, -0.10000000000000003, 0.2, new Thread(replaceAll()).getName()
1, 713, 19, -0.20000000000000007, 1.2000000000000002, -0.10000000000000003, 0.4, new Thread(replaceAll()).getName()
1, 714, 23, -0.20000000000000007, 1.2000000000000002, -0.10000000000000003, 0.6000000000000001, comma.replaceAll(comma, message).get()
1, 715, 23, -0.20000000000000007, 1.2000000000000002, -0.10000000000000003, 0.8, comma.replaceAll(comma, message).get()
1, 716, 19, -0.20000000000000007, 1.2000000000000002, -2.7755575615628914E-17, 0.0, new Thread(replaceAll()).getName()
1, 717, 19, -0.20000000000000007, 1.2000000000000002, -2.7755575615628914E-17, 0.2, new Thread(replaceAll()).getName()
1, 718, 19, -0.20000000000000007, 1.2000000000000002, -2.7755575615628914E-17, 0.4, new Thread(replaceAll()).getName()
1, 719, 23, -0.20000000000000007, 1.2000000000000002, -2.7755575615628914E-17, 0.6000000000000001, comma.replaceAll(comma, message).get()
1, 720, 23, -0.20000000000000007, 1.2000000000000002, -2.7755575615628914E-17, 0.8, comma.replaceAll(comma, message).get()
1, 721, 20, -0.20000000000000007, 1.6, -0.5, 0.0, replaceAll().replaceAll(comma, comma).get()
1, 722, 20, -0.20000000000000007, 1.6, -0.5, 0.2, replaceAll().replaceAll(comma, comma).get()
1, 723, 20, -0.20000000000000007, 1.6, -0.5, 0.4, replaceAll().replaceAll(comma, comma).get()
1, 724, 20, -0.20000000000000007, 1.6, -0.5, 0.6000000000000001, replaceAll().replaceAll(comma, comma).get()
1, 725, 23, -0.20000000000000007, 1.6, -0.5, 0.8, comma.replaceAll(comma, message).get()
1, 726, 20, -0.20000000000000007, 1.6, -0.4, 0.0, replaceAll().replaceAll(comma, comma).get()
1, 727, 20, -0.20000000000000007, 1.6, -0.4, 0.2, replaceAll().replaceAll(comma, comma).get()
1, 728, 20, -0.20000000000000007, 1.6, -0.4, 0.4, replaceAll().replaceAll(comma, comma).get()
1, 729, 20, -0.20000000000000007, 1.6, -0.4, 0.6000000000000001, replaceAll().replaceAll(comma, comma).get()
1, 730, 23, -0.20000000000000007, 1.6, -0.4, 0.8, comma.replaceAll(comma, message).get()
1, 731, 20, -0.20000000000000007, 1.6, -0.30000000000000004, 0.0, replaceAll().replaceAll(comma, comma).get()
1, 732, 20, -0.20000000000000007, 1.6, -0.30000000000000004, 0.2, replaceAll().replaceAll(comma, comma).get()
1, 733, 20, -0.20000000000000007, 1.6, -0.30000000000000004, 0.4, replaceAll().replaceAll(comma, comma).get()
1, 734, 20, -0.20000000000000007, 1.6, -0.30000000000000004, 0.6000000000000001, replaceAll().replaceAll(comma, comma).get()
1, 735, 23, -0.20000000000000007, 1.6, -0.30000000000000004, 0.8, comma.replaceAll(comma, message).get()
1, 736, 19, -0.20000000000000007, 1.6, -0.20000000000000004, 0.0, new Thread(replaceAll()).getName()
1, 737, 19, -0.20000000000000007, 1.6, -0.20000000000000004, 0.2, new Thread(replaceAll()).getName()
1, 738, 19, -0.20000000000000007, 1.6, -0.20000000000000004, 0.4, new Thread(replaceAll()).getName()
1, 739, 19, -0.20000000000000007, 1.6, -0.20000000000000004, 0.6000000000000001, new Thread(replaceAll()).getName()
1, 740, 23, -0.20000000000000007, 1.6, -0.20000000000000004, 0.8, comma.replaceAll(comma, message).get()
1, 741, 19, -0.20000000000000007, 1.6, -0.10000000000000003, 0.0, new Thread(replaceAll()).getName()
1, 742, 19, -0.20000000000000007, 1.6, -0.10000000000000003, 0.2, new Thread(replaceAll()).getName()
1, 743, 19, -0.20000000000000007, 1.6, -0.10000000000000003, 0.4, new Thread(replaceAll()).getName()
1, 744, 19, -0.20000000000000007, 1.6, -0.10000000000000003, 0.6000000000000001, new Thread(replaceAll()).getName()
1, 745, 23, -0.20000000000000007, 1.6, -0.10000000000000003, 0.8, comma.replaceAll(comma, message).get()
1, 746, 19, -0.20000000000000007, 1.6, -2.7755575615628914E-17, 0.0, new Thread(replaceAll()).getName()
1, 747, 19, -0.20000000000000007, 1.6, -2.7755575615628914E-17, 0.2, new Thread(replaceAll()).getName()
1, 748, 19, -0.20000000000000007, 1.6, -2.7755575615628914E-17, 0.4, new Thread(replaceAll()).getName()
1, 749, 19, -0.20000000000000007, 1.6, -2.7755575615628914E-17, 0.6000000000000001, new Thread(replaceAll()).getName()
1, 750, 23, -0.20000000000000007, 1.6, -2.7755575615628914E-17, 0.8, comma.replaceAll(comma, message).get()
1, 751, 20, -5.551115123125783E-17, 0.0, -0.5, 0.0, replaceAll()
1, 752, 17, -5.551115123125783E-17, 0.0, -0.5, 0.2, comma.replaceAll(comma, comma).get()
1, 753, 17, -5.551115123125783E-17, 0.0, -0.5, 0.4, comma.replaceAll(comma, comma).get()
1, 754, 17, -5.551115123125783E-17, 0.0, -0.5, 0.6000000000000001, comma.replaceAll(comma, comma).get()
1, 755, 17, -5.551115123125783E-17, 0.0, -0.5, 0.8, comma.replaceAll(comma, comma).get()
1, 756, 20, -5.551115123125783E-17, 0.0, -0.4, 0.0, replaceAll()
1, 757, 17, -5.551115123125783E-17, 0.0, -0.4, 0.2, comma.replaceAll(comma, comma).get()
1, 758, 17, -5.551115123125783E-17, 0.0, -0.4, 0.4, comma.replaceAll(comma, comma).get()
1, 759, 17, -5.551115123125783E-17, 0.0, -0.4, 0.6000000000000001, comma.replaceAll(comma, comma).get()
1, 760, 17, -5.551115123125783E-17, 0.0, -0.4, 0.8, comma.replaceAll(comma, comma).get()
1, 761, 20, -5.551115123125783E-17, 0.0, -0.30000000000000004, 0.0, replaceAll()
1, 762, 17, -5.551115123125783E-17, 0.0, -0.30000000000000004, 0.2, comma.replaceAll(comma, comma).get()
1, 763, 17, -5.551115123125783E-17, 0.0, -0.30000000000000004, 0.4, comma.replaceAll(comma, comma).get()
1, 764, 17, -5.551115123125783E-17, 0.0, -0.30000000000000004, 0.6000000000000001, comma.replaceAll(comma, comma).get()
1, 765, 17, -5.551115123125783E-17, 0.0, -0.30000000000000004, 0.8, comma.replaceAll(comma, comma).get()
1, 766, 20, -5.551115123125783E-17, 0.0, -0.20000000000000004, 0.0, replaceAll()
1, 767, 17, -5.551115123125783E-17, 0.0, -0.20000000000000004, 0.2, comma.replaceAll(comma, comma).get()
1, 768, 17, -5.551115123125783E-17, 0.0, -0.20000000000000004, 0.4, comma.replaceAll(comma, comma).get()
1, 769, 17, -5.551115123125783E-17, 0.0, -0.20000000000000004, 0.6000000000000001, comma.replaceAll(comma, comma).get()
1, 770, 17, -5.551115123125783E-17, 0.0, -0.20000000000000004, 0.8, comma.replaceAll(comma, comma).get()
1, 771, 20, -5.551115123125783E-17, 0.0, -0.10000000000000003, 0.0, replaceAll()
1, 772, 17, -5.551115123125783E-17, 0.0, -0.10000000000000003, 0.2, comma.replaceAll(comma, comma).get()
1, 773, 17, -5.551115123125783E-17, 0.0, -0.10000000000000003, 0.4, comma.replaceAll(comma, comma).get()
1, 774, 17, -5.551115123125783E-17, 0.0, -0.10000000000000003, 0.6000000000000001, comma.replaceAll(comma, comma).get()
1, 775, 18, -5.551115123125783E-17, 0.0, -0.10000000000000003, 0.8, comma.replaceAll(comma, comma).trim()
1, 776, 20, -5.551115123125783E-17, 0.0, -2.7755575615628914E-17, 0.0, replaceAll()
1, 777, 18, -5.551115123125783E-17, 0.0, -2.7755575615628914E-17, 0.2, comma.replaceAll(comma, comma).trim()
1, 778, 18, -5.551115123125783E-17, 0.0, -2.7755575615628914E-17, 0.4, comma.replaceAll(comma, comma).trim()
1, 779, 18, -5.551115123125783E-17, 0.0, -2.7755575615628914E-17, 0.6000000000000001, comma.replaceAll(comma, comma).trim()
1, 780, 18, -5.551115123125783E-17, 0.0, -2.7755575615628914E-17, 0.8, comma.replaceAll(comma, comma).trim()
1, 781, 20, -5.551115123125783E-17, 0.4, -0.5, 0.0, replaceAll().replaceAll(comma, comma).get()
1, 782, 24, -5.551115123125783E-17, 0.4, -0.5, 0.2, getImplementationVendor()
1, 783, 23, -5.551115123125783E-17, 0.4, -0.5, 0.4, comma.replaceAll(comma, message).trim()
1, 784, 19, -5.551115123125783E-17, 0.4, -0.5, 0.6000000000000001, new String(replace().replace(comma))
1, 785, 19, -5.551115123125783E-17, 0.4, -0.5, 0.8, new String(replace().replace(comma))
1, 786, 20, -5.551115123125783E-17, 0.4, -0.4, 0.0, replaceAll().replaceAll(comma, comma).get()
1, 787, 24, -5.551115123125783E-17, 0.4, -0.4, 0.2, getImplementationVendor()
1, 788, 19, -5.551115123125783E-17, 0.4, -0.4, 0.4, new String(replace().replace(comma))
1, 789, 19, -5.551115123125783E-17, 0.4, -0.4, 0.6000000000000001, new String(replace().replace(comma))
1, 790, 19, -5.551115123125783E-17, 0.4, -0.4, 0.8, new String(replace().replace(comma))
1, 791, 20, -5.551115123125783E-17, 0.4, -0.30000000000000004, 0.0, replaceAll().replaceAll(comma, comma).get()
1, 792, 24, -5.551115123125783E-17, 0.4, -0.30000000000000004, 0.2, getImplementationVendor()
1, 793, 23, -5.551115123125783E-17, 0.4, -0.30000000000000004, 0.4, comma.replaceAll(comma, message).trim()
1, 794, 23, -5.551115123125783E-17, 0.4, -0.30000000000000004, 0.6000000000000001, comma.replaceAll(comma, message).get()
1, 795, 23, -5.551115123125783E-17, 0.4, -0.30000000000000004, 0.8, comma.replaceAll(comma, message).get()
1, 796, 20, -5.551115123125783E-17, 0.4, -0.20000000000000004, 0.0, replaceAll().replaceAll(comma, comma).get()
1, 797, 24, -5.551115123125783E-17, 0.4, -0.20000000000000004, 0.2, getImplementationVendor()
1, 798, 23, -5.551115123125783E-17, 0.4, -0.20000000000000004, 0.4, comma.replaceAll(comma, message).get()
1, 799, 23, -5.551115123125783E-17, 0.4, -0.20000000000000004, 0.6000000000000001, comma.replaceAll(comma, message).get()
1, 800, 23, -5.551115123125783E-17, 0.4, -0.20000000000000004, 0.8, comma.replaceAll(comma, message).get()
1, 801, 20, -5.551115123125783E-17, 0.4, -0.10000000000000003, 0.0, replaceAll().replaceAll(comma, comma).get()
1, 802, 24, -5.551115123125783E-17, 0.4, -0.10000000000000003, 0.2, new String(comma.compareTo(comma))
1, 803, 23, -5.551115123125783E-17, 0.4, -0.10000000000000003, 0.4, comma.replaceAll(comma, message).get()
1, 804, 23, -5.551115123125783E-17, 0.4, -0.10000000000000003, 0.6000000000000001, comma.replaceAll(comma, message).get()
1, 805, 23, -5.551115123125783E-17, 0.4, -0.10000000000000003, 0.8, comma.replaceAll(comma, message).get()
1, 806, 19, -5.551115123125783E-17, 0.4, -2.7755575615628914E-17, 0.0, new Thread(replaceAll()).getName()
1, 807, 24, -5.551115123125783E-17, 0.4, -2.7755575615628914E-17, 0.2, Package.getPackage(comma).getName()
1, 808, 23, -5.551115123125783E-17, 0.4, -2.7755575615628914E-17, 0.4, comma.replaceAll(comma, message).get()
1, 809, 23, -5.551115123125783E-17, 0.4, -2.7755575615628914E-17, 0.6000000000000001, comma.replaceAll(comma, message).get()
1, 810, 23, -5.551115123125783E-17, 0.4, -2.7755575615628914E-17, 0.8, comma.replaceAll(comma, message).get()
1, 811, 20, -5.551115123125783E-17, 0.8, -0.5, 0.0, replaceAll().replaceAll(comma, comma).get()
1, 812, 20, -5.551115123125783E-17, 0.8, -0.5, 0.2, replaceAll().replaceAll(comma, comma).get()
1, 813, 23, -5.551115123125783E-17, 0.8, -0.5, 0.4, comma.replaceAll(comma, message).trim()
1, 814, 23, -5.551115123125783E-17, 0.8, -0.5, 0.6000000000000001, comma.replaceAll(comma, message).trim()
1, 815, 23, -5.551115123125783E-17, 0.8, -0.5, 0.8, comma.replaceAll(comma, message).get()
1, 816, 20, -5.551115123125783E-17, 0.8, -0.4, 0.0, replaceAll().replaceAll(comma, comma).get()
1, 817, 20, -5.551115123125783E-17, 0.8, -0.4, 0.2, replaceAll().replaceAll(comma, comma).get()
1, 818, 23, -5.551115123125783E-17, 0.8, -0.4, 0.4, comma.replaceAll(comma, message).trim()
1, 819, 23, -5.551115123125783E-17, 0.8, -0.4, 0.6000000000000001, comma.replaceAll(comma, message).get()
1, 820, 23, -5.551115123125783E-17, 0.8, -0.4, 0.8, comma.replaceAll(comma, message).get()
1, 821, 20, -5.551115123125783E-17, 0.8, -0.30000000000000004, 0.0, replaceAll().replaceAll(comma, comma).get()
1, 822, 20, -5.551115123125783E-17, 0.8, -0.30000000000000004, 0.2, replaceAll().replaceAll(comma, comma).get()
1, 823, 23, -5.551115123125783E-17, 0.8, -0.30000000000000004, 0.4, comma.replaceAll(comma, message).get()
1, 824, 23, -5.551115123125783E-17, 0.8, -0.30000000000000004, 0.6000000000000001, comma.replaceAll(comma, message).get()
1, 825, 23, -5.551115123125783E-17, 0.8, -0.30000000000000004, 0.8, comma.replaceAll(comma, message).get()
1, 826, 20, -5.551115123125783E-17, 0.8, -0.20000000000000004, 0.0, replaceAll().replaceAll(comma, comma).get()
1, 827, 20, -5.551115123125783E-17, 0.8, -0.20000000000000004, 0.2, replaceAll().replaceAll(comma, comma).get()
1, 828, 23, -5.551115123125783E-17, 0.8, -0.20000000000000004, 0.4, comma.replaceAll(comma, message).get()
1, 829, 23, -5.551115123125783E-17, 0.8, -0.20000000000000004, 0.6000000000000001, comma.replaceAll(comma, message).get()
1, 830, 23, -5.551115123125783E-17, 0.8, -0.20000000000000004, 0.8, comma.replaceAll(comma, message).get()
1, 831, 19, -5.551115123125783E-17, 0.8, -0.10000000000000003, 0.0, new Thread(replaceAll()).getName()
1, 832, 19, -5.551115123125783E-17, 0.8, -0.10000000000000003, 0.2, new Thread(replaceAll()).getName()
1, 833, 23, -5.551115123125783E-17, 0.8, -0.10000000000000003, 0.4, comma.replaceAll(comma, message).get()
1, 834, 23, -5.551115123125783E-17, 0.8, -0.10000000000000003, 0.6000000000000001, comma.replaceAll(comma, message).get()
1, 835, 23, -5.551115123125783E-17, 0.8, -0.10000000000000003, 0.8, comma.replaceAll(comma, message).get()
1, 836, 19, -5.551115123125783E-17, 0.8, -2.7755575615628914E-17, 0.0, new Thread(replaceAll()).getName()
1, 837, 19, -5.551115123125783E-17, 0.8, -2.7755575615628914E-17, 0.2, new Thread(replaceAll()).getName()
1, 838, 23, -5.551115123125783E-17, 0.8, -2.7755575615628914E-17, 0.4, comma.replaceAll(comma, message).get()
1, 839, 23, -5.551115123125783E-17, 0.8, -2.7755575615628914E-17, 0.6000000000000001, comma.replaceAll(comma, message).get()
1, 840, 23, -5.551115123125783E-17, 0.8, -2.7755575615628914E-17, 0.8, comma.replaceAll(comma, message).get()
1, 841, 20, -5.551115123125783E-17, 1.2000000000000002, -0.5, 0.0, replaceAll().replaceAll(comma, comma).get()
1, 842, 20, -5.551115123125783E-17, 1.2000000000000002, -0.5, 0.2, replaceAll().replaceAll(comma, comma).get()
1, 843, 20, -5.551115123125783E-17, 1.2000000000000002, -0.5, 0.4, replaceAll().replaceAll(comma, comma).get()
1, 844, 22, -5.551115123125783E-17, 1.2000000000000002, -0.5, 0.6000000000000001, new Error(replaceAll()).getMessage()
1, 845, 23, -5.551115123125783E-17, 1.2000000000000002, -0.5, 0.8, comma.replaceAll(comma, message).get()
1, 846, 20, -5.551115123125783E-17, 1.2000000000000002, -0.4, 0.0, replaceAll().replaceAll(comma, comma).get()
1, 847, 20, -5.551115123125783E-17, 1.2000000000000002, -0.4, 0.2, replaceAll().replaceAll(comma, comma).get()
1, 848, 20, -5.551115123125783E-17, 1.2000000000000002, -0.4, 0.4, replaceAll().replaceAll(comma, comma).get()
1, 849, 22, -5.551115123125783E-17, 1.2000000000000002, -0.4, 0.6000000000000001, new Error(replaceAll()).getMessage()
1, 850, 23, -5.551115123125783E-17, 1.2000000000000002, -0.4, 0.8, comma.replaceAll(comma, message).get()
1, 851, 20, -5.551115123125783E-17, 1.2000000000000002, -0.30000000000000004, 0.0, replaceAll().replaceAll(comma, comma).get()
1, 852, 20, -5.551115123125783E-17, 1.2000000000000002, -0.30000000000000004, 0.2, replaceAll().replaceAll(comma, comma).get()
1, 853, 20, -5.551115123125783E-17, 1.2000000000000002, -0.30000000000000004, 0.4, replaceAll().replaceAll(comma, comma).get()
1, 854, 22, -5.551115123125783E-17, 1.2000000000000002, -0.30000000000000004, 0.6000000000000001, new Error(replaceAll()).getMessage()
1, 855, 23, -5.551115123125783E-17, 1.2000000000000002, -0.30000000000000004, 0.8, comma.replaceAll(comma, message).get()
1, 856, 19, -5.551115123125783E-17, 1.2000000000000002, -0.20000000000000004, 0.0, new Thread(replaceAll()).getName()
1, 857, 19, -5.551115123125783E-17, 1.2000000000000002, -0.20000000000000004, 0.2, new Thread(replaceAll()).getName()
1, 858, 19, -5.551115123125783E-17, 1.2000000000000002, -0.20000000000000004, 0.4, new Thread(replaceAll()).getName()
1, 859, 23, -5.551115123125783E-17, 1.2000000000000002, -0.20000000000000004, 0.6000000000000001, comma.replaceAll(comma, message).get()
1, 860, 23, -5.551115123125783E-17, 1.2000000000000002, -0.20000000000000004, 0.8, comma.replaceAll(comma, message).get()
1, 861, 19, -5.551115123125783E-17, 1.2000000000000002, -0.10000000000000003, 0.0, new Thread(replaceAll()).getName()
1, 862, 19, -5.551115123125783E-17, 1.2000000000000002, -0.10000000000000003, 0.2, new Thread(replaceAll()).getName()
1, 863, 19, -5.551115123125783E-17, 1.2000000000000002, -0.10000000000000003, 0.4, new Thread(replaceAll()).getName()
1, 864, 23, -5.551115123125783E-17, 1.2000000000000002, -0.10000000000000003, 0.6000000000000001, comma.replaceAll(comma, message).get()
1, 865, 23, -5.551115123125783E-17, 1.2000000000000002, -0.10000000000000003, 0.8, comma.replaceAll(comma, message).get()
1, 866, 19, -5.551115123125783E-17, 1.2000000000000002, -2.7755575615628914E-17, 0.0, new Thread(replaceAll()).getName()
1, 867, 19, -5.551115123125783E-17, 1.2000000000000002, -2.7755575615628914E-17, 0.2, new Thread(replaceAll()).getName()
1, 868, 19, -5.551115123125783E-17, 1.2000000000000002, -2.7755575615628914E-17, 0.4, new Thread(replaceAll()).getName()
1, 869, 19, -5.551115123125783E-17, 1.2000000000000002, -2.7755575615628914E-17, 0.6000000000000001, new Thread(replaceAll()).getName()
1, 870, 23, -5.551115123125783E-17, 1.2000000000000002, -2.7755575615628914E-17, 0.8, comma.replaceAll(comma, message).get()
1, 871, 20, -5.551115123125783E-17, 1.6, -0.5, 0.0, replaceAll().replaceAll(comma, comma).get()
1, 872, 20, -5.551115123125783E-17, 1.6, -0.5, 0.2, replaceAll().replaceAll(comma, comma).get()
1, 873, 20, -5.551115123125783E-17, 1.6, -0.5, 0.4, replaceAll().replaceAll(comma, comma).get()
1, 874, 20, -5.551115123125783E-17, 1.6, -0.5, 0.6000000000000001, replaceAll().replaceAll(comma, comma).get()
1, 875, 20, -5.551115123125783E-17, 1.6, -0.5, 0.8, new String(replaceAll().indexOf(comma))
1, 876, 20, -5.551115123125783E-17, 1.6, -0.4, 0.0, replaceAll().replaceAll(comma, comma).get()
1, 877, 20, -5.551115123125783E-17, 1.6, -0.4, 0.2, replaceAll().replaceAll(comma, comma).get()
1, 878, 20, -5.551115123125783E-17, 1.6, -0.4, 0.4, replaceAll().replaceAll(comma, comma).get()
1, 879, 20, -5.551115123125783E-17, 1.6, -0.4, 0.6000000000000001, replaceAll().replaceAll(comma, comma).get()
1, 880, 20, -5.551115123125783E-17, 1.6, -0.4, 0.8, new String(replaceAll().indexOf(comma))
1, 881, 19, -5.551115123125783E-17, 1.6, -0.30000000000000004, 0.0, new Thread(replaceAll()).getName()
1, 882, 19, -5.551115123125783E-17, 1.6, -0.30000000000000004, 0.2, new Thread(replaceAll()).getName()
1, 883, 19, -5.551115123125783E-17, 1.6, -0.30000000000000004, 0.4, new Thread(replaceAll()).getName()
1, 884, 19, -5.551115123125783E-17, 1.6, -0.30000000000000004, 0.6000000000000001, new Thread(replaceAll()).getName()
1, 885, 19, -5.551115123125783E-17, 1.6, -0.30000000000000004, 0.8, new Thread(replaceAll()).getName()
1, 886, 19, -5.551115123125783E-17, 1.6, -0.20000000000000004, 0.0, new Thread(replaceAll()).getName()
1, 887, 19, -5.551115123125783E-17, 1.6, -0.20000000000000004, 0.2, new Thread(replaceAll()).getName()
1, 888, 19, -5.551115123125783E-17, 1.6, -0.20000000000000004, 0.4, new Thread(replaceAll()).getName()
1, 889, 19, -5.551115123125783E-17, 1.6, -0.20000000000000004, 0.6000000000000001, new Thread(replaceAll()).getName()
1, 890, 23, -5.551115123125783E-17, 1.6, -0.20000000000000004, 0.8, comma.replaceAll(comma, message).get()
1, 891, 19, -5.551115123125783E-17, 1.6, -0.10000000000000003, 0.0, new Thread(replaceAll()).getName()
1, 892, 19, -5.551115123125783E-17, 1.6, -0.10000000000000003, 0.2, new Thread(replaceAll()).getName()
1, 893, 19, -5.551115123125783E-17, 1.6, -0.10000000000000003, 0.4, new Thread(replaceAll()).getName()
1, 894, 19, -5.551115123125783E-17, 1.6, -0.10000000000000003, 0.6000000000000001, new Thread(replaceAll()).getName()
1, 895, 23, -5.551115123125783E-17, 1.6, -0.10000000000000003, 0.8, comma.replaceAll(comma, message).get()
1, 896, 19, -5.551115123125783E-17, 1.6, -2.7755575615628914E-17, 0.0, new Thread(replaceAll()).getName()
1, 897, 19, -5.551115123125783E-17, 1.6, -2.7755575615628914E-17, 0.2, new Thread(replaceAll()).getName()
1, 898, 19, -5.551115123125783E-17, 1.6, -2.7755575615628914E-17, 0.4, new Thread(replaceAll()).getName()
1, 899, 19, -5.551115123125783E-17, 1.6, -2.7755575615628914E-17, 0.6000000000000001, new Thread(replaceAll()).getName()
1, 900, 19, -5.551115123125783E-17, 1.6, -2.7755575615628914E-17, 0.8, new Thread(replaceAll()).getName()
