12, 14641, -5.0, 1.0, -5.0, 0.0, 14, 0, readLine(), -3.0
12, 14642, -5.0, 1.0, -5.0, 0.5, 14, 0, readLine(), -3.0
12, 14643, -5.0, 1.0, -5.0, 1.0, 14, 0, readLine(), -3.0
12, 14644, -5.0, 1.0, -5.0, 1.5, 14, 0, readLine(), -3.0
12, 14645, -5.0, 1.0, -5.0, 2.0, 14, 0, readLine(), -3.0
12, 14646, -5.0, 1.0, -5.0, 2.5, 14, 0, readLine(), -3.0
12, 14647, -5.0, 1.0, -5.0, 3.0, 14, 0, readLine(), -3.0
12, 14648, -5.0, 1.0, -5.0, 3.5, 14, 0, readLine(), -3.0
12, 14649, -5.0, 1.0, -5.0, 4.0, 14, 0, readLine(), -3.0
12, 14650, -5.0, 1.0, -5.0, 4.5, 14, 0, readLine(), -3.0
12, 14651, -5.0, 1.0, -5.0, 5.0, 14, 0, readLine(), -3.0
12, 14652, -5.0, 1.0, -4.5, 0.0, 14, 0, readLine(), -3.0
12, 14653, -5.0, 1.0, -4.5, 0.5, 14, 0, readLine(), -3.0
12, 14654, -5.0, 1.0, -4.5, 1.0, 14, 0, readLine(), -3.0
12, 14655, -5.0, 1.0, -4.5, 1.5, 14, 0, readLine(), -3.0
12, 14656, -5.0, 1.0, -4.5, 2.0, 14, 0, readLine(), -3.0
12, 14657, -5.0, 1.0, -4.5, 2.5, 14, 0, readLine(), -3.0
12, 14658, -5.0, 1.0, -4.5, 3.0, 14, 0, readLine(), -3.0
12, 14659, -5.0, 1.0, -4.5, 3.5, 14, 0, readLine(), -3.0
12, 14660, -5.0, 1.0, -4.5, 4.0, 14, 0, readLine(), -3.0
12, 14661, -5.0, 1.0, -4.5, 4.5, 14, 0, readLine(), -3.0
12, 14662, -5.0, 1.0, -4.5, 5.0, 14, 0, readLine(), -3.0
12, 14663, -5.0, 1.0, -4.0, 0.0, 14, 0, readLine(), -3.0
12, 14664, -5.0, 1.0, -4.0, 0.5, 14, 0, readLine(), -3.0
12, 14665, -5.0, 1.0, -4.0, 1.0, 14, 0, readLine(), -3.0
12, 14666, -5.0, 1.0, -4.0, 1.5, 14, 0, readLine(), -3.0
12, 14667, -5.0, 1.0, -4.0, 2.0, 14, 0, readLine(), -3.0
12, 14668, -5.0, 1.0, -4.0, 2.5, 14, 0, readLine(), -3.0
12, 14669, -5.0, 1.0, -4.0, 3.0, 14, 0, readLine(), -3.0
12, 14670, -5.0, 1.0, -4.0, 3.5, 14, 0, readLine(), -3.0
12, 14671, -5.0, 1.0, -4.0, 4.0, 14, 0, readLine(), -3.0
12, 14672, -5.0, 1.0, -4.0, 4.5, 14, 0, readLine(), -3.0
12, 14673, -5.0, 1.0, -4.0, 5.0, 14, 0, readLine(), -3.0
12, 14674, -5.0, 1.0, -3.5, 0.0, 14, 0, readLine(), -3.0
12, 14675, -5.0, 1.0, -3.5, 0.5, 14, 0, readLine(), -3.0
12, 14676, -5.0, 1.0, -3.5, 1.0, 14, 0, readLine(), -3.0
12, 14677, -5.0, 1.0, -3.5, 1.5, 14, 0, readLine(), -3.0
12, 14678, -5.0, 1.0, -3.5, 2.0, 14, 0, readLine(), -3.0
12, 14679, -5.0, 1.0, -3.5, 2.5, 14, 0, readLine(), -3.0
12, 14680, -5.0, 1.0, -3.5, 3.0, 14, 0, readLine(), -3.0
12, 14681, -5.0, 1.0, -3.5, 3.5, 14, 0, readLine(), -3.0
12, 14682, -5.0, 1.0, -3.5, 4.0, 14, 0, readLine(), -3.0
12, 14683, -5.0, 1.0, -3.5, 4.5, 14, 0, readLine(), -3.0
12, 14684, -5.0, 1.0, -3.5, 5.0, 14, 0, readLine(), -3.0
12, 14685, -5.0, 1.0, -3.0, 0.0, 14, 0, readLine(), -3.0
12, 14686, -5.0, 1.0, -3.0, 0.5, 14, 0, readLine(), -3.0
12, 14687, -5.0, 1.0, -3.0, 1.0, 14, 0, readLine(), -3.0
12, 14688, -5.0, 1.0, -3.0, 1.5, 14, 0, readLine(), -3.0
12, 14689, -5.0, 1.0, -3.0, 2.0, 14, 0, readLine(), -3.0
12, 14690, -5.0, 1.0, -3.0, 2.5, 14, 0, readLine(), -3.0
12, 14691, -5.0, 1.0, -3.0, 3.0, 14, 0, readLine(), -3.0
12, 14692, -5.0, 1.0, -3.0, 3.5, 14, 0, readLine(), -3.0
12, 14693, -5.0, 1.0, -3.0, 4.0, 14, 0, readLine(), -3.0
12, 14694, -5.0, 1.0, -3.0, 4.5, 14, 0, readLine(), -3.0
12, 14695, -5.0, 1.0, -3.0, 5.0, 14, 0, readLine(), -3.0
12, 14696, -5.0, 1.0, -2.5, 0.0, 14, 0, readLine(), -3.0
12, 14697, -5.0, 1.0, -2.5, 0.5, 14, 0, readLine(), -3.0
12, 14698, -5.0, 1.0, -2.5, 1.0, 14, 0, readLine(), -3.0
12, 14699, -5.0, 1.0, -2.5, 1.5, 14, 0, readLine(), -3.0
12, 14700, -5.0, 1.0, -2.5, 2.0, 14, 0, readLine(), -3.0
12, 14701, -5.0, 1.0, -2.5, 2.5, 14, 0, readLine(), -3.0
12, 14702, -5.0, 1.0, -2.5, 3.0, 14, 0, readLine(), -3.0
12, 14703, -5.0, 1.0, -2.5, 3.5, 14, 0, readLine(), -3.0
12, 14704, -5.0, 1.0, -2.5, 4.0, 14, 0, readLine(), -3.0
12, 14705, -5.0, 1.0, -2.5, 4.5, 14, 0, readLine(), -3.0
12, 14706, -5.0, 1.0, -2.5, 5.0, 14, 0, readLine(), -3.0
12, 14707, -5.0, 1.0, -2.0, 0.0, 14, 0, readLine(), -3.0
12, 14708, -5.0, 1.0, -2.0, 0.5, 14, 0, readLine(), -3.0
12, 14709, -5.0, 1.0, -2.0, 1.0, 14, 0, readLine(), -3.0
12, 14710, -5.0, 1.0, -2.0, 1.5, 14, 0, readLine(), -3.0
12, 14711, -5.0, 1.0, -2.0, 2.0, 14, 0, readLine(), -3.0
12, 14712, -5.0, 1.0, -2.0, 2.5, 14, 0, readLine(), -3.0
12, 14713, -5.0, 1.0, -2.0, 3.0, 14, 0, readLine(), -3.0
12, 14714, -5.0, 1.0, -2.0, 3.5, 14, 0, readLine(), -3.0
12, 14715, -5.0, 1.0, -2.0, 4.0, 14, 0, readLine(), -3.0
12, 14716, -5.0, 1.0, -2.0, 4.5, 14, 0, readLine(), -3.0
12, 14717, -5.0, 1.0, -2.0, 5.0, 14, 0, readLine(), -3.0
12, 14718, -5.0, 1.0, -1.5, 0.0, 14, 0, readLine(), -3.0
12, 14719, -5.0, 1.0, -1.5, 0.5, 14, 0, readLine(), -3.0
12, 14720, -5.0, 1.0, -1.5, 1.0, 14, 0, readLine(), -3.0
12, 14721, -5.0, 1.0, -1.5, 1.5, 14, 0, readLine(), -3.0
12, 14722, -5.0, 1.0, -1.5, 2.0, 14, 0, readLine(), -3.0
12, 14723, -5.0, 1.0, -1.5, 2.5, 14, 0, readLine(), -3.0
12, 14724, -5.0, 1.0, -1.5, 3.0, 14, 0, readLine(), -3.0
12, 14725, -5.0, 1.0, -1.5, 3.5, 14, 0, readLine(), -3.0
12, 14726, -5.0, 1.0, -1.5, 4.0, 14, 0, readLine(), -3.0
12, 14727, -5.0, 1.0, -1.5, 4.5, 14, 0, readLine(), -3.0
12, 14728, -5.0, 1.0, -1.5, 5.0, 14, 0, readLine(), -3.0
12, 14729, -5.0, 1.0, -1.0, 0.0, 14, 0, readLine(), -3.0
12, 14730, -5.0, 1.0, -1.0, 0.5, 14, 0, readLine(), -3.0
12, 14731, -5.0, 1.0, -1.0, 1.0, 14, 0, readLine(), -3.0
12, 14732, -5.0, 1.0, -1.0, 1.5, 14, 0, readLine(), -3.0
12, 14733, -5.0, 1.0, -1.0, 2.0, 14, 0, readLine(), -3.0
12, 14734, -5.0, 1.0, -1.0, 2.5, 14, 0, readLine(), -3.0
12, 14735, -5.0, 1.0, -1.0, 3.0, 14, 0, readLine(), -3.0
12, 14736, -5.0, 1.0, -1.0, 3.5, 14, 0, readLine(), -3.0
12, 14737, -5.0, 1.0, -1.0, 4.0, 14, 0, readLine(), -3.0
12, 14738, -5.0, 1.0, -1.0, 4.5, 14, 0, readLine(), -3.0
12, 14739, -5.0, 1.0, -1.0, 5.0, 14, 0, readLine(), -3.0
12, 14740, -5.0, 1.0, -0.5, 0.0, 14, 0, readLine(), -3.0
12, 14741, -5.0, 1.0, -0.5, 0.5, 14, 0, readLine(), -3.0
12, 14742, -5.0, 1.0, -0.5, 1.0, 14, 0, readLine(), -3.0
12, 14743, -5.0, 1.0, -0.5, 1.5, 14, 0, readLine(), -3.0
12, 14744, -5.0, 1.0, -0.5, 2.0, 14, 0, readLine(), -3.0
12, 14745, -5.0, 1.0, -0.5, 2.5, 14, 0, readLine(), -3.0
12, 14746, -5.0, 1.0, -0.5, 3.0, 14, 0, readLine(), -3.0
12, 14747, -5.0, 1.0, -0.5, 3.5, 14, 0, readLine(), -3.0
12, 14748, -5.0, 1.0, -0.5, 4.0, 14, 0, readLine(), -3.0
12, 14749, -5.0, 1.0, -0.5, 4.5, 14, 0, readLine(), -3.0
12, 14750, -5.0, 1.0, -0.5, 5.0, 14, 0, readLine(), -3.0
12, 14751, -5.0, 1.0, 0.0, 0.0, 14, 0, readLine(), -3.0
12, 14752, -5.0, 1.0, 0.0, 0.5, 14, 0, readLine(), -3.0
12, 14753, -5.0, 1.0, 0.0, 1.0, 14, 0, readLine(), -3.0
12, 14754, -5.0, 1.0, 0.0, 1.5, 14, 0, readLine(), -3.0
12, 14755, -5.0, 1.0, 0.0, 2.0, 14, 0, readLine(), -3.0
12, 14756, -5.0, 1.0, 0.0, 2.5, 14, 0, readLine(), -3.0
12, 14757, -5.0, 1.0, 0.0, 3.0, 14, 0, readLine(), -3.0
12, 14758, -5.0, 1.0, 0.0, 3.5, 14, 0, readLine(), -3.0
12, 14759, -5.0, 1.0, 0.0, 4.0, 14, 0, readLine(), -3.0
12, 14760, -5.0, 1.0, 0.0, 4.5, 14, 0, readLine(), -3.0
12, 14761, -5.0, 1.0, 0.0, 5.0, 14, 0, readLine(), -3.0
12, 14762, -4.5, 1.0, -5.0, 0.0, 14, 0, readLine(), -2.5
12, 14763, -4.5, 1.0, -5.0, 0.5, 14, 0, readLine(), -2.5
12, 14764, -4.5, 1.0, -5.0, 1.0, 14, 0, readLine(), -2.5
12, 14765, -4.5, 1.0, -5.0, 1.5, 14, 0, readLine(), -2.5
12, 14766, -4.5, 1.0, -5.0, 2.0, 14, 0, readLine(), -2.5
12, 14767, -4.5, 1.0, -5.0, 2.5, 14, 0, readLine(), -2.5
12, 14768, -4.5, 1.0, -5.0, 3.0, 14, 0, readLine(), -2.5
12, 14769, -4.5, 1.0, -5.0, 3.5, 14, 0, readLine(), -2.5
12, 14770, -4.5, 1.0, -5.0, 4.0, 14, 0, readLine(), -2.5
12, 14771, -4.5, 1.0, -5.0, 4.5, 14, 0, readLine(), -2.5
12, 14772, -4.5, 1.0, -5.0, 5.0, 14, 0, readLine(), -2.5
12, 14773, -4.5, 1.0, -4.5, 0.0, 14, 0, readLine(), -2.5
12, 14774, -4.5, 1.0, -4.5, 0.5, 14, 0, readLine(), -2.5
12, 14775, -4.5, 1.0, -4.5, 1.0, 14, 0, readLine(), -2.5
12, 14776, -4.5, 1.0, -4.5, 1.5, 14, 0, readLine(), -2.5
12, 14777, -4.5, 1.0, -4.5, 2.0, 14, 0, readLine(), -2.5
12, 14778, -4.5, 1.0, -4.5, 2.5, 14, 0, readLine(), -2.5
12, 14779, -4.5, 1.0, -4.5, 3.0, 14, 0, readLine(), -2.5
12, 14780, -4.5, 1.0, -4.5, 3.5, 14, 0, readLine(), -2.5
12, 14781, -4.5, 1.0, -4.5, 4.0, 14, 0, readLine(), -2.5
12, 14782, -4.5, 1.0, -4.5, 4.5, 14, 0, readLine(), -2.5
12, 14783, -4.5, 1.0, -4.5, 5.0, 14, 0, readLine(), -2.5
12, 14784, -4.5, 1.0, -4.0, 0.0, 14, 0, readLine(), -2.5
12, 14785, -4.5, 1.0, -4.0, 0.5, 14, 0, readLine(), -2.5
12, 14786, -4.5, 1.0, -4.0, 1.0, 14, 0, readLine(), -2.5
12, 14787, -4.5, 1.0, -4.0, 1.5, 14, 0, readLine(), -2.5
12, 14788, -4.5, 1.0, -4.0, 2.0, 14, 0, readLine(), -2.5
12, 14789, -4.5, 1.0, -4.0, 2.5, 14, 0, readLine(), -2.5
12, 14790, -4.5, 1.0, -4.0, 3.0, 14, 0, readLine(), -2.5
12, 14791, -4.5, 1.0, -4.0, 3.5, 14, 0, readLine(), -2.5
12, 14792, -4.5, 1.0, -4.0, 4.0, 14, 0, readLine(), -2.5
12, 14793, -4.5, 1.0, -4.0, 4.5, 14, 0, readLine(), -2.5
12, 14794, -4.5, 1.0, -4.0, 5.0, 14, 0, readLine(), -2.5
12, 14795, -4.5, 1.0, -3.5, 0.0, 14, 0, readLine(), -2.5
12, 14796, -4.5, 1.0, -3.5, 0.5, 14, 0, readLine(), -2.5
12, 14797, -4.5, 1.0, -3.5, 1.0, 14, 0, readLine(), -2.5
12, 14798, -4.5, 1.0, -3.5, 1.5, 14, 0, readLine(), -2.5
12, 14799, -4.5, 1.0, -3.5, 2.0, 14, 0, readLine(), -2.5
12, 14800, -4.5, 1.0, -3.5, 2.5, 14, 0, readLine(), -2.5
12, 14801, -4.5, 1.0, -3.5, 3.0, 14, 0, readLine(), -2.5
12, 14802, -4.5, 1.0, -3.5, 3.5, 14, 0, readLine(), -2.5
12, 14803, -4.5, 1.0, -3.5, 4.0, 14, 0, readLine(), -2.5
12, 14804, -4.5, 1.0, -3.5, 4.5, 14, 0, readLine(), -2.5
12, 14805, -4.5, 1.0, -3.5, 5.0, 14, 0, readLine(), -2.5
12, 14806, -4.5, 1.0, -3.0, 0.0, 14, 0, readLine(), -2.5
12, 14807, -4.5, 1.0, -3.0, 0.5, 14, 0, readLine(), -2.5
12, 14808, -4.5, 1.0, -3.0, 1.0, 14, 0, readLine(), -2.5
12, 14809, -4.5, 1.0, -3.0, 1.5, 14, 0, readLine(), -2.5
12, 14810, -4.5, 1.0, -3.0, 2.0, 14, 0, readLine(), -2.5
12, 14811, -4.5, 1.0, -3.0, 2.5, 14, 0, readLine(), -2.5
12, 14812, -4.5, 1.0, -3.0, 3.0, 14, 0, readLine(), -2.5
12, 14813, -4.5, 1.0, -3.0, 3.5, 14, 0, readLine(), -2.5
12, 14814, -4.5, 1.0, -3.0, 4.0, 14, 0, readLine(), -2.5
12, 14815, -4.5, 1.0, -3.0, 4.5, 14, 0, readLine(), -2.5
12, 14816, -4.5, 1.0, -3.0, 5.0, 14, 0, readLine(), -2.5
12, 14817, -4.5, 1.0, -2.5, 0.0, 14, 0, readLine(), -2.5
12, 14818, -4.5, 1.0, -2.5, 0.5, 14, 0, readLine(), -2.5
12, 14819, -4.5, 1.0, -2.5, 1.0, 14, 0, readLine(), -2.5
12, 14820, -4.5, 1.0, -2.5, 1.5, 14, 0, readLine(), -2.5
12, 14821, -4.5, 1.0, -2.5, 2.0, 14, 0, readLine(), -2.5
12, 14822, -4.5, 1.0, -2.5, 2.5, 14, 0, readLine(), -2.5
12, 14823, -4.5, 1.0, -2.5, 3.0, 14, 0, readLine(), -2.5
12, 14824, -4.5, 1.0, -2.5, 3.5, 14, 0, readLine(), -2.5
12, 14825, -4.5, 1.0, -2.5, 4.0, 14, 0, readLine(), -2.5
12, 14826, -4.5, 1.0, -2.5, 4.5, 14, 0, readLine(), -2.5
12, 14827, -4.5, 1.0, -2.5, 5.0, 14, 0, readLine(), -2.5
12, 14828, -4.5, 1.0, -2.0, 0.0, 14, 0, readLine(), -2.5
12, 14829, -4.5, 1.0, -2.0, 0.5, 14, 0, readLine(), -2.5
12, 14830, -4.5, 1.0, -2.0, 1.0, 14, 0, readLine(), -2.5
12, 14831, -4.5, 1.0, -2.0, 1.5, 14, 0, readLine(), -2.5
12, 14832, -4.5, 1.0, -2.0, 2.0, 14, 0, readLine(), -2.5
12, 14833, -4.5, 1.0, -2.0, 2.5, 14, 0, readLine(), -2.5
12, 14834, -4.5, 1.0, -2.0, 3.0, 14, 0, readLine(), -2.5
12, 14835, -4.5, 1.0, -2.0, 3.5, 14, 0, readLine(), -2.5
12, 14836, -4.5, 1.0, -2.0, 4.0, 14, 0, readLine(), -2.5
12, 14837, -4.5, 1.0, -2.0, 4.5, 14, 0, readLine(), -2.5
12, 14838, -4.5, 1.0, -2.0, 5.0, 14, 0, readLine(), -2.5
12, 14839, -4.5, 1.0, -1.5, 0.0, 14, 0, readLine(), -2.5
12, 14840, -4.5, 1.0, -1.5, 0.5, 14, 0, readLine(), -2.5
12, 14841, -4.5, 1.0, -1.5, 1.0, 14, 0, readLine(), -2.5
12, 14842, -4.5, 1.0, -1.5, 1.5, 14, 0, readLine(), -2.5
12, 14843, -4.5, 1.0, -1.5, 2.0, 14, 0, readLine(), -2.5
12, 14844, -4.5, 1.0, -1.5, 2.5, 14, 0, readLine(), -2.5
12, 14845, -4.5, 1.0, -1.5, 3.0, 14, 0, readLine(), -2.5
12, 14846, -4.5, 1.0, -1.5, 3.5, 14, 0, readLine(), -2.5
12, 14847, -4.5, 1.0, -1.5, 4.0, 14, 0, readLine(), -2.5
12, 14848, -4.5, 1.0, -1.5, 4.5, 14, 0, readLine(), -2.5
12, 14849, -4.5, 1.0, -1.5, 5.0, 14, 0, readLine(), -2.5
12, 14850, -4.5, 1.0, -1.0, 0.0, 14, 0, readLine(), -2.5
12, 14851, -4.5, 1.0, -1.0, 0.5, 14, 0, readLine(), -2.5
12, 14852, -4.5, 1.0, -1.0, 1.0, 14, 0, readLine(), -2.5
12, 14853, -4.5, 1.0, -1.0, 1.5, 14, 0, readLine(), -2.5
12, 14854, -4.5, 1.0, -1.0, 2.0, 14, 0, readLine(), -2.5
12, 14855, -4.5, 1.0, -1.0, 2.5, 14, 0, readLine(), -2.5
12, 14856, -4.5, 1.0, -1.0, 3.0, 14, 0, readLine(), -2.5
12, 14857, -4.5, 1.0, -1.0, 3.5, 14, 0, readLine(), -2.5
12, 14858, -4.5, 1.0, -1.0, 4.0, 14, 0, readLine(), -2.5
12, 14859, -4.5, 1.0, -1.0, 4.5, 14, 0, readLine(), -2.5
12, 14860, -4.5, 1.0, -1.0, 5.0, 14, 0, readLine(), -2.5
12, 14861, -4.5, 1.0, -0.5, 0.0, 14, 0, readLine(), -2.5
12, 14862, -4.5, 1.0, -0.5, 0.5, 14, 0, readLine(), -2.5
12, 14863, -4.5, 1.0, -0.5, 1.0, 14, 0, readLine(), -2.5
12, 14864, -4.5, 1.0, -0.5, 1.5, 14, 0, readLine(), -2.5
12, 14865, -4.5, 1.0, -0.5, 2.0, 14, 0, readLine(), -2.5
12, 14866, -4.5, 1.0, -0.5, 2.5, 14, 0, readLine(), -2.5
12, 14867, -4.5, 1.0, -0.5, 3.0, 14, 0, readLine(), -2.5
12, 14868, -4.5, 1.0, -0.5, 3.5, 14, 0, readLine(), -2.5
12, 14869, -4.5, 1.0, -0.5, 4.0, 14, 0, readLine(), -2.5
12, 14870, -4.5, 1.0, -0.5, 4.5, 14, 0, readLine(), -2.5
12, 14871, -4.5, 1.0, -0.5, 5.0, 14, 0, readLine(), -2.5
12, 14872, -4.5, 1.0, 0.0, 0.0, 14, 0, readLine(), -2.5
12, 14873, -4.5, 1.0, 0.0, 0.5, 14, 0, readLine(), -2.5
12, 14874, -4.5, 1.0, 0.0, 1.0, 14, 0, readLine(), -2.5
12, 14875, -4.5, 1.0, 0.0, 1.5, 14, 0, readLine(), -2.5
12, 14876, -4.5, 1.0, 0.0, 2.0, 14, 0, readLine(), -2.5
12, 14877, -4.5, 1.0, 0.0, 2.5, 14, 0, readLine(), -2.5
12, 14878, -4.5, 1.0, 0.0, 3.0, 14, 0, readLine(), -2.5
12, 14879, -4.5, 1.0, 0.0, 3.5, 14, 0, readLine(), -2.5
12, 14880, -4.5, 1.0, 0.0, 4.0, 14, 0, readLine(), -2.5
12, 14881, -4.5, 1.0, 0.0, 4.5, 14, 0, readLine(), -2.5
12, 14882, -4.5, 1.0, 0.0, 5.0, 14, 1, readLine(), -2.5
12, 14883, -4.0, 1.0, -5.0, 0.0, 14, 0, readLine(), -2.0
12, 14884, -4.0, 1.0, -5.0, 0.5, 14, 0, readLine(), -2.0
12, 14885, -4.0, 1.0, -5.0, 1.0, 14, 0, readLine(), -2.0
12, 14886, -4.0, 1.0, -5.0, 1.5, 14, 0, readLine(), -2.0
12, 14887, -4.0, 1.0, -5.0, 2.0, 14, 0, readLine(), -2.0
12, 14888, -4.0, 1.0, -5.0, 2.5, 14, 0, readLine(), -2.0
12, 14889, -4.0, 1.0, -5.0, 3.0, 14, 0, readLine(), -2.0
12, 14890, -4.0, 1.0, -5.0, 3.5, 14, 0, readLine(), -2.0
12, 14891, -4.0, 1.0, -5.0, 4.0, 14, 0, readLine(), -2.0
12, 14892, -4.0, 1.0, -5.0, 4.5, 14, 0, readLine(), -2.0
12, 14893, -4.0, 1.0, -5.0, 5.0, 14, 0, readLine(), -2.0
12, 14894, -4.0, 1.0, -4.5, 0.0, 14, 0, readLine(), -2.0
12, 14895, -4.0, 1.0, -4.5, 0.5, 14, 0, readLine(), -2.0
12, 14896, -4.0, 1.0, -4.5, 1.0, 14, 0, readLine(), -2.0
12, 14897, -4.0, 1.0, -4.5, 1.5, 14, 0, readLine(), -2.0
12, 14898, -4.0, 1.0, -4.5, 2.0, 14, 0, readLine(), -2.0
12, 14899, -4.0, 1.0, -4.5, 2.5, 14, 0, readLine(), -2.0
12, 14900, -4.0, 1.0, -4.5, 3.0, 14, 0, readLine(), -2.0
12, 14901, -4.0, 1.0, -4.5, 3.5, 14, 0, readLine(), -2.0
12, 14902, -4.0, 1.0, -4.5, 4.0, 14, 0, readLine(), -2.0
12, 14903, -4.0, 1.0, -4.5, 4.5, 14, 0, readLine(), -2.0
12, 14904, -4.0, 1.0, -4.5, 5.0, 14, 0, readLine(), -2.0
12, 14905, -4.0, 1.0, -4.0, 0.0, 14, 0, readLine(), -2.0
12, 14906, -4.0, 1.0, -4.0, 0.5, 14, 0, readLine(), -2.0
12, 14907, -4.0, 1.0, -4.0, 1.0, 14, 0, readLine(), -2.0
12, 14908, -4.0, 1.0, -4.0, 1.5, 14, 0, readLine(), -2.0
12, 14909, -4.0, 1.0, -4.0, 2.0, 14, 0, readLine(), -2.0
12, 14910, -4.0, 1.0, -4.0, 2.5, 14, 0, readLine(), -2.0
12, 14911, -4.0, 1.0, -4.0, 3.0, 14, 0, readLine(), -2.0
12, 14912, -4.0, 1.0, -4.0, 3.5, 14, 0, readLine(), -2.0
12, 14913, -4.0, 1.0, -4.0, 4.0, 14, 0, readLine(), -2.0
12, 14914, -4.0, 1.0, -4.0, 4.5, 14, 0, readLine(), -2.0
12, 14915, -4.0, 1.0, -4.0, 5.0, 14, 0, readLine(), -2.0
12, 14916, -4.0, 1.0, -3.5, 0.0, 14, 0, readLine(), -2.0
12, 14917, -4.0, 1.0, -3.5, 0.5, 14, 0, readLine(), -2.0
12, 14918, -4.0, 1.0, -3.5, 1.0, 14, 0, readLine(), -2.0
12, 14919, -4.0, 1.0, -3.5, 1.5, 14, 0, readLine(), -2.0
12, 14920, -4.0, 1.0, -3.5, 2.0, 14, 0, readLine(), -2.0
12, 14921, -4.0, 1.0, -3.5, 2.5, 14, 0, readLine(), -2.0
12, 14922, -4.0, 1.0, -3.5, 3.0, 14, 0, readLine(), -2.0
12, 14923, -4.0, 1.0, -3.5, 3.5, 14, 0, readLine(), -2.0
12, 14924, -4.0, 1.0, -3.5, 4.0, 14, 0, readLine(), -2.0
12, 14925, -4.0, 1.0, -3.5, 4.5, 14, 0, readLine(), -2.0
12, 14926, -4.0, 1.0, -3.5, 5.0, 14, 0, readLine(), -2.0
12, 14927, -4.0, 1.0, -3.0, 0.0, 14, 0, readLine(), -2.0
12, 14928, -4.0, 1.0, -3.0, 0.5, 14, 0, readLine(), -2.0
12, 14929, -4.0, 1.0, -3.0, 1.0, 14, 0, readLine(), -2.0
12, 14930, -4.0, 1.0, -3.0, 1.5, 14, 0, readLine(), -2.0
12, 14931, -4.0, 1.0, -3.0, 2.0, 14, 0, readLine(), -2.0
12, 14932, -4.0, 1.0, -3.0, 2.5, 14, 0, readLine(), -2.0
12, 14933, -4.0, 1.0, -3.0, 3.0, 14, 0, readLine(), -2.0
12, 14934, -4.0, 1.0, -3.0, 3.5, 14, 0, readLine(), -2.0
12, 14935, -4.0, 1.0, -3.0, 4.0, 14, 0, readLine(), -2.0
12, 14936, -4.0, 1.0, -3.0, 4.5, 14, 0, readLine(), -2.0
12, 14937, -4.0, 1.0, -3.0, 5.0, 14, 0, readLine(), -2.0
12, 14938, -4.0, 1.0, -2.5, 0.0, 14, 0, readLine(), -2.0
12, 14939, -4.0, 1.0, -2.5, 0.5, 14, 0, readLine(), -2.0
12, 14940, -4.0, 1.0, -2.5, 1.0, 14, 0, readLine(), -2.0
12, 14941, -4.0, 1.0, -2.5, 1.5, 14, 0, readLine(), -2.0
12, 14942, -4.0, 1.0, -2.5, 2.0, 14, 0, readLine(), -2.0
12, 14943, -4.0, 1.0, -2.5, 2.5, 14, 0, readLine(), -2.0
12, 14944, -4.0, 1.0, -2.5, 3.0, 14, 0, readLine(), -2.0
12, 14945, -4.0, 1.0, -2.5, 3.5, 14, 0, readLine(), -2.0
12, 14946, -4.0, 1.0, -2.5, 4.0, 14, 0, readLine(), -2.0
12, 14947, -4.0, 1.0, -2.5, 4.5, 14, 0, readLine(), -2.0
12, 14948, -4.0, 1.0, -2.5, 5.0, 14, 0, readLine(), -2.0
12, 14949, -4.0, 1.0, -2.0, 0.0, 14, 0, readLine(), -2.0
12, 14950, -4.0, 1.0, -2.0, 0.5, 14, 0, readLine(), -2.0
12, 14951, -4.0, 1.0, -2.0, 1.0, 14, 0, readLine(), -2.0
12, 14952, -4.0, 1.0, -2.0, 1.5, 14, 0, readLine(), -2.0
12, 14953, -4.0, 1.0, -2.0, 2.0, 14, 0, readLine(), -2.0
12, 14954, -4.0, 1.0, -2.0, 2.5, 14, 0, readLine(), -2.0
12, 14955, -4.0, 1.0, -2.0, 3.0, 14, 0, readLine(), -2.0
12, 14956, -4.0, 1.0, -2.0, 3.5, 14, 0, readLine(), -2.0
12, 14957, -4.0, 1.0, -2.0, 4.0, 14, 0, readLine(), -2.0
12, 14958, -4.0, 1.0, -2.0, 4.5, 14, 0, readLine(), -2.0
12, 14959, -4.0, 1.0, -2.0, 5.0, 14, 0, readLine(), -2.0
12, 14960, -4.0, 1.0, -1.5, 0.0, 14, 0, readLine(), -2.0
12, 14961, -4.0, 1.0, -1.5, 0.5, 14, 0, readLine(), -2.0
12, 14962, -4.0, 1.0, -1.5, 1.0, 14, 0, readLine(), -2.0
12, 14963, -4.0, 1.0, -1.5, 1.5, 14, 0, readLine(), -2.0
12, 14964, -4.0, 1.0, -1.5, 2.0, 14, 0, readLine(), -2.0
12, 14965, -4.0, 1.0, -1.5, 2.5, 14, 0, readLine(), -2.0
12, 14966, -4.0, 1.0, -1.5, 3.0, 14, 0, readLine(), -2.0
12, 14967, -4.0, 1.0, -1.5, 3.5, 14, 0, readLine(), -2.0
12, 14968, -4.0, 1.0, -1.5, 4.0, 14, 0, readLine(), -2.0
12, 14969, -4.0, 1.0, -1.5, 4.5, 14, 0, readLine(), -2.0
12, 14970, -4.0, 1.0, -1.5, 5.0, 14, 0, readLine(), -2.0
12, 14971, -4.0, 1.0, -1.0, 0.0, 14, 0, readLine(), -2.0
12, 14972, -4.0, 1.0, -1.0, 0.5, 14, 0, readLine(), -2.0
12, 14973, -4.0, 1.0, -1.0, 1.0, 14, 0, readLine(), -2.0
12, 14974, -4.0, 1.0, -1.0, 1.5, 14, 0, readLine(), -2.0
12, 14975, -4.0, 1.0, -1.0, 2.0, 14, 0, readLine(), -2.0
12, 14976, -4.0, 1.0, -1.0, 2.5, 14, 0, readLine(), -2.0
12, 14977, -4.0, 1.0, -1.0, 3.0, 14, 0, readLine(), -2.0
12, 14978, -4.0, 1.0, -1.0, 3.5, 14, 0, readLine(), -2.0
12, 14979, -4.0, 1.0, -1.0, 4.0, 14, 0, readLine(), -2.0
12, 14980, -4.0, 1.0, -1.0, 4.5, 14, 0, readLine(), -2.0
12, 14981, -4.0, 1.0, -1.0, 5.0, 14, 0, readLine(), -2.0
12, 14982, -4.0, 1.0, -0.5, 0.0, 14, 0, readLine(), -2.0
12, 14983, -4.0, 1.0, -0.5, 0.5, 14, 0, readLine(), -2.0
12, 14984, -4.0, 1.0, -0.5, 1.0, 14, 0, readLine(), -2.0
12, 14985, -4.0, 1.0, -0.5, 1.5, 14, 0, readLine(), -2.0
12, 14986, -4.0, 1.0, -0.5, 2.0, 14, 0, readLine(), -2.0
12, 14987, -4.0, 1.0, -0.5, 2.5, 14, 0, readLine(), -2.0
12, 14988, -4.0, 1.0, -0.5, 3.0, 14, 0, readLine(), -2.0
12, 14989, -4.0, 1.0, -0.5, 3.5, 14, 0, readLine(), -2.0
12, 14990, -4.0, 1.0, -0.5, 4.0, 14, 0, readLine(), -2.0
12, 14991, -4.0, 1.0, -0.5, 4.5, 14, 0, readLine(), -2.0
12, 14992, -4.0, 1.0, -0.5, 5.0, 14, 2, readLine(), -2.0
12, 14993, -4.0, 1.0, 0.0, 0.0, 14, 0, readLine(), -2.0
12, 14994, -4.0, 1.0, 0.0, 0.5, 14, 0, readLine(), -2.0
12, 14995, -4.0, 1.0, 0.0, 1.0, 14, 0, readLine(), -2.0
12, 14996, -4.0, 1.0, 0.0, 1.5, 14, 0, readLine(), -2.0
12, 14997, -4.0, 1.0, 0.0, 2.0, 14, 0, readLine(), -2.0
12, 14998, -4.0, 1.0, 0.0, 2.5, 14, 0, readLine(), -2.0
12, 14999, -4.0, 1.0, 0.0, 3.0, 14, 0, readLine(), -2.0
12, 15000, -4.0, 1.0, 0.0, 3.5, 14, 0, readLine(), -2.0
12, 15001, -4.0, 1.0, 0.0, 4.0, 14, 0, readLine(), -2.0
12, 15002, -4.0, 1.0, 0.0, 4.5, 14, 3, readLine(), -2.0
12, 15003, -4.0, 1.0, 0.0, 5.0, 14, 18, readLine(), -2.0
12, 15004, -3.5, 1.0, -5.0, 0.0, 14, 0, readLine(), -1.5
12, 15005, -3.5, 1.0, -5.0, 0.5, 14, 0, readLine(), -1.5
12, 15006, -3.5, 1.0, -5.0, 1.0, 14, 0, readLine(), -1.5
12, 15007, -3.5, 1.0, -5.0, 1.5, 14, 0, readLine(), -1.5
12, 15008, -3.5, 1.0, -5.0, 2.0, 14, 0, readLine(), -1.5
12, 15009, -3.5, 1.0, -5.0, 2.5, 14, 0, readLine(), -1.5
12, 15010, -3.5, 1.0, -5.0, 3.0, 14, 0, readLine(), -1.5
12, 15011, -3.5, 1.0, -5.0, 3.5, 14, 0, readLine(), -1.5
12, 15012, -3.5, 1.0, -5.0, 4.0, 14, 0, readLine(), -1.5
12, 15013, -3.5, 1.0, -5.0, 4.5, 8, 26, System.load(in.readLine()), -8.0
12, 15014, -3.5, 1.0, -5.0, 5.0, 8, 24, System.load(in.readLine()), -7.5
12, 15015, -3.5, 1.0, -4.5, 0.0, 14, 0, readLine(), -1.5
12, 15016, -3.5, 1.0, -4.5, 0.5, 14, 0, readLine(), -1.5
12, 15017, -3.5, 1.0, -4.5, 1.0, 14, 0, readLine(), -1.5
12, 15018, -3.5, 1.0, -4.5, 1.5, 14, 0, readLine(), -1.5
12, 15019, -3.5, 1.0, -4.5, 2.0, 14, 0, readLine(), -1.5
12, 15020, -3.5, 1.0, -4.5, 2.5, 14, 0, readLine(), -1.5
12, 15021, -3.5, 1.0, -4.5, 3.0, 14, 0, readLine(), -1.5
12, 15022, -3.5, 1.0, -4.5, 3.5, 14, 0, readLine(), -1.5
12, 15023, -3.5, 1.0, -4.5, 4.0, 14, 0, readLine(), -1.5
12, 15024, -3.5, 1.0, -4.5, 4.5, 8, 26, System.load(in.readLine()), -7.5
12, 15025, -3.5, 1.0, -4.5, 5.0, 8, 24, System.load(in.readLine()), -7.0
12, 15026, -3.5, 1.0, -4.0, 0.0, 14, 0, readLine(), -1.5
12, 15027, -3.5, 1.0, -4.0, 0.5, 14, 0, readLine(), -1.5
12, 15028, -3.5, 1.0, -4.0, 1.0, 14, 0, readLine(), -1.5
12, 15029, -3.5, 1.0, -4.0, 1.5, 14, 0, readLine(), -1.5
12, 15030, -3.5, 1.0, -4.0, 2.0, 14, 0, readLine(), -1.5
12, 15031, -3.5, 1.0, -4.0, 2.5, 14, 0, readLine(), -1.5
12, 15032, -3.5, 1.0, -4.0, 3.0, 14, 0, readLine(), -1.5
12, 15033, -3.5, 1.0, -4.0, 3.5, 14, 0, readLine(), -1.5
12, 15034, -3.5, 1.0, -4.0, 4.0, 14, 0, readLine(), -1.5
12, 15035, -3.5, 1.0, -4.0, 4.5, 8, 26, System.load(in.readLine()), -7.0
12, 15036, -3.5, 1.0, -4.0, 5.0, 8, 24, System.load(in.readLine()), -6.5
12, 15037, -3.5, 1.0, -3.5, 0.0, 14, 0, readLine(), -1.5
12, 15038, -3.5, 1.0, -3.5, 0.5, 14, 0, readLine(), -1.5
12, 15039, -3.5, 1.0, -3.5, 1.0, 14, 0, readLine(), -1.5
12, 15040, -3.5, 1.0, -3.5, 1.5, 14, 0, readLine(), -1.5
12, 15041, -3.5, 1.0, -3.5, 2.0, 14, 0, readLine(), -1.5
12, 15042, -3.5, 1.0, -3.5, 2.5, 14, 0, readLine(), -1.5
12, 15043, -3.5, 1.0, -3.5, 3.0, 14, 0, readLine(), -1.5
12, 15044, -3.5, 1.0, -3.5, 3.5, 14, 0, readLine(), -1.5
12, 15045, -3.5, 1.0, -3.5, 4.0, 14, 0, readLine(), -1.5
12, 15046, -3.5, 1.0, -3.5, 4.5, 8, 26, System.load(in.readLine()), -6.5
12, 15047, -3.5, 1.0, -3.5, 5.0, 8, 24, System.load(in.readLine()), -6.0
12, 15048, -3.5, 1.0, -3.0, 0.0, 14, 0, readLine(), -1.5
12, 15049, -3.5, 1.0, -3.0, 0.5, 14, 0, readLine(), -1.5
12, 15050, -3.5, 1.0, -3.0, 1.0, 14, 0, readLine(), -1.5
12, 15051, -3.5, 1.0, -3.0, 1.5, 14, 0, readLine(), -1.5
12, 15052, -3.5, 1.0, -3.0, 2.0, 14, 0, readLine(), -1.5
12, 15053, -3.5, 1.0, -3.0, 2.5, 14, 0, readLine(), -1.5
12, 15054, -3.5, 1.0, -3.0, 3.0, 14, 0, readLine(), -1.5
12, 15055, -3.5, 1.0, -3.0, 3.5, 14, 0, readLine(), -1.5
12, 15056, -3.5, 1.0, -3.0, 4.0, 14, 0, readLine(), -1.5
12, 15057, -3.5, 1.0, -3.0, 4.5, 8, 26, System.load(in.readLine()), -6.0
12, 15058, -3.5, 1.0, -3.0, 5.0, 8, 24, System.load(in.readLine()), -5.5
12, 15059, -3.5, 1.0, -2.5, 0.0, 14, 0, readLine(), -1.5
12, 15060, -3.5, 1.0, -2.5, 0.5, 14, 0, readLine(), -1.5
12, 15061, -3.5, 1.0, -2.5, 1.0, 14, 0, readLine(), -1.5
12, 15062, -3.5, 1.0, -2.5, 1.5, 14, 0, readLine(), -1.5
12, 15063, -3.5, 1.0, -2.5, 2.0, 14, 0, readLine(), -1.5
12, 15064, -3.5, 1.0, -2.5, 2.5, 14, 0, readLine(), -1.5
12, 15065, -3.5, 1.0, -2.5, 3.0, 14, 0, readLine(), -1.5
12, 15066, -3.5, 1.0, -2.5, 3.5, 14, 0, readLine(), -1.5
12, 15067, -3.5, 1.0, -2.5, 4.0, 14, 0, readLine(), -1.5
12, 15068, -3.5, 1.0, -2.5, 4.5, 8, 26, System.load(in.readLine()), -5.5
12, 15069, -3.5, 1.0, -2.5, 5.0, 8, 24, System.load(in.readLine()), -5.0
12, 15070, -3.5, 1.0, -2.0, 0.0, 14, 0, readLine(), -1.5
12, 15071, -3.5, 1.0, -2.0, 0.5, 14, 0, readLine(), -1.5
12, 15072, -3.5, 1.0, -2.0, 1.0, 14, 0, readLine(), -1.5
12, 15073, -3.5, 1.0, -2.0, 1.5, 14, 0, readLine(), -1.5
12, 15074, -3.5, 1.0, -2.0, 2.0, 14, 0, readLine(), -1.5
12, 15075, -3.5, 1.0, -2.0, 2.5, 14, 0, readLine(), -1.5
12, 15076, -3.5, 1.0, -2.0, 3.0, 14, 0, readLine(), -1.5
12, 15077, -3.5, 1.0, -2.0, 3.5, 14, 0, readLine(), -1.5
12, 15078, -3.5, 1.0, -2.0, 4.0, 14, 0, readLine(), -1.5
12, 15079, -3.5, 1.0, -2.0, 4.5, 8, 26, System.load(in.readLine()), -5.0
12, 15080, -3.5, 1.0, -2.0, 5.0, 8, 25, System.load(in.readLine()), -4.5
12, 15081, -3.5, 1.0, -1.5, 0.0, 14, 0, readLine(), -1.5
12, 15082, -3.5, 1.0, -1.5, 0.5, 14, 0, readLine(), -1.5
12, 15083, -3.5, 1.0, -1.5, 1.0, 14, 0, readLine(), -1.5
12, 15084, -3.5, 1.0, -1.5, 1.5, 14, 0, readLine(), -1.5
12, 15085, -3.5, 1.0, -1.5, 2.0, 14, 0, readLine(), -1.5
12, 15086, -3.5, 1.0, -1.5, 2.5, 14, 0, readLine(), -1.5
12, 15087, -3.5, 1.0, -1.5, 3.0, 14, 0, readLine(), -1.5
12, 15088, -3.5, 1.0, -1.5, 3.5, 14, 0, readLine(), -1.5
12, 15089, -3.5, 1.0, -1.5, 4.0, 14, 0, readLine(), -1.5
12, 15090, -3.5, 1.0, -1.5, 4.5, 8, 26, System.load(in.readLine()), -4.5
12, 15091, -3.5, 1.0, -1.5, 5.0, 8, 25, System.load(in.readLine()), -4.0
12, 15092, -3.5, 1.0, -1.0, 0.0, 14, 0, readLine(), -1.5
12, 15093, -3.5, 1.0, -1.0, 0.5, 14, 0, readLine(), -1.5
12, 15094, -3.5, 1.0, -1.0, 1.0, 14, 0, readLine(), -1.5
12, 15095, -3.5, 1.0, -1.0, 1.5, 14, 0, readLine(), -1.5
12, 15096, -3.5, 1.0, -1.0, 2.0, 14, 0, readLine(), -1.5
12, 15097, -3.5, 1.0, -1.0, 2.5, 14, 0, readLine(), -1.5
12, 15098, -3.5, 1.0, -1.0, 3.0, 14, 0, readLine(), -1.5
12, 15099, -3.5, 1.0, -1.0, 3.5, 14, 0, readLine(), -1.5
12, 15100, -3.5, 1.0, -1.0, 4.0, 14, 0, readLine(), -1.5
12, 15101, -3.5, 1.0, -1.0, 4.5, 8, 28, System.load(in.readLine()), -4.0
12, 15102, -3.5, 1.0, -1.0, 5.0, 8, 25, System.load(in.readLine()), -3.5
12, 15103, -3.5, 1.0, -0.5, 0.0, 14, 0, readLine(), -1.5
12, 15104, -3.5, 1.0, -0.5, 0.5, 14, 0, readLine(), -1.5
12, 15105, -3.5, 1.0, -0.5, 1.0, 14, 0, readLine(), -1.5
12, 15106, -3.5, 1.0, -0.5, 1.5, 14, 0, readLine(), -1.5
12, 15107, -3.5, 1.0, -0.5, 2.0, 14, 0, readLine(), -1.5
12, 15108, -3.5, 1.0, -0.5, 2.5, 14, 0, readLine(), -1.5
12, 15109, -3.5, 1.0, -0.5, 3.0, 14, 0, readLine(), -1.5
12, 15110, -3.5, 1.0, -0.5, 3.5, 14, 0, readLine(), -1.5
12, 15111, -3.5, 1.0, -0.5, 4.0, 14, 0, readLine(), -1.5
12, 15112, -3.5, 1.0, -0.5, 4.5, 8, 30, System.load(in.readLine()), -3.5
12, 15113, -3.5, 1.0, -0.5, 5.0, 8, 40, System.load(in.readLine()), -3.0
12, 15114, -3.5, 1.0, 0.0, 0.0, 14, 0, readLine(), -1.5
12, 15115, -3.5, 1.0, 0.0, 0.5, 14, 0, readLine(), -1.5
12, 15116, -3.5, 1.0, 0.0, 1.0, 14, 0, readLine(), -1.5
12, 15117, -3.5, 1.0, 0.0, 1.5, 14, 0, readLine(), -1.5
12, 15118, -3.5, 1.0, 0.0, 2.0, 14, 0, readLine(), -1.5
12, 15119, -3.5, 1.0, 0.0, 2.5, 14, 0, readLine(), -1.5
12, 15120, -3.5, 1.0, 0.0, 3.0, 14, 0, readLine(), -1.5
12, 15121, -3.5, 1.0, 0.0, 3.5, 14, 0, readLine(), -1.5
12, 15122, -3.5, 1.0, 0.0, 4.0, 14, 3, readLine(), -1.5
12, 15123, -3.5, 1.0, 0.0, 4.5, 8, 103, System.load(in.readLine()), -3.0
12, 15124, -3.5, 1.0, 0.0, 5.0, 8, 100, System.load(in.readLine()), -2.5
12, 15125, -3.0, 1.0, -5.0, 0.0, 14, 0, readLine(), -1.0
12, 15126, -3.0, 1.0, -5.0, 0.5, 14, 0, readLine(), -1.0
12, 15127, -3.0, 1.0, -5.0, 1.0, 14, 0, readLine(), -1.0
12, 15128, -3.0, 1.0, -5.0, 1.5, 14, 0, readLine(), -1.0
12, 15129, -3.0, 1.0, -5.0, 2.0, 14, 0, readLine(), -1.0
12, 15130, -3.0, 1.0, -5.0, 2.5, 14, 0, readLine(), -1.0
12, 15131, -3.0, 1.0, -5.0, 3.0, 14, 0, readLine(), -1.0
12, 15132, -3.0, 1.0, -5.0, 3.5, 8, 26, System.load(in.readLine()), -7.5
12, 15133, -3.0, 1.0, -5.0, 4.0, 8, 24, System.load(in.readLine()), -7.0
12, 15134, -3.0, 1.0, -5.0, 4.5, 0, 0, lines.add(in.readLine()), 2.0
12, 15135, -3.0, 1.0, -5.0, 5.0, 0, 0, lines.add(in.readLine()), 3.0
12, 15136, -3.0, 1.0, -4.5, 0.0, 14, 0, readLine(), -1.0
12, 15137, -3.0, 1.0, -4.5, 0.5, 14, 0, readLine(), -1.0
12, 15138, -3.0, 1.0, -4.5, 1.0, 14, 0, readLine(), -1.0
12, 15139, -3.0, 1.0, -4.5, 1.5, 14, 0, readLine(), -1.0
12, 15140, -3.0, 1.0, -4.5, 2.0, 14, 0, readLine(), -1.0
12, 15141, -3.0, 1.0, -4.5, 2.5, 14, 0, readLine(), -1.0
12, 15142, -3.0, 1.0, -4.5, 3.0, 14, 0, readLine(), -1.0
12, 15143, -3.0, 1.0, -4.5, 3.5, 8, 26, System.load(in.readLine()), -7.0
12, 15144, -3.0, 1.0, -4.5, 4.0, 8, 24, System.load(in.readLine()), -6.5
12, 15145, -3.0, 1.0, -4.5, 4.5, 0, 0, lines.add(in.readLine()), 2.0
12, 15146, -3.0, 1.0, -4.5, 5.0, 0, 0, lines.add(in.readLine()), 3.0
12, 15147, -3.0, 1.0, -4.0, 0.0, 14, 0, readLine(), -1.0
12, 15148, -3.0, 1.0, -4.0, 0.5, 14, 0, readLine(), -1.0
12, 15149, -3.0, 1.0, -4.0, 1.0, 14, 0, readLine(), -1.0
12, 15150, -3.0, 1.0, -4.0, 1.5, 14, 0, readLine(), -1.0
12, 15151, -3.0, 1.0, -4.0, 2.0, 14, 0, readLine(), -1.0
12, 15152, -3.0, 1.0, -4.0, 2.5, 14, 0, readLine(), -1.0
12, 15153, -3.0, 1.0, -4.0, 3.0, 14, 0, readLine(), -1.0
12, 15154, -3.0, 1.0, -4.0, 3.5, 8, 26, System.load(in.readLine()), -6.5
12, 15155, -3.0, 1.0, -4.0, 4.0, 8, 24, System.load(in.readLine()), -6.0
12, 15156, -3.0, 1.0, -4.0, 4.5, 0, 0, lines.add(in.readLine()), 2.0
12, 15157, -3.0, 1.0, -4.0, 5.0, 0, 0, lines.add(in.readLine()), 3.0
12, 15158, -3.0, 1.0, -3.5, 0.0, 14, 0, readLine(), -1.0
12, 15159, -3.0, 1.0, -3.5, 0.5, 14, 0, readLine(), -1.0
12, 15160, -3.0, 1.0, -3.5, 1.0, 14, 0, readLine(), -1.0
12, 15161, -3.0, 1.0, -3.5, 1.5, 14, 0, readLine(), -1.0
12, 15162, -3.0, 1.0, -3.5, 2.0, 14, 0, readLine(), -1.0
12, 15163, -3.0, 1.0, -3.5, 2.5, 14, 0, readLine(), -1.0
12, 15164, -3.0, 1.0, -3.5, 3.0, 14, 0, readLine(), -1.0
12, 15165, -3.0, 1.0, -3.5, 3.5, 8, 26, System.load(in.readLine()), -6.0
12, 15166, -3.0, 1.0, -3.5, 4.0, 8, 24, System.load(in.readLine()), -5.5
12, 15167, -3.0, 1.0, -3.5, 4.5, 0, 0, lines.add(in.readLine()), 2.0
12, 15168, -3.0, 1.0, -3.5, 5.0, 0, 0, lines.add(in.readLine()), 3.0
12, 15169, -3.0, 1.0, -3.0, 0.0, 14, 0, readLine(), -1.0
12, 15170, -3.0, 1.0, -3.0, 0.5, 14, 0, readLine(), -1.0
12, 15171, -3.0, 1.0, -3.0, 1.0, 14, 0, readLine(), -1.0
12, 15172, -3.0, 1.0, -3.0, 1.5, 14, 0, readLine(), -1.0
12, 15173, -3.0, 1.0, -3.0, 2.0, 14, 0, readLine(), -1.0
12, 15174, -3.0, 1.0, -3.0, 2.5, 14, 0, readLine(), -1.0
12, 15175, -3.0, 1.0, -3.0, 3.0, 14, 0, readLine(), -1.0
12, 15176, -3.0, 1.0, -3.0, 3.5, 8, 26, System.load(in.readLine()), -5.5
12, 15177, -3.0, 1.0, -3.0, 4.0, 8, 24, System.load(in.readLine()), -5.0
12, 15178, -3.0, 1.0, -3.0, 4.5, 0, 0, lines.add(in.readLine()), 2.0
12, 15179, -3.0, 1.0, -3.0, 5.0, 0, 0, lines.add(in.readLine()), 3.0
12, 15180, -3.0, 1.0, -2.5, 0.0, 14, 0, readLine(), -1.0
12, 15181, -3.0, 1.0, -2.5, 0.5, 14, 0, readLine(), -1.0
12, 15182, -3.0, 1.0, -2.5, 1.0, 14, 0, readLine(), -1.0
12, 15183, -3.0, 1.0, -2.5, 1.5, 14, 0, readLine(), -1.0
12, 15184, -3.0, 1.0, -2.5, 2.0, 14, 0, readLine(), -1.0
12, 15185, -3.0, 1.0, -2.5, 2.5, 14, 0, readLine(), -1.0
12, 15186, -3.0, 1.0, -2.5, 3.0, 14, 0, readLine(), -1.0
12, 15187, -3.0, 1.0, -2.5, 3.5, 8, 26, System.load(in.readLine()), -5.0
12, 15188, -3.0, 1.0, -2.5, 4.0, 8, 24, System.load(in.readLine()), -4.5
12, 15189, -3.0, 1.0, -2.5, 4.5, 0, 0, lines.add(in.readLine()), 2.0
12, 15190, -3.0, 1.0, -2.5, 5.0, 8, 15, System.load(in.readLine()), -3.5
12, 15191, -3.0, 1.0, -2.0, 0.0, 14, 0, readLine(), -1.0
12, 15192, -3.0, 1.0, -2.0, 0.5, 14, 0, readLine(), -1.0
12, 15193, -3.0, 1.0, -2.0, 1.0, 14, 0, readLine(), -1.0
12, 15194, -3.0, 1.0, -2.0, 1.5, 14, 0, readLine(), -1.0
12, 15195, -3.0, 1.0, -2.0, 2.0, 14, 0, readLine(), -1.0
12, 15196, -3.0, 1.0, -2.0, 2.5, 14, 0, readLine(), -1.0
12, 15197, -3.0, 1.0, -2.0, 3.0, 14, 0, readLine(), -1.0
12, 15198, -3.0, 1.0, -2.0, 3.5, 8, 26, System.load(in.readLine()), -4.5
12, 15199, -3.0, 1.0, -2.0, 4.0, 8, 24, System.load(in.readLine()), -4.0
12, 15200, -3.0, 1.0, -2.0, 4.5, 8, 17, System.load(in.readLine()), -3.5
12, 15201, -3.0, 1.0, -2.0, 5.0, 8, 15, System.load(in.readLine()), -3.0
12, 15202, -3.0, 1.0, -1.5, 0.0, 14, 0, readLine(), -1.0
12, 15203, -3.0, 1.0, -1.5, 0.5, 14, 0, readLine(), -1.0
12, 15204, -3.0, 1.0, -1.5, 1.0, 14, 0, readLine(), -1.0
12, 15205, -3.0, 1.0, -1.5, 1.5, 14, 0, readLine(), -1.0
12, 15206, -3.0, 1.0, -1.5, 2.0, 14, 0, readLine(), -1.0
12, 15207, -3.0, 1.0, -1.5, 2.5, 14, 0, readLine(), -1.0
12, 15208, -3.0, 1.0, -1.5, 3.0, 14, 0, readLine(), -1.0
12, 15209, -3.0, 1.0, -1.5, 3.5, 8, 26, System.load(in.readLine()), -4.0
12, 15210, -3.0, 1.0, -1.5, 4.0, 8, 25, System.load(in.readLine()), -3.5
12, 15211, -3.0, 1.0, -1.5, 4.5, 8, 17, System.load(in.readLine()), -3.0
12, 15212, -3.0, 1.0, -1.5, 5.0, 8, 15, System.load(in.readLine()), -2.5
12, 15213, -3.0, 1.0, -1.0, 0.0, 14, 0, readLine(), -1.0
12, 15214, -3.0, 1.0, -1.0, 0.5, 14, 0, readLine(), -1.0
12, 15215, -3.0, 1.0, -1.0, 1.0, 14, 0, readLine(), -1.0
12, 15216, -3.0, 1.0, -1.0, 1.5, 14, 0, readLine(), -1.0
12, 15217, -3.0, 1.0, -1.0, 2.0, 14, 0, readLine(), -1.0
12, 15218, -3.0, 1.0, -1.0, 2.5, 14, 0, readLine(), -1.0
12, 15219, -3.0, 1.0, -1.0, 3.0, 14, 0, readLine(), -1.0
12, 15220, -3.0, 1.0, -1.0, 3.5, 8, 26, System.load(in.readLine()), -3.5
12, 15221, -3.0, 1.0, -1.0, 4.0, 8, 25, System.load(in.readLine()), -3.0
12, 15222, -3.0, 1.0, -1.0, 4.5, 8, 18, System.load(in.readLine()), -2.5
12, 15223, -3.0, 1.0, -1.0, 5.0, 8, 24, System.load(in.readLine()), -2.0
12, 15224, -3.0, 1.0, -0.5, 0.0, 14, 0, readLine(), -1.0
12, 15225, -3.0, 1.0, -0.5, 0.5, 14, 0, readLine(), -1.0
12, 15226, -3.0, 1.0, -0.5, 1.0, 14, 0, readLine(), -1.0
12, 15227, -3.0, 1.0, -0.5, 1.5, 14, 0, readLine(), -1.0
12, 15228, -3.0, 1.0, -0.5, 2.0, 14, 0, readLine(), -1.0
12, 15229, -3.0, 1.0, -0.5, 2.5, 14, 0, readLine(), -1.0
12, 15230, -3.0, 1.0, -0.5, 3.0, 14, 0, readLine(), -1.0
12, 15231, -3.0, 1.0, -0.5, 3.5, 8, 28, System.load(in.readLine()), -3.0
12, 15232, -3.0, 1.0, -0.5, 4.0, 8, 26, System.load(in.readLine()), -2.5
12, 15233, -3.0, 1.0, -0.5, 4.5, 8, 34, System.load(in.readLine()), -2.0
12, 15234, -3.0, 1.0, -0.5, 5.0, 8, 33, System.load(in.readLine()), -1.5
12, 15235, -3.0, 1.0, 0.0, 0.0, 14, 0, readLine(), -1.0
12, 15236, -3.0, 1.0, 0.0, 0.5, 14, 0, readLine(), -1.0
12, 15237, -3.0, 1.0, 0.0, 1.0, 14, 0, readLine(), -1.0
12, 15238, -3.0, 1.0, 0.0, 1.5, 14, 0, readLine(), -1.0
12, 15239, -3.0, 1.0, 0.0, 2.0, 14, 0, readLine(), -1.0
12, 15240, -3.0, 1.0, 0.0, 2.5, 14, 0, readLine(), -1.0
12, 15241, -3.0, 1.0, 0.0, 3.0, 14, 0, readLine(), -1.0
12, 15242, -3.0, 1.0, 0.0, 3.5, 8, 102, System.load(in.readLine()), -2.5
12, 15243, -3.0, 1.0, 0.0, 4.0, 8, 99, System.load(in.readLine()), -2.0
12, 15244, -3.0, 1.0, 0.0, 4.5, 8, 55, System.load(in.readLine()), -1.5
12, 15245, -3.0, 1.0, 0.0, 5.0, 8, 50, System.load(in.readLine()), -1.0
12, 15246, -2.5, 1.0, -5.0, 0.0, 14, 0, readLine(), -0.5
12, 15247, -2.5, 1.0, -5.0, 0.5, 14, 0, readLine(), -0.5
12, 15248, -2.5, 1.0, -5.0, 1.0, 14, 0, readLine(), -0.5
12, 15249, -2.5, 1.0, -5.0, 1.5, 14, 0, readLine(), -0.5
12, 15250, -2.5, 1.0, -5.0, 2.0, 14, 0, readLine(), -0.5
12, 15251, -2.5, 1.0, -5.0, 2.5, 8, 26, System.load(in.readLine()), -7.0
12, 15252, -2.5, 1.0, -5.0, 3.0, 8, 24, System.load(in.readLine()), -6.5
12, 15253, -2.5, 1.0, -5.0, 3.5, 0, 0, lines.add(in.readLine()), 2.0
12, 15254, -2.5, 1.0, -5.0, 4.0, 0, 0, lines.add(in.readLine()), 3.0
12, 15255, -2.5, 1.0, -5.0, 4.5, 0, 0, lines.add(in.readLine()), 4.0
12, 15256, -2.5, 1.0, -5.0, 5.0, 0, 0, lines.add(in.readLine()), 5.0
12, 15257, -2.5, 1.0, -4.5, 0.0, 14, 0, readLine(), -0.5
12, 15258, -2.5, 1.0, -4.5, 0.5, 14, 0, readLine(), -0.5
12, 15259, -2.5, 1.0, -4.5, 1.0, 14, 0, readLine(), -0.5
12, 15260, -2.5, 1.0, -4.5, 1.5, 14, 0, readLine(), -0.5
12, 15261, -2.5, 1.0, -4.5, 2.0, 14, 0, readLine(), -0.5
12, 15262, -2.5, 1.0, -4.5, 2.5, 8, 26, System.load(in.readLine()), -6.5
12, 15263, -2.5, 1.0, -4.5, 3.0, 8, 24, System.load(in.readLine()), -6.0
12, 15264, -2.5, 1.0, -4.5, 3.5, 0, 0, lines.add(in.readLine()), 2.0
12, 15265, -2.5, 1.0, -4.5, 4.0, 0, 0, lines.add(in.readLine()), 3.0
12, 15266, -2.5, 1.0, -4.5, 4.5, 0, 0, lines.add(in.readLine()), 4.0
12, 15267, -2.5, 1.0, -4.5, 5.0, 0, 0, lines.add(in.readLine()), 5.0
12, 15268, -2.5, 1.0, -4.0, 0.0, 14, 0, readLine(), -0.5
12, 15269, -2.5, 1.0, -4.0, 0.5, 14, 0, readLine(), -0.5
12, 15270, -2.5, 1.0, -4.0, 1.0, 14, 0, readLine(), -0.5
12, 15271, -2.5, 1.0, -4.0, 1.5, 14, 0, readLine(), -0.5
12, 15272, -2.5, 1.0, -4.0, 2.0, 14, 0, readLine(), -0.5
12, 15273, -2.5, 1.0, -4.0, 2.5, 8, 26, System.load(in.readLine()), -6.0
12, 15274, -2.5, 1.0, -4.0, 3.0, 8, 24, System.load(in.readLine()), -5.5
12, 15275, -2.5, 1.0, -4.0, 3.5, 0, 0, lines.add(in.readLine()), 2.0
12, 15276, -2.5, 1.0, -4.0, 4.0, 0, 0, lines.add(in.readLine()), 3.0
12, 15277, -2.5, 1.0, -4.0, 4.5, 0, 0, lines.add(in.readLine()), 4.0
12, 15278, -2.5, 1.0, -4.0, 5.0, 0, 0, lines.add(in.readLine()), 5.0
12, 15279, -2.5, 1.0, -3.5, 0.0, 14, 0, readLine(), -0.5
12, 15280, -2.5, 1.0, -3.5, 0.5, 14, 0, readLine(), -0.5
12, 15281, -2.5, 1.0, -3.5, 1.0, 14, 0, readLine(), -0.5
12, 15282, -2.5, 1.0, -3.5, 1.5, 14, 0, readLine(), -0.5
12, 15283, -2.5, 1.0, -3.5, 2.0, 14, 0, readLine(), -0.5
12, 15284, -2.5, 1.0, -3.5, 2.5, 8, 26, System.load(in.readLine()), -5.5
12, 15285, -2.5, 1.0, -3.5, 3.0, 8, 24, System.load(in.readLine()), -5.0
12, 15286, -2.5, 1.0, -3.5, 3.5, 0, 0, lines.add(in.readLine()), 2.0
12, 15287, -2.5, 1.0, -3.5, 4.0, 0, 0, lines.add(in.readLine()), 3.0
12, 15288, -2.5, 1.0, -3.5, 4.5, 0, 0, lines.add(in.readLine()), 4.0
12, 15289, -2.5, 1.0, -3.5, 5.0, 0, 0, lines.add(in.readLine()), 5.0
12, 15290, -2.5, 1.0, -3.0, 0.0, 14, 0, readLine(), -0.5
12, 15291, -2.5, 1.0, -3.0, 0.5, 14, 0, readLine(), -0.5
12, 15292, -2.5, 1.0, -3.0, 1.0, 14, 0, readLine(), -0.5
12, 15293, -2.5, 1.0, -3.0, 1.5, 14, 0, readLine(), -0.5
12, 15294, -2.5, 1.0, -3.0, 2.0, 14, 0, readLine(), -0.5
12, 15295, -2.5, 1.0, -3.0, 2.5, 8, 26, System.load(in.readLine()), -5.0
12, 15296, -2.5, 1.0, -3.0, 3.0, 8, 24, System.load(in.readLine()), -4.5
12, 15297, -2.5, 1.0, -3.0, 3.5, 0, 0, lines.add(in.readLine()), 2.0
12, 15298, -2.5, 1.0, -3.0, 4.0, 0, 0, lines.add(in.readLine()), 3.0
12, 15299, -2.5, 1.0, -3.0, 4.5, 0, 0, lines.add(in.readLine()), 4.0
12, 15300, -2.5, 1.0, -3.0, 5.0, 8, 20, System.load(in.readLine()), -2.5
12, 15301, -2.5, 1.0, -2.5, 0.0, 14, 0, readLine(), -0.5
12, 15302, -2.5, 1.0, -2.5, 0.5, 14, 0, readLine(), -0.5
12, 15303, -2.5, 1.0, -2.5, 1.0, 14, 0, readLine(), -0.5
12, 15304, -2.5, 1.0, -2.5, 1.5, 14, 0, readLine(), -0.5
12, 15305, -2.5, 1.0, -2.5, 2.0, 14, 0, readLine(), -0.5
12, 15306, -2.5, 1.0, -2.5, 2.5, 8, 26, System.load(in.readLine()), -4.5
12, 15307, -2.5, 1.0, -2.5, 3.0, 8, 24, System.load(in.readLine()), -4.0
12, 15308, -2.5, 1.0, -2.5, 3.5, 0, 0, lines.add(in.readLine()), 2.0
12, 15309, -2.5, 1.0, -2.5, 4.0, 0, 0, lines.add(in.readLine()), 3.0
12, 15310, -2.5, 1.0, -2.5, 4.5, 8, 16, System.load(in.readLine()), -2.5
12, 15311, -2.5, 1.0, -2.5, 5.0, 8, 21, System.load(in.readLine()), -2.0
12, 15312, -2.5, 1.0, -2.0, 0.0, 14, 0, readLine(), -0.5
12, 15313, -2.5, 1.0, -2.0, 0.5, 14, 0, readLine(), -0.5
12, 15314, -2.5, 1.0, -2.0, 1.0, 14, 0, readLine(), -0.5
12, 15315, -2.5, 1.0, -2.0, 1.5, 14, 0, readLine(), -0.5
12, 15316, -2.5, 1.0, -2.0, 2.0, 14, 0, readLine(), -0.5
12, 15317, -2.5, 1.0, -2.0, 2.5, 8, 26, System.load(in.readLine()), -4.0
12, 15318, -2.5, 1.0, -2.0, 3.0, 8, 24, System.load(in.readLine()), -3.5
12, 15319, -2.5, 1.0, -2.0, 3.5, 0, 0, lines.add(in.readLine()), 2.0
12, 15320, -2.5, 1.0, -2.0, 4.0, 8, 15, System.load(in.readLine()), -2.5
12, 15321, -2.5, 1.0, -2.0, 4.5, 8, 17, System.load(in.readLine()), -2.0
12, 15322, -2.5, 1.0, -2.0, 5.0, 8, 28, System.load(in.readLine()), -1.5
12, 15323, -2.5, 1.0, -1.5, 0.0, 14, 0, readLine(), -0.5
12, 15324, -2.5, 1.0, -1.5, 0.5, 14, 0, readLine(), -0.5
12, 15325, -2.5, 1.0, -1.5, 1.0, 14, 0, readLine(), -0.5
12, 15326, -2.5, 1.0, -1.5, 1.5, 14, 0, readLine(), -0.5
12, 15327, -2.5, 1.0, -1.5, 2.0, 14, 0, readLine(), -0.5
12, 15328, -2.5, 1.0, -1.5, 2.5, 8, 26, System.load(in.readLine()), -3.5
12, 15329, -2.5, 1.0, -1.5, 3.0, 8, 24, System.load(in.readLine()), -3.0
12, 15330, -2.5, 1.0, -1.5, 3.5, 8, 17, System.load(in.readLine()), -2.5
12, 15331, -2.5, 1.0, -1.5, 4.0, 8, 16, System.load(in.readLine()), -2.0
12, 15332, -2.5, 1.0, -1.5, 4.5, 8, 16, System.load(in.readLine()), -1.5
12, 15333, -2.5, 1.0, -1.5, 5.0, 8, 29, System.load(in.readLine()), -1.0
12, 15334, -2.5, 1.0, -1.0, 0.0, 14, 0, readLine(), -0.5
12, 15335, -2.5, 1.0, -1.0, 0.5, 14, 0, readLine(), -0.5
12, 15336, -2.5, 1.0, -1.0, 1.0, 14, 0, readLine(), -0.5
12, 15337, -2.5, 1.0, -1.0, 1.5, 14, 0, readLine(), -0.5
12, 15338, -2.5, 1.0, -1.0, 2.0, 14, 0, readLine(), -0.5
12, 15339, -2.5, 1.0, -1.0, 2.5, 8, 26, System.load(in.readLine()), -3.0
12, 15340, -2.5, 1.0, -1.0, 3.0, 8, 25, System.load(in.readLine()), -2.5
12, 15341, -2.5, 1.0, -1.0, 3.5, 8, 18, System.load(in.readLine()), -2.0
12, 15342, -2.5, 1.0, -1.0, 4.0, 8, 15, System.load(in.readLine()), -1.5
12, 15343, -2.5, 1.0, -1.0, 4.5, 8, 30, System.load(in.readLine()), -1.0
12, 15344, -2.5, 1.0, -1.0, 5.0, 8, 39, System.load(in.readLine()), -0.5
12, 15345, -2.5, 1.0, -0.5, 0.0, 14, 0, readLine(), -0.5
12, 15346, -2.5, 1.0, -0.5, 0.5, 14, 0, readLine(), -0.5
12, 15347, -2.5, 1.0, -0.5, 1.0, 14, 0, readLine(), -0.5
12, 15348, -2.5, 1.0, -0.5, 1.5, 14, 0, readLine(), -0.5
12, 15349, -2.5, 1.0, -0.5, 2.0, 14, 0, readLine(), -0.5
12, 15350, -2.5, 1.0, -0.5, 2.5, 8, 28, System.load(in.readLine()), -2.5
12, 15351, -2.5, 1.0, -0.5, 3.0, 8, 25, System.load(in.readLine()), -2.0
12, 15352, -2.5, 1.0, -0.5, 3.5, 8, 26, System.load(in.readLine()), -1.5
12, 15353, -2.5, 1.0, -0.5, 4.0, 8, 31, System.load(in.readLine()), -1.0
12, 15354, -2.5, 1.0, -0.5, 4.5, 8, 35, System.load(in.readLine()), -0.5
12, 15355, -2.5, 1.0, -0.5, 5.0, 8, 55, System.load(in.readLine()), 0.0
12, 15356, -2.5, 1.0, 0.0, 0.0, 14, 0, readLine(), -0.5
12, 15357, -2.5, 1.0, 0.0, 0.5, 14, 0, readLine(), -0.5
12, 15358, -2.5, 1.0, 0.0, 1.0, 14, 0, readLine(), -0.5
12, 15359, -2.5, 1.0, 0.0, 1.5, 14, 0, readLine(), -0.5
12, 15360, -2.5, 1.0, 0.0, 2.0, 14, 0, readLine(), -0.5
12, 15361, -2.5, 1.0, 0.0, 2.5, 8, 88, System.load(in.readLine()), -2.0
12, 15362, -2.5, 1.0, 0.0, 3.0, 8, 99, System.load(in.readLine()), -1.5
12, 15363, -2.5, 1.0, 0.0, 3.5, 8, 55, System.load(in.readLine()), -1.0
12, 15364, -2.5, 1.0, 0.0, 4.0, 8, 49, System.load(in.readLine()), -0.5
12, 15365, -2.5, 1.0, 0.0, 4.5, 8, 76, System.load(in.readLine()), 0.0
12, 15366, -2.5, 1.0, 0.0, 5.0, 8, 91, new Long(in.readLine()), 0.5
12, 15367, -2.0, 1.0, -5.0, 0.0, 14, 0, readLine(), 0.0
12, 15368, -2.0, 1.0, -5.0, 0.5, 14, 0, readLine(), 0.0
12, 15369, -2.0, 1.0, -5.0, 1.0, 14, 0, readLine(), 0.0
12, 15370, -2.0, 1.0, -5.0, 1.5, 8, 26, System.load(in.readLine()), -6.5
12, 15371, -2.0, 1.0, -5.0, 2.0, 8, 24, System.load(in.readLine()), -6.0
12, 15372, -2.0, 1.0, -5.0, 2.5, 0, 0, lines.add(in.readLine()), 2.0
12, 15373, -2.0, 1.0, -5.0, 3.0, 0, 0, lines.add(in.readLine()), 3.0
12, 15374, -2.0, 1.0, -5.0, 3.5, 0, 0, lines.add(in.readLine()), 4.0
12, 15375, -2.0, 1.0, -5.0, 4.0, 0, 0, lines.add(in.readLine()), 5.0
12, 15376, -2.0, 1.0, -5.0, 4.5, 0, 0, lines.add(in.readLine()), 6.0
12, 15377, -2.0, 1.0, -5.0, 5.0, 0, 0, lines.add(in.readLine()), 7.0
12, 15378, -2.0, 1.0, -4.5, 0.0, 14, 0, readLine(), 0.0
12, 15379, -2.0, 1.0, -4.5, 0.5, 14, 0, readLine(), 0.0
12, 15380, -2.0, 1.0, -4.5, 1.0, 14, 0, readLine(), 0.0
12, 15381, -2.0, 1.0, -4.5, 1.5, 8, 26, System.load(in.readLine()), -6.0
12, 15382, -2.0, 1.0, -4.5, 2.0, 8, 24, System.load(in.readLine()), -5.5
12, 15383, -2.0, 1.0, -4.5, 2.5, 0, 0, lines.add(in.readLine()), 2.0
12, 15384, -2.0, 1.0, -4.5, 3.0, 0, 0, lines.add(in.readLine()), 3.0
12, 15385, -2.0, 1.0, -4.5, 3.5, 0, 0, lines.add(in.readLine()), 4.0
12, 15386, -2.0, 1.0, -4.5, 4.0, 0, 0, lines.add(in.readLine()), 5.0
12, 15387, -2.0, 1.0, -4.5, 4.5, 0, 0, lines.add(in.readLine()), 6.0
12, 15388, -2.0, 1.0, -4.5, 5.0, 0, 0, lines.add(in.readLine()), 7.0
12, 15389, -2.0, 1.0, -4.0, 0.0, 14, 0, readLine(), 0.0
12, 15390, -2.0, 1.0, -4.0, 0.5, 14, 0, readLine(), 0.0
12, 15391, -2.0, 1.0, -4.0, 1.0, 14, 0, readLine(), 0.0
12, 15392, -2.0, 1.0, -4.0, 1.5, 8, 26, System.load(in.readLine()), -5.5
12, 15393, -2.0, 1.0, -4.0, 2.0, 8, 24, System.load(in.readLine()), -5.0
12, 15394, -2.0, 1.0, -4.0, 2.5, 0, 0, lines.add(in.readLine()), 2.0
12, 15395, -2.0, 1.0, -4.0, 3.0, 0, 0, lines.add(in.readLine()), 3.0
12, 15396, -2.0, 1.0, -4.0, 3.5, 0, 0, lines.add(in.readLine()), 4.0
12, 15397, -2.0, 1.0, -4.0, 4.0, 0, 0, lines.add(in.readLine()), 5.0
12, 15398, -2.0, 1.0, -4.0, 4.5, 0, 0, lines.add(in.readLine()), 6.0
12, 15399, -2.0, 1.0, -4.0, 5.0, 0, 0, lines.add(in.readLine()), 7.0
12, 15400, -2.0, 1.0, -3.5, 0.0, 14, 0, readLine(), 0.0
12, 15401, -2.0, 1.0, -3.5, 0.5, 14, 0, readLine(), 0.0
12, 15402, -2.0, 1.0, -3.5, 1.0, 14, 0, readLine(), 0.0
12, 15403, -2.0, 1.0, -3.5, 1.5, 8, 26, System.load(in.readLine()), -5.0
12, 15404, -2.0, 1.0, -3.5, 2.0, 8, 24, System.load(in.readLine()), -4.5
12, 15405, -2.0, 1.0, -3.5, 2.5, 0, 0, lines.add(in.readLine()), 2.0
12, 15406, -2.0, 1.0, -3.5, 3.0, 0, 0, lines.add(in.readLine()), 3.0
12, 15407, -2.0, 1.0, -3.5, 3.5, 0, 0, lines.add(in.readLine()), 4.0
12, 15408, -2.0, 1.0, -3.5, 4.0, 0, 0, lines.add(in.readLine()), 5.0
12, 15409, -2.0, 1.0, -3.5, 4.5, 0, 0, lines.add(in.readLine()), 6.0
12, 15410, -2.0, 1.0, -3.5, 5.0, 8, 29, System.load(in.readLine()), -1.5
12, 15411, -2.0, 1.0, -3.0, 0.0, 14, 0, readLine(), 0.0
12, 15412, -2.0, 1.0, -3.0, 0.5, 14, 0, readLine(), 0.0
12, 15413, -2.0, 1.0, -3.0, 1.0, 14, 0, readLine(), 0.0
12, 15414, -2.0, 1.0, -3.0, 1.5, 8, 26, System.load(in.readLine()), -4.5
12, 15415, -2.0, 1.0, -3.0, 2.0, 8, 24, System.load(in.readLine()), -4.0
12, 15416, -2.0, 1.0, -3.0, 2.5, 0, 0, lines.add(in.readLine()), 2.0
12, 15417, -2.0, 1.0, -3.0, 3.0, 0, 0, lines.add(in.readLine()), 3.0
12, 15418, -2.0, 1.0, -3.0, 3.5, 0, 0, lines.add(in.readLine()), 4.0
12, 15419, -2.0, 1.0, -3.0, 4.0, 0, 0, lines.add(in.readLine()), 5.0
12, 15420, -2.0, 1.0, -3.0, 4.5, 8, 25, System.load(in.readLine()), -1.5
12, 15421, -2.0, 1.0, -3.0, 5.0, 8, 29, System.load(in.readLine()), -1.0
12, 15422, -2.0, 1.0, -2.5, 0.0, 14, 0, readLine(), 0.0
12, 15423, -2.0, 1.0, -2.5, 0.5, 14, 0, readLine(), 0.0
12, 15424, -2.0, 1.0, -2.5, 1.0, 14, 0, readLine(), 0.0
12, 15425, -2.0, 1.0, -2.5, 1.5, 8, 26, System.load(in.readLine()), -4.0
12, 15426, -2.0, 1.0, -2.5, 2.0, 8, 24, System.load(in.readLine()), -3.5
12, 15427, -2.0, 1.0, -2.5, 2.5, 0, 0, lines.add(in.readLine()), 2.0
12, 15428, -2.0, 1.0, -2.5, 3.0, 0, 0, lines.add(in.readLine()), 3.0
12, 15429, -2.0, 1.0, -2.5, 3.5, 0, 0, lines.add(in.readLine()), 4.0
12, 15430, -2.0, 1.0, -2.5, 4.0, 8, 20, System.load(in.readLine()), -1.5
12, 15431, -2.0, 1.0, -2.5, 4.5, 8, 27, System.load(in.readLine()), -1.0
12, 15432, -2.0, 1.0, -2.5, 5.0, 8, 38, System.load(in.readLine()), -0.5
12, 15433, -2.0, 1.0, -2.0, 0.0, 14, 0, readLine(), 0.0
12, 15434, -2.0, 1.0, -2.0, 0.5, 14, 0, readLine(), 0.0
12, 15435, -2.0, 1.0, -2.0, 1.0, 14, 0, readLine(), 0.0
12, 15436, -2.0, 1.0, -2.0, 1.5, 8, 26, System.load(in.readLine()), -3.5
12, 15437, -2.0, 1.0, -2.0, 2.0, 8, 24, System.load(in.readLine()), -3.0
12, 15438, -2.0, 1.0, -2.0, 2.5, 0, 0, lines.add(in.readLine()), 2.0
12, 15439, -2.0, 1.0, -2.0, 3.0, 0, 0, lines.add(in.readLine()), 3.0
12, 15440, -2.0, 1.0, -2.0, 3.5, 8, 16, System.load(in.readLine()), -1.5
12, 15441, -2.0, 1.0, -2.0, 4.0, 8, 20, System.load(in.readLine()), -1.0
12, 15442, -2.0, 1.0, -2.0, 4.5, 8, 36, System.load(in.readLine()), -0.5
12, 15443, -2.0, 1.0, -2.0, 5.0, 8, 38, System.load(in.readLine()), 0.0
12, 15444, -2.0, 1.0, -1.5, 0.0, 14, 0, readLine(), 0.0
12, 15445, -2.0, 1.0, -1.5, 0.5, 14, 0, readLine(), 0.0
12, 15446, -2.0, 1.0, -1.5, 1.0, 14, 0, readLine(), 0.0
12, 15447, -2.0, 1.0, -1.5, 1.5, 8, 26, System.load(in.readLine()), -3.0
12, 15448, -2.0, 1.0, -1.5, 2.0, 8, 24, System.load(in.readLine()), -2.5
12, 15449, -2.0, 1.0, -1.5, 2.5, 0, 0, lines.add(in.readLine()), 2.0
12, 15450, -2.0, 1.0, -1.5, 3.0, 8, 15, System.load(in.readLine()), -1.5
12, 15451, -2.0, 1.0, -1.5, 3.5, 8, 16, System.load(in.readLine()), -1.0
12, 15452, -2.0, 1.0, -1.5, 4.0, 8, 21, System.load(in.readLine()), -0.5
12, 15453, -2.0, 1.0, -1.5, 4.5, 8, 36, System.load(in.readLine()), 0.0
12, 15454, -2.0, 1.0, -1.5, 5.0, 8, 58, System.load(in.readLine()), 0.5
12, 15455, -2.0, 1.0, -1.0, 0.0, 14, 0, readLine(), 0.0
12, 15456, -2.0, 1.0, -1.0, 0.5, 14, 0, readLine(), 0.0
12, 15457, -2.0, 1.0, -1.0, 1.0, 14, 0, readLine(), 0.0
12, 15458, -2.0, 1.0, -1.0, 1.5, 8, 26, System.load(in.readLine()), -2.5
12, 15459, -2.0, 1.0, -1.0, 2.0, 8, 24, System.load(in.readLine()), -2.0
12, 15460, -2.0, 1.0, -1.0, 2.5, 8, 17, System.load(in.readLine()), -1.5
12, 15461, -2.0, 1.0, -1.0, 3.0, 8, 15, System.load(in.readLine()), -1.0
12, 15462, -2.0, 1.0, -1.0, 3.5, 8, 24, System.load(in.readLine()), -0.5
12, 15463, -2.0, 1.0, -1.0, 4.0, 8, 36, System.load(in.readLine()), 0.0
12, 15464, -2.0, 1.0, -1.0, 4.5, 8, 59, System.load(in.readLine()), 0.5
12, 15465, -2.0, 1.0, -1.0, 5.0, 8, 68, System.load(in.readLine()), 1.0
12, 15466, -2.0, 1.0, -0.5, 0.0, 14, 0, readLine(), 0.0
12, 15467, -2.0, 1.0, -0.5, 0.5, 14, 0, readLine(), 0.0
12, 15468, -2.0, 1.0, -0.5, 1.0, 14, 0, readLine(), 0.0
12, 15469, -2.0, 1.0, -0.5, 1.5, 8, 28, System.load(in.readLine()), -2.0
12, 15470, -2.0, 1.0, -0.5, 2.0, 8, 26, System.load(in.readLine()), -1.5
12, 15471, -2.0, 1.0, -0.5, 2.5, 8, 17, System.load(in.readLine()), -1.0
12, 15472, -2.0, 1.0, -0.5, 3.0, 8, 29, System.load(in.readLine()), -0.5
12, 15473, -2.0, 1.0, -0.5, 3.5, 8, 34, System.load(in.readLine()), 0.0
12, 15474, -2.0, 1.0, -0.5, 4.0, 8, 61, System.load(in.readLine()), 0.5
12, 15475, -2.0, 1.0, -0.5, 4.5, 8, 91, System.load(in.readLine()), 0.5
12, 15476, -2.0, 1.0, -0.5, 5.0, 8, 131, System.load(in.readLine()), 1.0
12, 15477, -2.0, 1.0, 0.0, 0.0, 14, 0, readLine(), 0.0
12, 15478, -2.0, 1.0, 0.0, 0.5, 14, 0, readLine(), 0.0
12, 15479, -2.0, 1.0, 0.0, 1.0, 14, 0, readLine(), 0.0
12, 15480, -2.0, 1.0, 0.0, 1.5, 8, 85, System.load(in.readLine()), -1.5
12, 15481, -2.0, 1.0, 0.0, 2.0, 8, 84, System.load(in.readLine()), -1.0
12, 15482, -2.0, 1.0, 0.0, 2.5, 8, 55, System.load(in.readLine()), -0.5
12, 15483, -2.0, 1.0, 0.0, 3.0, 8, 49, System.load(in.readLine()), 0.0
12, 15484, -2.0, 1.0, 0.0, 3.5, 8, 57, new Long(in.readLine()), 0.5
12, 15485, -2.0, 1.0, 0.0, 4.0, 8, 84, new Long(in.readLine()), 1.0
12, 15486, -2.0, 1.0, 0.0, 4.5, 8, 170, new Long(in.readLine()), 1.5
12, 15487, -2.0, 1.0, 0.0, 5.0, 8, 170, new Long(in.readLine()), 2.0
12, 15488, -1.5, 1.0, -5.0, 0.0, 10, 148, new String(readLine()), -11.0
12, 15489, -1.5, 1.0, -5.0, 0.5, 10, 148, new String(readLine()), -11.0
12, 15490, -1.5, 1.0, -5.0, 1.0, 8, 23, System.load(in.readLine()), -5.5
12, 15491, -1.5, 1.0, -5.0, 1.5, 0, 0, lines.add(in.readLine()), 2.0
12, 15492, -1.5, 1.0, -5.0, 2.0, 0, 0, lines.add(in.readLine()), 3.0
12, 15493, -1.5, 1.0, -5.0, 2.5, 0, 0, lines.add(in.readLine()), 4.0
12, 15494, -1.5, 1.0, -5.0, 3.0, 0, 0, lines.add(in.readLine()), 5.0
12, 15495, -1.5, 1.0, -5.0, 3.5, 0, 0, lines.add(in.readLine()), 6.0
12, 15496, -1.5, 1.0, -5.0, 4.0, 0, 0, lines.add(in.readLine()), 7.0
12, 15497, -1.5, 1.0, -5.0, 4.5, 0, 0, lines.add(in.readLine()), 8.0
12, 15498, -1.5, 1.0, -5.0, 5.0, 0, 0, lines.add(in.readLine()), 9.0
12, 15499, -1.5, 1.0, -4.5, 0.0, 10, 148, new String(readLine()), -10.0
12, 15500, -1.5, 1.0, -4.5, 0.5, 10, 148, new String(readLine()), -10.0
12, 15501, -1.5, 1.0, -4.5, 1.0, 8, 23, System.load(in.readLine()), -5.0
12, 15502, -1.5, 1.0, -4.5, 1.5, 0, 0, lines.add(in.readLine()), 2.0
12, 15503, -1.5, 1.0, -4.5, 2.0, 0, 0, lines.add(in.readLine()), 3.0
12, 15504, -1.5, 1.0, -4.5, 2.5, 0, 0, lines.add(in.readLine()), 4.0
12, 15505, -1.5, 1.0, -4.5, 3.0, 0, 0, lines.add(in.readLine()), 5.0
12, 15506, -1.5, 1.0, -4.5, 3.5, 0, 0, lines.add(in.readLine()), 6.0
12, 15507, -1.5, 1.0, -4.5, 4.0, 0, 0, lines.add(in.readLine()), 7.0
12, 15508, -1.5, 1.0, -4.5, 4.5, 0, 0, lines.add(in.readLine()), 8.0
12, 15509, -1.5, 1.0, -4.5, 5.0, 0, 0, lines.add(in.readLine()), 9.0
12, 15510, -1.5, 1.0, -4.0, 0.0, 10, 148, new String(readLine()), -9.0
12, 15511, -1.5, 1.0, -4.0, 0.5, 10, 148, new String(readLine()), -9.0
12, 15512, -1.5, 1.0, -4.0, 1.0, 8, 23, System.load(in.readLine()), -4.5
12, 15513, -1.5, 1.0, -4.0, 1.5, 0, 0, lines.add(in.readLine()), 2.0
12, 15514, -1.5, 1.0, -4.0, 2.0, 0, 0, lines.add(in.readLine()), 3.0
12, 15515, -1.5, 1.0, -4.0, 2.5, 0, 0, lines.add(in.readLine()), 4.0
12, 15516, -1.5, 1.0, -4.0, 3.0, 0, 0, lines.add(in.readLine()), 5.0
12, 15517, -1.5, 1.0, -4.0, 3.5, 0, 0, lines.add(in.readLine()), 6.0
12, 15518, -1.5, 1.0, -4.0, 4.0, 0, 0, lines.add(in.readLine()), 7.0
12, 15519, -1.5, 1.0, -4.0, 4.5, 0, 0, lines.add(in.readLine()), 8.0
12, 15520, -1.5, 1.0, -4.0, 5.0, 8, 36, System.load(in.readLine()), -0.5
12, 15521, -1.5, 1.0, -3.5, 0.0, 10, 148, new String(readLine()), -8.0
12, 15522, -1.5, 1.0, -3.5, 0.5, 10, 148, new String(readLine()), -8.0
12, 15523, -1.5, 1.0, -3.5, 1.0, 8, 23, System.load(in.readLine()), -4.0
12, 15524, -1.5, 1.0, -3.5, 1.5, 0, 0, lines.add(in.readLine()), 2.0
12, 15525, -1.5, 1.0, -3.5, 2.0, 0, 0, lines.add(in.readLine()), 3.0
12, 15526, -1.5, 1.0, -3.5, 2.5, 0, 0, lines.add(in.readLine()), 4.0
12, 15527, -1.5, 1.0, -3.5, 3.0, 0, 0, lines.add(in.readLine()), 5.0
12, 15528, -1.5, 1.0, -3.5, 3.5, 0, 0, lines.add(in.readLine()), 6.0
12, 15529, -1.5, 1.0, -3.5, 4.0, 0, 0, lines.add(in.readLine()), 7.0
12, 15530, -1.5, 1.0, -3.5, 4.5, 8, 36, System.load(in.readLine()), -0.5
12, 15531, -1.5, 1.0, -3.5, 5.0, 8, 46, System.load(in.readLine()), 0.0
12, 15532, -1.5, 1.0, -3.0, 0.0, 10, 148, new String(readLine()), -7.0
12, 15533, -1.5, 1.0, -3.0, 0.5, 10, 148, new String(readLine()), -7.0
12, 15534, -1.5, 1.0, -3.0, 1.0, 8, 23, System.load(in.readLine()), -3.5
12, 15535, -1.5, 1.0, -3.0, 1.5, 0, 0, lines.add(in.readLine()), 2.0
12, 15536, -1.5, 1.0, -3.0, 2.0, 0, 0, lines.add(in.readLine()), 3.0
12, 15537, -1.5, 1.0, -3.0, 2.5, 0, 0, lines.add(in.readLine()), 4.0
12, 15538, -1.5, 1.0, -3.0, 3.0, 0, 0, lines.add(in.readLine()), 5.0
12, 15539, -1.5, 1.0, -3.0, 3.5, 0, 0, lines.add(in.readLine()), 6.0
12, 15540, -1.5, 1.0, -3.0, 4.0, 8, 26, System.load(in.readLine()), -0.5
12, 15541, -1.5, 1.0, -3.0, 4.5, 8, 45, System.load(in.readLine()), 0.0
12, 15542, -1.5, 1.0, -3.0, 5.0, 8, 58, System.load(in.readLine()), 0.5
12, 15543, -1.5, 1.0, -2.5, 0.0, 10, 148, new String(readLine()), -6.0
12, 15544, -1.5, 1.0, -2.5, 0.5, 10, 148, new String(readLine()), -6.0
12, 15545, -1.5, 1.0, -2.5, 1.0, 8, 23, System.load(in.readLine()), -3.0
12, 15546, -1.5, 1.0, -2.5, 1.5, 0, 0, lines.add(in.readLine()), 2.0
12, 15547, -1.5, 1.0, -2.5, 2.0, 0, 0, lines.add(in.readLine()), 3.0
12, 15548, -1.5, 1.0, -2.5, 2.5, 0, 0, lines.add(in.readLine()), 4.0
12, 15549, -1.5, 1.0, -2.5, 3.0, 0, 0, lines.add(in.readLine()), 5.0
12, 15550, -1.5, 1.0, -2.5, 3.5, 8, 24, System.load(in.readLine()), -0.5
12, 15551, -1.5, 1.0, -2.5, 4.0, 8, 37, System.load(in.readLine()), 0.0
12, 15552, -1.5, 1.0, -2.5, 4.5, 8, 56, System.load(in.readLine()), 0.5
12, 15553, -1.5, 1.0, -2.5, 5.0, 8, 60, System.load(in.readLine()), 1.0
12, 15554, -1.5, 1.0, -2.0, 0.0, 10, 148, new String(readLine()), -5.0
12, 15555, -1.5, 1.0, -2.0, 0.5, 10, 148, new String(readLine()), -5.0
12, 15556, -1.5, 1.0, -2.0, 1.0, 8, 23, System.load(in.readLine()), -2.5
12, 15557, -1.5, 1.0, -2.0, 1.5, 0, 0, lines.add(in.readLine()), 2.0
12, 15558, -1.5, 1.0, -2.0, 2.0, 0, 0, lines.add(in.readLine()), 3.0
12, 15559, -1.5, 1.0, -2.0, 2.5, 0, 0, lines.add(in.readLine()), 4.0
12, 15560, -1.5, 1.0, -2.0, 3.0, 8, 19, System.load(in.readLine()), -0.5
12, 15561, -1.5, 1.0, -2.0, 3.5, 8, 33, System.load(in.readLine()), 0.0
12, 15562, -1.5, 1.0, -2.0, 4.0, 8, 47, System.load(in.readLine()), 0.5
12, 15563, -1.5, 1.0, -2.0, 4.5, 8, 61, System.load(in.readLine()), 1.0
12, 15564, -1.5, 1.0, -2.0, 5.0, 8, 73, System.load(in.readLine()), 1.5
12, 15565, -1.5, 1.0, -1.5, 0.0, 10, 148, new String(readLine()), -4.0
12, 15566, -1.5, 1.0, -1.5, 0.5, 10, 148, new String(readLine()), -4.0
12, 15567, -1.5, 1.0, -1.5, 1.0, 8, 23, System.load(in.readLine()), -2.0
12, 15568, -1.5, 1.0, -1.5, 1.5, 0, 0, lines.add(in.readLine()), 2.0
12, 15569, -1.5, 1.0, -1.5, 2.0, 0, 0, lines.add(in.readLine()), 3.0
12, 15570, -1.5, 1.0, -1.5, 2.5, 8, 13, System.load(in.readLine()), -0.5
12, 15571, -1.5, 1.0, -1.5, 3.0, 8, 28, System.load(in.readLine()), 0.0
12, 15572, -1.5, 1.0, -1.5, 3.5, 8, 43, System.load(in.readLine()), 0.5
12, 15573, -1.5, 1.0, -1.5, 4.0, 8, 52, System.load(in.readLine()), 1.0
12, 15574, -1.5, 1.0, -1.5, 4.5, 8, 79, System.load(in.readLine()), 1.5
12, 15575, -1.5, 1.0, -1.5, 5.0, 8, 105, System.load(in.readLine()), 0.5
12, 15576, -1.5, 1.0, -1.0, 0.0, 10, 147, new String(readLine()), -3.0
12, 15577, -1.5, 1.0, -1.0, 0.5, 10, 147, new String(readLine()), -3.0
12, 15578, -1.5, 1.0, -1.0, 1.0, 8, 23, System.load(in.readLine()), -1.5
12, 15579, -1.5, 1.0, -1.0, 1.5, 0, 0, lines.add(in.readLine()), 2.0
12, 15580, -1.5, 1.0, -1.0, 2.0, 8, 12, System.load(in.readLine()), -0.5
12, 15581, -1.5, 1.0, -1.0, 2.5, 8, 23, System.load(in.readLine()), 0.0
12, 15582, -1.5, 1.0, -1.0, 3.0, 8, 34, System.load(in.readLine()), 0.5
12, 15583, -1.5, 1.0, -1.0, 3.5, 8, 55, System.load(in.readLine()), 1.0
12, 15584, -1.5, 1.0, -1.0, 4.0, 8, 76, System.load(in.readLine()), 0.5
12, 15585, -1.5, 1.0, -1.0, 4.5, 8, 112, System.load(in.readLine()), 1.0
12, 15586, -1.5, 1.0, -1.0, 5.0, 8, 130, System.load(in.readLine()), 1.5
12, 15587, -1.5, 1.0, -0.5, 0.0, 10, 110, new String(readLine()), -2.0
12, 15588, -1.5, 1.0, -0.5, 0.5, 10, 110, new String(readLine()), -2.0
12, 15589, -1.5, 1.0, -0.5, 1.0, 8, 23, System.load(in.readLine()), -1.0
12, 15590, -1.5, 1.0, -0.5, 1.5, 8, 15, System.load(in.readLine()), -0.5
12, 15591, -1.5, 1.0, -0.5, 2.0, 8, 15, System.load(in.readLine()), 0.0
12, 15592, -1.5, 1.0, -0.5, 2.5, 8, 35, System.load(in.readLine()), 0.5
12, 15593, -1.5, 1.0, -0.5, 3.0, 8, 61, System.load(in.readLine()), 0.5
12, 15594, -1.5, 1.0, -0.5, 3.5, 8, 99, System.load(in.readLine()), 1.0
12, 15595, -1.5, 1.0, -0.5, 4.0, 8, 137, System.load(in.readLine()), 1.5
12, 15596, -1.5, 1.0, -0.5, 4.5, 8, 157, System.load(in.readLine()), 2.0
12, 15597, -1.5, 1.0, -0.5, 5.0, 8, 180, System.load(in.readLine()), 2.5
12, 15598, -1.5, 1.0, 0.0, 0.0, 10, 76, new String(readLine()), -1.0
12, 15599, -1.5, 1.0, 0.0, 0.5, 10, 76, new String(readLine()), -1.0
12, 15600, -1.5, 1.0, 0.0, 1.0, 8, 83, System.load(in.readLine()), -0.5
12, 15601, -1.5, 1.0, 0.0, 1.5, 8, 54, System.load(in.readLine()), 0.0
12, 15602, -1.5, 1.0, 0.0, 2.0, 8, 33, new Long(in.readLine()), 0.5
12, 15603, -1.5, 1.0, 0.0, 2.5, 8, 56, new Long(in.readLine()), 1.0
12, 15604, -1.5, 1.0, 0.0, 3.0, 8, 100, new Long(in.readLine()), 1.5
12, 15605, -1.5, 1.0, 0.0, 3.5, 8, 166, new Long(in.readLine()), 2.0
12, 15606, -1.5, 1.0, 0.0, 4.0, 8, 188, new Long(in.readLine()), 2.5
12, 15607, -1.5, 1.0, 0.0, 4.5, 8, 192, new Long(in.readLine()), 3.0
12, 15608, -1.5, 1.0, 0.0, 5.0, 8, 193, new Long(in.readLine()), 3.5
12, 15609, -1.0, 1.0, -5.0, 0.0, 10, 154, new String(readLine()), -10.0
12, 15610, -1.0, 1.0, -5.0, 0.5, 0, 0, lines.add(in.readLine()), 2.0
12, 15611, -1.0, 1.0, -5.0, 1.0, 0, 0, lines.add(in.readLine()), 3.0
12, 15612, -1.0, 1.0, -5.0, 1.5, 0, 0, lines.add(in.readLine()), 4.0
12, 15613, -1.0, 1.0, -5.0, 2.0, 0, 0, lines.add(in.readLine()), 5.0
12, 15614, -1.0, 1.0, -5.0, 2.5, 0, 0, lines.add(in.readLine()), 6.0
12, 15615, -1.0, 1.0, -5.0, 3.0, 0, 0, lines.add(in.readLine()), 7.0
12, 15616, -1.0, 1.0, -5.0, 3.5, 0, 0, lines.add(in.readLine()), 8.0
12, 15617, -1.0, 1.0, -5.0, 4.0, 0, 0, lines.add(in.readLine()), 9.0
12, 15618, -1.0, 1.0, -5.0, 4.5, 0, 1, lines.add(in.readLine()), 10.0
12, 15619, -1.0, 1.0, -5.0, 5.0, 0, 1, lines.add(in.readLine()), 11.0
12, 15620, -1.0, 1.0, -4.5, 0.0, 10, 154, new String(readLine()), -9.0
12, 15621, -1.0, 1.0, -4.5, 0.5, 0, 0, lines.add(in.readLine()), 2.0
12, 15622, -1.0, 1.0, -4.5, 1.0, 0, 0, lines.add(in.readLine()), 3.0
12, 15623, -1.0, 1.0, -4.5, 1.5, 0, 0, lines.add(in.readLine()), 4.0
12, 15624, -1.0, 1.0, -4.5, 2.0, 0, 0, lines.add(in.readLine()), 5.0
12, 15625, -1.0, 1.0, -4.5, 2.5, 0, 0, lines.add(in.readLine()), 6.0
12, 15626, -1.0, 1.0, -4.5, 3.0, 0, 0, lines.add(in.readLine()), 7.0
12, 15627, -1.0, 1.0, -4.5, 3.5, 0, 0, lines.add(in.readLine()), 8.0
12, 15628, -1.0, 1.0, -4.5, 4.0, 0, 0, lines.add(in.readLine()), 9.0
12, 15629, -1.0, 1.0, -4.5, 4.5, 0, 1, lines.add(in.readLine()), 10.0
12, 15630, -1.0, 1.0, -4.5, 5.0, 8, 52, System.load(in.readLine()), 0.5
12, 15631, -1.0, 1.0, -4.0, 0.0, 10, 154, new String(readLine()), -8.0
12, 15632, -1.0, 1.0, -4.0, 0.5, 0, 0, lines.add(in.readLine()), 2.0
12, 15633, -1.0, 1.0, -4.0, 1.0, 0, 0, lines.add(in.readLine()), 3.0
12, 15634, -1.0, 1.0, -4.0, 1.5, 0, 0, lines.add(in.readLine()), 4.0
12, 15635, -1.0, 1.0, -4.0, 2.0, 0, 0, lines.add(in.readLine()), 5.0
12, 15636, -1.0, 1.0, -4.0, 2.5, 0, 0, lines.add(in.readLine()), 6.0
12, 15637, -1.0, 1.0, -4.0, 3.0, 0, 0, lines.add(in.readLine()), 7.0
12, 15638, -1.0, 1.0, -4.0, 3.5, 0, 0, lines.add(in.readLine()), 8.0
12, 15639, -1.0, 1.0, -4.0, 4.0, 0, 0, lines.add(in.readLine()), 9.0
12, 15640, -1.0, 1.0, -4.0, 4.5, 8, 51, System.load(in.readLine()), 0.5
12, 15641, -1.0, 1.0, -4.0, 5.0, 8, 57, System.load(in.readLine()), 1.0
12, 15642, -1.0, 1.0, -3.5, 0.0, 10, 154, new String(readLine()), -7.0
12, 15643, -1.0, 1.0, -3.5, 0.5, 0, 0, lines.add(in.readLine()), 2.0
12, 15644, -1.0, 1.0, -3.5, 1.0, 0, 0, lines.add(in.readLine()), 3.0
12, 15645, -1.0, 1.0, -3.5, 1.5, 0, 0, lines.add(in.readLine()), 4.0
12, 15646, -1.0, 1.0, -3.5, 2.0, 0, 0, lines.add(in.readLine()), 5.0
12, 15647, -1.0, 1.0, -3.5, 2.5, 0, 0, lines.add(in.readLine()), 6.0
12, 15648, -1.0, 1.0, -3.5, 3.0, 0, 0, lines.add(in.readLine()), 7.0
12, 15649, -1.0, 1.0, -3.5, 3.5, 0, 0, lines.add(in.readLine()), 8.0
12, 15650, -1.0, 1.0, -3.5, 4.0, 8, 49, System.load(in.readLine()), 0.5
12, 15651, -1.0, 1.0, -3.5, 4.5, 8, 57, System.load(in.readLine()), 1.0
12, 15652, -1.0, 1.0, -3.5, 5.0, 8, 66, System.load(in.readLine()), 1.5
12, 15653, -1.0, 1.0, -3.0, 0.0, 10, 154, new String(readLine()), -6.0
12, 15654, -1.0, 1.0, -3.0, 0.5, 0, 0, lines.add(in.readLine()), 2.0
12, 15655, -1.0, 1.0, -3.0, 1.0, 0, 0, lines.add(in.readLine()), 3.0
12, 15656, -1.0, 1.0, -3.0, 1.5, 0, 0, lines.add(in.readLine()), 4.0
12, 15657, -1.0, 1.0, -3.0, 2.0, 0, 0, lines.add(in.readLine()), 5.0
12, 15658, -1.0, 1.0, -3.0, 2.5, 0, 0, lines.add(in.readLine()), 6.0
12, 15659, -1.0, 1.0, -3.0, 3.0, 0, 0, lines.add(in.readLine()), 7.0
12, 15660, -1.0, 1.0, -3.0, 3.5, 8, 48, System.load(in.readLine()), 0.5
12, 15661, -1.0, 1.0, -3.0, 4.0, 8, 56, System.load(in.readLine()), 1.0
12, 15662, -1.0, 1.0, -3.0, 4.5, 8, 66, System.load(in.readLine()), 1.5
12, 15663, -1.0, 1.0, -3.0, 5.0, 8, 72, System.load(in.readLine()), 2.0
12, 15664, -1.0, 1.0, -2.5, 0.0, 10, 154, new String(readLine()), -5.0
12, 15665, -1.0, 1.0, -2.5, 0.5, 0, 0, lines.add(in.readLine()), 2.0
12, 15666, -1.0, 1.0, -2.5, 1.0, 0, 0, lines.add(in.readLine()), 3.0
12, 15667, -1.0, 1.0, -2.5, 1.5, 0, 0, lines.add(in.readLine()), 4.0
12, 15668, -1.0, 1.0, -2.5, 2.0, 0, 0, lines.add(in.readLine()), 5.0
12, 15669, -1.0, 1.0, -2.5, 2.5, 0, 0, lines.add(in.readLine()), 6.0
12, 15670, -1.0, 1.0, -2.5, 3.0, 8, 40, System.load(in.readLine()), 0.5
12, 15671, -1.0, 1.0, -2.5, 3.5, 8, 54, System.load(in.readLine()), 1.0
12, 15672, -1.0, 1.0, -2.5, 4.0, 8, 66, System.load(in.readLine()), 1.5
12, 15673, -1.0, 1.0, -2.5, 4.5, 8, 67, System.load(in.readLine()), 2.0
12, 15674, -1.0, 1.0, -2.5, 5.0, 8, 87, System.load(in.readLine()), 2.5
12, 15675, -1.0, 1.0, -2.0, 0.0, 10, 154, new String(readLine()), -4.0
12, 15676, -1.0, 1.0, -2.0, 0.5, 0, 0, lines.add(in.readLine()), 2.0
12, 15677, -1.0, 1.0, -2.0, 1.0, 0, 0, lines.add(in.readLine()), 3.0
12, 15678, -1.0, 1.0, -2.0, 1.5, 0, 0, lines.add(in.readLine()), 4.0
12, 15679, -1.0, 1.0, -2.0, 2.0, 0, 0, lines.add(in.readLine()), 5.0
12, 15680, -1.0, 1.0, -2.0, 2.5, 8, 38, System.load(in.readLine()), 0.5
12, 15681, -1.0, 1.0, -2.0, 3.0, 8, 45, System.load(in.readLine()), 1.0
12, 15682, -1.0, 1.0, -2.0, 3.5, 8, 65, System.load(in.readLine()), 1.5
12, 15683, -1.0, 1.0, -2.0, 4.0, 8, 70, System.load(in.readLine()), 2.0
12, 15684, -1.0, 1.0, -2.0, 4.5, 8, 103, System.load(in.readLine()), 0.5
12, 15685, -1.0, 1.0, -2.0, 5.0, 8, 110, System.load(in.readLine()), 1.0
12, 15686, -1.0, 1.0, -1.5, 0.0, 10, 154, new String(readLine()), -3.0
12, 15687, -1.0, 1.0, -1.5, 0.5, 0, 0, lines.add(in.readLine()), 2.0
12, 15688, -1.0, 1.0, -1.5, 1.0, 0, 0, lines.add(in.readLine()), 3.0
12, 15689, -1.0, 1.0, -1.5, 1.5, 0, 0, lines.add(in.readLine()), 4.0
12, 15690, -1.0, 1.0, -1.5, 2.0, 8, 27, System.load(in.readLine()), 0.5
12, 15691, -1.0, 1.0, -1.5, 2.5, 8, 43, System.load(in.readLine()), 1.0
12, 15692, -1.0, 1.0, -1.5, 3.0, 8, 47, System.load(in.readLine()), 1.5
12, 15693, -1.0, 1.0, -1.5, 3.5, 8, 84, System.load(in.readLine()), 0.5
12, 15694, -1.0, 1.0, -1.5, 4.0, 8, 107, System.load(in.readLine()), 1.0
12, 15695, -1.0, 1.0, -1.5, 4.5, 8, 121, System.load(in.readLine()), 1.5
12, 15696, -1.0, 1.0, -1.5, 5.0, 8, 136, System.load(in.readLine()), 2.0
12, 15697, -1.0, 1.0, -1.0, 0.0, 10, 116, new String(readLine()), -2.0
12, 15698, -1.0, 1.0, -1.0, 0.5, 0, 0, lines.add(in.readLine()), 2.0
12, 15699, -1.0, 1.0, -1.0, 1.0, 0, 0, lines.add(in.readLine()), 3.0
12, 15700, -1.0, 1.0, -1.0, 1.5, 8, 21, System.load(in.readLine()), 0.5
12, 15701, -1.0, 1.0, -1.0, 2.0, 8, 34, System.load(in.readLine()), 1.0
12, 15702, -1.0, 1.0, -1.0, 2.5, 8, 57, System.load(in.readLine()), 0.5
12, 15703, -1.0, 1.0, -1.0, 3.0, 8, 78, System.load(in.readLine()), 1.0
12, 15704, -1.0, 1.0, -1.0, 3.5, 8, 116, System.load(in.readLine()), 1.5
12, 15705, -1.0, 1.0, -1.0, 4.0, 8, 126, System.load(in.readLine()), 2.0
12, 15706, -1.0, 1.0, -1.0, 4.5, 8, 156, System.load(in.readLine()), 2.5
12, 15707, -1.0, 1.0, -1.0, 5.0, 8, 168, System.load(in.readLine()), 3.0
12, 15708, -1.0, 1.0, -0.5, 0.0, 10, 72, new String(readLine()), -1.0
12, 15709, -1.0, 1.0, -0.5, 0.5, 0, 0, lines.add(in.readLine()), 2.0
12, 15710, -1.0, 1.0, -0.5, 1.0, 8, 17, System.load(in.readLine()), 0.5
12, 15711, -1.0, 1.0, -0.5, 1.5, 8, 25, System.load(in.readLine()), 0.5
12, 15712, -1.0, 1.0, -0.5, 2.0, 8, 61, System.load(in.readLine()), 1.0
12, 15713, -1.0, 1.0, -0.5, 2.5, 8, 105, System.load(in.readLine()), 1.5
12, 15714, -1.0, 1.0, -0.5, 3.0, 8, 133, System.load(in.readLine()), 2.0
12, 15715, -1.0, 1.0, -0.5, 3.5, 8, 160, System.load(in.readLine()), 2.5
12, 15716, -1.0, 1.0, -0.5, 4.0, 8, 188, System.load(in.readLine()), 3.0
12, 15717, -1.0, 1.0, -0.5, 4.5, 8, 194, System.load(in.readLine()), 3.5
12, 15718, -1.0, 1.0, -0.5, 5.0, 8, 196, System.load(in.readLine()), 4.0
12, 15719, -1.0, 1.0, 0.0, 0.0, 10, 82, new String(readLine()), 0.0
12, 15720, -1.0, 1.0, 0.0, 0.5, 8, 18, new Long(in.readLine()), 0.5
12, 15721, -1.0, 1.0, 0.0, 1.0, 8, 23, new Long(in.readLine()), 1.0
12, 15722, -1.0, 1.0, 0.0, 1.5, 8, 67, new Long(in.readLine()), 1.5
12, 15723, -1.0, 1.0, 0.0, 2.0, 8, 98, new Long(in.readLine()), 2.0
12, 15724, -1.0, 1.0, 0.0, 2.5, 8, 190, new Long(in.readLine()), 2.5
12, 15725, -1.0, 1.0, 0.0, 3.0, 8, 190, new Long(in.readLine()), 3.0
12, 15726, -1.0, 1.0, 0.0, 3.5, 8, 194, new Long(in.readLine()), 3.5
12, 15727, -1.0, 1.0, 0.0, 4.0, 8, 195, new Long(in.readLine()), 4.0
12, 15728, -1.0, 1.0, 0.0, 4.5, 8, 213, new Long(in.readLine()), 4.5
12, 15729, -1.0, 1.0, 0.0, 5.0, 8, 213, new Long(in.readLine()), 5.0
12, 15730, -0.5, 1.0, -5.0, 0.0, 0, 0, lines.add(in.readLine()), 3.0
12, 15731, -0.5, 1.0, -5.0, 0.5, 0, 0, lines.add(in.readLine()), 4.0
12, 15732, -0.5, 1.0, -5.0, 1.0, 0, 0, lines.add(in.readLine()), 5.0
12, 15733, -0.5, 1.0, -5.0, 1.5, 0, 0, lines.add(in.readLine()), 6.0
12, 15734, -0.5, 1.0, -5.0, 2.0, 0, 0, lines.add(in.readLine()), 7.0
12, 15735, -0.5, 1.0, -5.0, 2.5, 0, 0, lines.add(in.readLine()), 8.0
12, 15736, -0.5, 1.0, -5.0, 3.0, 0, 0, lines.add(in.readLine()), 9.0
12, 15737, -0.5, 1.0, -5.0, 3.5, 0, 1, lines.add(in.readLine()), 10.0
12, 15738, -0.5, 1.0, -5.0, 4.0, 0, 1, lines.add(in.readLine()), 11.0
12, 15739, -0.5, 1.0, -5.0, 4.5, 0, 1, lines.add(in.readLine()), 12.0
12, 15740, -0.5, 1.0, -5.0, 5.0, 8, 69, System.load(in.readLine()), 1.5
12, 15741, -0.5, 1.0, -4.5, 0.0, 0, 0, lines.add(in.readLine()), 3.0
12, 15742, -0.5, 1.0, -4.5, 0.5, 0, 0, lines.add(in.readLine()), 4.0
12, 15743, -0.5, 1.0, -4.5, 1.0, 0, 0, lines.add(in.readLine()), 5.0
12, 15744, -0.5, 1.0, -4.5, 1.5, 0, 0, lines.add(in.readLine()), 6.0
12, 15745, -0.5, 1.0, -4.5, 2.0, 0, 0, lines.add(in.readLine()), 7.0
12, 15746, -0.5, 1.0, -4.5, 2.5, 0, 0, lines.add(in.readLine()), 8.0
12, 15747, -0.5, 1.0, -4.5, 3.0, 0, 1, lines.add(in.readLine()), 9.0
12, 15748, -0.5, 1.0, -4.5, 3.5, 0, 1, lines.add(in.readLine()), 10.0
12, 15749, -0.5, 1.0, -4.5, 4.0, 0, 1, lines.add(in.readLine()), 11.0
12, 15750, -0.5, 1.0, -4.5, 4.5, 8, 69, System.load(in.readLine()), 1.5
12, 15751, -0.5, 1.0, -4.5, 5.0, 8, 70, System.load(in.readLine()), 2.0
12, 15752, -0.5, 1.0, -4.0, 0.0, 0, 0, lines.add(in.readLine()), 3.0
12, 15753, -0.5, 1.0, -4.0, 0.5, 0, 0, lines.add(in.readLine()), 4.0
12, 15754, -0.5, 1.0, -4.0, 1.0, 0, 0, lines.add(in.readLine()), 5.0
12, 15755, -0.5, 1.0, -4.0, 1.5, 0, 0, lines.add(in.readLine()), 6.0
12, 15756, -0.5, 1.0, -4.0, 2.0, 0, 0, lines.add(in.readLine()), 7.0
12, 15757, -0.5, 1.0, -4.0, 2.5, 0, 0, lines.add(in.readLine()), 8.0
12, 15758, -0.5, 1.0, -4.0, 3.0, 0, 1, lines.add(in.readLine()), 9.0
12, 15759, -0.5, 1.0, -4.0, 3.5, 0, 1, lines.add(in.readLine()), 10.0
12, 15760, -0.5, 1.0, -4.0, 4.0, 8, 69, System.load(in.readLine()), 1.5
12, 15761, -0.5, 1.0, -4.0, 4.5, 8, 70, System.load(in.readLine()), 2.0
12, 15762, -0.5, 1.0, -4.0, 5.0, 8, 77, System.load(in.readLine()), 2.5
12, 15763, -0.5, 1.0, -3.5, 0.0, 0, 0, lines.add(in.readLine()), 3.0
12, 15764, -0.5, 1.0, -3.5, 0.5, 0, 0, lines.add(in.readLine()), 4.0
12, 15765, -0.5, 1.0, -3.5, 1.0, 0, 0, lines.add(in.readLine()), 5.0
12, 15766, -0.5, 1.0, -3.5, 1.5, 0, 0, lines.add(in.readLine()), 6.0
12, 15767, -0.5, 1.0, -3.5, 2.0, 0, 0, lines.add(in.readLine()), 7.0
12, 15768, -0.5, 1.0, -3.5, 2.5, 0, 0, lines.add(in.readLine()), 8.0
12, 15769, -0.5, 1.0, -3.5, 3.0, 0, 1, lines.add(in.readLine()), 9.0
12, 15770, -0.5, 1.0, -3.5, 3.5, 8, 69, System.load(in.readLine()), 1.5
12, 15771, -0.5, 1.0, -3.5, 4.0, 8, 70, System.load(in.readLine()), 2.0
12, 15772, -0.5, 1.0, -3.5, 4.5, 8, 77, System.load(in.readLine()), 2.5
12, 15773, -0.5, 1.0, -3.5, 5.0, 8, 95, System.load(in.readLine()), 3.0
12, 15774, -0.5, 1.0, -3.0, 0.0, 0, 0, lines.add(in.readLine()), 3.0
12, 15775, -0.5, 1.0, -3.0, 0.5, 0, 0, lines.add(in.readLine()), 4.0
12, 15776, -0.5, 1.0, -3.0, 1.0, 0, 0, lines.add(in.readLine()), 5.0
12, 15777, -0.5, 1.0, -3.0, 1.5, 0, 0, lines.add(in.readLine()), 6.0
12, 15778, -0.5, 1.0, -3.0, 2.0, 0, 0, lines.add(in.readLine()), 7.0
12, 15779, -0.5, 1.0, -3.0, 2.5, 0, 1, lines.add(in.readLine()), 8.0
12, 15780, -0.5, 1.0, -3.0, 3.0, 8, 68, System.load(in.readLine()), 1.5
12, 15781, -0.5, 1.0, -3.0, 3.5, 8, 70, System.load(in.readLine()), 2.0
12, 15782, -0.5, 1.0, -3.0, 4.0, 8, 77, System.load(in.readLine()), 2.5
12, 15783, -0.5, 1.0, -3.0, 4.5, 8, 101, System.load(in.readLine()), 3.0
12, 15784, -0.5, 1.0, -3.0, 5.0, 8, 112, System.load(in.readLine()), 0.5
12, 15785, -0.5, 1.0, -2.5, 0.0, 0, 0, lines.add(in.readLine()), 3.0
12, 15786, -0.5, 1.0, -2.5, 0.5, 0, 0, lines.add(in.readLine()), 4.0
12, 15787, -0.5, 1.0, -2.5, 1.0, 0, 0, lines.add(in.readLine()), 5.0
12, 15788, -0.5, 1.0, -2.5, 1.5, 0, 0, lines.add(in.readLine()), 6.0
12, 15789, -0.5, 1.0, -2.5, 2.0, 0, 0, lines.add(in.readLine()), 7.0
12, 15790, -0.5, 1.0, -2.5, 2.5, 8, 66, System.load(in.readLine()), 1.5
12, 15791, -0.5, 1.0, -2.5, 3.0, 8, 70, System.load(in.readLine()), 2.0
12, 15792, -0.5, 1.0, -2.5, 3.5, 8, 80, System.load(in.readLine()), 2.5
12, 15793, -0.5, 1.0, -2.5, 4.0, 8, 109, System.load(in.readLine()), 0.5
12, 15794, -0.5, 1.0, -2.5, 4.5, 8, 116, System.load(in.readLine()), 1.0
12, 15795, -0.5, 1.0, -2.5, 5.0, 8, 138, System.load(in.readLine()), 1.5
12, 15796, -0.5, 1.0, -2.0, 0.0, 0, 0, lines.add(in.readLine()), 3.0
12, 15797, -0.5, 1.0, -2.0, 0.5, 0, 0, lines.add(in.readLine()), 4.0
12, 15798, -0.5, 1.0, -2.0, 1.0, 0, 0, lines.add(in.readLine()), 5.0
12, 15799, -0.5, 1.0, -2.0, 1.5, 0, 0, lines.add(in.readLine()), 6.0
12, 15800, -0.5, 1.0, -2.0, 2.0, 8, 54, System.load(in.readLine()), 1.5
12, 15801, -0.5, 1.0, -2.0, 2.5, 8, 71, System.load(in.readLine()), 2.0
12, 15802, -0.5, 1.0, -2.0, 3.0, 8, 90, System.load(in.readLine()), 0.5
12, 15803, -0.5, 1.0, -2.0, 3.5, 8, 110, System.load(in.readLine()), 1.0
12, 15804, -0.5, 1.0, -2.0, 4.0, 8, 124, System.load(in.readLine()), 1.5
12, 15805, -0.5, 1.0, -2.0, 4.5, 8, 139, System.load(in.readLine()), 2.0
12, 15806, -0.5, 1.0, -2.0, 5.0, 8, 149, System.load(in.readLine()), 2.5
12, 15807, -0.5, 1.0, -1.5, 0.0, 0, 0, lines.add(in.readLine()), 3.0
12, 15808, -0.5, 1.0, -1.5, 0.5, 0, 0, lines.add(in.readLine()), 4.0
12, 15809, -0.5, 1.0, -1.5, 1.0, 0, 0, lines.add(in.readLine()), 5.0
12, 15810, -0.5, 1.0, -1.5, 1.5, 8, 54, System.load(in.readLine()), 1.5
12, 15811, -0.5, 1.0, -1.5, 2.0, 8, 69, System.load(in.readLine()), 0.5
12, 15812, -0.5, 1.0, -1.5, 2.5, 8, 88, System.load(in.readLine()), 1.0
12, 15813, -0.5, 1.0, -1.5, 3.0, 8, 118, System.load(in.readLine()), 1.5
12, 15814, -0.5, 1.0, -1.5, 3.5, 8, 126, System.load(in.readLine()), 2.0
12, 15815, -0.5, 1.0, -1.5, 4.0, 8, 148, System.load(in.readLine()), 2.5
12, 15816, -0.5, 1.0, -1.5, 4.5, 8, 163, System.load(in.readLine()), 3.0
12, 15817, -0.5, 1.0, -1.5, 5.0, 8, 176, System.load(in.readLine()), 3.5
12, 15818, -0.5, 1.0, -1.0, 0.0, 0, 0, lines.add(in.readLine()), 3.0
12, 15819, -0.5, 1.0, -1.0, 0.5, 0, 0, lines.add(in.readLine()), 4.0
12, 15820, -0.5, 1.0, -1.0, 1.0, 8, 47, System.load(in.readLine()), 0.5
12, 15821, -0.5, 1.0, -1.0, 1.5, 8, 64, System.load(in.readLine()), 1.0
12, 15822, -0.5, 1.0, -1.0, 2.0, 8, 89, System.load(in.readLine()), 1.5
12, 15823, -0.5, 1.0, -1.0, 2.5, 8, 119, System.load(in.readLine()), 2.0
12, 15824, -0.5, 1.0, -1.0, 3.0, 8, 136, System.load(in.readLine()), 2.5
12, 15825, -0.5, 1.0, -1.0, 3.5, 8, 164, System.load(in.readLine()), 3.0
12, 15826, -0.5, 1.0, -1.0, 4.0, 8, 185, System.load(in.readLine()), 3.5
12, 15827, -0.5, 1.0, -1.0, 4.5, 8, 195, System.load(in.readLine()), 4.0
12, 15828, -0.5, 1.0, -1.0, 5.0, 8, 201, System.load(in.readLine()), 4.5
12, 15829, -0.5, 1.0, -0.5, 0.0, 0, 0, lines.add(in.readLine()), 3.0
12, 15830, -0.5, 1.0, -0.5, 0.5, 8, 46, System.load(in.readLine()), 1.0
12, 15831, -0.5, 1.0, -0.5, 1.0, 8, 70, System.load(in.readLine()), 1.5
12, 15832, -0.5, 1.0, -0.5, 1.5, 8, 109, System.load(in.readLine()), 2.0
12, 15833, -0.5, 1.0, -0.5, 2.0, 8, 156, System.load(in.readLine()), 2.5
12, 15834, -0.5, 1.0, -0.5, 2.5, 8, 185, System.load(in.readLine()), 3.0
12, 15835, -0.5, 1.0, -0.5, 3.0, 8, 205, System.load(in.readLine()), 3.5
12, 15836, -0.5, 1.0, -0.5, 3.5, 8, 211, System.load(in.readLine()), 4.0
12, 15837, -0.5, 1.0, -0.5, 4.0, 8, 212, System.load(in.readLine()), 4.5
12, 15838, -0.5, 1.0, -0.5, 4.5, 8, 218, System.load(in.readLine()), 5.0
12, 15839, -0.5, 1.0, -0.5, 5.0, 8, 223, System.load(in.readLine()), 5.5
12, 15840, -0.5, 1.0, 0.0, 0.0, 8, 123, System.load(in.readLine()), 1.5
12, 15841, -0.5, 1.0, 0.0, 0.5, 8, 149, System.load(in.readLine()), 2.0
12, 15842, -0.5, 1.0, 0.0, 1.0, 8, 230, System.load(in.readLine()), 2.5
12, 15843, -0.5, 1.0, 0.0, 1.5, 9, 166, lines.add(readLine()).add(), 3.5
12, 15844, -0.5, 1.0, 0.0, 2.0, 13, 241, in.readLine().put(in.readLine()), 4.5
12, 15845, -0.5, 1.0, 0.0, 2.5, 13, 241, in.readLine().put(in.readLine()), 5.5
12, 15846, -0.5, 1.0, 0.0, 3.0, 13, 241, in.readLine().put(in.readLine()), 6.5
12, 15847, -0.5, 1.0, 0.0, 3.5, 13, 241, in.readLine().put(in.readLine()), 7.5
12, 15848, -0.5, 1.0, 0.0, 4.0, 13, 241, in.readLine().put(in.readLine()), 8.5
12, 15849, -0.5, 1.0, 0.0, 4.5, 13, 241, in.readLine().put(in.readLine()), 9.5
12, 15850, -0.5, 1.0, 0.0, 5.0, 13, 241, in.readLine().put(in.readLine()), 10.5
12, 15851, 0.0, 1.0, -5.0, 0.0, 0, 0, lines.add(in.readLine()), 5.0
12, 15852, 0.0, 1.0, -5.0, 0.5, 0, 0, lines.add(in.readLine()), 6.0
12, 15853, 0.0, 1.0, -5.0, 1.0, 0, 0, lines.add(in.readLine()), 7.0
12, 15854, 0.0, 1.0, -5.0, 1.5, 0, 0, lines.add(in.readLine()), 8.0
12, 15855, 0.0, 1.0, -5.0, 2.0, 0, 1, lines.add(in.readLine()), 9.0
12, 15856, 0.0, 1.0, -5.0, 2.5, 0, 1, lines.add(in.readLine()), 10.0
12, 15857, 0.0, 1.0, -5.0, 3.0, 0, 1, lines.add(in.readLine()), 11.0
12, 15858, 0.0, 1.0, -5.0, 3.5, 0, 2, lines.add(in.readLine()), 12.0
12, 15859, 0.0, 1.0, -5.0, 4.0, 0, 3, lines.add(in.readLine()), 13.0
12, 15860, 0.0, 1.0, -5.0, 4.5, 8, 68, System.load(in.readLine()), 2.5
12, 15861, 0.0, 1.0, -5.0, 5.0, 8, 75, System.load(in.readLine()), 3.0
12, 15862, 0.0, 1.0, -4.5, 0.0, 0, 0, lines.add(in.readLine()), 5.0
12, 15863, 0.0, 1.0, -4.5, 0.5, 0, 0, lines.add(in.readLine()), 6.0
12, 15864, 0.0, 1.0, -4.5, 1.0, 0, 0, lines.add(in.readLine()), 7.0
12, 15865, 0.0, 1.0, -4.5, 1.5, 0, 0, lines.add(in.readLine()), 8.0
12, 15866, 0.0, 1.0, -4.5, 2.0, 0, 1, lines.add(in.readLine()), 9.0
12, 15867, 0.0, 1.0, -4.5, 2.5, 0, 1, lines.add(in.readLine()), 10.0
12, 15868, 0.0, 1.0, -4.5, 3.0, 0, 2, lines.add(in.readLine()), 11.0
12, 15869, 0.0, 1.0, -4.5, 3.5, 0, 3, lines.add(in.readLine()), 12.0
12, 15870, 0.0, 1.0, -4.5, 4.0, 8, 68, System.load(in.readLine()), 2.5
12, 15871, 0.0, 1.0, -4.5, 4.5, 8, 75, System.load(in.readLine()), 3.0
12, 15872, 0.0, 1.0, -4.5, 5.0, 8, 89, System.load(in.readLine()), 3.5
12, 15873, 0.0, 1.0, -4.0, 0.0, 0, 0, lines.add(in.readLine()), 5.0
12, 15874, 0.0, 1.0, -4.0, 0.5, 0, 0, lines.add(in.readLine()), 6.0
12, 15875, 0.0, 1.0, -4.0, 1.0, 0, 0, lines.add(in.readLine()), 7.0
12, 15876, 0.0, 1.0, -4.0, 1.5, 0, 1, lines.add(in.readLine()), 8.0
12, 15877, 0.0, 1.0, -4.0, 2.0, 0, 1, lines.add(in.readLine()), 9.0
12, 15878, 0.0, 1.0, -4.0, 2.5, 0, 1, lines.add(in.readLine()), 10.0
12, 15879, 0.0, 1.0, -4.0, 3.0, 0, 2, lines.add(in.readLine()), 11.0
12, 15880, 0.0, 1.0, -4.0, 3.5, 8, 68, System.load(in.readLine()), 2.5
12, 15881, 0.0, 1.0, -4.0, 4.0, 8, 75, System.load(in.readLine()), 3.0
12, 15882, 0.0, 1.0, -4.0, 4.5, 8, 94, System.load(in.readLine()), 3.5
12, 15883, 0.0, 1.0, -4.0, 5.0, 8, 99, System.load(in.readLine()), 4.0
12, 15884, 0.0, 1.0, -3.5, 0.0, 0, 0, lines.add(in.readLine()), 5.0
12, 15885, 0.0, 1.0, -3.5, 0.5, 0, 0, lines.add(in.readLine()), 6.0
12, 15886, 0.0, 1.0, -3.5, 1.0, 0, 0, lines.add(in.readLine()), 7.0
12, 15887, 0.0, 1.0, -3.5, 1.5, 0, 1, lines.add(in.readLine()), 8.0
12, 15888, 0.0, 1.0, -3.5, 2.0, 0, 1, lines.add(in.readLine()), 9.0
12, 15889, 0.0, 1.0, -3.5, 2.5, 0, 2, lines.add(in.readLine()), 10.0
12, 15890, 0.0, 1.0, -3.5, 3.0, 8, 68, System.load(in.readLine()), 2.5
12, 15891, 0.0, 1.0, -3.5, 3.5, 8, 80, System.load(in.readLine()), 3.0
12, 15892, 0.0, 1.0, -3.5, 4.0, 8, 94, System.load(in.readLine()), 3.5
12, 15893, 0.0, 1.0, -3.5, 4.5, 8, 113, System.load(in.readLine()), 0.5
12, 15894, 0.0, 1.0, -3.5, 5.0, 8, 119, System.load(in.readLine()), 1.0
12, 15895, 0.0, 1.0, -3.0, 0.0, 0, 0, lines.add(in.readLine()), 5.0
12, 15896, 0.0, 1.0, -3.0, 0.5, 0, 0, lines.add(in.readLine()), 6.0
12, 15897, 0.0, 1.0, -3.0, 1.0, 0, 0, lines.add(in.readLine()), 7.0
12, 15898, 0.0, 1.0, -3.0, 1.5, 0, 1, lines.add(in.readLine()), 8.0
12, 15899, 0.0, 1.0, -3.0, 2.0, 0, 2, lines.add(in.readLine()), 9.0
12, 15900, 0.0, 1.0, -3.0, 2.5, 8, 73, System.load(in.readLine()), 2.5
12, 15901, 0.0, 1.0, -3.0, 3.0, 8, 80, System.load(in.readLine()), 3.0
12, 15902, 0.0, 1.0, -3.0, 3.5, 8, 108, System.load(in.readLine()), 0.5
12, 15903, 0.0, 1.0, -3.0, 4.0, 8, 113, System.load(in.readLine()), 1.0
12, 15904, 0.0, 1.0, -3.0, 4.5, 8, 130, System.load(in.readLine()), 1.5
12, 15905, 0.0, 1.0, -3.0, 5.0, 8, 135, System.load(in.readLine()), 2.0
12, 15906, 0.0, 1.0, -2.5, 0.0, 0, 0, lines.add(in.readLine()), 5.0
12, 15907, 0.0, 1.0, -2.5, 0.5, 0, 0, lines.add(in.readLine()), 6.0
12, 15908, 0.0, 1.0, -2.5, 1.0, 0, 1, lines.add(in.readLine()), 7.0
12, 15909, 0.0, 1.0, -2.5, 1.5, 0, 0, lines.add(in.readLine()), 8.0
12, 15910, 0.0, 1.0, -2.5, 2.0, 8, 73, System.load(in.readLine()), 2.5
12, 15911, 0.0, 1.0, -2.5, 2.5, 8, 89, System.load(in.readLine()), 0.5
12, 15912, 0.0, 1.0, -2.5, 3.0, 8, 109, System.load(in.readLine()), 1.0
12, 15913, 0.0, 1.0, -2.5, 3.5, 8, 116, System.load(in.readLine()), 1.5
12, 15914, 0.0, 1.0, -2.5, 4.0, 8, 132, System.load(in.readLine()), 2.0
12, 15915, 0.0, 1.0, -2.5, 4.5, 8, 143, System.load(in.readLine()), 2.5
12, 15916, 0.0, 1.0, -2.5, 5.0, 8, 144, System.load(in.readLine()), 3.0
12, 15917, 0.0, 1.0, -2.0, 0.0, 0, 0, lines.add(in.readLine()), 5.0
12, 15918, 0.0, 1.0, -2.0, 0.5, 0, 0, lines.add(in.readLine()), 6.0
12, 15919, 0.0, 1.0, -2.0, 1.0, 0, 0, lines.add(in.readLine()), 7.0
12, 15920, 0.0, 1.0, -2.0, 1.5, 8, 83, System.load(in.readLine()), 0.5
12, 15921, 0.0, 1.0, -2.0, 2.0, 8, 89, System.load(in.readLine()), 1.0
12, 15922, 0.0, 1.0, -2.0, 2.5, 8, 114, System.load(in.readLine()), 1.5
12, 15923, 0.0, 1.0, -2.0, 3.0, 8, 118, System.load(in.readLine()), 2.0
12, 15924, 0.0, 1.0, -2.0, 3.5, 8, 139, System.load(in.readLine()), 2.5
12, 15925, 0.0, 1.0, -2.0, 4.0, 8, 144, System.load(in.readLine()), 3.0
12, 15926, 0.0, 1.0, -2.0, 4.5, 8, 159, System.load(in.readLine()), 3.5
12, 15927, 0.0, 1.0, -2.0, 5.0, 8, 172, System.load(in.readLine()), 4.0
12, 15928, 0.0, 1.0, -1.5, 0.0, 0, 0, lines.add(in.readLine()), 5.0
12, 15929, 0.0, 1.0, -1.5, 0.5, 0, 0, lines.add(in.readLine()), 6.0
12, 15930, 0.0, 1.0, -1.5, 1.0, 8, 70, System.load(in.readLine()), 1.0
12, 15931, 0.0, 1.0, -1.5, 1.5, 8, 97, System.load(in.readLine()), 1.5
12, 15932, 0.0, 1.0, -1.5, 2.0, 8, 111, System.load(in.readLine()), 2.0
12, 15933, 0.0, 1.0, -1.5, 2.5, 8, 125, System.load(in.readLine()), 2.5
12, 15934, 0.0, 1.0, -1.5, 3.0, 8, 143, System.load(in.readLine()), 3.0
12, 15935, 0.0, 1.0, -1.5, 3.5, 8, 158, System.load(in.readLine()), 3.5
12, 15936, 0.0, 1.0, -1.5, 4.0, 8, 179, System.load(in.readLine()), 4.0
12, 15937, 0.0, 1.0, -1.5, 4.5, 8, 191, System.load(in.readLine()), 4.5
12, 15938, 0.0, 1.0, -1.5, 5.0, 8, 195, System.load(in.readLine()), 5.0
12, 15939, 0.0, 1.0, -1.0, 0.0, 0, 0, lines.add(in.readLine()), 5.0
12, 15940, 0.0, 1.0, -1.0, 0.5, 8, 70, System.load(in.readLine()), 1.5
12, 15941, 0.0, 1.0, -1.0, 1.0, 8, 94, System.load(in.readLine()), 2.0
12, 15942, 0.0, 1.0, -1.0, 1.5, 8, 125, System.load(in.readLine()), 2.5
12, 15943, 0.0, 1.0, -1.0, 2.0, 8, 137, System.load(in.readLine()), 3.0
12, 15944, 0.0, 1.0, -1.0, 2.5, 8, 176, System.load(in.readLine()), 3.5
12, 15945, 0.0, 1.0, -1.0, 3.0, 8, 191, System.load(in.readLine()), 4.0
12, 15946, 0.0, 1.0, -1.0, 3.5, 8, 202, System.load(in.readLine()), 4.5
12, 15947, 0.0, 1.0, -1.0, 4.0, 8, 207, System.load(in.readLine()), 5.0
12, 15948, 0.0, 1.0, -1.0, 4.5, 8, 215, System.load(in.readLine()), 5.5
12, 15949, 0.0, 1.0, -1.0, 5.0, 8, 217, System.load(in.readLine()), 6.0
12, 15950, 0.0, 1.0, -0.5, 0.0, 8, 91, System.load(in.readLine()), 2.0
12, 15951, 0.0, 1.0, -0.5, 0.5, 8, 144, System.load(in.readLine()), 2.5
12, 15952, 0.0, 1.0, -0.5, 1.0, 8, 184, System.load(in.readLine()), 3.0
12, 15953, 0.0, 1.0, -0.5, 1.5, 8, 224, System.load(in.readLine()), 3.5
12, 15954, 0.0, 1.0, -0.5, 2.0, 8, 240, System.load(in.readLine()), 4.0
12, 15955, 0.0, 1.0, -0.5, 2.5, 8, 242, System.load(in.readLine()), 4.5
12, 15956, 0.0, 1.0, -0.5, 3.0, 8, 243, System.load(in.readLine()), 5.0
12, 15957, 0.0, 1.0, -0.5, 3.5, 8, 249, System.load(in.readLine()), 5.5
12, 15958, 0.0, 1.0, -0.5, 4.0, 9, 202, lines.add(readLine()).add(), 8.0
12, 15959, 0.0, 1.0, -0.5, 4.5, 9, 202, lines.add(readLine()).add(), 8.5
12, 15960, 0.0, 1.0, -0.5, 5.0, 9, 208, lines.add(readLine()).add(), 9.0
12, 15961, 0.0, 1.0, 0.0, 0.0, 10, 243, lines.add(readLine()).wait(), 4.0
12, 15962, 0.0, 1.0, 0.0, 0.5, 16, 30, lines.add(readLine()).put(in.readLine()), 6.0
12, 15963, 0.0, 1.0, 0.0, 1.0, 16, 34, lines.add(readLine()).put(in.readLine()), 7.0
12, 15964, 0.0, 1.0, 0.0, 1.5, 16, 63, lines.add(readLine()).put(in.readLine()), 8.0
12, 15965, 0.0, 1.0, 0.0, 2.0, 16, 69, lines.add(readLine()).put(in.readLine()), 9.0
12, 15966, 0.0, 1.0, 0.0, 2.5, 16, 73, lines.add(readLine()).put(in.readLine()), 10.0
12, 15967, 0.0, 1.0, 0.0, 3.0, 16, 74, lines.add(readLine()).put(in.readLine()), 11.0
12, 15968, 0.0, 1.0, 0.0, 3.5, 16, 83, lines.add(readLine()).put(in.readLine()), 12.0
12, 15969, 0.0, 1.0, 0.0, 4.0, 16, 83, lines.add(readLine()).put(in.readLine()), 13.0
12, 15970, 0.0, 1.0, 0.0, 4.5, 16, 83, lines.add(readLine()).put(in.readLine()), 14.0
12, 15971, 0.0, 1.0, 0.0, 5.0, 16, 83, lines.add(readLine()).put(in.readLine()), 15.0
