14, 11700, 14, -1.0, 0.0, -0.5, 0.0, input
14, 11701, 0, -1.0, 0.0, -0.5, 0.2, input.toLowerCase()
14, 11702, 0, -1.0, 0.0, -0.5, 0.4, input.toLowerCase()
14, 11703, 0, -1.0, 0.0, -0.5, 0.6000000000000001, input.toLowerCase()
14, 11704, 0, -1.0, 0.0, -0.5, 0.8, input.toLowerCase()
14, 11705, 13, -1.0, 0.0, -0.4, 0.0, toLowerCase().toLowerCase()
14, 11706, 9, -1.0, 0.0, -0.4, 0.2, input.trim()
14, 11707, 0, -1.0, 0.0, -0.4, 0.4, input.toLowerCase()
14, 11708, 9, -1.0, 0.0, -0.4, 0.6000000000000001, input.trim()
14, 11709, 0, -1.0, 0.0, -0.4, 0.8, input.toLowerCase()
14, 11710, 13, -1.0, 0.0, -0.30000000000000004, 0.0, toLowerCase().toLowerCase()
14, 11711, 0, -1.0, 0.0, -0.30000000000000004, 0.2, input.toLowerCase()
14, 11712, 9, -1.0, 0.0, -0.30000000000000004, 0.4, input.trim()
14, 11713, 0, -1.0, 0.0, -0.30000000000000004, 0.6000000000000001, input.toLowerCase()
14, 11714, 0, -1.0, 0.0, -0.30000000000000004, 0.8, input.toLowerCase()
14, 11715, 13, -1.0, 0.0, -0.20000000000000004, 0.0, toLowerCase().toLowerCase()
14, 11716, 0, -1.0, 0.0, -0.20000000000000004, 0.2, input.toLowerCase()
14, 11717, 9, -1.0, 0.0, -0.20000000000000004, 0.4, input.trim()
14, 11718, 0, -1.0, 0.0, -0.20000000000000004, 0.6000000000000001, input.toLowerCase()
14, 11719, 9, -1.0, 0.0, -0.20000000000000004, 0.8, input.trim()
14, 11720, 13, -1.0, 0.0, -0.10000000000000003, 0.0, toLowerCase().toLowerCase()
14, 11721, 0, -1.0, 0.0, -0.10000000000000003, 0.2, input.toLowerCase()
14, 11722, 0, -1.0, 0.0, -0.10000000000000003, 0.4, input.toLowerCase()
14, 11723, 0, -1.0, 0.0, -0.10000000000000003, 0.6000000000000001, input.toLowerCase()
14, 11724, 0, -1.0, 0.0, -0.10000000000000003, 0.8, input.toLowerCase()
14, 11725, 15, -1.0, 0.0, -2.7755575615628914E-17, 0.0, System.setProperty()
14, 11726, 9, -1.0, 0.0, -2.7755575615628914E-17, 0.2, input.trim()
14, 11727, 9, -1.0, 0.0, -2.7755575615628914E-17, 0.4, input.trim()
14, 11728, 9, -1.0, 0.0, -2.7755575615628914E-17, 0.6000000000000001, input.trim()
14, 11729, 9, -1.0, 0.0, -2.7755575615628914E-17, 0.8, input.trim()
14, 11730, 13, -1.0, 0.4, -0.5, 0.0, toLowerCase().toLowerCase()
14, 11731, 13, -1.0, 0.4, -0.5, 0.2, toLowerCase().toLowerCase()
14, 11732, 13, -1.0, 0.4, -0.5, 0.4, toLowerCase().toLowerCase()
14, 11733, 13, -1.0, 0.4, -0.5, 0.6000000000000001, toLowerCase().toLowerCase()
14, 11734, 13, -1.0, 0.4, -0.5, 0.8, toLowerCase().toLowerCase()
14, 11735, 13, -1.0, 0.4, -0.4, 0.0, toLowerCase().toLowerCase()
14, 11736, 13, -1.0, 0.4, -0.4, 0.2, toLowerCase().toLowerCase()
14, 11737, 13, -1.0, 0.4, -0.4, 0.4, toLowerCase().toLowerCase()
14, 11738, 13, -1.0, 0.4, -0.4, 0.6000000000000001, toLowerCase().toLowerCase()
14, 11739, 13, -1.0, 0.4, -0.4, 0.8, toLowerCase().toLowerCase()
14, 11740, 13, -1.0, 0.4, -0.30000000000000004, 0.0, toLowerCase().toLowerCase()
14, 11741, 13, -1.0, 0.4, -0.30000000000000004, 0.2, toLowerCase().toLowerCase()
14, 11742, 13, -1.0, 0.4, -0.30000000000000004, 0.4, toLowerCase().toLowerCase()
14, 11743, 13, -1.0, 0.4, -0.30000000000000004, 0.6000000000000001, toLowerCase().toLowerCase()
14, 11744, 13, -1.0, 0.4, -0.30000000000000004, 0.8, toLowerCase().toLowerCase()
14, 11745, 13, -1.0, 0.4, -0.20000000000000004, 0.0, toLowerCase().toLowerCase()
14, 11746, 13, -1.0, 0.4, -0.20000000000000004, 0.2, toLowerCase().toLowerCase()
14, 11747, 13, -1.0, 0.4, -0.20000000000000004, 0.4, toLowerCase().toLowerCase()
14, 11748, 13, -1.0, 0.4, -0.20000000000000004, 0.6000000000000001, toLowerCase().toLowerCase()
14, 11749, 13, -1.0, 0.4, -0.20000000000000004, 0.8, toLowerCase().toLowerCase()
14, 11750, 13, -1.0, 0.4, -0.10000000000000003, 0.0, toLowerCase().toLowerCase()
14, 11751, 13, -1.0, 0.4, -0.10000000000000003, 0.2, toLowerCase().toLowerCase()
14, 11752, 13, -1.0, 0.4, -0.10000000000000003, 0.4, toLowerCase().toLowerCase()
14, 11753, 13, -1.0, 0.4, -0.10000000000000003, 0.6000000000000001, toLowerCase().toLowerCase()
14, 11754, 13, -1.0, 0.4, -0.10000000000000003, 0.8, toLowerCase().toLowerCase()
14, 11755, 13, -1.0, 0.4, -2.7755575615628914E-17, 0.0, toLowerCase().trim()
14, 11756, 13, -1.0, 0.4, -2.7755575615628914E-17, 0.2, toLowerCase().trim()
14, 11757, 13, -1.0, 0.4, -2.7755575615628914E-17, 0.4, toLowerCase().trim()
14, 11758, 13, -1.0, 0.4, -2.7755575615628914E-17, 0.6000000000000001, toLowerCase().trim()
14, 11759, 13, -1.0, 0.4, -2.7755575615628914E-17, 0.8, toLowerCase().trim()
14, 11760, 13, -1.0, 0.8, -0.5, 0.0, toLowerCase().toLowerCase()
14, 11761, 13, -1.0, 0.8, -0.5, 0.2, toLowerCase().toLowerCase()
14, 11762, 13, -1.0, 0.8, -0.5, 0.4, toLowerCase().toLowerCase()
14, 11763, 13, -1.0, 0.8, -0.5, 0.6000000000000001, toLowerCase().toLowerCase()
14, 11764, 13, -1.0, 0.8, -0.5, 0.8, toLowerCase().toLowerCase()
14, 11765, 13, -1.0, 0.8, -0.4, 0.0, toLowerCase().toLowerCase()
14, 11766, 13, -1.0, 0.8, -0.4, 0.2, toLowerCase().toLowerCase()
14, 11767, 13, -1.0, 0.8, -0.4, 0.4, toLowerCase().toLowerCase()
14, 11768, 13, -1.0, 0.8, -0.4, 0.6000000000000001, toLowerCase().toLowerCase()
14, 11769, 13, -1.0, 0.8, -0.4, 0.8, toLowerCase().toLowerCase()
14, 11770, 13, -1.0, 0.8, -0.30000000000000004, 0.0, toLowerCase().toLowerCase()
14, 11771, 13, -1.0, 0.8, -0.30000000000000004, 0.2, toLowerCase().toLowerCase()
14, 11772, 13, -1.0, 0.8, -0.30000000000000004, 0.4, toLowerCase().toLowerCase()
14, 11773, 13, -1.0, 0.8, -0.30000000000000004, 0.6000000000000001, toLowerCase().toLowerCase()
14, 11774, 13, -1.0, 0.8, -0.30000000000000004, 0.8, toLowerCase().toLowerCase()
14, 11775, 13, -1.0, 0.8, -0.20000000000000004, 0.0, toLowerCase().toLowerCase()
14, 11776, 13, -1.0, 0.8, -0.20000000000000004, 0.2, toLowerCase().toLowerCase()
14, 11777, 13, -1.0, 0.8, -0.20000000000000004, 0.4, toLowerCase().toLowerCase()
14, 11778, 13, -1.0, 0.8, -0.20000000000000004, 0.6000000000000001, toLowerCase().toLowerCase()
14, 11779, 13, -1.0, 0.8, -0.20000000000000004, 0.8, toLowerCase().toLowerCase()
14, 11780, 13, -1.0, 0.8, -0.10000000000000003, 0.0, toLowerCase().toLowerCase()
14, 11781, 13, -1.0, 0.8, -0.10000000000000003, 0.2, toLowerCase().toLowerCase()
14, 11782, 13, -1.0, 0.8, -0.10000000000000003, 0.4, toLowerCase().toLowerCase()
14, 11783, 13, -1.0, 0.8, -0.10000000000000003, 0.6000000000000001, toLowerCase().toLowerCase()
14, 11784, 13, -1.0, 0.8, -0.10000000000000003, 0.8, toLowerCase().toLowerCase()
14, 11785, 13, -1.0, 0.8, -2.7755575615628914E-17, 0.0, toLowerCase().trim()
14, 11786, 13, -1.0, 0.8, -2.7755575615628914E-17, 0.2, toLowerCase().trim()
14, 11787, 13, -1.0, 0.8, -2.7755575615628914E-17, 0.4, toLowerCase().trim()
14, 11788, 13, -1.0, 0.8, -2.7755575615628914E-17, 0.6000000000000001, toLowerCase().trim()
14, 11789, 13, -1.0, 0.8, -2.7755575615628914E-17, 0.8, toLowerCase().trim()
14, 11790, 13, -1.0, 1.2000000000000002, -0.5, 0.0, toLowerCase().toLowerCase()
14, 11791, 13, -1.0, 1.2000000000000002, -0.5, 0.2, toLowerCase().toLowerCase()
14, 11792, 13, -1.0, 1.2000000000000002, -0.5, 0.4, toLowerCase().toLowerCase()
14, 11793, 13, -1.0, 1.2000000000000002, -0.5, 0.6000000000000001, toLowerCase().toLowerCase()
14, 11794, 13, -1.0, 1.2000000000000002, -0.5, 0.8, toLowerCase().toLowerCase()
14, 11795, 13, -1.0, 1.2000000000000002, -0.4, 0.0, toLowerCase().toLowerCase()
14, 11796, 13, -1.0, 1.2000000000000002, -0.4, 0.2, toLowerCase().toLowerCase()
14, 11797, 13, -1.0, 1.2000000000000002, -0.4, 0.4, toLowerCase().toLowerCase()
14, 11798, 13, -1.0, 1.2000000000000002, -0.4, 0.6000000000000001, toLowerCase().toLowerCase()
14, 11799, 13, -1.0, 1.2000000000000002, -0.4, 0.8, toLowerCase().toLowerCase()
14, 11800, 13, -1.0, 1.2000000000000002, -0.30000000000000004, 0.0, toLowerCase().toLowerCase()
14, 11801, 13, -1.0, 1.2000000000000002, -0.30000000000000004, 0.2, toLowerCase().toLowerCase()
14, 11802, 13, -1.0, 1.2000000000000002, -0.30000000000000004, 0.4, toLowerCase().toLowerCase()
14, 11803, 13, -1.0, 1.2000000000000002, -0.30000000000000004, 0.6000000000000001, toLowerCase().toLowerCase()
14, 11804, 13, -1.0, 1.2000000000000002, -0.30000000000000004, 0.8, toLowerCase().toLowerCase()
14, 11805, 13, -1.0, 1.2000000000000002, -0.20000000000000004, 0.0, toLowerCase().toLowerCase()
14, 11806, 13, -1.0, 1.2000000000000002, -0.20000000000000004, 0.2, toLowerCase().toLowerCase()
14, 11807, 13, -1.0, 1.2000000000000002, -0.20000000000000004, 0.4, toLowerCase().toLowerCase()
14, 11808, 13, -1.0, 1.2000000000000002, -0.20000000000000004, 0.6000000000000001, toLowerCase().toLowerCase()
14, 11809, 13, -1.0, 1.2000000000000002, -0.20000000000000004, 0.8, toLowerCase().toLowerCase()
14, 11810, 13, -1.0, 1.2000000000000002, -0.10000000000000003, 0.0, toLowerCase().toLowerCase()
14, 11811, 13, -1.0, 1.2000000000000002, -0.10000000000000003, 0.2, toLowerCase().toLowerCase()
14, 11812, 13, -1.0, 1.2000000000000002, -0.10000000000000003, 0.4, toLowerCase().toLowerCase()
14, 11813, 13, -1.0, 1.2000000000000002, -0.10000000000000003, 0.6000000000000001, toLowerCase().toLowerCase()
14, 11814, 13, -1.0, 1.2000000000000002, -0.10000000000000003, 0.8, toLowerCase().toLowerCase()
14, 11815, 13, -1.0, 1.2000000000000002, -2.7755575615628914E-17, 0.0, toLowerCase().trim()
14, 11816, 13, -1.0, 1.2000000000000002, -2.7755575615628914E-17, 0.2, toLowerCase().trim()
14, 11817, 13, -1.0, 1.2000000000000002, -2.7755575615628914E-17, 0.4, toLowerCase().trim()
14, 11818, 13, -1.0, 1.2000000000000002, -2.7755575615628914E-17, 0.6000000000000001, toLowerCase().trim()
14, 11819, 13, -1.0, 1.2000000000000002, -2.7755575615628914E-17, 0.8, toLowerCase().trim()
14, 11820, 13, -1.0, 1.6, -0.5, 0.0, toLowerCase().toLowerCase()
14, 11821, 13, -1.0, 1.6, -0.5, 0.2, toLowerCase().toLowerCase()
14, 11822, 13, -1.0, 1.6, -0.5, 0.4, toLowerCase().toLowerCase()
14, 11823, 13, -1.0, 1.6, -0.5, 0.6000000000000001, toLowerCase().toLowerCase()
14, 11824, 13, -1.0, 1.6, -0.5, 0.8, toLowerCase().toLowerCase()
14, 11825, 13, -1.0, 1.6, -0.4, 0.0, toLowerCase().toLowerCase()
14, 11826, 13, -1.0, 1.6, -0.4, 0.2, toLowerCase().toLowerCase()
14, 11827, 13, -1.0, 1.6, -0.4, 0.4, toLowerCase().toLowerCase()
14, 11828, 13, -1.0, 1.6, -0.4, 0.6000000000000001, toLowerCase().toLowerCase()
14, 11829, 13, -1.0, 1.6, -0.4, 0.8, toLowerCase().toLowerCase()
14, 11830, 13, -1.0, 1.6, -0.30000000000000004, 0.0, toLowerCase().toLowerCase()
14, 11831, 13, -1.0, 1.6, -0.30000000000000004, 0.2, toLowerCase().toLowerCase()
14, 11832, 13, -1.0, 1.6, -0.30000000000000004, 0.4, toLowerCase().toLowerCase()
14, 11833, 13, -1.0, 1.6, -0.30000000000000004, 0.6000000000000001, toLowerCase().toLowerCase()
14, 11834, 13, -1.0, 1.6, -0.30000000000000004, 0.8, toLowerCase().toLowerCase()
14, 11835, 13, -1.0, 1.6, -0.20000000000000004, 0.0, toLowerCase().toLowerCase()
14, 11836, 13, -1.0, 1.6, -0.20000000000000004, 0.2, toLowerCase().toLowerCase()
14, 11837, 13, -1.0, 1.6, -0.20000000000000004, 0.4, toLowerCase().toLowerCase()
14, 11838, 13, -1.0, 1.6, -0.20000000000000004, 0.6000000000000001, toLowerCase().toLowerCase()
14, 11839, 13, -1.0, 1.6, -0.20000000000000004, 0.8, toLowerCase().toLowerCase()
14, 11840, 13, -1.0, 1.6, -0.10000000000000003, 0.0, toLowerCase().toLowerCase()
14, 11841, 13, -1.0, 1.6, -0.10000000000000003, 0.2, toLowerCase().toLowerCase()
14, 11842, 13, -1.0, 1.6, -0.10000000000000003, 0.4, toLowerCase().toLowerCase()
14, 11843, 13, -1.0, 1.6, -0.10000000000000003, 0.6000000000000001, toLowerCase().toLowerCase()
14, 11844, 13, -1.0, 1.6, -0.10000000000000003, 0.8, toLowerCase().toLowerCase()
14, 11845, 13, -1.0, 1.6, -2.7755575615628914E-17, 0.0, toLowerCase().trim()
14, 11846, 13, -1.0, 1.6, -2.7755575615628914E-17, 0.2, toLowerCase().trim()
14, 11847, 13, -1.0, 1.6, -2.7755575615628914E-17, 0.4, toLowerCase().trim()
14, 11848, 13, -1.0, 1.6, -2.7755575615628914E-17, 0.6000000000000001, toLowerCase().trim()
14, 11849, 13, -1.0, 1.6, -2.7755575615628914E-17, 0.8, toLowerCase().trim()
14, 11850, 13, -0.8, 0.0, -0.5, 0.0, toLowerCase().toLowerCase()
14, 11851, 0, -0.8, 0.0, -0.5, 0.2, input.toLowerCase()
14, 11852, 0, -0.8, 0.0, -0.5, 0.4, input.toLowerCase()
14, 11853, 0, -0.8, 0.0, -0.5, 0.6000000000000001, input.toLowerCase()
14, 11854, 0, -0.8, 0.0, -0.5, 0.8, input.toLowerCase()
14, 11855, 14, -0.8, 0.0, -0.4, 0.0, input
14, 11856, 0, -0.8, 0.0, -0.4, 0.2, input.toLowerCase()
14, 11857, 9, -0.8, 0.0, -0.4, 0.4, input.trim()
14, 11858, 0, -0.8, 0.0, -0.4, 0.6000000000000001, input.toLowerCase()
14, 11859, 0, -0.8, 0.0, -0.4, 0.8, input.toLowerCase()
14, 11860, 13, -0.8, 0.0, -0.30000000000000004, 0.0, toLowerCase().toLowerCase()
14, 11861, 9, -0.8, 0.0, -0.30000000000000004, 0.2, input.trim()
14, 11862, 0, -0.8, 0.0, -0.30000000000000004, 0.4, input.toLowerCase()
14, 11863, 0, -0.8, 0.0, -0.30000000000000004, 0.6000000000000001, input.toLowerCase()
14, 11864, 0, -0.8, 0.0, -0.30000000000000004, 0.8, input.toLowerCase()
14, 11865, 13, -0.8, 0.0, -0.20000000000000004, 0.0, toLowerCase().toLowerCase()
14, 11866, 9, -0.8, 0.0, -0.20000000000000004, 0.2, input.trim()
14, 11867, 9, -0.8, 0.0, -0.20000000000000004, 0.4, input.trim()
14, 11868, 9, -0.8, 0.0, -0.20000000000000004, 0.6000000000000001, input.trim()
14, 11869, 0, -0.8, 0.0, -0.20000000000000004, 0.8, input.toLowerCase()
14, 11870, 13, -0.8, 0.0, -0.10000000000000003, 0.0, toLowerCase().toLowerCase()
14, 11871, 0, -0.8, 0.0, -0.10000000000000003, 0.2, input.toLowerCase()
14, 11872, 9, -0.8, 0.0, -0.10000000000000003, 0.4, input.trim()
14, 11873, 9, -0.8, 0.0, -0.10000000000000003, 0.6000000000000001, input.trim()
14, 11874, 0, -0.8, 0.0, -0.10000000000000003, 0.8, input.toLowerCase()
14, 11875, 15, -0.8, 0.0, -2.7755575615628914E-17, 0.0, System.setProperty()
14, 11876, 9, -0.8, 0.0, -2.7755575615628914E-17, 0.2, input.trim()
14, 11877, 9, -0.8, 0.0, -2.7755575615628914E-17, 0.4, input.trim()
14, 11878, 9, -0.8, 0.0, -2.7755575615628914E-17, 0.6000000000000001, input.trim()
14, 11879, 9, -0.8, 0.0, -2.7755575615628914E-17, 0.8, input.trim()
14, 11880, 13, -0.8, 0.4, -0.5, 0.0, toLowerCase().toLowerCase()
14, 11881, 13, -0.8, 0.4, -0.5, 0.2, toLowerCase().toLowerCase()
14, 11882, 13, -0.8, 0.4, -0.5, 0.4, toLowerCase().toLowerCase()
14, 11883, 13, -0.8, 0.4, -0.5, 0.6000000000000001, toLowerCase().toLowerCase()
14, 11884, 13, -0.8, 0.4, -0.5, 0.8, toLowerCase().toLowerCase()
14, 11885, 13, -0.8, 0.4, -0.4, 0.0, toLowerCase().toLowerCase()
14, 11886, 13, -0.8, 0.4, -0.4, 0.2, toLowerCase().toLowerCase()
14, 11887, 13, -0.8, 0.4, -0.4, 0.4, toLowerCase().toLowerCase()
14, 11888, 13, -0.8, 0.4, -0.4, 0.6000000000000001, toLowerCase().toLowerCase()
14, 11889, 13, -0.8, 0.4, -0.4, 0.8, toLowerCase().toLowerCase()
14, 11890, 13, -0.8, 0.4, -0.30000000000000004, 0.0, toLowerCase().toLowerCase()
14, 11891, 13, -0.8, 0.4, -0.30000000000000004, 0.2, toLowerCase().toLowerCase()
14, 11892, 13, -0.8, 0.4, -0.30000000000000004, 0.4, toLowerCase().toLowerCase()
14, 11893, 13, -0.8, 0.4, -0.30000000000000004, 0.6000000000000001, toLowerCase().toLowerCase()
14, 11894, 13, -0.8, 0.4, -0.30000000000000004, 0.8, toLowerCase().toLowerCase()
14, 11895, 13, -0.8, 0.4, -0.20000000000000004, 0.0, toLowerCase().toLowerCase()
14, 11896, 13, -0.8, 0.4, -0.20000000000000004, 0.2, toLowerCase().toLowerCase()
14, 11897, 13, -0.8, 0.4, -0.20000000000000004, 0.4, toLowerCase().toLowerCase()
14, 11898, 13, -0.8, 0.4, -0.20000000000000004, 0.6000000000000001, toLowerCase().toLowerCase()
14, 11899, 13, -0.8, 0.4, -0.20000000000000004, 0.8, toLowerCase().toLowerCase()
14, 11900, 13, -0.8, 0.4, -0.10000000000000003, 0.0, toLowerCase().toLowerCase()
14, 11901, 13, -0.8, 0.4, -0.10000000000000003, 0.2, toLowerCase().toLowerCase()
14, 11902, 13, -0.8, 0.4, -0.10000000000000003, 0.4, toLowerCase().toLowerCase()
14, 11903, 13, -0.8, 0.4, -0.10000000000000003, 0.6000000000000001, toLowerCase().toLowerCase()
14, 11904, 13, -0.8, 0.4, -0.10000000000000003, 0.8, toLowerCase().toLowerCase()
14, 11905, 13, -0.8, 0.4, -2.7755575615628914E-17, 0.0, toLowerCase().trim()
14, 11906, 13, -0.8, 0.4, -2.7755575615628914E-17, 0.2, toLowerCase().trim()
14, 11907, 13, -0.8, 0.4, -2.7755575615628914E-17, 0.4, toLowerCase().trim()
14, 11908, 13, -0.8, 0.4, -2.7755575615628914E-17, 0.6000000000000001, toLowerCase().trim()
14, 11909, 13, -0.8, 0.4, -2.7755575615628914E-17, 0.8, toLowerCase().trim()
14, 11910, 13, -0.8, 0.8, -0.5, 0.0, toLowerCase().toLowerCase()
14, 11911, 13, -0.8, 0.8, -0.5, 0.2, toLowerCase().toLowerCase()
14, 11912, 13, -0.8, 0.8, -0.5, 0.4, toLowerCase().toLowerCase()
14, 11913, 13, -0.8, 0.8, -0.5, 0.6000000000000001, toLowerCase().toLowerCase()
14, 11914, 13, -0.8, 0.8, -0.5, 0.8, toLowerCase().toLowerCase()
14, 11915, 13, -0.8, 0.8, -0.4, 0.0, toLowerCase().toLowerCase()
14, 11916, 13, -0.8, 0.8, -0.4, 0.2, toLowerCase().toLowerCase()
14, 11917, 13, -0.8, 0.8, -0.4, 0.4, toLowerCase().toLowerCase()
14, 11918, 13, -0.8, 0.8, -0.4, 0.6000000000000001, toLowerCase().toLowerCase()
14, 11919, 13, -0.8, 0.8, -0.4, 0.8, toLowerCase().toLowerCase()
14, 11920, 13, -0.8, 0.8, -0.30000000000000004, 0.0, toLowerCase().toLowerCase()
14, 11921, 13, -0.8, 0.8, -0.30000000000000004, 0.2, toLowerCase().toLowerCase()
14, 11922, 13, -0.8, 0.8, -0.30000000000000004, 0.4, toLowerCase().toLowerCase()
14, 11923, 13, -0.8, 0.8, -0.30000000000000004, 0.6000000000000001, toLowerCase().toLowerCase()
14, 11924, 13, -0.8, 0.8, -0.30000000000000004, 0.8, toLowerCase().toLowerCase()
14, 11925, 13, -0.8, 0.8, -0.20000000000000004, 0.0, toLowerCase().toLowerCase()
14, 11926, 13, -0.8, 0.8, -0.20000000000000004, 0.2, toLowerCase().toLowerCase()
14, 11927, 13, -0.8, 0.8, -0.20000000000000004, 0.4, toLowerCase().toLowerCase()
14, 11928, 13, -0.8, 0.8, -0.20000000000000004, 0.6000000000000001, toLowerCase().toLowerCase()
14, 11929, 13, -0.8, 0.8, -0.20000000000000004, 0.8, toLowerCase().toLowerCase()
14, 11930, 13, -0.8, 0.8, -0.10000000000000003, 0.0, toLowerCase().toLowerCase()
14, 11931, 13, -0.8, 0.8, -0.10000000000000003, 0.2, toLowerCase().toLowerCase()
14, 11932, 13, -0.8, 0.8, -0.10000000000000003, 0.4, toLowerCase().toLowerCase()
14, 11933, 13, -0.8, 0.8, -0.10000000000000003, 0.6000000000000001, toLowerCase().toLowerCase()
14, 11934, 13, -0.8, 0.8, -0.10000000000000003, 0.8, toLowerCase().toLowerCase()
14, 11935, 13, -0.8, 0.8, -2.7755575615628914E-17, 0.0, toLowerCase().trim()
14, 11936, 13, -0.8, 0.8, -2.7755575615628914E-17, 0.2, toLowerCase().trim()
14, 11937, 13, -0.8, 0.8, -2.7755575615628914E-17, 0.4, toLowerCase().trim()
14, 11938, 13, -0.8, 0.8, -2.7755575615628914E-17, 0.6000000000000001, toLowerCase().trim()
14, 11939, 13, -0.8, 0.8, -2.7755575615628914E-17, 0.8, toLowerCase().trim()
14, 11940, 13, -0.8, 1.2000000000000002, -0.5, 0.0, toLowerCase().toLowerCase()
14, 11941, 13, -0.8, 1.2000000000000002, -0.5, 0.2, toLowerCase().toLowerCase()
14, 11942, 13, -0.8, 1.2000000000000002, -0.5, 0.4, toLowerCase().toLowerCase()
14, 11943, 13, -0.8, 1.2000000000000002, -0.5, 0.6000000000000001, toLowerCase().toLowerCase()
14, 11944, 13, -0.8, 1.2000000000000002, -0.5, 0.8, toLowerCase().toLowerCase()
14, 11945, 13, -0.8, 1.2000000000000002, -0.4, 0.0, toLowerCase().toLowerCase()
14, 11946, 13, -0.8, 1.2000000000000002, -0.4, 0.2, toLowerCase().toLowerCase()
14, 11947, 13, -0.8, 1.2000000000000002, -0.4, 0.4, toLowerCase().toLowerCase()
14, 11948, 13, -0.8, 1.2000000000000002, -0.4, 0.6000000000000001, toLowerCase().toLowerCase()
14, 11949, 13, -0.8, 1.2000000000000002, -0.4, 0.8, toLowerCase().toLowerCase()
14, 11950, 13, -0.8, 1.2000000000000002, -0.30000000000000004, 0.0, toLowerCase().toLowerCase()
14, 11951, 13, -0.8, 1.2000000000000002, -0.30000000000000004, 0.2, toLowerCase().toLowerCase()
14, 11952, 13, -0.8, 1.2000000000000002, -0.30000000000000004, 0.4, toLowerCase().toLowerCase()
14, 11953, 13, -0.8, 1.2000000000000002, -0.30000000000000004, 0.6000000000000001, toLowerCase().toLowerCase()
14, 11954, 13, -0.8, 1.2000000000000002, -0.30000000000000004, 0.8, toLowerCase().toLowerCase()
14, 11955, 13, -0.8, 1.2000000000000002, -0.20000000000000004, 0.0, toLowerCase().toLowerCase()
14, 11956, 13, -0.8, 1.2000000000000002, -0.20000000000000004, 0.2, toLowerCase().toLowerCase()
14, 11957, 13, -0.8, 1.2000000000000002, -0.20000000000000004, 0.4, toLowerCase().toLowerCase()
14, 11958, 13, -0.8, 1.2000000000000002, -0.20000000000000004, 0.6000000000000001, toLowerCase().toLowerCase()
14, 11959, 13, -0.8, 1.2000000000000002, -0.20000000000000004, 0.8, toLowerCase().toLowerCase()
14, 11960, 13, -0.8, 1.2000000000000002, -0.10000000000000003, 0.0, toLowerCase().toLowerCase()
14, 11961, 13, -0.8, 1.2000000000000002, -0.10000000000000003, 0.2, toLowerCase().toLowerCase()
14, 11962, 13, -0.8, 1.2000000000000002, -0.10000000000000003, 0.4, toLowerCase().toLowerCase()
14, 11963, 13, -0.8, 1.2000000000000002, -0.10000000000000003, 0.6000000000000001, toLowerCase().toLowerCase()
14, 11964, 13, -0.8, 1.2000000000000002, -0.10000000000000003, 0.8, toLowerCase().toLowerCase()
14, 11965, 13, -0.8, 1.2000000000000002, -2.7755575615628914E-17, 0.0, toLowerCase().trim()
14, 11966, 13, -0.8, 1.2000000000000002, -2.7755575615628914E-17, 0.2, toLowerCase().trim()
14, 11967, 13, -0.8, 1.2000000000000002, -2.7755575615628914E-17, 0.4, toLowerCase().trim()
14, 11968, 13, -0.8, 1.2000000000000002, -2.7755575615628914E-17, 0.6000000000000001, toLowerCase().trim()
14, 11969, 13, -0.8, 1.2000000000000002, -2.7755575615628914E-17, 0.8, toLowerCase().trim()
14, 11970, 13, -0.8, 1.6, -0.5, 0.0, toLowerCase().toLowerCase()
14, 11971, 13, -0.8, 1.6, -0.5, 0.2, toLowerCase().toLowerCase()
14, 11972, 13, -0.8, 1.6, -0.5, 0.4, toLowerCase().toLowerCase()
14, 11973, 13, -0.8, 1.6, -0.5, 0.6000000000000001, toLowerCase().toLowerCase()
14, 11974, 13, -0.8, 1.6, -0.5, 0.8, toLowerCase().toLowerCase()
14, 11975, 13, -0.8, 1.6, -0.4, 0.0, toLowerCase().toLowerCase()
14, 11976, 13, -0.8, 1.6, -0.4, 0.2, toLowerCase().toLowerCase()
14, 11977, 13, -0.8, 1.6, -0.4, 0.4, toLowerCase().toLowerCase()
14, 11978, 13, -0.8, 1.6, -0.4, 0.6000000000000001, toLowerCase().toLowerCase()
14, 11979, 13, -0.8, 1.6, -0.4, 0.8, toLowerCase().toLowerCase()
14, 11980, 13, -0.8, 1.6, -0.30000000000000004, 0.0, toLowerCase().toLowerCase()
14, 11981, 13, -0.8, 1.6, -0.30000000000000004, 0.2, toLowerCase().toLowerCase()
14, 11982, 13, -0.8, 1.6, -0.30000000000000004, 0.4, toLowerCase().toLowerCase()
14, 11983, 13, -0.8, 1.6, -0.30000000000000004, 0.6000000000000001, toLowerCase().toLowerCase()
14, 11984, 13, -0.8, 1.6, -0.30000000000000004, 0.8, toLowerCase().toLowerCase()
14, 11985, 13, -0.8, 1.6, -0.20000000000000004, 0.0, toLowerCase().toLowerCase()
14, 11986, 13, -0.8, 1.6, -0.20000000000000004, 0.2, toLowerCase().toLowerCase()
14, 11987, 13, -0.8, 1.6, -0.20000000000000004, 0.4, toLowerCase().toLowerCase()
14, 11988, 13, -0.8, 1.6, -0.20000000000000004, 0.6000000000000001, toLowerCase().toLowerCase()
14, 11989, 13, -0.8, 1.6, -0.20000000000000004, 0.8, toLowerCase().toLowerCase()
14, 11990, 13, -0.8, 1.6, -0.10000000000000003, 0.0, toLowerCase().toLowerCase()
14, 11991, 13, -0.8, 1.6, -0.10000000000000003, 0.2, toLowerCase().toLowerCase()
14, 11992, 13, -0.8, 1.6, -0.10000000000000003, 0.4, toLowerCase().toLowerCase()
14, 11993, 13, -0.8, 1.6, -0.10000000000000003, 0.6000000000000001, toLowerCase().toLowerCase()
14, 11994, 13, -0.8, 1.6, -0.10000000000000003, 0.8, toLowerCase().toLowerCase()
14, 11995, 13, -0.8, 1.6, -2.7755575615628914E-17, 0.0, toLowerCase().trim()
14, 11996, 13, -0.8, 1.6, -2.7755575615628914E-17, 0.2, toLowerCase().trim()
14, 11997, 13, -0.8, 1.6, -2.7755575615628914E-17, 0.4, toLowerCase().trim()
14, 11998, 13, -0.8, 1.6, -2.7755575615628914E-17, 0.6000000000000001, toLowerCase().trim()
14, 11999, 13, -0.8, 1.6, -2.7755575615628914E-17, 0.8, toLowerCase().trim()
14, 12000, 13, -0.6000000000000001, 0.0, -0.5, 0.0, toLowerCase().toLowerCase()
14, 12001, 0, -0.6000000000000001, 0.0, -0.5, 0.2, input.toLowerCase()
14, 12002, 0, -0.6000000000000001, 0.0, -0.5, 0.4, input.toLowerCase()
14, 12003, 0, -0.6000000000000001, 0.0, -0.5, 0.6000000000000001, input.toLowerCase()
14, 12004, 0, -0.6000000000000001, 0.0, -0.5, 0.8, input.toLowerCase()
14, 12005, 13, -0.6000000000000001, 0.0, -0.4, 0.0, toLowerCase().toLowerCase()
14, 12006, 0, -0.6000000000000001, 0.0, -0.4, 0.2, input.toLowerCase()
14, 12007, 0, -0.6000000000000001, 0.0, -0.4, 0.4, input.toLowerCase()
14, 12008, 0, -0.6000000000000001, 0.0, -0.4, 0.6000000000000001, input.toLowerCase()
14, 12009, 0, -0.6000000000000001, 0.0, -0.4, 0.8, input.toLowerCase()
14, 12010, 14, -0.6000000000000001, 0.0, -0.30000000000000004, 0.0, input
14, 12011, 0, -0.6000000000000001, 0.0, -0.30000000000000004, 0.2, input.toLowerCase()
14, 12012, 0, -0.6000000000000001, 0.0, -0.30000000000000004, 0.4, input.toLowerCase()
14, 12013, 0, -0.6000000000000001, 0.0, -0.30000000000000004, 0.6000000000000001, input.toLowerCase()
14, 12014, 0, -0.6000000000000001, 0.0, -0.30000000000000004, 0.8, input.toLowerCase()
14, 12015, 13, -0.6000000000000001, 0.0, -0.20000000000000004, 0.0, toLowerCase().trim()
14, 12016, 9, -0.6000000000000001, 0.0, -0.20000000000000004, 0.2, input.trim()
14, 12017, 9, -0.6000000000000001, 0.0, -0.20000000000000004, 0.4, input.trim()
14, 12018, 0, -0.6000000000000001, 0.0, -0.20000000000000004, 0.6000000000000001, input.toLowerCase()
14, 12019, 0, -0.6000000000000001, 0.0, -0.20000000000000004, 0.8, input.toLowerCase()
14, 12020, 13, -0.6000000000000001, 0.0, -0.10000000000000003, 0.0, toLowerCase().toLowerCase()
14, 12021, 9, -0.6000000000000001, 0.0, -0.10000000000000003, 0.2, input.trim()
14, 12022, 9, -0.6000000000000001, 0.0, -0.10000000000000003, 0.4, input.trim()
14, 12023, 0, -0.6000000000000001, 0.0, -0.10000000000000003, 0.6000000000000001, input.toLowerCase()
14, 12024, 0, -0.6000000000000001, 0.0, -0.10000000000000003, 0.8, input.toLowerCase()
14, 12025, 15, -0.6000000000000001, 0.0, -2.7755575615628914E-17, 0.0, System.setProperty()
14, 12026, 9, -0.6000000000000001, 0.0, -2.7755575615628914E-17, 0.2, input.trim()
14, 12027, 9, -0.6000000000000001, 0.0, -2.7755575615628914E-17, 0.4, input.trim()
14, 12028, 9, -0.6000000000000001, 0.0, -2.7755575615628914E-17, 0.6000000000000001, input.trim()
14, 12029, 9, -0.6000000000000001, 0.0, -2.7755575615628914E-17, 0.8, input.trim()
14, 12030, 13, -0.6000000000000001, 0.4, -0.5, 0.0, toLowerCase().toLowerCase()
14, 12031, 13, -0.6000000000000001, 0.4, -0.5, 0.2, toLowerCase().toLowerCase()
14, 12032, 13, -0.6000000000000001, 0.4, -0.5, 0.4, toLowerCase().toLowerCase()
14, 12033, 13, -0.6000000000000001, 0.4, -0.5, 0.6000000000000001, toLowerCase().toLowerCase()
14, 12034, 13, -0.6000000000000001, 0.4, -0.5, 0.8, toLowerCase().toLowerCase()
14, 12035, 13, -0.6000000000000001, 0.4, -0.4, 0.0, toLowerCase().toLowerCase()
14, 12036, 13, -0.6000000000000001, 0.4, -0.4, 0.2, toLowerCase().toLowerCase()
14, 12037, 13, -0.6000000000000001, 0.4, -0.4, 0.4, toLowerCase().toLowerCase()
14, 12038, 13, -0.6000000000000001, 0.4, -0.4, 0.6000000000000001, toLowerCase().toLowerCase()
14, 12039, 13, -0.6000000000000001, 0.4, -0.4, 0.8, toLowerCase().toLowerCase()
14, 12040, 13, -0.6000000000000001, 0.4, -0.30000000000000004, 0.0, toLowerCase().toLowerCase()
14, 12041, 13, -0.6000000000000001, 0.4, -0.30000000000000004, 0.2, toLowerCase().toLowerCase()
14, 12042, 13, -0.6000000000000001, 0.4, -0.30000000000000004, 0.4, toLowerCase().toLowerCase()
14, 12043, 13, -0.6000000000000001, 0.4, -0.30000000000000004, 0.6000000000000001, toLowerCase().toLowerCase()
14, 12044, 13, -0.6000000000000001, 0.4, -0.30000000000000004, 0.8, toLowerCase().toLowerCase()
14, 12045, 13, -0.6000000000000001, 0.4, -0.20000000000000004, 0.0, toLowerCase().toLowerCase()
14, 12046, 13, -0.6000000000000001, 0.4, -0.20000000000000004, 0.2, toLowerCase().toLowerCase()
14, 12047, 13, -0.6000000000000001, 0.4, -0.20000000000000004, 0.4, toLowerCase().toLowerCase()
14, 12048, 13, -0.6000000000000001, 0.4, -0.20000000000000004, 0.6000000000000001, toLowerCase().toLowerCase()
14, 12049, 13, -0.6000000000000001, 0.4, -0.20000000000000004, 0.8, toLowerCase().toLowerCase()
14, 12050, 13, -0.6000000000000001, 0.4, -0.10000000000000003, 0.0, toLowerCase().toLowerCase()
14, 12051, 13, -0.6000000000000001, 0.4, -0.10000000000000003, 0.2, toLowerCase().toLowerCase()
14, 12052, 13, -0.6000000000000001, 0.4, -0.10000000000000003, 0.4, toLowerCase().toLowerCase()
14, 12053, 13, -0.6000000000000001, 0.4, -0.10000000000000003, 0.6000000000000001, toLowerCase().toLowerCase()
14, 12054, 13, -0.6000000000000001, 0.4, -0.10000000000000003, 0.8, toLowerCase().toLowerCase()
14, 12055, 13, -0.6000000000000001, 0.4, -2.7755575615628914E-17, 0.0, toLowerCase().toLowerCase()
14, 12056, 13, -0.6000000000000001, 0.4, -2.7755575615628914E-17, 0.2, toLowerCase().toLowerCase()
14, 12057, 13, -0.6000000000000001, 0.4, -2.7755575615628914E-17, 0.4, toLowerCase().toLowerCase()
14, 12058, 13, -0.6000000000000001, 0.4, -2.7755575615628914E-17, 0.6000000000000001, toLowerCase().toLowerCase()
14, 12059, 13, -0.6000000000000001, 0.4, -2.7755575615628914E-17, 0.8, toLowerCase().toLowerCase()
14, 12060, 13, -0.6000000000000001, 0.8, -0.5, 0.0, toLowerCase().toLowerCase()
14, 12061, 13, -0.6000000000000001, 0.8, -0.5, 0.2, toLowerCase().toLowerCase()
14, 12062, 13, -0.6000000000000001, 0.8, -0.5, 0.4, toLowerCase().toLowerCase()
14, 12063, 13, -0.6000000000000001, 0.8, -0.5, 0.6000000000000001, toLowerCase().toLowerCase()
14, 12064, 13, -0.6000000000000001, 0.8, -0.5, 0.8, toLowerCase().toLowerCase()
14, 12065, 13, -0.6000000000000001, 0.8, -0.4, 0.0, toLowerCase().toLowerCase()
14, 12066, 13, -0.6000000000000001, 0.8, -0.4, 0.2, toLowerCase().toLowerCase()
14, 12067, 13, -0.6000000000000001, 0.8, -0.4, 0.4, toLowerCase().toLowerCase()
14, 12068, 13, -0.6000000000000001, 0.8, -0.4, 0.6000000000000001, toLowerCase().toLowerCase()
14, 12069, 13, -0.6000000000000001, 0.8, -0.4, 0.8, toLowerCase().toLowerCase()
14, 12070, 13, -0.6000000000000001, 0.8, -0.30000000000000004, 0.0, toLowerCase().toLowerCase()
14, 12071, 13, -0.6000000000000001, 0.8, -0.30000000000000004, 0.2, toLowerCase().toLowerCase()
14, 12072, 13, -0.6000000000000001, 0.8, -0.30000000000000004, 0.4, toLowerCase().toLowerCase()
14, 12073, 13, -0.6000000000000001, 0.8, -0.30000000000000004, 0.6000000000000001, toLowerCase().toLowerCase()
14, 12074, 13, -0.6000000000000001, 0.8, -0.30000000000000004, 0.8, toLowerCase().toLowerCase()
14, 12075, 13, -0.6000000000000001, 0.8, -0.20000000000000004, 0.0, toLowerCase().toLowerCase()
14, 12076, 13, -0.6000000000000001, 0.8, -0.20000000000000004, 0.2, toLowerCase().toLowerCase()
14, 12077, 13, -0.6000000000000001, 0.8, -0.20000000000000004, 0.4, toLowerCase().toLowerCase()
14, 12078, 13, -0.6000000000000001, 0.8, -0.20000000000000004, 0.6000000000000001, toLowerCase().toLowerCase()
14, 12079, 13, -0.6000000000000001, 0.8, -0.20000000000000004, 0.8, toLowerCase().toLowerCase()
14, 12080, 13, -0.6000000000000001, 0.8, -0.10000000000000003, 0.0, toLowerCase().toLowerCase()
14, 12081, 13, -0.6000000000000001, 0.8, -0.10000000000000003, 0.2, toLowerCase().toLowerCase()
14, 12082, 13, -0.6000000000000001, 0.8, -0.10000000000000003, 0.4, toLowerCase().toLowerCase()
14, 12083, 13, -0.6000000000000001, 0.8, -0.10000000000000003, 0.6000000000000001, toLowerCase().toLowerCase()
14, 12084, 13, -0.6000000000000001, 0.8, -0.10000000000000003, 0.8, toLowerCase().toLowerCase()
14, 12085, 13, -0.6000000000000001, 0.8, -2.7755575615628914E-17, 0.0, toLowerCase().trim()
14, 12086, 13, -0.6000000000000001, 0.8, -2.7755575615628914E-17, 0.2, toLowerCase().trim()
14, 12087, 13, -0.6000000000000001, 0.8, -2.7755575615628914E-17, 0.4, toLowerCase().trim()
14, 12088, 13, -0.6000000000000001, 0.8, -2.7755575615628914E-17, 0.6000000000000001, toLowerCase().trim()
14, 12089, 13, -0.6000000000000001, 0.8, -2.7755575615628914E-17, 0.8, toLowerCase().trim()
14, 12090, 13, -0.6000000000000001, 1.2000000000000002, -0.5, 0.0, toLowerCase().toLowerCase()
14, 12091, 13, -0.6000000000000001, 1.2000000000000002, -0.5, 0.2, toLowerCase().toLowerCase()
14, 12092, 13, -0.6000000000000001, 1.2000000000000002, -0.5, 0.4, toLowerCase().toLowerCase()
14, 12093, 13, -0.6000000000000001, 1.2000000000000002, -0.5, 0.6000000000000001, toLowerCase().toLowerCase()
14, 12094, 13, -0.6000000000000001, 1.2000000000000002, -0.5, 0.8, toLowerCase().toLowerCase()
14, 12095, 13, -0.6000000000000001, 1.2000000000000002, -0.4, 0.0, toLowerCase().toLowerCase()
14, 12096, 13, -0.6000000000000001, 1.2000000000000002, -0.4, 0.2, toLowerCase().toLowerCase()
14, 12097, 13, -0.6000000000000001, 1.2000000000000002, -0.4, 0.4, toLowerCase().toLowerCase()
14, 12098, 13, -0.6000000000000001, 1.2000000000000002, -0.4, 0.6000000000000001, toLowerCase().toLowerCase()
14, 12099, 13, -0.6000000000000001, 1.2000000000000002, -0.4, 0.8, toLowerCase().toLowerCase()
14, 12100, 13, -0.6000000000000001, 1.2000000000000002, -0.30000000000000004, 0.0, toLowerCase().toLowerCase()
14, 12101, 13, -0.6000000000000001, 1.2000000000000002, -0.30000000000000004, 0.2, toLowerCase().toLowerCase()
14, 12102, 13, -0.6000000000000001, 1.2000000000000002, -0.30000000000000004, 0.4, toLowerCase().toLowerCase()
14, 12103, 13, -0.6000000000000001, 1.2000000000000002, -0.30000000000000004, 0.6000000000000001, toLowerCase().toLowerCase()
14, 12104, 13, -0.6000000000000001, 1.2000000000000002, -0.30000000000000004, 0.8, toLowerCase().toLowerCase()
14, 12105, 13, -0.6000000000000001, 1.2000000000000002, -0.20000000000000004, 0.0, toLowerCase().toLowerCase()
14, 12106, 13, -0.6000000000000001, 1.2000000000000002, -0.20000000000000004, 0.2, toLowerCase().toLowerCase()
14, 12107, 13, -0.6000000000000001, 1.2000000000000002, -0.20000000000000004, 0.4, toLowerCase().toLowerCase()
14, 12108, 13, -0.6000000000000001, 1.2000000000000002, -0.20000000000000004, 0.6000000000000001, toLowerCase().toLowerCase()
14, 12109, 13, -0.6000000000000001, 1.2000000000000002, -0.20000000000000004, 0.8, toLowerCase().toLowerCase()
14, 12110, 13, -0.6000000000000001, 1.2000000000000002, -0.10000000000000003, 0.0, toLowerCase().toLowerCase()
14, 12111, 13, -0.6000000000000001, 1.2000000000000002, -0.10000000000000003, 0.2, toLowerCase().toLowerCase()
14, 12112, 13, -0.6000000000000001, 1.2000000000000002, -0.10000000000000003, 0.4, toLowerCase().toLowerCase()
14, 12113, 13, -0.6000000000000001, 1.2000000000000002, -0.10000000000000003, 0.6000000000000001, toLowerCase().toLowerCase()
14, 12114, 13, -0.6000000000000001, 1.2000000000000002, -0.10000000000000003, 0.8, toLowerCase().toLowerCase()
14, 12115, 13, -0.6000000000000001, 1.2000000000000002, -2.7755575615628914E-17, 0.0, toLowerCase().trim()
14, 12116, 13, -0.6000000000000001, 1.2000000000000002, -2.7755575615628914E-17, 0.2, toLowerCase().trim()
14, 12117, 13, -0.6000000000000001, 1.2000000000000002, -2.7755575615628914E-17, 0.4, toLowerCase().trim()
14, 12118, 13, -0.6000000000000001, 1.2000000000000002, -2.7755575615628914E-17, 0.6000000000000001, toLowerCase().trim()
14, 12119, 13, -0.6000000000000001, 1.2000000000000002, -2.7755575615628914E-17, 0.8, toLowerCase().trim()
14, 12120, 13, -0.6000000000000001, 1.6, -0.5, 0.0, toLowerCase().toLowerCase()
14, 12121, 13, -0.6000000000000001, 1.6, -0.5, 0.2, toLowerCase().toLowerCase()
14, 12122, 13, -0.6000000000000001, 1.6, -0.5, 0.4, toLowerCase().toLowerCase()
14, 12123, 13, -0.6000000000000001, 1.6, -0.5, 0.6000000000000001, toLowerCase().toLowerCase()
14, 12124, 13, -0.6000000000000001, 1.6, -0.5, 0.8, toLowerCase().toLowerCase()
14, 12125, 13, -0.6000000000000001, 1.6, -0.4, 0.0, toLowerCase().toLowerCase()
14, 12126, 13, -0.6000000000000001, 1.6, -0.4, 0.2, toLowerCase().toLowerCase()
14, 12127, 13, -0.6000000000000001, 1.6, -0.4, 0.4, toLowerCase().toLowerCase()
14, 12128, 13, -0.6000000000000001, 1.6, -0.4, 0.6000000000000001, toLowerCase().toLowerCase()
14, 12129, 13, -0.6000000000000001, 1.6, -0.4, 0.8, toLowerCase().toLowerCase()
14, 12130, 13, -0.6000000000000001, 1.6, -0.30000000000000004, 0.0, toLowerCase().toLowerCase()
14, 12131, 13, -0.6000000000000001, 1.6, -0.30000000000000004, 0.2, toLowerCase().toLowerCase()
14, 12132, 13, -0.6000000000000001, 1.6, -0.30000000000000004, 0.4, toLowerCase().toLowerCase()
14, 12133, 13, -0.6000000000000001, 1.6, -0.30000000000000004, 0.6000000000000001, toLowerCase().toLowerCase()
14, 12134, 13, -0.6000000000000001, 1.6, -0.30000000000000004, 0.8, toLowerCase().toLowerCase()
14, 12135, 13, -0.6000000000000001, 1.6, -0.20000000000000004, 0.0, toLowerCase().toLowerCase()
14, 12136, 13, -0.6000000000000001, 1.6, -0.20000000000000004, 0.2, toLowerCase().toLowerCase()
14, 12137, 13, -0.6000000000000001, 1.6, -0.20000000000000004, 0.4, toLowerCase().toLowerCase()
14, 12138, 13, -0.6000000000000001, 1.6, -0.20000000000000004, 0.6000000000000001, toLowerCase().toLowerCase()
14, 12139, 13, -0.6000000000000001, 1.6, -0.20000000000000004, 0.8, toLowerCase().toLowerCase()
14, 12140, 13, -0.6000000000000001, 1.6, -0.10000000000000003, 0.0, toLowerCase().toLowerCase()
14, 12141, 13, -0.6000000000000001, 1.6, -0.10000000000000003, 0.2, toLowerCase().toLowerCase()
14, 12142, 13, -0.6000000000000001, 1.6, -0.10000000000000003, 0.4, toLowerCase().toLowerCase()
14, 12143, 13, -0.6000000000000001, 1.6, -0.10000000000000003, 0.6000000000000001, toLowerCase().toLowerCase()
14, 12144, 13, -0.6000000000000001, 1.6, -0.10000000000000003, 0.8, toLowerCase().toLowerCase()
14, 12145, 13, -0.6000000000000001, 1.6, -2.7755575615628914E-17, 0.0, toLowerCase().trim()
14, 12146, 13, -0.6000000000000001, 1.6, -2.7755575615628914E-17, 0.2, toLowerCase().trim()
14, 12147, 13, -0.6000000000000001, 1.6, -2.7755575615628914E-17, 0.4, toLowerCase().trim()
14, 12148, 13, -0.6000000000000001, 1.6, -2.7755575615628914E-17, 0.6000000000000001, toLowerCase().trim()
14, 12149, 13, -0.6000000000000001, 1.6, -2.7755575615628914E-17, 0.8, toLowerCase().trim()
14, 12150, 13, -0.4000000000000001, 0.0, -0.5, 0.0, toLowerCase().toLowerCase()
14, 12151, 0, -0.4000000000000001, 0.0, -0.5, 0.2, input.toLowerCase()
14, 12152, 0, -0.4000000000000001, 0.0, -0.5, 0.4, input.toLowerCase()
14, 12153, 0, -0.4000000000000001, 0.0, -0.5, 0.6000000000000001, input.toLowerCase()
14, 12154, 0, -0.4000000000000001, 0.0, -0.5, 0.8, input.toLowerCase()
14, 12155, 13, -0.4000000000000001, 0.0, -0.4, 0.0, toLowerCase().toLowerCase()
14, 12156, 0, -0.4000000000000001, 0.0, -0.4, 0.2, input.toLowerCase()
14, 12157, 0, -0.4000000000000001, 0.0, -0.4, 0.4, input.toLowerCase()
14, 12158, 0, -0.4000000000000001, 0.0, -0.4, 0.6000000000000001, input.toLowerCase()
14, 12159, 0, -0.4000000000000001, 0.0, -0.4, 0.8, input.toLowerCase()
14, 12160, 13, -0.4000000000000001, 0.0, -0.30000000000000004, 0.0, toLowerCase().toLowerCase()
14, 12161, 0, -0.4000000000000001, 0.0, -0.30000000000000004, 0.2, input.toLowerCase()
14, 12162, 0, -0.4000000000000001, 0.0, -0.30000000000000004, 0.4, input.toLowerCase()
14, 12163, 0, -0.4000000000000001, 0.0, -0.30000000000000004, 0.6000000000000001, input.toLowerCase()
14, 12164, 14, -0.4000000000000001, 0.0, -0.30000000000000004, 0.8, input
14, 12165, 14, -0.4000000000000001, 0.0, -0.20000000000000004, 0.0, input
14, 12166, 9, -0.4000000000000001, 0.0, -0.20000000000000004, 0.2, input.trim()
14, 12167, 0, -0.4000000000000001, 0.0, -0.20000000000000004, 0.4, input.toLowerCase()
14, 12168, 0, -0.4000000000000001, 0.0, -0.20000000000000004, 0.6000000000000001, input.toLowerCase()
14, 12169, 14, -0.4000000000000001, 0.0, -0.20000000000000004, 0.8, input
14, 12170, 13, -0.4000000000000001, 0.0, -0.10000000000000003, 0.0, toLowerCase().toLowerCase()
14, 12171, 9, -0.4000000000000001, 0.0, -0.10000000000000003, 0.2, input.trim()
14, 12172, 0, -0.4000000000000001, 0.0, -0.10000000000000003, 0.4, input.toLowerCase()
14, 12173, 0, -0.4000000000000001, 0.0, -0.10000000000000003, 0.6000000000000001, input.toLowerCase()
14, 12174, 14, -0.4000000000000001, 0.0, -0.10000000000000003, 0.8, input
14, 12175, 13, -0.4000000000000001, 0.0, -2.7755575615628914E-17, 0.0, toLowerCase().trim()
14, 12176, 9, -0.4000000000000001, 0.0, -2.7755575615628914E-17, 0.2, input.trim()
14, 12177, 9, -0.4000000000000001, 0.0, -2.7755575615628914E-17, 0.4, input.trim()
14, 12178, 9, -0.4000000000000001, 0.0, -2.7755575615628914E-17, 0.6000000000000001, input.trim()
14, 12179, 14, -0.4000000000000001, 0.0, -2.7755575615628914E-17, 0.8, input
14, 12180, 13, -0.4000000000000001, 0.4, -0.5, 0.0, toLowerCase().toLowerCase()
14, 12181, 13, -0.4000000000000001, 0.4, -0.5, 0.2, toLowerCase().toLowerCase()
14, 12182, 13, -0.4000000000000001, 0.4, -0.5, 0.4, toLowerCase().toLowerCase()
14, 12183, 13, -0.4000000000000001, 0.4, -0.5, 0.6000000000000001, toLowerCase().toLowerCase()
14, 12184, 13, -0.4000000000000001, 0.4, -0.5, 0.8, toLowerCase().toLowerCase()
14, 12185, 13, -0.4000000000000001, 0.4, -0.4, 0.0, toLowerCase().toLowerCase()
14, 12186, 13, -0.4000000000000001, 0.4, -0.4, 0.2, toLowerCase().toLowerCase()
14, 12187, 13, -0.4000000000000001, 0.4, -0.4, 0.4, toLowerCase().toLowerCase()
14, 12188, 13, -0.4000000000000001, 0.4, -0.4, 0.6000000000000001, toLowerCase().toLowerCase()
14, 12189, 13, -0.4000000000000001, 0.4, -0.4, 0.8, toLowerCase().toLowerCase()
14, 12190, 13, -0.4000000000000001, 0.4, -0.30000000000000004, 0.0, toLowerCase().toLowerCase()
14, 12191, 13, -0.4000000000000001, 0.4, -0.30000000000000004, 0.2, toLowerCase().toLowerCase()
14, 12192, 13, -0.4000000000000001, 0.4, -0.30000000000000004, 0.4, toLowerCase().toLowerCase()
14, 12193, 13, -0.4000000000000001, 0.4, -0.30000000000000004, 0.6000000000000001, toLowerCase().toLowerCase()
14, 12194, 13, -0.4000000000000001, 0.4, -0.30000000000000004, 0.8, toLowerCase().toLowerCase()
14, 12195, 13, -0.4000000000000001, 0.4, -0.20000000000000004, 0.0, toLowerCase().toLowerCase()
14, 12196, 13, -0.4000000000000001, 0.4, -0.20000000000000004, 0.2, toLowerCase().toLowerCase()
14, 12197, 13, -0.4000000000000001, 0.4, -0.20000000000000004, 0.4, toLowerCase().toLowerCase()
14, 12198, 13, -0.4000000000000001, 0.4, -0.20000000000000004, 0.6000000000000001, toLowerCase().toLowerCase()
14, 12199, 13, -0.4000000000000001, 0.4, -0.20000000000000004, 0.8, toLowerCase().toLowerCase()
14, 12200, 13, -0.4000000000000001, 0.4, -0.10000000000000003, 0.0, toLowerCase().toLowerCase()
14, 12201, 13, -0.4000000000000001, 0.4, -0.10000000000000003, 0.2, toLowerCase().toLowerCase()
14, 12202, 13, -0.4000000000000001, 0.4, -0.10000000000000003, 0.4, toLowerCase().toLowerCase()
14, 12203, 13, -0.4000000000000001, 0.4, -0.10000000000000003, 0.6000000000000001, toLowerCase().toLowerCase()
14, 12204, 13, -0.4000000000000001, 0.4, -0.10000000000000003, 0.8, toLowerCase().toLowerCase()
14, 12205, 13, -0.4000000000000001, 0.4, -2.7755575615628914E-17, 0.0, toLowerCase().trim()
14, 12206, 13, -0.4000000000000001, 0.4, -2.7755575615628914E-17, 0.2, toLowerCase().trim()
14, 12207, 13, -0.4000000000000001, 0.4, -2.7755575615628914E-17, 0.4, toLowerCase().trim()
14, 12208, 13, -0.4000000000000001, 0.4, -2.7755575615628914E-17, 0.6000000000000001, toLowerCase().trim()
14, 12209, 13, -0.4000000000000001, 0.4, -2.7755575615628914E-17, 0.8, toLowerCase().trim()
14, 12210, 13, -0.4000000000000001, 0.8, -0.5, 0.0, toLowerCase().toLowerCase()
14, 12211, 13, -0.4000000000000001, 0.8, -0.5, 0.2, toLowerCase().toLowerCase()
14, 12212, 13, -0.4000000000000001, 0.8, -0.5, 0.4, toLowerCase().toLowerCase()
14, 12213, 13, -0.4000000000000001, 0.8, -0.5, 0.6000000000000001, toLowerCase().toLowerCase()
14, 12214, 13, -0.4000000000000001, 0.8, -0.5, 0.8, toLowerCase().toLowerCase()
14, 12215, 13, -0.4000000000000001, 0.8, -0.4, 0.0, toLowerCase().toLowerCase()
14, 12216, 13, -0.4000000000000001, 0.8, -0.4, 0.2, toLowerCase().toLowerCase()
14, 12217, 13, -0.4000000000000001, 0.8, -0.4, 0.4, toLowerCase().toLowerCase()
14, 12218, 13, -0.4000000000000001, 0.8, -0.4, 0.6000000000000001, toLowerCase().toLowerCase()
14, 12219, 13, -0.4000000000000001, 0.8, -0.4, 0.8, toLowerCase().toLowerCase()
14, 12220, 13, -0.4000000000000001, 0.8, -0.30000000000000004, 0.0, toLowerCase().toLowerCase()
14, 12221, 13, -0.4000000000000001, 0.8, -0.30000000000000004, 0.2, toLowerCase().toLowerCase()
14, 12222, 13, -0.4000000000000001, 0.8, -0.30000000000000004, 0.4, toLowerCase().toLowerCase()
14, 12223, 13, -0.4000000000000001, 0.8, -0.30000000000000004, 0.6000000000000001, toLowerCase().toLowerCase()
14, 12224, 13, -0.4000000000000001, 0.8, -0.30000000000000004, 0.8, toLowerCase().toLowerCase()
14, 12225, 13, -0.4000000000000001, 0.8, -0.20000000000000004, 0.0, toLowerCase().toLowerCase()
14, 12226, 13, -0.4000000000000001, 0.8, -0.20000000000000004, 0.2, toLowerCase().toLowerCase()
14, 12227, 13, -0.4000000000000001, 0.8, -0.20000000000000004, 0.4, toLowerCase().toLowerCase()
14, 12228, 13, -0.4000000000000001, 0.8, -0.20000000000000004, 0.6000000000000001, toLowerCase().toLowerCase()
14, 12229, 13, -0.4000000000000001, 0.8, -0.20000000000000004, 0.8, toLowerCase().toLowerCase()
14, 12230, 13, -0.4000000000000001, 0.8, -0.10000000000000003, 0.0, toLowerCase().toLowerCase()
14, 12231, 13, -0.4000000000000001, 0.8, -0.10000000000000003, 0.2, toLowerCase().toLowerCase()
14, 12232, 13, -0.4000000000000001, 0.8, -0.10000000000000003, 0.4, toLowerCase().toLowerCase()
14, 12233, 13, -0.4000000000000001, 0.8, -0.10000000000000003, 0.6000000000000001, toLowerCase().toLowerCase()
14, 12234, 13, -0.4000000000000001, 0.8, -0.10000000000000003, 0.8, toLowerCase().toLowerCase()
14, 12235, 13, -0.4000000000000001, 0.8, -2.7755575615628914E-17, 0.0, toLowerCase().trim()
14, 12236, 13, -0.4000000000000001, 0.8, -2.7755575615628914E-17, 0.2, toLowerCase().trim()
14, 12237, 13, -0.4000000000000001, 0.8, -2.7755575615628914E-17, 0.4, toLowerCase().trim()
14, 12238, 13, -0.4000000000000001, 0.8, -2.7755575615628914E-17, 0.6000000000000001, toLowerCase().trim()
14, 12239, 13, -0.4000000000000001, 0.8, -2.7755575615628914E-17, 0.8, toLowerCase().trim()
14, 12240, 13, -0.4000000000000001, 1.2000000000000002, -0.5, 0.0, toLowerCase().toLowerCase()
14, 12241, 13, -0.4000000000000001, 1.2000000000000002, -0.5, 0.2, toLowerCase().toLowerCase()
14, 12242, 13, -0.4000000000000001, 1.2000000000000002, -0.5, 0.4, toLowerCase().toLowerCase()
14, 12243, 13, -0.4000000000000001, 1.2000000000000002, -0.5, 0.6000000000000001, toLowerCase().toLowerCase()
14, 12244, 13, -0.4000000000000001, 1.2000000000000002, -0.5, 0.8, toLowerCase().toLowerCase()
14, 12245, 13, -0.4000000000000001, 1.2000000000000002, -0.4, 0.0, toLowerCase().toLowerCase()
14, 12246, 13, -0.4000000000000001, 1.2000000000000002, -0.4, 0.2, toLowerCase().toLowerCase()
14, 12247, 13, -0.4000000000000001, 1.2000000000000002, -0.4, 0.4, toLowerCase().toLowerCase()
14, 12248, 13, -0.4000000000000001, 1.2000000000000002, -0.4, 0.6000000000000001, toLowerCase().toLowerCase()
14, 12249, 13, -0.4000000000000001, 1.2000000000000002, -0.4, 0.8, toLowerCase().toLowerCase()
14, 12250, 13, -0.4000000000000001, 1.2000000000000002, -0.30000000000000004, 0.0, toLowerCase().toLowerCase()
14, 12251, 13, -0.4000000000000001, 1.2000000000000002, -0.30000000000000004, 0.2, toLowerCase().toLowerCase()
14, 12252, 13, -0.4000000000000001, 1.2000000000000002, -0.30000000000000004, 0.4, toLowerCase().toLowerCase()
14, 12253, 13, -0.4000000000000001, 1.2000000000000002, -0.30000000000000004, 0.6000000000000001, toLowerCase().toLowerCase()
14, 12254, 13, -0.4000000000000001, 1.2000000000000002, -0.30000000000000004, 0.8, toLowerCase().toLowerCase()
14, 12255, 13, -0.4000000000000001, 1.2000000000000002, -0.20000000000000004, 0.0, toLowerCase().toLowerCase()
14, 12256, 13, -0.4000000000000001, 1.2000000000000002, -0.20000000000000004, 0.2, toLowerCase().toLowerCase()
14, 12257, 13, -0.4000000000000001, 1.2000000000000002, -0.20000000000000004, 0.4, toLowerCase().toLowerCase()
14, 12258, 13, -0.4000000000000001, 1.2000000000000002, -0.20000000000000004, 0.6000000000000001, toLowerCase().toLowerCase()
14, 12259, 13, -0.4000000000000001, 1.2000000000000002, -0.20000000000000004, 0.8, toLowerCase().toLowerCase()
14, 12260, 13, -0.4000000000000001, 1.2000000000000002, -0.10000000000000003, 0.0, toLowerCase().toLowerCase()
14, 12261, 13, -0.4000000000000001, 1.2000000000000002, -0.10000000000000003, 0.2, toLowerCase().toLowerCase()
14, 12262, 13, -0.4000000000000001, 1.2000000000000002, -0.10000000000000003, 0.4, toLowerCase().toLowerCase()
14, 12263, 13, -0.4000000000000001, 1.2000000000000002, -0.10000000000000003, 0.6000000000000001, toLowerCase().toLowerCase()
14, 12264, 13, -0.4000000000000001, 1.2000000000000002, -0.10000000000000003, 0.8, toLowerCase().toLowerCase()
14, 12265, 13, -0.4000000000000001, 1.2000000000000002, -2.7755575615628914E-17, 0.0, toLowerCase().trim()
14, 12266, 13, -0.4000000000000001, 1.2000000000000002, -2.7755575615628914E-17, 0.2, toLowerCase().trim()
14, 12267, 13, -0.4000000000000001, 1.2000000000000002, -2.7755575615628914E-17, 0.4, toLowerCase().trim()
14, 12268, 13, -0.4000000000000001, 1.2000000000000002, -2.7755575615628914E-17, 0.6000000000000001, toLowerCase().trim()
14, 12269, 13, -0.4000000000000001, 1.2000000000000002, -2.7755575615628914E-17, 0.8, toLowerCase().trim()
14, 12270, 13, -0.4000000000000001, 1.6, -0.5, 0.0, toLowerCase().toLowerCase()
14, 12271, 13, -0.4000000000000001, 1.6, -0.5, 0.2, toLowerCase().toLowerCase()
14, 12272, 13, -0.4000000000000001, 1.6, -0.5, 0.4, toLowerCase().toLowerCase()
14, 12273, 13, -0.4000000000000001, 1.6, -0.5, 0.6000000000000001, toLowerCase().toLowerCase()
14, 12274, 13, -0.4000000000000001, 1.6, -0.5, 0.8, toLowerCase().toLowerCase()
14, 12275, 13, -0.4000000000000001, 1.6, -0.4, 0.0, toLowerCase().toLowerCase()
14, 12276, 13, -0.4000000000000001, 1.6, -0.4, 0.2, toLowerCase().toLowerCase()
14, 12277, 13, -0.4000000000000001, 1.6, -0.4, 0.4, toLowerCase().toLowerCase()
14, 12278, 13, -0.4000000000000001, 1.6, -0.4, 0.6000000000000001, toLowerCase().toLowerCase()
14, 12279, 13, -0.4000000000000001, 1.6, -0.4, 0.8, toLowerCase().toLowerCase()
14, 12280, 13, -0.4000000000000001, 1.6, -0.30000000000000004, 0.0, toLowerCase().toLowerCase()
14, 12281, 13, -0.4000000000000001, 1.6, -0.30000000000000004, 0.2, toLowerCase().toLowerCase()
14, 12282, 13, -0.4000000000000001, 1.6, -0.30000000000000004, 0.4, toLowerCase().toLowerCase()
14, 12283, 13, -0.4000000000000001, 1.6, -0.30000000000000004, 0.6000000000000001, toLowerCase().toLowerCase()
14, 12284, 13, -0.4000000000000001, 1.6, -0.30000000000000004, 0.8, toLowerCase().toLowerCase()
14, 12285, 13, -0.4000000000000001, 1.6, -0.20000000000000004, 0.0, toLowerCase().toLowerCase()
14, 12286, 13, -0.4000000000000001, 1.6, -0.20000000000000004, 0.2, toLowerCase().toLowerCase()
14, 12287, 13, -0.4000000000000001, 1.6, -0.20000000000000004, 0.4, toLowerCase().toLowerCase()
14, 12288, 13, -0.4000000000000001, 1.6, -0.20000000000000004, 0.6000000000000001, toLowerCase().toLowerCase()
14, 12289, 13, -0.4000000000000001, 1.6, -0.20000000000000004, 0.8, toLowerCase().toLowerCase()
14, 12290, 13, -0.4000000000000001, 1.6, -0.10000000000000003, 0.0, toLowerCase().toLowerCase()
14, 12291, 13, -0.4000000000000001, 1.6, -0.10000000000000003, 0.2, toLowerCase().toLowerCase()
14, 12292, 13, -0.4000000000000001, 1.6, -0.10000000000000003, 0.4, toLowerCase().toLowerCase()
14, 12293, 13, -0.4000000000000001, 1.6, -0.10000000000000003, 0.6000000000000001, toLowerCase().toLowerCase()
14, 12294, 13, -0.4000000000000001, 1.6, -0.10000000000000003, 0.8, toLowerCase().toLowerCase()
14, 12295, 13, -0.4000000000000001, 1.6, -2.7755575615628914E-17, 0.0, toLowerCase().trim()
14, 12296, 13, -0.4000000000000001, 1.6, -2.7755575615628914E-17, 0.2, toLowerCase().trim()
14, 12297, 13, -0.4000000000000001, 1.6, -2.7755575615628914E-17, 0.4, toLowerCase().trim()
14, 12298, 13, -0.4000000000000001, 1.6, -2.7755575615628914E-17, 0.6000000000000001, toLowerCase().trim()
14, 12299, 13, -0.4000000000000001, 1.6, -2.7755575615628914E-17, 0.8, toLowerCase().trim()
14, 12300, 13, -0.20000000000000007, 0.0, -0.5, 0.0, toLowerCase().toLowerCase()
14, 12301, 0, -0.20000000000000007, 0.0, -0.5, 0.2, input.toLowerCase()
14, 12302, 0, -0.20000000000000007, 0.0, -0.5, 0.4, input.toLowerCase()
14, 12303, 14, -0.20000000000000007, 0.0, -0.5, 0.6000000000000001, input
14, 12304, 13, -0.20000000000000007, 0.0, -0.5, 0.8, input.wait().toString()
14, 12305, 13, -0.20000000000000007, 0.0, -0.4, 0.0, toLowerCase().toLowerCase()
14, 12306, 0, -0.20000000000000007, 0.0, -0.4, 0.2, input.toLowerCase()
14, 12307, 0, -0.20000000000000007, 0.0, -0.4, 0.4, input.toLowerCase()
14, 12308, 14, -0.20000000000000007, 0.0, -0.4, 0.6000000000000001, input
14, 12309, 13, -0.20000000000000007, 0.0, -0.4, 0.8, input.wait().toString()
14, 12310, 13, -0.20000000000000007, 0.0, -0.30000000000000004, 0.0, toLowerCase().toLowerCase()
14, 12311, 0, -0.20000000000000007, 0.0, -0.30000000000000004, 0.2, input.toLowerCase()
14, 12312, 0, -0.20000000000000007, 0.0, -0.30000000000000004, 0.4, input.toLowerCase()
14, 12313, 13, -0.20000000000000007, 0.0, -0.30000000000000004, 0.6000000000000001, input.wait().toString()
14, 12314, 13, -0.20000000000000007, 0.0, -0.30000000000000004, 0.8, input.wait().toString()
14, 12315, 13, -0.20000000000000007, 0.0, -0.20000000000000004, 0.0, toLowerCase().trim()
14, 12316, 0, -0.20000000000000007, 0.0, -0.20000000000000004, 0.2, input.toLowerCase()
14, 12317, 0, -0.20000000000000007, 0.0, -0.20000000000000004, 0.4, input.toLowerCase()
14, 12318, 14, -0.20000000000000007, 0.0, -0.20000000000000004, 0.6000000000000001, input
14, 12319, 14, -0.20000000000000007, 0.0, -0.20000000000000004, 0.8, input
14, 12320, 14, -0.20000000000000007, 0.0, -0.10000000000000003, 0.0, input
14, 12321, 0, -0.20000000000000007, 0.0, -0.10000000000000003, 0.2, input.toLowerCase()
14, 12322, 14, -0.20000000000000007, 0.0, -0.10000000000000003, 0.4, input
14, 12323, 13, -0.20000000000000007, 0.0, -0.10000000000000003, 0.6000000000000001, input.wait().toString()
14, 12324, 13, -0.20000000000000007, 0.0, -0.10000000000000003, 0.8, input.wait().toString()
14, 12325, 13, -0.20000000000000007, 0.0, -2.7755575615628914E-17, 0.0, toLowerCase().trim()
14, 12326, 9, -0.20000000000000007, 0.0, -2.7755575615628914E-17, 0.2, input.trim()
14, 12327, 14, -0.20000000000000007, 0.0, -2.7755575615628914E-17, 0.4, input
14, 12328, 14, -0.20000000000000007, 0.0, -2.7755575615628914E-17, 0.6000000000000001, input
14, 12329, 14, -0.20000000000000007, 0.0, -2.7755575615628914E-17, 0.8, input
14, 12330, 13, -0.20000000000000007, 0.4, -0.5, 0.0, toLowerCase().toLowerCase()
14, 12331, 13, -0.20000000000000007, 0.4, -0.5, 0.2, toLowerCase().toLowerCase()
14, 12332, 13, -0.20000000000000007, 0.4, -0.5, 0.4, toLowerCase().toLowerCase()
14, 12333, 13, -0.20000000000000007, 0.4, -0.5, 0.6000000000000001, toLowerCase().toLowerCase()
14, 12334, 13, -0.20000000000000007, 0.4, -0.5, 0.8, toLowerCase().toLowerCase()
14, 12335, 13, -0.20000000000000007, 0.4, -0.4, 0.0, toLowerCase().toLowerCase()
14, 12336, 13, -0.20000000000000007, 0.4, -0.4, 0.2, toLowerCase().toLowerCase()
14, 12337, 13, -0.20000000000000007, 0.4, -0.4, 0.4, toLowerCase().toLowerCase()
14, 12338, 13, -0.20000000000000007, 0.4, -0.4, 0.6000000000000001, toLowerCase().toLowerCase()
14, 12339, 13, -0.20000000000000007, 0.4, -0.4, 0.8, toLowerCase().toLowerCase()
14, 12340, 13, -0.20000000000000007, 0.4, -0.30000000000000004, 0.0, toLowerCase().toLowerCase()
14, 12341, 13, -0.20000000000000007, 0.4, -0.30000000000000004, 0.2, toLowerCase().toLowerCase()
14, 12342, 13, -0.20000000000000007, 0.4, -0.30000000000000004, 0.4, toLowerCase().toLowerCase()
14, 12343, 13, -0.20000000000000007, 0.4, -0.30000000000000004, 0.6000000000000001, toLowerCase().toLowerCase()
14, 12344, 13, -0.20000000000000007, 0.4, -0.30000000000000004, 0.8, toLowerCase().toLowerCase()
14, 12345, 13, -0.20000000000000007, 0.4, -0.20000000000000004, 0.0, toLowerCase().toLowerCase()
14, 12346, 13, -0.20000000000000007, 0.4, -0.20000000000000004, 0.2, toLowerCase().toLowerCase()
14, 12347, 13, -0.20000000000000007, 0.4, -0.20000000000000004, 0.4, toLowerCase().toLowerCase()
14, 12348, 13, -0.20000000000000007, 0.4, -0.20000000000000004, 0.6000000000000001, toLowerCase().toLowerCase()
14, 12349, 13, -0.20000000000000007, 0.4, -0.20000000000000004, 0.8, toLowerCase().toLowerCase()
14, 12350, 13, -0.20000000000000007, 0.4, -0.10000000000000003, 0.0, toLowerCase().toLowerCase()
14, 12351, 13, -0.20000000000000007, 0.4, -0.10000000000000003, 0.2, toLowerCase().toLowerCase()
14, 12352, 13, -0.20000000000000007, 0.4, -0.10000000000000003, 0.4, toLowerCase().toLowerCase()
14, 12353, 13, -0.20000000000000007, 0.4, -0.10000000000000003, 0.6000000000000001, toLowerCase().toLowerCase()
14, 12354, 13, -0.20000000000000007, 0.4, -0.10000000000000003, 0.8, toLowerCase().toLowerCase()
14, 12355, 13, -0.20000000000000007, 0.4, -2.7755575615628914E-17, 0.0, toLowerCase().trim()
14, 12356, 13, -0.20000000000000007, 0.4, -2.7755575615628914E-17, 0.2, toLowerCase().trim()
14, 12357, 13, -0.20000000000000007, 0.4, -2.7755575615628914E-17, 0.4, toLowerCase().trim()
14, 12358, 13, -0.20000000000000007, 0.4, -2.7755575615628914E-17, 0.6000000000000001, toLowerCase().trim()
14, 12359, 13, -0.20000000000000007, 0.4, -2.7755575615628914E-17, 0.8, toLowerCase().trim()
14, 12360, 13, -0.20000000000000007, 0.8, -0.5, 0.0, toLowerCase().toLowerCase()
14, 12361, 13, -0.20000000000000007, 0.8, -0.5, 0.2, toLowerCase().toLowerCase()
14, 12362, 13, -0.20000000000000007, 0.8, -0.5, 0.4, toLowerCase().toLowerCase()
14, 12363, 13, -0.20000000000000007, 0.8, -0.5, 0.6000000000000001, toLowerCase().toLowerCase()
14, 12364, 13, -0.20000000000000007, 0.8, -0.5, 0.8, toLowerCase().toLowerCase()
14, 12365, 13, -0.20000000000000007, 0.8, -0.4, 0.0, toLowerCase().toLowerCase()
14, 12366, 13, -0.20000000000000007, 0.8, -0.4, 0.2, toLowerCase().toLowerCase()
14, 12367, 13, -0.20000000000000007, 0.8, -0.4, 0.4, toLowerCase().toLowerCase()
14, 12368, 13, -0.20000000000000007, 0.8, -0.4, 0.6000000000000001, toLowerCase().toLowerCase()
14, 12369, 13, -0.20000000000000007, 0.8, -0.4, 0.8, toLowerCase().toLowerCase()
14, 12370, 13, -0.20000000000000007, 0.8, -0.30000000000000004, 0.0, toLowerCase().toLowerCase()
14, 12371, 13, -0.20000000000000007, 0.8, -0.30000000000000004, 0.2, toLowerCase().toLowerCase()
14, 12372, 13, -0.20000000000000007, 0.8, -0.30000000000000004, 0.4, toLowerCase().toLowerCase()
14, 12373, 13, -0.20000000000000007, 0.8, -0.30000000000000004, 0.6000000000000001, toLowerCase().toLowerCase()
14, 12374, 13, -0.20000000000000007, 0.8, -0.30000000000000004, 0.8, toLowerCase().toLowerCase()
14, 12375, 13, -0.20000000000000007, 0.8, -0.20000000000000004, 0.0, toLowerCase().toLowerCase()
14, 12376, 13, -0.20000000000000007, 0.8, -0.20000000000000004, 0.2, toLowerCase().toLowerCase()
14, 12377, 13, -0.20000000000000007, 0.8, -0.20000000000000004, 0.4, toLowerCase().toLowerCase()
14, 12378, 13, -0.20000000000000007, 0.8, -0.20000000000000004, 0.6000000000000001, toLowerCase().toLowerCase()
14, 12379, 13, -0.20000000000000007, 0.8, -0.20000000000000004, 0.8, toLowerCase().toLowerCase()
14, 12380, 13, -0.20000000000000007, 0.8, -0.10000000000000003, 0.0, toLowerCase().toLowerCase()
14, 12381, 13, -0.20000000000000007, 0.8, -0.10000000000000003, 0.2, toLowerCase().toLowerCase()
14, 12382, 13, -0.20000000000000007, 0.8, -0.10000000000000003, 0.4, toLowerCase().toLowerCase()
14, 12383, 13, -0.20000000000000007, 0.8, -0.10000000000000003, 0.6000000000000001, toLowerCase().toLowerCase()
14, 12384, 13, -0.20000000000000007, 0.8, -0.10000000000000003, 0.8, toLowerCase().toLowerCase()
14, 12385, 13, -0.20000000000000007, 0.8, -2.7755575615628914E-17, 0.0, toLowerCase().trim()
14, 12386, 13, -0.20000000000000007, 0.8, -2.7755575615628914E-17, 0.2, toLowerCase().trim()
14, 12387, 13, -0.20000000000000007, 0.8, -2.7755575615628914E-17, 0.4, toLowerCase().trim()
14, 12388, 13, -0.20000000000000007, 0.8, -2.7755575615628914E-17, 0.6000000000000001, toLowerCase().trim()
14, 12389, 13, -0.20000000000000007, 0.8, -2.7755575615628914E-17, 0.8, toLowerCase().trim()
14, 12390, 13, -0.20000000000000007, 1.2000000000000002, -0.5, 0.0, toLowerCase().toLowerCase()
14, 12391, 13, -0.20000000000000007, 1.2000000000000002, -0.5, 0.2, toLowerCase().toLowerCase()
14, 12392, 13, -0.20000000000000007, 1.2000000000000002, -0.5, 0.4, toLowerCase().toLowerCase()
14, 12393, 13, -0.20000000000000007, 1.2000000000000002, -0.5, 0.6000000000000001, toLowerCase().toLowerCase()
14, 12394, 13, -0.20000000000000007, 1.2000000000000002, -0.5, 0.8, toLowerCase().toLowerCase()
14, 12395, 13, -0.20000000000000007, 1.2000000000000002, -0.4, 0.0, toLowerCase().toLowerCase()
14, 12396, 13, -0.20000000000000007, 1.2000000000000002, -0.4, 0.2, toLowerCase().toLowerCase()
14, 12397, 13, -0.20000000000000007, 1.2000000000000002, -0.4, 0.4, toLowerCase().toLowerCase()
14, 12398, 13, -0.20000000000000007, 1.2000000000000002, -0.4, 0.6000000000000001, toLowerCase().toLowerCase()
14, 12399, 13, -0.20000000000000007, 1.2000000000000002, -0.4, 0.8, toLowerCase().toLowerCase()
14, 12400, 13, -0.20000000000000007, 1.2000000000000002, -0.30000000000000004, 0.0, toLowerCase().toLowerCase()
14, 12401, 13, -0.20000000000000007, 1.2000000000000002, -0.30000000000000004, 0.2, toLowerCase().toLowerCase()
14, 12402, 13, -0.20000000000000007, 1.2000000000000002, -0.30000000000000004, 0.4, toLowerCase().toLowerCase()
14, 12403, 13, -0.20000000000000007, 1.2000000000000002, -0.30000000000000004, 0.6000000000000001, toLowerCase().toLowerCase()
14, 12404, 13, -0.20000000000000007, 1.2000000000000002, -0.30000000000000004, 0.8, toLowerCase().toLowerCase()
14, 12405, 13, -0.20000000000000007, 1.2000000000000002, -0.20000000000000004, 0.0, toLowerCase().toLowerCase()
14, 12406, 13, -0.20000000000000007, 1.2000000000000002, -0.20000000000000004, 0.2, toLowerCase().toLowerCase()
14, 12407, 13, -0.20000000000000007, 1.2000000000000002, -0.20000000000000004, 0.4, toLowerCase().toLowerCase()
14, 12408, 13, -0.20000000000000007, 1.2000000000000002, -0.20000000000000004, 0.6000000000000001, toLowerCase().toLowerCase()
14, 12409, 13, -0.20000000000000007, 1.2000000000000002, -0.20000000000000004, 0.8, toLowerCase().toLowerCase()
14, 12410, 13, -0.20000000000000007, 1.2000000000000002, -0.10000000000000003, 0.0, toLowerCase().toLowerCase()
14, 12411, 13, -0.20000000000000007, 1.2000000000000002, -0.10000000000000003, 0.2, toLowerCase().toLowerCase()
14, 12412, 13, -0.20000000000000007, 1.2000000000000002, -0.10000000000000003, 0.4, toLowerCase().toLowerCase()
14, 12413, 13, -0.20000000000000007, 1.2000000000000002, -0.10000000000000003, 0.6000000000000001, toLowerCase().toLowerCase()
14, 12414, 13, -0.20000000000000007, 1.2000000000000002, -0.10000000000000003, 0.8, toLowerCase().toLowerCase()
14, 12415, 13, -0.20000000000000007, 1.2000000000000002, -2.7755575615628914E-17, 0.0, toLowerCase().trim()
14, 12416, 13, -0.20000000000000007, 1.2000000000000002, -2.7755575615628914E-17, 0.2, toLowerCase().trim()
14, 12417, 13, -0.20000000000000007, 1.2000000000000002, -2.7755575615628914E-17, 0.4, toLowerCase().trim()
14, 12418, 13, -0.20000000000000007, 1.2000000000000002, -2.7755575615628914E-17, 0.6000000000000001, toLowerCase().trim()
14, 12419, 13, -0.20000000000000007, 1.2000000000000002, -2.7755575615628914E-17, 0.8, toLowerCase().trim()
14, 12420, 13, -0.20000000000000007, 1.6, -0.5, 0.0, toLowerCase().toLowerCase()
14, 12421, 13, -0.20000000000000007, 1.6, -0.5, 0.2, toLowerCase().toLowerCase()
14, 12422, 13, -0.20000000000000007, 1.6, -0.5, 0.4, toLowerCase().toLowerCase()
14, 12423, 13, -0.20000000000000007, 1.6, -0.5, 0.6000000000000001, toLowerCase().toLowerCase()
14, 12424, 13, -0.20000000000000007, 1.6, -0.5, 0.8, toLowerCase().toLowerCase()
14, 12425, 13, -0.20000000000000007, 1.6, -0.4, 0.0, toLowerCase().toLowerCase()
14, 12426, 13, -0.20000000000000007, 1.6, -0.4, 0.2, toLowerCase().toLowerCase()
14, 12427, 13, -0.20000000000000007, 1.6, -0.4, 0.4, toLowerCase().toLowerCase()
14, 12428, 13, -0.20000000000000007, 1.6, -0.4, 0.6000000000000001, toLowerCase().toLowerCase()
14, 12429, 13, -0.20000000000000007, 1.6, -0.4, 0.8, toLowerCase().toLowerCase()
14, 12430, 13, -0.20000000000000007, 1.6, -0.30000000000000004, 0.0, toLowerCase().toLowerCase()
14, 12431, 13, -0.20000000000000007, 1.6, -0.30000000000000004, 0.2, toLowerCase().toLowerCase()
14, 12432, 13, -0.20000000000000007, 1.6, -0.30000000000000004, 0.4, toLowerCase().toLowerCase()
14, 12433, 13, -0.20000000000000007, 1.6, -0.30000000000000004, 0.6000000000000001, toLowerCase().toLowerCase()
14, 12434, 13, -0.20000000000000007, 1.6, -0.30000000000000004, 0.8, toLowerCase().toLowerCase()
14, 12435, 13, -0.20000000000000007, 1.6, -0.20000000000000004, 0.0, toLowerCase().toLowerCase()
14, 12436, 13, -0.20000000000000007, 1.6, -0.20000000000000004, 0.2, toLowerCase().toLowerCase()
14, 12437, 13, -0.20000000000000007, 1.6, -0.20000000000000004, 0.4, toLowerCase().toLowerCase()
14, 12438, 13, -0.20000000000000007, 1.6, -0.20000000000000004, 0.6000000000000001, toLowerCase().toLowerCase()
14, 12439, 13, -0.20000000000000007, 1.6, -0.20000000000000004, 0.8, toLowerCase().toLowerCase()
14, 12440, 13, -0.20000000000000007, 1.6, -0.10000000000000003, 0.0, toLowerCase().toLowerCase()
14, 12441, 13, -0.20000000000000007, 1.6, -0.10000000000000003, 0.2, toLowerCase().toLowerCase()
14, 12442, 13, -0.20000000000000007, 1.6, -0.10000000000000003, 0