11, 0, -5.0, 1.0, -5.0, 0.0, 5, 2, append(), -4.0
11, 1, -5.0, 1.0, -5.0, 0.5, 5, 2, append(), -4.0
11, 2, -5.0, 1.0, -5.0, 1.0, 5, 2, append(), -4.0
11, 3, -5.0, 1.0, -5.0, 1.5, 5, 2, append(), -4.0
11, 4, -5.0, 1.0, -5.0, 2.0, 5, 2, append(), -4.0
11, 5, -5.0, 1.0, -5.0, 2.5, 5, 2, append(), -4.0
11, 6, -5.0, 1.0, -5.0, 3.0, 5, 2, append(), -4.0
11, 7, -5.0, 1.0, -5.0, 3.5, 5, 2, append(), -4.0
11, 8, -5.0, 1.0, -5.0, 4.0, 5, 2, append(), -4.0
11, 9, -5.0, 1.0, -5.0, 4.5, 1, 2, buf.append(), -3.5
11, 10, -5.0, 1.0, -5.0, 5.0, 1, 2, buf.append(), -3.0
11, 11, -5.0, 1.0, -4.5, 0.0, 5, 2, append(), -4.0
11, 12, -5.0, 1.0, -4.5, 0.5, 5, 2, append(), -4.0
11, 13, -5.0, 1.0, -4.5, 1.0, 5, 2, append(), -4.0
11, 14, -5.0, 1.0, -4.5, 1.5, 5, 2, append(), -4.0
11, 15, -5.0, 1.0, -4.5, 2.0, 5, 2, append(), -4.0
11, 16, -5.0, 1.0, -4.5, 2.5, 5, 2, append(), -4.0
11, 17, -5.0, 1.0, -4.5, 3.0, 5, 2, append(), -4.0
11, 18, -5.0, 1.0, -4.5, 3.5, 5, 2, append(), -4.0
11, 19, -5.0, 1.0, -4.5, 4.0, 5, 2, append(), -4.0
11, 20, -5.0, 1.0, -4.5, 4.5, 1, 2, buf.append(), -3.5
11, 21, -5.0, 1.0, -4.5, 5.0, 1, 2, buf.append(), -3.0
11, 22, -5.0, 1.0, -4.0, 0.0, 5, 2, append(), -4.0
11, 23, -5.0, 1.0, -4.0, 0.5, 5, 2, append(), -4.0
11, 24, -5.0, 1.0, -4.0, 1.0, 5, 2, append(), -4.0
11, 25, -5.0, 1.0, -4.0, 1.5, 5, 2, append(), -4.0
11, 26, -5.0, 1.0, -4.0, 2.0, 5, 2, append(), -4.0
11, 27, -5.0, 1.0, -4.0, 2.5, 5, 2, append(), -4.0
11, 28, -5.0, 1.0, -4.0, 3.0, 5, 2, append(), -4.0
11, 29, -5.0, 1.0, -4.0, 3.5, 5, 2, append(), -4.0
11, 30, -5.0, 1.0, -4.0, 4.0, 5, 2, append(), -4.0
11, 31, -5.0, 1.0, -4.0, 4.5, 1, 2, buf.append(), -3.5
11, 32, -5.0, 1.0, -4.0, 5.0, 1, 2, buf.append(), -3.0
11, 33, -5.0, 1.0, -3.5, 0.0, 5, 2, append(), -4.0
11, 34, -5.0, 1.0, -3.5, 0.5, 5, 2, append(), -4.0
11, 35, -5.0, 1.0, -3.5, 1.0, 5, 2, append(), -4.0
11, 36, -5.0, 1.0, -3.5, 1.5, 5, 2, append(), -4.0
11, 37, -5.0, 1.0, -3.5, 2.0, 5, 2, append(), -4.0
11, 38, -5.0, 1.0, -3.5, 2.5, 5, 2, append(), -4.0
11, 39, -5.0, 1.0, -3.5, 3.0, 5, 2, append(), -4.0
11, 40, -5.0, 1.0, -3.5, 3.5, 5, 2, append(), -4.0
11, 41, -5.0, 1.0, -3.5, 4.0, 5, 2, append(), -4.0
11, 42, -5.0, 1.0, -3.5, 4.5, 1, 2, buf.append(), -3.5
11, 43, -5.0, 1.0, -3.5, 5.0, 1, 2, buf.append(), -3.0
11, 44, -5.0, 1.0, -3.0, 0.0, 5, 2, append(), -4.0
11, 45, -5.0, 1.0, -3.0, 0.5, 5, 2, append(), -4.0
11, 46, -5.0, 1.0, -3.0, 1.0, 5, 2, append(), -4.0
11, 47, -5.0, 1.0, -3.0, 1.5, 5, 2, append(), -4.0
11, 48, -5.0, 1.0, -3.0, 2.0, 5, 2, append(), -4.0
11, 49, -5.0, 1.0, -3.0, 2.5, 5, 2, append(), -4.0
11, 50, -5.0, 1.0, -3.0, 3.0, 5, 2, append(), -4.0
11, 51, -5.0, 1.0, -3.0, 3.5, 5, 2, append(), -4.0
11, 52, -5.0, 1.0, -3.0, 4.0, 5, 2, append(), -4.0
11, 53, -5.0, 1.0, -3.0, 4.5, 1, 2, buf.append(), -3.5
11, 54, -5.0, 1.0, -3.0, 5.0, 1, 2, buf.append(), -3.0
11, 55, -5.0, 1.0, -2.5, 0.0, 5, 2, append(), -4.0
11, 56, -5.0, 1.0, -2.5, 0.5, 5, 2, append(), -4.0
11, 57, -5.0, 1.0, -2.5, 1.0, 5, 2, append(), -4.0
11, 58, -5.0, 1.0, -2.5, 1.5, 5, 2, append(), -4.0
11, 59, -5.0, 1.0, -2.5, 2.0, 5, 2, append(), -4.0
11, 60, -5.0, 1.0, -2.5, 2.5, 5, 2, append(), -4.0
11, 61, -5.0, 1.0, -2.5, 3.0, 5, 2, append(), -4.0
11, 62, -5.0, 1.0, -2.5, 3.5, 5, 2, append(), -4.0
11, 63, -5.0, 1.0, -2.5, 4.0, 5, 2, append(), -4.0
11, 64, -5.0, 1.0, -2.5, 4.5, 1, 2, buf.append(), -3.5
11, 65, -5.0, 1.0, -2.5, 5.0, 1, 2, buf.append(), -3.0
11, 66, -5.0, 1.0, -2.0, 0.0, 5, 2, append(), -4.0
11, 67, -5.0, 1.0, -2.0, 0.5, 5, 2, append(), -4.0
11, 68, -5.0, 1.0, -2.0, 1.0, 5, 2, append(), -4.0
11, 69, -5.0, 1.0, -2.0, 1.5, 5, 2, append(), -4.0
11, 70, -5.0, 1.0, -2.0, 2.0, 5, 2, append(), -4.0
11, 71, -5.0, 1.0, -2.0, 2.5, 5, 2, append(), -4.0
11, 72, -5.0, 1.0, -2.0, 3.0, 5, 2, append(), -4.0
11, 73, -5.0, 1.0, -2.0, 3.5, 5, 2, append(), -4.0
11, 74, -5.0, 1.0, -2.0, 4.0, 5, 2, append(), -4.0
11, 75, -5.0, 1.0, -2.0, 4.5, 1, 2, buf.append(), -3.5
11, 76, -5.0, 1.0, -2.0, 5.0, 1, 2, buf.append(), -3.0
11, 77, -5.0, 1.0, -1.5, 0.0, 5, 2, append(), -4.0
11, 78, -5.0, 1.0, -1.5, 0.5, 5, 2, append(), -4.0
11, 79, -5.0, 1.0, -1.5, 1.0, 5, 2, append(), -4.0
11, 80, -5.0, 1.0, -1.5, 1.5, 5, 2, append(), -4.0
11, 81, -5.0, 1.0, -1.5, 2.0, 5, 2, append(), -4.0
11, 82, -5.0, 1.0, -1.5, 2.5, 5, 2, append(), -4.0
11, 83, -5.0, 1.0, -1.5, 3.0, 5, 2, append(), -4.0
11, 84, -5.0, 1.0, -1.5, 3.5, 5, 2, append(), -4.0
11, 85, -5.0, 1.0, -1.5, 4.0, 5, 3, append(), -4.0
11, 86, -5.0, 1.0, -1.5, 4.5, 1, 3, buf.append(), -3.5
11, 87, -5.0, 1.0, -1.5, 5.0, 1, 3, buf.append(), -3.0
11, 88, -5.0, 1.0, -1.0, 0.0, 5, 2, append(), -4.0
11, 89, -5.0, 1.0, -1.0, 0.5, 5, 2, append(), -4.0
11, 90, -5.0, 1.0, -1.0, 1.0, 5, 2, append(), -4.0
11, 91, -5.0, 1.0, -1.0, 1.5, 5, 2, append(), -4.0
11, 92, -5.0, 1.0, -1.0, 2.0, 5, 2, append(), -4.0
11, 93, -5.0, 1.0, -1.0, 2.5, 5, 2, append(), -4.0
11, 94, -5.0, 1.0, -1.0, 3.0, 5, 3, append(), -4.0
11, 95, -5.0, 1.0, -1.0, 3.5, 5, 3, append(), -4.0
11, 96, -5.0, 1.0, -1.0, 4.0, 5, 4, append(), -4.0
11, 97, -5.0, 1.0, -1.0, 4.5, 1, 3, buf.append(), -3.5
11, 98, -5.0, 1.0, -1.0, 5.0, 1, 3, buf.append(), -3.0
11, 99, -5.0, 1.0, -0.5, 0.0, 5, 2, append(), -4.0
11, 100, -5.0, 1.0, -0.5, 0.5, 5, 2, append(), -4.0
11, 101, -5.0, 1.0, -0.5, 1.0, 5, 2, append(), -4.0
11, 102, -5.0, 1.0, -0.5, 1.5, 5, 2, append(), -4.0
11, 103, -5.0, 1.0, -0.5, 2.0, 5, 3, append(), -4.0
11, 104, -5.0, 1.0, -0.5, 2.5, 5, 4, append(), -4.0
11, 105, -5.0, 1.0, -0.5, 3.0, 5, 4, append(), -4.0
11, 106, -5.0, 1.0, -0.5, 3.5, 5, 4, append(), -4.0
11, 107, -5.0, 1.0, -0.5, 4.0, 5, 4, append(), -4.0
11, 108, -5.0, 1.0, -0.5, 4.5, 1, 4, buf.append(), -3.5
11, 109, -5.0, 1.0, -0.5, 5.0, 1, 4, buf.append(), -3.0
11, 110, -5.0, 1.0, 0.0, 0.0, 12, 2, Float.SIZE, -4.0
11, 111, -5.0, 1.0, 0.0, 0.5, 10, 1, buf, -3.5
11, 112, -5.0, 1.0, 0.0, 1.0, 10, 1, buf, -3.0
11, 113, -5.0, 1.0, 0.0, 1.5, 10, 1, buf, -2.5
11, 114, -5.0, 1.0, 0.0, 2.0, 10, 1, buf, -2.0
11, 115, -5.0, 1.0, 0.0, 2.5, 10, 1, buf, -1.5
11, 116, -5.0, 1.0, 0.0, 3.0, 10, 1, buf, -1.0
11, 117, -5.0, 1.0, 0.0, 3.5, 10, 1, buf, -0.5
11, 118, -5.0, 1.0, 0.0, 4.0, 10, 1, buf, 0.0
11, 119, -5.0, 1.0, 0.0, 4.5, 1, 4, buf.append(), -3.5
11, 120, -5.0, 1.0, 0.0, 5.0, 10, 2, buf, 1.0
11, 121, -4.5, 1.0, -5.0, 0.0, 5, 2, append(), -3.5
11, 122, -4.5, 1.0, -5.0, 0.5, 5, 2, append(), -3.5
11, 123, -4.5, 1.0, -5.0, 1.0, 5, 2, append(), -3.5
11, 124, -4.5, 1.0, -5.0, 1.5, 5, 2, append(), -3.5
11, 125, -4.5, 1.0, -5.0, 2.0, 5, 2, append(), -3.5
11, 126, -4.5, 1.0, -5.0, 2.5, 5, 2, append(), -3.5
11, 127, -4.5, 1.0, -5.0, 3.0, 5, 2, append(), -3.5
11, 128, -4.5, 1.0, -5.0, 3.5, 5, 2, append(), -3.5
11, 129, -4.5, 1.0, -5.0, 4.0, 1, 2, buf.append(), -3.0
11, 130, -4.5, 1.0, -5.0, 4.5, 1, 2, buf.append(), -2.5
11, 131, -4.5, 1.0, -5.0, 5.0, 1, 2, buf.append(), -2.0
11, 132, -4.5, 1.0, -4.5, 0.0, 5, 2, append(), -3.5
11, 133, -4.5, 1.0, -4.5, 0.5, 5, 2, append(), -3.5
11, 134, -4.5, 1.0, -4.5, 1.0, 5, 2, append(), -3.5
11, 135, -4.5, 1.0, -4.5, 1.5, 5, 2, append(), -3.5
11, 136, -4.5, 1.0, -4.5, 2.0, 5, 2, append(), -3.5
11, 137, -4.5, 1.0, -4.5, 2.5, 5, 2, append(), -3.5
11, 138, -4.5, 1.0, -4.5, 3.0, 5, 2, append(), -3.5
11, 139, -4.5, 1.0, -4.5, 3.5, 5, 2, append(), -3.5
11, 140, -4.5, 1.0, -4.5, 4.0, 1, 2, buf.append(), -3.0
11, 141, -4.5, 1.0, -4.5, 4.5, 1, 2, buf.append(), -2.5
11, 142, -4.5, 1.0, -4.5, 5.0, 1, 2, buf.append(), -2.0
11, 143, -4.5, 1.0, -4.0, 0.0, 5, 2, append(), -3.5
11, 144, -4.5, 1.0, -4.0, 0.5, 5, 2, append(), -3.5
11, 145, -4.5, 1.0, -4.0, 1.0, 5, 2, append(), -3.5
11, 146, -4.5, 1.0, -4.0, 1.5, 5, 2, append(), -3.5
11, 147, -4.5, 1.0, -4.0, 2.0, 5, 2, append(), -3.5
11, 148, -4.5, 1.0, -4.0, 2.5, 5, 2, append(), -3.5
11, 149, -4.5, 1.0, -4.0, 3.0, 5, 2, append(), -3.5
11, 150, -4.5, 1.0, -4.0, 3.5, 5, 2, append(), -3.5
11, 151, -4.5, 1.0, -4.0, 4.0, 1, 2, buf.append(), -3.0
11, 152, -4.5, 1.0, -4.0, 4.5, 1, 2, buf.append(), -2.5
11, 153, -4.5, 1.0, -4.0, 5.0, 1, 2, buf.append(), -2.0
11, 154, -4.5, 1.0, -3.5, 0.0, 5, 2, append(), -3.5
11, 155, -4.5, 1.0, -3.5, 0.5, 5, 2, append(), -3.5
11, 156, -4.5, 1.0, -3.5, 1.0, 5, 2, append(), -3.5
11, 157, -4.5, 1.0, -3.5, 1.5, 5, 2, append(), -3.5
11, 158, -4.5, 1.0, -3.5, 2.0, 5, 2, append(), -3.5
11, 159, -4.5, 1.0, -3.5, 2.5, 5, 2, append(), -3.5
11, 160, -4.5, 1.0, -3.5, 3.0, 5, 2, append(), -3.5
11, 161, -4.5, 1.0, -3.5, 3.5, 5, 2, append(), -3.5
11, 162, -4.5, 1.0, -3.5, 4.0, 1, 2, buf.append(), -3.0
11, 163, -4.5, 1.0, -3.5, 4.5, 1, 2, buf.append(), -2.5
11, 164, -4.5, 1.0, -3.5, 5.0, 1, 2, buf.append(), -2.0
11, 165, -4.5, 1.0, -3.0, 0.0, 5, 2, append(), -3.5
11, 166, -4.5, 1.0, -3.0, 0.5, 5, 2, append(), -3.5
11, 167, -4.5, 1.0, -3.0, 1.0, 5, 2, append(), -3.5
11, 168, -4.5, 1.0, -3.0, 1.5, 5, 2, append(), -3.5
11, 169, -4.5, 1.0, -3.0, 2.0, 5, 2, append(), -3.5
11, 170, -4.5, 1.0, -3.0, 2.5, 5, 2, append(), -3.5
11, 171, -4.5, 1.0, -3.0, 3.0, 5, 2, append(), -3.5
11, 172, -4.5, 1.0, -3.0, 3.5, 5, 2, append(), -3.5
11, 173, -4.5, 1.0, -3.0, 4.0, 1, 2, buf.append(), -3.0
11, 174, -4.5, 1.0, -3.0, 4.5, 1, 2, buf.append(), -2.5
11, 175, -4.5, 1.0, -3.0, 5.0, 1, 2, buf.append(), -2.0
11, 176, -4.5, 1.0, -2.5, 0.0, 5, 2, append(), -3.5
11, 177, -4.5, 1.0, -2.5, 0.5, 5, 2, append(), -3.5
11, 178, -4.5, 1.0, -2.5, 1.0, 5, 2, append(), -3.5
11, 179, -4.5, 1.0, -2.5, 1.5, 5, 2, append(), -3.5
11, 180, -4.5, 1.0, -2.5, 2.0, 5, 2, append(), -3.5
11, 181, -4.5, 1.0, -2.5, 2.5, 5, 2, append(), -3.5
11, 182, -4.5, 1.0, -2.5, 3.0, 5, 2, append(), -3.5
11, 183, -4.5, 1.0, -2.5, 3.5, 5, 2, append(), -3.5
11, 184, -4.5, 1.0, -2.5, 4.0, 1, 2, buf.append(), -3.0
11, 185, -4.5, 1.0, -2.5, 4.5, 1, 2, buf.append(), -2.5
11, 186, -4.5, 1.0, -2.5, 5.0, 1, 2, buf.append(), -2.0
11, 187, -4.5, 1.0, -2.0, 0.0, 5, 2, append(), -3.5
11, 188, -4.5, 1.0, -2.0, 0.5, 5, 2, append(), -3.5
11, 189, -4.5, 1.0, -2.0, 1.0, 5, 2, append(), -3.5
11, 190, -4.5, 1.0, -2.0, 1.5, 5, 2, append(), -3.5
11, 191, -4.5, 1.0, -2.0, 2.0, 5, 2, append(), -3.5
11, 192, -4.5, 1.0, -2.0, 2.5, 5, 2, append(), -3.5
11, 193, -4.5, 1.0, -2.0, 3.0, 5, 2, append(), -3.5
11, 194, -4.5, 1.0, -2.0, 3.5, 5, 2, append(), -3.5
11, 195, -4.5, 1.0, -2.0, 4.0, 1, 2, buf.append(), -3.0
11, 196, -4.5, 1.0, -2.0, 4.5, 1, 2, buf.append(), -2.5
11, 197, -4.5, 1.0, -2.0, 5.0, 1, 2, buf.append(), -2.0
11, 198, -4.5, 1.0, -1.5, 0.0, 5, 2, append(), -3.5
11, 199, -4.5, 1.0, -1.5, 0.5, 5, 2, append(), -3.5
11, 200, -4.5, 1.0, -1.5, 1.0, 5, 2, append(), -3.5
11, 201, -4.5, 1.0, -1.5, 1.5, 5, 2, append(), -3.5
11, 202, -4.5, 1.0, -1.5, 2.0, 5, 2, append(), -3.5
11, 203, -4.5, 1.0, -1.5, 2.5, 5, 2, append(), -3.5
11, 204, -4.5, 1.0, -1.5, 3.0, 5, 2, append(), -3.5
11, 205, -4.5, 1.0, -1.5, 3.5, 5, 2, append(), -3.5
11, 206, -4.5, 1.0, -1.5, 4.0, 1, 2, buf.append(), -3.0
11, 207, -4.5, 1.0, -1.5, 4.5, 1, 3, buf.append(), -2.5
11, 208, -4.5, 1.0, -1.5, 5.0, 1, 3, buf.append(), -2.0
11, 209, -4.5, 1.0, -1.0, 0.0, 5, 2, append(), -3.5
11, 210, -4.5, 1.0, -1.0, 0.5, 5, 2, append(), -3.5
11, 211, -4.5, 1.0, -1.0, 1.0, 5, 2, append(), -3.5
11, 212, -4.5, 1.0, -1.0, 1.5, 5, 2, append(), -3.5
11, 213, -4.5, 1.0, -1.0, 2.0, 5, 2, append(), -3.5
11, 214, -4.5, 1.0, -1.0, 2.5, 5, 2, append(), -3.5
11, 215, -4.5, 1.0, -1.0, 3.0, 5, 3, append(), -3.5
11, 216, -4.5, 1.0, -1.0, 3.5, 5, 3, append(), -3.5
11, 217, -4.5, 1.0, -1.0, 4.0, 1, 3, buf.append(), -3.0
11, 218, -4.5, 1.0, -1.0, 4.5, 1, 3, buf.append(), -2.5
11, 219, -4.5, 1.0, -1.0, 5.0, 1, 3, buf.append(), -2.0
11, 220, -4.5, 1.0, -0.5, 0.0, 5, 2, append(), -3.5
11, 221, -4.5, 1.0, -0.5, 0.5, 5, 2, append(), -3.5
11, 222, -4.5, 1.0, -0.5, 1.0, 5, 2, append(), -3.5
11, 223, -4.5, 1.0, -0.5, 1.5, 5, 2, append(), -3.5
11, 224, -4.5, 1.0, -0.5, 2.0, 5, 3, append(), -3.5
11, 225, -4.5, 1.0, -0.5, 2.5, 5, 4, append(), -3.5
11, 226, -4.5, 1.0, -0.5, 3.0, 5, 4, append(), -3.5
11, 227, -4.5, 1.0, -0.5, 3.5, 5, 4, append(), -3.5
11, 228, -4.5, 1.0, -0.5, 4.0, 1, 4, buf.append(), -3.0
11, 229, -4.5, 1.0, -0.5, 4.5, 1, 4, buf.append(), -2.5
11, 230, -4.5, 1.0, -0.5, 5.0, 10, 1, buf, 1.5
11, 231, -4.5, 1.0, 0.0, 0.0, 12, 2, Float.SIZE, -3.5
11, 232, -4.5, 1.0, 0.0, 0.5, 10, 1, buf, -3.0
11, 233, -4.5, 1.0, 0.0, 1.0, 10, 1, buf, -2.5
11, 234, -4.5, 1.0, 0.0, 1.5, 10, 1, buf, -2.0
11, 235, -4.5, 1.0, 0.0, 2.0, 10, 1, buf, -1.5
11, 236, -4.5, 1.0, 0.0, 2.5, 10, 1, buf, -1.0
11, 237, -4.5, 1.0, 0.0, 3.0, 10, 1, buf, -0.5
11, 238, -4.5, 1.0, 0.0, 3.5, 10, 1, buf, 0.0
11, 239, -4.5, 1.0, 0.0, 4.0, 1, 4, buf.append(), -3.0
11, 240, -4.5, 1.0, 0.0, 4.5, 10, 2, buf, 1.0
11, 241, -4.5, 1.0, 0.0, 5.0, 10, 2, buf, 1.5
11, 242, -4.0, 1.0, -5.0, 0.0, 5, 2, append(), -3.0
11, 243, -4.0, 1.0, -5.0, 0.5, 5, 2, append(), -3.0
11, 244, -4.0, 1.0, -5.0, 1.0, 5, 2, append(), -3.0
11, 245, -4.0, 1.0, -5.0, 1.5, 5, 2, append(), -3.0
11, 246, -4.0, 1.0, -5.0, 2.0, 5, 2, append(), -3.0
11, 247, -4.0, 1.0, -5.0, 2.5, 5, 2, append(), -3.0
11, 248, -4.0, 1.0, -5.0, 3.0, 5, 2, append(), -3.0
11, 249, -4.0, 1.0, -5.0, 3.5, 1, 2, buf.append(), -2.5
11, 250, -4.0, 1.0, -5.0, 4.0, 1, 2, buf.append(), -2.0
11, 251, -4.0, 1.0, -5.0, 4.5, 1, 2, buf.append(), -1.5
11, 252, -4.0, 1.0, -5.0, 5.0, 1, 2, buf.append(), -1.0
11, 253, -4.0, 1.0, -4.5, 0.0, 5, 2, append(), -3.0
11, 254, -4.0, 1.0, -4.5, 0.5, 5, 2, append(), -3.0
11, 255, -4.0, 1.0, -4.5, 1.0, 5, 2, append(), -3.0
11, 256, -4.0, 1.0, -4.5, 1.5, 5, 2, append(), -3.0
11, 257, -4.0, 1.0, -4.5, 2.0, 5, 2, append(), -3.0
11, 258, -4.0, 1.0, -4.5, 2.5, 5, 2, append(), -3.0
11, 259, -4.0, 1.0, -4.5, 3.0, 5, 2, append(), -3.0
11, 260, -4.0, 1.0, -4.5, 3.5, 1, 2, buf.append(), -2.5
11, 261, -4.0, 1.0, -4.5, 4.0, 1, 2, buf.append(), -2.0
11, 262, -4.0, 1.0, -4.5, 4.5, 1, 2, buf.append(), -1.5
11, 263, -4.0, 1.0, -4.5, 5.0, 1, 2, buf.append(), -1.0
11, 264, -4.0, 1.0, -4.0, 0.0, 5, 2, append(), -3.0
11, 265, -4.0, 1.0, -4.0, 0.5, 5, 2, append(), -3.0
11, 266, -4.0, 1.0, -4.0, 1.0, 5, 2, append(), -3.0
11, 267, -4.0, 1.0, -4.0, 1.5, 5, 2, append(), -3.0
11, 268, -4.0, 1.0, -4.0, 2.0, 5, 2, append(), -3.0
11, 269, -4.0, 1.0, -4.0, 2.5, 5, 2, append(), -3.0
11, 270, -4.0, 1.0, -4.0, 3.0, 5, 2, append(), -3.0
11, 271, -4.0, 1.0, -4.0, 3.5, 1, 2, buf.append(), -2.5
11, 272, -4.0, 1.0, -4.0, 4.0, 1, 2, buf.append(), -2.0
11, 273, -4.0, 1.0, -4.0, 4.5, 1, 2, buf.append(), -1.5
11, 274, -4.0, 1.0, -4.0, 5.0, 1, 2, buf.append(), -1.0
11, 275, -4.0, 1.0, -3.5, 0.0, 5, 2, append(), -3.0
11, 276, -4.0, 1.0, -3.5, 0.5, 5, 2, append(), -3.0
11, 277, -4.0, 1.0, -3.5, 1.0, 5, 2, append(), -3.0
11, 278, -4.0, 1.0, -3.5, 1.5, 5, 2, append(), -3.0
11, 279, -4.0, 1.0, -3.5, 2.0, 5, 2, append(), -3.0
11, 280, -4.0, 1.0, -3.5, 2.5, 5, 2, append(), -3.0
11, 281, -4.0, 1.0, -3.5, 3.0, 5, 2, append(), -3.0
11, 282, -4.0, 1.0, -3.5, 3.5, 1, 2, buf.append(), -2.5
11, 283, -4.0, 1.0, -3.5, 4.0, 1, 2, buf.append(), -2.0
11, 284, -4.0, 1.0, -3.5, 4.5, 1, 2, buf.append(), -1.5
11, 285, -4.0, 1.0, -3.5, 5.0, 1, 2, buf.append(), -1.0
11, 286, -4.0, 1.0, -3.0, 0.0, 5, 2, append(), -3.0
11, 287, -4.0, 1.0, -3.0, 0.5, 5, 2, append(), -3.0
11, 288, -4.0, 1.0, -3.0, 1.0, 5, 2, append(), -3.0
11, 289, -4.0, 1.0, -3.0, 1.5, 5, 2, append(), -3.0
11, 290, -4.0, 1.0, -3.0, 2.0, 5, 2, append(), -3.0
11, 291, -4.0, 1.0, -3.0, 2.5, 5, 2, append(), -3.0
11, 292, -4.0, 1.0, -3.0, 3.0, 5, 2, append(), -3.0
11, 293, -4.0, 1.0, -3.0, 3.5, 1, 2, buf.append(), -2.5
11, 294, -4.0, 1.0, -3.0, 4.0, 1, 2, buf.append(), -2.0
11, 295, -4.0, 1.0, -3.0, 4.5, 1, 2, buf.append(), -1.5
11, 296, -4.0, 1.0, -3.0, 5.0, 1, 2, buf.append(), -1.0
11, 297, -4.0, 1.0, -2.5, 0.0, 5, 2, append(), -3.0
11, 298, -4.0, 1.0, -2.5, 0.5, 5, 2, append(), -3.0
11, 299, -4.0, 1.0, -2.5, 1.0, 5, 2, append(), -3.0
11, 300, -4.0, 1.0, -2.5, 1.5, 5, 2, append(), -3.0
11, 301, -4.0, 1.0, -2.5, 2.0, 5, 2, append(), -3.0
11, 302, -4.0, 1.0, -2.5, 2.5, 5, 2, append(), -3.0
11, 303, -4.0, 1.0, -2.5, 3.0, 5, 2, append(), -3.0
11, 304, -4.0, 1.0, -2.5, 3.5, 1, 2, buf.append(), -2.5
11, 305, -4.0, 1.0, -2.5, 4.0, 1, 2, buf.append(), -2.0
11, 306, -4.0, 1.0, -2.5, 4.5, 1, 2, buf.append(), -1.5
11, 307, -4.0, 1.0, -2.5, 5.0, 1, 2, buf.append(), -1.0
11, 308, -4.0, 1.0, -2.0, 0.0, 5, 2, append(), -3.0
11, 309, -4.0, 1.0, -2.0, 0.5, 5, 2, append(), -3.0
11, 310, -4.0, 1.0, -2.0, 1.0, 5, 2, append(), -3.0
11, 311, -4.0, 1.0, -2.0, 1.5, 5, 2, append(), -3.0
11, 312, -4.0, 1.0, -2.0, 2.0, 5, 2, append(), -3.0
11, 313, -4.0, 1.0, -2.0, 2.5, 5, 2, append(), -3.0
11, 314, -4.0, 1.0, -2.0, 3.0, 5, 2, append(), -3.0
11, 315, -4.0, 1.0, -2.0, 3.5, 1, 2, buf.append(), -2.5
11, 316, -4.0, 1.0, -2.0, 4.0, 1, 2, buf.append(), -2.0
11, 317, -4.0, 1.0, -2.0, 4.5, 1, 2, buf.append(), -1.5
11, 318, -4.0, 1.0, -2.0, 5.0, 1, 2, buf.append(), -1.0
11, 319, -4.0, 1.0, -1.5, 0.0, 5, 2, append(), -3.0
11, 320, -4.0, 1.0, -1.5, 0.5, 5, 2, append(), -3.0
11, 321, -4.0, 1.0, -1.5, 1.0, 5, 2, append(), -3.0
11, 322, -4.0, 1.0, -1.5, 1.5, 5, 2, append(), -3.0
11, 323, -4.0, 1.0, -1.5, 2.0, 5, 2, append(), -3.0
11, 324, -4.0, 1.0, -1.5, 2.5, 5, 2, append(), -3.0
11, 325, -4.0, 1.0, -1.5, 3.0, 5, 2, append(), -3.0
11, 326, -4.0, 1.0, -1.5, 3.5, 1, 2, buf.append(), -2.5
11, 327, -4.0, 1.0, -1.5, 4.0, 1, 2, buf.append(), -2.0
11, 328, -4.0, 1.0, -1.5, 4.5, 1, 3, buf.append(), -1.5
11, 329, -4.0, 1.0, -1.5, 5.0, 1, 3, buf.append(), -1.0
11, 330, -4.0, 1.0, -1.0, 0.0, 5, 2, append(), -3.0
11, 331, -4.0, 1.0, -1.0, 0.5, 5, 2, append(), -3.0
11, 332, -4.0, 1.0, -1.0, 1.0, 5, 2, append(), -3.0
11, 333, -4.0, 1.0, -1.0, 1.5, 5, 2, append(), -3.0
11, 334, -4.0, 1.0, -1.0, 2.0, 5, 2, append(), -3.0
11, 335, -4.0, 1.0, -1.0, 2.5, 5, 2, append(), -3.0
11, 336, -4.0, 1.0, -1.0, 3.0, 5, 3, append(), -3.0
11, 337, -4.0, 1.0, -1.0, 3.5, 1, 3, buf.append(), -2.5
11, 338, -4.0, 1.0, -1.0, 4.0, 1, 3, buf.append(), -2.0
11, 339, -4.0, 1.0, -1.0, 4.5, 1, 3, buf.append(), -1.5
11, 340, -4.0, 1.0, -1.0, 5.0, 10, 1, buf, 2.0
11, 341, -4.0, 1.0, -0.5, 0.0, 5, 2, append(), -3.0
11, 342, -4.0, 1.0, -0.5, 0.5, 5, 2, append(), -3.0
11, 343, -4.0, 1.0, -0.5, 1.0, 5, 2, append(), -3.0
11, 344, -4.0, 1.0, -0.5, 1.5, 5, 2, append(), -3.0
11, 345, -4.0, 1.0, -0.5, 2.0, 5, 3, append(), -3.0
11, 346, -4.0, 1.0, -0.5, 2.5, 5, 4, append(), -3.0
11, 347, -4.0, 1.0, -0.5, 3.0, 5, 4, append(), -3.0
11, 348, -4.0, 1.0, -0.5, 3.5, 1, 4, buf.append(), -2.5
11, 349, -4.0, 1.0, -0.5, 4.0, 1, 4, buf.append(), -2.0
11, 350, -4.0, 1.0, -0.5, 4.5, 10, 1, buf, 1.5
11, 351, -4.0, 1.0, -0.5, 5.0, 10, 2, buf, 2.0
11, 352, -4.0, 1.0, 0.0, 0.0, 12, 2, Float.SIZE, -3.0
11, 353, -4.0, 1.0, 0.0, 0.5, 10, 1, buf, -2.5
11, 354, -4.0, 1.0, 0.0, 1.0, 10, 1, buf, -2.0
11, 355, -4.0, 1.0, 0.0, 1.5, 10, 1, buf, -1.5
11, 356, -4.0, 1.0, 0.0, 2.0, 10, 1, buf, -1.0
11, 357, -4.0, 1.0, 0.0, 2.5, 10, 1, buf, -0.5
11, 358, -4.0, 1.0, 0.0, 3.0, 10, 1, buf, 0.0
11, 359, -4.0, 1.0, 0.0, 3.5, 1, 4, buf.append(), -2.5
11, 360, -4.0, 1.0, 0.0, 4.0, 10, 2, buf, 1.0
11, 361, -4.0, 1.0, 0.0, 4.5, 10, 2, buf, 1.5
11, 362, -4.0, 1.0, 0.0, 5.0, 47, 0, new Task11().repeatString(new Task11().repeatString(s)), 6.0
11, 363, -3.5, 1.0, -5.0, 0.0, 5, 2, append(), -2.5
11, 364, -3.5, 1.0, -5.0, 0.5, 5, 2, append(), -2.5
11, 365, -3.5, 1.0, -5.0, 1.0, 5, 2, append(), -2.5
11, 366, -3.5, 1.0, -5.0, 1.5, 5, 2, append(), -2.5
11, 367, -3.5, 1.0, -5.0, 2.0, 5, 2, append(), -2.5
11, 368, -3.5, 1.0, -5.0, 2.5, 5, 2, append(), -2.5
11, 369, -3.5, 1.0, -5.0, 3.0, 1, 2, buf.append(), -2.0
11, 370, -3.5, 1.0, -5.0, 3.5, 1, 2, buf.append(), -1.5
11, 371, -3.5, 1.0, -5.0, 4.0, 1, 2, buf.append(), -1.0
11, 372, -3.5, 1.0, -5.0, 4.5, 1, 2, buf.append(), -0.5
11, 373, -3.5, 1.0, -5.0, 5.0, 1, 2, buf.append(), 0.0
11, 374, -3.5, 1.0, -4.5, 0.0, 5, 2, append(), -2.5
11, 375, -3.5, 1.0, -4.5, 0.5, 5, 2, append(), -2.5
11, 376, -3.5, 1.0, -4.5, 1.0, 5, 2, append(), -2.5
11, 377, -3.5, 1.0, -4.5, 1.5, 5, 2, append(), -2.5
11, 378, -3.5, 1.0, -4.5, 2.0, 5, 2, append(), -2.5
11, 379, -3.5, 1.0, -4.5, 2.5, 5, 2, append(), -2.5
11, 380, -3.5, 1.0, -4.5, 3.0, 1, 2, buf.append(), -2.0
11, 381, -3.5, 1.0, -4.5, 3.5, 1, 2, buf.append(), -1.5
11, 382, -3.5, 1.0, -4.5, 4.0, 1, 2, buf.append(), -1.0
11, 383, -3.5, 1.0, -4.5, 4.5, 1, 2, buf.append(), -0.5
11, 384, -3.5, 1.0, -4.5, 5.0, 1, 2, buf.append(), 0.0
11, 385, -3.5, 1.0, -4.0, 0.0, 5, 2, append(), -2.5
11, 386, -3.5, 1.0, -4.0, 0.5, 5, 2, append(), -2.5
11, 387, -3.5, 1.0, -4.0, 1.0, 5, 2, append(), -2.5
11, 388, -3.5, 1.0, -4.0, 1.5, 5, 2, append(), -2.5
11, 389, -3.5, 1.0, -4.0, 2.0, 5, 2, append(), -2.5
11, 390, -3.5, 1.0, -4.0, 2.5, 5, 2, append(), -2.5
11, 391, -3.5, 1.0, -4.0, 3.0, 1, 2, buf.append(), -2.0
11, 392, -3.5, 1.0, -4.0, 3.5, 1, 2, buf.append(), -1.5
11, 393, -3.5, 1.0, -4.0, 4.0, 1, 2, buf.append(), -1.0
11, 394, -3.5, 1.0, -4.0, 4.5, 1, 2, buf.append(), -0.5
11, 395, -3.5, 1.0, -4.0, 5.0, 1, 2, buf.append(), 0.0
11, 396, -3.5, 1.0, -3.5, 0.0, 5, 2, append(), -2.5
11, 397, -3.5, 1.0, -3.5, 0.5, 5, 2, append(), -2.5
11, 398, -3.5, 1.0, -3.5, 1.0, 5, 2, append(), -2.5
11, 399, -3.5, 1.0, -3.5, 1.5, 5, 2, append(), -2.5
11, 400, -3.5, 1.0, -3.5, 2.0, 5, 2, append(), -2.5
11, 401, -3.5, 1.0, -3.5, 2.5, 5, 2, append(), -2.5
11, 402, -3.5, 1.0, -3.5, 3.0, 1, 2, buf.append(), -2.0
11, 403, -3.5, 1.0, -3.5, 3.5, 1, 2, buf.append(), -1.5
11, 404, -3.5, 1.0, -3.5, 4.0, 1, 2, buf.append(), -1.0
11, 405, -3.5, 1.0, -3.5, 4.5, 1, 2, buf.append(), -0.5
11, 406, -3.5, 1.0, -3.5, 5.0, 1, 2, buf.append(), 0.0
11, 407, -3.5, 1.0, -3.0, 0.0, 5, 2, append(), -2.5
11, 408, -3.5, 1.0, -3.0, 0.5, 5, 2, append(), -2.5
11, 409, -3.5, 1.0, -3.0, 1.0, 5, 2, append(), -2.5
11, 410, -3.5, 1.0, -3.0, 1.5, 5, 2, append(), -2.5
11, 411, -3.5, 1.0, -3.0, 2.0, 5, 2, append(), -2.5
11, 412, -3.5, 1.0, -3.0, 2.5, 5, 2, append(), -2.5
11, 413, -3.5, 1.0, -3.0, 3.0, 1, 2, buf.append(), -2.0
11, 414, -3.5, 1.0, -3.0, 3.5, 1, 2, buf.append(), -1.5
11, 415, -3.5, 1.0, -3.0, 4.0, 1, 2, buf.append(), -1.0
11, 416, -3.5, 1.0, -3.0, 4.5, 1, 2, buf.append(), -0.5
11, 417, -3.5, 1.0, -3.0, 5.0, 1, 2, buf.append(), 0.0
11, 418, -3.5, 1.0, -2.5, 0.0, 5, 2, append(), -2.5
11, 419, -3.5, 1.0, -2.5, 0.5, 5, 2, append(), -2.5
11, 420, -3.5, 1.0, -2.5, 1.0, 5, 2, append(), -2.5
11, 421, -3.5, 1.0, -2.5, 1.5, 5, 2, append(), -2.5
11, 422, -3.5, 1.0, -2.5, 2.0, 5, 2, append(), -2.5
11, 423, -3.5, 1.0, -2.5, 2.5, 5, 2, append(), -2.5
11, 424, -3.5, 1.0, -2.5, 3.0, 1, 2, buf.append(), -2.0
11, 425, -3.5, 1.0, -2.5, 3.5, 1, 2, buf.append(), -1.5
11, 426, -3.5, 1.0, -2.5, 4.0, 1, 2, buf.append(), -1.0
11, 427, -3.5, 1.0, -2.5, 4.5, 1, 2, buf.append(), -0.5
11, 428, -3.5, 1.0, -2.5, 5.0, 1, 2, buf.append(), 0.0
11, 429, -3.5, 1.0, -2.0, 0.0, 5, 2, append(), -2.5
11, 430, -3.5, 1.0, -2.0, 0.5, 5, 2, append(), -2.5
11, 431, -3.5, 1.0, -2.0, 1.0, 5, 2, append(), -2.5
11, 432, -3.5, 1.0, -2.0, 1.5, 5, 2, append(), -2.5
11, 433, -3.5, 1.0, -2.0, 2.0, 5, 2, append(), -2.5
11, 434, -3.5, 1.0, -2.0, 2.5, 5, 2, append(), -2.5
11, 435, -3.5, 1.0, -2.0, 3.0, 1, 2, buf.append(), -2.0
11, 436, -3.5, 1.0, -2.0, 3.5, 1, 2, buf.append(), -1.5
11, 437, -3.5, 1.0, -2.0, 4.0, 1, 2, buf.append(), -1.0
11, 438, -3.5, 1.0, -2.0, 4.5, 1, 2, buf.append(), -0.5
11, 439, -3.5, 1.0, -2.0, 5.0, 1, 2, buf.append(), 0.0
11, 440, -3.5, 1.0, -1.5, 0.0, 5, 2, append(), -2.5
11, 441, -3.5, 1.0, -1.5, 0.5, 5, 2, append(), -2.5
11, 442, -3.5, 1.0, -1.5, 1.0, 5, 2, append(), -2.5
11, 443, -3.5, 1.0, -1.5, 1.5, 5, 2, append(), -2.5
11, 444, -3.5, 1.0, -1.5, 2.0, 5, 2, append(), -2.5
11, 445, -3.5, 1.0, -1.5, 2.5, 5, 2, append(), -2.5
11, 446, -3.5, 1.0, -1.5, 3.0, 1, 2, buf.append(), -2.0
11, 447, -3.5, 1.0, -1.5, 3.5, 1, 2, buf.append(), -1.5
11, 448, -3.5, 1.0, -1.5, 4.0, 1, 2, buf.append(), -1.0
11, 449, -3.5, 1.0, -1.5, 4.5, 1, 3, buf.append(), -0.5
11, 450, -3.5, 1.0, -1.5, 5.0, 10, 1, buf, 2.5
11, 451, -3.5, 1.0, -1.0, 0.0, 5, 2, append(), -2.5
11, 452, -3.5, 1.0, -1.0, 0.5, 5, 2, append(), -2.5
11, 453, -3.5, 1.0, -1.0, 1.0, 5, 2, append(), -2.5
11, 454, -3.5, 1.0, -1.0, 1.5, 5, 2, append(), -2.5
11, 455, -3.5, 1.0, -1.0, 2.0, 5, 2, append(), -2.5
11, 456, -3.5, 1.0, -1.0, 2.5, 5, 2, append(), -2.5
11, 457, -3.5, 1.0, -1.0, 3.0, 1, 2, buf.append(), -2.0
11, 458, -3.5, 1.0, -1.0, 3.5, 1, 3, buf.append(), -1.5
11, 459, -3.5, 1.0, -1.0, 4.0, 1, 3, buf.append(), -1.0
11, 460, -3.5, 1.0, -1.0, 4.5, 10, 1, buf, 2.0
11, 461, -3.5, 1.0, -1.0, 5.0, 10, 1, buf, 2.5
11, 462, -3.5, 1.0, -0.5, 0.0, 5, 2, append(), -2.5
11, 463, -3.5, 1.0, -0.5, 0.5, 5, 2, append(), -2.5
11, 464, -3.5, 1.0, -0.5, 1.0, 5, 2, append(), -2.5
11, 465, -3.5, 1.0, -0.5, 1.5, 5, 2, append(), -2.5
11, 466, -3.5, 1.0, -0.5, 2.0, 5, 3, append(), -2.5
11, 467, -3.5, 1.0, -0.5, 2.5, 5, 4, append(), -2.5
11, 468, -3.5, 1.0, -0.5, 3.0, 1, 3, buf.append(), -2.0
11, 469, -3.5, 1.0, -0.5, 3.5, 1, 3, buf.append(), -1.5
11, 470, -3.5, 1.0, -0.5, 4.0, 10, 1, buf, 1.5
11, 471, -3.5, 1.0, -0.5, 4.5, 10, 2, buf, 2.0
11, 472, -3.5, 1.0, -0.5, 5.0, 10, 2, buf, 2.5
11, 473, -3.5, 1.0, 0.0, 0.0, 12, 2, Float.SIZE, -2.5
11, 474, -3.5, 1.0, 0.0, 0.5, 10, 1, buf, -2.0
11, 475, -3.5, 1.0, 0.0, 1.0, 10, 1, buf, -1.5
11, 476, -3.5, 1.0, 0.0, 1.5, 10, 1, buf, -1.0
11, 477, -3.5, 1.0, 0.0, 2.0, 10, 1, buf, -0.5
11, 478, -3.5, 1.0, 0.0, 2.5, 10, 1, buf, 0.0
11, 479, -3.5, 1.0, 0.0, 3.0, 1, 4, buf.append(), -2.0
11, 480, -3.5, 1.0, 0.0, 3.5, 10, 2, buf, 1.0
11, 481, -3.5, 1.0, 0.0, 4.0, 10, 3, buf, 1.5
11, 482, -3.5, 1.0, 0.0, 4.5, 87, 3, new Task11().repeatString(s).replace(new Task11().repeatString(s), new Task11().repeatString(s)), 6.5
11, 483, -3.5, 1.0, 0.0, 5.0, 92, 4, new Task11().repeatString(s).replaceFirst(new Task11().repeatString(s), new Task11().repeatString(s)), 11.0
11, 484, -3.0, 1.0, -5.0, 0.0, 5, 2, append(), -2.0
11, 485, -3.0, 1.0, -5.0, 0.5, 5, 2, append(), -2.0
11, 486, -3.0, 1.0, -5.0, 1.0, 5, 2, append(), -2.0
11, 487, -3.0, 1.0, -5.0, 1.5, 5, 2, append(), -2.0
11, 488, -3.0, 1.0, -5.0, 2.0, 5, 2, append(), -2.0
11, 489, -3.0, 1.0, -5.0, 2.5, 1, 2, buf.append(), -1.5
11, 490, -3.0, 1.0, -5.0, 3.0, 1, 2, buf.append(), -1.0
11, 491, -3.0, 1.0, -5.0, 3.5, 1, 2, buf.append(), -0.5
11, 492, -3.0, 1.0, -5.0, 4.0, 1, 2, buf.append(), 0.0
11, 493, -3.0, 1.0, -5.0, 4.5, 0, 0, buf.append(s), 3.0
11, 494, -3.0, 1.0, -5.0, 5.0, 0, 0, buf.append(s), 4.0
11, 495, -3.0, 1.0, -4.5, 0.0, 5, 2, append(), -2.0
11, 496, -3.0, 1.0, -4.5, 0.5, 5, 2, append(), -2.0
11, 497, -3.0, 1.0, -4.5, 1.0, 5, 2, append(), -2.0
11, 498, -3.0, 1.0, -4.5, 1.5, 5, 2, append(), -2.0
11, 499, -3.0, 1.0, -4.5, 2.0, 5, 2, append(), -2.0
11, 500, -3.0, 1.0, -4.5, 2.5, 1, 2, buf.append(), -1.5
11, 501, -3.0, 1.0, -4.5, 3.0, 1, 2, buf.append(), -1.0
11, 502, -3.0, 1.0, -4.5, 3.5, 1, 2, buf.append(), -0.5
11, 503, -3.0, 1.0, -4.5, 4.0, 1, 2, buf.append(), 0.0
11, 504, -3.0, 1.0, -4.5, 4.5, 0, 0, buf.append(s), 3.0
11, 505, -3.0, 1.0, -4.5, 5.0, 0, 0, buf.append(s), 4.0
11, 506, -3.0, 1.0, -4.0, 0.0, 5, 2, append(), -2.0
11, 507, -3.0, 1.0, -4.0, 0.5, 5, 2, append(), -2.0
11, 508, -3.0, 1.0, -4.0, 1.0, 5, 2, append(), -2.0
11, 509, -3.0, 1.0, -4.0, 1.5, 5, 2, append(), -2.0
11, 510, -3.0, 1.0, -4.0, 2.0, 5, 2, append(), -2.0
11, 511, -3.0, 1.0, -4.0, 2.5, 1, 2, buf.append(), -1.5
11, 512, -3.0, 1.0, -4.0, 3.0, 1, 2, buf.append(), -1.0
11, 513, -3.0, 1.0, -4.0, 3.5, 1, 2, buf.append(), -0.5
11, 514, -3.0, 1.0, -4.0, 4.0, 1, 2, buf.append(), 0.0
11, 515, -3.0, 1.0, -4.0, 4.5, 0, 0, buf.append(s), 3.0
11, 516, -3.0, 1.0, -4.0, 5.0, 0, 0, buf.append(s), 4.0
11, 517, -3.0, 1.0, -3.5, 0.0, 5, 2, append(), -2.0
11, 518, -3.0, 1.0, -3.5, 0.5, 5, 2, append(), -2.0
11, 519, -3.0, 1.0, -3.5, 1.0, 5, 2, append(), -2.0
11, 520, -3.0, 1.0, -3.5, 1.5, 5, 2, append(), -2.0
11, 521, -3.0, 1.0, -3.5, 2.0, 5, 2, append(), -2.0
11, 522, -3.0, 1.0, -3.5, 2.5, 1, 2, buf.append(), -1.5
11, 523, -3.0, 1.0, -3.5, 3.0, 1, 2, buf.append(), -1.0
11, 524, -3.0, 1.0, -3.5, 3.5, 1, 2, buf.append(), -0.5
11, 525, -3.0, 1.0, -3.5, 4.0, 1, 2, buf.append(), 0.0
11, 526, -3.0, 1.0, -3.5, 4.5, 0, 0, buf.append(s), 3.0
11, 527, -3.0, 1.0, -3.5, 5.0, 0, 0, buf.append(s), 4.0
11, 528, -3.0, 1.0, -3.0, 0.0, 5, 2, append(), -2.0
11, 529, -3.0, 1.0, -3.0, 0.5, 5, 2, append(), -2.0
11, 530, -3.0, 1.0, -3.0, 1.0, 5, 2, append(), -2.0
11, 531, -3.0, 1.0, -3.0, 1.5, 5, 2, append(), -2.0
11, 532, -3.0, 1.0, -3.0, 2.0, 5, 2, append(), -2.0
11, 533, -3.0, 1.0, -3.0, 2.5, 1, 2, buf.append(), -1.5
11, 534, -3.0, 1.0, -3.0, 3.0, 1, 2, buf.append(), -1.0
11, 535, -3.0, 1.0, -3.0, 3.5, 1, 2, buf.append(), -0.5
11, 536, -3.0, 1.0, -3.0, 4.0, 1, 2, buf.append(), 0.0
11, 537, -3.0, 1.0, -3.0, 4.5, 0, 0, buf.append(s), 3.0
11, 538, -3.0, 1.0, -3.0, 5.0, 0, 0, buf.append(s), 4.0
11, 539, -3.0, 1.0, -2.5, 0.0, 5, 2, append(), -2.0
11, 540, -3.0, 1.0, -2.5, 0.5, 5, 2, append(), -2.0
11, 541, -3.0, 1.0, -2.5, 1.0, 5, 2, append(), -2.0
11, 542, -3.0, 1.0, -2.5, 1.5, 5, 2, append(), -2.0
11, 543, -3.0, 1.0, -2.5, 2.0, 5, 2, append(), -2.0
11, 544, -3.0, 1.0, -2.5, 2.5, 1, 2, buf.append(), -1.5
11, 545, -3.0, 1.0, -2.5, 3.0, 1, 2, buf.append(), -1.0
11, 546, -3.0, 1.0, -2.5, 3.5, 1, 2, buf.append(), -0.5
11, 547, -3.0, 1.0, -2.5, 4.0, 1, 2, buf.append(), 0.0
11, 548, -3.0, 1.0, -2.5, 4.5, 0, 0, buf.append(s), 3.0
11, 549, -3.0, 1.0, -2.5, 5.0, 0, 0, buf.append(s), 4.0
11, 550, -3.0, 1.0, -2.0, 0.0, 5, 2, append(), -2.0
11, 551, -3.0, 1.0, -2.0, 0.5, 5, 2, append(), -2.0
11, 552, -3.0, 1.0, -2.0, 1.0, 5, 2, append(), -2.0
11, 553, -3.0, 1.0, -2.0, 1.5, 5, 2, append(), -2.0
11, 554, -3.0, 1.0, -2.0, 2.0, 5, 2, append(), -2.0
11, 555, -3.0, 1.0, -2.0, 2.5, 1, 2, buf.append(), -1.5
11, 556, -3.0, 1.0, -2.0, 3.0, 1, 2, buf.append(), -1.0
11, 557, -3.0, 1.0, -2.0, 3.5, 1, 2, buf.append(), -0.5
11, 558, -3.0, 1.0, -2.0, 4.0, 1, 2, buf.append(), 0.0
11, 559, -3.0, 1.0, -2.0, 4.5, 0, 0, buf.append(s), 3.0
11, 560, -3.0, 1.0, -2.0, 5.0, 0, 0, buf.append(s), 4.0
11, 561, -3.0, 1.0, -1.5, 0.0, 5, 2, append(), -2.0
11, 562, -3.0, 1.0, -1.5, 0.5, 5, 2, append(), -2.0
11, 563, -3.0, 1.0, -1.5, 1.0, 5, 2, append(), -2.0
11, 564, -3.0, 1.0, -1.5, 1.5, 5, 2, append(), -2.0
11, 565, -3.0, 1.0, -1.5, 2.0, 5, 2, append(), -2.0
11, 566, -3.0, 1.0, -1.5, 2.5, 1, 2, buf.append(), -1.5
11, 567, -3.0, 1.0, -1.5, 3.0, 1, 2, buf.append(), -1.0
11, 568, -3.0, 1.0, -1.5, 3.5, 1, 2, buf.append(), -0.5
11, 569, -3.0, 1.0, -1.5, 4.0, 1, 2, buf.append(), 0.0
11, 570, -3.0, 1.0, -1.5, 4.5, 0, 0, buf.append(s), 3.0
11, 571, -3.0, 1.0, -1.5, 5.0, 0, 0, buf.append(s), 4.0
11, 572, -3.0, 1.0, -1.0, 0.0, 5, 2, append(), -2.0
11, 573, -3.0, 1.0, -1.0, 0.5, 5, 2, append(), -2.0
11, 574, -3.0, 1.0, -1.0, 1.0, 5, 2, append(), -2.0
11, 575, -3.0, 1.0, -1.0, 1.5, 5, 2, append(), -2.0
11, 576, -3.0, 1.0, -1.0, 2.0, 5, 2, append(), -2.0
11, 577, -3.0, 1.0, -1.0, 2.5, 1, 2, buf.append(), -1.5
11, 578, -3.0, 1.0, -1.0, 3.0, 1, 2, buf.append(), -1.0
11, 579, -3.0, 1.0, -1.0, 3.5, 1, 3, buf.append(), -0.5
11, 580, -3.0, 1.0, -1.0, 4.0, 10, 1, buf, 2.0
11, 581, -3.0, 1.0, -1.0, 4.5, 0, 0, buf.append(s), 3.0
11, 582, -3.0, 1.0, -1.0, 5.0, 0, 0, buf.append(s), 4.0
11, 583, -3.0, 1.0, -0.5, 0.0, 5, 2, append(), -2.0
11, 584, -3.0, 1.0, -0.5, 0.5, 5, 2, append(), -2.0
11, 585, -3.0, 1.0, -0.5, 1.0, 5, 2, append(), -2.0
11, 586, -3.0, 1.0, -0.5, 1.5, 5, 2, append(), -2.0
11, 587, -3.0, 1.0, -0.5, 2.0, 5, 3, append(), -2.0
11, 588, -3.0, 1.0, -0.5, 2.5, 1, 3, buf.append(), -1.5
11, 589, -3.0, 1.0, -0.5, 3.0, 1, 3, buf.append(), -1.0
11, 590, -3.0, 1.0, -0.5, 3.5, 10, 1, buf, 1.5
11, 591, -3.0, 1.0, -0.5, 4.0, 10, 2, buf, 2.0
11, 592, -3.0, 1.0, -0.5, 4.5, 27, 1, buf.append(new Task11().repeatString(s)), 4.0
11, 593, -3.0, 1.0, -0.5, 5.0, 47, 3, new Task11().repeatString(new Task11().repeatString(s)), 7.0
11, 594, -3.0, 1.0, 0.0, 0.0, 12, 2, Float.SIZE, -2.0
11, 595, -3.0, 1.0, 0.0, 0.5, 10, 1, buf, -1.5
11, 596, -3.0, 1.0, 0.0, 1.0, 10, 1, buf, -1.0
11, 597, -3.0, 1.0, 0.0, 1.5, 10, 1, buf, -0.5
11, 598, -3.0, 1.0, 0.0, 2.0, 10, 1, buf, 0.0
11, 599, -3.0, 1.0, 0.0, 2.5, 1, 4, buf.append(), -1.5
11, 600, -3.0, 1.0, 0.0, 3.0, 10, 2, buf, 1.0
11, 601, -3.0, 1.0, 0.0, 3.5, 10, 3, buf, 1.5
11, 602, -3.0, 1.0, 0.0, 4.0, 87, 3, new Task11().repeatString(s).replace(new Task11().repeatString(s), new Task11().repeatString(s)), 7.0
11, 603, -3.0, 1.0, 0.0, 4.5, 333, 3, new Task11().repeatString(s).regionMatches(Character.offsetByCodePoints(thisManyTimes, thisManyTimes, thisManyTimes, thisManyTimes), new Task11().repeatString(s), Character.offsetByCodePoints(thisManyTimes, thisManyTimes, thisManyTimes, thisManyTimes), Character.offsetByCodePoints(thisManyTimes, thisManyTimes, thisManyTimes, thisManyTimes)), 16.0
11, 604, -3.0, 1.0, 0.0, 5.0, 333, 4, new Task11().repeatString(s).regionMatches(Character.offsetByCodePoints(thisManyTimes, thisManyTimes, thisManyTimes, thisManyTimes), new Task11().repeatString(s), Character.offsetByCodePoints(thisManyTimes, thisManyTimes, thisManyTimes, thisManyTimes), Character.offsetByCodePoints(thisManyTimes, thisManyTimes, thisManyTimes, thisManyTimes)), 25.0
11, 605, -2.5, 1.0, -5.0, 0.0, 5, 2, append(), -1.5
11, 606, -2.5, 1.0, -5.0, 0.5, 5, 2, append(), -1.5
11, 607, -2.5, 1.0, -5.0, 1.0, 5, 2, append(), -1.5
11, 608, -2.5, 1.0, -5.0, 1.5, 5, 2, append(), -1.5
11, 609, -2.5, 1.0, -5.0, 2.0, 1, 2, buf.append(), -1.0
11, 610, -2.5, 1.0, -5.0, 2.5, 1, 2, buf.append(), -0.5
11, 611, -2.5, 1.0, -5.0, 3.0, 1, 2, buf.append(), 0.0
11, 612, -2.5, 1.0, -5.0, 3.5, 0, 0, buf.append(s), 2.5
11, 613, -2.5, 1.0, -5.0, 4.0, 0, 0, buf.append(s), 3.5
11, 614, -2.5, 1.0, -5.0, 4.5, 9, 4, buf.append(s).append(), 2.0
11, 615, -2.5, 1.0, -5.0, 5.0, 9, 4, buf.append(s).append(), 3.0
11, 616, -2.5, 1.0, -4.5, 0.0, 5, 2, append(), -1.5
11, 617, -2.5, 1.0, -4.5, 0.5, 5, 2, append(), -1.5
11, 618, -2.5, 1.0, -4.5, 1.0, 5, 2, append(), -1.5
11, 619, -2.5, 1.0, -4.5, 1.5, 5, 2, append(), -1.5
11, 620, -2.5, 1.0, -4.5, 2.0, 1, 2, buf.append(), -1.0
11, 621, -2.5, 1.0, -4.5, 2.5, 1, 2, buf.append(), -0.5
11, 622, -2.5, 1.0, -4.5, 3.0, 1, 2, buf.append(), 0.0
11, 623, -2.5, 1.0, -4.5, 3.5, 0, 0, buf.append(s), 2.5
11, 624, -2.5, 1.0, -4.5, 4.0, 0, 0, buf.append(s), 3.5
11, 625, -2.5, 1.0, -4.5, 4.5, 9, 4, buf.append(s).append(), 2.0
11, 626, -2.5, 1.0, -4.5, 5.0, 9, 4, buf.append(s).append(), 3.0
11, 627, -2.5, 1.0, -4.0, 0.0, 5, 2, append(), -1.5
11, 628, -2.5, 1.0, -4.0, 0.5, 5, 2, append(), -1.5
11, 629, -2.5, 1.0, -4.0, 1.0, 5, 2, append(), -1.5
11, 630, -2.5, 1.0, -4.0, 1.5, 5, 2, append(), -1.5
11, 631, -2.5, 1.0, -4.0, 2.0, 1, 2, buf.append(), -1.0
11, 632, -2.5, 1.0, -4.0, 2.5, 1, 2, buf.append(), -0.5
11, 633, -2.5, 1.0, -4.0, 3.0, 1, 2, buf.append(), 0.0
11, 634, -2.5, 1.0, -4.0, 3.5, 0, 0, buf.append(s), 2.5
11, 635, -2.5, 1.0, -4.0, 4.0, 0, 0, buf.append(s), 3.5
11, 636, -2.5, 1.0, -4.0, 4.5, 9, 4, buf.append(s).append(), 2.0
11, 637, -2.5, 1.0, -4.0, 5.0, 9, 4, buf.append(s).append(), 3.0
11, 638, -2.5, 1.0, -3.5, 0.0, 5, 2, append(), -1.5
11, 639, -2.5, 1.0, -3.5, 0.5, 5, 2, append(), -1.5
11, 640, -2.5, 1.0, -3.5, 1.0, 5, 2, append(), -1.5
11, 641, -2.5, 1.0, -3.5, 1.5, 5, 2, append(), -1.5
11, 642, -2.5, 1.0, -3.5, 2.0, 1, 2, buf.append(), -1.0
11, 643, -2.5, 1.0, -3.5, 2.5, 1, 2, buf.append(), -0.5
11, 644, -2.5, 1.0, -3.5, 3.0, 1, 2, buf.append(), 0.0
11, 645, -2.5, 1.0, -3.5, 3.5, 0, 0, buf.append(s), 2.5
11, 646, -2.5, 1.0, -3.5, 4.0, 0, 0, buf.append(s), 3.5
11, 647, -2.5, 1.0, -3.5, 4.5, 9, 4, buf.append(s).append(), 2.0
11, 648, -2.5, 1.0, -3.5, 5.0, 9, 4, buf.append(s).append(), 3.0
11, 649, -2.5, 1.0, -3.0, 0.0, 5, 2, append(), -1.5
11, 650, -2.5, 1.0, -3.0, 0.5, 5, 2, append(), -1.5
11, 651, -2.5, 1.0, -3.0, 1.0, 5, 2, append(), -1.5
11, 652, -2.5, 1.0, -3.0, 1.5, 5, 2, append(), -1.5
11, 653, -2.5, 1.0, -3.0, 2.0, 1, 2, buf.append(), -1.0
11, 654, -2.5, 1.0, -3.0, 2.5, 1, 2, buf.append(), -0.5
11, 655, -2.5, 1.0, -3.0, 3.0, 1, 2, buf.append(), 0.0
11, 656, -2.5, 1.0, -3.0, 3.5, 0, 0, buf.append(s), 2.5
11, 657, -2.5, 1.0, -3.0, 4.0, 0, 0, buf.append(s), 3.5
11, 658, -2.5, 1.0, -3.0, 4.5, 9, 4, buf.append(s).append(), 2.0
11, 659, -2.5, 1.0, -3.0, 5.0, 9, 4, buf.append(s).append(), 3.0
11, 660, -2.5, 1.0, -2.5, 0.0, 5, 2, append(), -1.5
11, 661, -2.5, 1.0, -2.5, 0.5, 5, 2, append(), -1.5
11, 662, -2.5, 1.0, -2.5, 1.0, 5, 2, append(), -1.5
11, 663, -2.5, 1.0, -2.5, 1.5, 5, 2, append(), -1.5
11, 664, -2.5, 1.0, -2.5, 2.0, 1, 2, buf.append(), -1.0
11, 665, -2.5, 1.0, -2.5, 2.5, 1, 2, buf.append(), -0.5
11, 666, -2.5, 1.0, -2.5, 3.0, 1, 2, buf.append(), 0.0
11, 667, -2.5, 1.0, -2.5, 3.5, 0, 0, buf.append(s), 2.5
11, 668, -2.5, 1.0, -2.5, 4.0, 0, 0, buf.append(s), 3.5
11, 669, -2.5, 1.0, -2.5, 4.5, 9, 4, buf.append(s).append(), 2.0
11, 670, -2.5, 1.0, -2.5, 5.0, 9, 4, buf.append(s).append(), 3.0
11, 671, -2.5, 1.0, -2.0, 0.0, 5, 2, append(), -1.5
11, 672, -2.5, 1.0, -2.0, 0.5, 5, 2, append(), -1.5
11, 673, -2.5, 1.0, -2.0, 1.0, 5, 2, append(), -1.5
11, 674, -2.5, 1.0, -2.0, 1.5, 5, 2, append(), -1.5
11, 675, -2.5, 1.0, -2.0, 2.0, 1, 2, buf.append(), -1.0
11, 676, -2.5, 1.0, -2.0, 2.5, 1, 2, buf.append(), -0.5
11, 677, -2.5, 1.0, -2.0, 3.0, 1, 2, buf.append(), 0.0
11, 678, -2.5, 1.0, -2.0, 3.5, 0, 0, buf.append(s), 2.5
11, 679, -2.5, 1.0, -2.0, 4.0, 0, 0, buf.append(s), 3.5
11, 680, -2.5, 1.0, -2.0, 4.5, 9, 4, buf.append(s).append(), 2.0
11, 681, -2.5, 1.0, -2.0, 5.0, 7, 3, buf.append(s).put(s), 3.5
11, 682, -2.5, 1.0, -1.5, 0.0, 5, 2, append(), -1.5
11, 683, -2.5, 1.0, -1.5, 0.5, 5, 2, append(), -1.5
11, 684, -2.5, 1.0, -1.5, 1.0, 5, 2, append(), -1.5
11, 685, -2.5, 1.0, -1.5, 1.5, 5, 2, append(), -1.5
11, 686, -2.5, 1.0, -1.5, 2.0, 1, 2, buf.append(), -1.0
11, 687, -2.5, 1.0, -1.5, 2.5, 1, 2, buf.append(), -0.5
11, 688, -2.5, 1.0, -1.5, 3.0, 1, 2, buf.append(), 0.0
11, 689, -2.5, 1.0, -1.5, 3.5, 0, 0, buf.append(s), 2.5
11, 690, -2.5, 1.0, -1.5, 4.0, 0, 0, buf.append(s), 3.5
11, 691, -2.5, 1.0, -1.5, 4.5, 7, 4, buf.append(s).put(s), 2.5
11, 692, -2.5, 1.0, -1.5, 5.0, 7, 2, buf.append(s).put(s), 4.0
11, 693, -2.5, 1.0, -1.0, 0.0, 5, 2, append(), -1.5
11, 694, -2.5, 1.0, -1.0, 0.5, 5, 2, append(), -1.5
11, 695, -2.5, 1.0, -1.0, 1.0, 5, 2, append(), -1.5
11, 696, -2.5, 1.0, -1.0, 1.5, 5, 2, append(), -1.5
11, 697, -2.5, 1.0, -1.0, 2.0, 1, 2, buf.append(), -1.0
11, 698, -2.5, 1.0, -1.0, 2.5, 1, 2, buf.append(), -0.5
11, 699, -2.5, 1.0, -1.0, 3.0, 1, 2, buf.append(), 0.0
11, 700, -2.5, 1.0, -1.0, 3.5, 0, 0, buf.append(s), 2.5
11, 701, -2.5, 1.0, -1.0, 4.0, 0, 0, buf.append(s), 3.5
11, 702, -2.5, 1.0, -1.0, 4.5, 7, 3, buf.append(s).put(s), 3.0
11, 703, -2.5, 1.0, -1.0, 5.0, 37, 1, buf.append(s).append(new Task11().repeatString(s)), 6.5
11, 704, -2.5, 1.0, -0.5, 0.0, 5, 2, append(), -1.5
11, 705, -2.5, 1.0, -0.5, 0.5, 5, 2, append(), -1.5
11, 706, -2.5, 1.0, -0.5, 1.0, 5, 2, append(), -1.5
11, 707, -2.5, 1.0, -0.5, 1.5, 5, 2, append(), -1.5
11, 708, -2.5, 1.0, -0.5, 2.0, 1, 2, buf.append(), -1.0
11, 709, -2.5, 1.0, -0.5, 2.5, 1, 3, buf.append(), -0.5
11, 710, -2.5, 1.0, -0.5, 3.0, 10, 1, buf, 1.5
11, 711, -2.5, 1.0, -0.5, 3.5, 0, 0, buf.append(s), 2.5
11, 712, -2.5, 1.0, -0.5, 4.0, 27, 1, buf.append(new Task11().repeatString(s)), 4.5
11, 713, -2.5, 1.0, -0.5, 4.5, 90, 2, new Task11().repeatString(s).replaceAll(new Task11().repeatString(s), new Task11().repeatString(s)), 9.5
11, 714, -2.5, 1.0, -0.5, 5.0, 90, 3, new Task11().repeatString(s).replaceAll(new Task11().repeatString(s), new Task11().repeatString(s)), 14.0
11, 715, -2.5, 1.0, 0.0, 0.0, 12, 2, Float.SIZE, -1.5
11, 716, -2.5, 1.0, 0.0, 0.5, 10, 1, buf, -1.0
11, 717, -2.5, 1.0, 0.0, 1.0, 10, 1, buf, -0.5
11, 718, -2.5, 1.0, 0.0, 1.5, 10, 1, buf, 0.0
11, 719, -2.5, 1.0, 0.0, 2.0, 1, 4, buf.append(), -1.0
11, 720, -2.5, 1.0, 0.0, 2.5, 10, 2, buf, 1.0
11, 721, -2.5, 1.0, 0.0, 3.0, 47, 0, new Task11().repeatString(new Task11().repeatString(s)), 3.5
11, 722, -2.5, 1.0, 0.0, 3.5, 191, 4, new StackTraceElement(new Task11().repeatString(s), new Task11().repeatString(s), new Task11().repeatString(s), Character.offsetByCodePoints(thisManyTimes, thisManyTimes, thisManyTimes, thisManyTimes)), 9.0
11, 723, -2.5, 1.0, 0.0, 4.0, 333, 4, new Task11().repeatString(s).regionMatches(Character.offsetByCodePoints(thisManyTimes, thisManyTimes, thisManyTimes, thisManyTimes), new Task11().repeatString(s), Character.offsetByCodePoints(thisManyTimes, thisManyTimes, thisManyTimes, thisManyTimes), Character.offsetByCodePoints(thisManyTimes, thisManyTimes, thisManyTimes, thisManyTimes)), 18.0
11, 724, -2.5, 1.0, 0.0, 4.5, 333, 4, new Task11().repeatString(s).regionMatches(Character.offsetByCodePoints(thisManyTimes, thisManyTimes, thisManyTimes, thisManyTimes), new Task11().repeatString(s), Character.offsetByCodePoints(thisManyTimes, thisManyTimes, thisManyTimes, thisManyTimes), Character.offsetByCodePoints(thisManyTimes, thisManyTimes, thisManyTimes, thisManyTimes)), 27.0
11, 725, -2.5, 1.0, 0.0, 5.0, 333, 4, new Task11().repeatString(s).regionMatches(Character.offsetByCodePoints(thisManyTimes, thisManyTimes, thisManyTimes, thisManyTimes), new Task11().repeatString(s), Character.offsetByCodePoints(thisManyTimes, thisManyTimes, thisManyTimes, thisManyTimes), Character.offsetByCodePoints(thisManyTimes, thisManyTimes, thisManyTimes, thisManyTimes)), 36.0
11, 726, -2.0, 1.0, -5.0, 0.0, 5, 2, append(), -1.0
11, 727, -2.0, 1.0, -5.0, 0.5, 5, 2, append(), -1.0
11, 728, -2.0, 1.0, -5.0, 1.0, 5, 2, append(), -1.0
11, 729, -2.0, 1.0, -5.0, 1.5, 1, 2, buf.append(), -0.5
11, 730, -2.0, 1.0, -5.0, 2.0, 1, 2, buf.append(), 0.0
11, 731, -2.0, 1.0, -5.0, 2.5, 0, 0, buf.append(s), 2.0
11, 732, -2.0, 1.0, -5.0, 3.0, 0, 0, buf.append(s), 3.0
11, 733, -2.0, 1.0, -5.0, 3.5, 9, 4, buf.append(s).append(), 2.0
11, 734, -2.0, 1.0, -5.0, 4.0, 9, 3, buf.append(s).append(), 3.0
11, 735, -2.0, 1.0, -5.0, 4.5, 9, 3, buf.append().append(s), 4.0
11, 736, -2.0, 1.0, -5.0, 5.0, 9, 3, buf.append().append(s), 5.0
11, 737, -2.0, 1.0, -4.5, 0.0, 5, 2, append(), -1.0
11, 738, -2.0, 1.0, -4.5, 0.5, 5, 2, append(), -1.0
11, 739, -2.0, 1.0, -4.5, 1.0, 5, 2, append(), -1.0
11, 740, -2.0, 1.0, -4.5, 1.5, 1, 2, buf.append(), -0.5
11, 741, -2.0, 1.0, -4.5, 2.0, 1, 2, buf.append(), 0.0
11, 742, -2.0, 1.0, -4.5, 2.5, 0, 0, buf.append(s), 2.0
11, 743, -2.0, 1.0, -4.5, 3.0, 0, 0, buf.append(s), 3.0
11, 744, -2.0, 1.0, -4.5, 3.5, 9, 4, buf.append(s).append(), 2.0
11, 745, -2.0, 1.0, -4.5, 4.0, 9, 3, buf.append(s).append(), 3.0
11, 746, -2.0, 1.0, -4.5, 4.5, 9, 3, buf.append().append(s), 4.0
11, 747, -2.0, 1.0, -4.5, 5.0, 9, 3, buf.append().append(s), 5.0
11, 748, -2.0, 1.0, -4.0, 0.0, 5, 2, append(), -1.0
11, 749, -2.0, 1.0, -4.0, 0.5, 5, 2, append(), -1.0
11, 750, -2.0, 1.0, -4.0, 1.0, 5, 2, append(), -1.0
11, 751, -2.0, 1.0, -4.0, 1.5, 1, 2, buf.append(), -0.5
11, 752, -2.0, 1.0, -4.0, 2.0, 1, 2, buf.append(), 0.0
11, 753, -2.0, 1.0, -4.0, 2.5, 0, 0, buf.append(s), 2.0
11, 754, -2.0, 1.0, -4.0, 3.0, 0, 0, buf.append(s), 3.0
11, 755, -2.0, 1.0, -4.0, 3.5, 9, 4, buf.append(s).append(), 2.0
11, 756, -2.0, 1.0, -4.0, 4.0, 9, 3, buf.append(s).append(), 3.0
11, 757, -2.0, 1.0, -4.0, 4.5, 9, 3, buf.append().append(s), 4.0
11, 758, -2.0, 1.0, -4.0, 5.0, 9, 4, buf.append().append(s), 5.0
11, 759, -2.0, 1.0, -3.5, 0.0, 5, 2, append(), -1.0
11, 760, -2.0, 1.0, -3.5, 0.5, 5, 2, append(), -1.0
11, 761, -2.0, 1.0, -3.5, 1.0, 5, 2, append(), -1.0
11, 762, -2.0, 1.0, -3.5, 1.5, 1, 2, buf.append(), -0.5
11, 763, -2.0, 1.0, -3.5, 2.0, 1, 2, buf.append(), 0.0
11, 764, -2.0, 1.0, -3.5, 2.5, 0, 0, buf.append(s), 2.0
11, 765, -2.0, 1.0, -3.5, 3.0, 0, 0, buf.append(s), 3.0
11, 766, -2.0, 1.0, -3.5, 3.5, 9, 4, buf.append(s).append(), 2.0
11, 767, -2.0, 1.0, -3.5, 4.0, 9, 3, buf.append(s).append(), 3.0
11, 768, -2.0, 1.0, -3.5, 4.5, 9, 3, buf.append().append(s), 4.0
11, 769, -2.0, 1.0, -3.5, 5.0, 10, 1, buf.append(s).append(s), 8.0
11, 770, -2.0, 1.0, -3.0, 0.0, 5, 2, append(), -1.0
11, 771, -2.0, 1.0, -3.0, 0.5, 5, 2, append(), -1.0
11, 772, -2.0, 1.0, -3.0, 1.0, 5, 2, append(), -1.0
11, 773, -2.0, 1.0, -3.0, 1.5, 1, 2, buf.append(), -0.5
11, 774, -2.0, 1.0, -3.0, 2.0, 1, 2, buf.append(), 0.0
11, 775, -2.0, 1.0, -3.0, 2.5, 0, 0, buf.append(s), 2.0
11, 776, -2.0, 1.0, -3.0, 3.0, 0, 0, buf.append(s), 3.0
11, 777, -2.0, 1.0, -3.0, 3.5, 9, 4, buf.append(s).append(), 2.0
11, 778, -2.0, 1.0, -3.0, 4.0, 9, 3, buf.append(s).append(), 3.0
11, 779, -2.0, 1.0, -3.0, 4.5, 9, 4, buf.append().append(s), 4.0
11, 780, -2.0, 1.0, -3.0, 5.0, 10, 1, buf.append(s).append(s), 8.0
11, 781, -2.0, 1.0, -2.5, 0.0, 5, 2, append(), -1.0
11, 782, -2.0, 1.0, -2.5, 0.5, 5, 2, append(), -1.0
11, 783, -2.0, 1.0, -2.5, 1.0, 5, 2, append(), -1.0
11, 784, -2.0, 1.0, -2.5, 1.5, 1, 2, buf.append(), -0.5
11, 785, -2.0, 1.0, -2.5, 2.0, 1, 2, buf.append(), 0.0
11, 786, -2.0, 1.0, -2.5, 2.5, 0, 0, buf.append(s), 2.0
11, 787, -2.0, 1.0, -2.5, 3.0, 0, 0, buf.append(s), 3.0
11, 788, -2.0, 1.0, -2.5, 3.5, 9, 4, buf.append(s).append(), 2.0
11, 789, -2.0, 1.0, -2.5, 4.0, 9, 3, buf.append(s).append(), 3.0
11, 790, -2.0, 1.0, -2.5, 4.5, 10, 1, buf.append(s).append(s), 6.5
11, 791, -2.0, 1.0, -2.5, 5.0, 10, 1, buf.append(s).append(s), 8.0
11, 792, -2.0, 1.0, -2.0, 0.0, 5, 2, append(), -1.0
11, 793, -2.0, 1.0, -2.0, 0.5, 5, 2, append(), -1.0
11, 794, -2.0, 1.0, -2.0, 1.0, 5, 2, append(), -1.0
11, 795, -2.0, 1.0, -2.0, 1.5, 1, 2, buf.append(), -0.5
11, 796, -2.0, 1.0, -2.0, 2.0, 1, 2, buf.append(), 0.0
11, 797, -2.0, 1.0, -2.0, 2.5, 0, 0, buf.append(s), 2.0
11, 798, -2.0, 1.0, -2.0, 3.0, 0, 0, buf.append(s), 3.0
11, 799, -2.0, 1.0, -2.0, 3.5, 9, 4, buf.append(s).append(), 2.0
11, 800, -2.0, 1.0, -2.0, 4.0, 7, 4, buf.append(s).put(s), 3.0
11, 801, -2.0, 1.0, -2.0, 4.5, 10, 1, buf.append(s).append(s), 6.5
11, 802, -2.0, 1.0, -2.0, 5.0, 10, 1, buf.append(s).append(s), 8.0
11, 803, -2.0, 1.0, -1.5, 0.0, 5, 2, append(), -1.0
11, 804, -2.0, 1.0, -1.5, 0.5, 5, 2, append(), -1.0
11, 805, -2.0, 1.0, -1.5, 1.0, 5, 2, append(), -1.0
11, 806, -2.0, 1.0, -1.5, 1.5, 1, 2, buf.append(), -0.5
11, 807, -2.0, 1.0, -1.5, 2.0, 1, 2, buf.append(), 0.0
11, 808, -2.0, 1.0, -1.5, 2.5, 0, 0, buf.append(s), 2.0
11, 809, -2.0, 1.0, -1.5, 3.0, 0, 0, buf.append(s), 3.0
11, 810, -2.0, 1.0, -1.5, 3.5, 9, 4, buf.append(s).append(), 2.0
11, 811, -2.0, 1.0, -1.5, 4.0, 7, 2, buf.append(s).put(s), 3.5
11, 812, -2.0, 1.0, -1.5, 4.5, 10, 1, buf.append(s).append(s), 6.5
11, 813, -2.0, 1.0, -1.5, 5.0, 26, 3, buf.append(s).append(s.replace(buf, s)), 10.5
11, 814, -2.0, 1.0, -1.0, 0.0, 5, 2, append(), -1.0
11, 815, -2.0, 1.0, -1.0, 0.5, 5, 2, append(), -1.0
11, 816, -2.0, 1.0, -1.0, 1.0, 5, 2, append(), -1.0
11, 817, -2.0, 1.0, -1.0, 1.5, 1, 2, buf.append(), -0.5
11, 818, -2.0, 1.0, -1.0, 2.0, 1, 2, buf.append(), 0.0
11, 819, -2.0, 1.0, -1.0, 2.5, 0, 0, buf.append(s), 2.0
11, 820, -2.0, 1.0, -1.0, 3.0, 0, 0, buf.append(s), 3.0
11, 821, -2.0, 1.0, -1.0, 3.5, 7, 3, buf.append(s).put(s), 2.5
11, 822, -2.0, 1.0, -1.0, 4.0, 7, 2, buf.append(s).put(s), 4.0
11, 823, -2.0, 1.0, -1.0, 4.5, 26, 4, buf.append(s).append(s.replace(buf, s)), 8.5
11, 824, -2.0, 1.0, -1.0, 5.0, 53, 0, s.replace(buf, s).replace(s.replace(buf, s), s.replace(buf, s)), 17.0
11, 825, -2.0, 1.0, -0.5, 0.0, 5, 2, append(), -1.0
11, 826, -2.0, 1.0, -0.5, 0.5, 5, 2, append(), -1.0
11, 827, -2.0, 1.0, -0.5, 1.0, 5, 2, append(), -1.0
11, 828, -2.0, 1.0, -0.5, 1.5, 1, 2, buf.append(), -0.5
11, 829, -2.0, 1.0, -0.5, 2.0, 1, 2, buf.append(), 0.0
11, 830, -2.0, 1.0, -0.5, 2.5, 0, 0, buf.append(s), 2.0
11, 831, -2.0, 1.0, -0.5, 3.0, 0, 0, buf.append(s), 3.0
11, 832, -2.0, 1.0, -0.5, 3.5, 37, 4, buf.append(s).append(new Task11().repeatString(s)), 4.5
11, 833, -2.0, 1.0, -0.5, 4.0, 76, 1, s.replace(buf, s).replaceAll(new Task11().repeatString(s), new Task11().repeatString(s)), 10.5
11, 834, -2.0, 1.0, -0.5, 4.5, 142, 3, s.replace(buf, s).regionMatches(buf.indexOf(s, thisManyTimes), new Task11().repeatString(s), buf.indexOf(s, thisManyTimes), buf.indexOf(s, thisManyTimes)), 18.5
11, 835, -2.0, 1.0, -0.5, 5.0, 174, 4, buf.insert(thisManyTimes, s, thisManyTimes, thisManyTimes).append(buf.insert(thisManyTimes, s, thisManyTimes, thisManyTimes), buf.indexOf(s, thisManyTimes), buf.indexOf(s, thisManyTimes)), 26.0
11, 836, -2.0, 1.0, 0.0, 0.0, 12, 2, Float.SIZE, -1.0
11, 837, -2.0, 1.0, 0.0, 0.5, 10, 1, buf, -0.5
11, 838, -2.0, 1.0, 0.0, 1.0, 10, 1, buf, 0.0
11, 839, -2.0, 1.0, 0.0, 1.5, 1, 3, buf.append(), -0.5
11, 840, -2.0, 1.0, 0.0, 2.0, 10, 2, buf, 1.0
11, 841, -2.0, 1.0, 0.0, 2.5, 92, 4, new Task11().repeatString(s).replaceFirst(new Task11().repeatString(s), new Task11().repeatString(s)), 3.5
11, 842, -2.0, 1.0, 0.0, 3.0, 333, 3, new Task11().repeatString(s).regionMatches(Character.offsetByCodePoints(thisManyTimes, thisManyTimes, thisManyTimes, thisManyTimes), new Task11().repeatString(s), Character.offsetByCodePoints(thisManyTimes, thisManyTimes, thisManyTimes, thisManyTimes), Character.offsetByCodePoints(thisManyTimes, thisManyTimes, thisManyTimes, thisManyTimes)), 11.0
11, 843, -2.0, 1.0, 0.0, 3.5, 292, 4, buf.insert(thisManyTimes, s, thisManyTimes, thisManyTimes).append(buf.insert(thisManyTimes, s, thisManyTimes, thisManyTimes), Character.offsetByCodePoints(thisManyTimes, thisManyTimes, thisManyTimes, thisManyTimes), Character.offsetByCodePoints(thisManyTimes, thisManyTimes, thisManyTimes, thisManyTimes)), 20.0
11, 844, -2.0, 1.0, 0.0, 4.0, 292, 4, buf.insert(thisManyTimes, s, thisManyTimes, thisManyTimes).append(buf.insert(thisManyTimes, s, thisManyTimes, thisManyTimes), Character.offsetByCodePoints(thisManyTimes, thisManyTimes, thisManyTimes, thisManyTimes), Character.offsetByCodePoints(thisManyTimes, thisManyTimes, thisManyTimes, thisManyTimes)), 29.0
11, 845, -2.0, 1.0, 0.0, 4.5, 292, 4, buf.insert(thisManyTimes, s, thisManyTimes, thisManyTimes).append(buf.insert(thisManyTimes, s, thisManyTimes, thisManyTimes), Character.offsetByCodePoints(thisManyTimes, thisManyTimes, thisManyTimes, thisManyTimes), Character.offsetByCodePoints(thisManyTimes, thisManyTimes, thisManyTimes, thisManyTimes)), 38.0
11, 846, -2.0, 1.0, 0.0, 5.0, 292, 4, buf.insert(thisManyTimes, s, thisManyTimes, thisManyTimes).append(buf.insert(thisManyTimes, s, thisManyTimes, thisManyTimes), Character.offsetByCodePoints(thisManyTimes, thisManyTimes, thisManyTimes, thisManyTimes), Character.offsetByCodePoints(thisManyTimes, thisManyTimes, thisManyTimes, thisManyTimes)), 47.0
11, 847, -1.5, 1.0, -5.0, 0.0, 5, 2, append(), -0.5
11, 848, -1.5, 1.0, -5.0, 0.5, 5, 2, append(), -0.5
11, 849, -1.5, 1.0, -5.0, 1.0, 1, 2, buf.append(), 0.0
11, 850, -1.5, 1.0, -5.0, 1.5, 0, 0, buf.append(s), 1.5
11, 851, -1.5, 1.0, -5.0, 2.0, 0, 0, buf.append(s), 2.5
11, 852, -1.5, 1.0, -5.0, 2.5, 9, 3, buf.append(s).append(), 2.0
11, 853, -1.5, 1.0, -5.0, 3.0, 9, 2, buf.append().append(s), 3.0
11, 854, -1.5, 1.0, -5.0, 3.5, 9, 3, buf.append().append(s), 4.0
11, 855, -1.5, 1.0, -5.0, 4.0, 9, 3, buf.append().append(s), 5.0
11, 856, -1.5, 1.0, -5.0, 4.5, 9, 3, buf.append().append(s), 6.0
11, 857, -1.5, 1.0, -5.0, 5.0, 10, 1, buf.append(s).append(s), 10.5
11, 858, -1.5, 1.0, -4.5, 0.0, 5, 2, append(), -0.5
11, 859, -1.5, 1.0, -4.5, 0.5, 5, 2, append(), -0.5
11, 860, -1.5, 1.0, -4.5, 1.0, 1, 2, buf.append(), 0.0
11, 861, -1.5, 1.0, -4.5, 1.5, 0, 0, buf.append(s), 1.5
11, 862, -1.5, 1.0, -4.5, 2.0, 0, 0, buf.append(s), 2.5
11, 863, -1.5, 1.0, -4.5, 2.5, 9, 3, buf.append(s).append(), 2.0
11, 864, -1.5, 1.0, -4.5, 3.0, 9, 2, buf.append().append(s), 3.0
11, 865, -1.5, 1.0, -4.5, 3.5, 9, 3, buf.append().append(s), 4.0
11, 866, -1.5, 1.0, -4.5, 4.0, 9, 3, buf.append().append(s), 5.0
11, 867, -1.5, 1.0, -4.5, 4.5, 9, 4, buf.append().append(s), 6.0
11, 868, -1.5, 1.0, -4.5, 5.0, 10, 1, buf.append(s).append(s), 10.5
11, 869, -1.5, 1.0, -4.0, 0.0, 5, 2, append(), -0.5
11, 870, -1.5, 1.0, -4.0, 0.5, 5, 2, append(), -0.5
11, 871, -1.5, 1.0, -4.0, 1.0, 1, 2, buf.append(), 0.0
11, 872, -1.5, 1.0, -4.0, 1.5, 0, 0, buf.append(s), 1.5
11, 873, -1.5, 1.0, -4.0, 2.0, 0, 0, buf.append(s), 2.5
11, 874, -1.5, 1.0, -4.0, 2.5, 9, 3, buf.append(s).append(), 2.0
11, 875, -1.5, 1.0, -4.0, 3.0, 9, 2, buf.append().append(s), 3.0
11, 876, -1.5, 1.0, -4.0, 3.5, 9, 3, buf.append().append(s), 4.0
11, 877, -1.5, 1.0, -4.0, 4.0, 9, 3, buf.append().append(s), 5.0
11, 878, -1.5, 1.0, -4.0, 4.5, 10, 1, buf.append(s).append(s), 9.0
11, 879, -1.5, 1.0, -4.0, 5.0, 10, 1, buf.append(s).append(s), 10.5
11, 880, -1.5, 1.0, -3.5, 0.0, 5, 2, append(), -0.5
11, 881, -1.5, 1.0, -3.5, 0.5, 5, 2, append(), -0.5
11, 882, -1.5, 1.0, -3.5, 1.0, 1, 2, buf.append(), 0.0
11, 883, -1.5, 1.0, -3.5, 1.5, 0, 0, buf.append(s), 1.5
11, 884, -1.5, 1.0, -3.5, 2.0, 0, 0, buf.append(s), 2.5
11, 885, -1.5, 1.0, -3.5, 2.5, 9, 3, buf.append(s).append(), 2.0
11, 886, -1.5, 1.0, -3.5, 3.0, 9, 2, buf.append().append(s), 3.0
11, 887, -1.5, 1.0, -3.5, 3.5, 9, 3, buf.append().append(s), 4.0
11, 888, -1.5, 1.0, -3.5, 4.0, 9, 4, buf.append().append(s), 5.0
11, 889, -1.5, 1.0, -3.5, 4.5, 10, 1, buf.append(s).append(s), 9.0
11, 890, -1.5, 1.0, -3.5, 5.0, 10, 1, buf.append(s).append(s), 10.5
11, 891, -1.5, 1.0, -3.0, 0.0, 5, 2, append(), -0.5
11, 892, -1.5, 1.0, -3.0, 0.5, 5, 2, append(), -0.5
11, 893, -1.5, 1.0, -3.0, 1.0, 1, 2, buf.append(), 0.0
11, 894, -1.5, 1.0, -3.0, 1.5, 0, 0, buf.append(s), 1.5
11, 895, -1.5, 1.0, -3.0, 2.0, 0, 0, buf.append(s), 2.5
11, 896, -1.5, 1.0, -3.0, 2.5, 9, 3, buf.append(s).append(), 2.0
11, 897, -1.5, 1.0, -3.0, 3.0, 9, 2, buf.append().append(s), 3.0
11, 898, -1.5, 1.0, -3.0, 3.5, 9, 3, buf.append().append(s), 4.0
11, 899, -1.5, 1.0, -3.0, 4.0, 10, 1, buf.append(s).append(s), 7.5
11, 900, -1.5, 1.0, -3.0, 4.5, 10, 1, buf.append(s).append(s), 9.0
11, 901, -1.5, 1.0, -3.0, 5.0, 10, 1, buf.append(s).append(s), 10.5
11, 902, -1.5, 1.0, -2.5, 0.0, 5, 2, append(), -0.5
11, 903, -1.5, 1.0, -2.5, 0.5, 5, 2, append(), -0.5
11, 904, -1.5, 1.0, -2.5, 1.0, 1, 2, buf.append(), 0.0
11, 905, -1.5, 1.0, -2.5, 1.5, 0, 0, buf.append(s), 1.5
11, 906, -1.5, 1.0, -2.5, 2.0, 0, 0, buf.append(s), 2.5
11, 907, -1.5, 1.0, -2.5, 2.5, 9, 3, buf.append(s).append(), 2.0
11, 908, -1.5, 1.0, -2.5, 3.0, 9, 2, buf.append().append(s), 3.0
11, 909, -1.5, 1.0, -2.5, 3.5, 9, 4, buf.append().append(s), 4.0
11, 910, -1.5, 1.0, -2.5, 4.0, 10, 1, buf.append(s).append(s), 7.5
11, 911, -1.5, 1.0, -2.5, 4.5, 10, 1, buf.append(s).append(s), 9.0
11, 912, -1.5, 1.0, -2.5, 5.0, 26, 3, buf.append(s).append(s.replace(buf, s)), 13.5
11, 913, -1.5, 1.0, -2.0, 0.0, 5, 2, append(), -0.5
11, 914, -1.5, 1.0, -2.0, 0.5, 5, 2, append(), -0.5
11, 915, -1.5, 1.0, -2.0, 1.0, 1, 2, buf.append(), 0.0
11, 916, -1.5, 1.0, -2.0, 1.5, 0, 0, buf.append(s), 1.5
11, 917, -1.5, 1.0, -2.0, 2.0, 0, 0, buf.append(s), 2.5
11, 918, -1.5, 1.0, -2.0, 2.5, 9, 3, buf.append(s).append(), 2.0
11, 919, -1.5, 1.0, -2.0, 3.0, 9, 2, buf.append().append(s), 3.0
11, 920, -1.5, 1.0, -2.0, 3.5, 10, 1, buf.append(s).append(s), 6.0
11, 921, -1.5, 1.0, -2.0, 4.0, 10, 1, buf.append(s).append(s), 7.5
11, 922, -1.5, 1.0, -2.0, 4.5, 26, 3, buf.append(s).append(s.replace(buf, s)), 11.5
11, 923, -1.5, 1.0, -2.0, 5.0, 26, 3, buf.append(s).append(s.replace(buf, s)), 14.0
11, 924, -1.5, 1.0, -1.5, 0.0, 5, 2, append(), -0.5
11, 925, -1.5, 1.0, -1.5, 0.5, 5, 2, append(), -0.5
11, 926, -1.5, 1.0, -1.5, 1.0, 1, 2, buf.append(), 0.0
11, 927, -1.5, 1.0, -1.5, 1.5, 0, 0, buf.append(s), 1.5
11, 928, -1.5, 1.0, -1.5, 2.0, 0, 0, buf.append(s), 2.5
11, 929, -1.5, 1.0, -1.5, 2.5, 9, 3, buf.append(s).append(), 2.0
11, 930, -1.5, 1.0, -1.5, 3.0, 7, 4, buf.append(s).put(s), 3.0
11, 931, -1.5, 1.0, -1.5, 3.5, 10, 1, buf.append(s).append(s), 6.0
11, 932, -1.5, 1.0, -1.5, 4.0, 26, 3, buf.append(s).append(s.replace(buf, s)), 9.5
11, 933, -1.5, 1.0, -1.5, 4.5, 53, 0, s.replace(buf, s).replace(s.replace(buf, s), s.replace(buf, s)), 17.0
11, 934, -1.5, 1.0, -1.5, 5.0, 53, 0, s.replace(buf, s).replace(s.replace(buf, s), s.replace(buf, s)), 21.5
11, 935, -1.5, 1.0, -1.0, 0.0, 5, 2, append(), -0.5
11, 936, -1.5, 1.0, -1.0, 0.5, 5, 2, append(), -0.5
11, 937, -1.5, 1.0, -1.0, 1.0, 1, 2, buf.append(), 0.0
11, 938, -1.5, 1.0, -1.0, 1.5, 0, 0, buf.append(s), 1.5
11, 939, -1.5, 1.0, -1.0, 2.0, 0, 0, buf.append(s), 2.5
11, 940, -1.5, 1.0, -1.0, 2.5, 7, 4, buf.append(s).put(s), 2.0
11, 941, -1.5, 1.0, -1.0, 3.0, 7, 2, buf.append(s).put(s), 3.5
11, 942, -1.5, 1.0, -1.0, 3.5, 26, 3, buf.append(s).append(s.replace(buf, s)), 7.5
11, 943, -1.5, 1.0, -1.0, 4.0, 53, 0, s.replace(buf, s).replace(s.replace(buf, s), s.replace(buf, s)), 14.5
11, 944, -1.5, 1.0, -1.0, 4.5, 53, 2, s.replace(buf, s).replace(s.replace(buf, s), s.replace(buf, s)), 19.0
11, 945, -1.5, 1.0, -1.0, 5.0, 97, 4, new StackTraceElement(s.replace(buf, s), s.replace(buf, s), s.replace(buf, s), buf.indexOf(s, thisManyTimes)), 24.5
11, 946, -1.5, 1.0, -0.5, 0.0, 5, 2, append(), -0.5
11, 947, -1.5, 1.0, -0.5, 0.5, 5, 2, append(), -0.5
11, 948, -1.5, 1.0, -0.5, 1.0, 1, 2, buf.append(), 0.0
11, 949, -1.5, 1.0, -0.5, 1.5, 0, 0, buf.append(s), 1.5
11, 950, -1.5, 1.0, -0.5, 2.0, 0, 0, buf.append(s), 2.5
11, 951, -1.5, 1.0, -0.5, 2.5, 7, 2, buf.append(s).put(s), 2.5
11, 952, -1.5, 1.0, -0.5, 3.0, 46, 0, s.replace(buf, s).replace(buf.append(s), s.replace(buf, s)), 7.5
11, 953, -1.5, 1.0, -0.5, 3.5, 118, 4, buf.append(s, thisManyTimes, thisManyTimes).append(s.replace(buf, s), buf.indexOf(s, thisManyTimes), buf.indexOf(s, thisManyTimes)), 13.0
11, 954, -1.5, 1.0, -0.5, 4.0, 131, 3, s.replace(buf, s).regionMatches(buf.indexOf(s, thisManyTimes), s.replace(buf, s), buf.indexOf(s, thisManyTimes), buf.indexOf(s, thisManyTimes)), 21.0
11, 955, -1.5, 1.0, -0.5, 4.5, 131, 4, s.replace(buf, s).regionMatches(buf.indexOf(s, thisManyTimes), s.replace(buf, s), buf.indexOf(s, thisManyTimes), buf.indexOf(s, thisManyTimes)), 28.5
11, 956, -1.5, 1.0, -0.5, 5.0, 174, 4, buf.insert(thisManyTimes, s, thisManyTimes, thisManyTimes).append(buf.insert(thisManyTimes, s, thisManyTimes, thisManyTimes), buf.indexOf(s, thisManyTimes), buf.indexOf(s, thisManyTimes)), 36.5
11, 957, -1.5, 1.0, 0.0, 0.0, 12, 2, Float.SIZE, -0.5
11, 958, -1.5, 1.0, 0.0, 0.5, 10, 1, buf, 0.0
11, 959, -1.5, 1.0, 0.0, 1.0, 1, 2, buf.append(), 0.0
11, 960, -1.5, 1.0, 0.0, 1.5, 0, 0, buf.append(s), 1.5
11, 961, -1.5, 1.0, 0.0, 2.0, 98, 0, new Task11().repeatString(s).replace(buf.append(s, thisManyTimes, thisManyTimes), new Task11().repeatString(s)), 5.0
11, 962, -1.5, 1.0, 0.0, 2.5, 275, 4, new Task11().repeatString(s).regionMatches(buf.lastIndexOf(s, thisManyTimes), new Task11().repeatString(s), Character.offsetByCodePoints(thisManyTimes, thisManyTimes, thisManyTimes, thisManyTimes), Character.offsetByCodePoints(thisManyTimes, thisManyTimes, thisManyTimes, thisManyTimes)), 13.0
11, 963, -1.5, 1.0, 0.0, 3.0, 292, 4, buf.insert(thisManyTimes, s, thisManyTimes, thisManyTimes).append(buf.insert(thisManyTimes, s, thisManyTimes, thisManyTimes), Character.offsetByCodePoints(thisManyTimes, thisManyTimes, thisManyTimes, thisManyTimes), Character.offsetByCodePoints(thisManyTimes, thisManyTimes, thisManyTimes, thisManyTimes)), 22.5
11, 964, -1.5, 1.0, 0.0, 3.5, 292, 4, buf.insert(thisManyTimes, s, thisManyTimes, thisManyTimes).append(buf.insert(thisManyTimes, s, thisManyTimes, thisManyTimes), Character.offsetByCodePoints(thisManyTimes, thisManyTimes, thisManyTimes, thisManyTimes), Character.offsetByCodePoints(thisManyTimes, thisManyTimes, thisManyTimes, thisManyTimes)), 31.5
11, 965, -1.5, 1.0, 0.0, 4.0, 292, 4, buf.insert(thisManyTimes, s, thisManyTimes, thisManyTimes).append(buf.insert(thisManyTimes, s, thisManyTimes, thisManyTimes), Character.offsetByCodePoints(thisManyTimes, thisManyTimes, thisManyTimes, thisManyTimes), Character.offsetByCodePoints(thisManyTimes, thisManyTimes, thisManyTimes, thisManyTimes)), 40.5
11, 966, -1.5, 1.0, 0.0, 4.5, 292, 4, buf.insert(thisManyTimes, s, thisManyTimes, thisManyTimes).append(buf.insert(thisManyTimes, s, thisManyTimes, thisManyTimes), Character.offsetByCodePoints(thisManyTimes, thisManyTimes, thisManyTimes, thisManyTimes), Character.offsetByCodePoints(thisManyTimes, thisManyTimes, thisManyTimes, thisManyTimes)), 49.5
11, 967, -1.5, 1.0, 0.0, 5.0, 292, 4, buf.insert(thisManyTimes, s, thisManyTimes, thisManyTimes).append(buf.insert(thisManyTimes, s, thisManyTimes, thisManyTimes), Character.offsetByCodePoints(thisManyTimes, thisManyTimes, thisManyTimes, thisManyTimes), Character.offsetByCodePoints(thisManyTimes, thisManyTimes, thisManyTimes, thisManyTimes)), 58.5
11, 968, -1.0, 1.0, -5.0, 0.0, 5, 2, append(), 0.0
11, 969, -1.0, 1.0, -5.0, 0.5, 0, 0, buf.append(s), 1.0
11, 970, -1.0, 1.0, -5.0, 1.0, 0, 0, buf.append(s), 2.0
11, 971, -1.0, 1.0, -5.0, 1.5, 9, 2, buf.append().append(s), 2.0
11, 972, -1.0, 1.0, -5.0, 2.0, 9, 2, buf.append().append(s), 3.0
11, 973, -1.0, 1.0, -5.0, 2.5, 9, 3, buf.append().append(s), 4.0
11, 974, -1.0, 1.0, -5.0, 3.0, 9, 3, buf.append().append(s), 5.0
11, 975, -1.0, 1.0, -5.0, 3.5, 9, 3, buf.append().append(s), 6.0
11, 976, -1.0, 1.0, -5.0, 4.0, 9, 4, buf.append().append(s), 7.0
11, 977, -1.0, 1.0, -5.0, 4.5, 10, 1, buf.append(s).append(s), 11.5
11, 978, -1.0, 1.0, -5.0, 5.0, 10, 1, buf.append(s).append(s), 13.0
11, 979, -1.0, 1.0, -4.5, 0.0, 5, 2, append(), 0.0
11, 980, -1.0, 1.0, -4.5, 0.5, 0, 0, buf.append(s), 1.0
11, 981, -1.0, 1.0, -4.5, 1.0, 0, 0, buf.append(s), 2.0
11, 982, -1.0, 1.0, -4.5, 1.5, 9, 2, buf.append().append(s), 2.0
11, 983, -1.0, 1.0, -4.5, 2.0, 9, 2, buf.append().append(s), 3.0
11, 984, -1.0, 1.0, -4.5, 2.5, 9, 3, buf.append().append(s), 4.0
11, 985, -1.0, 1.0, -4.5, 3.0, 9, 3, buf.append().append(s), 5.0
11, 986, -1.0, 1.0, -4.5, 3.5, 9, 3, buf.append().append(s), 6.0
11, 987, -1.0, 1.0, -4.5, 4.0, 10, 1, buf.append(s).append(s), 10.0
11, 988, -1.0, 1.0, -4.5, 4.5, 10, 1, buf.append(s).append(s), 11.5
11, 989, -1.0, 1.0, -4.5, 5.0, 10, 1, buf.append(s).append(s), 13.0
11, 990, -1.0, 1.0, -4.0, 0.0, 5, 2, append(), 0.0
11, 991, -1.0, 1.0, -4.0, 0.5, 0, 0, buf.append(s), 1.0
11, 992, -1.0, 1.0, -4.0, 1.0, 0, 0, buf.append(s), 2.0
11, 993, -1.0, 1.0, -4.0, 1.5, 9, 2, buf.append().append(s), 2.0
11, 994, -1.0, 1.0, -4.0, 2.0, 9, 2, buf.append().append(s), 3.0
11, 995, -1.0, 1.0, -4.0, 2.5, 9, 3, buf.append().append(s), 4.0
11, 996, -1.0, 1.0, -4.0, 3.0, 9, 3, buf.append().append(s), 5.0
11, 997, -1.0, 1.0, -4.0, 3.5, 9, 4, buf.append().append(s), 6.0
11, 998, -1.0, 1.0, -4.0, 4.0, 10, 1, buf.append(s).append(s), 10.0
11, 999, -1.0, 1.0, -4.0, 4.5, 10, 1, buf.append(s).append(s), 11.5
11, 1000, -1.0, 1.0, -4.0, 5.0, 10, 2, buf.append(s).append(s), 13.0
11, 1001, -1.0, 1.0, -3.5, 0.0, 5, 2, append(), 0.0
11, 1002, -1.0, 1.0, -3.5, 0.5, 0, 0, buf.append(s), 1.0
11, 1003, -1.0, 1.0, -3.5, 1.0, 0, 0, buf.append(s), 2.0
11, 1004, -1.0, 1.0, -3.5, 1.5, 9, 2, buf.append().append(s), 2.0
11, 1005, -1.0, 1.0, -3.5, 2.0, 9, 2, buf.append().append(s), 3.0
11, 1006, -1.0, 1.0, -3.5, 2.5, 9, 3, buf.append().append(s), 4.0
11, 1007, -1.0, 1.0, -3.5, 3.0, 9, 3, buf.append().append(s), 5.0
11, 1008, -1.0, 1.0, -3.5, 3.5, 10, 1, buf.append(s).append(s), 8.5
11, 1009, -1.0, 1.0, -3.5, 4.0, 10, 1, buf.append(s).append(s), 10.0
11, 1010, -1.0, 1.0, -3.5, 4.5, 10, 2, buf.append(s).append(s), 11.5
11, 1011, -1.0, 1.0, -3.5, 5.0, 22, 4, buf.append(s).append(buf.append(s)), 16.0
11, 1012, -1.0, 1.0, -3.0, 0.0, 5, 2, append(), 0.0
11, 1013, -1.0, 1.0, -3.0, 0.5, 0, 0, buf.append(s), 1.0
11, 1014, -1.0, 1.0, -3.0, 1.0, 0, 0, buf.append(s), 2.0
11, 1015, -1.0, 1.0, -3.0, 1.5, 9, 2, buf.append().append(s), 2.0
11, 1016, -1.0, 1.0, -3.0, 2.0, 9, 2, buf.append().append(s), 3.0
11, 1017, -1.0, 1.0, -3.0, 2.5, 9, 3, buf.append().append(s), 4.0
11, 1018, -1.0, 1.0, -3.0, 3.0, 9, 4, buf.append().append(s), 5.0
11, 1019, -1.0, 1.0, -3.0, 3.5, 10, 1, buf.append(s).append(s), 8.5
11, 1020, -1.0, 1.0, -3.0, 4.0, 10, 1, buf.append(s).append(s), 10.0
11, 1021, -1.0, 1.0, -3.0, 4.5, 22, 4, buf.append(s).append(buf.append(s)), 14.0
11, 1022, -1.0, 1.0, -3.0, 5.0, 26, 3, buf.append(s).append(s.replace(buf, s)), 17.0
11, 1023, -1.0, 1.0, -2.5, 0.0, 5, 2, append(), 0.0
11, 1024, -1.0, 1.0, -2.5, 0.5, 0, 0, buf.append(s), 1.0
11, 1025, -1.0, 1.0, -2.5, 1.0, 0, 0, buf.append(s), 2.0
11, 1026, -1.0, 1.0, -2.5, 1.5, 9, 2, buf.append().append(s), 2.0
11, 1027, -1.0, 1.0, -2.5, 2.0, 9, 2, buf.append().append(s), 3.0
11, 1028, -1.0, 1.0, -2.5, 2.5, 9, 3, buf.append().append(s), 4.0
11, 1029, -1.0, 1.0, -2.5, 3.0, 10, 1, buf.append(s).append(s), 7.0
11, 1030, -1.0, 1.0, -2.5, 3.5, 10, 1, buf.append(s).append(s), 8.5
11, 1031, -1.0, 1.0, -2.5, 4.0, 22, 4, buf.append(s).append(buf.append(s)), 12.0
11, 1032, -1.0, 1.0, -2.5, 4.5, 26, 3, buf.append(s).append(s.replace(buf, s)), 15.0
11, 1033, -1.0, 1.0, -2.5, 5.0, 53, 0, s.replace(buf, s).replace(s.replace(buf, s), s.replace(buf, s)), 24.0
11, 1034, -1.0, 1.0, -2.0, 0.0, 5, 2, append(), 0.0
11, 1035, -1.0, 1.0, -2.0, 0.5, 0, 0, buf.append(s), 1.0
11, 1036, -1.0, 1.0, -2.0, 1.0, 0, 0, buf.append(s), 2.0
11, 1037, -1.0, 1.0, -2.0, 1.5, 9, 2, buf.append().append(s), 2.0
11, 1038, -1.0, 1.0, -2.0, 2.0, 9, 2, buf.append().append(s), 3.0
11, 1039, -1.0, 1.0, -2.0, 2.5, 9, 4, buf.append().append(s), 4.0
11, 1040, -1.0, 1.0, -2.0, 3.0, 10, 1, buf.append(s).append(s), 7.0
11, 1041, -1.0, 1.0, -2.0, 3.5, 22, 4, buf.append(s).append(buf.append(s)), 10.0
11, 1042, -1.0, 1.0, -2.0, 4.0, 26, 3, buf.append(s).append(s.replace(buf, s)), 13.0
11, 1043, -1.0, 1.0, -2.0, 4.5, 53, 0, s.replace(buf, s).replace(s.replace(buf, s), s.replace(buf, s)), 21.5
11, 1044, -1.0, 1.0, -2.0, 5.0, 53, 0, s.replace(buf, s).replace(s.replace(buf, s), s.replace(buf, s)), 26.0
11, 1045, -1.0, 1.0, -1.5, 0.0, 5, 2, append(), 0.0
11, 1046, -1.0, 1.0, -1.5, 0.5, 0, 0, buf.append(s), 1.0
11, 1047, -1.0, 1.0, -1.5, 1.0, 0, 0, buf.append(s), 2.0
11, 1048, -1.0, 1.0, -1.5, 1.5, 9, 2, buf.append().append(s), 2.0
11, 1049, -1.0, 1.0, -1.5, 2.0, 9, 2, buf.append().append(s), 3.0
11, 1050, -1.0, 1.0, -1.5, 2.5, 10, 1, buf.append(s).append(s), 5.5
11, 1051, -1.0, 1.0, -1.5, 3.0, 22, 4, buf.append(s).append(buf.append(s)), 8.0
11, 1052, -1.0, 1.0, -1.5, 3.5, 26, 3, buf.append(s).append(s.replace(buf, s)), 11.0
11, 1053, -1.0, 1.0, -1.5, 4.0, 53, 0, s.replace(buf, s).replace(s.replace(buf, s), s.replace(buf, s)), 19.0
11, 1054, -1.0, 1.0, -1.5, 4.5, 53, 1, s.replace(buf, s).replace(s.replace(buf, s), s.replace(buf, s)), 23.5
11, 1055, -1.0, 1.0, -1.5, 5.0, 53, 4, s.replace(buf, s).replace(s.replace(buf, s), s.replace(buf, s)), 28.0
11, 1056, -1.0, 1.0, -1.0, 0.0, 5, 2, append(), 0.0
11, 1057, -1.0, 1.0, -1.0, 0.5, 0, 0, buf.append(s), 1.0
11, 1058, -1.0, 1.0, -1.0, 1.0, 0, 0, buf.append(s), 2.0
11, 1059, -1.0, 1.0, -1.0, 1.5, 9, 2, buf.append().append(s), 2.0
11, 1060, -1.0, 1.0, -1.0, 2.0, 7, 4, buf.append(s).put(s), 3.0
11, 1061, -1.0, 1.0, -1.0, 2.5, 22, 4, buf.append(s).append(buf.append(s)), 6.0
11, 1062, -1.0, 1.0, -1.0, 3.0, 26, 3, buf.append(s).append(s.replace(buf, s)), 9.0
11, 1063, -1.0, 1.0, -1.0, 3.5, 53, 1, s.replace(buf, s).replace(s.replace(buf, s), s.replace(buf, s)), 16.5
11, 1064, -1.0, 1.0, -1.0, 4.0, 53, 4, s.replace(buf, s).replace(s.replace(buf, s), s.replace(buf, s)), 21.0
11, 1065, -1.0, 1.0, -1.0, 4.5, 97, 4, new StackTraceElement(s.replace(buf, s), s.replace(buf, s), s.replace(buf, s), buf.indexOf(s, thisManyTimes)), 27.0
11, 1066, -1.0, 1.0, -1.0, 5.0, 131, 2, s.replace(buf, s).regionMatches(buf.indexOf(s, thisManyTimes), s.replace(buf, s), buf.indexOf(s, thisManyTimes), buf.indexOf(s, thisManyTimes)), 37.0
11, 1067, -1.0, 1.0, -0.5, 0.0, 5, 2, append(), 0.0
11, 1068, -1.0, 1.0, -0.5, 0.5, 0, 0, buf.append(s), 1.0
11, 1069, -1.0, 1.0, -0.5, 1.0, 0, 0, buf.append(s), 2.0
11, 1070, -1.0, 1.0, -0.5, 1.5, 7, 4, buf.append(s).put(s), 2.0
11, 1071, -1.0, 1.0, -0.5, 2.0, 26, 1, buf.append(s).append(s.replace(buf, s)), 4.5
11, 1072, -1.0, 1.0, -0.5, 2.5, 46, 1, s.replace(buf, s).replace(buf.append(s), s.replace(buf, s)), 9.5
11, 1073, -1.0, 1.0, -0.5, 3.0, 131, 3, s.replace(buf, s).regionMatches(buf.indexOf(s, thisManyTimes), s.replace(buf, s), buf.indexOf(s, thisManyTimes), buf.indexOf(s, thisManyTimes)), 16.5
11, 1074, -1.0, 1.0, -0.5, 3.5, 131, 3, s.replace(buf, s).regionMatches(buf.indexOf(s, thisManyTimes), s.replace(buf, s), buf.indexOf(s, thisManyTimes), buf.indexOf(s, thisManyTimes)), 24.0
11, 1075, -1.0, 1.0, -0.5, 4.0, 131, 4, s.replace(buf, s).regionMatches(buf.indexOf(s, thisManyTimes), s.replace(buf, s), buf.indexOf(s, thisManyTimes), buf.indexOf(s, thisManyTimes)), 31.5
11, 1076, -1.0, 1.0, -0.5, 4.5, 131, 4, s.replace(buf, s).regionMatches(buf.indexOf(s, thisManyTimes), s.replace(buf, s), buf.indexOf(s, thisManyTimes), buf.indexOf(s, thisManyTimes)), 39.0
11, 1077, -1.0, 1.0, -0.5, 5.0, 174, 4, buf.insert(thisManyTimes, s, thisManyTimes, thisManyTimes).append(buf.insert(thisManyTimes, s, thisManyTimes, thisManyTimes), buf.indexOf(s, thisManyTimes), buf.indexOf(s, thisManyTimes)), 47.0
11, 1078, -1.0, 1.0, 0.0, 0.0, 12, 2, Float.SIZE, 0.0
11, 1079, -1.0, 1.0, 0.0, 0.5, 0, 0, buf.append(s), 1.0
11, 1080, -1.0, 1.0, 0.0, 1.0, 0, 0, buf.append(s), 2.0
11, 1081, -1.0, 1.0, 0.0, 1.5, 275, 4, new Task11().repeatString(s).regionMatches(buf.lastIndexOf(s, thisManyTimes), new Task11().repeatString(s), Character.offsetByCodePoints(thisManyTimes, thisManyTimes, thisManyTimes, thisManyTimes), Character.offsetByCodePoints(thisManyTimes, thisManyTimes, thisManyTimes, thisManyTimes)), 6.5
11, 1082, -1.0, 1.0, 0.0, 2.0, 292, 4, buf.insert(thisManyTimes, s, thisManyTimes, thisManyTimes).append(buf.insert(thisManyTimes, s, thisManyTimes, thisManyTimes), Character.offsetByCodePoints(thisManyTimes, thisManyTimes, thisManyTimes, thisManyTimes), Character.offsetByCodePoints(thisManyTimes, thisManyTimes, thisManyTimes, thisManyTimes)), 16.0
11, 1083, -1.0, 1.0, 0.0, 2.5, 292, 4, buf.insert(thisManyTimes, s, thisManyTimes, thisManyTimes).append(buf.insert(thisManyTimes, s, thisManyTimes, thisManyTimes), Character.offsetByCodePoints(thisManyTimes, thisManyTimes, thisManyTimes, thisManyTimes), Character.offsetByCodePoints(thisManyTimes, thisManyTimes, thisManyTimes, thisManyTimes)), 25.0
11, 1084, -1.0, 1.0, 0.0, 3.0, 292, 4, buf.insert(thisManyTimes, s, thisManyTimes, thisManyTimes).append(buf.insert(thisManyTimes, s, thisManyTimes, thisManyTimes), Character.offsetByCodePoints(thisManyTimes, thisManyTimes, thisManyTimes, thisManyTimes), Character.offsetByCodePoints(thisManyTimes, thisManyTimes, thisManyTimes, thisManyTimes)), 34.0
11, 1085, -1.0, 1.0, 0.0, 3.5, 292, 4, buf.insert(thisManyTimes, s, thisManyTimes, thisManyTimes).append(buf.insert(thisManyTimes, s, thisManyTimes, thisManyTimes), Character.offsetByCodePoints(thisManyTimes, thisManyTimes, thisManyTimes, thisManyTimes), Character.offsetByCodePoints(thisManyTimes, thisManyTimes, thisManyTimes, thisManyTimes)), 43.0
11, 1086, -1.0, 1.0, 0.0, 4.0, 292, 4, buf.insert(thisManyTimes, s, thisManyTimes, thisManyTimes).append(buf.insert(thisManyTimes, s, thisManyTimes, thisManyTimes), Character.offsetByCodePoints(thisManyTimes, thisManyTimes, thisManyTimes, thisManyTimes), Character.offsetByCodePoints(thisManyTimes, thisManyTimes, thisManyTimes, thisManyTimes)), 52.0
11, 1087, -1.0, 1.0, 0.0, 4.5, 292, 4, buf.insert(thisManyTimes, s, thisManyTimes, thisManyTimes).append(buf.insert(thisManyTimes, s, thisManyTimes, thisManyTimes), Character.offsetByCodePoints(thisManyTimes, thisManyTimes, thisManyTimes, thisManyTimes), Character.offsetByCodePoints(thisManyTimes, thisManyTimes, thisManyTimes, thisManyTimes)), 61.0
11, 1088, -1.0, 1.0, 0.0, 5.0, 292, 4, buf.insert(thisManyTimes, s, thisManyTimes, thisManyTimes).append(buf.insert(thisManyTimes, s, thisManyTimes, thisManyTimes), Character.offsetByCodePoints(thisManyTimes, thisManyTimes, thisManyTimes, thisManyTimes), Character.offsetByCodePoints(thisManyTimes, thisManyTimes, thisManyTimes, thisManyTimes)), 70.0
11, 1089, -0.5, 1.0, -5.0, 0.0, 0, 0, buf.append(s), 1.5
11, 1090, -0.5, 1.0, -5.0, 0.5, 9, 0, buf.append().append(s), 2.0
11, 1091, -0.5, 1.0, -5.0, 1.0, 9, 2, buf.append().append(s), 3.0
11, 1092, -0.5, 1.0, -5.0, 1.5, 9, 3, buf.append().append(s), 4.0
11, 1093, -0.5, 1.0, -5.0, 2.0, 9, 3, buf.append().append(s), 5.0
11, 1094, -0.5, 1.0, -5.0, 2.5, 9, 3, buf.append().append(s), 6.0
11, 1095, -0.5, 1.0, -5.0, 3.0, 9, 3, buf.append().append(s), 7.0
11, 1096, -0.5, 1.0, -5.0, 3.5, 10, 1, buf.append(s).append(s), 11.0
11, 1097, -0.5, 1.0, -5.0, 4.0, 10, 1, buf.append(s).append(s), 12.5
11, 1098, -0.5, 1.0, -5.0, 4.5, 10, 2, buf.append(s).append(s), 14.0
11, 1099, -0.5, 1.0, -5.0, 5.0, 10, 2, buf.append(s).append(s), 15.5
11, 1100, -0.5, 1.0, -4.5, 0.0, 0, 0, buf.append(s), 1.5
11, 1101, -0.5, 1.0, -4.5, 0.5, 9, 0, buf.append().append(s), 2.0
11, 1102, -0.5, 1.0, -4.5, 1.0, 9, 2, buf.append().append(s), 3.0
11, 1103, -0.5, 1.0, -4.5, 1.5, 9, 3, buf.append().append(s), 4.0
11, 1104, -0.5, 1.0, -4.5, 2.0, 9, 3, buf.append().append(s), 5.0
11, 1105, -0.5, 1.0, -4.5, 2.5, 9, 3, buf.append().append(s), 6.0
11, 1106, -0.5, 1.0, -4.5, 3.0, 9, 4, buf.append().append(s), 7.0
11, 1107, -0.5, 1.0, -4.5, 3.5, 10, 1, buf.append(s).append(s), 11.0
11, 1108, -0.5, 1.0, -4.5, 4.0, 10, 1, buf.append(s).append(s), 12.5
11, 1109, -0.5, 1.0, -4.5, 4.5, 10, 2, buf.append(s).append(s), 14.0
11, 1110, -0.5, 1.0, -4.5, 5.0, 22, 2, buf.append(s).append(buf.append(s)), 19.5
11, 1111, -0.5, 1.0, -4.0, 0.0, 0, 0, buf.append(s), 1.5
11, 1112, -0.5, 1.0, -4.0, 0.5, 9, 0, buf.append().append(s), 2.0
11, 1113, -0.5, 1.0, -4.0, 1.0, 9, 2, buf.append().append(s), 3.0
11, 1114, -0.5, 1.0, -4.0, 1.5, 9, 3, buf.append().append(s), 4.0
11, 1115, -0.5, 1.0, -4.0, 2.0, 9, 3, buf.append().append(s), 5.0
11, 1116, -0.5, 1.0, -4.0, 2.5, 9, 3, buf.append().append(s), 6.0
11, 1117, -0.5, 1.0, -4.0, 3.0, 10, 1, buf.append(s).append(s), 9.5
11, 1118, -0.5, 1.0, -4.0, 3.5, 10, 1, buf.append(s).append(s), 11.0
11, 1119, -0.5, 1.0, -4.0, 4.0, 10, 2, buf.append(s).append(s), 12.5
11, 1120, -0.5, 1.0, -4.0, 4.5, 22, 2, buf.append(s).append(buf.append(s)), 17.5
11, 1121, -0.5, 1.0, -4.0, 5.0, 26, 3, buf.append(s).append(s.replace(buf, s)), 20.0
11, 1122, -0.5, 1.0, -3.5, 0.0, 0, 0, buf.append(s), 1.5
11, 1123, -0.5, 1.0, -3.5, 0.5, 9, 0, buf.append().append(s), 2.0
11, 1124, -0.5, 1.0, -3.5, 1.0, 9, 2, buf.append().append(s), 3.0
11, 1125, -0.5, 1.0, -3.5, 1.5, 9, 3, buf.append().append(s), 4.0
11, 1126, -0.5, 1.0, -3.5, 2.0, 9, 3, buf.append().append(s), 5.0
11, 1127, -0.5, 1.0, -3.5, 2.5, 9, 4, buf.append().append(s), 6.0
11, 1128, -0.5, 1.0, -3.5, 3.0, 10, 1, buf.append(s).append(s), 9.5
11, 1129, -0.5, 1.0, -3.5, 3.5, 10, 2, buf.append(s).append(s), 11.0
11, 1130, -0.5, 1.0, -3.5, 4.0, 22, 2, buf.append(s).append(buf.append(s)), 15.5
11, 1131, -0.5, 1.0, -3.5, 4.5, 26, 3, buf.append(s).append(s.replace(buf, s)), 18.0
11, 1132, -0.5, 1.0, -3.5, 5.0, 26, 4, buf.append(s).append(s.replace(buf, s)), 20.5
11, 1133, -0.5, 1.0, -3.0, 0.0, 0, 0, buf.append(s), 1.5
11, 1134, -0.5, 1.0, -3.0, 0.5, 9, 0, buf.append().append(s), 2.0
11, 1135, -0.5, 1.0, -3.0, 1.0, 9, 2, buf.append().append(s), 3.0
11, 1136, -0.5, 1.0, -3.0, 1.5, 9, 3, buf.append().append(s), 4.0
11, 1137, -0.5, 1.0, -3.0, 2.0, 9, 3, buf.append().append(s), 5.0
11, 1138, -0.5, 1.0, -3.0, 2.5, 10, 1, buf.append(s).append(s), 8.0
11, 1139, -0.5, 1.0, -3.0, 3.0, 10, 1, buf.append(s).append(s), 9.5
11, 1140, -0.5, 1.0, -3.0, 3.5, 22, 2, buf.append(s).append(buf.append(s)), 13.5
11, 1141, -0.5, 1.0, -3.0, 4.0, 26, 3, buf.append(s).append(s.replace(buf, s)), 16.0
11, 1142, -0.5, 1.0, -3.0, 4.5, 26, 4, buf.append(s).append(s.replace(buf, s)), 18.5
11, 1143, -0.5, 1.0, -3.0, 5.0, 53, 0, s.replace(buf, s).replace(s.replace(buf, s), s.replace(buf, s)), 28.5
11, 1144, -0.5, 1.0, -2.5, 0.0, 0, 0, buf.append(s), 1.5
11, 1145, -0.5, 1.0, -2.5, 0.5, 9, 0, buf.append().append(s), 2.0
11, 1146, -0.5, 1.0, -2.5, 1.0, 9, 2, buf.append().append(s), 3.0
11, 1147, -0.5, 1.0, -2.5, 1.5, 9, 3, buf.append().append(s), 4.0
11, 1148, -0.5, 1.0, -2.5, 2.0, 9, 4, buf.append().append(s), 5.0
11, 1149, -0.5, 1.0, -2.5, 2.5, 10, 1, buf.append(s).append(s), 8.0
11, 1150, -0.5, 1.0, -2.5, 3.0, 22, 2, buf.append(s).append(buf.append(s)), 11.5
11, 1151, -0.5, 1.0, -2.5, 3.5, 26, 3, buf.append(s).append(s.replace(buf, s)), 14.0
11, 1152, -0.5, 1.0, -2.5, 4.0, 46, 0, s.replace(buf, s).replace(buf.append(s), s.replace(buf, s)), 21.5
11, 1153, -0.5, 1.0, -2.5, 4.5, 53, 0, s.replace(buf, s).replace(s.replace(buf, s), s.replace(buf, s)), 26.0
11, 1154, -0.5, 1.0, -2.5, 5.0, 53, 0, s.replace(buf, s).replace(s.replace(buf, s), s.replace(buf, s)), 30.5
11, 1155, -0.5, 1.0, -2.0, 0.0, 0, 0, buf.append(s), 1.5
11, 1156, -0.5, 1.0, -2.0, 0.5, 9, 0, buf.append().append(s), 2.0
11, 1157, -0.5, 1.0, -2.0, 1.0, 9, 2, buf.append().append(s), 3.0
11, 1158, -0.5, 1.0, -2.0, 1.5, 9, 3, buf.append().append(s), 4.0
11, 1159, -0.5, 1.0, -2.0, 2.0, 10, 1, buf.append(s).append(s), 6.5
11, 1160, -0.5, 1.0, -2.0, 2.5, 22, 2, buf.append(s).append(buf.append(s)), 9.5
11, 1161, -0.5, 1.0, -2.0, 3.0, 26, 3, buf.append(s).append(s.replace(buf, s)), 12.0
11, 1162, -0.5, 1.0, -2.0, 3.5, 46, 0, s.replace(buf, s).replace(buf.append(s), s.replace(buf, s)), 19.0
11, 1163, -0.5, 1.0, -2.0, 4.0, 53, 0, s.replace(buf, s).replace(s.replace(buf, s), s.replace(buf, s)), 23.5
11, 1164, -0.5, 1.0, -2.0, 4.5, 53, 1, s.replace(buf, s).replace(s.replace(buf, s), s.replace(buf, s)), 28.0
11, 1165, -0.5, 1.0, -2.0, 5.0, 53, 4, s.replace(buf, s).replace(s.replace(buf, s), s.replace(buf, s)), 32.5
11, 1166, -0.5, 1.0, -1.5, 0.0, 0, 0, buf.append(s), 1.5
11, 1167, -0.5, 1.0, -1.5, 0.5, 9, 0, buf.append().append(s), 2.0
11, 1168, -0.5, 1.0, -1.5, 1.0, 9, 2, buf.append().append(s), 3.0
11, 1169, -0.5, 1.0, -1.5, 1.5, 9, 4, buf.append().append(s), 4.0
11, 1170, -0.5, 1.0, -1.5, 2.0, 22, 2, buf.append(s).append(buf.append(s)), 7.5
11, 1171, -0.5, 1.0, -1.5, 2.5, 26, 3, buf.append(s).append(s.replace(buf, s)), 10.0
11, 1172, -0.5, 1.0, -1.5, 3.0, 46, 0, s.replace(buf, s).replace(buf.append(s), s.replace(buf, s)), 16.5
11, 1173, -0.5, 1.0, -1.5, 3.5, 53, 1, s.replace(buf, s).replace(s.replace(buf, s), s.replace(buf, s)), 21.0
11, 1174, -0.5, 1.0, -1.5, 4.0, 53, 4, s.replace(buf, s).replace(s.replace(buf, s), s.replace(buf, s)), 25.5
11, 1175, -0.5, 1.0, -1.5, 4.5, 53, 4, s.replace(buf, s).replace(s.replace(buf, s), s.replace(buf, s)), 30.0
11, 1176, -0.5, 1.0, -1.5, 5.0, 74, 3, buf.append(s).insert(buf.indexOf(s), s.replace(buf, s), buf.indexOf(s), buf.indexOf(s)), 37.5
11, 1177, -0.5, 1.0, -1.0, 0.0, 0, 0, buf.append(s), 1.5
11, 1178, -0.5, 1.0, -1.0, 0.5, 9, 0, buf.append().append(s), 2.0
11, 1179, -0.5, 1.0, -1.0, 1.0, 9, 2, buf.append().append(s), 3.0
11, 1180, -0.5, 1.0, -1.0, 1.5, 22, 2, buf.append(s).append(buf.append(s)), 5.5
11, 1181, -0.5, 1.0, -1.0, 2.0, 26, 3, buf.append(s).append(s.replace(buf, s)), 8.0
11, 1182, -0.5, 1.0, -1.0, 2.5, 46, 1, s.replace(buf, s).replace(buf.append(s), s.replace(buf, s)), 14.0
11, 1183, -0.5, 1.0, -1.0, 3.0, 53, 4, s.replace(buf, s).replace(s.replace(buf, s), s.replace(buf, s)), 18.5
11, 1184, -0.5, 1.0, -1.0, 3.5, 74, 2, buf.append(s).insert(buf.indexOf(s), s.replace(buf, s), buf.indexOf(s), buf.indexOf(s)), 25.0
11, 1185, -0.5, 1.0, -1.0, 4.0, 131, 3, s.replace(buf, s).regionMatches(buf.indexOf(s, thisManyTimes), s.replace(buf, s), buf.indexOf(s, thisManyTimes), buf.indexOf(s, thisManyTimes)), 32.5
11, 1186, -0.5, 1.0, -1.0, 4.5, 131, 2, s.replace(buf, s).regionMatches(buf.indexOf(s, thisManyTimes), s.replace(buf, s), buf.indexOf(s, thisManyTimes), buf.indexOf(s, thisManyTimes)), 40.0
11, 1187, -0.5, 1.0, -1.0, 5.0, 131, 3, s.replace(buf, s).regionMatches(buf.indexOf(s, thisManyTimes), s.replace(buf, s), buf.indexOf(s, thisManyTimes), buf.indexOf(s, thisManyTimes)), 47.5
11, 1188, -0.5, 1.0, -0.5, 0.0, 0, 0, buf.append(s), 1.5
11, 1189, -0.5, 1.0, -0.5, 0.5, 9, 0, buf.append().append(s), 2.0
11, 1190, -0.5, 1.0, -0.5, 1.0, 10, 0, buf.append(s).append(s), 3.5
11, 1191, -0.5, 1.0, -0.5, 1.5, 46, 0, s.replace(buf, s).replace(buf.append(s), s.replace(buf, s)), 7.5
11, 1192, -0.5, 1.0, -0.5, 2.0, 46, 4, s.replace(buf, s).replace(buf.append(s), s.replace(buf, s)), 11.5
11, 1193, -0.5, 1.0, -0.5, 2.5, 131, 3, s.replace(buf, s).regionMatches(buf.indexOf(s, thisManyTimes), s.replace(buf, s), buf.indexOf(s, thisManyTimes), buf.indexOf(s, thisManyTimes)), 19.5
11, 1194, -0.5, 1.0, -0.5, 3.0, 131, 3, s.replace(buf, s).regionMatches(buf.indexOf(s, thisManyTimes), s.replace(buf, s), buf.indexOf(s, thisManyTimes), buf.indexOf(s, thisManyTimes)), 27.0
11, 1195, -0.5, 1.0, -0.5, 3.5, 131, 4, s.replace(buf, s).regionMatches(buf.indexOf(s, thisManyTimes), s.replace(buf, s), buf.indexOf(s, thisManyTimes), buf.indexOf(s, thisManyTimes)), 34.5
11, 1196, -0.5, 1.0, -0.5, 4.0, 131, 4, s.replace(buf, s).regionMatches(buf.indexOf(s, thisManyTimes), s.replace(buf, s), buf.indexOf(s, thisManyTimes), buf.indexOf(s, thisManyTimes)), 42.0
11, 1197, -0.5, 1.0, -0.5, 4.5, 131, 4, s.replace(buf, s).regionMatches(buf.indexOf(s, thisManyTimes), s.replace(buf, s), buf.indexOf(s, thisManyTimes), buf.indexOf(s, thisManyTimes)), 49.5
11, 1198, -0.5, 1.0, -0.5, 5.0, 174, 4, buf.insert(thisManyTimes, s, thisManyTimes, thisManyTimes).append(buf.insert(thisManyTimes, s, thisManyTimes, thisManyTimes), buf.indexOf(s, thisManyTimes), buf.indexOf(s, thisManyTimes)), 57.5
11, 1199, -0.5, 1.0, 0.0, 0.0, 0, 0, buf.append(s), 1.5
11, 1200, -0.5, 1.0, 0.0, 0.5, 11, 4, buf.append(s).capacity(), 2.0
11, 1201, -0.5, 1.0, 0.0, 1.0, 152, 4, buf.append(s, thisManyTimes, thisManyTimes).append(buf.append(s, thisManyTimes, thisManyTimes), buf.lastIndexOf(s, thisManyTimes), buf.lastIndexOf(s, thisManyTimes)), 7.5
11, 1202, -0.5, 1.0, 0.0, 1.5, 292, 4, buf.insert(thisManyTimes, s, thisManyTimes, thisManyTimes).append(buf.insert(thisManyTimes, s, thisManyTimes, thisManyTimes), Character.offsetByCodePoints(thisManyTimes, thisManyTimes, thisManyTimes, thisManyTimes), Character.offsetByCodePoints(thisManyTimes, thisManyTimes, thisManyTimes, thisManyTimes)), 18.5
11, 1203, -0.5, 1.0, 0.0, 2.0, 292, 4, buf.insert(thisManyTimes, s, thisManyTimes, thisManyTimes).append(buf.insert(thisManyTimes, s, thisManyTimes, thisManyTimes), Character.offsetByCodePoints(thisManyTimes, thisManyTimes, thisManyTimes, thisManyTimes), Character.offsetByCodePoints(thisManyTimes, thisManyTimes, thisManyTimes, thisManyTimes)), 27.5
11, 1204, -0.5, 1.0, 0.0, 2.5, 292, 4, buf.insert(thisManyTimes, s, thisManyTimes, thisManyTimes).append(buf.insert(thisManyTimes, s, thisManyTimes, thisManyTimes), Character.offsetByCodePoints(thisManyTimes, thisManyTimes, thisManyTimes, thisManyTimes), Character.offsetByCodePoints(thisManyTimes, thisManyTimes, thisManyTimes, thisManyTimes)), 36.5
11, 1205, -0.5, 1.0, 0.0, 3.0, 292, 4, buf.insert(thisManyTimes, s, thisManyTimes, thisManyTimes).append(buf.insert(thisManyTimes, s, thisManyTimes, thisManyTimes), Character.offsetByCodePoints(thisManyTimes, thisManyTimes, thisManyTimes, thisManyTimes), Character.offsetByCodePoints(thisManyTimes, thisManyTimes, thisManyTimes, thisManyTimes)), 45.5
11, 1206, -0.5, 1.0, 0.0, 3.5, 292, 4, buf.insert(thisManyTimes, s, thisManyTimes, thisManyTimes).append(buf.insert(thisManyTimes, s, thisManyTimes, thisManyTimes), Character.offsetByCodePoints(thisManyTimes, thisManyTimes, thisManyTimes, thisManyTimes), Character.offsetByCodePoints(thisManyTimes, thisManyTimes, thisManyTimes, thisManyTimes)), 54.5
11, 1207, -0.5, 1.0, 0.0, 4.0, 292, 4, buf.insert(thisManyTimes, s, thisManyTimes, thisManyTimes).append(buf.insert(thisManyTimes, s, thisManyTimes, thisManyTimes), Character.offsetByCodePoints(thisManyTimes, thisManyTimes, thisManyTimes, thisManyTimes), Character.offsetByCodePoints(thisManyTimes, thisManyTimes, thisManyTimes, thisManyTimes)), 63.5
11, 1208, -0.5, 1.0, 0.0, 4.5, 292, 4, buf.insert(thisManyTimes, s, thisManyTimes, thisManyTimes).append(buf.insert(thisManyTimes, s, thisManyTimes, thisManyTimes), Character.offsetByCodePoints(thisManyTimes, thisManyTimes, thisManyTimes, thisManyTimes), Character.offsetByCodePoints(thisManyTimes, thisManyTimes, thisManyTimes, thisManyTimes)), 72.5
11, 1209, -0.5, 1.0, 0.0, 5.0, 292, 4, buf.insert(thisManyTimes, s, thisManyTimes, thisManyTimes).append(buf.insert(thisManyTimes, s, thisManyTimes, thisManyTimes), Character.offsetByCodePoints(thisManyTimes, thisManyTimes, thisManyTimes, thisManyTimes), Character.offsetByCodePoints(thisManyTimes, thisManyTimes, thisManyTimes, thisManyTimes)), 81.5
11, 1210, 0.0, 1.0, -5.0, 0.0, 9, 1, buf.append(s).append(), 3.0
11, 1211, 0.0, 1.0, -5.0, 0.5, 9, 4, buf.append(s).append(), 4.0
11, 1212, 0.0, 1.0, -5.0, 1.0, 9, 4, buf.append(s).append(), 5.0
11, 1213, 0.0, 1.0, -5.0, 1.5, 9, 4, buf.append(s).append(), 6.0
11, 1214, 0.0, 1.0, -5.0, 2.0, 9, 4, buf.append(s).append(), 7.0
11, 1215, 0.0, 1.0, -5.0, 2.5, 10, 1, buf.append(s).append(s), 10.5
11, 1216, 0.0, 1.0, -5.0, 3.0, 10, 1, buf.append(s).append(s), 12.0
11, 1217, 0.0, 1.0, -5.0, 3.5, 10, 2, buf.append(s).append(s), 13.5
11, 1218, 0.0, 1.0, -5.0, 4.0, 10, 2, buf.append(s).append(s), 15.0
11, 1219, 0.0, 1.0, -5.0, 4.5, 22, 1, buf.append(s).append(buf.append(s)), 21.0
11, 1220, 0.0, 1.0, -5.0, 5.0, 22, 3, buf.append(s).append(buf.append(s)), 23.0
11, 1221, 0.0, 1.0, -4.5, 0.0, 9, 1, buf.append(s).append(), 3.0
11, 1222, 0.0, 1.0, -4.5, 0.5, 9, 4, buf.append(s).append(), 4.0
11, 1223, 0.0, 1.0, -4.5, 1.0, 9, 4, buf.append(s).append(), 5.0
11, 1224, 0.0, 1.0, -4.5, 1.5, 9, 4, buf.append(s).append(), 6.0
11, 1225, 0.0, 1.0, -4.5, 2.0, 9, 4, buf.append(s).append(), 7.0
11, 1226, 0.0, 1.0, -4.5, 2.5, 10, 1, buf.append(s).append(s), 10.5
11, 1227, 0.0, 1.0, -4.5, 3.0, 10, 1, buf.append(s).append(s), 12.0
11, 1228, 0.0, 1.0, -4.5, 3.5, 10, 2, buf.append(s).append(s), 13.5
11, 1229, 0.0, 1.0, -4.5, 4.0, 22, 1, buf.append(s).append(buf.append(s)), 19.0
11, 1230, 0.0, 1.0, -4.5, 4.5, 22, 3, buf.append(s).append(buf.append(s)), 21.0
11, 1231, 0.0, 1.0, -4.5, 5.0, 26, 4, buf.append(s).append(s.replace(buf, s)), 23.5
11, 1232, 0.0, 1.0, -4.0, 0.0, 9, 1, buf.append(s).append(), 3.0
11, 1233, 0.0, 1.0, -4.0, 0.5, 9, 4, buf.append(s).append(), 4.0
11, 1234, 0.0, 1.0, -4.0, 1.0, 9, 4, buf.append(s).append(), 5.0
11, 1235, 0.0, 1.0, -4.0, 1.5, 9, 4, buf.append(s).append(), 6.0
11, 1236, 0.0, 1.0, -4.0, 2.0, 10, 1, buf.append(s).append(s), 9.0
11, 1237, 0.0, 1.0, -4.0, 2.5, 10, 1, buf.append(s).append(s), 10.5
11, 1238, 0.0, 1.0, -4.0, 3.0, 10, 2, buf.append(s).append(s), 12.0
11, 1239, 0.0, 1.0, -4.0, 3.5, 22, 1, buf.append(s).append(buf.append(s)), 17.0
11, 1240, 0.0, 1.0, -4.0, 4.0, 22, 3, buf.append(s).append(buf.append(s)), 19.0
11, 1241, 0.0, 1.0, -4.0, 4.5, 26, 4, buf.append(s).append(s.replace(buf, s)), 21.5
11, 1242, 0.0, 1.0, -4.0, 5.0, 46, 0, s.replace(buf, s).replace(buf.append(s), s.replace(buf, s)), 31.0
11, 1243, 0.0, 1.0, -3.5, 0.0, 9, 1, buf.append(s).append(), 3.0
11, 1244, 0.0, 1.0, -3.5, 0.5, 9, 4, buf.append(s).append(), 4.0
11, 1245, 0.0, 1.0, -3.5, 1.0, 9, 4, buf.append(s).append(), 5.0
11, 1246, 0.0, 1.0, -3.5, 1.5, 9, 4, buf.append(s).append(), 6.0
11, 1247, 0.0, 1.0, -3.5, 2.0, 10, 1, buf.append(s).append(s), 9.0
11, 1248, 0.0, 1.0, -3.5, 2.5, 10, 2, buf.append(s).append(s), 10.5
11, 1249, 0.0, 1.0, -3.5, 3.0, 22, 1, buf.append(s).append(buf.append(s)), 15.0
11, 1250, 0.0, 1.0, -3.5, 3.5, 22, 3, buf.append(s).append(buf.append(s)), 17.0
11, 1251, 0.0, 1.0, -3.5, 4.0, 26, 4, buf.append(s).append(s.replace(buf, s)), 19.5
11, 1252, 0.0, 1.0, -3.5, 4.5, 46, 0, s.replace(buf, s).replace(buf.append(s), s.replace(buf, s)), 28.5
11, 1253, 0.0, 1.0, -3.5, 5.0, 53, 0, s.replace(buf, s).replace(s.replace(buf, s), s.replace(buf, s)), 33.0
11, 1254, 0.0, 1.0, -3.0, 0.0, 9, 1, buf.append(s).append(), 3.0
11, 1255, 0.0, 1.0, -3.0, 0.5, 9, 4, buf.append(s).append(), 4.0
11, 1256, 0.0, 1.0, -3.0, 1.0, 9, 4, buf.append(s).append(), 5.0
11, 1257, 0.0, 1.0, -3.0, 1.5, 10, 1, buf.append(s).append(s), 7.5
11, 1258, 0.0, 1.0, -3.0, 2.0, 10, 1, buf.append(s).append(s), 9.0
11, 1259, 0.0, 1.0, -3.0, 2.5, 22, 1, buf.append(s).append(buf.append(s)), 13.0
11, 1260, 0.0, 1.0, -3.0, 3.0, 22, 3, buf.append(s).append(buf.append(s)), 15.0
11, 1261, 0.0, 1.0, -3.0, 3.5, 26, 4, buf.append(s).append(s.replace(buf, s)), 17.5
11, 1262, 0.0, 1.0, -3.0, 4.0, 46, 0, s.replace(buf, s).replace(buf.append(s), s.replace(buf, s)), 26.0
11, 1263, 0.0, 1.0, -3.0, 4.5, 53, 0, s.replace(buf, s).replace(s.replace(buf, s), s.replace(buf, s)), 30.5
11, 1264, 0.0, 1.0, -3.0, 5.0, 53, 0, s.replace(buf, s).replace(s.replace(buf, s), s.replace(buf, s)), 35.0
11, 1265, 0.0, 1.0, -2.5, 0.0, 9, 1, buf.append(s).append(), 3.0
11, 1266, 0.0, 1.0, -2.5, 0.5, 9, 4, buf.append(s).append(), 4.0
11, 1267, 0.0, 1.0, -2.5, 1.0, 9, 4, buf.append(s).append(), 5.0
11, 1268, 0.0, 1.0, -2.5, 1.5, 10, 1, buf.append(s).append(s), 7.5
11, 1269, 0.0, 1.0, -2.5, 2.0, 22, 1, buf.append(s).append(buf.append(s)), 11.0
11, 1270, 0.0, 1.0, -2.5, 2.5, 22, 3, buf.append(s).append(buf.append(s)), 13.0
11, 1271, 0.0, 1.0, -2.5, 3.0, 26, 4, buf.append(s).append(s.replace(buf, s)), 15.5
11, 1272, 0.0, 1.0, -2.5, 3.5, 46, 0, s.replace(buf, s).replace(buf.append(s), s.replace(buf, s)), 23.5
11, 1273, 0.0, 1.0, -2.5, 4.0, 53, 0, s.replace(buf, s).replace(s.replace(buf, s), s.replace(buf, s)), 28.0
11, 1274, 0.0, 1.0, -2.5, 4.5, 53, 1, s.replace(buf, s).replace(s.replace(buf, s), s.replace(buf, s)), 32.5
11, 1275, 0.0, 1.0, -2.5, 5.0, 53, 3, s.replace(buf, s).replace(s.replace(buf, s), s.replace(buf, s)), 37.0
11, 1276, 0.0, 1.0, -2.0, 0.0, 9, 1, buf.append(s).append(), 3.0
11, 1277, 0.0, 1.0, -2.0, 0.5, 9, 4, buf.append(s).append(), 4.0
11, 1278, 0.0, 1.0, -2.0, 1.0, 10, 1, buf.append(s).append(s), 6.0
11, 1279, 0.0, 1.0, -2.0, 1.5, 22, 1, buf.append(s).append(buf.append(s)), 9.0
11, 1280, 0.0, 1.0, -2.0, 2.0, 22, 3, buf.append(s).append(buf.append(s)), 11.0
11, 1281, 0.0, 1.0, -2.0, 2.5, 26, 4, buf.append(s).append(s.replace(buf, s)), 13.5
11, 1282, 0.0, 1.0, -2.0, 3.0, 46, 0, s.replace(buf, s).replace(buf.append(s), s.replace(buf, s)), 21.0
11, 1283, 0.0, 1.0, -2.0, 3.5, 53, 1, s.replace(buf, s).replace(s.replace(buf, s), s.replace(buf, s)), 25.5
11, 1284, 0.0, 1.0, -2.0, 4.0, 53, 3, s.replace(buf, s).replace(s.replace(buf, s), s.replace(buf, s)), 30.0
11, 1285, 0.0, 1.0, -2.0, 4.5, 53, 4, s.replace(buf, s).replace(s.replace(buf, s), s.replace(buf, s)), 34.5
11, 1286, 0.0, 1.0, -2.0, 5.0, 53, 4, s.replace(buf, s).replace(s.replace(buf, s), s.replace(buf, s)), 39.0
11, 1287, 0.0, 1.0, -1.5, 0.0, 9, 1, buf.append(s).append(), 3.0
11, 1288, 0.0, 1.0, -1.5, 0.5, 9, 4, buf.append(s).append(), 4.0
11, 1289, 0.0, 1.0, -1.5, 1.0, 22, 1, buf.append(s).append(buf.append(s)), 7.0
11, 1290, 0.0, 1.0, -1.5, 1.5, 22, 3, buf.append(s).append(buf.append(s)), 9.0
11, 1291, 0.0, 1.0, -1.5, 2.0, 46, 0, s.replace(buf, s).replace(buf.append(s), s.replace(buf, s)), 14.5
11, 1292, 0.0, 1.0, -1.5, 2.5, 46, 1, s.replace(buf, s).replace(buf.append(s), s.replace(buf, s)), 18.5
11, 1293, 0.0, 1.0, -1.5, 3.0, 53, 3, s.replace(buf, s).replace(s.replace(buf, s), s.replace(buf, s)), 23.0
11, 1294, 0.0, 1.0, -1.5, 3.5, 53, 4, s.replace(buf, s).replace(s.replace(buf, s), s.replace(buf, s)), 27.5
11, 1295, 0.0, 1.0, -1.5, 4.0, 74, 2, buf.append(s).insert(buf.indexOf(s), s.replace(buf, s), buf.indexOf(s), buf.indexOf(s)), 35.0
11, 1296, 0.0, 1.0, -1.5, 4.5, 74, 3, buf.append(s).insert(buf.indexOf(s), s.replace(buf, s), buf.indexOf(s), buf.indexOf(s)), 40.5
11, 1297, 0.0, 1.0, -1.5, 5.0, 97, 4, new StackTraceElement(s.replace(buf, s), s.replace(buf, s), s.replace(buf, s), buf.indexOf(s, thisManyTimes)), 44.0
11, 1298, 0.0, 1.0, -1.0, 0.0, 9, 1, buf.append(s).append(), 3.0
11, 1299, 0.0, 1.0, -1.0, 0.5, 10, 1, buf.append(s).append(s), 4.5
11, 1300, 0.0, 1.0, -1.0, 1.0, 22, 3, buf.append(s).append(buf.append(s)), 7.0
11, 1301, 0.0, 1.0, -1.0, 1.5, 46, 1, s.replace(buf, s).replace(buf.append(s), s.replace(buf, s)), 12.0
11, 1302, 0.0, 1.0, -1.0, 2.0, 46, 2, s.replace(buf, s).replace(buf.append(s), s.replace(buf, s)), 16.0
11, 1303, 0.0, 1.0, -1.0, 2.5, 53, 4, s.replace(buf, s).replace(s.replace(buf, s), s.replace(buf, s)), 20.5
11, 1304, 0.0, 1.0, -1.0, 3.0, 74, 2, buf.append(s).insert(buf.indexOf(s), s.replace(buf, s), buf.indexOf(s), buf.indexOf(s)), 28.0
11, 1305, 0.0, 1.0, -1.0, 3.5, 131, 3, s.replace(buf, s).regionMatches(buf.indexOf(s, thisManyTimes), s.replace(buf, s), buf.indexOf(s, thisManyTimes), buf.indexOf(s, thisManyTimes)), 35.5
11, 1306, 0.0, 1.0, -1.0, 4.0, 131, 2, s.replace(buf, s).regionMatches(buf.indexOf(s, thisManyTimes), s.replace(buf, s), buf.indexOf(s, thisManyTimes), buf.indexOf(s, thisManyTimes)), 43.0
11, 1307, 0.0, 1.0, -1.0, 4.5, 131, 3, s.replace(buf, s).regionMatches(buf.indexOf(s, thisManyTimes), s.replace(buf, s), buf.indexOf(s, thisManyTimes), buf.indexOf(s, thisManyTimes)), 50.5
11, 1308, 0.0, 1.0, -1.0, 5.0, 131, 3, s.replace(buf, s).regionMatches(buf.indexOf(s, thisManyTimes), s.replace(buf, s), buf.indexOf(s, thisManyTimes), buf.indexOf(s, thisManyTimes)), 58.0
11, 1309, 0.0, 1.0, -0.5, 0.0, 9, 1, buf.append(s).append(), 3.0
11, 1310, 0.0, 1.0, -0.5, 0.5, 22, 2, buf.append(s).append(buf.append(s)), 5.0
11, 1311, 0.0, 1.0, -0.5, 1.0, 46, 2, s.replace(buf, s).replace(buf.append(s), s.replace(buf, s)), 9.5
11, 1312, 0.0, 1.0, -0.5, 1.5, 74, 1, buf.append(s).insert(buf.indexOf(s), s.replace(buf, s), buf.indexOf(s), buf.indexOf(s)), 15.5
11, 1313, 0.0, 1.0, -0.5, 2.0, 131, 3, s.replace(buf, s).regionMatches(buf.indexOf(s, thisManyTimes), s.replace(buf, s), buf.indexOf(s, thisManyTimes), buf.indexOf(s, thisManyTimes)), 22.5
11, 1314, 0.0, 1.0, -0.5, 2.5, 131, 4, s.replace(buf, s).regionMatches(buf.indexOf(s, thisManyTimes), s.replace(buf, s), buf.indexOf(s, thisManyTimes), buf.indexOf(s, thisManyTimes)), 30.0
11, 1315, 0.0, 1.0, -0.5, 3.0, 131, 4, s.replace(buf, s).regionMatches(buf.indexOf(s, thisManyTimes), s.replace(buf, s), buf.indexOf(s, thisManyTimes), buf.indexOf(s, thisManyTimes)), 37.5
11, 1316, 0.0, 1.0, -0.5, 3.5, 131, 4, s.replace(buf, s).regionMatches(buf.indexOf(s, thisManyTimes), s.replace(buf, s), buf.indexOf(s, thisManyTimes), buf.indexOf(s, thisManyTimes)), 45.0
11, 1317, 0.0, 1.0, -0.5, 4.0, 131, 4, s.replace(buf, s).regionMatches(buf.indexOf(s, thisManyTimes), s.replace(buf, s), buf.indexOf(s, thisManyTimes), buf.indexOf(s, thisManyTimes)), 52.5
11, 1318, 0.0, 1.0, -0.5, 4.5, 131, 4, s.replace(buf, s).regionMatches(buf.indexOf(s, thisManyTimes), s.replace(buf, s), buf.indexOf(s, thisManyTimes), buf.indexOf(s, thisManyTimes)), 60.0
11, 1319, 0.0, 1.0, -0.5, 5.0, 174, 4, buf.insert(thisManyTimes, s, thisManyTimes, thisManyTimes).append(buf.insert(thisManyTimes, s, thisManyTimes, thisManyTimes), buf.indexOf(s, thisManyTimes), buf.indexOf(s, thisManyTimes)), 68.0
11, 1320, 0.0, 1.0, 0.0, 0.0, 68, 0, Enum.valueOf(Enum.valueOf(s), buf.getClass(), s.replace(buf, appendCodePoint())), 3.0
11, 1321, 0.0, 1.0, 0.0, 0.5, 340, 4, s.replace(buf, appendCodePoint()).regionMatches(Character.offsetByCodePoints(Character.MIN_HIGH_SURROGATE, buf, thisManyTimes, thisManyTimes), s.replaceAll(s, s), Character.offsetByCodePoints(Character.MIN_HIGH_SURROGATE, buf, thisManyTimes, thisManyTimes), Character.offsetByCodePoints(Character.MIN_HIGH_SURROGATE, buf, thisManyTimes, thisManyTimes)), 10.0
11, 1322, 0.0, 1.0, 0.0, 1.0, 323, 4, s.replace(buf, s).regionMatches(Character.offsetByCodePoints(Character.MIN_HIGH_SURROGATE, buf, thisManyTimes, thisManyTimes), s.replace(buf, s), Character.offsetByCodePoints(Character.MIN_HIGH_SURROGATE, buf, thisManyTimes, thisManyTimes), Character.offsetByCodePoints(Character.MIN_HIGH_SURROGATE, buf, thisManyTimes, thisManyTimes)), 17.0
11, 1323, 0.0, 1.0, 0.0, 1.5, 352, 4, buf.insert(thisManyTimes, s, thisManyTimes, thisManyTimes).append(buf.insert(thisManyTimes, s, thisManyTimes, thisManyTimes), Character.offsetByCodePoints(Character.MIN_HIGH_SURROGATE, thisManyTimes, thisManyTimes, thisManyTimes, thisManyTimes), Character.offsetByCodePoints(Character.MIN_HIGH_SURROGATE, thisManyTimes, thisManyTimes, thisManyTimes, thisManyTimes)), 30.0
11, 1324, 0.0, 1.0, 0.0, 2.0, 352, 4, buf.insert(thisManyTimes, s, thisManyTimes, thisManyTimes).append(buf.insert(thisManyTimes, s, thisManyTimes, thisManyTimes), Character.offsetByCodePoints(Character.MIN_HIGH_SURROGATE, thisManyTimes, thisManyTimes, thisManyTimes, thisManyTimes), Character.offsetByCodePoints(Character.MIN_HIGH_SURROGATE, thisManyTimes, thisManyTimes, thisManyTimes, thisManyTimes)), 39.0
11, 1325, 0.0, 1.0, 0.0, 2.5, 352, 4, buf.insert(thisManyTimes, s, thisManyTimes, thisManyTimes).append(buf.insert(thisManyTimes, s, thisManyTimes, thisManyTimes), Character.offsetByCodePoints(Character.MIN_HIGH_SURROGATE, thisManyTimes, thisManyTimes, thisManyTimes, thisManyTimes), Character.offsetByCodePoints(Character.MIN_HIGH_SURROGATE, thisManyTimes, thisManyTimes, thisManyTimes, thisManyTimes)), 48.0
11, 1326, 0.0, 1.0, 0.0, 3.0, 352, 4, buf.insert(thisManyTimes, s, thisManyTimes, thisManyTimes).append(buf.insert(thisManyTimes, s, thisManyTimes, thisManyTimes), Character.offsetByCodePoints(Character.MIN_HIGH_SURROGATE, thisManyTimes, thisManyTimes, thisManyTimes, thisManyTimes), Character.offsetByCodePoints(Character.MIN_HIGH_SURROGATE, thisManyTimes, thisManyTimes, thisManyTimes, thisManyTimes)), 57.0
11, 1327, 0.0, 1.0, 0.0, 3.5, 352, 4, buf.insert(thisManyTimes, s, thisManyTimes, thisManyTimes).append(buf.insert(thisManyTimes, s, thisManyTimes, thisManyTimes), Character.offsetByCodePoints(Character.MIN_HIGH_SURROGATE, thisManyTimes, thisManyTimes, thisManyTimes, thisManyTimes), Character.offsetByCodePoints(Character.MIN_HIGH_SURROGATE, thisManyTimes, thisManyTimes, thisManyTimes, thisManyTimes)), 66.0
11, 1328, 0.0, 1.0, 0.0, 4.0, 352, 4, buf.insert(thisManyTimes, s, thisManyTimes, thisManyTimes).append(buf.insert(thisManyTimes, s, thisManyTimes, thisManyTimes), Character.offsetByCodePoints(Character.MIN_HIGH_SURROGATE, thisManyTimes, thisManyTimes, thisManyTimes, thisManyTimes), Character.offsetByCodePoints(Character.MIN_HIGH_SURROGATE, thisManyTimes, thisManyTimes, thisManyTimes, thisManyTimes)), 75.0
11, 1329, 0.0, 1.0, 0.0, 4.5, 352, 4, buf.insert(thisManyTimes, s, thisManyTimes, thisManyTimes).append(buf.insert(thisManyTimes, s, thisManyTimes, thisManyTimes), Character.offsetByCodePoints(Character.MIN_HIGH_SURROGATE, thisManyTimes, thisManyTimes, thisManyTimes, thisManyTimes), Character.offsetByCodePoints(Character.MIN_HIGH_SURROGATE, thisManyTimes, thisManyTimes, thisManyTimes, thisManyTimes)), 84.0
11, 1330, 0.0, 1.0, 0.0, 5.0, 352, 4, buf.insert(thisManyTimes, s, thisManyTimes, thisManyTimes).append(buf.insert(thisManyTimes, s, thisManyTimes, thisManyTimes), Character.offsetByCodePoints(Character.MIN_HIGH_SURROGATE, thisManyTimes, thisManyTimes, thisManyTimes, thisManyTimes), Character.offsetByCodePoints(Character.MIN_HIGH_SURROGATE, thisManyTimes, thisManyTimes, thisManyTimes, thisManyTimes)), 93.0
