10, 11979, -5.0, 1.0, -5.0, 0.0, 20, 4, getFileName(), -8.0
10, 11980, -5.0, 1.0, -5.0, 0.5, 20, 4, getFileName(), -8.0
10, 11981, -5.0, 1.0, -5.0, 1.0, 20, 4, getFileName(), -8.0
10, 11982, -5.0, 1.0, -5.0, 1.5, 20, 4, getFileName(), -8.0
10, 11983, -5.0, 1.0, -5.0, 2.0, 20, 4, getFileName(), -8.0
10, 11984, -5.0, 1.0, -5.0, 2.5, 22, 0, getName(), -3.0
10, 11985, -5.0, 1.0, -5.0, 3.0, 22, 0, getName(), -3.0
10, 11986, -5.0, 1.0, -5.0, 3.5, 22, 0, getName(), -3.0
10, 11987, -5.0, 1.0, -5.0, 4.0, 22, 0, getName(), -3.0
10, 11988, -5.0, 1.0, -5.0, 4.5, 22, 0, getName(), -3.0
10, 11989, -5.0, 1.0, -5.0, 5.0, 22, 0, getName(), -3.0
10, 11990, -5.0, 1.0, -4.5, 0.0, 20, 4, getFileName(), -7.5
10, 11991, -5.0, 1.0, -4.5, 0.5, 20, 4, getFileName(), -7.5
10, 11992, -5.0, 1.0, -4.5, 1.0, 20, 4, getFileName(), -7.5
10, 11993, -5.0, 1.0, -4.5, 1.5, 20, 4, getFileName(), -7.5
10, 11994, -5.0, 1.0, -4.5, 2.0, 20, 4, getFileName(), -7.5
10, 11995, -5.0, 1.0, -4.5, 2.5, 22, 0, getName(), -3.0
10, 11996, -5.0, 1.0, -4.5, 3.0, 22, 0, getName(), -3.0
10, 11997, -5.0, 1.0, -4.5, 3.5, 22, 0, getName(), -3.0
10, 11998, -5.0, 1.0, -4.5, 4.0, 22, 0, getName(), -3.0
10, 11999, -5.0, 1.0, -4.5, 4.5, 22, 0, getName(), -3.0
10, 12000, -5.0, 1.0, -4.5, 5.0, 22, 0, getName(), -3.0
10, 12001, -5.0, 1.0, -4.0, 0.0, 20, 4, getFileName(), -7.0
10, 12002, -5.0, 1.0, -4.0, 0.5, 20, 4, getFileName(), -7.0
10, 12003, -5.0, 1.0, -4.0, 1.0, 20, 4, getFileName(), -7.0
10, 12004, -5.0, 1.0, -4.0, 1.5, 20, 4, getFileName(), -7.0
10, 12005, -5.0, 1.0, -4.0, 2.0, 20, 4, getFileName(), -7.0
10, 12006, -5.0, 1.0, -4.0, 2.5, 22, 0, getName(), -3.0
10, 12007, -5.0, 1.0, -4.0, 3.0, 22, 0, getName(), -3.0
10, 12008, -5.0, 1.0, -4.0, 3.5, 22, 0, getName(), -3.0
10, 12009, -5.0, 1.0, -4.0, 4.0, 22, 0, getName(), -3.0
10, 12010, -5.0, 1.0, -4.0, 4.5, 22, 0, getName(), -3.0
10, 12011, -5.0, 1.0, -4.0, 5.0, 22, 0, getName(), -3.0
10, 12012, -5.0, 1.0, -3.5, 0.0, 20, 4, getFileName(), -6.5
10, 12013, -5.0, 1.0, -3.5, 0.5, 20, 4, getFileName(), -6.5
10, 12014, -5.0, 1.0, -3.5, 1.0, 20, 4, getFileName(), -6.5
10, 12015, -5.0, 1.0, -3.5, 1.5, 20, 4, getFileName(), -6.5
10, 12016, -5.0, 1.0, -3.5, 2.0, 20, 4, getFileName(), -6.5
10, 12017, -5.0, 1.0, -3.5, 2.5, 22, 0, getName(), -3.0
10, 12018, -5.0, 1.0, -3.5, 3.0, 22, 0, getName(), -3.0
10, 12019, -5.0, 1.0, -3.5, 3.5, 22, 0, getName(), -3.0
10, 12020, -5.0, 1.0, -3.5, 4.0, 22, 0, getName(), -3.0
10, 12021, -5.0, 1.0, -3.5, 4.5, 22, 0, getName(), -3.0
10, 12022, -5.0, 1.0, -3.5, 5.0, 22, 1, getName(), -3.0
10, 12023, -5.0, 1.0, -3.0, 0.0, 20, 4, getFileName(), -6.0
10, 12024, -5.0, 1.0, -3.0, 0.5, 20, 4, getFileName(), -6.0
10, 12025, -5.0, 1.0, -3.0, 1.0, 20, 4, getFileName(), -6.0
10, 12026, -5.0, 1.0, -3.0, 1.5, 20, 4, getFileName(), -6.0
10, 12027, -5.0, 1.0, -3.0, 2.0, 20, 4, getFileName(), -6.0
10, 12028, -5.0, 1.0, -3.0, 2.5, 22, 0, getName(), -3.0
10, 12029, -5.0, 1.0, -3.0, 3.0, 22, 0, getName(), -3.0
10, 12030, -5.0, 1.0, -3.0, 3.5, 22, 0, getName(), -3.0
10, 12031, -5.0, 1.0, -3.0, 4.0, 22, 0, getName(), -3.0
10, 12032, -5.0, 1.0, -3.0, 4.5, 22, 0, getName(), -3.0
10, 12033, -5.0, 1.0, -3.0, 5.0, 22, 1, getName(), -3.0
10, 12034, -5.0, 1.0, -2.5, 0.0, 20, 4, getFileName(), -5.5
10, 12035, -5.0, 1.0, -2.5, 0.5, 20, 4, getFileName(), -5.5
10, 12036, -5.0, 1.0, -2.5, 1.0, 20, 4, getFileName(), -5.5
10, 12037, -5.0, 1.0, -2.5, 1.5, 20, 4, getFileName(), -5.5
10, 12038, -5.0, 1.0, -2.5, 2.0, 20, 4, getFileName(), -5.5
10, 12039, -5.0, 1.0, -2.5, 2.5, 22, 0, getName(), -3.0
10, 12040, -5.0, 1.0, -2.5, 3.0, 22, 0, getName(), -3.0
10, 12041, -5.0, 1.0, -2.5, 3.5, 22, 0, getName(), -3.0
10, 12042, -5.0, 1.0, -2.5, 4.0, 22, 0, getName(), -3.0
10, 12043, -5.0, 1.0, -2.5, 4.5, 22, 1, getName(), -3.0
10, 12044, -5.0, 1.0, -2.5, 5.0, 22, 1, getName(), -3.0
10, 12045, -5.0, 1.0, -2.0, 0.0, 20, 4, getFileName(), -5.0
10, 12046, -5.0, 1.0, -2.0, 0.5, 20, 4, getFileName(), -5.0
10, 12047, -5.0, 1.0, -2.0, 1.0, 20, 4, getFileName(), -5.0
10, 12048, -5.0, 1.0, -2.0, 1.5, 20, 4, getFileName(), -5.0
10, 12049, -5.0, 1.0, -2.0, 2.0, 20, 4, getFileName(), -5.0
10, 12050, -5.0, 1.0, -2.0, 2.5, 22, 0, getName(), -3.0
10, 12051, -5.0, 1.0, -2.0, 3.0, 22, 0, getName(), -3.0
10, 12052, -5.0, 1.0, -2.0, 3.5, 22, 0, getName(), -3.0
10, 12053, -5.0, 1.0, -2.0, 4.0, 22, 0, getName(), -3.0
10, 12054, -5.0, 1.0, -2.0, 4.5, 22, 1, getName(), -3.0
10, 12055, -5.0, 1.0, -2.0, 5.0, 22, 1, getName(), -3.0
10, 12056, -5.0, 1.0, -1.5, 0.0, 20, 4, getFileName(), -4.5
10, 12057, -5.0, 1.0, -1.5, 0.5, 20, 4, getFileName(), -4.5
10, 12058, -5.0, 1.0, -1.5, 1.0, 20, 4, getFileName(), -4.5
10, 12059, -5.0, 1.0, -1.5, 1.5, 20, 4, getFileName(), -4.5
10, 12060, -5.0, 1.0, -1.5, 2.0, 20, 4, getFileName(), -4.5
10, 12061, -5.0, 1.0, -1.5, 2.5, 22, 0, getName(), -3.0
10, 12062, -5.0, 1.0, -1.5, 3.0, 22, 0, getName(), -3.0
10, 12063, -5.0, 1.0, -1.5, 3.5, 22, 0, getName(), -3.0
10, 12064, -5.0, 1.0, -1.5, 4.0, 22, 1, getName(), -3.0
10, 12065, -5.0, 1.0, -1.5, 4.5, 22, 1, getName(), -3.0
10, 12066, -5.0, 1.0, -1.5, 5.0, 22, 1, getName(), -3.0
10, 12067, -5.0, 1.0, -1.0, 0.0, 20, 2, getFileName(), -4.0
10, 12068, -5.0, 1.0, -1.0, 0.5, 20, 2, getFileName(), -4.0
10, 12069, -5.0, 1.0, -1.0, 1.0, 20, 2, getFileName(), -4.0
10, 12070, -5.0, 1.0, -1.0, 1.5, 20, 2, getFileName(), -4.0
10, 12071, -5.0, 1.0, -1.0, 2.0, 20, 2, getFileName(), -4.0
10, 12072, -5.0, 1.0, -1.0, 2.5, 20, 3, getFileName(), -4.0
10, 12073, -5.0, 1.0, -1.0, 3.0, 20, 3, getFileName(), -4.0
10, 12074, -5.0, 1.0, -1.0, 3.5, 20, 3, getFileName(), -4.0
10, 12075, -5.0, 1.0, -1.0, 4.0, 20, 3, getFileName(), -4.0
10, 12076, -5.0, 1.0, -1.0, 4.5, 20, 3, getFileName(), -4.0
10, 12077, -5.0, 1.0, -1.0, 5.0, 20, 3, getFileName(), -4.0
10, 12078, -5.0, 1.0, -0.5, 0.0, 20, 1, getFileName(), -3.5
10, 12079, -5.0, 1.0, -0.5, 0.5, 20, 1, getFileName(), -3.5
10, 12080, -5.0, 1.0, -0.5, 1.0, 20, 1, getFileName(), -3.5
10, 12081, -5.0, 1.0, -0.5, 1.5, 20, 1, getFileName(), -3.5
10, 12082, -5.0, 1.0, -0.5, 2.0, 20, 1, getFileName(), -3.5
10, 12083, -5.0, 1.0, -0.5, 2.5, 20, 2, getFileName(), -3.5
10, 12084, -5.0, 1.0, -0.5, 3.0, 20, 2, getFileName(), -3.5
10, 12085, -5.0, 1.0, -0.5, 3.5, 20, 2, getFileName(), -3.5
10, 12086, -5.0, 1.0, -0.5, 4.0, 20, 2, getFileName(), -3.5
10, 12087, -5.0, 1.0, -0.5, 4.5, 20, 2, getFileName(), -3.5
10, 12088, -5.0, 1.0, -0.5, 5.0, 20, 2, getFileName(), -3.5
10, 12089, -5.0, 1.0, 0.0, 0.0, 20, 1, getFileName(), -3.0
10, 12090, -5.0, 1.0, 0.0, 0.5, 20, 1, getFileName(), -3.0
10, 12091, -5.0, 1.0, 0.0, 1.0, 20, 1, getFileName(), -3.0
10, 12092, -5.0, 1.0, 0.0, 1.5, 20, 1, getFileName(), -3.0
10, 12093, -5.0, 1.0, 0.0, 2.0, 20, 1, getFileName(), -3.0
10, 12094, -5.0, 1.0, 0.0, 2.5, 20, 2, getFileName(), -3.0
10, 12095, -5.0, 1.0, 0.0, 3.0, 20, 2, getFileName(), -3.0
10, 12096, -5.0, 1.0, 0.0, 3.5, 20, 2, getFileName(), -3.0
10, 12097, -5.0, 1.0, 0.0, 4.0, 20, 2, getFileName(), -3.0
10, 12098, -5.0, 1.0, 0.0, 4.5, 20, 2, getFileName(), -3.0
10, 12099, -5.0, 1.0, 0.0, 5.0, 20, 2, getFileName(), -3.0
10, 12100, -4.5, 1.0, -5.0, 0.0, 20, 4, getFileName(), -7.5
10, 12101, -4.5, 1.0, -5.0, 0.5, 20, 4, getFileName(), -7.5
10, 12102, -4.5, 1.0, -5.0, 1.0, 20, 4, getFileName(), -7.5
10, 12103, -4.5, 1.0, -5.0, 1.5, 20, 4, getFileName(), -7.5
10, 12104, -4.5, 1.0, -5.0, 2.0, 20, 4, getFileName(), -7.5
10, 12105, -4.5, 1.0, -5.0, 2.5, 22, 0, getName(), -2.5
10, 12106, -4.5, 1.0, -5.0, 3.0, 22, 0, getName(), -2.5
10, 12107, -4.5, 1.0, -5.0, 3.5, 22, 0, getName(), -2.5
10, 12108, -4.5, 1.0, -5.0, 4.0, 22, 0, getName(), -2.5
10, 12109, -4.5, 1.0, -5.0, 4.5, 22, 0, getName(), -2.5
10, 12110, -4.5, 1.0, -5.0, 5.0, 22, 0, getName(), -2.5
10, 12111, -4.5, 1.0, -4.5, 0.0, 20, 4, getFileName(), -7.0
10, 12112, -4.5, 1.0, -4.5, 0.5, 20, 4, getFileName(), -7.0
10, 12113, -4.5, 1.0, -4.5, 1.0, 20, 4, getFileName(), -7.0
10, 12114, -4.5, 1.0, -4.5, 1.5, 20, 4, getFileName(), -7.0
10, 12115, -4.5, 1.0, -4.5, 2.0, 20, 4, getFileName(), -7.0
10, 12116, -4.5, 1.0, -4.5, 2.5, 22, 0, getName(), -2.5
10, 12117, -4.5, 1.0, -4.5, 3.0, 22, 0, getName(), -2.5
10, 12118, -4.5, 1.0, -4.5, 3.5, 22, 0, getName(), -2.5
10, 12119, -4.5, 1.0, -4.5, 4.0, 22, 0, getName(), -2.5
10, 12120, -4.5, 1.0, -4.5, 4.5, 22, 0, getName(), -2.5
10, 12121, -4.5, 1.0, -4.5, 5.0, 22, 0, getName(), -2.5
10, 12122, -4.5, 1.0, -4.0, 0.0, 20, 4, getFileName(), -6.5
10, 12123, -4.5, 1.0, -4.0, 0.5, 20, 4, getFileName(), -6.5
10, 12124, -4.5, 1.0, -4.0, 1.0, 20, 4, getFileName(), -6.5
10, 12125, -4.5, 1.0, -4.0, 1.5, 20, 4, getFileName(), -6.5
10, 12126, -4.5, 1.0, -4.0, 2.0, 20, 4, getFileName(), -6.5
10, 12127, -4.5, 1.0, -4.0, 2.5, 22, 0, getName(), -2.5
10, 12128, -4.5, 1.0, -4.0, 3.0, 22, 0, getName(), -2.5
10, 12129, -4.5, 1.0, -4.0, 3.5, 22, 0, getName(), -2.5
10, 12130, -4.5, 1.0, -4.0, 4.0, 22, 0, getName(), -2.5
10, 12131, -4.5, 1.0, -4.0, 4.5, 22, 0, getName(), -2.5
10, 12132, -4.5, 1.0, -4.0, 5.0, 22, 1, getName(), -2.5
10, 12133, -4.5, 1.0, -3.5, 0.0, 20, 4, getFileName(), -6.0
10, 12134, -4.5, 1.0, -3.5, 0.5, 20, 4, getFileName(), -6.0
10, 12135, -4.5, 1.0, -3.5, 1.0, 20, 4, getFileName(), -6.0
10, 12136, -4.5, 1.0, -3.5, 1.5, 20, 4, getFileName(), -6.0
10, 12137, -4.5, 1.0, -3.5, 2.0, 20, 4, getFileName(), -6.0
10, 12138, -4.5, 1.0, -3.5, 2.5, 22, 0, getName(), -2.5
10, 12139, -4.5, 1.0, -3.5, 3.0, 22, 0, getName(), -2.5
10, 12140, -4.5, 1.0, -3.5, 3.5, 22, 0, getName(), -2.5
10, 12141, -4.5, 1.0, -3.5, 4.0, 22, 0, getName(), -2.5
10, 12142, -4.5, 1.0, -3.5, 4.5, 22, 0, getName(), -2.5
10, 12143, -4.5, 1.0, -3.5, 5.0, 22, 1, getName(), -2.5
10, 12144, -4.5, 1.0, -3.0, 0.0, 20, 4, getFileName(), -5.5
10, 12145, -4.5, 1.0, -3.0, 0.5, 20, 4, getFileName(), -5.5
10, 12146, -4.5, 1.0, -3.0, 1.0, 20, 4, getFileName(), -5.5
10, 12147, -4.5, 1.0, -3.0, 1.5, 20, 4, getFileName(), -5.5
10, 12148, -4.5, 1.0, -3.0, 2.0, 20, 4, getFileName(), -5.5
10, 12149, -4.5, 1.0, -3.0, 2.5, 22, 0, getName(), -2.5
10, 12150, -4.5, 1.0, -3.0, 3.0, 22, 0, getName(), -2.5
10, 12151, -4.5, 1.0, -3.0, 3.5, 22, 0, getName(), -2.5
10, 12152, -4.5, 1.0, -3.0, 4.0, 22, 0, getName(), -2.5
10, 12153, -4.5, 1.0, -3.0, 4.5, 22, 1, getName(), -2.5
10, 12154, -4.5, 1.0, -3.0, 5.0, 22, 1, getName(), -2.5
10, 12155, -4.5, 1.0, -2.5, 0.0, 20, 4, getFileName(), -5.0
10, 12156, -4.5, 1.0, -2.5, 0.5, 20, 4, getFileName(), -5.0
10, 12157, -4.5, 1.0, -2.5, 1.0, 20, 4, getFileName(), -5.0
10, 12158, -4.5, 1.0, -2.5, 1.5, 20, 4, getFileName(), -5.0
10, 12159, -4.5, 1.0, -2.5, 2.0, 20, 4, getFileName(), -5.0
10, 12160, -4.5, 1.0, -2.5, 2.5, 22, 0, getName(), -2.5
10, 12161, -4.5, 1.0, -2.5, 3.0, 22, 0, getName(), -2.5
10, 12162, -4.5, 1.0, -2.5, 3.5, 22, 0, getName(), -2.5
10, 12163, -4.5, 1.0, -2.5, 4.0, 22, 0, getName(), -2.5
10, 12164, -4.5, 1.0, -2.5, 4.5, 22, 1, getName(), -2.5
10, 12165, -4.5, 1.0, -2.5, 5.0, 22, 1, getName(), -2.5
10, 12166, -4.5, 1.0, -2.0, 0.0, 20, 4, getFileName(), -4.5
10, 12167, -4.5, 1.0, -2.0, 0.5, 20, 4, getFileName(), -4.5
10, 12168, -4.5, 1.0, -2.0, 1.0, 20, 4, getFileName(), -4.5
10, 12169, -4.5, 1.0, -2.0, 1.5, 20, 4, getFileName(), -4.5
10, 12170, -4.5, 1.0, -2.0, 2.0, 20, 4, getFileName(), -4.5
10, 12171, -4.5, 1.0, -2.0, 2.5, 22, 0, getName(), -2.5
10, 12172, -4.5, 1.0, -2.0, 3.0, 22, 0, getName(), -2.5
10, 12173, -4.5, 1.0, -2.0, 3.5, 22, 0, getName(), -2.5
10, 12174, -4.5, 1.0, -2.0, 4.0, 22, 1, getName(), -2.5
10, 12175, -4.5, 1.0, -2.0, 4.5, 22, 1, getName(), -2.5
10, 12176, -4.5, 1.0, -2.0, 5.0, 22, 1, getName(), -2.5
10, 12177, -4.5, 1.0, -1.5, 0.0, 20, 4, getFileName(), -4.0
10, 12178, -4.5, 1.0, -1.5, 0.5, 20, 4, getFileName(), -4.0
10, 12179, -4.5, 1.0, -1.5, 1.0, 20, 4, getFileName(), -4.0
10, 12180, -4.5, 1.0, -1.5, 1.5, 20, 4, getFileName(), -4.0
10, 12181, -4.5, 1.0, -1.5, 2.0, 20, 4, getFileName(), -4.0
10, 12182, -4.5, 1.0, -1.5, 2.5, 22, 0, getName(), -2.5
10, 12183, -4.5, 1.0, -1.5, 3.0, 22, 0, getName(), -2.5
10, 12184, -4.5, 1.0, -1.5, 3.5, 22, 0, getName(), -2.5
10, 12185, -4.5, 1.0, -1.5, 4.0, 22, 1, getName(), -2.5
10, 12186, -4.5, 1.0, -1.5, 4.5, 22, 1, getName(), -2.5
10, 12187, -4.5, 1.0, -1.5, 5.0, 21, 3, f.ls().println(), -3.0
10, 12188, -4.5, 1.0, -1.0, 0.0, 20, 2, getFileName(), -3.5
10, 12189, -4.5, 1.0, -1.0, 0.5, 20, 2, getFileName(), -3.5
10, 12190, -4.5, 1.0, -1.0, 1.0, 20, 2, getFileName(), -3.5
10, 12191, -4.5, 1.0, -1.0, 1.5, 20, 2, getFileName(), -3.5
10, 12192, -4.5, 1.0, -1.0, 2.0, 20, 2, getFileName(), -3.5
10, 12193, -4.5, 1.0, -1.0, 2.5, 20, 3, getFileName(), -3.5
10, 12194, -4.5, 1.0, -1.0, 3.0, 20, 3, getFileName(), -3.5
10, 12195, -4.5, 1.0, -1.0, 3.5, 20, 3, getFileName(), -3.5
10, 12196, -4.5, 1.0, -1.0, 4.0, 20, 3, getFileName(), -3.5
10, 12197, -4.5, 1.0, -1.0, 4.5, 20, 3, getFileName(), -3.5
10, 12198, -4.5, 1.0, -1.0, 5.0, 21, 3, f.ls().println(), -2.5
10, 12199, -4.5, 1.0, -0.5, 0.0, 20, 1, getFileName(), -3.0
10, 12200, -4.5, 1.0, -0.5, 0.5, 20, 1, getFileName(), -3.0
10, 12201, -4.5, 1.0, -0.5, 1.0, 20, 1, getFileName(), -3.0
10, 12202, -4.5, 1.0, -0.5, 1.5, 20, 1, getFileName(), -3.0
10, 12203, -4.5, 1.0, -0.5, 2.0, 20, 1, getFileName(), -3.0
10, 12204, -4.5, 1.0, -0.5, 2.5, 20, 2, getFileName(), -3.0
10, 12205, -4.5, 1.0, -0.5, 3.0, 20, 2, getFileName(), -3.0
10, 12206, -4.5, 1.0, -0.5, 3.5, 20, 2, getFileName(), -3.0
10, 12207, -4.5, 1.0, -0.5, 4.0, 20, 2, getFileName(), -3.0
10, 12208, -4.5, 1.0, -0.5, 4.5, 20, 2, getFileName(), -3.0
10, 12209, -4.5, 1.0, -0.5, 5.0, 18, 4, System.arraycopy(f.ls()), -2.5
10, 12210, -4.5, 1.0, 0.0, 0.0, 20, 1, getFileName(), -2.5
10, 12211, -4.5, 1.0, 0.0, 0.5, 20, 1, getFileName(), -2.5
10, 12212, -4.5, 1.0, 0.0, 1.0, 20, 1, getFileName(), -2.5
10, 12213, -4.5, 1.0, 0.0, 1.5, 20, 1, getFileName(), -2.5
10, 12214, -4.5, 1.0, 0.0, 2.0, 20, 1, getFileName(), -2.5
10, 12215, -4.5, 1.0, 0.0, 2.5, 20, 2, getFileName(), -2.5
10, 12216, -4.5, 1.0, 0.0, 3.0, 20, 2, getFileName(), -2.5
10, 12217, -4.5, 1.0, 0.0, 3.5, 20, 2, getFileName(), -2.5
10, 12218, -4.5, 1.0, 0.0, 4.0, 20, 2, getFileName(), -2.5
10, 12219, -4.5, 1.0, 0.0, 4.5, 20, 2, getFileName(), -2.5
10, 12220, -4.5, 1.0, 0.0, 5.0, 24, 4, System.arraycopy(new Task10().ls(f)), -1.0
10, 12221, -4.0, 1.0, -5.0, 0.0, 20, 4, getFileName(), -7.0
10, 12222, -4.0, 1.0, -5.0, 0.5, 20, 4, getFileName(), -7.0
10, 12223, -4.0, 1.0, -5.0, 1.0, 20, 4, getFileName(), -7.0
10, 12224, -4.0, 1.0, -5.0, 1.5, 20, 4, getFileName(), -7.0
10, 12225, -4.0, 1.0, -5.0, 2.0, 20, 4, getFileName(), -7.0
10, 12226, -4.0, 1.0, -5.0, 2.5, 22, 0, getName(), -2.0
10, 12227, -4.0, 1.0, -5.0, 3.0, 22, 0, getName(), -2.0
10, 12228, -4.0, 1.0, -5.0, 3.5, 22, 0, getName(), -2.0
10, 12229, -4.0, 1.0, -5.0, 4.0, 22, 0, getName(), -2.0
10, 12230, -4.0, 1.0, -5.0, 4.5, 22, 0, getName(), -2.0
10, 12231, -4.0, 1.0, -5.0, 5.0, 22, 0, getName(), -2.0
10, 12232, -4.0, 1.0, -4.5, 0.0, 20, 4, getFileName(), -6.5
10, 12233, -4.0, 1.0, -4.5, 0.5, 20, 4, getFileName(), -6.5
10, 12234, -4.0, 1.0, -4.5, 1.0, 20, 4, getFileName(), -6.5
10, 12235, -4.0, 1.0, -4.5, 1.5, 20, 4, getFileName(), -6.5
10, 12236, -4.0, 1.0, -4.5, 2.0, 20, 4, getFileName(), -6.5
10, 12237, -4.0, 1.0, -4.5, 2.5, 22, 0, getName(), -2.0
10, 12238, -4.0, 1.0, -4.5, 3.0, 22, 0, getName(), -2.0
10, 12239, -4.0, 1.0, -4.5, 3.5, 22, 0, getName(), -2.0
10, 12240, -4.0, 1.0, -4.5, 4.0, 22, 0, getName(), -2.0
10, 12241, -4.0, 1.0, -4.5, 4.5, 22, 0, getName(), -2.0
10, 12242, -4.0, 1.0, -4.5, 5.0, 22, 1, getName(), -2.0
10, 12243, -4.0, 1.0, -4.0, 0.0, 20, 4, getFileName(), -6.0
10, 12244, -4.0, 1.0, -4.0, 0.5, 20, 4, getFileName(), -6.0
10, 12245, -4.0, 1.0, -4.0, 1.0, 20, 4, getFileName(), -6.0
10, 12246, -4.0, 1.0, -4.0, 1.5, 20, 4, getFileName(), -6.0
10, 12247, -4.0, 1.0, -4.0, 2.0, 20, 4, getFileName(), -6.0
10, 12248, -4.0, 1.0, -4.0, 2.5, 22, 0, getName(), -2.0
10, 12249, -4.0, 1.0, -4.0, 3.0, 22, 0, getName(), -2.0
10, 12250, -4.0, 1.0, -4.0, 3.5, 22, 0, getName(), -2.0
10, 12251, -4.0, 1.0, -4.0, 4.0, 22, 0, getName(), -2.0
10, 12252, -4.0, 1.0, -4.0, 4.5, 22, 0, getName(), -2.0
10, 12253, -4.0, 1.0, -4.0, 5.0, 22, 1, getName(), -2.0
10, 12254, -4.0, 1.0, -3.5, 0.0, 20, 4, getFileName(), -5.5
10, 12255, -4.0, 1.0, -3.5, 0.5, 20, 4, getFileName(), -5.5
10, 12256, -4.0, 1.0, -3.5, 1.0, 20, 4, getFileName(), -5.5
10, 12257, -4.0, 1.0, -3.5, 1.5, 20, 4, getFileName(), -5.5
10, 12258, -4.0, 1.0, -3.5, 2.0, 20, 4, getFileName(), -5.5
10, 12259, -4.0, 1.0, -3.5, 2.5, 22, 0, getName(), -2.0
10, 12260, -4.0, 1.0, -3.5, 3.0, 22, 0, getName(), -2.0
10, 12261, -4.0, 1.0, -3.5, 3.5, 22, 0, getName(), -2.0
10, 12262, -4.0, 1.0, -3.5, 4.0, 22, 0, getName(), -2.0
10, 12263, -4.0, 1.0, -3.5, 4.5, 22, 1, getName(), -2.0
10, 12264, -4.0, 1.0, -3.5, 5.0, 22, 1, getName(), -2.0
10, 12265, -4.0, 1.0, -3.0, 0.0, 20, 4, getFileName(), -5.0
10, 12266, -4.0, 1.0, -3.0, 0.5, 20, 4, getFileName(), -5.0
10, 12267, -4.0, 1.0, -3.0, 1.0, 20, 4, getFileName(), -5.0
10, 12268, -4.0, 1.0, -3.0, 1.5, 20, 4, getFileName(), -5.0
10, 12269, -4.0, 1.0, -3.0, 2.0, 20, 4, getFileName(), -5.0
10, 12270, -4.0, 1.0, -3.0, 2.5, 22, 0, getName(), -2.0
10, 12271, -4.0, 1.0, -3.0, 3.0, 22, 0, getName(), -2.0
10, 12272, -4.0, 1.0, -3.0, 3.5, 22, 0, getName(), -2.0
10, 12273, -4.0, 1.0, -3.0, 4.0, 22, 0, getName(), -2.0
10, 12274, -4.0, 1.0, -3.0, 4.5, 22, 1, getName(), -2.0
10, 12275, -4.0, 1.0, -3.0, 5.0, 22, 1, getName(), -2.0
10, 12276, -4.0, 1.0, -2.5, 0.0, 20, 4, getFileName(), -4.5
10, 12277, -4.0, 1.0, -2.5, 0.5, 20, 4, getFileName(), -4.5
10, 12278, -4.0, 1.0, -2.5, 1.0, 20, 4, getFileName(), -4.5
10, 12279, -4.0, 1.0, -2.5, 1.5, 20, 4, getFileName(), -4.5
10, 12280, -4.0, 1.0, -2.5, 2.0, 20, 4, getFileName(), -4.5
10, 12281, -4.0, 1.0, -2.5, 2.5, 22, 0, getName(), -2.0
10, 12282, -4.0, 1.0, -2.5, 3.0, 22, 0, getName(), -2.0
10, 12283, -4.0, 1.0, -2.5, 3.5, 22, 0, getName(), -2.0
10, 12284, -4.0, 1.0, -2.5, 4.0, 22, 1, getName(), -2.0
10, 12285, -4.0, 1.0, -2.5, 4.5, 22, 1, getName(), -2.0
10, 12286, -4.0, 1.0, -2.5, 5.0, 21, 3, f.ls().println(), -2.5
10, 12287, -4.0, 1.0, -2.0, 0.0, 20, 4, getFileName(), -4.0
10, 12288, -4.0, 1.0, -2.0, 0.5, 20, 4, getFileName(), -4.0
10, 12289, -4.0, 1.0, -2.0, 1.0, 20, 4, getFileName(), -4.0
10, 12290, -4.0, 1.0, -2.0, 1.5, 20, 4, getFileName(), -4.0
10, 12291, -4.0, 1.0, -2.0, 2.0, 20, 4, getFileName(), -4.0
10, 12292, -4.0, 1.0, -2.0, 2.5, 22, 0, getName(), -2.0
10, 12293, -4.0, 1.0, -2.0, 3.0, 22, 0, getName(), -2.0
10, 12294, -4.0, 1.0, -2.0, 3.5, 22, 0, getName(), -2.0
10, 12295, -4.0, 1.0, -2.0, 4.0, 22, 1, getName(), -2.0
10, 12296, -4.0, 1.0, -2.0, 4.5, 22, 1, getName(), -2.0
10, 12297, -4.0, 1.0, -2.0, 5.0, 21, 3, f.ls().println(), -2.0
10, 12298, -4.0, 1.0, -1.5, 0.0, 20, 4, getFileName(), -3.5
10, 12299, -4.0, 1.0, -1.5, 0.5, 20, 4, getFileName(), -3.5
10, 12300, -4.0, 1.0, -1.5, 1.0, 20, 4, getFileName(), -3.5
10, 12301, -4.0, 1.0, -1.5, 1.5, 20, 4, getFileName(), -3.5
10, 12302, -4.0, 1.0, -1.5, 2.0, 20, 4, getFileName(), -3.5
10, 12303, -4.0, 1.0, -1.5, 2.5, 22, 0, getName(), -2.0
10, 12304, -4.0, 1.0, -1.5, 3.0, 22, 0, getName(), -2.0
10, 12305, -4.0, 1.0, -1.5, 3.5, 22, 1, getName(), -2.0
10, 12306, -4.0, 1.0, -1.5, 4.0, 22, 1, getName(), -2.0
10, 12307, -4.0, 1.0, -1.5, 4.5, 21, 3, f.ls().println(), -2.5
10, 12308, -4.0, 1.0, -1.5, 5.0, 21, 2, f.ls().println(), -1.5
10, 12309, -4.0, 1.0, -1.0, 0.0, 20, 2, getFileName(), -3.0
10, 12310, -4.0, 1.0, -1.0, 0.5, 20, 2, getFileName(), -3.0
10, 12311, -4.0, 1.0, -1.0, 1.0, 20, 2, getFileName(), -3.0
10, 12312, -4.0, 1.0, -1.0, 1.5, 20, 2, getFileName(), -3.0
10, 12313, -4.0, 1.0, -1.0, 2.0, 20, 2, getFileName(), -3.0
10, 12314, -4.0, 1.0, -1.0, 2.5, 20, 3, getFileName(), -3.0
10, 12315, -4.0, 1.0, -1.0, 3.0, 20, 3, getFileName(), -3.0
10, 12316, -4.0, 1.0, -1.0, 3.5, 20, 3, getFileName(), -3.0
10, 12317, -4.0, 1.0, -1.0, 4.0, 20, 3, getFileName(), -3.0
10, 12318, -4.0, 1.0, -1.0, 4.5, 21, 3, f.ls().println(), -2.0
10, 12319, -4.0, 1.0, -1.0, 5.0, 21, 2, f.ls().println(), -1.0
10, 12320, -4.0, 1.0, -0.5, 0.0, 20, 1, getFileName(), -2.5
10, 12321, -4.0, 1.0, -0.5, 0.5, 20, 1, getFileName(), -2.5
10, 12322, -4.0, 1.0, -0.5, 1.0, 20, 1, getFileName(), -2.5
10, 12323, -4.0, 1.0, -0.5, 1.5, 20, 1, getFileName(), -2.5
10, 12324, -4.0, 1.0, -0.5, 2.0, 20, 1, getFileName(), -2.5
10, 12325, -4.0, 1.0, -0.5, 2.5, 20, 2, getFileName(), -2.5
10, 12326, -4.0, 1.0, -0.5, 3.0, 20, 2, getFileName(), -2.5
10, 12327, -4.0, 1.0, -0.5, 3.5, 20, 2, getFileName(), -2.5
10, 12328, -4.0, 1.0, -0.5, 4.0, 20, 2, getFileName(), -2.5
10, 12329, -4.0, 1.0, -0.5, 4.5, 18, 4, System.arraycopy(f.ls()), -2.0
10, 12330, -4.0, 1.0, -0.5, 5.0, 22, 3, new Task10().ls(f).get(), -0.5
10, 12331, -4.0, 1.0, 0.0, 0.0, 20, 1, getFileName(), -2.0
10, 12332, -4.0, 1.0, 0.0, 0.5, 20, 1, getFileName(), -2.0
10, 12333, -4.0, 1.0, 0.0, 1.0, 20, 1, getFileName(), -2.0
10, 12334, -4.0, 1.0, 0.0, 1.5, 20, 1, getFileName(), -2.0
10, 12335, -4.0, 1.0, 0.0, 2.0, 20, 1, getFileName(), -2.0
10, 12336, -4.0, 1.0, 0.0, 2.5, 20, 2, getFileName(), -2.0
10, 12337, -4.0, 1.0, 0.0, 3.0, 20, 2, getFileName(), -2.0
10, 12338, -4.0, 1.0, 0.0, 3.5, 20, 2, getFileName(), -2.0
10, 12339, -4.0, 1.0, 0.0, 4.0, 20, 2, getFileName(), -2.0
10, 12340, -4.0, 1.0, 0.0, 4.5, 24, 4, System.arraycopy(new Task10().ls(f)), -0.5
10, 12341, -4.0, 1.0, 0.0, 5.0, 22, 3, new Task10().ls(f).get(), 1.0
10, 12342, -3.5, 1.0, -5.0, 0.0, 20, 4, getFileName(), -6.5
10, 12343, -3.5, 1.0, -5.0, 0.5, 20, 4, getFileName(), -6.5
10, 12344, -3.5, 1.0, -5.0, 1.0, 20, 4, getFileName(), -6.5
10, 12345, -3.5, 1.0, -5.0, 1.5, 20, 4, getFileName(), -6.5
10, 12346, -3.5, 1.0, -5.0, 2.0, 20, 4, getFileName(), -6.5
10, 12347, -3.5, 1.0, -5.0, 2.5, 22, 0, getName(), -1.5
10, 12348, -3.5, 1.0, -5.0, 3.0, 22, 0, getName(), -1.5
10, 12349, -3.5, 1.0, -5.0, 3.5, 22, 0, getName(), -1.5
10, 12350, -3.5, 1.0, -5.0, 4.0, 22, 0, getName(), -1.5
10, 12351, -3.5, 1.0, -5.0, 4.5, 20, 0, f.getName(), 0.5
10, 12352, -3.5, 1.0, -5.0, 5.0, 20, 0, f.getName(), 1.0
10, 12353, -3.5, 1.0, -4.5, 0.0, 20, 4, getFileName(), -6.0
10, 12354, -3.5, 1.0, -4.5, 0.5, 20, 4, getFileName(), -6.0
10, 12355, -3.5, 1.0, -4.5, 1.0, 20, 4, getFileName(), -6.0
10, 12356, -3.5, 1.0, -4.5, 1.5, 20, 4, getFileName(), -6.0
10, 12357, -3.5, 1.0, -4.5, 2.0, 20, 4, getFileName(), -6.0
10, 12358, -3.5, 1.0, -4.5, 2.5, 22, 0, getName(), -1.5
10, 12359, -3.5, 1.0, -4.5, 3.0, 22, 0, getName(), -1.5
10, 12360, -3.5, 1.0, -4.5, 3.5, 22, 0, getName(), -1.5
10, 12361, -3.5, 1.0, -4.5, 4.0, 22, 0, getName(), -1.5
10, 12362, -3.5, 1.0, -4.5, 4.5, 20, 0, f.getName(), 0.5
10, 12363, -3.5, 1.0, -4.5, 5.0, 20, 0, f.getName(), 1.0
10, 12364, -3.5, 1.0, -4.0, 0.0, 20, 4, getFileName(), -5.5
10, 12365, -3.5, 1.0, -4.0, 0.5, 20, 4, getFileName(), -5.5
10, 12366, -3.5, 1.0, -4.0, 1.0, 20, 4, getFileName(), -5.5
10, 12367, -3.5, 1.0, -4.0, 1.5, 20, 4, getFileName(), -5.5
10, 12368, -3.5, 1.0, -4.0, 2.0, 20, 4, getFileName(), -5.5
10, 12369, -3.5, 1.0, -4.0, 2.5, 22, 0, getName(), -1.5
10, 12370, -3.5, 1.0, -4.0, 3.0, 22, 0, getName(), -1.5
10, 12371, -3.5, 1.0, -4.0, 3.5, 22, 0, getName(), -1.5
10, 12372, -3.5, 1.0, -4.0, 4.0, 22, 0, getName(), -1.5
10, 12373, -3.5, 1.0, -4.0, 4.5, 20, 0, f.getName(), 0.5
10, 12374, -3.5, 1.0, -4.0, 5.0, 20, 0, f.getName(), 1.0
10, 12375, -3.5, 1.0, -3.5, 0.0, 20, 4, getFileName(), -5.0
10, 12376, -3.5, 1.0, -3.5, 0.5, 20, 4, getFileName(), -5.0
10, 12377, -3.5, 1.0, -3.5, 1.0, 20, 4, getFileName(), -5.0
10, 12378, -3.5, 1.0, -3.5, 1.5, 20, 4, getFileName(), -5.0
10, 12379, -3.5, 1.0, -3.5, 2.0, 20, 4, getFileName(), -5.0
10, 12380, -3.5, 1.0, -3.5, 2.5, 22, 0, getName(), -1.5
10, 12381, -3.5, 1.0, -3.5, 3.0, 22, 0, getName(), -1.5
10, 12382, -3.5, 1.0, -3.5, 3.5, 22, 0, getName(), -1.5
10, 12383, -3.5, 1.0, -3.5, 4.0, 22, 0, getName(), -1.5
10, 12384, -3.5, 1.0, -3.5, 4.5, 20, 0, f.getName(), 0.5
10, 12385, -3.5, 1.0, -3.5, 5.0, 20, 0, f.getName(), 1.0
10, 12386, -3.5, 1.0, -3.0, 0.0, 20, 4, getFileName(), -4.5
10, 12387, -3.5, 1.0, -3.0, 0.5, 20, 4, getFileName(), -4.5
10, 12388, -3.5, 1.0, -3.0, 1.0, 20, 4, getFileName(), -4.5
10, 12389, -3.5, 1.0, -3.0, 1.5, 20, 4, getFileName(), -4.5
10, 12390, -3.5, 1.0, -3.0, 2.0, 20, 4, getFileName(), -4.5
10, 12391, -3.5, 1.0, -3.0, 2.5, 22, 0, getName(), -1.5
10, 12392, -3.5, 1.0, -3.0, 3.0, 22, 0, getName(), -1.5
10, 12393, -3.5, 1.0, -3.0, 3.5, 22, 0, getName(), -1.5
10, 12394, -3.5, 1.0, -3.0, 4.0, 22, 1, getName(), -1.5
10, 12395, -3.5, 1.0, -3.0, 4.5, 20, 0, f.getName(), 0.5
10, 12396, -3.5, 1.0, -3.0, 5.0, 20, 0, f.getName(), 1.0
10, 12397, -3.5, 1.0, -2.5, 0.0, 20, 4, getFileName(), -4.0
10, 12398, -3.5, 1.0, -2.5, 0.5, 20, 4, getFileName(), -4.0
10, 12399, -3.5, 1.0, -2.5, 1.0, 20, 4, getFileName(), -4.0
10, 12400, -3.5, 1.0, -2.5, 1.5, 20, 4, getFileName(), -4.0
10, 12401, -3.5, 1.0, -2.5, 2.0, 20, 4, getFileName(), -4.0
10, 12402, -3.5, 1.0, -2.5, 2.5, 22, 0, getName(), -1.5
10, 12403, -3.5, 1.0, -2.5, 3.0, 22, 0, getName(), -1.5
10, 12404, -3.5, 1.0, -2.5, 3.5, 22, 0, getName(), -1.5
10, 12405, -3.5, 1.0, -2.5, 4.0, 22, 1, getName(), -1.5
10, 12406, -3.5, 1.0, -2.5, 4.5, 20, 0, f.getName(), 0.5
10, 12407, -3.5, 1.0, -2.5, 5.0, 20, 1, f.getName(), 1.0
10, 12408, -3.5, 1.0, -2.0, 0.0, 20, 4, getFileName(), -3.5
10, 12409, -3.5, 1.0, -2.0, 0.5, 20, 4, getFileName(), -3.5
10, 12410, -3.5, 1.0, -2.0, 1.0, 20, 4, getFileName(), -3.5
10, 12411, -3.5, 1.0, -2.0, 1.5, 20, 4, getFileName(), -3.5
10, 12412, -3.5, 1.0, -2.0, 2.0, 20, 4, getFileName(), -3.5
10, 12413, -3.5, 1.0, -2.0, 2.5, 22, 0, getName(), -1.5
10, 12414, -3.5, 1.0, -2.0, 3.0, 22, 0, getName(), -1.5
10, 12415, -3.5, 1.0, -2.0, 3.5, 22, 1, getName(), -1.5
10, 12416, -3.5, 1.0, -2.0, 4.0, 22, 1, getName(), -1.5
10, 12417, -3.5, 1.0, -2.0, 4.5, 20, 1, f.getName(), 0.5
10, 12418, -3.5, 1.0, -2.0, 5.0, 20, 1, f.getName(), 1.0
10, 12419, -3.5, 1.0, -1.5, 0.0, 20, 4, getFileName(), -3.0
10, 12420, -3.5, 1.0, -1.5, 0.5, 20, 4, getFileName(), -3.0
10, 12421, -3.5, 1.0, -1.5, 1.0, 20, 4, getFileName(), -3.0
10, 12422, -3.5, 1.0, -1.5, 1.5, 20, 4, getFileName(), -3.0
10, 12423, -3.5, 1.0, -1.5, 2.0, 20, 4, getFileName(), -3.0
10, 12424, -3.5, 1.0, -1.5, 2.5, 22, 0, getName(), -1.5
10, 12425, -3.5, 1.0, -1.5, 3.0, 22, 0, getName(), -1.5
10, 12426, -3.5, 1.0, -1.5, 3.5, 22, 1, getName(), -1.5
10, 12427, -3.5, 1.0, -1.5, 4.0, 21, 3, f.ls().println(), -2.0
10, 12428, -3.5, 1.0, -1.5, 4.5, 20, 1, f.getName(), 0.5
10, 12429, -3.5, 1.0, -1.5, 5.0, 20, 1, f.getName(), 1.0
10, 12430, -3.5, 1.0, -1.0, 0.0, 20, 2, getFileName(), -2.5
10, 12431, -3.5, 1.0, -1.0, 0.5, 20, 2, getFileName(), -2.5
10, 12432, -3.5, 1.0, -1.0, 1.0, 20, 2, getFileName(), -2.5
10, 12433, -3.5, 1.0, -1.0, 1.5, 20, 2, getFileName(), -2.5
10, 12434, -3.5, 1.0, -1.0, 2.0, 20, 2, getFileName(), -2.5
10, 12435, -3.5, 1.0, -1.0, 2.5, 20, 3, getFileName(), -2.5
10, 12436, -3.5, 1.0, -1.0, 3.0, 20, 3, getFileName(), -2.5
10, 12437, -3.5, 1.0, -1.0, 3.5, 20, 3, getFileName(), -2.5
10, 12438, -3.5, 1.0, -1.0, 4.0, 21, 3, f.ls().println(), -1.5
10, 12439, -3.5, 1.0, -1.0, 4.5, 20, 1, f.getName(), 0.5
10, 12440, -3.5, 1.0, -1.0, 5.0, 20, 1, f.getName(), 1.0
10, 12441, -3.5, 1.0, -0.5, 0.0, 20, 1, getFileName(), -2.0
10, 12442, -3.5, 1.0, -0.5, 0.5, 20, 1, getFileName(), -2.0
10, 12443, -3.5, 1.0, -0.5, 1.0, 20, 1, getFileName(), -2.0
10, 12444, -3.5, 1.0, -0.5, 1.5, 20, 1, getFileName(), -2.0
10, 12445, -3.5, 1.0, -0.5, 2.0, 20, 1, getFileName(), -2.0
10, 12446, -3.5, 1.0, -0.5, 2.5, 20, 2, getFileName(), -2.0
10, 12447, -3.5, 1.0, -0.5, 3.0, 20, 2, getFileName(), -2.0
10, 12448, -3.5, 1.0, -0.5, 3.5, 20, 2, getFileName(), -2.0
10, 12449, -3.5, 1.0, -0.5, 4.0, 18, 4, System.arraycopy(f.ls()), -1.5
10, 12450, -3.5, 1.0, -0.5, 4.5, 20, 1, f.getName(), 0.5
10, 12451, -3.5, 1.0, -0.5, 5.0, 22, 3, new Task10().ls(f).get(), 1.5
10, 12452, -3.5, 1.0, 0.0, 0.0, 20, 1, getFileName(), -1.5
10, 12453, -3.5, 1.0, 0.0, 0.5, 20, 1, getFileName(), -1.5
10, 12454, -3.5, 1.0, 0.0, 1.0, 20, 1, getFileName(), -1.5
10, 12455, -3.5, 1.0, 0.0, 1.5, 20, 1, getFileName(), -1.5
10, 12456, -3.5, 1.0, 0.0, 2.0, 20, 1, getFileName(), -1.5
10, 12457, -3.5, 1.0, 0.0, 2.5, 20, 2, getFileName(), -1.5
10, 12458, -3.5, 1.0, 0.0, 3.0, 20, 2, getFileName(), -1.5
10, 12459, -3.5, 1.0, 0.0, 3.5, 20, 2, getFileName(), -1.5
10, 12460, -3.5, 1.0, 0.0, 4.0, 24, 4, System.arraycopy(new Task10().ls(f)), 0.0
10, 12461, -3.5, 1.0, 0.0, 4.5, 25, 4, new Task10().ls(f).println(), 1.5
10, 12462, -3.5, 1.0, 0.0, 5.0, 22, 4, new Task10().ls(f).get(), 3.0
10, 12463, -3.0, 1.0, -5.0, 0.0, 20, 4, getFileName(), -6.0
10, 12464, -3.0, 1.0, -5.0, 0.5, 20, 4, getFileName(), -6.0
10, 12465, -3.0, 1.0, -5.0, 1.0, 20, 4, getFileName(), -6.0
10, 12466, -3.0, 1.0, -5.0, 1.5, 20, 4, getFileName(), -6.0
10, 12467, -3.0, 1.0, -5.0, 2.0, 20, 4, getFileName(), -6.0
10, 12468, -3.0, 1.0, -5.0, 2.5, 22, 0, getName(), -1.0
10, 12469, -3.0, 1.0, -5.0, 3.0, 22, 0, getName(), -1.0
10, 12470, -3.0, 1.0, -5.0, 3.5, 20, 0, f.getName(), 0.5
10, 12471, -3.0, 1.0, -5.0, 4.0, 20, 0, f.getName(), 1.0
10, 12472, -3.0, 1.0, -5.0, 4.5, 20, 0, f.getName(), 1.5
10, 12473, -3.0, 1.0, -5.0, 5.0, 20, 0, f.getName(), 2.0
10, 12474, -3.0, 1.0, -4.5, 0.0, 20, 4, getFileName(), -5.5
10, 12475, -3.0, 1.0, -4.5, 0.5, 20, 4, getFileName(), -5.5
10, 12476, -3.0, 1.0, -4.5, 1.0, 20, 4, getFileName(), -5.5
10, 12477, -3.0, 1.0, -4.5, 1.5, 20, 4, getFileName(), -5.5
10, 12478, -3.0, 1.0, -4.5, 2.0, 20, 4, getFileName(), -5.5
10, 12479, -3.0, 1.0, -4.5, 2.5, 22, 0, getName(), -1.0
10, 12480, -3.0, 1.0, -4.5, 3.0, 22, 0, getName(), -1.0
10, 12481, -3.0, 1.0, -4.5, 3.5, 20, 0, f.getName(), 0.5
10, 12482, -3.0, 1.0, -4.5, 4.0, 20, 0, f.getName(), 1.0
10, 12483, -3.0, 1.0, -4.5, 4.5, 20, 0, f.getName(), 1.5
10, 12484, -3.0, 1.0, -4.5, 5.0, 20, 0, f.getName(), 2.0
10, 12485, -3.0, 1.0, -4.0, 0.0, 20, 4, getFileName(), -5.0
10, 12486, -3.0, 1.0, -4.0, 0.5, 20, 4, getFileName(), -5.0
10, 12487, -3.0, 1.0, -4.0, 1.0, 20, 4, getFileName(), -5.0
10, 12488, -3.0, 1.0, -4.0, 1.5, 20, 4, getFileName(), -5.0
10, 12489, -3.0, 1.0, -4.0, 2.0, 20, 4, getFileName(), -5.0
10, 12490, -3.0, 1.0, -4.0, 2.5, 22, 0, getName(), -1.0
10, 12491, -3.0, 1.0, -4.0, 3.0, 22, 0, getName(), -1.0
10, 12492, -3.0, 1.0, -4.0, 3.5, 20, 0, f.getName(), 0.5
10, 12493, -3.0, 1.0, -4.0, 4.0, 20, 0, f.getName(), 1.0
10, 12494, -3.0, 1.0, -4.0, 4.5, 20, 0, f.getName(), 1.5
10, 12495, -3.0, 1.0, -4.0, 5.0, 20, 0, f.getName(), 2.0
10, 12496, -3.0, 1.0, -3.5, 0.0, 20, 4, getFileName(), -4.5
10, 12497, -3.0, 1.0, -3.5, 0.5, 20, 4, getFileName(), -4.5
10, 12498, -3.0, 1.0, -3.5, 1.0, 20, 4, getFileName(), -4.5
10, 12499, -3.0, 1.0, -3.5, 1.5, 20, 4, getFileName(), -4.5
10, 12500, -3.0, 1.0, -3.5, 2.0, 20, 4, getFileName(), -4.5
10, 12501, -3.0, 1.0, -3.5, 2.5, 22, 0, getName(), -1.0
10, 12502, -3.0, 1.0, -3.5, 3.0, 22, 0, getName(), -1.0
10, 12503, -3.0, 1.0, -3.5, 3.5, 20, 0, f.getName(), 0.5
10, 12504, -3.0, 1.0, -3.5, 4.0, 20, 0, f.getName(), 1.0
10, 12505, -3.0, 1.0, -3.5, 4.5, 20, 0, f.getName(), 1.5
10, 12506, -3.0, 1.0, -3.5, 5.0, 20, 0, f.getName(), 2.0
10, 12507, -3.0, 1.0, -3.0, 0.0, 20, 4, getFileName(), -4.0
10, 12508, -3.0, 1.0, -3.0, 0.5, 20, 4, getFileName(), -4.0
10, 12509, -3.0, 1.0, -3.0, 1.0, 20, 4, getFileName(), -4.0
10, 12510, -3.0, 1.0, -3.0, 1.5, 20, 4, getFileName(), -4.0
10, 12511, -3.0, 1.0, -3.0, 2.0, 20, 4, getFileName(), -4.0
10, 12512, -3.0, 1.0, -3.0, 2.5, 22, 0, getName(), -1.0
10, 12513, -3.0, 1.0, -3.0, 3.0, 22, 0, getName(), -1.0
10, 12514, -3.0, 1.0, -3.0, 3.5, 20, 0, f.getName(), 0.5
10, 12515, -3.0, 1.0, -3.0, 4.0, 20, 0, f.getName(), 1.0
10, 12516, -3.0, 1.0, -3.0, 4.5, 20, 0, f.getName(), 1.5
10, 12517, -3.0, 1.0, -3.0, 5.0, 20, 0, f.getName(), 2.0
10, 12518, -3.0, 1.0, -2.5, 0.0, 20, 4, getFileName(), -3.5
10, 12519, -3.0, 1.0, -2.5, 0.5, 20, 4, getFileName(), -3.5
10, 12520, -3.0, 1.0, -2.5, 1.0, 20, 4, getFileName(), -3.5
10, 12521, -3.0, 1.0, -2.5, 1.5, 20, 4, getFileName(), -3.5
10, 12522, -3.0, 1.0, -2.5, 2.0, 20, 4, getFileName(), -3.5
10, 12523, -3.0, 1.0, -2.5, 2.5, 22, 0, getName(), -1.0
10, 12524, -3.0, 1.0, -2.5, 3.0, 22, 0, getName(), -1.0
10, 12525, -3.0, 1.0, -2.5, 3.5, 20, 0, f.getName(), 0.5
10, 12526, -3.0, 1.0, -2.5, 4.0, 20, 0, f.getName(), 1.0
10, 12527, -3.0, 1.0, -2.5, 4.5, 20, 0, f.getName(), 1.5
10, 12528, -3.0, 1.0, -2.5, 5.0, 20, 1, f.getName(), 2.0
10, 12529, -3.0, 1.0, -2.0, 0.0, 20, 4, getFileName(), -3.0
10, 12530, -3.0, 1.0, -2.0, 0.5, 20, 4, getFileName(), -3.0
10, 12531, -3.0, 1.0, -2.0, 1.0, 20, 4, getFileName(), -3.0
10, 12532, -3.0, 1.0, -2.0, 1.5, 20, 4, getFileName(), -3.0
10, 12533, -3.0, 1.0, -2.0, 2.0, 20, 4, getFileName(), -3.0
10, 12534, -3.0, 1.0, -2.0, 2.5, 22, 0, getName(), -1.0
10, 12535, -3.0, 1.0, -2.0, 3.0, 22, 0, getName(), -1.0
10, 12536, -3.0, 1.0, -2.0, 3.5, 20, 0, f.getName(), 0.5
10, 12537, -3.0, 1.0, -2.0, 4.0, 20, 0, f.getName(), 1.0
10, 12538, -3.0, 1.0, -2.0, 4.5, 20, 1, f.getName(), 1.5
10, 12539, -3.0, 1.0, -2.0, 5.0, 20, 1, f.getName(), 2.0
10, 12540, -3.0, 1.0, -1.5, 0.0, 20, 4, getFileName(), -2.5
10, 12541, -3.0, 1.0, -1.5, 0.5, 20, 4, getFileName(), -2.5
10, 12542, -3.0, 1.0, -1.5, 1.0, 20, 4, getFileName(), -2.5
10, 12543, -3.0, 1.0, -1.5, 1.5, 20, 4, getFileName(), -2.5
10, 12544, -3.0, 1.0, -1.5, 2.0, 20, 4, getFileName(), -2.5
10, 12545, -3.0, 1.0, -1.5, 2.5, 22, 0, getName(), -1.0
10, 12546, -3.0, 1.0, -1.5, 3.0, 22, 1, getName(), -1.0
10, 12547, -3.0, 1.0, -1.5, 3.5, 20, 0, f.getName(), 0.5
10, 12548, -3.0, 1.0, -1.5, 4.0, 20, 1, f.getName(), 1.0
10, 12549, -3.0, 1.0, -1.5, 4.5, 20, 1, f.getName(), 1.5
10, 12550, -3.0, 1.0, -1.5, 5.0, 20, 1, f.getName(), 2.0
10, 12551, -3.0, 1.0, -1.0, 0.0, 20, 2, getFileName(), -2.0
10, 12552, -3.0, 1.0, -1.0, 0.5, 20, 2, getFileName(), -2.0
10, 12553, -3.0, 1.0, -1.0, 1.0, 20, 2, getFileName(), -2.0
10, 12554, -3.0, 1.0, -1.0, 1.5, 20, 2, getFileName(), -2.0
10, 12555, -3.0, 1.0, -1.0, 2.0, 20, 2, getFileName(), -2.0
10, 12556, -3.0, 1.0, -1.0, 2.5, 20, 3, getFileName(), -2.0
10, 12557, -3.0, 1.0, -1.0, 3.0, 20, 3, getFileName(), -2.0
10, 12558, -3.0, 1.0, -1.0, 3.5, 20, 1, f.getName(), 0.5
10, 12559, -3.0, 1.0, -1.0, 4.0, 20, 1, f.getName(), 1.0
10, 12560, -3.0, 1.0, -1.0, 4.5, 20, 1, f.getName(), 1.5
10, 12561, -3.0, 1.0, -1.0, 5.0, 20, 4, f.getName(), 2.0
10, 12562, -3.0, 1.0, -0.5, 0.0, 20, 1, getFileName(), -1.5
10, 12563, -3.0, 1.0, -0.5, 0.5, 20, 1, getFileName(), -1.5
10, 12564, -3.0, 1.0, -0.5, 1.0, 20, 1, getFileName(), -1.5
10, 12565, -3.0, 1.0, -0.5, 1.5, 20, 1, getFileName(), -1.5
10, 12566, -3.0, 1.0, -0.5, 2.0, 20, 1, getFileName(), -1.5
10, 12567, -3.0, 1.0, -0.5, 2.5, 20, 2, getFileName(), -1.5
10, 12568, -3.0, 1.0, -0.5, 3.0, 20, 2, getFileName(), -1.5
10, 12569, -3.0, 1.0, -0.5, 3.5, 20, 1, f.getName(), 0.5
10, 12570, -3.0, 1.0, -0.5, 4.0, 20, 1, f.getName(), 1.0
10, 12571, -3.0, 1.0, -0.5, 4.5, 25, 4, new Task10().ls(f).println(), 2.0
10, 12572, -3.0, 1.0, -0.5, 5.0, 22, 4, new Task10().ls(f).get(), 3.5
10, 12573, -3.0, 1.0, 0.0, 0.0, 20, 1, getFileName(), -1.0
10, 12574, -3.0, 1.0, 0.0, 0.5, 20, 1, getFileName(), -1.0
10, 12575, -3.0, 1.0, 0.0, 1.0, 20, 1, getFileName(), -1.0
10, 12576, -3.0, 1.0, 0.0, 1.5, 20, 1, getFileName(), -1.0
10, 12577, -3.0, 1.0, 0.0, 2.0, 20, 1, getFileName(), -1.0
10, 12578, -3.0, 1.0, 0.0, 2.5, 20, 2, getFileName(), -1.0
10, 12579, -3.0, 1.0, 0.0, 3.0, 20, 2, getFileName(), -1.0
10, 12580, -3.0, 1.0, 0.0, 3.5, 20, 4, f.getName(), 0.5
10, 12581, -3.0, 1.0, 0.0, 4.0, 25, 4, new Task10().ls(f).println(), 2.0
10, 12582, -3.0, 1.0, 0.0, 4.5, 22, 4, new Task10().ls(f).get(), 3.5
10, 12583, -3.0, 1.0, 0.0, 5.0, 26, 3, new Task10().ls(f), 7.0
10, 12584, -2.5, 1.0, -5.0, 0.0, 20, 4, getFileName(), -5.5
10, 12585, -2.5, 1.0, -5.0, 0.5, 20, 4, getFileName(), -5.5
10, 12586, -2.5, 1.0, -5.0, 1.0, 20, 4, getFileName(), -5.5
10, 12587, -2.5, 1.0, -5.0, 1.5, 20, 4, getFileName(), -5.5
10, 12588, -2.5, 1.0, -5.0, 2.0, 22, 0, getName(), -0.5
10, 12589, -2.5, 1.0, -5.0, 2.5, 20, 0, f.getName(), 0.5
10, 12590, -2.5, 1.0, -5.0, 3.0, 20, 0, f.getName(), 1.0
10, 12591, -2.5, 1.0, -5.0, 3.5, 20, 0, f.getName(), 1.5
10, 12592, -2.5, 1.0, -5.0, 4.0, 20, 0, f.getName(), 2.0
10, 12593, -2.5, 1.0, -5.0, 4.5, 20, 0, f.getName(), 2.5
10, 12594, -2.5, 1.0, -5.0, 5.0, 20, 0, f.getName(), 3.0
10, 12595, -2.5, 1.0, -4.5, 0.0, 20, 4, getFileName(), -5.0
10, 12596, -2.5, 1.0, -4.5, 0.5, 20, 4, getFileName(), -5.0
10, 12597, -2.5, 1.0, -4.5, 1.0, 20, 4, getFileName(), -5.0
10, 12598, -2.5, 1.0, -4.5, 1.5, 20, 4, getFileName(), -5.0
10, 12599, -2.5, 1.0, -4.5, 2.0, 22, 0, getName(), -0.5
10, 12600, -2.5, 1.0, -4.5, 2.5, 20, 0, f.getName(), 0.5
10, 12601, -2.5, 1.0, -4.5, 3.0, 20, 0, f.getName(), 1.0
10, 12602, -2.5, 1.0, -4.5, 3.5, 20, 0, f.getName(), 1.5
10, 12603, -2.5, 1.0, -4.5, 4.0, 20, 0, f.getName(), 2.0
10, 12604, -2.5, 1.0, -4.5, 4.5, 20, 0, f.getName(), 2.5
10, 12605, -2.5, 1.0, -4.5, 5.0, 20, 0, f.getName(), 3.0
10, 12606, -2.5, 1.0, -4.0, 0.0, 20, 4, getFileName(), -4.5
10, 12607, -2.5, 1.0, -4.0, 0.5, 20, 4, getFileName(), -4.5
10, 12608, -2.5, 1.0, -4.0, 1.0, 20, 4, getFileName(), -4.5
10, 12609, -2.5, 1.0, -4.0, 1.5, 20, 4, getFileName(), -4.5
10, 12610, -2.5, 1.0, -4.0, 2.0, 22, 0, getName(), -0.5
10, 12611, -2.5, 1.0, -4.0, 2.5, 20, 0, f.getName(), 0.5
10, 12612, -2.5, 1.0, -4.0, 3.0, 20, 0, f.getName(), 1.0
10, 12613, -2.5, 1.0, -4.0, 3.5, 20, 0, f.getName(), 1.5
10, 12614, -2.5, 1.0, -4.0, 4.0, 20, 0, f.getName(), 2.0
10, 12615, -2.5, 1.0, -4.0, 4.5, 20, 0, f.getName(), 2.5
10, 12616, -2.5, 1.0, -4.0, 5.0, 20, 0, f.getName(), 3.0
10, 12617, -2.5, 1.0, -3.5, 0.0, 20, 4, getFileName(), -4.0
10, 12618, -2.5, 1.0, -3.5, 0.5, 20, 4, getFileName(), -4.0
10, 12619, -2.5, 1.0, -3.5, 1.0, 20, 4, getFileName(), -4.0
10, 12620, -2.5, 1.0, -3.5, 1.5, 20, 4, getFileName(), -4.0
10, 12621, -2.5, 1.0, -3.5, 2.0, 22, 0, getName(), -0.5
10, 12622, -2.5, 1.0, -3.5, 2.5, 20, 0, f.getName(), 0.5
10, 12623, -2.5, 1.0, -3.5, 3.0, 20, 0, f.getName(), 1.0
10, 12624, -2.5, 1.0, -3.5, 3.5, 20, 0, f.getName(), 1.5
10, 12625, -2.5, 1.0, -3.5, 4.0, 20, 0, f.getName(), 2.0
10, 12626, -2.5, 1.0, -3.5, 4.5, 20, 0, f.getName(), 2.5
10, 12627, -2.5, 1.0, -3.5, 5.0, 20, 0, f.getName(), 3.0
10, 12628, -2.5, 1.0, -3.0, 0.0, 20, 4, getFileName(), -3.5
10, 12629, -2.5, 1.0, -3.0, 0.5, 20, 4, getFileName(), -3.5
10, 12630, -2.5, 1.0, -3.0, 1.0, 20, 4, getFileName(), -3.5
10, 12631, -2.5, 1.0, -3.0, 1.5, 20, 4, getFileName(), -3.5
10, 12632, -2.5, 1.0, -3.0, 2.0, 22, 0, getName(), -0.5
10, 12633, -2.5, 1.0, -3.0, 2.5, 20, 0, f.getName(), 0.5
10, 12634, -2.5, 1.0, -3.0, 3.0, 20, 0, f.getName(), 1.0
10, 12635, -2.5, 1.0, -3.0, 3.5, 20, 0, f.getName(), 1.5
10, 12636, -2.5, 1.0, -3.0, 4.0, 20, 0, f.getName(), 2.0
10, 12637, -2.5, 1.0, -3.0, 4.5, 20, 0, f.getName(), 2.5
10, 12638, -2.5, 1.0, -3.0, 5.0, 20, 0, f.getName(), 3.0
10, 12639, -2.5, 1.0, -2.5, 0.0, 20, 4, getFileName(), -3.0
10, 12640, -2.5, 1.0, -2.5, 0.5, 20, 4, getFileName(), -3.0
10, 12641, -2.5, 1.0, -2.5, 1.0, 20, 4, getFileName(), -3.0
10, 12642, -2.5, 1.0, -2.5, 1.5, 20, 4, getFileName(), -3.0
10, 12643, -2.5, 1.0, -2.5, 2.0, 22, 0, getName(), -0.5
10, 12644, -2.5, 1.0, -2.5, 2.5, 20, 0, f.getName(), 0.5
10, 12645, -2.5, 1.0, -2.5, 3.0, 20, 0, f.getName(), 1.0
10, 12646, -2.5, 1.0, -2.5, 3.5, 20, 0, f.getName(), 1.5
10, 12647, -2.5, 1.0, -2.5, 4.0, 20, 0, f.getName(), 2.0
10, 12648, -2.5, 1.0, -2.5, 4.5, 20, 0, f.getName(), 2.5
10, 12649, -2.5, 1.0, -2.5, 5.0, 20, 1, f.getName(), 3.0
10, 12650, -2.5, 1.0, -2.0, 0.0, 20, 4, getFileName(), -2.5
10, 12651, -2.5, 1.0, -2.0, 0.5, 20, 4, getFileName(), -2.5
10, 12652, -2.5, 1.0, -2.0, 1.0, 20, 4, getFileName(), -2.5
10, 12653, -2.5, 1.0, -2.0, 1.5, 20, 4, getFileName(), -2.5
10, 12654, -2.5, 1.0, -2.0, 2.0, 22, 0, getName(), -0.5
10, 12655, -2.5, 1.0, -2.0, 2.5, 20, 0, f.getName(), 0.5
10, 12656, -2.5, 1.0, -2.0, 3.0, 20, 0, f.getName(), 1.0
10, 12657, -2.5, 1.0, -2.0, 3.5, 20, 0, f.getName(), 1.5
10, 12658, -2.5, 1.0, -2.0, 4.0, 20, 0, f.getName(), 2.0
10, 12659, -2.5, 1.0, -2.0, 4.5, 20, 1, f.getName(), 2.5
10, 12660, -2.5, 1.0, -2.0, 5.0, 20, 1, f.getName(), 3.0
10, 12661, -2.5, 1.0, -1.5, 0.0, 20, 4, getFileName(), -2.0
10, 12662, -2.5, 1.0, -1.5, 0.5, 20, 4, getFileName(), -2.0
10, 12663, -2.5, 1.0, -1.5, 1.0, 20, 4, getFileName(), -2.0
10, 12664, -2.5, 1.0, -1.5, 1.5, 20, 4, getFileName(), -2.0
10, 12665, -2.5, 1.0, -1.5, 2.0, 22, 0, getName(), -0.5
10, 12666, -2.5, 1.0, -1.5, 2.5, 20, 0, f.getName(), 0.5
10, 12667, -2.5, 1.0, -1.5, 3.0, 20, 0, f.getName(), 1.0
10, 12668, -2.5, 1.0, -1.5, 3.5, 20, 0, f.getName(), 1.5
10, 12669, -2.5, 1.0, -1.5, 4.0, 20, 1, f.getName(), 2.0
10, 12670, -2.5, 1.0, -1.5, 4.5, 20, 1, f.getName(), 2.5
10, 12671, -2.5, 1.0, -1.5, 5.0, 20, 2, f.getName(), 3.0
10, 12672, -2.5, 1.0, -1.0, 0.0, 20, 2, getFileName(), -1.5
10, 12673, -2.5, 1.0, -1.0, 0.5, 20, 2, getFileName(), -1.5
10, 12674, -2.5, 1.0, -1.0, 1.0, 20, 2, getFileName(), -1.5
10, 12675, -2.5, 1.0, -1.0, 1.5, 20, 2, getFileName(), -1.5
10, 12676, -2.5, 1.0, -1.0, 2.0, 20, 3, getFileName(), -1.5
10, 12677, -2.5, 1.0, -1.0, 2.5, 20, 0, f.getName(), 0.5
10, 12678, -2.5, 1.0, -1.0, 3.0, 20, 0, f.getName(), 1.0
10, 12679, -2.5, 1.0, -1.0, 3.5, 20, 1, f.getName(), 1.5
10, 12680, -2.5, 1.0, -1.0, 4.0, 20, 1, f.getName(), 2.0
10, 12681, -2.5, 1.0, -1.0, 4.5, 22, 4, new Task10().ls(f).get(), 2.5
10, 12682, -2.5, 1.0, -1.0, 5.0, 22, 4, new Task10().ls(f).get(), 4.0
10, 12683, -2.5, 1.0, -0.5, 0.0, 20, 1, getFileName(), -1.0
10, 12684, -2.5, 1.0, -0.5, 0.5, 20, 1, getFileName(), -1.0
10, 12685, -2.5, 1.0, -0.5, 1.0, 20, 1, getFileName(), -1.0
10, 12686, -2.5, 1.0, -0.5, 1.5, 20, 1, getFileName(), -1.0
10, 12687, -2.5, 1.0, -0.5, 2.0, 20, 2, getFileName(), -1.0
10, 12688, -2.5, 1.0, -0.5, 2.5, 20, 0, f.getName(), 0.5
10, 12689, -2.5, 1.0, -0.5, 3.0, 20, 1, f.getName(), 1.0
10, 12690, -2.5, 1.0, -0.5, 3.5, 20, 1, f.getName(), 1.5
10, 12691, -2.5, 1.0, -0.5, 4.0, 25, 4, new Task10().ls(f).println(), 2.5
10, 12692, -2.5, 1.0, -0.5, 4.5, 22, 3, new Task10().ls(f).get(), 4.0
10, 12693, -2.5, 1.0, -0.5, 5.0, 26, 3, new Task10().ls(f), 7.0
10, 12694, -2.5, 1.0, 0.0, 0.0, 20, 1, getFileName(), -0.5
10, 12695, -2.5, 1.0, 0.0, 0.5, 20, 1, getFileName(), -0.5
10, 12696, -2.5, 1.0, 0.0, 1.0, 20, 1, getFileName(), -0.5
10, 12697, -2.5, 1.0, 0.0, 1.5, 20, 1, getFileName(), -0.5
10, 12698, -2.5, 1.0, 0.0, 2.0, 20, 2, getFileName(), -0.5
10, 12699, -2.5, 1.0, 0.0, 2.5, 20, 1, f.getName(), 0.5
10, 12700, -2.5, 1.0, 0.0, 3.0, 20, 4, f.getName(), 1.0
10, 12701, -2.5, 1.0, 0.0, 3.5, 22, 4, new Task10().ls(f).get(), 2.5
10, 12702, -2.5, 1.0, 0.0, 4.0, 26, 3, new Task10().ls(f), 5.5
10, 12703, -2.5, 1.0, 0.0, 4.5, 26, 4, new Task10().ls(f), 7.0
10, 12704, -2.5, 1.0, 0.0, 5.0, 34, 1, new Task10().ls(f).put(new Task10().ls(f)), 13.5
10, 12705, -2.0, 1.0, -5.0, 0.0, 20, 4, getFileName(), -5.0
10, 12706, -2.0, 1.0, -5.0, 0.5, 20, 4, getFileName(), -5.0
10, 12707, -2.0, 1.0, -5.0, 1.0, 20, 4, getFileName(), -5.0
10, 12708, -2.0, 1.0, -5.0, 1.5, 20, 0, f.getName(), 0.5
10, 12709, -2.0, 1.0, -5.0, 2.0, 20, 0, f.getName(), 1.0
10, 12710, -2.0, 1.0, -5.0, 2.5, 20, 0, f.getName(), 1.5
10, 12711, -2.0, 1.0, -5.0, 3.0, 20, 0, f.getName(), 2.0
10, 12712, -2.0, 1.0, -5.0, 3.5, 20, 0, f.getName(), 2.5
10, 12713, -2.0, 1.0, -5.0, 4.0, 20, 0, f.getName(), 3.0
10, 12714, -2.0, 1.0, -5.0, 4.5, 20, 0, f.getName(), 3.5
10, 12715, -2.0, 1.0, -5.0, 5.0, 20, 0, f.getName(), 4.0
10, 12716, -2.0, 1.0, -4.5, 0.0, 20, 4, getFileName(), -4.5
10, 12717, -2.0, 1.0, -4.5, 0.5, 20, 4, getFileName(), -4.5
10, 12718, -2.0, 1.0, -4.5, 1.0, 20, 4, getFileName(), -4.5
10, 12719, -2.0, 1.0, -4.5, 1.5, 20, 0, f.getName(), 0.5
10, 12720, -2.0, 1.0, -4.5, 2.0, 20, 0, f.getName(), 1.0
10, 12721, -2.0, 1.0, -4.5, 2.5, 20, 0, f.getName(), 1.5
10, 12722, -2.0, 1.0, -4.5, 3.0, 20, 0, f.getName(), 2.0
10, 12723, -2.0, 1.0, -4.5, 3.5, 20, 0, f.getName(), 2.5
10, 12724, -2.0, 1.0, -4.5, 4.0, 20, 0, f.getName(), 3.0
10, 12725, -2.0, 1.0, -4.5, 4.5, 20, 0, f.getName(), 3.5
10, 12726, -2.0, 1.0, -4.5, 5.0, 20, 0, f.getName(), 4.0
10, 12727, -2.0, 1.0, -4.0, 0.0, 20, 4, getFileName(), -4.0
10, 12728, -2.0, 1.0, -4.0, 0.5, 20, 4, getFileName(), -4.0
10, 12729, -2.0, 1.0, -4.0, 1.0, 20, 4, getFileName(), -4.0
10, 12730, -2.0, 1.0, -4.0, 1.5, 20, 0, f.getName(), 0.5
10, 12731, -2.0, 1.0, -4.0, 2.0, 20, 0, f.getName(), 1.0
10, 12732, -2.0, 1.0, -4.0, 2.5, 20, 0, f.getName(), 1.5
10, 12733, -2.0, 1.0, -4.0, 3.0, 20, 0, f.getName(), 2.0
10, 12734, -2.0, 1.0, -4.0, 3.5, 20, 0, f.getName(), 2.5
10, 12735, -2.0, 1.0, -4.0, 4.0, 20, 0, f.getName(), 3.0
10, 12736, -2.0, 1.0, -4.0, 4.5, 20, 0, f.getName(), 3.5
10, 12737, -2.0, 1.0, -4.0, 5.0, 20, 0, f.getName(), 4.0
10, 12738, -2.0, 1.0, -3.5, 0.0, 20, 4, getFileName(), -3.5
10, 12739, -2.0, 1.0, -3.5, 0.5, 20, 4, getFileName(), -3.5
10, 12740, -2.0, 1.0, -3.5, 1.0, 20, 4, getFileName(), -3.5
10, 12741, -2.0, 1.0, -3.5, 1.5, 20, 0, f.getName(), 0.5
10, 12742, -2.0, 1.0, -3.5, 2.0, 20, 0, f.getName(), 1.0
10, 12743, -2.0, 1.0, -3.5, 2.5, 20, 0, f.getName(), 1.5
10, 12744, -2.0, 1.0, -3.5, 3.0, 20, 0, f.getName(), 2.0
10, 12745, -2.0, 1.0, -3.5, 3.5, 20, 0, f.getName(), 2.5
10, 12746, -2.0, 1.0, -3.5, 4.0, 20, 0, f.getName(), 3.0
10, 12747, -2.0, 1.0, -3.5, 4.5, 20, 0, f.getName(), 3.5
10, 12748, -2.0, 1.0, -3.5, 5.0, 20, 0, f.getName(), 4.0
10, 12749, -2.0, 1.0, -3.0, 0.0, 20, 4, getFileName(), -3.0
10, 12750, -2.0, 1.0, -3.0, 0.5, 20, 4, getFileName(), -3.0
10, 12751, -2.0, 1.0, -3.0, 1.0, 20, 4, getFileName(), -3.0
10, 12752, -2.0, 1.0, -3.0, 1.5, 20, 0, f.getName(), 0.5
10, 12753, -2.0, 1.0, -3.0, 2.0, 20, 0, f.getName(), 1.0
10, 12754, -2.0, 1.0, -3.0, 2.5, 20, 0, f.getName(), 1.5
10, 12755, -2.0, 1.0, -3.0, 3.0, 20, 0, f.getName(), 2.0
10, 12756, -2.0, 1.0, -3.0, 3.5, 20, 0, f.getName(), 2.5
10, 12757, -2.0, 1.0, -3.0, 4.0, 20, 0, f.getName(), 3.0
10, 12758, -2.0, 1.0, -3.0, 4.5, 20, 0, f.getName(), 3.5
10, 12759, -2.0, 1.0, -3.0, 5.0, 20, 0, f.getName(), 4.0
10, 12760, -2.0, 1.0, -2.5, 0.0, 20, 4, getFileName(), -2.5
10, 12761, -2.0, 1.0, -2.5, 0.5, 20, 4, getFileName(), -2.5
10, 12762, -2.0, 1.0, -2.5, 1.0, 20, 4, getFileName(), -2.5
10, 12763, -2.0, 1.0, -2.5, 1.5, 20, 0, f.getName(), 0.5
10, 12764, -2.0, 1.0, -2.5, 2.0, 20, 0, f.getName(), 1.0
10, 12765, -2.0, 1.0, -2.5, 2.5, 20, 0, f.getName(), 1.5
10, 12766, -2.0, 1.0, -2.5, 3.0, 20, 0, f.getName(), 2.0
10, 12767, -2.0, 1.0, -2.5, 3.5, 20, 0, f.getName(), 2.5
10, 12768, -2.0, 1.0, -2.5, 4.0, 20, 0, f.getName(), 3.0
10, 12769, -2.0, 1.0, -2.5, 4.5, 20, 0, f.getName(), 3.5
10, 12770, -2.0, 1.0, -2.5, 5.0, 20, 1, f.getName(), 4.0
10, 12771, -2.0, 1.0, -2.0, 0.0, 20, 4, getFileName(), -2.0
10, 12772, -2.0, 1.0, -2.0, 0.5, 20, 4, getFileName(), -2.0
10, 12773, -2.0, 1.0, -2.0, 1.0, 20, 4, getFileName(), -2.0
10, 12774, -2.0, 1.0, -2.0, 1.5, 20, 0, f.getName(), 0.5
10, 12775, -2.0, 1.0, -2.0, 2.0, 20, 0, f.getName(), 1.0
10, 12776, -2.0, 1.0, -2.0, 2.5, 20, 0, f.getName(), 1.5
10, 12777, -2.0, 1.0, -2.0, 3.0, 20, 0, f.getName(), 2.0
10, 12778, -2.0, 1.0, -2.0, 3.5, 20, 0, f.getName(), 2.5
10, 12779, -2.0, 1.0, -2.0, 4.0, 20, 0, f.getName(), 3.0
10, 12780, -2.0, 1.0, -2.0, 4.5, 20, 1, f.getName(), 3.5
10, 12781, -2.0, 1.0, -2.0, 5.0, 20, 4, f.getName(), 4.0
10, 12782, -2.0, 1.0, -1.5, 0.0, 20, 4, getFileName(), -1.5
10, 12783, -2.0, 1.0, -1.5, 0.5, 20, 4, getFileName(), -1.5
10, 12784, -2.0, 1.0, -1.5, 1.0, 20, 4, getFileName(), -1.5
10, 12785, -2.0, 1.0, -1.5, 1.5, 20, 0, f.getName(), 0.5
10, 12786, -2.0, 1.0, -1.5, 2.0, 20, 0, f.getName(), 1.0
10, 12787, -2.0, 1.0, -1.5, 2.5, 20, 0, f.getName(), 1.5
10, 12788, -2.0, 1.0, -1.5, 3.0, 20, 0, f.getName(), 2.0
10, 12789, -2.0, 1.0, -1.5, 3.5, 20, 0, f.getName(), 2.5
10, 12790, -2.0, 1.0, -1.5, 4.0, 20, 1, f.getName(), 3.0
10, 12791, -2.0, 1.0, -1.5, 4.5, 20, 3, f.getName(), 3.5
10, 12792, -2.0, 1.0, -1.5, 5.0, 26, 2, new Task10().ls(f), 5.5
10, 12793, -2.0, 1.0, -1.0, 0.0, 20, 2, getFileName(), -1.0
10, 12794, -2.0, 1.0, -1.0, 0.5, 20, 2, getFileName(), -1.0
10, 12795, -2.0, 1.0, -1.0, 1.0, 20, 2, getFileName(), -1.0
10, 12796, -2.0, 1.0, -1.0, 1.5, 20, 0, f.getName(), 0.5
10, 12797, -2.0, 1.0, -1.0, 2.0, 20, 0, f.getName(), 1.0
10, 12798, -2.0, 1.0, -1.0, 2.5, 11, 4, System.arraycopy(f.getName()), -0.5
10, 12799, -2.0, 1.0, -1.0, 3.0, 20, 0, f.getName(), 2.0
10, 12800, -2.0, 1.0, -1.0, 3.5, 20, 1, f.getName(), 2.5
10, 12801, -2.0, 1.0, -1.0, 4.0, 25, 4, new Task10().ls(f).println(), 3.0
10, 12802, -2.0, 1.0, -1.0, 4.5, 26, 2, new Task10().ls(f), 5.5
10, 12803, -2.0, 1.0, -1.0, 5.0, 26, 3, new Task10().ls(f), 7.0
10, 12804, -2.0, 1.0, -0.5, 0.0, 20, 1, getFileName(), -0.5
10, 12805, -2.0, 1.0, -0.5, 0.5, 20, 1, getFileName(), -0.5
10, 12806, -2.0, 1.0, -0.5, 1.0, 20, 1, getFileName(), -0.5
10, 12807, -2.0, 1.0, -0.5, 1.5, 20, 0, f.getName(), 0.5
10, 12808, -2.0, 1.0, -0.5, 2.0, 20, 0, f.getName(), 1.0
10, 12809, -2.0, 1.0, -0.5, 2.5, 11, 4, System.arraycopy(f.getName()), 0.0
10, 12810, -2.0, 1.0, -0.5, 3.0, 20, 1, f.getName(), 2.0
10, 12811, -2.0, 1.0, -0.5, 3.5, 22, 3, new Task10().ls(f).get(), 3.0
10, 12812, -2.0, 1.0, -0.5, 4.0, 26, 3, new Task10().ls(f), 5.5
10, 12813, -2.0, 1.0, -0.5, 4.5, 34, 1, new Task10().ls(f).put(new Task10().ls(f)), 10.5
10, 12814, -2.0, 1.0, -0.5, 5.0, 34, 2, new Task10().ls(f).put(new Task10().ls(f)), 13.5
10, 12815, -2.0, 1.0, 0.0, 0.0, 20, 1, getFileName(), 0.0
10, 12816, -2.0, 1.0, 0.0, 0.5, 20, 1, getFileName(), 0.0
10, 12817, -2.0, 1.0, 0.0, 1.0, 20, 1, getFileName(), 0.0
10, 12818, -2.0, 1.0, 0.0, 1.5, 20, 0, f.getName(), 0.5
10, 12819, -2.0, 1.0, 0.0, 2.0, 20, 0, f.getName(), 1.0
10, 12820, -2.0, 1.0, 0.0, 2.5, 22, 3, new Task10().ls(f).get(), 1.5
10, 12821, -2.0, 1.0, 0.0, 3.0, 26, 2, new Task10().ls(f), 4.0
10, 12822, -2.0, 1.0, 0.0, 3.5, 26, 4, new Task10().ls(f), 5.5
10, 12823, -2.0, 1.0, 0.0, 4.0, 34, 1, new Task10().ls(f).put(new Task10().ls(f)), 11.0
10, 12824, -2.0, 1.0, 0.0, 4.5, 34, 1, new Task10().ls(f).put(new Task10().ls(f)), 14.0
10, 12825, -2.0, 1.0, 0.0, 5.0, 34, 2, new Task10().ls(f).put(new Task10().ls(f)), 17.0
10, 12826, -1.5, 1.0, -5.0, 0.0, 20, 1, getName().println(), 0.0
10, 12827, -1.5, 1.0, -5.0, 0.5, 20, 1, f.getName(), 0.5
10, 12828, -1.5, 1.0, -5.0, 1.0, 20, 0, f.getName(), 1.0
10, 12829, -1.5, 1.0, -5.0, 1.5, 20, 0, f.getName(), 1.5
10, 12830, -1.5, 1.0, -5.0, 2.0, 20, 0, f.getName(), 2.0
10, 12831, -1.5, 1.0, -5.0, 2.5, 20, 0, f.getName(), 2.5
10, 12832, -1.5, 1.0, -5.0, 3.0, 20, 0, f.getName(), 3.0
10, 12833, -1.5, 1.0, -5.0, 3.5, 20, 0, f.getName(), 3.5
10, 12834, -1.5, 1.0, -5.0, 4.0, 20, 0, f.getName(), 4.0
10, 12835, -1.5, 1.0, -5.0, 4.5, 20, 0, f.getName(), 4.5
10, 12836, -1.5, 1.0, -5.0, 5.0, 20, 0, f.getName(), 5.0
10, 12837, -1.5, 1.0, -4.5, 0.0, 20, 1, getName().println(), 0.0
10, 12838, -1.5, 1.0, -4.5, 0.5, 20, 1, f.getName(), 0.5
10, 12839, -1.5, 1.0, -4.5, 1.0, 20, 0, f.getName(), 1.0
10, 12840, -1.5, 1.0, -4.5, 1.5, 20, 0, f.getName(), 1.5
10, 12841, -1.5, 1.0, -4.5, 2.0, 20, 0, f.getName(), 2.0
10, 12842, -1.5, 1.0, -4.5, 2.5, 20, 0, f.getName(), 2.5
10, 12843, -1.5, 1.0, -4.5, 3.0, 20, 0, f.getName(), 3.0
10, 12844, -1.5, 1.0, -4.5, 3.5, 20, 0, f.getName(), 3.5
10, 12845, -1.5, 1.0, -4.5, 4.0, 20, 0, f.getName(), 4.0
10, 12846, -1.5, 1.0, -4.5, 4.5, 20, 0, f.getName(), 4.5
10, 12847, -1.5, 1.0, -4.5, 5.0, 20, 0, f.getName(), 5.0
10, 12848, -1.5, 1.0, -4.0, 0.0, 20, 1, getName().println(), 0.0
10, 12849, -1.5, 1.0, -4.0, 0.5, 20, 1, f.getName(), 0.5
10, 12850, -1.5, 1.0, -4.0, 1.0, 20, 0, f.getName(), 1.0
10, 12851, -1.5, 1.0, -4.0, 1.5, 20, 0, f.getName(), 1.5
10, 12852, -1.5, 1.0, -4.0, 2.0, 20, 0, f.getName(), 2.0
10, 12853, -1.5, 1.0, -4.0, 2.5, 20, 0, f.getName(), 2.5
10, 12854, -1.5, 1.0, -4.0, 3.0, 20, 0, f.getName(), 3.0
10, 12855, -1.5, 1.0, -4.0, 3.5, 20, 0, f.getName(), 3.5
10, 12856, -1.5, 1.0, -4.0, 4.0, 20, 0, f.getName(), 4.0
10, 12857, -1.5, 1.0, -4.0, 4.5, 20, 0, f.getName(), 4.5
10, 12858, -1.5, 1.0, -4.0, 5.0, 20, 0, f.getName(), 5.0
10, 12859, -1.5, 1.0, -3.5, 0.0, 20, 1, getName().println(), 0.0
10, 12860, -1.5, 1.0, -3.5, 0.5, 20, 1, f.getName(), 0.5
10, 12861, -1.5, 1.0, -3.5, 1.0, 20, 0, f.getName(), 1.0
10, 12862, -1.5, 1.0, -3.5, 1.5, 20, 0, f.getName(), 1.5
10, 12863, -1.5, 1.0, -3.5, 2.0, 20, 0, f.getName(), 2.0
10, 12864, -1.5, 1.0, -3.5, 2.5, 20, 0, f.getName(), 2.5
10, 12865, -1.5, 1.0, -3.5, 3.0, 20, 0, f.getName(), 3.0
10, 12866, -1.5, 1.0, -3.5, 3.5, 20, 0, f.getName(), 3.5
10, 12867, -1.5, 1.0, -3.5, 4.0, 20, 0, f.getName(), 4.0
10, 12868, -1.5, 1.0, -3.5, 4.5, 20, 0, f.getName(), 4.5
10, 12869, -1.5, 1.0, -3.5, 5.0, 20, 0, f.getName(), 5.0
10, 12870, -1.5, 1.0, -3.0, 0.0, 20, 1, getName().println(), 0.0
10, 12871, -1.5, 1.0, -3.0, 0.5, 20, 1, f.getName(), 0.5
10, 12872, -1.5, 1.0, -3.0, 1.0, 20, 0, f.getName(), 1.0
10, 12873, -1.5, 1.0, -3.0, 1.5, 20, 0, f.getName(), 1.5
10, 12874, -1.5, 1.0, -3.0, 2.0, 20, 0, f.getName(), 2.0
10, 12875, -1.5, 1.0, -3.0, 2.5, 20, 0, f.getName(), 2.5
10, 12876, -1.5, 1.0, -3.0, 3.0, 20, 0, f.getName(), 3.0
10, 12877, -1.5, 1.0, -3.0, 3.5, 20, 0, f.getName(), 3.5
10, 12878, -1.5, 1.0, -3.0, 4.0, 20, 0, f.getName(), 4.0
10, 12879, -1.5, 1.0, -3.0, 4.5, 20, 0, f.getName(), 4.5
10, 12880, -1.5, 1.0, -3.0, 5.0, 20, 0, f.getName(), 5.0
10, 12881, -1.5, 1.0, -2.5, 0.0, 20, 1, getName().println(), 0.0
10, 12882, -1.5, 1.0, -2.5, 0.5, 20, 1, f.getName(), 0.5
10, 12883, -1.5, 1.0, -2.5, 1.0, 20, 0, f.getName(), 1.0
10, 12884, -1.5, 1.0, -2.5, 1.5, 20, 0, f.getName(), 1.5
10, 12885, -1.5, 1.0, -2.5, 2.0, 20, 0, f.getName(), 2.0
10, 12886, -1.5, 1.0, -2.5, 2.5, 20, 0, f.getName(), 2.5
10, 12887, -1.5, 1.0, -2.5, 3.0, 20, 0, f.getName(), 3.0
10, 12888, -1.5, 1.0, -2.5, 3.5, 20, 0, f.getName(), 3.5
10, 12889, -1.5, 1.0, -2.5, 4.0, 20, 0, f.getName(), 4.0
10, 12890, -1.5, 1.0, -2.5, 4.5, 20, 0, f.getName(), 4.5
10, 12891, -1.5, 1.0, -2.5, 5.0, 22, 1, f.ls().put(f.ls()), 6.0
10, 12892, -1.5, 1.0, -2.0, 0.0, 20, 1, getName().println(), 0.0
10, 12893, -1.5, 1.0, -2.0, 0.5, 20, 1, f.getName(), 0.5
10, 12894, -1.5, 1.0, -2.0, 1.0, 20, 0, f.getName(), 1.0
10, 12895, -1.5, 1.0, -2.0, 1.5, 20, 0, f.getName(), 1.5
10, 12896, -1.5, 1.0, -2.0, 2.0, 20, 0, f.getName(), 2.0
10, 12897, -1.5, 1.0, -2.0, 2.5, 20, 0, f.getName(), 2.5
10, 12898, -1.5, 1.0, -2.0, 3.0, 20, 0, f.getName(), 3.0
10, 12899, -1.5, 1.0, -2.0, 3.5, 20, 0, f.getName(), 3.5
10, 12900, -1.5, 1.0, -2.0, 4.0, 20, 0, f.getName(), 4.0
10, 12901, -1.5, 1.0, -2.0, 4.5, 22, 1, f.ls().put(f.ls()), 5.5
10, 12902, -1.5, 1.0, -2.0, 5.0, 26, 4, new Task10().ls(f), 5.5
10, 12903, -1.5, 1.0, -1.5, 0.0, 20, 1, getName().println(), 0.0
10, 12904, -1.5, 1.0, -1.5, 0.5, 20, 1, f.getName(), 0.5
10, 12905, -1.5, 1.0, -1.5, 1.0, 20, 0, f.getName(), 1.0
10, 12906, -1.5, 1.0, -1.5, 1.5, 20, 0, f.getName(), 1.5
10, 12907, -1.5, 1.0, -1.5, 2.0, 20, 0, f.getName(), 2.0
10, 12908, -1.5, 1.0, -1.5, 2.5, 20, 0, f.getName(), 2.5
10, 12909, -1.5, 1.0, -1.5, 3.0, 20, 0, f.getName(), 3.0
10, 12910, -1.5, 1.0, -1.5, 3.5, 20, 0, f.getName(), 3.5
10, 12911, -1.5, 1.0, -1.5, 4.0, 20, 2, f.getName(), 4.0
10, 12912, -1.5, 1.0, -1.5, 4.5, 26, 3, new Task10().ls(f), 5.5
10, 12913, -1.5, 1.0, -1.5, 5.0, 27, 4, f.equals(new Task10().ls(f)), 7.5
10, 12914, -1.5, 1.0, -1.0, 0.0, 20, 1, getName().println(), 0.0
10, 12915, -1.5, 1.0, -1.0, 0.5, 20, 1, f.getName(), 0.5
10, 12916, -1.5, 1.0, -1.0, 1.0, 20, 0, f.getName(), 1.0
10, 12917, -1.5, 1.0, -1.0, 1.5, 11, 3, System.arraycopy(f.getName()), 0.0
10, 12918, -1.5, 1.0, -1.0, 2.0, 20, 0, f.getName(), 2.0
10, 12919, -1.5, 1.0, -1.0, 2.5, 20, 0, f.getName(), 2.5
10, 12920, -1.5, 1.0, -1.0, 3.0, 20, 0, f.getName(), 3.0
10, 12921, -1.5, 1.0, -1.0, 3.5, 22, 4, new Task10().ls(f).get(), 3.5
10, 12922, -1.5, 1.0, -1.0, 4.0, 26, 4, new Task10().ls(f), 5.5
10, 12923, -1.5, 1.0, -1.0, 4.5, 34, 2, new Task10().ls(f).put(new Task10().ls(f)), 10.5
10, 12924, -1.5, 1.0, -1.0, 5.0, 34, 3, new Task10().ls(f).put(new Task10().ls(f)), 13.5
10, 12925, -1.5, 1.0, -0.5, 0.0, 20, 1, getFileName(), 0.0
10, 12926, -1.5, 1.0, -0.5, 0.5, 20, 1, f.getName(), 0.5
10, 12927, -1.5, 1.0, -0.5, 1.0, 20, 0, f.getName(), 1.0
10, 12928, -1.5, 1.0, -0.5, 1.5, 20, 0, f.getName(), 1.5
10, 12929, -1.5, 1.0, -0.5, 2.0, 20, 0, f.getName(), 2.0
10, 12930, -1.5, 1.0, -0.5, 2.5, 20, 1, f.getName(), 2.5
10, 12931, -1.5, 1.0, -0.5, 3.0, 26, 2, new Task10().ls(f), 4.0
10, 12932, -1.5, 1.0, -0.5, 3.5, 34, 1, new Task10().ls(f).put(new Task10().ls(f)), 8.0
10, 12933, -1.5, 1.0, -0.5, 4.0, 34, 2, new Task10().ls(f).put(new Task10().ls(f)), 11.0
10, 12934, -1.5, 1.0, -0.5, 4.5, 34, 2, new Task10().ls(f).put(new Task10().ls(f)), 14.0
10, 12935, -1.5, 1.0, -0.5, 5.0, 34, 3, new Task10().ls(f).put(new Task10().ls(f)), 17.0
10, 12936, -1.5, 1.0, 0.0, 0.0, 20, 1, getFileName(), 0.5
10, 12937, -1.5, 1.0, 0.0, 0.5, 20, 1, getFileName(), 0.5
10, 12938, -1.5, 1.0, 0.0, 1.0, 20, 0, f.getName(), 1.0
10, 12939, -1.5, 1.0, 0.0, 1.5, 10, 2, System.setProperty(f.getName()), 1.0
10, 12940, -1.5, 1.0, 0.0, 2.0, 26, 1, new Task10().ls(f), 2.5
10, 12941, -1.5, 1.0, 0.0, 2.5, 34, 1, new Task10().ls(f).put(new Task10().ls(f)), 5.5
10, 12942, -1.5, 1.0, 0.0, 3.0, 34, 1, new Task10().ls(f).put(new Task10().ls(f)), 8.5
10, 12943, -1.5, 1.0, 0.0, 3.5, 34, 2, new Task10().ls(f).put(new Task10().ls(f)), 11.5
10, 12944, -1.5, 1.0, 0.0, 4.0, 34, 2, new Task10().ls(f).put(new Task10().ls(f)), 14.5
10, 12945, -1.5, 1.0, 0.0, 4.5, 34, 4, new Task10().ls(f).put(new Task10().ls(f)), 17.5
10, 12946, -1.5, 1.0, 0.0, 5.0, 63, 4, ls().append().insert(f.compareTo(f), f.getName(), f.compareTo(f), f.compareTo(f)), 22.0
10, 12947, -1.0, 1.0, -5.0, 0.0, 20, 1, f.getName(), 1.0
10, 12948, -1.0, 1.0, -5.0, 0.5, 20, 1, f.getName(), 1.5
10, 12949, -1.0, 1.0, -5.0, 1.0, 20, 1, f.getName(), 2.0
10, 12950, -1.0, 1.0, -5.0, 1.5, 20, 1, f.getName(), 2.5
10, 12951, -1.0, 1.0, -5.0, 2.0, 20, 1, f.getName(), 3.0
10, 12952, -1.0, 1.0, -5.0, 2.5, 20, 1, f.getName(), 3.5
10, 12953, -1.0, 1.0, -5.0, 3.0, 20, 1, f.getName(), 4.0
10, 12954, -1.0, 1.0, -5.0, 3.5, 20, 1, f.getName(), 4.5
10, 12955, -1.0, 1.0, -5.0, 4.0, 20, 1, f.getName(), 5.0
10, 12956, -1.0, 1.0, -5.0, 4.5, 20, 1, f.getName(), 5.5
10, 12957, -1.0, 1.0, -5.0, 5.0, 20, 1, f.getName(), 6.0
10, 12958, -1.0, 1.0, -4.5, 0.0, 20, 1, f.getName(), 1.0
10, 12959, -1.0, 1.0, -4.5, 0.5, 20, 1, f.getName(), 1.5
10, 12960, -1.0, 1.0, -4.5, 1.0, 20, 1, f.getName(), 2.0
10, 12961, -1.0, 1.0, -4.5, 1.5, 20, 1, f.getName(), 2.5
10, 12962, -1.0, 1.0, -4.5, 2.0, 20, 1, f.getName(), 3.0
10, 12963, -1.0, 1.0, -4.5, 2.5, 20, 1, f.getName(), 3.5
10, 12964, -1.0, 1.0, -4.5, 3.0, 20, 1, f.getName(), 4.0
10, 12965, -1.0, 1.0, -4.5, 3.5, 20, 1, f.getName(), 4.5
10, 12966, -1.0, 1.0, -4.5, 4.0, 20, 1, f.getName(), 5.0
10, 12967, -1.0, 1.0, -4.5, 4.5, 20, 1, f.getName(), 5.5
10, 12968, -1.0, 1.0, -4.5, 5.0, 20, 2, f.getName(), 6.0
10, 12969, -1.0, 1.0, -4.0, 0.0, 20, 1, f.getName(), 1.0
10, 12970, -1.0, 1.0, -4.0, 0.5, 20, 1, f.getName(), 1.5
10, 12971, -1.0, 1.0, -4.0, 1.0, 20, 1, f.getName(), 2.0
10, 12972, -1.0, 1.0, -4.0, 1.5, 20, 1, f.getName(), 2.5
10, 12973, -1.0, 1.0, -4.0, 2.0, 20, 1, f.getName(), 3.0
10, 12974, -1.0, 1.0, -4.0, 2.5, 20, 1, f.getName(), 3.5
10, 12975, -1.0, 1.0, -4.0, 3.0, 20, 1, f.getName(), 4.0
10, 12976, -1.0, 1.0, -4.0, 3.5, 20, 1, f.getName(), 4.5
10, 12977, -1.0, 1.0, -4.0, 4.0, 20, 1, f.getName(), 5.0
10, 12978, -1.0, 1.0, -4.0, 4.5, 20, 2, f.getName(), 5.5
10, 12979, -1.0, 1.0, -4.0, 5.0, 20, 2, f.getName(), 6.0
10, 12980, -1.0, 1.0, -3.5, 0.0, 20, 1, f.getName(), 1.0
10, 12981, -1.0, 1.0, -3.5, 0.5, 20, 1, f.getName(), 1.5
10, 12982, -1.0, 1.0, -3.5, 1.0, 20, 1, f.getName(), 2.0
10, 12983, -1.0, 1.0, -3.5, 1.5, 20, 1, f.getName(), 2.5
10, 12984, -1.0, 1.0, -3.5, 2.0, 20, 1, f.getName(), 3.0
10, 12985, -1.0, 1.0, -3.5, 2.5, 20, 1, f.getName(), 3.5
10, 12986, -1.0, 1.0, -3.5, 3.0, 20, 1, f.getName(), 4.0
10, 12987, -1.0, 1.0, -3.5, 3.5, 20, 1, f.getName(), 4.5
10, 12988, -1.0, 1.0, -3.5, 4.0, 20, 1, f.getName(), 5.0
10, 12989, -1.0, 1.0, -3.5, 4.5, 20, 2, f.getName(), 5.5
10, 12990, -1.0, 1.0, -3.5, 5.0, 16, 2, f.ls().equals(f.getName()), 6.0
10, 12991, -1.0, 1.0, -3.0, 0.0, 20, 1, f.getName(), 1.0
10, 12992, -1.0, 1.0, -3.0, 0.5, 20, 1, f.getName(), 1.5
10, 12993, -1.0, 1.0, -3.0, 1.0, 20, 1, f.getName(), 2.0
10, 12994, -1.0, 1.0, -3.0, 1.5, 20, 1, f.getName(), 2.5
10, 12995, -1.0, 1.0, -3.0, 2.0, 20, 1, f.getName(), 3.0
10, 12996, -1.0, 1.0, -3.0, 2.5, 20, 1, f.getName(), 3.5
10, 12997, -1.0, 1.0, -3.0, 3.0, 20, 1, f.getName(), 4.0
10, 12998, -1.0, 1.0, -3.0, 3.5, 20, 1, f.getName(), 4.5
10, 12999, -1.0, 1.0, -3.0, 4.0, 20, 2, f.getName(), 5.0
10, 13000, -1.0, 1.0, -3.0, 4.5, 16, 2, f.ls().equals(f.getName()), 5.5
10, 13001, -1.0, 1.0, -3.0, 5.0, 15, 4, f.equals(f.getName()), 6.0
10, 13002, -1.0, 1.0, -2.5, 0.0, 20, 1, f.getName(), 1.0
10, 13003, -1.0, 1.0, -2.5, 0.5, 20, 1, f.getName(), 1.5
10, 13004, -1.0, 1.0, -2.5, 1.0, 20, 1, f.getName(), 2.0
10, 13005, -1.0, 1.0, -2.5, 1.5, 20, 1, f.getName(), 2.5
10, 13006, -1.0, 1.0, -2.5, 2.0, 20, 1, f.getName(), 3.0
10, 13007, -1.0, 1.0, -2.5, 2.5, 20, 1, f.getName(), 3.5
10, 13008, -1.0, 1.0, -2.5, 3.0, 20, 1, f.getName(), 4.0
10, 13009, -1.0, 1.0, -2.5, 3.5, 20, 1, f.getName(), 4.5
10, 13010, -1.0, 1.0, -2.5, 4.0, 16, 2, f.ls().equals(f.getName()), 5.0
10, 13011, -1.0, 1.0, -2.5, 4.5, 15, 4, f.equals(f.getName()), 5.5
10, 13012, -1.0, 1.0, -2.5, 5.0, 15, 4, f.equals(f.getName()), 6.5
10, 13013, -1.0, 1.0, -2.0, 0.0, 20, 1, f.getName(), 1.0
10, 13014, -1.0, 1.0, -2.0, 0.5, 20, 1, f.getName(), 1.5
10, 13015, -1.0, 1.0, -2.0, 1.0, 20, 1, f.getName(), 2.0
10, 13016, -1.0, 1.0, -2.0, 1.5, 20, 1, f.getName(), 2.5
10, 13017, -1.0, 1.0, -2.0, 2.0, 20, 1, f.getName(), 3.0
10, 13018, -1.0, 1.0, -2.0, 2.5, 20, 1, f.getName(), 3.5
10, 13019, -1.0, 1.0, -2.0, 3.0, 20, 1, f.getName(), 4.0
10, 13020, -1.0, 1.0, -2.0, 3.5, 16, 2, f.ls().equals(f.getName()), 4.5
10, 13021, -1.0, 1.0, -2.0, 4.0, 15, 4, f.equals(f.getName()), 5.0
10, 13022, -1.0, 1.0, -2.0, 4.5, 15, 4, f.equals(f.getName()), 6.0
10, 13023, -1.0, 1.0, -2.0, 5.0, 28, 2, f.getName().replace(f.getName(), f.getName()), 9.0
10, 13024, -1.0, 1.0, -1.5, 0.0, 20, 1, f.getName(), 1.0
10, 13025, -1.0, 1.0, -1.5, 0.5, 20, 1, f.getName(), 1.5
10, 13026, -1.0, 1.0, -1.5, 1.0, 20, 1, f.getName(), 2.0
10, 13027, -1.0, 1.0, -1.5, 1.5, 20, 1, f.getName(), 2.5
10, 13028, -1.0, 1.0, -1.5, 2.0, 20, 1, f.getName(), 3.0
10, 13029, -1.0, 1.0, -1.5, 2.5, 20, 1, f.getName(), 3.5
10, 13030, -1.0, 1.0, -1.5, 3.0, 16, 1, f.ls().equals(f.getName()), 4.0
10, 13031, -1.0, 1.0, -1.5, 3.5, 15, 4, f.equals(f.getName()), 4.5
10, 13032, -1.0, 1.0, -1.5, 4.0, 27, 4, f.equals(new Task10().ls(f)), 6.0
10, 13033, -1.0, 1.0, -1.5, 4.5, 51, 4, f.compareTo(f).insert(f.getName(), f.compareTo(f), f.compareTo(f)), 12.0
10, 13034, -1.0, 1.0, -1.5, 5.0, 51, 4, f.compareTo(f).insert(f.getName(), f.compareTo(f), f.compareTo(f)), 15.5
10, 13035, -1.0, 1.0, -1.0, 0.0, 20, 1, f.getName(), 1.0
10, 13036, -1.0, 1.0, -1.0, 0.5, 20, 1, f.getName(), 1.5
10, 13037, -1.0, 1.0, -1.0, 1.0, 20, 1, f.getName(), 2.0
10, 13038, -1.0, 1.0, -1.0, 1.5, 20, 1, f.getName(), 2.5
10, 13039, -1.0, 1.0, -1.0, 2.0, 20, 1, f.getName(), 3.0
10, 13040, -1.0, 1.0, -1.0, 2.5, 16, 1, f.ls().equals(f.getName()), 3.5
10, 13041, -1.0, 1.0, -1.0, 3.0, 15, 3, f.equals(f.getName()), 4.0
10, 13042, -1.0, 1.0, -1.0, 3.5, 51, 4, f.compareTo(f).insert(f.getName(), f.compareTo(f), f.compareTo(f)), 8.5
10, 13043, -1.0, 1.0, -1.0, 4.0, 51, 4, f.compareTo(f).insert(f.getName(), f.compareTo(f), f.compareTo(f)), 12.0
10, 13044, -1.0, 1.0, -1.0, 4.5, 51, 4, f.compareTo(f).insert(f.getName(), f.compareTo(f), f.compareTo(f)), 15.5
10, 13045, -1.0, 1.0, -1.0, 5.0, 51, 4, f.compareTo(f).insert(f.getName(), f.compareTo(f), f.compareTo(f)), 19.0
10, 13046, -1.0, 1.0, -0.5, 0.0, 20, 1, f.getName(), 1.0
10, 13047, -1.0, 1.0, -0.5, 0.5, 20, 1, f.getName(), 1.5
10, 13048, -1.0, 1.0, -0.5, 1.0, 10, 3, System.setProperty(f.getName()), 1.0
10, 13049, -1.0, 1.0, -0.5, 1.5, 20, 1, f.getName(), 2.5
10, 13050, -1.0, 1.0, -0.5, 2.0, 20, 2, f.getName(), 3.0
10, 13051, -1.0, 1.0, -0.5, 2.5, 34, 2, new Task10().ls(f).put(new Task10().ls(f)), 5.5
10, 13052, -1.0, 1.0, -0.5, 3.0, 34, 4, new Task10().ls(f).put(new Task10().ls(f)), 8.5
10, 13053, -1.0, 1.0, -0.5, 3.5, 51, 4, f.compareTo(f).insert(f.getName(), f.compareTo(f), f.compareTo(f)), 12.0
10, 13054, -1.0, 1.0, -0.5, 4.0, 51, 4, f.compareTo(f).insert(f.getName(), f.compareTo(f), f.compareTo(f)), 15.5
10, 13055, -1.0, 1.0, -0.5, 4.5, 51, 4, f.compareTo(f).insert(f.getName(), f.compareTo(f), f.compareTo(f)), 19.0
10, 13056, -1.0, 1.0, -0.5, 5.0, 53, 4, f.getName().getBytes(f.compareTo(f), f.compareTo(f), f.compareTo(f)), 22.5
10, 13057, -1.0, 1.0, 0.0, 0.0, 20, 2, getFileName(), 1.0
10, 13058, -1.0, 1.0, 0.0, 0.5, 11, 2, System.loadLibrary(f.getName()), 0.5
10, 13059, -1.0, 1.0, 0.0, 1.0, 11, 2, System.loadLibrary(f.getName()), 1.0
10, 13060, -1.0, 1.0, 0.0, 1.5, 33, 2, f.getName().compareTo(new Task10().ls(f)), 3.0
10, 13061, -1.0, 1.0, 0.0, 2.0, 34, 1, new Task10().ls(f).put(new Task10().ls(f)), 6.0
10, 13062, -1.0, 1.0, 0.0, 2.5, 34, 2, new Task10().ls(f).put(new Task10().ls(f)), 9.0
10, 13063, -1.0, 1.0, 0.0, 3.0, 53, 4, f.getName().getBytes(f.compareTo(f), f.compareTo(f), f.compareTo(f)), 12.0
10, 13064, -1.0, 1.0, 0.0, 3.5, 63, 4, ls().append().insert(f.compareTo(f), f.getName(), f.compareTo(f), f.compareTo(f)), 17.0
10, 13065, -1.0, 1.0, 0.0, 4.0, 63, 4, ls().append().insert(f.compareTo(f), f.getName(), f.compareTo(f), f.compareTo(f)), 21.0
10, 13066, -1.0, 1.0, 0.0, 4.5, 63, 4, ls().append().insert(f.compareTo(f), f.getName(), f.compareTo(f), f.compareTo(f)), 25.0
10, 13067, -1.0, 1.0, 0.0, 5.0, 63, 4, ls().append().insert(f.compareTo(f), f.getName(), f.compareTo(f), f.compareTo(f)), 29.0
10, 13068, -0.5, 1.0, -5.0, 0.0, 0, 0, System.out.println(f.getName()), 3.0
10, 13069, -0.5, 1.0, -5.0, 0.5, 0, 0, System.out.println(f.getName()), 3.5
10, 13070, -0.5, 1.0, -5.0, 1.0, 0, 0, System.out.println(f.getName()), 4.0
10, 13071, -0.5, 1.0, -5.0, 1.5, 0, 0, System.out.println(f.getName()), 4.5
10, 13072, -0.5, 1.0, -5.0, 2.0, 0, 0, System.out.println(f.getName()), 5.0
10, 13073, -0.5, 1.0, -5.0, 2.5, 0, 0, System.out.println(f.getName()), 5.5
10, 13074, -0.5, 1.0, -5.0, 3.0, 0, 0, System.out.println(f.getName()), 6.0
10, 13075, -0.5, 1.0, -5.0, 3.5, 0, 0, System.out.println(f.getName()), 6.5
10, 13076, -0.5, 1.0, -5.0, 4.0, 0, 0, System.out.println(f.getName()), 7.0
10, 13077, -0.5, 1.0, -5.0, 4.5, 0, 1, System.out.println(f.getName()), 7.5
10, 13078, -0.5, 1.0, -5.0, 5.0, 0, 1, System.out.println(f.getName()), 8.0
10, 13079, -0.5, 1.0, -4.5, 0.0, 0, 0, System.out.println(f.getName()), 3.0
10, 13080, -0.5, 1.0, -4.5, 0.5, 0, 0, System.out.println(f.getName()), 3.5
10, 13081, -0.5, 1.0, -4.5, 1.0, 0, 0, System.out.println(f.getName()), 4.0
10, 13082, -0.5, 1.0, -4.5, 1.5, 0, 0, System.out.println(f.getName()), 4.5
10, 13083, -0.5, 1.0, -4.5, 2.0, 0, 0, System.out.println(f.getName()), 5.0
10, 13084, -0.5, 1.0, -4.5, 2.5, 0, 0, System.out.println(f.getName()), 5.5
10, 13085, -0.5, 1.0, -4.5, 3.0, 0, 0, System.out.println(f.getName()), 6.0
10, 13086, -0.5, 1.0, -4.5, 3.5, 0, 0, System.out.println(f.getName()), 6.5
10, 13087, -0.5, 1.0, -4.5, 4.0, 0, 1, System.out.println(f.getName()), 7.0
10, 13088, -0.5, 1.0, -4.5, 4.5, 0, 1, System.out.println(f.getName()), 7.5
10, 13089, -0.5, 1.0, -4.5, 5.0, 0, 1, System.out.println(f.getName()), 8.0
10, 13090, -0.5, 1.0, -4.0, 0.0, 0, 0, System.out.println(f.getName()), 3.0
10, 13091, -0.5, 1.0, -4.0, 0.5, 0, 0, System.out.println(f.getName()), 3.5
10, 13092, -0.5, 1.0, -4.0, 1.0, 0, 0, System.out.println(f.getName()), 4.0
10, 13093, -0.5, 1.0, -4.0, 1.5, 0, 0, System.out.println(f.getName()), 4.5
10, 13094, -0.5, 1.0, -4.0, 2.0, 0, 0, System.out.println(f.getName()), 5.0
10, 13095, -0.5, 1.0, -4.0, 2.5, 0, 0, System.out.println(f.getName()), 5.5
10, 13096, -0.5, 1.0, -4.0, 3.0, 0, 0, System.out.println(f.getName()), 6.0
10, 13097, -0.5, 1.0, -4.0, 3.5, 0, 0, System.out.println(f.getName()), 6.5
10, 13098, -0.5, 1.0, -4.0, 4.0, 0, 1, System.out.println(f.getName()), 7.0
10, 13099, -0.5, 1.0, -4.0, 4.5, 0, 1, System.out.println(f.getName()), 7.5
10, 13100, -0.5, 1.0, -4.0, 5.0, 0, 1, System.out.println(f.getName()), 8.0
10, 13101, -0.5, 1.0, -3.5, 0.0, 0, 0, System.out.println(f.getName()), 3.0
10, 13102, -0.5, 1.0, -3.5, 0.5, 0, 0, System.out.println(f.getName()), 3.5
10, 13103, -0.5, 1.0, -3.5, 1.0, 0, 0, System.out.println(f.getName()), 4.0
10, 13104, -0.5, 1.0, -3.5, 1.5, 0, 0, System.out.println(f.getName()), 4.5
10, 13105, -0.5, 1.0, -3.5, 2.0, 0, 0, System.out.println(f.getName()), 5.0
10, 13106, -0.5, 1.0, -3.5, 2.5, 0, 0, System.out.println(f.getName()), 5.5
10, 13107, -0.5, 1.0, -3.5, 3.0, 0, 0, System.out.println(f.getName()), 6.0
10, 13108, -0.5, 1.0, -3.5, 3.5, 0, 1, System.out.println(f.getName()), 6.5
10, 13109, -0.5, 1.0, -3.5, 4.0, 0, 1, System.out.println(f.getName()), 7.0
10, 13110, -0.5, 1.0, -3.5, 4.5, 0, 1, System.out.println(f.getName()), 7.5
10, 13111, -0.5, 1.0, -3.5, 5.0, 0, 4, System.out.println(f.getName()), 8.0
10, 13112, -0.5, 1.0, -3.0, 0.0, 0, 0, System.out.println(f.getName()), 3.0
10, 13113, -0.5, 1.0, -3.0, 0.5, 0, 0, System.out.println(f.getName()), 3.5
10, 13114, -0.5, 1.0, -3.0, 1.0, 0, 0, System.out.println(f.getName()), 4.0
10, 13115, -0.5, 1.0, -3.0, 1.5, 0, 0, System.out.println(f.getName()), 4.5
10, 13116, -0.5, 1.0, -3.0, 2.0, 0, 0, System.out.println(f.getName()), 5.0
10, 13117, -0.5, 1.0, -3.0, 2.5, 0, 0, System.out.println(f.getName()), 5.5
10, 13118, -0.5, 1.0, -3.0, 3.0, 0, 0, System.out.println(f.getName()), 6.0
10, 13119, -0.5, 1.0, -3.0, 3.5, 0, 1, System.out.println(f.getName()), 6.5
10, 13120, -0.5, 1.0, -3.0, 4.0, 0, 1, System.out.println(f.getName()), 7.0
10, 13121, -0.5, 1.0, -3.0, 4.5, 0, 4, System.out.println(f.getName()), 7.5
10, 13122, -0.5, 1.0, -3.0, 5.0, 16, 2, f.ls().equals(f.getName()), 9.5
10, 13123, -0.5, 1.0, -2.5, 0.0, 0, 0, System.out.println(f.getName()), 3.0
10, 13124, -0.5, 1.0, -2.5, 0.5, 0, 0, System.out.println(f.getName()), 3.5
10, 13125, -0.5, 1.0, -2.5, 1.0, 0, 0, System.out.println(f.getName()), 4.0
10, 13126, -0.5, 1.0, -2.5, 1.5, 0, 0, System.out.println(f.getName()), 4.5
10, 13127, -0.5, 1.0, -2.5, 2.0, 0, 0, System.out.println(f.getName()), 5.0
10, 13128, -0.5, 1.0, -2.5, 2.5, 0, 0, System.out.println(f.getName()), 5.5
10, 13129, -0.5, 1.0, -2.5, 3.0, 0, 1, System.out.println(f.getName()), 6.0
10, 13130, -0.5, 1.0, -2.5, 3.5, 0, 1, System.out.println(f.getName()), 6.5
10, 13131, -0.5, 1.0, -2.5, 4.0, 0, 4, System.out.println(f.getName()), 7.0
10, 13132, -0.5, 1.0, -2.5, 4.5, 22, 4, new Task10().ls(f).equals(f.getName()), 8.0
10, 13133, -0.5, 1.0, -2.5, 5.0, 22, 2, new Task10().ls(f).equals(f.getName()), 10.0
10, 13134, -0.5, 1.0, -2.0, 0.0, 0, 0, System.out.println(f.getName()), 3.0
10, 13135, -0.5, 1.0, -2.0, 0.5, 0, 0, System.out.println(f.getName()), 3.5
10, 13136, -0.5, 1.0, -2.0, 1.0, 0, 0, System.out.println(f.getName()), 4.0
10, 13137, -0.5, 1.0, -2.0, 1.5, 0, 0, System.out.println(f.getName()), 4.5
10, 13138, -0.5, 1.0, -2.0, 2.0, 0, 0, System.out.println(f.getName()), 5.0
10, 13139, -0.5, 1.0, -2.0, 2.5, 0, 0, System.out.println(f.getName()), 5.5
10, 13140, -0.5, 1.0, -2.0, 3.0, 0, 1, System.out.println(f.getName()), 6.0
10, 13141, -0.5, 1.0, -2.0, 3.5, 0, 4, System.out.println(f.getName()), 6.5
10, 13142, -0.5, 1.0, -2.0, 4.0, 22, 2, new Task10().ls(f).equals(f.getName()), 8.0
10, 13143, -0.5, 1.0, -2.0, 4.5, 51, 4, f.compareTo(f).insert(f.getName(), f.compareTo(f), f.compareTo(f)), 14.5
10, 13144, -0.5, 1.0, -2.0, 5.0, 51, 4, f.compareTo(f).insert(f.getName(), f.compareTo(f), f.compareTo(f)), 18.0
10, 13145, -0.5, 1.0, -1.5, 0.0, 0, 0, System.out.println(f.getName()), 3.0
10, 13146, -0.5, 1.0, -1.5, 0.5, 0, 0, System.out.println(f.getName()), 3.5
10, 13147, -0.5, 1.0, -1.5, 1.0, 0, 0, System.out.println(f.getName()), 4.0
10, 13148, -0.5, 1.0, -1.5, 1.5, 0, 0, System.out.println(f.getName()), 4.5
10, 13149, -0.5, 1.0, -1.5, 2.0, 0, 0, System.out.println(f.getName()), 5.0
10, 13150, -0.5, 1.0, -1.5, 2.5, 0, 1, System.out.println(f.getName()), 5.5
10, 13151, -0.5, 1.0, -1.5, 3.0, 0, 2, System.out.println(f.getName()), 6.0
10, 13152, -0.5, 1.0, -1.5, 3.5, 51, 4, f.compareTo(f).insert(f.getName(), f.compareTo(f), f.compareTo(f)), 11.0
10, 13153, -0.5, 1.0, -1.5, 4.0, 51, 4, f.compareTo(f).insert(f.getName(), f.compareTo(f), f.compareTo(f)), 14.5
10, 13154, -0.5, 1.0, -1.5, 4.5, 51, 4, f.compareTo(f).insert(f.getName(), f.compareTo(f), f.compareTo(f)), 18.0
10, 13155, -0.5, 1.0, -1.5, 5.0, 51, 4, f.compareTo(f).insert(f.getName(), f.compareTo(f), f.compareTo(f)), 21.5
10, 13156, -0.5, 1.0, -1.0, 0.0, 0, 0, System.out.println(f.getName()), 3.0
10, 13157, -0.5, 1.0, -1.0, 0.5, 0, 0, System.out.println(f.getName()), 3.5
10, 13158, -0.5, 1.0, -1.0, 1.0, 0, 0, System.out.println(f.getName()), 4.0
10, 13159, -0.5, 1.0, -1.0, 1.5, 0, 0, System.out.println(f.getName()), 4.5
10, 13160, -0.5, 1.0, -1.0, 2.0, 0, 0, System.out.println(f.getName()), 5.0
10, 13161, -0.5, 1.0, -1.0, 2.5, 51, 4, f.compareTo(f).insert(f.getName(), f.compareTo(f), f.compareTo(f)), 7.5
10, 13162, -0.5, 1.0, -1.0, 3.0, 51, 4, f.compareTo(f).insert(f.getName(), f.compareTo(f), f.compareTo(f)), 11.0
10, 13163, -0.5, 1.0, -1.0, 3.5, 51, 4, f.compareTo(f).insert(f.getName(), f.compareTo(f), f.compareTo(f)), 14.5
10, 13164, -0.5, 1.0, -1.0, 4.0, 51, 4, f.compareTo(f).insert(f.getName(), f.compareTo(f), f.compareTo(f)), 18.0
10, 13165, -0.5, 1.0, -1.0, 4.5, 51, 4, f.compareTo(f).insert(f.getName(), f.compareTo(f), f.compareTo(f)), 21.5
10, 13166, -0.5, 1.0, -1.0, 5.0, 53, 4, f.getName().getBytes(f.compareTo(f), f.compareTo(f), f.compareTo(f)), 25.0
10, 13167, -0.5, 1.0, -0.5, 0.0, 0, 0, System.out.println(f.getName()), 3.0
10, 13168, -0.5, 1.0, -0.5, 0.5, 0, 0, System.out.println(f.getName()), 3.5
10, 13169, -0.5, 1.0, -0.5, 1.0, 0, 0, System.out.println(f.getName()), 4.0
10, 13170, -0.5, 1.0, -0.5, 1.5, 0, 2, System.out.println(f.getName()), 4.5
10, 13171, -0.5, 1.0, -0.5, 2.0, 51, 4, f.compareTo(f).insert(f.getName(), f.compareTo(f), f.compareTo(f)), 7.5
10, 13172, -0.5, 1.0, -0.5, 2.5, 51, 4, f.compareTo(f).insert(f.getName(), f.compareTo(f), f.compareTo(f)), 11.0
10, 13173, -0.5, 1.0, -0.5, 3.0, 51, 4, f.compareTo(f).insert(f.getName(), f.compareTo(f), f.compareTo(f)), 14.5
10, 13174, -0.5, 1.0, -0.5, 3.5, 53, 4, f.getName().getBytes(f.compareTo(f), f.compareTo(f), f.compareTo(f)), 18.0
10, 13175, -0.5, 1.0, -0.5, 4.0, 63, 3, ls().append().insert(f.compareTo(f), f.getName(), f.compareTo(f), f.compareTo(f)), 23.5
10, 13176, -0.5, 1.0, -0.5, 4.5, 63, 3, ls().append().insert(f.compareTo(f), f.getName(), f.compareTo(f), f.compareTo(f)), 27.5
10, 13177, -0.5, 1.0, -0.5, 5.0, 63, 3, ls().append().insert(f.compareTo(f), f.getName(), f.compareTo(f), f.compareTo(f)), 31.5
10, 13178, -0.5, 1.0, 0.0, 0.0, 11, 3, System.loadLibrary(f.getName()), 1.5
10, 13179, -0.5, 1.0, 0.0, 0.5, 11, 2, System.loadLibrary(f.getName()), 2.0
10, 13180, -0.5, 1.0, 0.0, 1.0, 57, 2, new Task10().ls(File.createTempFile(f, getName(), System.getProperty(), f)), 4.5
10, 13181, -0.5, 1.0, 0.0, 1.5, 53, 3, f.getName().getBytes(f.compareTo(f), f.compareTo(f), f.compareTo(f)), 7.5
10, 13182, -0.5, 1.0, 0.0, 2.0, 66, 2, f.getName().regionMatches(f.compareTo(f), f.getName(), f.compareTo(f), f.compareTo(f)), 12.0
10, 13183, -0.5, 1.0, 0.0, 2.5, 66, 2, f.getName().regionMatches(f.compareTo(f), f.getName(), f.compareTo(f), f.compareTo(f)), 16.0
10, 13184, -0.5, 1.0, 0.0, 3.0, 66, 3, f.getName().regionMatches(f.compareTo(f), f.getName(), f.compareTo(f), f.compareTo(f)), 20.0
10, 13185, -0.5, 1.0, 0.0, 3.5, 66, 3, f.getName().regionMatches(f.compareTo(f), f.getName(), f.compareTo(f), f.compareTo(f)), 24.0
10, 13186, -0.5, 1.0, 0.0, 4.0, 66, 3, f.getName().regionMatches(f.compareTo(f), f.getName(), f.compareTo(f), f.compareTo(f)), 28.0
10, 13187, -0.5, 1.0, 0.0, 4.5, 66, 3, f.getName().regionMatches(f.compareTo(f), f.getName(), f.compareTo(f), f.compareTo(f)), 32.0
10, 13188, -0.5, 1.0, 0.0, 5.0, 66, 3, f.getName().regionMatches(f.compareTo(f), f.getName(), f.compareTo(f), f.compareTo(f)), 36.0
10, 13189, 0.0, 1.0, -5.0, 0.0, 0, 0, System.out.println(f.getName()), 5.0
10, 13190, 0.0, 1.0, -5.0, 0.5, 0, 0, System.out.println(f.getName()), 5.5
10, 13191, 0.0, 1.0, -5.0, 1.0, 0, 0, System.out.println(f.getName()), 6.0
10, 13192, 0.0, 1.0, -5.0, 1.5, 0, 0, System.out.println(f.getName()), 6.5
10, 13193, 0.0, 1.0, -5.0, 2.0, 0, 0, System.out.println(f.getName()), 7.0
10, 13194, 0.0, 1.0, -5.0, 2.5, 0, 0, System.out.println(f.getName()), 7.5
10, 13195, 0.0, 1.0, -5.0, 3.0, 0, 0, System.out.println(f.getName()), 8.0
10, 13196, 0.0, 1.0, -5.0, 3.5, 0, 1, System.out.println(f.getName()), 8.5
10, 13197, 0.0, 1.0, -5.0, 4.0, 0, 1, System.out.println(f.getName()), 9.0
10, 13198, 0.0, 1.0, -5.0, 4.5, 0, 1, System.out.println(f.getName()), 9.5
10, 13199, 0.0, 1.0, -5.0, 5.0, 0, 1, System.out.println(f.getName()), 10.0
10, 13200, 0.0, 1.0, -4.5, 0.0, 0, 0, System.out.println(f.getName()), 5.0
10, 13201, 0.0, 1.0, -4.5, 0.5, 0, 0, System.out.println(f.getName()), 5.5
10, 13202, 0.0, 1.0, -4.5, 1.0, 0, 0, System.out.println(f.getName()), 6.0
10, 13203, 0.0, 1.0, -4.5, 1.5, 0, 0, System.out.println(f.getName()), 6.5
10, 13204, 0.0, 1.0, -4.5, 2.0, 0, 0, System.out.println(f.getName()), 7.0
10, 13205, 0.0, 1.0, -4.5, 2.5, 0, 0, System.out.println(f.getName()), 7.5
10, 13206, 0.0, 1.0, -4.5, 3.0, 0, 0, System.out.println(f.getName()), 8.0
10, 13207, 0.0, 1.0, -4.5, 3.5, 0, 1, System.out.println(f.getName()), 8.5
10, 13208, 0.0, 1.0, -4.5, 4.0, 0, 1, System.out.println(f.getName()), 9.0
10, 13209, 0.0, 1.0, -4.5, 4.5, 0, 1, System.out.println(f.getName()), 9.5
10, 13210, 0.0, 1.0, -4.5, 5.0, 0, 1, System.out.println(f.getName()), 10.0
10, 13211, 0.0, 1.0, -4.0, 0.0, 0, 0, System.out.println(f.getName()), 5.0
10, 13212, 0.0, 1.0, -4.0, 0.5, 0, 0, System.out.println(f.getName()), 5.5
10, 13213, 0.0, 1.0, -4.0, 1.0, 0, 0, System.out.println(f.getName()), 6.0
10, 13214, 0.0, 1.0, -4.0, 1.5, 0, 0, System.out.println(f.getName()), 6.5
10, 13215, 0.0, 1.0, -4.0, 2.0, 0, 0, System.out.println(f.getName()), 7.0
10, 13216, 0.0, 1.0, -4.0, 2.5, 0, 0, System.out.println(f.getName()), 7.5
10, 13217, 0.0, 1.0, -4.0, 3.0, 0, 1, System.out.println(f.getName()), 8.0
10, 13218, 0.0, 1.0, -4.0, 3.5, 0, 1, System.out.println(f.getName()), 8.5
10, 13219, 0.0, 1.0, -4.0, 4.0, 0, 1, System.out.println(f.getName()), 9.0
10, 13220, 0.0, 1.0, -4.0, 4.5, 0, 1, System.out.println(f.getName()), 9.5
10, 13221, 0.0, 1.0, -4.0, 5.0, 0, 3, System.out.println(f.getName()), 10.0
10, 13222, 0.0, 1.0, -3.5, 0.0, 0, 0, System.out.println(f.getName()), 5.0
10, 13223, 0.0, 1.0, -3.5, 0.5, 0, 0, System.out.println(f.getName()), 5.5
10, 13224, 0.0, 1.0, -3.5, 1.0, 0, 0, System.out.println(f.getName()), 6.0
10, 13225, 0.0, 1.0, -3.5, 1.5, 0, 0, System.out.println(f.getName()), 6.5
10, 13226, 0.0, 1.0, -3.5, 2.0, 0, 0, System.out.println(f.getName()), 7.0
10, 13227, 0.0, 1.0, -3.5, 2.5, 0, 0, System.out.println(f.getName()), 7.5
10, 13228, 0.0, 1.0, -3.5, 3.0, 0, 1, System.out.println(f.getName()), 8.0
10, 13229, 0.0, 1.0, -3.5, 3.5, 0, 1, System.out.println(f.getName()), 8.5
10, 13230, 0.0, 1.0, -3.5, 4.0, 0, 1, System.out.println(f.getName()), 9.0
10, 13231, 0.0, 1.0, -3.5, 4.5, 16, 4, f.ls().equals(f.getName()), 9.5
10, 13232, 0.0, 1.0, -3.5, 5.0, 16, 4, f.ls().equals(f.getName()), 11.0
10, 13233, 0.0, 1.0, -3.0, 0.0, 0, 0, System.out.println(f.getName()), 5.0
10, 13234, 0.0, 1.0, -3.0, 0.5, 0, 0, System.out.println(f.getName()), 5.5
10, 13235, 0.0, 1.0, -3.0, 1.0, 0, 0, System.out.println(f.getName()), 6.0
10, 13236, 0.0, 1.0, -3.0, 1.5, 0, 0, System.out.println(f.getName()), 6.5
10, 13237, 0.0, 1.0, -3.0, 2.0, 0, 0, System.out.println(f.getName()), 7.0
10, 13238, 0.0, 1.0, -3.0, 2.5, 0, 1, System.out.println(f.getName()), 7.5
10, 13239, 0.0, 1.0, -3.0, 3.0, 0, 1, System.out.println(f.getName()), 8.0
10, 13240, 0.0, 1.0, -3.0, 3.5, 0, 1, System.out.println(f.getName()), 8.5
10, 13241, 0.0, 1.0, -3.0, 4.0, 16, 4, f.ls().equals(f.getName()), 9.0
10, 13242, 0.0, 1.0, -3.0, 4.5, 16, 4, f.ls().equals(f.getName()), 10.5
10, 13243, 0.0, 1.0, -3.0, 5.0, 22, 4, new Task10().ls(f).equals(f.getName()), 11.0
10, 13244, 0.0, 1.0, -2.5, 0.0, 0, 0, System.out.println(f.getName()), 5.0
10, 13245, 0.0, 1.0, -2.5, 0.5, 0, 0, System.out.println(f.getName()), 5.5
10, 13246, 0.0, 1.0, -2.5, 1.0, 0, 0, System.out.println(f.getName()), 6.0
10, 13247, 0.0, 1.0, -2.5, 1.5, 0, 0, System.out.println(f.getName()), 6.5
10, 13248, 0.0, 1.0, -2.5, 2.0, 0, 0, System.out.println(f.getName()), 7.0
10, 13249, 0.0, 1.0, -2.5, 2.5, 0, 1, System.out.println(f.getName()), 7.5
10, 13250, 0.0, 1.0, -2.5, 3.0, 0, 1, System.out.println(f.getName()), 8.0
10, 13251, 0.0, 1.0, -2.5, 3.5, 16, 4, f.ls().equals(f.getName()), 8.5
10, 13252, 0.0, 1.0, -2.5, 4.0, 0, 4, System.out.println(f.getName()), 9.0
10, 13253, 0.0, 1.0, -2.5, 4.5, 51, 4, f.compareTo(f).insert(f.getName(), f.compareTo(f), f.compareTo(f)), 17.0
10, 13254, 0.0, 1.0, -2.5, 5.0, 51, 4, f.compareTo(f).insert(f.getName(), f.compareTo(f), f.compareTo(f)), 20.5
10, 13255, 0.0, 1.0, -2.0, 0.0, 0, 0, System.out.println(f.getName()), 5.0
10, 13256, 0.0, 1.0, -2.0, 0.5, 0, 0, System.out.println(f.getName()), 5.5
10, 13257, 0.0, 1.0, -2.0, 1.0, 0, 0, System.out.println(f.getName()), 6.0
10, 13258, 0.0, 1.0, -2.0, 1.5, 0, 0, System.out.println(f.getName()), 6.5
10, 13259, 0.0, 1.0, -2.0, 2.0, 0, 1, System.out.println(f.getName()), 7.0
10, 13260, 0.0, 1.0, -2.0, 2.5, 0, 1, System.out.println(f.getName()), 7.5
10, 13261, 0.0, 1.0, -2.0, 3.0, 16, 4, f.ls().equals(f.getName()), 8.0
10, 13262, 0.0, 1.0, -2.0, 3.5, 51, 4, f.compareTo(f).insert(f.getName(), f.compareTo(f), f.compareTo(f)), 13.5
10, 13263, 0.0, 1.0, -2.0, 4.0, 51, 4, f.compareTo(f).insert(f.getName(), f.compareTo(f), f.compareTo(f)), 17.0
10, 13264, 0.0, 1.0, -2.0, 4.5, 51, 4, f.compareTo(f).insert(f.getName(), f.compareTo(f), f.compareTo(f)), 20.5
10, 13265, 0.0, 1.0, -2.0, 5.0, 51, 4, f.compareTo(f).insert(f.getName(), f.compareTo(f), f.compareTo(f)), 24.0
10, 13266, 0.0, 1.0, -1.5, 0.0, 0, 0, System.out.println(f.getName()), 5.0
10, 13267, 0.0, 1.0, -1.5, 0.5, 0, 0, System.out.println(f.getName()), 5.5
10, 13268, 0.0, 1.0, -1.5, 1.0, 0, 0, System.out.println(f.getName()), 6.0
10, 13269, 0.0, 1.0, -1.5, 1.5, 0, 0, System.out.println(f.getName()), 6.5
10, 13270, 0.0, 1.0, -1.5, 2.0, 0, 1, System.out.println(f.getName()), 7.0
10, 13271, 0.0, 1.0, -1.5, 2.5, 51, 4, f.compareTo(f).insert(f.getName(), f.compareTo(f), f.compareTo(f)), 10.0
10, 13272, 0.0, 1.0, -1.5, 3.0, 51, 4, f.compareTo(f).insert(f.getName(), f.compareTo(f), f.compareTo(f)), 13.5
10, 13273, 0.0, 1.0, -1.5, 3.5, 51, 4, f.compareTo(f).insert(f.getName(), f.compareTo(f), f.compareTo(f)), 17.0
10, 13274, 0.0, 1.0, -1.5, 4.0, 51, 4, f.compareTo(f).insert(f.getName(), f.compareTo(f), f.compareTo(f)), 20.5
10, 13275, 0.0, 1.0, -1.5, 4.5, 51, 4, f.compareTo(f).insert(f.getName(), f.compareTo(f), f.compareTo(f)), 24.0
10, 13276, 0.0, 1.0, -1.5, 5.0, 53, 4, f.getName().getBytes(f.compareTo(f), f.compareTo(f), f.compareTo(f)), 27.5
10, 13277, 0.0, 1.0, -1.0, 0.0, 0, 0, System.out.println(f.getName()), 5.0
10, 13278, 0.0, 1.0, -1.0, 0.5, 0, 0, System.out.println(f.getName()), 5.5
10, 13279, 0.0, 1.0, -1.0, 1.0, 0, 0, System.out.println(f.getName()), 6.0
10, 13280, 0.0, 1.0, -1.0, 1.5, 28, 4, f.getName().replace(f.getName(), f.getName()), 6.5
10, 13281, 0.0, 1.0, -1.0, 2.0, 51, 4, f.compareTo(f).insert(f.getName(), f.compareTo(f), f.compareTo(f)), 10.0
10, 13282, 0.0, 1.0, -1.0, 2.5, 51, 4, f.compareTo(f).insert(f.getName(), f.compareTo(f), f.compareTo(f)), 13.5
10, 13283, 0.0, 1.0, -1.0, 3.0, 51, 4, f.compareTo(f).insert(f.getName(), f.compareTo(f), f.compareTo(f)), 17.0
10, 13284, 0.0, 1.0, -1.0, 3.5, 53, 4, f.getName().getBytes(f.compareTo(f), f.compareTo(f), f.compareTo(f)), 20.5
10, 13285, 0.0, 1.0, -1.0, 4.0, 53, 4, f.getName().getBytes(f.compareTo(f), f.compareTo(f), f.compareTo(f)), 24.0
10, 13286, 0.0, 1.0, -1.0, 4.5, 53, 4, f.getName().getBytes(f.compareTo(f), f.compareTo(f), f.compareTo(f)), 27.5
10, 13287, 0.0, 1.0, -1.0, 5.0, 53, 4, f.getName().getBytes(f.compareTo(f), f.compareTo(f), f.compareTo(f)), 31.0
10, 13288, 0.0, 1.0, -0.5, 0.0, 15, 1, System.out.println(getName()).put(f.getName()), 4.5
10, 13289, 0.0, 1.0, -0.5, 0.5, 15, 2, System.out.println(getName()).put(f.getName()), 5.0
10, 13290, 0.0, 1.0, -0.5, 1.0, 34, 3, System.out.println(getName()).wait(f.length(), f.compareTo(f)), 6.0
10, 13291, 0.0, 1.0, -0.5, 1.5, 53, 3, f.getName().getBytes(f.compareTo(f), f.compareTo(f), f.compareTo(f)), 10.0
10, 13292, 0.0, 1.0, -0.5, 2.0, 53, 3, f.getName().getBytes(f.compareTo(f), f.compareTo(f), f.compareTo(f)), 13.5
10, 13293, 0.0, 1.0, -0.5, 2.5, 53, 4, f.getName().getBytes(f.compareTo(f), f.compareTo(f), f.compareTo(f)), 17.0
10, 13294, 0.0, 1.0, -0.5, 3.0, 66, 2, f.getName().regionMatches(f.compareTo(f), f.getName(), f.compareTo(f), f.compareTo(f)), 23.0
10, 13295, 0.0, 1.0, -0.5, 3.5, 66, 2, f.getName().regionMatches(f.compareTo(f), f.getName(), f.compareTo(f), f.compareTo(f)), 27.0
10, 13296, 0.0, 1.0, -0.5, 4.0, 66, 2, f.getName().regionMatches(f.compareTo(f), f.getName(), f.compareTo(f), f.compareTo(f)), 31.0
10, 13297, 0.0, 1.0, -0.5, 4.5, 66, 2, f.getName().regionMatches(f.compareTo(f), f.getName(), f.compareTo(f), f.compareTo(f)), 35.0
10, 13298, 0.0, 1.0, -0.5, 5.0, 66, 2, f.getName().regionMatches(f.compareTo(f), f.getName(), f.compareTo(f), f.compareTo(f)), 39.0
10, 13299, 0.0, 1.0, 0.0, 0.0, 85, 2, File.createTempFile(getAbsoluteFile(), getName(), System.getProperty(), f).equals(System.out.println(getName())), 6.0
10, 13300, 0.0, 1.0, 0.0, 0.5, 69, 3, File.createTempFile(f, getName(), System.getProperty(), f).equals(System.out.println(getName())), 7.0
10, 13301, 0.0, 1.0, 0.0, 1.0, 76, 3, f.getName().regionMatches(f.compareTo(f), System.getProperty(), f.compareTo(f), f.compareTo(f)), 11.0
10, 13302, 0.0, 1.0, 0.0, 1.5, 66, 2, f.getName().regionMatches(f.compareTo(f), f.getName(), f.compareTo(f), f.compareTo(f)), 15.0
10, 13303, 0.0, 1.0, 0.0, 2.0, 66, 3, f.getName().regionMatches(f.compareTo(f), f.getName(), f.compareTo(f), f.compareTo(f)), 19.0
10, 13304, 0.0, 1.0, 0.0, 2.5, 66, 3, f.getName().regionMatches(f.compareTo(f), f.getName(), f.compareTo(f), f.compareTo(f)), 23.0
10, 13305, 0.0, 1.0, 0.0, 3.0, 66, 3, f.getName().regionMatches(f.compareTo(f), f.getName(), f.compareTo(f), f.compareTo(f)), 27.0
10, 13306, 0.0, 1.0, 0.0, 3.5, 66, 3, f.getName().regionMatches(f.compareTo(f), f.getName(), f.compareTo(f), f.compareTo(f)), 31.0
10, 13307, 0.0, 1.0, 0.0, 4.0, 66, 3, f.getName().regionMatches(f.compareTo(f), f.getName(), f.compareTo(f), f.compareTo(f)), 35.0
10, 13308, 0.0, 1.0, 0.0, 4.5, 66, 3, f.getName().regionMatches(f.compareTo(f), f.getName(), f.compareTo(f), f.compareTo(f)), 39.0
10, 13309, 0.0, 1.0, 0.0, 5.0, 66, 3, f.getName().regionMatches(f.compareTo(f), f.getName(), f.compareTo(f), f.compareTo(f)), 43.0
