9, 17303, -5.0, 1.0, -5.0, 0.0, 9, 0, charAt(), -3.0
9, 17304, -5.0, 1.0, -5.0, 0.5, 9, 0, charAt(), -3.0
9, 17305, -5.0, 1.0, -5.0, 1.0, 9, 0, charAt(), -3.0
9, 17306, -5.0, 1.0, -5.0, 1.5, 9, 0, charAt(), -3.0
9, 17307, -5.0, 1.0, -5.0, 2.0, 9, 0, charAt(), -3.0
9, 17308, -5.0, 1.0, -5.0, 2.5, 9, 0, charAt(), -3.0
9, 17309, -5.0, 1.0, -5.0, 3.0, 9, 0, charAt(), -3.0
9, 17310, -5.0, 1.0, -5.0, 3.5, 9, 0, charAt(), -3.0
9, 17311, -5.0, 1.0, -5.0, 4.0, 9, 0, charAt(), -3.0
9, 17312, -5.0, 1.0, -5.0, 4.5, 8, 0, i.charAt(), -2.5
9, 17313, -5.0, 1.0, -5.0, 5.0, 8, 0, i.charAt(), -2.0
9, 17314, -5.0, 1.0, -4.5, 0.0, 9, 0, charAt(), -3.0
9, 17315, -5.0, 1.0, -4.5, 0.5, 9, 0, charAt(), -3.0
9, 17316, -5.0, 1.0, -4.5, 1.0, 9, 0, charAt(), -3.0
9, 17317, -5.0, 1.0, -4.5, 1.5, 9, 0, charAt(), -3.0
9, 17318, -5.0, 1.0, -4.5, 2.0, 9, 0, charAt(), -3.0
9, 17319, -5.0, 1.0, -4.5, 2.5, 9, 0, charAt(), -3.0
9, 17320, -5.0, 1.0, -4.5, 3.0, 9, 0, charAt(), -3.0
9, 17321, -5.0, 1.0, -4.5, 3.5, 9, 0, charAt(), -3.0
9, 17322, -5.0, 1.0, -4.5, 4.0, 9, 0, charAt(), -3.0
9, 17323, -5.0, 1.0, -4.5, 4.5, 8, 0, i.charAt(), -2.5
9, 17324, -5.0, 1.0, -4.5, 5.0, 8, 0, i.charAt(), -2.0
9, 17325, -5.0, 1.0, -4.0, 0.0, 9, 0, charAt(), -3.0
9, 17326, -5.0, 1.0, -4.0, 0.5, 9, 0, charAt(), -3.0
9, 17327, -5.0, 1.0, -4.0, 1.0, 9, 0, charAt(), -3.0
9, 17328, -5.0, 1.0, -4.0, 1.5, 9, 0, charAt(), -3.0
9, 17329, -5.0, 1.0, -4.0, 2.0, 9, 0, charAt(), -3.0
9, 17330, -5.0, 1.0, -4.0, 2.5, 9, 0, charAt(), -3.0
9, 17331, -5.0, 1.0, -4.0, 3.0, 9, 0, charAt(), -3.0
9, 17332, -5.0, 1.0, -4.0, 3.5, 9, 0, charAt(), -3.0
9, 17333, -5.0, 1.0, -4.0, 4.0, 9, 0, charAt(), -3.0
9, 17334, -5.0, 1.0, -4.0, 4.5, 8, 0, i.charAt(), -2.5
9, 17335, -5.0, 1.0, -4.0, 5.0, 8, 0, i.charAt(), -2.0
9, 17336, -5.0, 1.0, -3.5, 0.0, 9, 0, charAt(), -3.0
9, 17337, -5.0, 1.0, -3.5, 0.5, 9, 0, charAt(), -3.0
9, 17338, -5.0, 1.0, -3.5, 1.0, 9, 0, charAt(), -3.0
9, 17339, -5.0, 1.0, -3.5, 1.5, 9, 0, charAt(), -3.0
9, 17340, -5.0, 1.0, -3.5, 2.0, 9, 0, charAt(), -3.0
9, 17341, -5.0, 1.0, -3.5, 2.5, 9, 0, charAt(), -3.0
9, 17342, -5.0, 1.0, -3.5, 3.0, 9, 0, charAt(), -3.0
9, 17343, -5.0, 1.0, -3.5, 3.5, 9, 0, charAt(), -3.0
9, 17344, -5.0, 1.0, -3.5, 4.0, 9, 0, charAt(), -3.0
9, 17345, -5.0, 1.0, -3.5, 4.5, 8, 0, i.charAt(), -2.5
9, 17346, -5.0, 1.0, -3.5, 5.0, 8, 0, i.charAt(), -2.0
9, 17347, -5.0, 1.0, -3.0, 0.0, 9, 0, charAt(), -3.0
9, 17348, -5.0, 1.0, -3.0, 0.5, 9, 0, charAt(), -3.0
9, 17349, -5.0, 1.0, -3.0, 1.0, 9, 0, charAt(), -3.0
9, 17350, -5.0, 1.0, -3.0, 1.5, 9, 0, charAt(), -3.0
9, 17351, -5.0, 1.0, -3.0, 2.0, 9, 0, charAt(), -3.0
9, 17352, -5.0, 1.0, -3.0, 2.5, 9, 0, charAt(), -3.0
9, 17353, -5.0, 1.0, -3.0, 3.0, 9, 0, charAt(), -3.0
9, 17354, -5.0, 1.0, -3.0, 3.5, 9, 0, charAt(), -3.0
9, 17355, -5.0, 1.0, -3.0, 4.0, 9, 0, charAt(), -3.0
9, 17356, -5.0, 1.0, -3.0, 4.5, 8, 0, i.charAt(), -2.5
9, 17357, -5.0, 1.0, -3.0, 5.0, 8, 0, i.charAt(), -2.0
9, 17358, -5.0, 1.0, -2.5, 0.0, 9, 0, charAt(), -3.0
9, 17359, -5.0, 1.0, -2.5, 0.5, 9, 0, charAt(), -3.0
9, 17360, -5.0, 1.0, -2.5, 1.0, 9, 0, charAt(), -3.0
9, 17361, -5.0, 1.0, -2.5, 1.5, 9, 0, charAt(), -3.0
9, 17362, -5.0, 1.0, -2.5, 2.0, 9, 0, charAt(), -3.0
9, 17363, -5.0, 1.0, -2.5, 2.5, 9, 0, charAt(), -3.0
9, 17364, -5.0, 1.0, -2.5, 3.0, 9, 0, charAt(), -3.0
9, 17365, -5.0, 1.0, -2.5, 3.5, 9, 0, charAt(), -3.0
9, 17366, -5.0, 1.0, -2.5, 4.0, 9, 0, charAt(), -3.0
9, 17367, -5.0, 1.0, -2.5, 4.5, 8, 0, i.charAt(), -2.5
9, 17368, -5.0, 1.0, -2.5, 5.0, 8, 0, i.charAt(), -2.0
9, 17369, -5.0, 1.0, -2.0, 0.0, 9, 0, charAt(), -3.0
9, 17370, -5.0, 1.0, -2.0, 0.5, 9, 0, charAt(), -3.0
9, 17371, -5.0, 1.0, -2.0, 1.0, 9, 0, charAt(), -3.0
9, 17372, -5.0, 1.0, -2.0, 1.5, 9, 0, charAt(), -3.0
9, 17373, -5.0, 1.0, -2.0, 2.0, 9, 0, charAt(), -3.0
9, 17374, -5.0, 1.0, -2.0, 2.5, 9, 0, charAt(), -3.0
9, 17375, -5.0, 1.0, -2.0, 3.0, 9, 0, charAt(), -3.0
9, 17376, -5.0, 1.0, -2.0, 3.5, 9, 0, charAt(), -3.0
9, 17377, -5.0, 1.0, -2.0, 4.0, 9, 0, charAt(), -3.0
9, 17378, -5.0, 1.0, -2.0, 4.5, 8, 0, i.charAt(), -2.5
9, 17379, -5.0, 1.0, -2.0, 5.0, 8, 0, i.charAt(), -2.0
9, 17380, -5.0, 1.0, -1.5, 0.0, 9, 0, charAt(), -3.0
9, 17381, -5.0, 1.0, -1.5, 0.5, 9, 0, charAt(), -3.0
9, 17382, -5.0, 1.0, -1.5, 1.0, 9, 0, charAt(), -3.0
9, 17383, -5.0, 1.0, -1.5, 1.5, 9, 0, charAt(), -3.0
9, 17384, -5.0, 1.0, -1.5, 2.0, 9, 0, charAt(), -3.0
9, 17385, -5.0, 1.0, -1.5, 2.5, 9, 0, charAt(), -3.0
9, 17386, -5.0, 1.0, -1.5, 3.0, 9, 0, charAt(), -3.0
9, 17387, -5.0, 1.0, -1.5, 3.5, 9, 0, charAt(), -3.0
9, 17388, -5.0, 1.0, -1.5, 4.0, 9, 0, charAt(), -3.0
9, 17389, -5.0, 1.0, -1.5, 4.5, 8, 0, i.charAt(), -2.5
9, 17390, -5.0, 1.0, -1.5, 5.0, 8, 0, i.charAt(), -2.0
9, 17391, -5.0, 1.0, -1.0, 0.0, 9, 0, charAt(), -3.0
9, 17392, -5.0, 1.0, -1.0, 0.5, 9, 0, charAt(), -3.0
9, 17393, -5.0, 1.0, -1.0, 1.0, 9, 0, charAt(), -3.0
9, 17394, -5.0, 1.0, -1.0, 1.5, 9, 0, charAt(), -3.0
9, 17395, -5.0, 1.0, -1.0, 2.0, 9, 0, charAt(), -3.0
9, 17396, -5.0, 1.0, -1.0, 2.5, 9, 0, charAt(), -3.0
9, 17397, -5.0, 1.0, -1.0, 3.0, 9, 0, charAt(), -3.0
9, 17398, -5.0, 1.0, -1.0, 3.5, 9, 0, charAt(), -3.0
9, 17399, -5.0, 1.0, -1.0, 4.0, 9, 0, charAt(), -3.0
9, 17400, -5.0, 1.0, -1.0, 4.5, 8, 0, i.charAt(), -2.5
9, 17401, -5.0, 1.0, -1.0, 5.0, 8, 0, i.charAt(), -2.0
9, 17402, -5.0, 1.0, -0.5, 0.0, 9, 0, charAt(), -3.0
9, 17403, -5.0, 1.0, -0.5, 0.5, 9, 0, charAt(), -3.0
9, 17404, -5.0, 1.0, -0.5, 1.0, 9, 0, charAt(), -3.0
9, 17405, -5.0, 1.0, -0.5, 1.5, 9, 0, charAt(), -3.0
9, 17406, -5.0, 1.0, -0.5, 2.0, 9, 0, charAt(), -3.0
9, 17407, -5.0, 1.0, -0.5, 2.5, 9, 0, charAt(), -3.0
9, 17408, -5.0, 1.0, -0.5, 3.0, 9, 0, charAt(), -3.0
9, 17409, -5.0, 1.0, -0.5, 3.5, 9, 0, charAt(), -3.0
9, 17410, -5.0, 1.0, -0.5, 4.0, 9, 0, charAt(), -3.0
9, 17411, -5.0, 1.0, -0.5, 4.5, 8, 0, i.charAt(), -2.5
9, 17412, -5.0, 1.0, -0.5, 5.0, 8, 0, i.charAt(), -2.0
9, 17413, -5.0, 1.0, 0.0, 0.0, 9, 0, charAt(), -3.0
9, 17414, -5.0, 1.0, 0.0, 0.5, 9, 0, charAt(), -3.0
9, 17415, -5.0, 1.0, 0.0, 1.0, 9, 0, charAt(), -3.0
9, 17416, -5.0, 1.0, 0.0, 1.5, 9, 0, charAt(), -3.0
9, 17417, -5.0, 1.0, 0.0, 2.0, 9, 0, charAt(), -3.0
9, 17418, -5.0, 1.0, 0.0, 2.5, 9, 0, charAt(), -3.0
9, 17419, -5.0, 1.0, 0.0, 3.0, 9, 0, charAt(), -3.0
9, 17420, -5.0, 1.0, 0.0, 3.5, 9, 0, charAt(), -3.0
9, 17421, -5.0, 1.0, 0.0, 4.0, 9, 0, charAt(), -3.0
9, 17422, -5.0, 1.0, 0.0, 4.5, 8, 0, i.charAt(), -2.5
9, 17423, -5.0, 1.0, 0.0, 5.0, 8, 0, i.charAt(), -2.0
9, 17424, -4.5, 1.0, -5.0, 0.0, 9, 0, charAt(), -2.5
9, 17425, -4.5, 1.0, -5.0, 0.5, 9, 0, charAt(), -2.5
9, 17426, -4.5, 1.0, -5.0, 1.0, 9, 0, charAt(), -2.5
9, 17427, -4.5, 1.0, -5.0, 1.5, 9, 0, charAt(), -2.5
9, 17428, -4.5, 1.0, -5.0, 2.0, 9, 0, charAt(), -2.5
9, 17429, -4.5, 1.0, -5.0, 2.5, 9, 0, charAt(), -2.5
9, 17430, -4.5, 1.0, -5.0, 3.0, 9, 0, charAt(), -2.5
9, 17431, -4.5, 1.0, -5.0, 3.5, 9, 0, charAt(), -2.5
9, 17432, -4.5, 1.0, -5.0, 4.0, 8, 0, i.charAt(), -2.0
9, 17433, -4.5, 1.0, -5.0, 4.5, 8, 0, i.charAt(), -1.5
9, 17434, -4.5, 1.0, -5.0, 5.0, 8, 0, i.charAt(), -1.0
9, 17435, -4.5, 1.0, -4.5, 0.0, 9, 0, charAt(), -2.5
9, 17436, -4.5, 1.0, -4.5, 0.5, 9, 0, charAt(), -2.5
9, 17437, -4.5, 1.0, -4.5, 1.0, 9, 0, charAt(), -2.5
9, 17438, -4.5, 1.0, -4.5, 1.5, 9, 0, charAt(), -2.5
9, 17439, -4.5, 1.0, -4.5, 2.0, 9, 0, charAt(), -2.5
9, 17440, -4.5, 1.0, -4.5, 2.5, 9, 0, charAt(), -2.5
9, 17441, -4.5, 1.0, -4.5, 3.0, 9, 0, charAt(), -2.5
9, 17442, -4.5, 1.0, -4.5, 3.5, 9, 0, charAt(), -2.5
9, 17443, -4.5, 1.0, -4.5, 4.0, 8, 0, i.charAt(), -2.0
9, 17444, -4.5, 1.0, -4.5, 4.5, 8, 0, i.charAt(), -1.5
9, 17445, -4.5, 1.0, -4.5, 5.0, 8, 0, i.charAt(), -1.0
9, 17446, -4.5, 1.0, -4.0, 0.0, 9, 0, charAt(), -2.5
9, 17447, -4.5, 1.0, -4.0, 0.5, 9, 0, charAt(), -2.5
9, 17448, -4.5, 1.0, -4.0, 1.0, 9, 0, charAt(), -2.5
9, 17449, -4.5, 1.0, -4.0, 1.5, 9, 0, charAt(), -2.5
9, 17450, -4.5, 1.0, -4.0, 2.0, 9, 0, charAt(), -2.5
9, 17451, -4.5, 1.0, -4.0, 2.5, 9, 0, charAt(), -2.5
9, 17452, -4.5, 1.0, -4.0, 3.0, 9, 0, charAt(), -2.5
9, 17453, -4.5, 1.0, -4.0, 3.5, 9, 0, charAt(), -2.5
9, 17454, -4.5, 1.0, -4.0, 4.0, 8, 0, i.charAt(), -2.0
9, 17455, -4.5, 1.0, -4.0, 4.5, 8, 0, i.charAt(), -1.5
9, 17456, -4.5, 1.0, -4.0, 5.0, 8, 0, i.charAt(), -1.0
9, 17457, -4.5, 1.0, -3.5, 0.0, 9, 0, charAt(), -2.5
9, 17458, -4.5, 1.0, -3.5, 0.5, 9, 0, charAt(), -2.5
9, 17459, -4.5, 1.0, -3.5, 1.0, 9, 0, charAt(), -2.5
9, 17460, -4.5, 1.0, -3.5, 1.5, 9, 0, charAt(), -2.5
9, 17461, -4.5, 1.0, -3.5, 2.0, 9, 0, charAt(), -2.5
9, 17462, -4.5, 1.0, -3.5, 2.5, 9, 0, charAt(), -2.5
9, 17463, -4.5, 1.0, -3.5, 3.0, 9, 0, charAt(), -2.5
9, 17464, -4.5, 1.0, -3.5, 3.5, 9, 0, charAt(), -2.5
9, 17465, -4.5, 1.0, -3.5, 4.0, 8, 0, i.charAt(), -2.0
9, 17466, -4.5, 1.0, -3.5, 4.5, 8, 0, i.charAt(), -1.5
9, 17467, -4.5, 1.0, -3.5, 5.0, 8, 0, i.charAt(), -1.0
9, 17468, -4.5, 1.0, -3.0, 0.0, 9, 0, charAt(), -2.5
9, 17469, -4.5, 1.0, -3.0, 0.5, 9, 0, charAt(), -2.5
9, 17470, -4.5, 1.0, -3.0, 1.0, 9, 0, charAt(), -2.5
9, 17471, -4.5, 1.0, -3.0, 1.5, 9, 0, charAt(), -2.5
9, 17472, -4.5, 1.0, -3.0, 2.0, 9, 0, charAt(), -2.5
9, 17473, -4.5, 1.0, -3.0, 2.5, 9, 0, charAt(), -2.5
9, 17474, -4.5, 1.0, -3.0, 3.0, 9, 0, charAt(), -2.5
9, 17475, -4.5, 1.0, -3.0, 3.5, 9, 0, charAt(), -2.5
9, 17476, -4.5, 1.0, -3.0, 4.0, 8, 0, i.charAt(), -2.0
9, 17477, -4.5, 1.0, -3.0, 4.5, 8, 0, i.charAt(), -1.5
9, 17478, -4.5, 1.0, -3.0, 5.0, 8, 0, i.charAt(), -1.0
9, 17479, -4.5, 1.0, -2.5, 0.0, 9, 0, charAt(), -2.5
9, 17480, -4.5, 1.0, -2.5, 0.5, 9, 0, charAt(), -2.5
9, 17481, -4.5, 1.0, -2.5, 1.0, 9, 0, charAt(), -2.5
9, 17482, -4.5, 1.0, -2.5, 1.5, 9, 0, charAt(), -2.5
9, 17483, -4.5, 1.0, -2.5, 2.0, 9, 0, charAt(), -2.5
9, 17484, -4.5, 1.0, -2.5, 2.5, 9, 0, charAt(), -2.5
9, 17485, -4.5, 1.0, -2.5, 3.0, 9, 0, charAt(), -2.5
9, 17486, -4.5, 1.0, -2.5, 3.5, 9, 0, charAt(), -2.5
9, 17487, -4.5, 1.0, -2.5, 4.0, 8, 0, i.charAt(), -2.0
9, 17488, -4.5, 1.0, -2.5, 4.5, 8, 0, i.charAt(), -1.5
9, 17489, -4.5, 1.0, -2.5, 5.0, 8, 0, i.charAt(), -1.0
9, 17490, -4.5, 1.0, -2.0, 0.0, 9, 0, charAt(), -2.5
9, 17491, -4.5, 1.0, -2.0, 0.5, 9, 0, charAt(), -2.5
9, 17492, -4.5, 1.0, -2.0, 1.0, 9, 0, charAt(), -2.5
9, 17493, -4.5, 1.0, -2.0, 1.5, 9, 0, charAt(), -2.5
9, 17494, -4.5, 1.0, -2.0, 2.0, 9, 0, charAt(), -2.5
9, 17495, -4.5, 1.0, -2.0, 2.5, 9, 0, charAt(), -2.5
9, 17496, -4.5, 1.0, -2.0, 3.0, 9, 0, charAt(), -2.5
9, 17497, -4.5, 1.0, -2.0, 3.5, 9, 0, charAt(), -2.5
9, 17498, -4.5, 1.0, -2.0, 4.0, 8, 0, i.charAt(), -2.0
9, 17499, -4.5, 1.0, -2.0, 4.5, 8, 0, i.charAt(), -1.5
9, 17500, -4.5, 1.0, -2.0, 5.0, 8, 0, i.charAt(), -1.0
9, 17501, -4.5, 1.0, -1.5, 0.0, 9, 0, charAt(), -2.5
9, 17502, -4.5, 1.0, -1.5, 0.5, 9, 0, charAt(), -2.5
9, 17503, -4.5, 1.0, -1.5, 1.0, 9, 0, charAt(), -2.5
9, 17504, -4.5, 1.0, -1.5, 1.5, 9, 0, charAt(), -2.5
9, 17505, -4.5, 1.0, -1.5, 2.0, 9, 0, charAt(), -2.5
9, 17506, -4.5, 1.0, -1.5, 2.5, 9, 0, charAt(), -2.5
9, 17507, -4.5, 1.0, -1.5, 3.0, 9, 0, charAt(), -2.5
9, 17508, -4.5, 1.0, -1.5, 3.5, 9, 0, charAt(), -2.5
9, 17509, -4.5, 1.0, -1.5, 4.0, 8, 0, i.charAt(), -2.0
9, 17510, -4.5, 1.0, -1.5, 4.5, 8, 0, i.charAt(), -1.5
9, 17511, -4.5, 1.0, -1.5, 5.0, 8, 0, i.charAt(), -1.0
9, 17512, -4.5, 1.0, -1.0, 0.0, 9, 0, charAt(), -2.5
9, 17513, -4.5, 1.0, -1.0, 0.5, 9, 0, charAt(), -2.5
9, 17514, -4.5, 1.0, -1.0, 1.0, 9, 0, charAt(), -2.5
9, 17515, -4.5, 1.0, -1.0, 1.5, 9, 0, charAt(), -2.5
9, 17516, -4.5, 1.0, -1.0, 2.0, 9, 0, charAt(), -2.5
9, 17517, -4.5, 1.0, -1.0, 2.5, 9, 0, charAt(), -2.5
9, 17518, -4.5, 1.0, -1.0, 3.0, 9, 0, charAt(), -2.5
9, 17519, -4.5, 1.0, -1.0, 3.5, 9, 0, charAt(), -2.5
9, 17520, -4.5, 1.0, -1.0, 4.0, 8, 0, i.charAt(), -2.0
9, 17521, -4.5, 1.0, -1.0, 4.5, 8, 0, i.charAt(), -1.5
9, 17522, -4.5, 1.0, -1.0, 5.0, 8, 0, i.charAt(), -1.0
9, 17523, -4.5, 1.0, -0.5, 0.0, 9, 0, charAt(), -2.5
9, 17524, -4.5, 1.0, -0.5, 0.5, 9, 0, charAt(), -2.5
9, 17525, -4.5, 1.0, -0.5, 1.0, 9, 0, charAt(), -2.5
9, 17526, -4.5, 1.0, -0.5, 1.5, 9, 0, charAt(), -2.5
9, 17527, -4.5, 1.0, -0.5, 2.0, 9, 0, charAt(), -2.5
9, 17528, -4.5, 1.0, -0.5, 2.5, 9, 0, charAt(), -2.5
9, 17529, -4.5, 1.0, -0.5, 3.0, 9, 0, charAt(), -2.5
9, 17530, -4.5, 1.0, -0.5, 3.5, 9, 0, charAt(), -2.5
9, 17531, -4.5, 1.0, -0.5, 4.0, 8, 0, i.charAt(), -2.0
9, 17532, -4.5, 1.0, -0.5, 4.5, 8, 0, i.charAt(), -1.5
9, 17533, -4.5, 1.0, -0.5, 5.0, 8, 0, i.charAt(), -1.0
9, 17534, -4.5, 1.0, 0.0, 0.0, 9, 0, charAt(), -2.5
9, 17535, -4.5, 1.0, 0.0, 0.5, 9, 0, charAt(), -2.5
9, 17536, -4.5, 1.0, 0.0, 1.0, 9, 0, charAt(), -2.5
9, 17537, -4.5, 1.0, 0.0, 1.5, 9, 0, charAt(), -2.5
9, 17538, -4.5, 1.0, 0.0, 2.0, 9, 0, charAt(), -2.5
9, 17539, -4.5, 1.0, 0.0, 2.5, 9, 0, charAt(), -2.5
9, 17540, -4.5, 1.0, 0.0, 3.0, 9, 0, charAt(), -2.5
9, 17541, -4.5, 1.0, 0.0, 3.5, 9, 0, charAt(), -2.5
9, 17542, -4.5, 1.0, 0.0, 4.0, 8, 0, i.charAt(), -2.0
9, 17543, -4.5, 1.0, 0.0, 4.5, 8, 0, i.charAt(), -1.5
9, 17544, -4.5, 1.0, 0.0, 5.0, 8, 0, i.charAt(), -1.0
9, 17545, -4.0, 1.0, -5.0, 0.0, 9, 0, charAt(), -2.0
9, 17546, -4.0, 1.0, -5.0, 0.5, 9, 0, charAt(), -2.0
9, 17547, -4.0, 1.0, -5.0, 1.0, 9, 0, charAt(), -2.0
9, 17548, -4.0, 1.0, -5.0, 1.5, 9, 0, charAt(), -2.0
9, 17549, -4.0, 1.0, -5.0, 2.0, 9, 0, charAt(), -2.0
9, 17550, -4.0, 1.0, -5.0, 2.5, 9, 0, charAt(), -2.0
9, 17551, -4.0, 1.0, -5.0, 3.0, 9, 0, charAt(), -2.0
9, 17552, -4.0, 1.0, -5.0, 3.5, 8, 0, i.charAt(), -1.5
9, 17553, -4.0, 1.0, -5.0, 4.0, 8, 0, i.charAt(), -1.0
9, 17554, -4.0, 1.0, -5.0, 4.5, 8, 0, i.charAt(), -0.5
9, 17555, -4.0, 1.0, -5.0, 5.0, 8, 0, i.charAt(), 0.0
9, 17556, -4.0, 1.0, -4.5, 0.0, 9, 0, charAt(), -2.0
9, 17557, -4.0, 1.0, -4.5, 0.5, 9, 0, charAt(), -2.0
9, 17558, -4.0, 1.0, -4.5, 1.0, 9, 0, charAt(), -2.0
9, 17559, -4.0, 1.0, -4.5, 1.5, 9, 0, charAt(), -2.0
9, 17560, -4.0, 1.0, -4.5, 2.0, 9, 0, charAt(), -2.0
9, 17561, -4.0, 1.0, -4.5, 2.5, 9, 0, charAt(), -2.0
9, 17562, -4.0, 1.0, -4.5, 3.0, 9, 0, charAt(), -2.0
9, 17563, -4.0, 1.0, -4.5, 3.5, 8, 0, i.charAt(), -1.5
9, 17564, -4.0, 1.0, -4.5, 4.0, 8, 0, i.charAt(), -1.0
9, 17565, -4.0, 1.0, -4.5, 4.5, 8, 0, i.charAt(), -0.5
9, 17566, -4.0, 1.0, -4.5, 5.0, 8, 0, i.charAt(), 0.0
9, 17567, -4.0, 1.0, -4.0, 0.0, 9, 0, charAt(), -2.0
9, 17568, -4.0, 1.0, -4.0, 0.5, 9, 0, charAt(), -2.0
9, 17569, -4.0, 1.0, -4.0, 1.0, 9, 0, charAt(), -2.0
9, 17570, -4.0, 1.0, -4.0, 1.5, 9, 0, charAt(), -2.0
9, 17571, -4.0, 1.0, -4.0, 2.0, 9, 0, charAt(), -2.0
9, 17572, -4.0, 1.0, -4.0, 2.5, 9, 0, charAt(), -2.0
9, 17573, -4.0, 1.0, -4.0, 3.0, 9, 0, charAt(), -2.0
9, 17574, -4.0, 1.0, -4.0, 3.5, 8, 0, i.charAt(), -1.5
9, 17575, -4.0, 1.0, -4.0, 4.0, 8, 0, i.charAt(), -1.0
9, 17576, -4.0, 1.0, -4.0, 4.5, 8, 0, i.charAt(), -0.5
9, 17577, -4.0, 1.0, -4.0, 5.0, 8, 0, i.charAt(), 0.0
9, 17578, -4.0, 1.0, -3.5, 0.0, 9, 0, charAt(), -2.0
9, 17579, -4.0, 1.0, -3.5, 0.5, 9, 0, charAt(), -2.0
9, 17580, -4.0, 1.0, -3.5, 1.0, 9, 0, charAt(), -2.0
9, 17581, -4.0, 1.0, -3.5, 1.5, 9, 0, charAt(), -2.0
9, 17582, -4.0, 1.0, -3.5, 2.0, 9, 0, charAt(), -2.0
9, 17583, -4.0, 1.0, -3.5, 2.5, 9, 0, charAt(), -2.0
9, 17584, -4.0, 1.0, -3.5, 3.0, 9, 0, charAt(), -2.0
9, 17585, -4.0, 1.0, -3.5, 3.5, 8, 0, i.charAt(), -1.5
9, 17586, -4.0, 1.0, -3.5, 4.0, 8, 0, i.charAt(), -1.0
9, 17587, -4.0, 1.0, -3.5, 4.5, 8, 0, i.charAt(), -0.5
9, 17588, -4.0, 1.0, -3.5, 5.0, 8, 0, i.charAt(), 0.0
9, 17589, -4.0, 1.0, -3.0, 0.0, 9, 0, charAt(), -2.0
9, 17590, -4.0, 1.0, -3.0, 0.5, 9, 0, charAt(), -2.0
9, 17591, -4.0, 1.0, -3.0, 1.0, 9, 0, charAt(), -2.0
9, 17592, -4.0, 1.0, -3.0, 1.5, 9, 0, charAt(), -2.0
9, 17593, -4.0, 1.0, -3.0, 2.0, 9, 0, charAt(), -2.0
9, 17594, -4.0, 1.0, -3.0, 2.5, 9, 0, charAt(), -2.0
9, 17595, -4.0, 1.0, -3.0, 3.0, 9, 0, charAt(), -2.0
9, 17596, -4.0, 1.0, -3.0, 3.5, 8, 0, i.charAt(), -1.5
9, 17597, -4.0, 1.0, -3.0, 4.0, 8, 0, i.charAt(), -1.0
9, 17598, -4.0, 1.0, -3.0, 4.5, 8, 0, i.charAt(), -0.5
9, 17599, -4.0, 1.0, -3.0, 5.0, 8, 0, i.charAt(), 0.0
9, 17600, -4.0, 1.0, -2.5, 0.0, 9, 0, charAt(), -2.0
9, 17601, -4.0, 1.0, -2.5, 0.5, 9, 0, charAt(), -2.0
9, 17602, -4.0, 1.0, -2.5, 1.0, 9, 0, charAt(), -2.0
9, 17603, -4.0, 1.0, -2.5, 1.5, 9, 0, charAt(), -2.0
9, 17604, -4.0, 1.0, -2.5, 2.0, 9, 0, charAt(), -2.0
9, 17605, -4.0, 1.0, -2.5, 2.5, 9, 0, charAt(), -2.0
9, 17606, -4.0, 1.0, -2.5, 3.0, 9, 0, charAt(), -2.0
9, 17607, -4.0, 1.0, -2.5, 3.5, 8, 0, i.charAt(), -1.5
9, 17608, -4.0, 1.0, -2.5, 4.0, 8, 0, i.charAt(), -1.0
9, 17609, -4.0, 1.0, -2.5, 4.5, 8, 0, i.charAt(), -0.5
9, 17610, -4.0, 1.0, -2.5, 5.0, 8, 0, i.charAt(), 0.0
9, 17611, -4.0, 1.0, -2.0, 0.0, 9, 0, charAt(), -2.0
9, 17612, -4.0, 1.0, -2.0, 0.5, 9, 0, charAt(), -2.0
9, 17613, -4.0, 1.0, -2.0, 1.0, 9, 0, charAt(), -2.0
9, 17614, -4.0, 1.0, -2.0, 1.5, 9, 0, charAt(), -2.0
9, 17615, -4.0, 1.0, -2.0, 2.0, 9, 0, charAt(), -2.0
9, 17616, -4.0, 1.0, -2.0, 2.5, 9, 0, charAt(), -2.0
9, 17617, -4.0, 1.0, -2.0, 3.0, 9, 0, charAt(), -2.0
9, 17618, -4.0, 1.0, -2.0, 3.5, 8, 0, i.charAt(), -1.5
9, 17619, -4.0, 1.0, -2.0, 4.0, 8, 0, i.charAt(), -1.0
9, 17620, -4.0, 1.0, -2.0, 4.5, 8, 0, i.charAt(), -0.5
9, 17621, -4.0, 1.0, -2.0, 5.0, 8, 0, i.charAt(), 0.0
9, 17622, -4.0, 1.0, -1.5, 0.0, 9, 0, charAt(), -2.0
9, 17623, -4.0, 1.0, -1.5, 0.5, 9, 0, charAt(), -2.0
9, 17624, -4.0, 1.0, -1.5, 1.0, 9, 0, charAt(), -2.0
9, 17625, -4.0, 1.0, -1.5, 1.5, 9, 0, charAt(), -2.0
9, 17626, -4.0, 1.0, -1.5, 2.0, 9, 0, charAt(), -2.0
9, 17627, -4.0, 1.0, -1.5, 2.5, 9, 0, charAt(), -2.0
9, 17628, -4.0, 1.0, -1.5, 3.0, 9, 0, charAt(), -2.0
9, 17629, -4.0, 1.0, -1.5, 3.5, 8, 0, i.charAt(), -1.5
9, 17630, -4.0, 1.0, -1.5, 4.0, 8, 0, i.charAt(), -1.0
9, 17631, -4.0, 1.0, -1.5, 4.5, 8, 0, i.charAt(), -0.5
9, 17632, -4.0, 1.0, -1.5, 5.0, 8, 0, i.charAt(), 0.0
9, 17633, -4.0, 1.0, -1.0, 0.0, 9, 0, charAt(), -2.0
9, 17634, -4.0, 1.0, -1.0, 0.5, 9, 0, charAt(), -2.0
9, 17635, -4.0, 1.0, -1.0, 1.0, 9, 0, charAt(), -2.0
9, 17636, -4.0, 1.0, -1.0, 1.5, 9, 0, charAt(), -2.0
9, 17637, -4.0, 1.0, -1.0, 2.0, 9, 0, charAt(), -2.0
9, 17638, -4.0, 1.0, -1.0, 2.5, 9, 0, charAt(), -2.0
9, 17639, -4.0, 1.0, -1.0, 3.0, 9, 0, charAt(), -2.0
9, 17640, -4.0, 1.0, -1.0, 3.5, 8, 0, i.charAt(), -1.5
9, 17641, -4.0, 1.0, -1.0, 4.0, 8, 0, i.charAt(), -1.0
9, 17642, -4.0, 1.0, -1.0, 4.5, 8, 0, i.charAt(), -0.5
9, 17643, -4.0, 1.0, -1.0, 5.0, 8, 0, i.charAt(), 0.0
9, 17644, -4.0, 1.0, -0.5, 0.0, 9, 0, charAt(), -2.0
9, 17645, -4.0, 1.0, -0.5, 0.5, 9, 0, charAt(), -2.0
9, 17646, -4.0, 1.0, -0.5, 1.0, 9, 0, charAt(), -2.0
9, 17647, -4.0, 1.0, -0.5, 1.5, 9, 0, charAt(), -2.0
9, 17648, -4.0, 1.0, -0.5, 2.0, 9, 0, charAt(), -2.0
9, 17649, -4.0, 1.0, -0.5, 2.5, 9, 0, charAt(), -2.0
9, 17650, -4.0, 1.0, -0.5, 3.0, 9, 0, charAt(), -2.0
9, 17651, -4.0, 1.0, -0.5, 3.5, 8, 0, i.charAt(), -1.5
9, 17652, -4.0, 1.0, -0.5, 4.0, 8, 0, i.charAt(), -1.0
9, 17653, -4.0, 1.0, -0.5, 4.5, 8, 0, i.charAt(), -0.5
9, 17654, -4.0, 1.0, -0.5, 5.0, 8, 0, i.charAt(), 0.0
9, 17655, -4.0, 1.0, 0.0, 0.0, 9, 0, charAt(), -2.0
9, 17656, -4.0, 1.0, 0.0, 0.5, 9, 0, charAt(), -2.0
9, 17657, -4.0, 1.0, 0.0, 1.0, 9, 0, charAt(), -2.0
9, 17658, -4.0, 1.0, 0.0, 1.5, 9, 0, charAt(), -2.0
9, 17659, -4.0, 1.0, 0.0, 2.0, 9, 0, charAt(), -2.0
9, 17660, -4.0, 1.0, 0.0, 2.5, 9, 0, charAt(), -2.0
9, 17661, -4.0, 1.0, 0.0, 3.0, 9, 0, charAt(), -2.0
9, 17662, -4.0, 1.0, 0.0, 3.5, 8, 0, i.charAt(), -1.5
9, 17663, -4.0, 1.0, 0.0, 4.0, 8, 0, i.charAt(), -1.0
9, 17664, -4.0, 1.0, 0.0, 4.5, 8, 0, i.charAt(), -0.5
9, 17665, -4.0, 1.0, 0.0, 5.0, 8, 0, i.charAt(), 0.0
9, 17666, -3.5, 1.0, -5.0, 0.0, 9, 0, charAt(), -1.5
9, 17667, -3.5, 1.0, -5.0, 0.5, 9, 0, charAt(), -1.5
9, 17668, -3.5, 1.0, -5.0, 1.0, 9, 0, charAt(), -1.5
9, 17669, -3.5, 1.0, -5.0, 1.5, 9, 0, charAt(), -1.5
9, 17670, -3.5, 1.0, -5.0, 2.0, 9, 0, charAt(), -1.5
9, 17671, -3.5, 1.0, -5.0, 2.5, 9, 0, charAt(), -1.5
9, 17672, -3.5, 1.0, -5.0, 3.0, 8, 0, i.charAt(), -1.0
9, 17673, -3.5, 1.0, -5.0, 3.5, 8, 0, i.charAt(), -0.5
9, 17674, -3.5, 1.0, -5.0, 4.0, 8, 0, i.charAt(), 0.0
9, 17675, -3.5, 1.0, -5.0, 4.5, 0, 0, message.charAt(i), 2.5
9, 17676, -3.5, 1.0, -5.0, 5.0, 0, 0, message.charAt(i), 3.5
9, 17677, -3.5, 1.0, -4.5, 0.0, 9, 0, charAt(), -1.5
9, 17678, -3.5, 1.0, -4.5, 0.5, 9, 0, charAt(), -1.5
9, 17679, -3.5, 1.0, -4.5, 1.0, 9, 0, charAt(), -1.5
9, 17680, -3.5, 1.0, -4.5, 1.5, 9, 0, charAt(), -1.5
9, 17681, -3.5, 1.0, -4.5, 2.0, 9, 0, charAt(), -1.5
9, 17682, -3.5, 1.0, -4.5, 2.5, 9, 0, charAt(), -1.5
9, 17683, -3.5, 1.0, -4.5, 3.0, 8, 0, i.charAt(), -1.0
9, 17684, -3.5, 1.0, -4.5, 3.5, 8, 0, i.charAt(), -0.5
9, 17685, -3.5, 1.0, -4.5, 4.0, 8, 0, i.charAt(), 0.0
9, 17686, -3.5, 1.0, -4.5, 4.5, 0, 0, message.charAt(i), 2.5
9, 17687, -3.5, 1.0, -4.5, 5.0, 0, 0, message.charAt(i), 3.5
9, 17688, -3.5, 1.0, -4.0, 0.0, 9, 0, charAt(), -1.5
9, 17689, -3.5, 1.0, -4.0, 0.5, 9, 0, charAt(), -1.5
9, 17690, -3.5, 1.0, -4.0, 1.0, 9, 0, charAt(), -1.5
9, 17691, -3.5, 1.0, -4.0, 1.5, 9, 0, charAt(), -1.5
9, 17692, -3.5, 1.0, -4.0, 2.0, 9, 0, charAt(), -1.5
9, 17693, -3.5, 1.0, -4.0, 2.5, 9, 0, charAt(), -1.5
9, 17694, -3.5, 1.0, -4.0, 3.0, 8, 0, i.charAt(), -1.0
9, 17695, -3.5, 1.0, -4.0, 3.5, 8, 0, i.charAt(), -0.5
9, 17696, -3.5, 1.0, -4.0, 4.0, 8, 0, i.charAt(), 0.0
9, 17697, -3.5, 1.0, -4.0, 4.5, 0, 0, message.charAt(i), 2.5
9, 17698, -3.5, 1.0, -4.0, 5.0, 0, 0, message.charAt(i), 3.5
9, 17699, -3.5, 1.0, -3.5, 0.0, 9, 0, charAt(), -1.5
9, 17700, -3.5, 1.0, -3.5, 0.5, 9, 0, charAt(), -1.5
9, 17701, -3.5, 1.0, -3.5, 1.0, 9, 0, charAt(), -1.5
9, 17702, -3.5, 1.0, -3.5, 1.5, 9, 0, charAt(), -1.5
9, 17703, -3.5, 1.0, -3.5, 2.0, 9, 0, charAt(), -1.5
9, 17704, -3.5, 1.0, -3.5, 2.5, 9, 0, charAt(), -1.5
9, 17705, -3.5, 1.0, -3.5, 3.0, 8, 0, i.charAt(), -1.0
9, 17706, -3.5, 1.0, -3.5, 3.5, 8, 0, i.charAt(), -0.5
9, 17707, -3.5, 1.0, -3.5, 4.0, 8, 0, i.charAt(), 0.0
9, 17708, -3.5, 1.0, -3.5, 4.5, 0, 0, message.charAt(i), 2.5
9, 17709, -3.5, 1.0, -3.5, 5.0, 0, 0, message.charAt(i), 3.5
9, 17710, -3.5, 1.0, -3.0, 0.0, 9, 0, charAt(), -1.5
9, 17711, -3.5, 1.0, -3.0, 0.5, 9, 0, charAt(), -1.5
9, 17712, -3.5, 1.0, -3.0, 1.0, 9, 0, charAt(), -1.5
9, 17713, -3.5, 1.0, -3.0, 1.5, 9, 0, charAt(), -1.5
9, 17714, -3.5, 1.0, -3.0, 2.0, 9, 0, charAt(), -1.5
9, 17715, -3.5, 1.0, -3.0, 2.5, 9, 0, charAt(), -1.5
9, 17716, -3.5, 1.0, -3.0, 3.0, 8, 0, i.charAt(), -1.0
9, 17717, -3.5, 1.0, -3.0, 3.5, 8, 0, i.charAt(), -0.5
9, 17718, -3.5, 1.0, -3.0, 4.0, 8, 0, i.charAt(), 0.0
9, 17719, -3.5, 1.0, -3.0, 4.5, 0, 0, message.charAt(i), 2.5
9, 17720, -3.5, 1.0, -3.0, 5.0, 0, 0, message.charAt(i), 3.5
9, 17721, -3.5, 1.0, -2.5, 0.0, 9, 0, charAt(), -1.5
9, 17722, -3.5, 1.0, -2.5, 0.5, 9, 0, charAt(), -1.5
9, 17723, -3.5, 1.0, -2.5, 1.0, 9, 0, charAt(), -1.5
9, 17724, -3.5, 1.0, -2.5, 1.5, 9, 0, charAt(), -1.5
9, 17725, -3.5, 1.0, -2.5, 2.0, 9, 0, charAt(), -1.5
9, 17726, -3.5, 1.0, -2.5, 2.5, 9, 0, charAt(), -1.5
9, 17727, -3.5, 1.0, -2.5, 3.0, 8, 0, i.charAt(), -1.0
9, 17728, -3.5, 1.0, -2.5, 3.5, 8, 0, i.charAt(), -0.5
9, 17729, -3.5, 1.0, -2.5, 4.0, 8, 0, i.charAt(), 0.0
9, 17730, -3.5, 1.0, -2.5, 4.5, 0, 0, message.charAt(i), 2.5
9, 17731, -3.5, 1.0, -2.5, 5.0, 0, 0, message.charAt(i), 3.5
9, 17732, -3.5, 1.0, -2.0, 0.0, 9, 0, charAt(), -1.5
9, 17733, -3.5, 1.0, -2.0, 0.5, 9, 0, charAt(), -1.5
9, 17734, -3.5, 1.0, -2.0, 1.0, 9, 0, charAt(), -1.5
9, 17735, -3.5, 1.0, -2.0, 1.5, 9, 0, charAt(), -1.5
9, 17736, -3.5, 1.0, -2.0, 2.0, 9, 0, charAt(), -1.5
9, 17737, -3.5, 1.0, -2.0, 2.5, 9, 0, charAt(), -1.5
9, 17738, -3.5, 1.0, -2.0, 3.0, 8, 0, i.charAt(), -1.0
9, 17739, -3.5, 1.0, -2.0, 3.5, 8, 0, i.charAt(), -0.5
9, 17740, -3.5, 1.0, -2.0, 4.0, 8, 0, i.charAt(), 0.0
9, 17741, -3.5, 1.0, -2.0, 4.5, 0, 0, message.charAt(i), 2.5
9, 17742, -3.5, 1.0, -2.0, 5.0, 0, 0, message.charAt(i), 3.5
9, 17743, -3.5, 1.0, -1.5, 0.0, 9, 0, charAt(), -1.5
9, 17744, -3.5, 1.0, -1.5, 0.5, 9, 0, charAt(), -1.5
9, 17745, -3.5, 1.0, -1.5, 1.0, 9, 0, charAt(), -1.5
9, 17746, -3.5, 1.0, -1.5, 1.5, 9, 0, charAt(), -1.5
9, 17747, -3.5, 1.0, -1.5, 2.0, 9, 0, charAt(), -1.5
9, 17748, -3.5, 1.0, -1.5, 2.5, 9, 0, charAt(), -1.5
9, 17749, -3.5, 1.0, -1.5, 3.0, 8, 0, i.charAt(), -1.0
9, 17750, -3.5, 1.0, -1.5, 3.5, 8, 0, i.charAt(), -0.5
9, 17751, -3.5, 1.0, -1.5, 4.0, 8, 0, i.charAt(), 0.0
9, 17752, -3.5, 1.0, -1.5, 4.5, 0, 0, message.charAt(i), 2.5
9, 17753, -3.5, 1.0, -1.5, 5.0, 0, 0, message.charAt(i), 3.5
9, 17754, -3.5, 1.0, -1.0, 0.0, 9, 0, charAt(), -1.5
9, 17755, -3.5, 1.0, -1.0, 0.5, 9, 0, charAt(), -1.5
9, 17756, -3.5, 1.0, -1.0, 1.0, 9, 0, charAt(), -1.5
9, 17757, -3.5, 1.0, -1.0, 1.5, 9, 0, charAt(), -1.5
9, 17758, -3.5, 1.0, -1.0, 2.0, 9, 0, charAt(), -1.5
9, 17759, -3.5, 1.0, -1.0, 2.5, 9, 0, charAt(), -1.5
9, 17760, -3.5, 1.0, -1.0, 3.0, 8, 0, i.charAt(), -1.0
9, 17761, -3.5, 1.0, -1.0, 3.5, 8, 0, i.charAt(), -0.5
9, 17762, -3.5, 1.0, -1.0, 4.0, 8, 0, i.charAt(), 0.0
9, 17763, -3.5, 1.0, -1.0, 4.5, 0, 0, message.charAt(i), 2.5
9, 17764, -3.5, 1.0, -1.0, 5.0, 0, 0, message.charAt(i), 3.5
9, 17765, -3.5, 1.0, -0.5, 0.0, 9, 0, charAt(), -1.5
9, 17766, -3.5, 1.0, -0.5, 0.5, 9, 0, charAt(), -1.5
9, 17767, -3.5, 1.0, -0.5, 1.0, 9, 0, charAt(), -1.5
9, 17768, -3.5, 1.0, -0.5, 1.5, 9, 0, charAt(), -1.5
9, 17769, -3.5, 1.0, -0.5, 2.0, 9, 0, charAt(), -1.5
9, 17770, -3.5, 1.0, -0.5, 2.5, 9, 0, charAt(), -1.5
9, 17771, -3.5, 1.0, -0.5, 3.0, 8, 0, i.charAt(), -1.0
9, 17772, -3.5, 1.0, -0.5, 3.5, 8, 0, i.charAt(), -0.5
9, 17773, -3.5, 1.0, -0.5, 4.0, 8, 0, i.charAt(), 0.0
9, 17774, -3.5, 1.0, -0.5, 4.5, 0, 0, message.charAt(i), 2.5
9, 17775, -3.5, 1.0, -0.5, 5.0, 0, 1, message.charAt(i), 3.5
9, 17776, -3.5, 1.0, 0.0, 0.0, 9, 0, charAt(), -1.5
9, 17777, -3.5, 1.0, 0.0, 0.5, 9, 0, charAt(), -1.5
9, 17778, -3.5, 1.0, 0.0, 1.0, 9, 0, charAt(), -1.5
9, 17779, -3.5, 1.0, 0.0, 1.5, 9, 0, charAt(), -1.5
9, 17780, -3.5, 1.0, 0.0, 2.0, 9, 0, charAt(), -1.5
9, 17781, -3.5, 1.0, 0.0, 2.5, 9, 0, charAt(), -1.5
9, 17782, -3.5, 1.0, 0.0, 3.0, 8, 0, i.charAt(), -1.0
9, 17783, -3.5, 1.0, 0.0, 3.5, 8, 0, i.charAt(), -0.5
9, 17784, -3.5, 1.0, 0.0, 4.0, 8, 0, i.charAt(), 0.0
9, 17785, -3.5, 1.0, 0.0, 4.5, 0, 0, message.charAt(i), 2.5
9, 17786, -3.5, 1.0, 0.0, 5.0, 16, 9, Character.MIN_VALUE, -2.5
9, 17787, -3.0, 1.0, -5.0, 0.0, 9, 0, charAt(), -1.0
9, 17788, -3.0, 1.0, -5.0, 0.5, 9, 0, charAt(), -1.0
9, 17789, -3.0, 1.0, -5.0, 1.0, 9, 0, charAt(), -1.0
9, 17790, -3.0, 1.0, -5.0, 1.5, 9, 0, charAt(), -1.0
9, 17791, -3.0, 1.0, -5.0, 2.0, 9, 0, charAt(), -1.0
9, 17792, -3.0, 1.0, -5.0, 2.5, 8, 0, i.charAt(), -0.5
9, 17793, -3.0, 1.0, -5.0, 3.0, 8, 0, i.charAt(), 0.0
9, 17794, -3.0, 1.0, -5.0, 3.5, 0, 0, message.charAt(i), 2.0
9, 17795, -3.0, 1.0, -5.0, 4.0, 0, 0, message.charAt(i), 3.0
9, 17796, -3.0, 1.0, -5.0, 4.5, 0, 0, message.charAt(i), 4.0
9, 17797, -3.0, 1.0, -5.0, 5.0, 0, 0, message.charAt(i), 5.0
9, 17798, -3.0, 1.0, -4.5, 0.0, 9, 0, charAt(), -1.0
9, 17799, -3.0, 1.0, -4.5, 0.5, 9, 0, charAt(), -1.0
9, 17800, -3.0, 1.0, -4.5, 1.0, 9, 0, charAt(), -1.0
9, 17801, -3.0, 1.0, -4.5, 1.5, 9, 0, charAt(), -1.0
9, 17802, -3.0, 1.0, -4.5, 2.0, 9, 0, charAt(), -1.0
9, 17803, -3.0, 1.0, -4.5, 2.5, 8, 0, i.charAt(), -0.5
9, 17804, -3.0, 1.0, -4.5, 3.0, 8, 0, i.charAt(), 0.0
9, 17805, -3.0, 1.0, -4.5, 3.5, 0, 0, message.charAt(i), 2.0
9, 17806, -3.0, 1.0, -4.5, 4.0, 0, 0, message.charAt(i), 3.0
9, 17807, -3.0, 1.0, -4.5, 4.5, 0, 0, message.charAt(i), 4.0
9, 17808, -3.0, 1.0, -4.5, 5.0, 0, 0, message.charAt(i), 5.0
9, 17809, -3.0, 1.0, -4.0, 0.0, 9, 0, charAt(), -1.0
9, 17810, -3.0, 1.0, -4.0, 0.5, 9, 0, charAt(), -1.0
9, 17811, -3.0, 1.0, -4.0, 1.0, 9, 0, charAt(), -1.0
9, 17812, -3.0, 1.0, -4.0, 1.5, 9, 0, charAt(), -1.0
9, 17813, -3.0, 1.0, -4.0, 2.0, 9, 0, charAt(), -1.0
9, 17814, -3.0, 1.0, -4.0, 2.5, 8, 0, i.charAt(), -0.5
9, 17815, -3.0, 1.0, -4.0, 3.0, 8, 0, i.charAt(), 0.0
9, 17816, -3.0, 1.0, -4.0, 3.5, 0, 0, message.charAt(i), 2.0
9, 17817, -3.0, 1.0, -4.0, 4.0, 0, 0, message.charAt(i), 3.0
9, 17818, -3.0, 1.0, -4.0, 4.5, 0, 0, message.charAt(i), 4.0
9, 17819, -3.0, 1.0, -4.0, 5.0, 0, 0, message.charAt(i), 5.0
9, 17820, -3.0, 1.0, -3.5, 0.0, 9, 0, charAt(), -1.0
9, 17821, -3.0, 1.0, -3.5, 0.5, 9, 0, charAt(), -1.0
9, 17822, -3.0, 1.0, -3.5, 1.0, 9, 0, charAt(), -1.0
9, 17823, -3.0, 1.0, -3.5, 1.5, 9, 0, charAt(), -1.0
9, 17824, -3.0, 1.0, -3.5, 2.0, 9, 0, charAt(), -1.0
9, 17825, -3.0, 1.0, -3.5, 2.5, 8, 0, i.charAt(), -0.5
9, 17826, -3.0, 1.0, -3.5, 3.0, 8, 0, i.charAt(), 0.0
9, 17827, -3.0, 1.0, -3.5, 3.5, 0, 0, message.charAt(i), 2.0
9, 17828, -3.0, 1.0, -3.5, 4.0, 0, 0, message.charAt(i), 3.0
9, 17829, -3.0, 1.0, -3.5, 4.5, 0, 0, message.charAt(i), 4.0
9, 17830, -3.0, 1.0, -3.5, 5.0, 0, 0, message.charAt(i), 5.0
9, 17831, -3.0, 1.0, -3.0, 0.0, 9, 0, charAt(), -1.0
9, 17832, -3.0, 1.0, -3.0, 0.5, 9, 0, charAt(), -1.0
9, 17833, -3.0, 1.0, -3.0, 1.0, 9, 0, charAt(), -1.0
9, 17834, -3.0, 1.0, -3.0, 1.5, 9, 0, charAt(), -1.0
9, 17835, -3.0, 1.0, -3.0, 2.0, 9, 0, charAt(), -1.0
9, 17836, -3.0, 1.0, -3.0, 2.5, 8, 0, i.charAt(), -0.5
9, 17837, -3.0, 1.0, -3.0, 3.0, 8, 0, i.charAt(), 0.0
9, 17838, -3.0, 1.0, -3.0, 3.5, 0, 0, message.charAt(i), 2.0
9, 17839, -3.0, 1.0, -3.0, 4.0, 0, 0, message.charAt(i), 3.0
9, 17840, -3.0, 1.0, -3.0, 4.5, 0, 0, message.charAt(i), 4.0
9, 17841, -3.0, 1.0, -3.0, 5.0, 0, 0, message.charAt(i), 5.0
9, 17842, -3.0, 1.0, -2.5, 0.0, 9, 0, charAt(), -1.0
9, 17843, -3.0, 1.0, -2.5, 0.5, 9, 0, charAt(), -1.0
9, 17844, -3.0, 1.0, -2.5, 1.0, 9, 0, charAt(), -1.0
9, 17845, -3.0, 1.0, -2.5, 1.5, 9, 0, charAt(), -1.0
9, 17846, -3.0, 1.0, -2.5, 2.0, 9, 0, charAt(), -1.0
9, 17847, -3.0, 1.0, -2.5, 2.5, 8, 0, i.charAt(), -0.5
9, 17848, -3.0, 1.0, -2.5, 3.0, 8, 0, i.charAt(), 0.0
9, 17849, -3.0, 1.0, -2.5, 3.5, 0, 0, message.charAt(i), 2.0
9, 17850, -3.0, 1.0, -2.5, 4.0, 0, 0, message.charAt(i), 3.0
9, 17851, -3.0, 1.0, -2.5, 4.5, 0, 0, message.charAt(i), 4.0
9, 17852, -3.0, 1.0, -2.5, 5.0, 0, 1, message.charAt(i), 5.0
9, 17853, -3.0, 1.0, -2.0, 0.0, 9, 0, charAt(), -1.0
9, 17854, -3.0, 1.0, -2.0, 0.5, 9, 0, charAt(), -1.0
9, 17855, -3.0, 1.0, -2.0, 1.0, 9, 0, charAt(), -1.0
9, 17856, -3.0, 1.0, -2.0, 1.5, 9, 0, charAt(), -1.0
9, 17857, -3.0, 1.0, -2.0, 2.0, 9, 0, charAt(), -1.0
9, 17858, -3.0, 1.0, -2.0, 2.5, 8, 0, i.charAt(), -0.5
9, 17859, -3.0, 1.0, -2.0, 3.0, 8, 0, i.charAt(), 0.0
9, 17860, -3.0, 1.0, -2.0, 3.5, 0, 0, message.charAt(i), 2.0
9, 17861, -3.0, 1.0, -2.0, 4.0, 0, 0, message.charAt(i), 3.0
9, 17862, -3.0, 1.0, -2.0, 4.5, 0, 0, message.charAt(i), 4.0
9, 17863, -3.0, 1.0, -2.0, 5.0, 0, 1, message.charAt(i), 5.0
9, 17864, -3.0, 1.0, -1.5, 0.0, 9, 0, charAt(), -1.0
9, 17865, -3.0, 1.0, -1.5, 0.5, 9, 0, charAt(), -1.0
9, 17866, -3.0, 1.0, -1.5, 1.0, 9, 0, charAt(), -1.0
9, 17867, -3.0, 1.0, -1.5, 1.5, 9, 0, charAt(), -1.0
9, 17868, -3.0, 1.0, -1.5, 2.0, 9, 0, charAt(), -1.0
9, 17869, -3.0, 1.0, -1.5, 2.5, 8, 0, i.charAt(), -0.5
9, 17870, -3.0, 1.0, -1.5, 3.0, 8, 0, i.charAt(), 0.0
9, 17871, -3.0, 1.0, -1.5, 3.5, 0, 0, message.charAt(i), 2.0
9, 17872, -3.0, 1.0, -1.5, 4.0, 0, 0, message.charAt(i), 3.0
9, 17873, -3.0, 1.0, -1.5, 4.5, 0, 0, message.charAt(i), 4.0
9, 17874, -3.0, 1.0, -1.5, 5.0, 0, 1, message.charAt(i), 5.0
9, 17875, -3.0, 1.0, -1.0, 0.0, 9, 0, charAt(), -1.0
9, 17876, -3.0, 1.0, -1.0, 0.5, 9, 0, charAt(), -1.0
9, 17877, -3.0, 1.0, -1.0, 1.0, 9, 0, charAt(), -1.0
9, 17878, -3.0, 1.0, -1.0, 1.5, 9, 0, charAt(), -1.0
9, 17879, -3.0, 1.0, -1.0, 2.0, 9, 0, charAt(), -1.0
9, 17880, -3.0, 1.0, -1.0, 2.5, 8, 0, i.charAt(), -0.5
9, 17881, -3.0, 1.0, -1.0, 3.0, 8, 0, i.charAt(), 0.0
9, 17882, -3.0, 1.0, -1.0, 3.5, 0, 0, message.charAt(i), 2.0
9, 17883, -3.0, 1.0, -1.0, 4.0, 0, 0, message.charAt(i), 3.0
9, 17884, -3.0, 1.0, -1.0, 4.5, 0, 1, message.charAt(i), 4.0
9, 17885, -3.0, 1.0, -1.0, 5.0, 0, 1, message.charAt(i), 5.0
9, 17886, -3.0, 1.0, -0.5, 0.0, 9, 0, charAt(), -1.0
9, 17887, -3.0, 1.0, -0.5, 0.5, 9, 0, charAt(), -1.0
9, 17888, -3.0, 1.0, -0.5, 1.0, 9, 0, charAt(), -1.0
9, 17889, -3.0, 1.0, -0.5, 1.5, 9, 0, charAt(), -1.0
9, 17890, -3.0, 1.0, -0.5, 2.0, 9, 0, charAt(), -1.0
9, 17891, -3.0, 1.0, -0.5, 2.5, 8, 0, i.charAt(), -0.5
9, 17892, -3.0, 1.0, -0.5, 3.0, 8, 0, i.charAt(), 0.0
9, 17893, -3.0, 1.0, -0.5, 3.5, 0, 0, message.charAt(i), 2.0
9, 17894, -3.0, 1.0, -0.5, 4.0, 0, 0, message.charAt(i), 3.0
9, 17895, -3.0, 1.0, -0.5, 4.5, 0, 1, message.charAt(i), 4.0
9, 17896, -3.0, 1.0, -0.5, 5.0, 12, 6, message.charAt(i).charValue(), 1.5
9, 17897, -3.0, 1.0, 0.0, 0.0, 9, 0, charAt(), -1.0
9, 17898, -3.0, 1.0, 0.0, 0.5, 9, 0, charAt(), -1.0
9, 17899, -3.0, 1.0, 0.0, 1.0, 9, 0, charAt(), -1.0
9, 17900, -3.0, 1.0, 0.0, 1.5, 9, 0, charAt(), -1.0
9, 17901, -3.0, 1.0, 0.0, 2.0, 9, 0, charAt(), -1.0
9, 17902, -3.0, 1.0, 0.0, 2.5, 8, 0, i.charAt(), -0.5
9, 17903, -3.0, 1.0, 0.0, 3.0, 8, 0, i.charAt(), 0.0
9, 17904, -3.0, 1.0, 0.0, 3.5, 0, 0, message.charAt(i), 2.0
9, 17905, -3.0, 1.0, 0.0, 4.0, 0, 0, message.charAt(i), 3.0
9, 17906, -3.0, 1.0, 0.0, 4.5, 15, 9, new Character(message.charAt(i)), 1.0
9, 17907, -3.0, 1.0, 0.0, 5.0, 23, 9, Character.toUpperCase(message.charAt(i)), 2.0
9, 17908, -2.5, 1.0, -5.0, 0.0, 9, 0, charAt(), -0.5
9, 17909, -2.5, 1.0, -5.0, 0.5, 9, 0, charAt(), -0.5
9, 17910, -2.5, 1.0, -5.0, 1.0, 9, 0, charAt(), -0.5
9, 17911, -2.5, 1.0, -5.0, 1.5, 9, 0, charAt(), -0.5
9, 17912, -2.5, 1.0, -5.0, 2.0, 8, 0, i.charAt(), 0.0
9, 17913, -2.5, 1.0, -5.0, 2.5, 0, 0, message.charAt(i), 1.5
9, 17914, -2.5, 1.0, -5.0, 3.0, 0, 0, message.charAt(i), 2.5
9, 17915, -2.5, 1.0, -5.0, 3.5, 0, 0, message.charAt(i), 3.5
9, 17916, -2.5, 1.0, -5.0, 4.0, 0, 0, message.charAt(i), 4.5
9, 17917, -2.5, 1.0, -5.0, 4.5, 0, 0, message.charAt(i), 5.5
9, 17918, -2.5, 1.0, -5.0, 5.0, 0, 0, message.charAt(i), 6.5
9, 17919, -2.5, 1.0, -4.5, 0.0, 9, 0, charAt(), -0.5
9, 17920, -2.5, 1.0, -4.5, 0.5, 9, 0, charAt(), -0.5
9, 17921, -2.5, 1.0, -4.5, 1.0, 9, 0, charAt(), -0.5
9, 17922, -2.5, 1.0, -4.5, 1.5, 9, 0, charAt(), -0.5
9, 17923, -2.5, 1.0, -4.5, 2.0, 8, 0, i.charAt(), 0.0
9, 17924, -2.5, 1.0, -4.5, 2.5, 0, 0, message.charAt(i), 1.5
9, 17925, -2.5, 1.0, -4.5, 3.0, 0, 0, message.charAt(i), 2.5
9, 17926, -2.5, 1.0, -4.5, 3.5, 0, 0, message.charAt(i), 3.5
9, 17927, -2.5, 1.0, -4.5, 4.0, 0, 0, message.charAt(i), 4.5
9, 17928, -2.5, 1.0, -4.5, 4.5, 0, 0, message.charAt(i), 5.5
9, 17929, -2.5, 1.0, -4.5, 5.0, 0, 1, message.charAt(i), 6.5
9, 17930, -2.5, 1.0, -4.0, 0.0, 9, 0, charAt(), -0.5
9, 17931, -2.5, 1.0, -4.0, 0.5, 9, 0, charAt(), -0.5
9, 17932, -2.5, 1.0, -4.0, 1.0, 9, 0, charAt(), -0.5
9, 17933, -2.5, 1.0, -4.0, 1.5, 9, 0, charAt(), -0.5
9, 17934, -2.5, 1.0, -4.0, 2.0, 8, 0, i.charAt(), 0.0
9, 17935, -2.5, 1.0, -4.0, 2.5, 0, 0, message.charAt(i), 1.5
9, 17936, -2.5, 1.0, -4.0, 3.0, 0, 0, message.charAt(i), 2.5
9, 17937, -2.5, 1.0, -4.0, 3.5, 0, 0, message.charAt(i), 3.5
9, 17938, -2.5, 1.0, -4.0, 4.0, 0, 0, message.charAt(i), 4.5
9, 17939, -2.5, 1.0, -4.0, 4.5, 0, 0, message.charAt(i), 5.5
9, 17940, -2.5, 1.0, -4.0, 5.0, 0, 1, message.charAt(i), 6.5
9, 17941, -2.5, 1.0, -3.5, 0.0, 9, 0, charAt(), -0.5
9, 17942, -2.5, 1.0, -3.5, 0.5, 9, 0, charAt(), -0.5
9, 17943, -2.5, 1.0, -3.5, 1.0, 9, 0, charAt(), -0.5
9, 17944, -2.5, 1.0, -3.5, 1.5, 9, 0, charAt(), -0.5
9, 17945, -2.5, 1.0, -3.5, 2.0, 8, 0, i.charAt(), 0.0
9, 17946, -2.5, 1.0, -3.5, 2.5, 0, 0, message.charAt(i), 1.5
9, 17947, -2.5, 1.0, -3.5, 3.0, 0, 0, message.charAt(i), 2.5
9, 17948, -2.5, 1.0, -3.5, 3.5, 0, 0, message.charAt(i), 3.5
9, 17949, -2.5, 1.0, -3.5, 4.0, 0, 0, message.charAt(i), 4.5
9, 17950, -2.5, 1.0, -3.5, 4.5, 0, 0, message.charAt(i), 5.5
9, 17951, -2.5, 1.0, -3.5, 5.0, 0, 1, message.charAt(i), 6.5
9, 17952, -2.5, 1.0, -3.0, 0.0, 9, 0, charAt(), -0.5
9, 17953, -2.5, 1.0, -3.0, 0.5, 9, 0, charAt(), -0.5
9, 17954, -2.5, 1.0, -3.0, 1.0, 9, 0, charAt(), -0.5
9, 17955, -2.5, 1.0, -3.0, 1.5, 9, 0, charAt(), -0.5
9, 17956, -2.5, 1.0, -3.0, 2.0, 8, 0, i.charAt(), 0.0
9, 17957, -2.5, 1.0, -3.0, 2.5, 0, 0, message.charAt(i), 1.5
9, 17958, -2.5, 1.0, -3.0, 3.0, 0, 0, message.charAt(i), 2.5
9, 17959, -2.5, 1.0, -3.0, 3.5, 0, 0, message.charAt(i), 3.5
9, 17960, -2.5, 1.0, -3.0, 4.0, 0, 0, message.charAt(i), 4.5
9, 17961, -2.5, 1.0, -3.0, 4.5, 0, 1, message.charAt(i), 5.5
9, 17962, -2.5, 1.0, -3.0, 5.0, 0, 1, message.charAt(i), 6.5
9, 17963, -2.5, 1.0, -2.5, 0.0, 9, 0, charAt(), -0.5
9, 17964, -2.5, 1.0, -2.5, 0.5, 9, 0, charAt(), -0.5
9, 17965, -2.5, 1.0, -2.5, 1.0, 9, 0, charAt(), -0.5
9, 17966, -2.5, 1.0, -2.5, 1.5, 9, 0, charAt(), -0.5
9, 17967, -2.5, 1.0, -2.5, 2.0, 8, 0, i.charAt(), 0.0
9, 17968, -2.5, 1.0, -2.5, 2.5, 0, 0, message.charAt(i), 1.5
9, 17969, -2.5, 1.0, -2.5, 3.0, 0, 0, message.charAt(i), 2.5
9, 17970, -2.5, 1.0, -2.5, 3.5, 0, 0, message.charAt(i), 3.5
9, 17971, -2.5, 1.0, -2.5, 4.0, 0, 0, message.charAt(i), 4.5
9, 17972, -2.5, 1.0, -2.5, 4.5, 0, 1, message.charAt(i), 5.5
9, 17973, -2.5, 1.0, -2.5, 5.0, 0, 1, message.charAt(i), 6.5
9, 17974, -2.5, 1.0, -2.0, 0.0, 9, 0, charAt(), -0.5
9, 17975, -2.5, 1.0, -2.0, 0.5, 9, 0, charAt(), -0.5
9, 17976, -2.5, 1.0, -2.0, 1.0, 9, 0, charAt(), -0.5
9, 17977, -2.5, 1.0, -2.0, 1.5, 9, 0, charAt(), -0.5
9, 17978, -2.5, 1.0, -2.0, 2.0, 8, 0, i.charAt(), 0.0
9, 17979, -2.5, 1.0, -2.0, 2.5, 0, 0, message.charAt(i), 1.5
9, 17980, -2.5, 1.0, -2.0, 3.0, 0, 0, message.charAt(i), 2.5
9, 17981, -2.5, 1.0, -2.0, 3.5, 0, 0, message.charAt(i), 3.5
9, 17982, -2.5, 1.0, -2.0, 4.0, 0, 0, message.charAt(i), 4.5
9, 17983, -2.5, 1.0, -2.0, 4.5, 0, 1, message.charAt(i), 5.5
9, 17984, -2.5, 1.0, -2.0, 5.0, 0, 1, message.charAt(i), 6.5
9, 17985, -2.5, 1.0, -1.5, 0.0, 9, 0, charAt(), -0.5
9, 17986, -2.5, 1.0, -1.5, 0.5, 9, 0, charAt(), -0.5
9, 17987, -2.5, 1.0, -1.5, 1.0, 9, 0, charAt(), -0.5
9, 17988, -2.5, 1.0, -1.5, 1.5, 9, 0, charAt(), -0.5
9, 17989, -2.5, 1.0, -1.5, 2.0, 8, 0, i.charAt(), 0.0
9, 17990, -2.5, 1.0, -1.5, 2.5, 0, 0, message.charAt(i), 1.5
9, 17991, -2.5, 1.0, -1.5, 3.0, 0, 0, message.charAt(i), 2.5
9, 17992, -2.5, 1.0, -1.5, 3.5, 0, 0, message.charAt(i), 3.5
9, 17993, -2.5, 1.0, -1.5, 4.0, 0, 1, message.charAt(i), 4.5
9, 17994, -2.5, 1.0, -1.5, 4.5, 0, 1, message.charAt(i), 5.5
9, 17995, -2.5, 1.0, -1.5, 5.0, 12, 5, message.charAt(i).charValue(), 2.5
9, 17996, -2.5, 1.0, -1.0, 0.0, 9, 0, charAt(), -0.5
9, 17997, -2.5, 1.0, -1.0, 0.5, 9, 0, charAt(), -0.5
9, 17998, -2.5, 1.0, -1.0, 1.0, 9, 0, charAt(), -0.5
9, 17999, -2.5, 1.0, -1.0, 1.5, 9, 0, charAt(), -0.5
9, 18000, -2.5, 1.0, -1.0, 2.0, 8, 0, i.charAt(), 0.0
9, 18001, -2.5, 1.0, -1.0, 2.5, 0, 0, message.charAt(i), 1.5
9, 18002, -2.5, 1.0, -1.0, 3.0, 0, 0, message.charAt(i), 2.5
9, 18003, -2.5, 1.0, -1.0, 3.5, 0, 0, message.charAt(i), 3.5
9, 18004, -2.5, 1.0, -1.0, 4.0, 0, 1, message.charAt(i), 4.5
9, 18005, -2.5, 1.0, -1.0, 4.5, 12, 5, message.charAt(i).charValue(), 2.0
9, 18006, -2.5, 1.0, -1.0, 5.0, 12, 8, message.charAt(i).charValue(), 3.0
9, 18007, -2.5, 1.0, -0.5, 0.0, 9, 0, charAt(), -0.5
9, 18008, -2.5, 1.0, -0.5, 0.5, 9, 0, charAt(), -0.5
9, 18009, -2.5, 1.0, -0.5, 1.0, 9, 0, charAt(), -0.5
9, 18010, -2.5, 1.0, -0.5, 1.5, 9, 0, charAt(), -0.5
9, 18011, -2.5, 1.0, -0.5, 2.0, 8, 0, i.charAt(), 0.0
9, 18012, -2.5, 1.0, -0.5, 2.5, 0, 0, message.charAt(i), 1.5
9, 18013, -2.5, 1.0, -0.5, 3.0, 0, 0, message.charAt(i), 2.5
9, 18014, -2.5, 1.0, -0.5, 3.5, 0, 0, message.charAt(i), 3.5
9, 18015, -2.5, 1.0, -0.5, 4.0, 12, 3, message.charAt(i).charValue(), 1.5
9, 18016, -2.5, 1.0, -0.5, 4.5, 12, 8, message.charAt(i).charValue(), 2.5
9, 18017, -2.5, 1.0, -0.5, 5.0, 12, 9, message.charAt(i).charValue(), 3.5
9, 18018, -2.5, 1.0, 0.0, 0.0, 9, 0, charAt(), -0.5
9, 18019, -2.5, 1.0, 0.0, 0.5, 9, 0, charAt(), -0.5
9, 18020, -2.5, 1.0, 0.0, 1.0, 9, 0, charAt(), -0.5
9, 18021, -2.5, 1.0, 0.0, 1.5, 9, 0, charAt(), -0.5
9, 18022, -2.5, 1.0, 0.0, 2.0, 8, 0, i.charAt(), 0.0
9, 18023, -2.5, 1.0, 0.0, 2.5, 0, 0, message.charAt(i), 1.5
9, 18024, -2.5, 1.0, 0.0, 3.0, 0, 0, message.charAt(i), 2.5
9, 18025, -2.5, 1.0, 0.0, 3.5, 12, 8, message.charAt(i).charValue(), 1.0
9, 18026, -2.5, 1.0, 0.0, 4.0, 23, 9, Character.toUpperCase(message.charAt(i)), 2.0
9, 18027, -2.5, 1.0, 0.0, 4.5, 23, 9, Character.toUpperCase(message.charAt(i)), 3.0
9, 18028, -2.5, 1.0, 0.0, 5.0, 23, 9, Character.toUpperCase(message.charAt(i)), 4.0
9, 18029, -2.0, 1.0, -5.0, 0.0, 9, 0, charAt(), 0.0
9, 18030, -2.0, 1.0, -5.0, 0.5, 9, 0, charAt(), 0.0
9, 18031, -2.0, 1.0, -5.0, 1.0, 9, 0, charAt(), 0.0
9, 18032, -2.0, 1.0, -5.0, 1.5, 0, 0, message.charAt(i), 1.0
9, 18033, -2.0, 1.0, -5.0, 2.0, 0, 0, message.charAt(i), 2.0
9, 18034, -2.0, 1.0, -5.0, 2.5, 0, 0, message.charAt(i), 3.0
9, 18035, -2.0, 1.0, -5.0, 3.0, 0, 0, message.charAt(i), 4.0
9, 18036, -2.0, 1.0, -5.0, 3.5, 0, 0, message.charAt(i), 5.0
9, 18037, -2.0, 1.0, -5.0, 4.0, 0, 0, message.charAt(i), 6.0
9, 18038, -2.0, 1.0, -5.0, 4.5, 0, 1, message.charAt(i), 7.0
9, 18039, -2.0, 1.0, -5.0, 5.0, 0, 1, message.charAt(i), 8.0
9, 18040, -2.0, 1.0, -4.5, 0.0, 9, 0, charAt(), 0.0
9, 18041, -2.0, 1.0, -4.5, 0.5, 9, 0, charAt(), 0.0
9, 18042, -2.0, 1.0, -4.5, 1.0, 9, 0, charAt(), 0.0
9, 18043, -2.0, 1.0, -4.5, 1.5, 0, 0, message.charAt(i), 1.0
9, 18044, -2.0, 1.0, -4.5, 2.0, 0, 0, message.charAt(i), 2.0
9, 18045, -2.0, 1.0, -4.5, 2.5, 0, 0, message.charAt(i), 3.0
9, 18046, -2.0, 1.0, -4.5, 3.0, 0, 0, message.charAt(i), 4.0
9, 18047, -2.0, 1.0, -4.5, 3.5, 0, 0, message.charAt(i), 5.0
9, 18048, -2.0, 1.0, -4.5, 4.0, 0, 0, message.charAt(i), 6.0
9, 18049, -2.0, 1.0, -4.5, 4.5, 0, 1, message.charAt(i), 7.0
9, 18050, -2.0, 1.0, -4.5, 5.0, 0, 1, message.charAt(i), 8.0
9, 18051, -2.0, 1.0, -4.0, 0.0, 9, 0, charAt(), 0.0
9, 18052, -2.0, 1.0, -4.0, 0.5, 9, 0, charAt(), 0.0
9, 18053, -2.0, 1.0, -4.0, 1.0, 9, 0, charAt(), 0.0
9, 18054, -2.0, 1.0, -4.0, 1.5, 0, 0, message.charAt(i), 1.0
9, 18055, -2.0, 1.0, -4.0, 2.0, 0, 0, message.charAt(i), 2.0
9, 18056, -2.0, 1.0, -4.0, 2.5, 0, 0, message.charAt(i), 3.0
9, 18057, -2.0, 1.0, -4.0, 3.0, 0, 0, message.charAt(i), 4.0
9, 18058, -2.0, 1.0, -4.0, 3.5, 0, 0, message.charAt(i), 5.0
9, 18059, -2.0, 1.0, -4.0, 4.0, 0, 0, message.charAt(i), 6.0
9, 18060, -2.0, 1.0, -4.0, 4.5, 0, 1, message.charAt(i), 7.0
9, 18061, -2.0, 1.0, -4.0, 5.0, 0, 1, message.charAt(i), 8.0
9, 18062, -2.0, 1.0, -3.5, 0.0, 9, 0, charAt(), 0.0
9, 18063, -2.0, 1.0, -3.5, 0.5, 9, 0, charAt(), 0.0
9, 18064, -2.0, 1.0, -3.5, 1.0, 9, 0, charAt(), 0.0
9, 18065, -2.0, 1.0, -3.5, 1.5, 0, 0, message.charAt(i), 1.0
9, 18066, -2.0, 1.0, -3.5, 2.0, 0, 0, message.charAt(i), 2.0
9, 18067, -2.0, 1.0, -3.5, 2.5, 0, 0, message.charAt(i), 3.0
9, 18068, -2.0, 1.0, -3.5, 3.0, 0, 0, message.charAt(i), 4.0
9, 18069, -2.0, 1.0, -3.5, 3.5, 0, 0, message.charAt(i), 5.0
9, 18070, -2.0, 1.0, -3.5, 4.0, 0, 1, message.charAt(i), 6.0
9, 18071, -2.0, 1.0, -3.5, 4.5, 0, 1, message.charAt(i), 7.0
9, 18072, -2.0, 1.0, -3.5, 5.0, 0, 1, message.charAt(i), 8.0
9, 18073, -2.0, 1.0, -3.0, 0.0, 9, 0, charAt(), 0.0
9, 18074, -2.0, 1.0, -3.0, 0.5, 9, 0, charAt(), 0.0
9, 18075, -2.0, 1.0, -3.0, 1.0, 9, 0, charAt(), 0.0
9, 18076, -2.0, 1.0, -3.0, 1.5, 0, 0, message.charAt(i), 1.0
9, 18077, -2.0, 1.0, -3.0, 2.0, 0, 0, message.charAt(i), 2.0
9, 18078, -2.0, 1.0, -3.0, 2.5, 0, 0, message.charAt(i), 3.0
9, 18079, -2.0, 1.0, -3.0, 3.0, 0, 0, message.charAt(i), 4.0
9, 18080, -2.0, 1.0, -3.0, 3.5, 0, 0, message.charAt(i), 5.0
9, 18081, -2.0, 1.0, -3.0, 4.0, 0, 1, message.charAt(i), 6.0
9, 18082, -2.0, 1.0, -3.0, 4.5, 0, 1, message.charAt(i), 7.0
9, 18083, -2.0, 1.0, -3.0, 5.0, 0, 1, message.charAt(i), 8.0
9, 18084, -2.0, 1.0, -2.5, 0.0, 9, 0, charAt(), 0.0
9, 18085, -2.0, 1.0, -2.5, 0.5, 9, 0, charAt(), 0.0
9, 18086, -2.0, 1.0, -2.5, 1.0, 9, 0, charAt(), 0.0
9, 18087, -2.0, 1.0, -2.5, 1.5, 0, 0, message.charAt(i), 1.0
9, 18088, -2.0, 1.0, -2.5, 2.0, 0, 0, message.charAt(i), 2.0
9, 18089, -2.0, 1.0, -2.5, 2.5, 0, 0, message.charAt(i), 3.0
9, 18090, -2.0, 1.0, -2.5, 3.0, 0, 0, message.charAt(i), 4.0
9, 18091, -2.0, 1.0, -2.5, 3.5, 0, 0, message.charAt(i), 5.0
9, 18092, -2.0, 1.0, -2.5, 4.0, 0, 1, message.charAt(i), 6.0
9, 18093, -2.0, 1.0, -2.5, 4.5, 0, 1, message.charAt(i), 7.0
9, 18094, -2.0, 1.0, -2.5, 5.0, 0, 1, message.charAt(i), 8.0
9, 18095, -2.0, 1.0, -2.0, 0.0, 9, 0, charAt(), 0.0
9, 18096, -2.0, 1.0, -2.0, 0.5, 9, 0, charAt(), 0.0
9, 18097, -2.0, 1.0, -2.0, 1.0, 9, 0, charAt(), 0.0
9, 18098, -2.0, 1.0, -2.0, 1.5, 0, 0, message.charAt(i), 1.0
9, 18099, -2.0, 1.0, -2.0, 2.0, 0, 0, message.charAt(i), 2.0
9, 18100, -2.0, 1.0, -2.0, 2.5, 0, 0, message.charAt(i), 3.0
9, 18101, -2.0, 1.0, -2.0, 3.0, 0, 0, message.charAt(i), 4.0
9, 18102, -2.0, 1.0, -2.0, 3.5, 0, 1, message.charAt(i), 5.0
9, 18103, -2.0, 1.0, -2.0, 4.0, 0, 1, message.charAt(i), 6.0
9, 18104, -2.0, 1.0, -2.0, 4.5, 0, 1, message.charAt(i), 7.0
9, 18105, -2.0, 1.0, -2.0, 5.0, 12, 5, message.charAt(i).charValue(), 4.0
9, 18106, -2.0, 1.0, -1.5, 0.0, 9, 0, charAt(), 0.0
9, 18107, -2.0, 1.0, -1.5, 0.5, 9, 0, charAt(), 0.0
9, 18108, -2.0, 1.0, -1.5, 1.0, 9, 0, charAt(), 0.0
9, 18109, -2.0, 1.0, -1.5, 1.5, 0, 0, message.charAt(i), 1.0
9, 18110, -2.0, 1.0, -1.5, 2.0, 0, 0, message.charAt(i), 2.0
9, 18111, -2.0, 1.0, -1.5, 2.5, 0, 0, message.charAt(i), 3.0
9, 18112, -2.0, 1.0, -1.5, 3.0, 0, 0, message.charAt(i), 4.0
9, 18113, -2.0, 1.0, -1.5, 3.5, 0, 1, message.charAt(i), 5.0
9, 18114, -2.0, 1.0, -1.5, 4.0, 0, 1, message.charAt(i), 6.0
9, 18115, -2.0, 1.0, -1.5, 4.5, 12, 6, message.charAt(i).charValue(), 3.5
9, 18116, -2.0, 1.0, -1.5, 5.0, 12, 8, message.charAt(i).charValue(), 4.5
9, 18117, -2.0, 1.0, -1.0, 0.0, 9, 0, charAt(), 0.0
9, 18118, -2.0, 1.0, -1.0, 0.5, 9, 0, charAt(), 0.0
9, 18119, -2.0, 1.0, -1.0, 1.0, 9, 0, charAt(), 0.0
9, 18120, -2.0, 1.0, -1.0, 1.5, 0, 0, message.charAt(i), 1.0
9, 18121, -2.0, 1.0, -1.0, 2.0, 0, 0, message.charAt(i), 2.0
9, 18122, -2.0, 1.0, -1.0, 2.5, 0, 0, message.charAt(i), 3.0
9, 18123, -2.0, 1.0, -1.0, 3.0, 0, 0, message.charAt(i), 4.0
9, 18124, -2.0, 1.0, -1.0, 3.5, 0, 1, message.charAt(i), 5.0
9, 18125, -2.0, 1.0, -1.0, 4.0, 12, 6, message.charAt(i).charValue(), 3.0
9, 18126, -2.0, 1.0, -1.0, 4.5, 12, 8, message.charAt(i).charValue(), 4.0
9, 18127, -2.0, 1.0, -1.0, 5.0, 12, 9, message.charAt(i).charValue(), 5.0
9, 18128, -2.0, 1.0, -0.5, 0.0, 9, 0, charAt(), 0.0
9, 18129, -2.0, 1.0, -0.5, 0.5, 9, 0, charAt(), 0.0
9, 18130, -2.0, 1.0, -0.5, 1.0, 9, 0, charAt(), 0.0
9, 18131, -2.0, 1.0, -0.5, 1.5, 0, 0, message.charAt(i), 1.0
9, 18132, -2.0, 1.0, -0.5, 2.0, 0, 0, message.charAt(i), 2.0
9, 18133, -2.0, 1.0, -0.5, 2.5, 0, 0, message.charAt(i), 3.0
9, 18134, -2.0, 1.0, -0.5, 3.0, 0, 1, message.charAt(i), 4.0
9, 18135, -2.0, 1.0, -0.5, 3.5, 12, 6, message.charAt(i).charValue(), 2.5
9, 18136, -2.0, 1.0, -0.5, 4.0, 12, 9, message.charAt(i).charValue(), 3.5
9, 18137, -2.0, 1.0, -0.5, 4.5, 12, 9, message.charAt(i).charValue(), 4.5
9, 18138, -2.0, 1.0, -0.5, 5.0, 12, 9, message.charAt(i).charValue(), 5.5
9, 18139, -2.0, 1.0, 0.0, 0.0, 9, 0, charAt(), 0.0
9, 18140, -2.0, 1.0, 0.0, 0.5, 9, 0, charAt(), 0.0
9, 18141, -2.0, 1.0, 0.0, 1.0, 9, 0, charAt(), 0.0
9, 18142, -2.0, 1.0, 0.0, 1.5, 0, 0, message.charAt(i), 1.0
9, 18143, -2.0, 1.0, 0.0, 2.0, 0, 0, message.charAt(i), 2.0
9, 18144, -2.0, 1.0, 0.0, 2.5, 0, 0, message.charAt(i), 3.0
9, 18145, -2.0, 1.0, 0.0, 3.0, 15, 9, new Character(message.charAt(i)), 2.0
9, 18146, -2.0, 1.0, 0.0, 3.5, 23, 9, Character.toUpperCase(message.charAt(i)), 3.0
9, 18147, -2.0, 1.0, 0.0, 4.0, 23, 9, Character.toUpperCase(message.charAt(i)), 4.0
9, 18148, -2.0, 1.0, 0.0, 4.5, 23, 9, Character.toUpperCase(message.charAt(i)), 5.0
9, 18149, -2.0, 1.0, 0.0, 5.0, 23, 9, Character.toUpperCase(message.charAt(i)), 6.0
9, 18150, -1.5, 1.0, -5.0, 0.0, 9, 0, charAt(), 0.5
9, 18151, -1.5, 1.0, -5.0, 0.5, 0, 0, message.charAt(i), 0.5
9, 18152, -1.5, 1.0, -5.0, 1.0, 0, 0, message.charAt(i), 1.5
9, 18153, -1.5, 1.0, -5.0, 1.5, 0, 0, message.charAt(i), 2.5
9, 18154, -1.5, 1.0, -5.0, 2.0, 0, 0, message.charAt(i), 3.5
9, 18155, -1.5, 1.0, -5.0, 2.5, 0, 0, message.charAt(i), 4.5
9, 18156, -1.5, 1.0, -5.0, 3.0, 0, 0, message.charAt(i), 5.5
9, 18157, -1.5, 1.0, -5.0, 3.5, 0, 0, message.charAt(i), 6.5
9, 18158, -1.5, 1.0, -5.0, 4.0, 0, 1, message.charAt(i), 7.5
9, 18159, -1.5, 1.0, -5.0, 4.5, 0, 1, message.charAt(i), 8.5
9, 18160, -1.5, 1.0, -5.0, 5.0, 0, 1, message.charAt(i), 9.5
9, 18161, -1.5, 1.0, -4.5, 0.0, 9, 0, charAt(), 0.5
9, 18162, -1.5, 1.0, -4.5, 0.5, 0, 0, message.charAt(i), 0.5
9, 18163, -1.5, 1.0, -4.5, 1.0, 0, 0, message.charAt(i), 1.5
9, 18164, -1.5, 1.0, -4.5, 1.5, 0, 0, message.charAt(i), 2.5
9, 18165, -1.5, 1.0, -4.5, 2.0, 0, 0, message.charAt(i), 3.5
9, 18166, -1.5, 1.0, -4.5, 2.5, 0, 0, message.charAt(i), 4.5
9, 18167, -1.5, 1.0, -4.5, 3.0, 0, 0, message.charAt(i), 5.5
9, 18168, -1.5, 1.0, -4.5, 3.5, 0, 0, message.charAt(i), 6.5
9, 18169, -1.5, 1.0, -4.5, 4.0, 0, 1, message.charAt(i), 7.5
9, 18170, -1.5, 1.0, -4.5, 4.5, 0, 1, message.charAt(i), 8.5
9, 18171, -1.5, 1.0, -4.5, 5.0, 0, 1, message.charAt(i), 9.5
9, 18172, -1.5, 1.0, -4.0, 0.0, 9, 0, charAt(), 0.5
9, 18173, -1.5, 1.0, -4.0, 0.5, 0, 0, message.charAt(i), 0.5
9, 18174, -1.5, 1.0, -4.0, 1.0, 0, 0, message.charAt(i), 1.5
9, 18175, -1.5, 1.0, -4.0, 1.5, 0, 0, message.charAt(i), 2.5
9, 18176, -1.5, 1.0, -4.0, 2.0, 0, 0, message.charAt(i), 3.5
9, 18177, -1.5, 1.0, -4.0, 2.5, 0, 0, message.charAt(i), 4.5
9, 18178, -1.5, 1.0, -4.0, 3.0, 0, 0, message.charAt(i), 5.5
9, 18179, -1.5, 1.0, -4.0, 3.5, 0, 1, message.charAt(i), 6.5
9, 18180, -1.5, 1.0, -4.0, 4.0, 0, 1, message.charAt(i), 7.5
9, 18181, -1.5, 1.0, -4.0, 4.5, 0, 1, message.charAt(i), 8.5
9, 18182, -1.5, 1.0, -4.0, 5.0, 0, 1, message.charAt(i), 9.5
9, 18183, -1.5, 1.0, -3.5, 0.0, 9, 0, charAt(), 0.5
9, 18184, -1.5, 1.0, -3.5, 0.5, 0, 0, message.charAt(i), 0.5
9, 18185, -1.5, 1.0, -3.5, 1.0, 0, 0, message.charAt(i), 1.5
9, 18186, -1.5, 1.0, -3.5, 1.5, 0, 0, message.charAt(i), 2.5
9, 18187, -1.5, 1.0, -3.5, 2.0, 0, 0, message.charAt(i), 3.5
9, 18188, -1.5, 1.0, -3.5, 2.5, 0, 0, message.charAt(i), 4.5
9, 18189, -1.5, 1.0, -3.5, 3.0, 0, 0, message.charAt(i), 5.5
9, 18190, -1.5, 1.0, -3.5, 3.5, 0, 1, message.charAt(i), 6.5
9, 18191, -1.5, 1.0, -3.5, 4.0, 0, 1, message.charAt(i), 7.5
9, 18192, -1.5, 1.0, -3.5, 4.5, 0, 1, message.charAt(i), 8.5
9, 18193, -1.5, 1.0, -3.5, 5.0, 0, 1, message.charAt(i), 9.5
9, 18194, -1.5, 1.0, -3.0, 0.0, 9, 0, charAt(), 0.5
9, 18195, -1.5, 1.0, -3.0, 0.5, 0, 0, message.charAt(i), 0.5
9, 18196, -1.5, 1.0, -3.0, 1.0, 0, 0, message.charAt(i), 1.5
9, 18197, -1.5, 1.0, -3.0, 1.5, 0, 0, message.charAt(i), 2.5
9, 18198, -1.5, 1.0, -3.0, 2.0, 0, 0, message.charAt(i), 3.5
9, 18199, -1.5, 1.0, -3.0, 2.5, 0, 0, message.charAt(i), 4.5
9, 18200, -1.5, 1.0, -3.0, 3.0, 0, 0, message.charAt(i), 5.5
9, 18201, -1.5, 1.0, -3.0, 3.5, 0, 1, message.charAt(i), 6.5
9, 18202, -1.5, 1.0, -3.0, 4.0, 0, 1, message.charAt(i), 7.5
9, 18203, -1.5, 1.0, -3.0, 4.5, 0, 1, message.charAt(i), 8.5
9, 18204, -1.5, 1.0, -3.0, 5.0, 12, 5, message.charAt(i).charValue(), 5.0
9, 18205, -1.5, 1.0, -2.5, 0.0, 9, 0, charAt(), 0.5
9, 18206, -1.5, 1.0, -2.5, 0.5, 0, 0, message.charAt(i), 0.5
9, 18207, -1.5, 1.0, -2.5, 1.0, 0, 0, message.charAt(i), 1.5
9, 18208, -1.5, 1.0, -2.5, 1.5, 0, 0, message.charAt(i), 2.5
9, 18209, -1.5, 1.0, -2.5, 2.0, 0, 0, message.charAt(i), 3.5
9, 18210, -1.5, 1.0, -2.5, 2.5, 0, 0, message.charAt(i), 4.5
9, 18211, -1.5, 1.0, -2.5, 3.0, 0, 1, message.charAt(i), 5.5
9, 18212, -1.5, 1.0, -2.5, 3.5, 0, 1, message.charAt(i), 6.5
9, 18213, -1.5, 1.0, -2.5, 4.0, 0, 1, message.charAt(i), 7.5
9, 18214, -1.5, 1.0, -2.5, 4.5, 12, 5, message.charAt(i).charValue(), 4.5
9, 18215, -1.5, 1.0, -2.5, 5.0, 12, 8, message.charAt(i).charValue(), 5.5
9, 18216, -1.5, 1.0, -2.0, 0.0, 9, 0, charAt(), 0.5
9, 18217, -1.5, 1.0, -2.0, 0.5, 0, 0, message.charAt(i), 0.5
9, 18218, -1.5, 1.0, -2.0, 1.0, 0, 0, message.charAt(i), 1.5
9, 18219, -1.5, 1.0, -2.0, 1.5, 0, 0, message.charAt(i), 2.5
9, 18220, -1.5, 1.0, -2.0, 2.0, 0, 0, message.charAt(i), 3.5
9, 18221, -1.5, 1.0, -2.0, 2.5, 0, 0, message.charAt(i), 4.5
9, 18222, -1.5, 1.0, -2.0, 3.0, 0, 1, message.charAt(i), 5.5
9, 18223, -1.5, 1.0, -2.0, 3.5, 0, 1, message.charAt(i), 6.5
9, 18224, -1.5, 1.0, -2.0, 4.0, 12, 5, message.charAt(i).charValue(), 4.0
9, 18225, -1.5, 1.0, -2.0, 4.5, 12, 8, message.charAt(i).charValue(), 5.0
9, 18226, -1.5, 1.0, -2.0, 5.0, 12, 8, message.charAt(i).charValue(), 6.0
9, 18227, -1.5, 1.0, -1.5, 0.0, 9, 0, charAt(), 0.5
9, 18228, -1.5, 1.0, -1.5, 0.5, 0, 0, message.charAt(i), 0.5
9, 18229, -1.5, 1.0, -1.5, 1.0, 0, 0, message.charAt(i), 1.5
9, 18230, -1.5, 1.0, -1.5, 1.5, 0, 0, message.charAt(i), 2.5
9, 18231, -1.5, 1.0, -1.5, 2.0, 0, 0, message.charAt(i), 3.5
9, 18232, -1.5, 1.0, -1.5, 2.5, 0, 0, message.charAt(i), 4.5
9, 18233, -1.5, 1.0, -1.5, 3.0, 0, 1, message.charAt(i), 5.5
9, 18234, -1.5, 1.0, -1.5, 3.5, 12, 5, message.charAt(i).charValue(), 3.5
9, 18235, -1.5, 1.0, -1.5, 4.0, 12, 8, message.charAt(i).charValue(), 4.5
9, 18236, -1.5, 1.0, -1.5, 4.5, 12, 8, message.charAt(i).charValue(), 5.5
9, 18237, -1.5, 1.0, -1.5, 5.0, 12, 8, message.charAt(i).charValue(), 6.5
9, 18238, -1.5, 1.0, -1.0, 0.0, 9, 0, charAt(), 0.5
9, 18239, -1.5, 1.0, -1.0, 0.5, 0, 0, message.charAt(i), 0.5
9, 18240, -1.5, 1.0, -1.0, 1.0, 0, 0, message.charAt(i), 1.5
9, 18241, -1.5, 1.0, -1.0, 1.5, 0, 0, message.charAt(i), 2.5
9, 18242, -1.5, 1.0, -1.0, 2.0, 0, 0, message.charAt(i), 3.5
9, 18243, -1.5, 1.0, -1.0, 2.5, 0, 1, message.charAt(i), 4.5
9, 18244, -1.5, 1.0, -1.0, 3.0, 12, 5, message.charAt(i).charValue(), 3.0
9, 18245, -1.5, 1.0, -1.0, 3.5, 12, 8, message.charAt(i).charValue(), 4.0
9, 18246, -1.5, 1.0, -1.0, 4.0, 12, 8, message.charAt(i).charValue(), 5.0
9, 18247, -1.5, 1.0, -1.0, 4.5, 12, 9, message.charAt(i).charValue(), 6.0
9, 18248, -1.5, 1.0, -1.0, 5.0, 12, 9, message.charAt(i).charValue(), 7.0
9, 18249, -1.5, 1.0, -0.5, 0.0, 9, 0, charAt(), 0.5
9, 18250, -1.5, 1.0, -0.5, 0.5, 0, 0, message.charAt(i), 0.5
9, 18251, -1.5, 1.0, -0.5, 1.0, 0, 0, message.charAt(i), 1.5
9, 18252, -1.5, 1.0, -0.5, 1.5, 0, 0, message.charAt(i), 2.5
9, 18253, -1.5, 1.0, -0.5, 2.0, 0, 0, message.charAt(i), 3.5
9, 18254, -1.5, 1.0, -0.5, 2.5, 12, 3, message.charAt(i).charValue(), 2.5
9, 18255, -1.5, 1.0, -0.5, 3.0, 12, 8, message.charAt(i).charValue(), 3.5
9, 18256, -1.5, 1.0, -0.5, 3.5, 12, 9, message.charAt(i).charValue(), 4.5
9, 18257, -1.5, 1.0, -0.5, 4.0, 12, 9, message.charAt(i).charValue(), 5.5
9, 18258, -1.5, 1.0, -0.5, 4.5, 12, 9, message.charAt(i).charValue(), 6.5
9, 18259, -1.5, 1.0, -0.5, 5.0, 12, 9, message.charAt(i).charValue(), 7.5
9, 18260, -1.5, 1.0, 0.0, 0.0, 9, 0, charAt(), 0.5
9, 18261, -1.5, 1.0, 0.0, 0.5, 0, 0, message.charAt(i), 0.5
9, 18262, -1.5, 1.0, 0.0, 1.0, 0, 0, message.charAt(i), 1.5
9, 18263, -1.5, 1.0, 0.0, 1.5, 0, 0, message.charAt(i), 2.5
9, 18264, -1.5, 1.0, 0.0, 2.0, 12, 8, message.charAt(i).charValue(), 2.0
9, 18265, -1.5, 1.0, 0.0, 2.5, 23, 9, Character.toUpperCase(message.charAt(i)), 3.0
9, 18266, -1.5, 1.0, 0.0, 3.0, 23, 9, Character.toUpperCase(message.charAt(i)), 4.0
9, 18267, -1.5, 1.0, 0.0, 3.5, 23, 9, Character.toUpperCase(message.charAt(i)), 5.0
9, 18268, -1.5, 1.0, 0.0, 4.0, 23, 9, Character.toUpperCase(message.charAt(i)), 6.0
9, 18269, -1.5, 1.0, 0.0, 4.5, 23, 9, Character.toUpperCase(message.charAt(i)), 7.0
9, 18270, -1.5, 1.0, 0.0, 5.0, 23, 9, Character.toUpperCase(message.charAt(i)), 8.0
9, 18271, -1.0, 1.0, -5.0, 0.0, 0, 0, message.charAt(i), 1.0
9, 18272, -1.0, 1.0, -5.0, 0.5, 0, 0, message.charAt(i), 2.0
9, 18273, -1.0, 1.0, -5.0, 1.0, 0, 0, message.charAt(i), 3.0
9, 18274, -1.0, 1.0, -5.0, 1.5, 0, 0, message.charAt(i), 4.0
9, 18275, -1.0, 1.0, -5.0, 2.0, 0, 0, message.charAt(i), 5.0
9, 18276, -1.0, 1.0, -5.0, 2.5, 0, 0, message.charAt(i), 6.0
9, 18277, -1.0, 1.0, -5.0, 3.0, 0, 0, message.charAt(i), 7.0
9, 18278, -1.0, 1.0, -5.0, 3.5, 0, 1, message.charAt(i), 8.0
9, 18279, -1.0, 1.0, -5.0, 4.0, 0, 1, message.charAt(i), 9.0
9, 18280, -1.0, 1.0, -5.0, 4.5, 0, 1, message.charAt(i), 10.0
9, 18281, -1.0, 1.0, -5.0, 5.0, 0, 1, message.charAt(i), 11.0
9, 18282, -1.0, 1.0, -4.5, 0.0, 0, 0, message.charAt(i), 1.0
9, 18283, -1.0, 1.0, -4.5, 0.5, 0, 0, message.charAt(i), 2.0
9, 18284, -1.0, 1.0, -4.5, 1.0, 0, 0, message.charAt(i), 3.0
9, 18285, -1.0, 1.0, -4.5, 1.5, 0, 0, message.charAt(i), 4.0
9, 18286, -1.0, 1.0, -4.5, 2.0, 0, 0, message.charAt(i), 5.0
9, 18287, -1.0, 1.0, -4.5, 2.5, 0, 0, message.charAt(i), 6.0
9, 18288, -1.0, 1.0, -4.5, 3.0, 0, 1, message.charAt(i), 7.0
9, 18289, -1.0, 1.0, -4.5, 3.5, 0, 1, message.charAt(i), 8.0
9, 18290, -1.0, 1.0, -4.5, 4.0, 0, 1, message.charAt(i), 9.0
9, 18291, -1.0, 1.0, -4.5, 4.5, 0, 1, message.charAt(i), 10.0
9, 18292, -1.0, 1.0, -4.5, 5.0, 0, 1, message.charAt(i), 11.0
9, 18293, -1.0, 1.0, -4.0, 0.0, 0, 0, message.charAt(i), 1.0
9, 18294, -1.0, 1.0, -4.0, 0.5, 0, 0, message.charAt(i), 2.0
9, 18295, -1.0, 1.0, -4.0, 1.0, 0, 0, message.charAt(i), 3.0
9, 18296, -1.0, 1.0, -4.0, 1.5, 0, 0, message.charAt(i), 4.0
9, 18297, -1.0, 1.0, -4.0, 2.0, 0, 0, message.charAt(i), 5.0
9, 18298, -1.0, 1.0, -4.0, 2.5, 0, 0, message.charAt(i), 6.0
9, 18299, -1.0, 1.0, -4.0, 3.0, 0, 1, message.charAt(i), 7.0
9, 18300, -1.0, 1.0, -4.0, 3.5, 0, 1, message.charAt(i), 8.0
9, 18301, -1.0, 1.0, -4.0, 4.0, 0, 1, message.charAt(i), 9.0
9, 18302, -1.0, 1.0, -4.0, 4.5, 0, 1, message.charAt(i), 10.0
9, 18303, -1.0, 1.0, -4.0, 5.0, 0, 1, message.charAt(i), 11.0
9, 18304, -1.0, 1.0, -3.5, 0.0, 0, 0, message.charAt(i), 1.0
9, 18305, -1.0, 1.0, -3.5, 0.5, 0, 0, message.charAt(i), 2.0
9, 18306, -1.0, 1.0, -3.5, 1.0, 0, 0, message.charAt(i), 3.0
9, 18307, -1.0, 1.0, -3.5, 1.5, 0, 0, message.charAt(i), 4.0
9, 18308, -1.0, 1.0, -3.5, 2.0, 0, 0, message.charAt(i), 5.0
9, 18309, -1.0, 1.0, -3.5, 2.5, 0, 0, message.charAt(i), 6.0
9, 18310, -1.0, 1.0, -3.5, 3.0, 0, 1, message.charAt(i), 7.0
9, 18311, -1.0, 1.0, -3.5, 3.5, 0, 1, message.charAt(i), 8.0
9, 18312, -1.0, 1.0, -3.5, 4.0, 0, 1, message.charAt(i), 9.0
9, 18313, -1.0, 1.0, -3.5, 4.5, 0, 1, message.charAt(i), 10.0
9, 18314, -1.0, 1.0, -3.5, 5.0, 12, 5, message.charAt(i).charValue(), 6.5
9, 18315, -1.0, 1.0, -3.0, 0.0, 0, 0, message.charAt(i), 1.0
9, 18316, -1.0, 1.0, -3.0, 0.5, 0, 0, message.charAt(i), 2.0
9, 18317, -1.0, 1.0, -3.0, 1.0, 0, 0, message.charAt(i), 3.0
9, 18318, -1.0, 1.0, -3.0, 1.5, 0, 0, message.charAt(i), 4.0
9, 18319, -1.0, 1.0, -3.0, 2.0, 0, 0, message.charAt(i), 5.0
9, 18320, -1.0, 1.0, -3.0, 2.5, 0, 1, message.charAt(i), 6.0
9, 18321, -1.0, 1.0, -3.0, 3.0, 0, 1, message.charAt(i), 7.0
9, 18322, -1.0, 1.0, -3.0, 3.5, 0, 1, message.charAt(i), 8.0
9, 18323, -1.0, 1.0, -3.0, 4.0, 0, 1, message.charAt(i), 9.0
9, 18324, -1.0, 1.0, -3.0, 4.5, 12, 5, message.charAt(i).charValue(), 6.0
9, 18325, -1.0, 1.0, -3.0, 5.0, 12, 8, message.charAt(i).charValue(), 7.0
9, 18326, -1.0, 1.0, -2.5, 0.0, 0, 0, message.charAt(i), 1.0
9, 18327, -1.0, 1.0, -2.5, 0.5, 0, 0, message.charAt(i), 2.0
9, 18328, -1.0, 1.0, -2.5, 1.0, 0, 0, message.charAt(i), 3.0
9, 18329, -1.0, 1.0, -2.5, 1.5, 0, 0, message.charAt(i), 4.0
9, 18330, -1.0, 1.0, -2.5, 2.0, 0, 0, message.charAt(i), 5.0
9, 18331, -1.0, 1.0, -2.5, 2.5, 0, 1, message.charAt(i), 6.0
9, 18332, -1.0, 1.0, -2.5, 3.0, 0, 1, message.charAt(i), 7.0
9, 18333, -1.0, 1.0, -2.5, 3.5, 0, 1, message.charAt(i), 8.0
9, 18334, -1.0, 1.0, -2.5, 4.0, 12, 6, message.charAt(i).charValue(), 5.5
9, 18335, -1.0, 1.0, -2.5, 4.5, 12, 8, message.charAt(i).charValue(), 6.5
9, 18336, -1.0, 1.0, -2.5, 5.0, 12, 8, message.charAt(i).charValue(), 7.5
9, 18337, -1.0, 1.0, -2.0, 0.0, 0, 0, message.charAt(i), 1.0
9, 18338, -1.0, 1.0, -2.0, 0.5, 0, 0, message.charAt(i), 2.0
9, 18339, -1.0, 1.0, -2.0, 1.0, 0, 0, message.charAt(i), 3.0
9, 18340, -1.0, 1.0, -2.0, 1.5, 0, 0, message.charAt(i), 4.0
9, 18341, -1.0, 1.0, -2.0, 2.0, 0, 0, message.charAt(i), 5.0
9, 18342, -1.0, 1.0, -2.0, 2.5, 0, 1, message.charAt(i), 6.0
9, 18343, -1.0, 1.0, -2.0, 3.0, 0, 1, message.charAt(i), 7.0
9, 18344, -1.0, 1.0, -2.0, 3.5, 12, 6, message.charAt(i).charValue(), 5.0
9, 18345, -1.0, 1.0, -2.0, 4.0, 12, 8, message.charAt(i).charValue(), 6.0
9, 18346, -1.0, 1.0, -2.0, 4.5, 12, 8, message.charAt(i).charValue(), 7.0
9, 18347, -1.0, 1.0, -2.0, 5.0, 12, 8, message.charAt(i).charValue(), 8.0
9, 18348, -1.0, 1.0, -1.5, 0.0, 0, 0, message.charAt(i), 1.0
9, 18349, -1.0, 1.0, -1.5, 0.5, 0, 0, message.charAt(i), 2.0
9, 18350, -1.0, 1.0, -1.5, 1.0, 0, 0, message.charAt(i), 3.0
9, 18351, -1.0, 1.0, -1.5, 1.5, 0, 0, message.charAt(i), 4.0
9, 18352, -1.0, 1.0, -1.5, 2.0, 0, 1, message.charAt(i), 5.0
9, 18353, -1.0, 1.0, -1.5, 2.5, 0, 1, message.charAt(i), 6.0
9, 18354, -1.0, 1.0, -1.5, 3.0, 12, 6, message.charAt(i).charValue(), 4.5
9, 18355, -1.0, 1.0, -1.5, 3.5, 12, 8, message.charAt(i).charValue(), 5.5
9, 18356, -1.0, 1.0, -1.5, 4.0, 12, 8, message.charAt(i).charValue(), 6.5
9, 18357, -1.0, 1.0, -1.5, 4.5, 12, 9, message.charAt(i).charValue(), 7.5
9, 18358, -1.0, 1.0, -1.5, 5.0, 12, 9, message.charAt(i).charValue(), 8.5
9, 18359, -1.0, 1.0, -1.0, 0.0, 0, 0, message.charAt(i), 1.0
9, 18360, -1.0, 1.0, -1.0, 0.5, 0, 0, message.charAt(i), 2.0
9, 18361, -1.0, 1.0, -1.0, 1.0, 0, 0, message.charAt(i), 3.0
9, 18362, -1.0, 1.0, -1.0, 1.5, 0, 0, message.charAt(i), 4.0
9, 18363, -1.0, 1.0, -1.0, 2.0, 0, 1, message.charAt(i), 5.0
9, 18364, -1.0, 1.0, -1.0, 2.5, 12, 6, message.charAt(i).charValue(), 4.0
9, 18365, -1.0, 1.0, -1.0, 3.0, 12, 8, message.charAt(i).charValue(), 5.0
9, 18366, -1.0, 1.0, -1.0, 3.5, 12, 9, message.charAt(i).charValue(), 6.0
9, 18367, -1.0, 1.0, -1.0, 4.0, 12, 9, message.charAt(i).charValue(), 7.0
9, 18368, -1.0, 1.0, -1.0, 4.5, 12, 9, message.charAt(i).charValue(), 8.0
9, 18369, -1.0, 1.0, -1.0, 5.0, 12, 9, message.charAt(i).charValue(), 9.0
9, 18370, -1.0, 1.0, -0.5, 0.0, 0, 0, message.charAt(i), 1.0
9, 18371, -1.0, 1.0, -0.5, 0.5, 0, 0, message.charAt(i), 2.0
9, 18372, -1.0, 1.0, -0.5, 1.0, 0, 0, message.charAt(i), 3.0
9, 18373, -1.0, 1.0, -0.5, 1.5, 0, 0, message.charAt(i), 4.0
9, 18374, -1.0, 1.0, -0.5, 2.0, 12, 6, message.charAt(i).charValue(), 3.5
9, 18375, -1.0, 1.0, -0.5, 2.5, 12, 8, message.charAt(i).charValue(), 4.5
9, 18376, -1.0, 1.0, -0.5, 3.0, 12, 9, message.charAt(i).charValue(), 5.5
9, 18377, -1.0, 1.0, -0.5, 3.5, 12, 9, message.charAt(i).charValue(), 6.5
9, 18378, -1.0, 1.0, -0.5, 4.0, 12, 9, message.charAt(i).charValue(), 7.5
9, 18379, -1.0, 1.0, -0.5, 4.5, 12, 9, message.charAt(i).charValue(), 8.5
9, 18380, -1.0, 1.0, -0.5, 5.0, 12, 9, message.charAt(i).charValue(), 9.5
9, 18381, -1.0, 1.0, 0.0, 0.0, 16, 0, Character.MIN_VALUE, 0.0
9, 18382, -1.0, 1.0, 0.0, 0.5, 0, 0, message.charAt(i), 2.0
9, 18383, -1.0, 1.0, 0.0, 1.0, 0, 0, message.charAt(i), 3.0
9, 18384, -1.0, 1.0, 0.0, 1.5, 12, 9, message.charAt(i).charValue(), 3.0
9, 18385, -1.0, 1.0, 0.0, 2.0, 23, 9, Character.toUpperCase(message.charAt(i)), 4.0
9, 18386, -1.0, 1.0, 0.0, 2.5, 23, 9, Character.toUpperCase(message.charAt(i)), 5.0
9, 18387, -1.0, 1.0, 0.0, 3.0, 23, 9, Character.toUpperCase(message.charAt(i)), 6.0
9, 18388, -1.0, 1.0, 0.0, 3.5, 23, 9, Character.toUpperCase(message.charAt(i)), 7.0
9, 18389, -1.0, 1.0, 0.0, 4.0, 23, 9, Character.toUpperCase(message.charAt(i)), 8.0
9, 18390, -1.0, 1.0, 0.0, 4.5, 23, 9, Character.toUpperCase(message.charAt(i)), 9.0
9, 18391, -1.0, 1.0, 0.0, 5.0, 23, 9, Character.toUpperCase(message.charAt(i)), 10.0
9, 18392, -0.5, 1.0, -5.0, 0.0, 0, 0, message.charAt(i), 2.5
9, 18393, -0.5, 1.0, -5.0, 0.5, 0, 0, message.charAt(i), 3.5
9, 18394, -0.5, 1.0, -5.0, 1.0, 0, 0, message.charAt(i), 4.5
9, 18395, -0.5, 1.0, -5.0, 1.5, 0, 0, message.charAt(i), 5.5
9, 18396, -0.5, 1.0, -5.0, 2.0, 0, 0, message.charAt(i), 6.5
9, 18397, -0.5, 1.0, -5.0, 2.5, 0, 1, message.charAt(i), 7.5
9, 18398, -0.5, 1.0, -5.0, 3.0, 0, 1, message.charAt(i), 8.5
9, 18399, -0.5, 1.0, -5.0, 3.5, 0, 1, message.charAt(i), 9.5
9, 18400, -0.5, 1.0, -5.0, 4.0, 0, 1, message.charAt(i), 10.5
9, 18401, -0.5, 1.0, -5.0, 4.5, 0, 1, message.charAt(i), 11.5
9, 18402, -0.5, 1.0, -5.0, 5.0, 0, 1, message.charAt(i), 12.5
9, 18403, -0.5, 1.0, -4.5, 0.0, 0, 0, message.charAt(i), 2.5
9, 18404, -0.5, 1.0, -4.5, 0.5, 0, 0, message.charAt(i), 3.5
9, 18405, -0.5, 1.0, -4.5, 1.0, 0, 0, message.charAt(i), 4.5
9, 18406, -0.5, 1.0, -4.5, 1.5, 0, 0, message.charAt(i), 5.5
9, 18407, -0.5, 1.0, -4.5, 2.0, 0, 0, message.charAt(i), 6.5
9, 18408, -0.5, 1.0, -4.5, 2.5, 0, 1, message.charAt(i), 7.5
9, 18409, -0.5, 1.0, -4.5, 3.0, 0, 1, message.charAt(i), 8.5
9, 18410, -0.5, 1.0, -4.5, 3.5, 0, 1, message.charAt(i), 9.5
9, 18411, -0.5, 1.0, -4.5, 4.0, 0, 1, message.charAt(i), 10.5
9, 18412, -0.5, 1.0, -4.5, 4.5, 0, 1, message.charAt(i), 11.5
9, 18413, -0.5, 1.0, -4.5, 5.0, 12, 5, message.charAt(i).charValue(), 7.5
9, 18414, -0.5, 1.0, -4.0, 0.0, 0, 0, message.charAt(i), 2.5
9, 18415, -0.5, 1.0, -4.0, 0.5, 0, 0, message.charAt(i), 3.5
9, 18416, -0.5, 1.0, -4.0, 1.0, 0, 0, message.charAt(i), 4.5
9, 18417, -0.5, 1.0, -4.0, 1.5, 0, 0, message.charAt(i), 5.5
9, 18418, -0.5, 1.0, -4.0, 2.0, 0, 0, message.charAt(i), 6.5
9, 18419, -0.5, 1.0, -4.0, 2.5, 0, 1, message.charAt(i), 7.5
9, 18420, -0.5, 1.0, -4.0, 3.0, 0, 1, message.charAt(i), 8.5
9, 18421, -0.5, 1.0, -4.0, 3.5, 0, 1, message.charAt(i), 9.5
9, 18422, -0.5, 1.0, -4.0, 4.0, 0, 1, message.charAt(i), 10.5
9, 18423, -0.5, 1.0, -4.0, 4.5, 12, 5, message.charAt(i).charValue(), 7.0
9, 18424, -0.5, 1.0, -4.0, 5.0, 12, 5, message.charAt(i).charValue(), 8.0
9, 18425, -0.5, 1.0, -3.5, 0.0, 0, 0, message.charAt(i), 2.5
9, 18426, -0.5, 1.0, -3.5, 0.5, 0, 0, message.charAt(i), 3.5
9, 18427, -0.5, 1.0, -3.5, 1.0, 0, 0, message.charAt(i), 4.5
9, 18428, -0.5, 1.0, -3.5, 1.5, 0, 0, message.charAt(i), 5.5
9, 18429, -0.5, 1.0, -3.5, 2.0, 0, 1, message.charAt(i), 6.5
9, 18430, -0.5, 1.0, -3.5, 2.5, 0, 1, message.charAt(i), 7.5
9, 18431, -0.5, 1.0, -3.5, 3.0, 0, 1, message.charAt(i), 8.5
9, 18432, -0.5, 1.0, -3.5, 3.5, 0, 1, message.charAt(i), 9.5
9, 18433, -0.5, 1.0, -3.5, 4.0, 12, 5, message.charAt(i).charValue(), 6.5
9, 18434, -0.5, 1.0, -3.5, 4.5, 12, 8, message.charAt(i).charValue(), 7.5
9, 18435, -0.5, 1.0, -3.5, 5.0, 12, 8, message.charAt(i).charValue(), 8.5
9, 18436, -0.5, 1.0, -3.0, 0.0, 0, 0, message.charAt(i), 2.5
9, 18437, -0.5, 1.0, -3.0, 0.5, 0, 0, message.charAt(i), 3.5
9, 18438, -0.5, 1.0, -3.0, 1.0, 0, 0, message.charAt(i), 4.5
9, 18439, -0.5, 1.0, -3.0, 1.5, 0, 0, message.charAt(i), 5.5
9, 18440, -0.5, 1.0, -3.0, 2.0, 0, 1, message.charAt(i), 6.5
9, 18441, -0.5, 1.0, -3.0, 2.5, 0, 1, message.charAt(i), 7.5
9, 18442, -0.5, 1.0, -3.0, 3.0, 0, 1, message.charAt(i), 8.5
9, 18443, -0.5, 1.0, -3.0, 3.5, 12, 5, message.charAt(i).charValue(), 6.0
9, 18444, -0.5, 1.0, -3.0, 4.0, 12, 8, message.charAt(i).charValue(), 7.0
9, 18445, -0.5, 1.0, -3.0, 4.5, 12, 8, message.charAt(i).charValue(), 8.0
9, 18446, -0.5, 1.0, -3.0, 5.0, 12, 8, message.charAt(i).charValue(), 9.0
9, 18447, -0.5, 1.0, -2.5, 0.0, 0, 0, message.charAt(i), 2.5
9, 18448, -0.5, 1.0, -2.5, 0.5, 0, 0, message.charAt(i), 3.5
9, 18449, -0.5, 1.0, -2.5, 1.0, 0, 0, message.charAt(i), 4.5
9, 18450, -0.5, 1.0, -2.5, 1.5, 0, 0, message.charAt(i), 5.5
9, 18451, -0.5, 1.0, -2.5, 2.0, 0, 1, message.charAt(i), 6.5
9, 18452, -0.5, 1.0, -2.5, 2.5, 0, 1, message.charAt(i), 7.5
9, 18453, -0.5, 1.0, -2.5, 3.0, 12, 5, message.charAt(i).charValue(), 5.5
9, 18454, -0.5, 1.0, -2.5, 3.5, 12, 8, message.charAt(i).charValue(), 6.5
9, 18455, -0.5, 1.0, -2.5, 4.0, 12, 8, message.charAt(i).charValue(), 7.5
9, 18456, -0.5, 1.0, -2.5, 4.5, 12, 8, message.charAt(i).charValue(), 8.5
9, 18457, -0.5, 1.0, -2.5, 5.0, 12, 8, message.charAt(i).charValue(), 9.5
9, 18458, -0.5, 1.0, -2.0, 0.0, 0, 0, message.charAt(i), 2.5
9, 18459, -0.5, 1.0, -2.0, 0.5, 0, 0, message.charAt(i), 3.5
9, 18460, -0.5, 1.0, -2.0, 1.0, 0, 0, message.charAt(i), 4.5
9, 18461, -0.5, 1.0, -2.0, 1.5, 0, 1, message.charAt(i), 5.5
9, 18462, -0.5, 1.0, -2.0, 2.0, 0, 1, message.charAt(i), 6.5
9, 18463, -0.5, 1.0, -2.0, 2.5, 12, 5, message.charAt(i).charValue(), 5.0
9, 18464, -0.5, 1.0, -2.0, 3.0, 12, 8, message.charAt(i).charValue(), 6.0
9, 18465, -0.5, 1.0, -2.0, 3.5, 12, 8, message.charAt(i).charValue(), 7.0
9, 18466, -0.5, 1.0, -2.0, 4.0, 12, 8, message.charAt(i).charValue(), 8.0
9, 18467, -0.5, 1.0, -2.0, 4.5, 12, 9, message.charAt(i).charValue(), 9.0
9, 18468, -0.5, 1.0, -2.0, 5.0, 12, 9, message.charAt(i).charValue(), 10.0
9, 18469, -0.5, 1.0, -1.5, 0.0, 0, 0, message.charAt(i), 2.5
9, 18470, -0.5, 1.0, -1.5, 0.5, 0, 0, message.charAt(i), 3.5
9, 18471, -0.5, 1.0, -1.5, 1.0, 0, 0, message.charAt(i), 4.5
9, 18472, -0.5, 1.0, -1.5, 1.5, 0, 1, message.charAt(i), 5.5
9, 18473, -0.5, 1.0, -1.5, 2.0, 12, 5, message.charAt(i).charValue(), 4.5
9, 18474, -0.5, 1.0, -1.5, 2.5, 12, 8, message.charAt(i).charValue(), 5.5
9, 18475, -0.5, 1.0, -1.5, 3.0, 12, 8, message.charAt(i).charValue(), 6.5
9, 18476, -0.5, 1.0, -1.5, 3.5, 12, 9, message.charAt(i).charValue(), 7.5
9, 18477, -0.5, 1.0, -1.5, 4.0, 12, 9, message.charAt(i).charValue(), 8.5
9, 18478, -0.5, 1.0, -1.5, 4.5, 12, 9, message.charAt(i).charValue(), 9.5
9, 18479, -0.5, 1.0, -1.5, 5.0, 12, 9, message.charAt(i).charValue(), 10.5
9, 18480, -0.5, 1.0, -1.0, 0.0, 0, 0, message.charAt(i), 2.5
9, 18481, -0.5, 1.0, -1.0, 0.5, 0, 0, message.charAt(i), 3.5
9, 18482, -0.5, 1.0, -1.0, 1.0, 0, 0, message.charAt(i), 4.5
9, 18483, -0.5, 1.0, -1.0, 1.5, 12, 5, message.charAt(i).charValue(), 4.0
9, 18484, -0.5, 1.0, -1.0, 2.0, 12, 8, message.charAt(i).charValue(), 5.0
9, 18485, -0.5, 1.0, -1.0, 2.5, 12, 8, message.charAt(i).charValue(), 6.0
9, 18486, -0.5, 1.0, -1.0, 3.0, 12, 9, message.charAt(i).charValue(), 7.0
9, 18487, -0.5, 1.0, -1.0, 3.5, 12, 9, message.charAt(i).charValue(), 8.0
9, 18488, -0.5, 1.0, -1.0, 4.0, 12, 9, message.charAt(i).charValue(), 9.0
9, 18489, -0.5, 1.0, -1.0, 4.5, 12, 9, message.charAt(i).charValue(), 10.0
9, 18490, -0.5, 1.0, -1.0, 5.0, 12, 9, message.charAt(i).charValue(), 11.0
9, 18491, -0.5, 1.0, -0.5, 0.0, 0, 0, message.charAt(i), 2.5
9, 18492, -0.5, 1.0, -0.5, 0.5, 0, 0, message.charAt(i), 3.5
9, 18493, -0.5, 1.0, -0.5, 1.0, 12, 3, message.charAt(i).charValue(), 3.5
9, 18494, -0.5, 1.0, -0.5, 1.5, 12, 8, message.charAt(i).charValue(), 4.5
9, 18495, -0.5, 1.0, -0.5, 2.0, 12, 9, message.charAt(i).charValue(), 5.5
9, 18496, -0.5, 1.0, -0.5, 2.5, 12, 9, message.charAt(i).charValue(), 6.5
9, 18497, -0.5, 1.0, -0.5, 3.0, 12, 9, message.charAt(i).charValue(), 7.5
9, 18498, -0.5, 1.0, -0.5, 3.5, 12, 9, message.charAt(i).charValue(), 8.5
9, 18499, -0.5, 1.0, -0.5, 4.0, 12, 9, message.charAt(i).charValue(), 9.5
9, 18500, -0.5, 1.0, -0.5, 4.5, 12, 9, message.charAt(i).charValue(), 10.5
9, 18501, -0.5, 1.0, -0.5, 5.0, 12, 9, message.charAt(i).charValue(), 11.5
9, 18502, -0.5, 1.0, 0.0, 0.0, 16, 1, Character.MIN_VALUE, 0.5
9, 18503, -0.5, 1.0, 0.0, 0.5, 12, 6, message.charAt(i).charValue(), 3.0
9, 18504, -0.5, 1.0, 0.0, 1.0, 23, 9, Character.toUpperCase(message.charAt(i)), 4.0
9, 18505, -0.5, 1.0, 0.0, 1.5, 23, 9, Character.toUpperCase(message.charAt(i)), 5.0
9, 18506, -0.5, 1.0, 0.0, 2.0, 23, 9, Character.toUpperCase(message.charAt(i)), 6.0
9, 18507, -0.5, 1.0, 0.0, 2.5, 23, 9, Character.toUpperCase(message.charAt(i)), 7.0
9, 18508, -0.5, 1.0, 0.0, 3.0, 23, 9, Character.toUpperCase(message.charAt(i)), 8.0
9, 18509, -0.5, 1.0, 0.0, 3.5, 23, 9, Character.toUpperCase(message.charAt(i)), 9.0
9, 18510, -0.5, 1.0, 0.0, 4.0, 23, 9, Character.toUpperCase(message.charAt(i)), 10.0
9, 18511, -0.5, 1.0, 0.0, 4.5, 23, 9, Character.toUpperCase(message.charAt(i)), 11.0
9, 18512, -0.5, 1.0, 0.0, 5.0, 23, 9, Character.toUpperCase(message.charAt(i)), 12.0
9, 18513, 0.0, 1.0, -5.0, 0.0, 0, 0, message.charAt(i), 4.0
9, 18514, 0.0, 1.0, -5.0, 0.5, 0, 0, message.charAt(i), 5.0
9, 18515, 0.0, 1.0, -5.0, 1.0, 0, 0, message.charAt(i), 6.0
9, 18516, 0.0, 1.0, -5.0, 1.5, 0, 0, message.charAt(i), 7.0
9, 18517, 0.0, 1.0, -5.0, 2.0, 0, 1, message.charAt(i), 8.0
9, 18518, 0.0, 1.0, -5.0, 2.5, 0, 1, message.charAt(i), 9.0
9, 18519, 0.0, 1.0, -5.0, 3.0, 0, 1, message.charAt(i), 10.0
9, 18520, 0.0, 1.0, -5.0, 3.5, 0, 1, message.charAt(i), 11.0
9, 18521, 0.0, 1.0, -5.0, 4.0, 0, 1, message.charAt(i), 12.0
9, 18522, 0.0, 1.0, -5.0, 4.5, 12, 5, message.charAt(i).charValue(), 8.0
9, 18523, 0.0, 1.0, -5.0, 5.0, 12, 5, message.charAt(i).charValue(), 9.0
9, 18524, 0.0, 1.0, -4.5, 0.0, 0, 0, message.charAt(i), 4.0
9, 18525, 0.0, 1.0, -4.5, 0.5, 0, 0, message.charAt(i), 5.0
9, 18526, 0.0, 1.0, -4.5, 1.0, 0, 0, message.charAt(i), 6.0
9, 18527, 0.0, 1.0, -4.5, 1.5, 0, 0, message.charAt(i), 7.0
9, 18528, 0.0, 1.0, -4.5, 2.0, 0, 1, message.charAt(i), 8.0
9, 18529, 0.0, 1.0, -4.5, 2.5, 0, 1, message.charAt(i), 9.0
9, 18530, 0.0, 1.0, -4.5, 3.0, 0, 1, message.charAt(i), 10.0
9, 18531, 0.0, 1.0, -4.5, 3.5, 0, 1, message.charAt(i), 11.0
9, 18532, 0.0, 1.0, -4.5, 4.0, 12, 5, message.charAt(i).charValue(), 7.5
9, 18533, 0.0, 1.0, -4.5, 4.5, 12, 5, message.charAt(i).charValue(), 8.5
9, 18534, 0.0, 1.0, -4.5, 5.0, 12, 8, message.charAt(i).charValue(), 9.5
9, 18535, 0.0, 1.0, -4.0, 0.0, 0, 0, message.charAt(i), 4.0
9, 18536, 0.0, 1.0, -4.0, 0.5, 0, 0, message.charAt(i), 5.0
9, 18537, 0.0, 1.0, -4.0, 1.0, 0, 0, message.charAt(i), 6.0
9, 18538, 0.0, 1.0, -4.0, 1.5, 0, 1, message.charAt(i), 7.0
9, 18539, 0.0, 1.0, -4.0, 2.0, 0, 1, message.charAt(i), 8.0
9, 18540, 0.0, 1.0, -4.0, 2.5, 0, 1, message.charAt(i), 9.0
9, 18541, 0.0, 1.0, -4.0, 3.0, 0, 1, message.charAt(i), 10.0
9, 18542, 0.0, 1.0, -4.0, 3.5, 12, 5, message.charAt(i).charValue(), 7.0
9, 18543, 0.0, 1.0, -4.0, 4.0, 12, 5, message.charAt(i).charValue(), 8.0
9, 18544, 0.0, 1.0, -4.0, 4.5, 12, 8, message.charAt(i).charValue(), 9.0
9, 18545, 0.0, 1.0, -4.0, 5.0, 12, 8, message.charAt(i).charValue(), 10.0
9, 18546, 0.0, 1.0, -3.5, 0.0, 0, 0, message.charAt(i), 4.0
9, 18547, 0.0, 1.0, -3.5, 0.5, 0, 0, message.charAt(i), 5.0
9, 18548, 0.0, 1.0, -3.5, 1.0, 0, 0, message.charAt(i), 6.0
9, 18549, 0.0, 1.0, -3.5, 1.5, 0, 1, message.charAt(i), 7.0
9, 18550, 0.0, 1.0, -3.5, 2.0, 0, 1, message.charAt(i), 8.0
9, 18551, 0.0, 1.0, -3.5, 2.5, 0, 1, message.charAt(i), 9.0
9, 18552, 0.0, 1.0, -3.5, 3.0, 12, 5, message.charAt(i).charValue(), 6.5
9, 18553, 0.0, 1.0, -3.5, 3.5, 12, 6, message.charAt(i).charValue(), 7.5
9, 18554, 0.0, 1.0, -3.5, 4.0, 12, 8, message.charAt(i).charValue(), 8.5
9, 18555, 0.0, 1.0, -3.5, 4.5, 12, 8, message.charAt(i).charValue(), 9.5
9, 18556, 0.0, 1.0, -3.5, 5.0, 12, 8, message.charAt(i).charValue(), 10.5
9, 18557, 0.0, 1.0, -3.0, 0.0, 0, 0, message.charAt(i), 4.0
9, 18558, 0.0, 1.0, -3.0, 0.5, 0, 0, message.charAt(i), 5.0
9, 18559, 0.0, 1.0, -3.0, 1.0, 0, 0, message.charAt(i), 6.0
9, 18560, 0.0, 1.0, -3.0, 1.5, 0, 1, message.charAt(i), 7.0
9, 18561, 0.0, 1.0, -3.0, 2.0, 0, 1, message.charAt(i), 8.0
9, 18562, 0.0, 1.0, -3.0, 2.5, 12, 5, message.charAt(i).charValue(), 6.0
9, 18563, 0.0, 1.0, -3.0, 3.0, 12, 6, message.charAt(i).charValue(), 7.0
9, 18564, 0.0, 1.0, -3.0, 3.5, 12, 8, message.charAt(i).charValue(), 8.0
9, 18565, 0.0, 1.0, -3.0, 4.0, 12, 8, message.charAt(i).charValue(), 9.0
9, 18566, 0.0, 1.0, -3.0, 4.5, 12, 8, message.charAt(i).charValue(), 10.0
9, 18567, 0.0, 1.0, -3.0, 5.0, 12, 8, message.charAt(i).charValue(), 11.0
9, 18568, 0.0, 1.0, -2.5, 0.0, 0, 0, message.charAt(i), 4.0
9, 18569, 0.0, 1.0, -2.5, 0.5, 0, 0, message.charAt(i), 5.0
9, 18570, 0.0, 1.0, -2.5, 1.0, 0, 1, message.charAt(i), 6.0
9, 18571, 0.0, 1.0, -2.5, 1.5, 0, 1, message.charAt(i), 7.0
9, 18572, 0.0, 1.0, -2.5, 2.0, 12, 5, message.charAt(i).charValue(), 5.5
9, 18573, 0.0, 1.0, -2.5, 2.5, 12, 6, message.charAt(i).charValue(), 6.5
9, 18574, 0.0, 1.0, -2.5, 3.0, 12, 8, message.charAt(i).charValue(), 7.5
9, 18575, 0.0, 1.0, -2.5, 3.5, 12, 8, message.charAt(i).charValue(), 8.5
9, 18576, 0.0, 1.0, -2.5, 4.0, 12, 8, message.charAt(i).charValue(), 9.5
9, 18577, 0.0, 1.0, -2.5, 4.5, 12, 9, message.charAt(i).charValue(), 10.5
9, 18578, 0.0, 1.0, -2.5, 5.0, 12, 9, message.charAt(i).charValue(), 11.5
9, 18579, 0.0, 1.0, -2.0, 0.0, 0, 0, message.charAt(i), 4.0
9, 18580, 0.0, 1.0, -2.0, 0.5, 0, 0, message.charAt(i), 5.0
9, 18581, 0.0, 1.0, -2.0, 1.0, 0, 1, message.charAt(i), 6.0
9, 18582, 0.0, 1.0, -2.0, 1.5, 12, 5, message.charAt(i).charValue(), 5.0
9, 18583, 0.0, 1.0, -2.0, 2.0, 12, 6, message.charAt(i).charValue(), 6.0
9, 18584, 0.0, 1.0, -2.0, 2.5, 12, 8, message.charAt(i).charValue(), 7.0
9, 18585, 0.0, 1.0, -2.0, 3.0, 12, 8, message.charAt(i).charValue(), 8.0
9, 18586, 0.0, 1.0, -2.0, 3.5, 12, 8, message.charAt(i).charValue(), 9.0
9, 18587, 0.0, 1.0, -2.0, 4.0, 12, 9, message.charAt(i).charValue(), 10.0
9, 18588, 0.0, 1.0, -2.0, 4.5, 12, 9, message.charAt(i).charValue(), 11.0
9, 18589, 0.0, 1.0, -2.0, 5.0, 12, 9, message.charAt(i).charValue(), 12.0
9, 18590, 0.0, 1.0, -1.5, 0.0, 0, 0, message.charAt(i), 4.0
9, 18591, 0.0, 1.0, -1.5, 0.5, 0, 0, message.charAt(i), 5.0
9, 18592, 0.0, 1.0, -1.5, 1.0, 12, 5, message.charAt(i).charValue(), 4.5
9, 18593, 0.0, 1.0, -1.5, 1.5, 12, 6, message.charAt(i).charValue(), 5.5
9, 18594, 0.0, 1.0, -1.5, 2.0, 12, 8, message.charAt(i).charValue(), 6.5
9, 18595, 0.0, 1.0, -1.5, 2.5, 12, 8, message.charAt(i).charValue(), 7.5
9, 18596, 0.0, 1.0, -1.5, 3.0, 12, 9, message.charAt(i).charValue(), 8.5
9, 18597, 0.0, 1.0, -1.5, 3.5, 12, 9, message.charAt(i).charValue(), 9.5
9, 18598, 0.0, 1.0, -1.5, 4.0, 12, 9, message.charAt(i).charValue(), 10.5
9, 18599, 0.0, 1.0, -1.5, 4.5, 12, 9, message.charAt(i).charValue(), 11.5
9, 18600, 0.0, 1.0, -1.5, 5.0, 12, 9, message.charAt(i).charValue(), 12.5
9, 18601, 0.0, 1.0, -1.0, 0.0, 0, 0, message.charAt(i), 4.0
9, 18602, 0.0, 1.0, -1.0, 0.5, 12, 2, message.charAt(i).charValue(), 4.0
9, 18603, 0.0, 1.0, -1.0, 1.0, 12, 6, message.charAt(i).charValue(), 5.0
9, 18604, 0.0, 1.0, -1.0, 1.5, 12, 8, message.charAt(i).charValue(), 6.0
9, 18605, 0.0, 1.0, -1.0, 2.0, 12, 9, message.charAt(i).charValue(), 7.0
9, 18606, 0.0, 1.0, -1.0, 2.5, 12, 9, message.charAt(i).charValue(), 8.0
9, 18607, 0.0, 1.0, -1.0, 3.0, 12, 9, message.charAt(i).charValue(), 9.0
9, 18608, 0.0, 1.0, -1.0, 3.5, 12, 9, message.charAt(i).charValue(), 10.0
9, 18609, 0.0, 1.0, -1.0, 4.0, 12, 9, message.charAt(i).charValue(), 11.0
9, 18610, 0.0, 1.0, -1.0, 4.5, 12, 9, message.charAt(i).charValue(), 12.0
9, 18611, 0.0, 1.0, -1.0, 5.0, 12, 9, message.charAt(i).charValue(), 13.0
9, 18612, 0.0, 1.0, -0.5, 0.0, 12, 0, message.charAt(i).charValue(), 3.5
9, 18613, 0.0, 1.0, -0.5, 0.5, 12, 6, message.charAt(i).charValue(), 4.5
9, 18614, 0.0, 1.0, -0.5, 1.0, 12, 9, message.charAt(i).charValue(), 5.5
9, 18615, 0.0, 1.0, -0.5, 1.5, 12, 9, message.charAt(i).charValue(), 6.5
9, 18616, 0.0, 1.0, -0.5, 2.0, 12, 9, message.charAt(i).charValue(), 7.5
9, 18617, 0.0, 1.0, -0.5, 2.5, 12, 9, message.charAt(i).charValue(), 8.5
9, 18618, 0.0, 1.0, -0.5, 3.0, 12, 9, message.charAt(i).charValue(), 9.5
9, 18619, 0.0, 1.0, -0.5, 3.5, 12, 9, message.charAt(i).charValue(), 10.5
9, 18620, 0.0, 1.0, -0.5, 4.0, 12, 9, message.charAt(i).charValue(), 11.5
9, 18621, 0.0, 1.0, -0.5, 4.5, 12, 9, message.charAt(i).charValue(), 12.5
9, 18622, 0.0, 1.0, -0.5, 5.0, 12, 9, message.charAt(i).charValue(), 13.5
9, 18623, 0.0, 1.0, 0.0, 0.0, 16, 0, Character.MIN_VALUE, 1.0
9, 18624, 0.0, 1.0, 0.0, 0.5, 23, 9, Character.toUpperCase(message.charAt(i)), 5.0
9, 18625, 0.0, 1.0, 0.0, 1.0, 23, 9, Character.toUpperCase(message.charAt(i)), 6.0
9, 18626, 0.0, 1.0, 0.0, 1.5, 23, 9, Character.toUpperCase(message.charAt(i)), 7.0
9, 18627, 0.0, 1.0, 0.0, 2.0, 23, 9, Character.toUpperCase(message.charAt(i)), 8.0
9, 18628, 0.0, 1.0, 0.0, 2.5, 23, 9, Character.toUpperCase(message.charAt(i)), 9.0
9, 18629, 0.0, 1.0, 0.0, 3.0, 23, 9, Character.toUpperCase(message.charAt(i)), 10.0
9, 18630, 0.0, 1.0, 0.0, 3.5, 23, 9, Character.toUpperCase(message.charAt(i)), 11.0
9, 18631, 0.0, 1.0, 0.0, 4.0, 23, 9, Character.toUpperCase(message.charAt(i)), 12.0
9, 18632, 0.0, 1.0, 0.0, 4.5, 23, 9, Character.toUpperCase(message.charAt(i)), 13.0
9, 18633, 0.0, 1.0, 0.0, 5.0, 23, 9, Character.toUpperCase(message.charAt(i)), 14.0
