11, 11979, -5.0, 1.0, -5.0, 0.0, 5, 2, append(), -4.0
11, 11980, -5.0, 1.0, -5.0, 0.5, 5, 2, append(), -4.0
11, 11981, -5.0, 1.0, -5.0, 1.0, 5, 2, append(), -4.0
11, 11982, -5.0, 1.0, -5.0, 1.5, 5, 2, append(), -4.0
11, 11983, -5.0, 1.0, -5.0, 2.0, 5, 2, append(), -4.0
11, 11984, -5.0, 1.0, -5.0, 2.5, 5, 2, append(), -4.0
11, 11985, -5.0, 1.0, -5.0, 3.0, 5, 2, append(), -4.0
11, 11986, -5.0, 1.0, -5.0, 3.5, 5, 2, append(), -4.0
11, 11987, -5.0, 1.0, -5.0, 4.0, 5, 2, append(), -4.0
11, 11988, -5.0, 1.0, -5.0, 4.5, 1, 2, buf.append(), -3.5
11, 11989, -5.0, 1.0, -5.0, 5.0, 1, 2, buf.append(), -3.0
11, 11990, -5.0, 1.0, -4.5, 0.0, 5, 2, append(), -4.0
11, 11991, -5.0, 1.0, -4.5, 0.5, 5, 2, append(), -4.0
11, 11992, -5.0, 1.0, -4.5, 1.0, 5, 2, append(), -4.0
11, 11993, -5.0, 1.0, -4.5, 1.5, 5, 2, append(), -4.0
11, 11994, -5.0, 1.0, -4.5, 2.0, 5, 2, append(), -4.0
11, 11995, -5.0, 1.0, -4.5, 2.5, 5, 2, append(), -4.0
11, 11996, -5.0, 1.0, -4.5, 3.0, 5, 2, append(), -4.0
11, 11997, -5.0, 1.0, -4.5, 3.5, 5, 2, append(), -4.0
11, 11998, -5.0, 1.0, -4.5, 4.0, 5, 2, append(), -4.0
11, 11999, -5.0, 1.0, -4.5, 4.5, 1, 2, buf.append(), -3.5
11, 12000, -5.0, 1.0, -4.5, 5.0, 1, 2, buf.append(), -3.0
11, 12001, -5.0, 1.0, -4.0, 0.0, 5, 2, append(), -4.0
11, 12002, -5.0, 1.0, -4.0, 0.5, 5, 2, append(), -4.0
11, 12003, -5.0, 1.0, -4.0, 1.0, 5, 2, append(), -4.0
11, 12004, -5.0, 1.0, -4.0, 1.5, 5, 2, append(), -4.0
11, 12005, -5.0, 1.0, -4.0, 2.0, 5, 2, append(), -4.0
11, 12006, -5.0, 1.0, -4.0, 2.5, 5, 2, append(), -4.0
11, 12007, -5.0, 1.0, -4.0, 3.0, 5, 2, append(), -4.0
11, 12008, -5.0, 1.0, -4.0, 3.5, 5, 2, append(), -4.0
11, 12009, -5.0, 1.0, -4.0, 4.0, 5, 2, append(), -4.0
11, 12010, -5.0, 1.0, -4.0, 4.5, 1, 2, buf.append(), -3.5
11, 12011, -5.0, 1.0, -4.0, 5.0, 1, 2, buf.append(), -3.0
11, 12012, -5.0, 1.0, -3.5, 0.0, 5, 2, append(), -4.0
11, 12013, -5.0, 1.0, -3.5, 0.5, 5, 2, append(), -4.0
11, 12014, -5.0, 1.0, -3.5, 1.0, 5, 2, append(), -4.0
11, 12015, -5.0, 1.0, -3.5, 1.5, 5, 2, append(), -4.0
11, 12016, -5.0, 1.0, -3.5, 2.0, 5, 2, append(), -4.0
11, 12017, -5.0, 1.0, -3.5, 2.5, 5, 2, append(), -4.0
11, 12018, -5.0, 1.0, -3.5, 3.0, 5, 2, append(), -4.0
11, 12019, -5.0, 1.0, -3.5, 3.5, 5, 2, append(), -4.0
11, 12020, -5.0, 1.0, -3.5, 4.0, 5, 2, append(), -4.0
11, 12021, -5.0, 1.0, -3.5, 4.5, 1, 2, buf.append(), -3.5
11, 12022, -5.0, 1.0, -3.5, 5.0, 1, 2, buf.append(), -3.0
11, 12023, -5.0, 1.0, -3.0, 0.0, 5, 2, append(), -4.0
11, 12024, -5.0, 1.0, -3.0, 0.5, 5, 2, append(), -4.0
11, 12025, -5.0, 1.0, -3.0, 1.0, 5, 2, append(), -4.0
11, 12026, -5.0, 1.0, -3.0, 1.5, 5, 2, append(), -4.0
11, 12027, -5.0, 1.0, -3.0, 2.0, 5, 2, append(), -4.0
11, 12028, -5.0, 1.0, -3.0, 2.5, 5, 2, append(), -4.0
11, 12029, -5.0, 1.0, -3.0, 3.0, 5, 2, append(), -4.0
11, 12030, -5.0, 1.0, -3.0, 3.5, 5, 2, append(), -4.0
11, 12031, -5.0, 1.0, -3.0, 4.0, 5, 2, append(), -4.0
11, 12032, -5.0, 1.0, -3.0, 4.5, 1, 2, buf.append(), -3.5
11, 12033, -5.0, 1.0, -3.0, 5.0, 1, 2, buf.append(), -3.0
11, 12034, -5.0, 1.0, -2.5, 0.0, 5, 2, append(), -4.0
11, 12035, -5.0, 1.0, -2.5, 0.5, 5, 2, append(), -4.0
11, 12036, -5.0, 1.0, -2.5, 1.0, 5, 2, append(), -4.0
11, 12037, -5.0, 1.0, -2.5, 1.5, 5, 2, append(), -4.0
11, 12038, -5.0, 1.0, -2.5, 2.0, 5, 2, append(), -4.0
11, 12039, -5.0, 1.0, -2.5, 2.5, 5, 2, append(), -4.0
11, 12040, -5.0, 1.0, -2.5, 3.0, 5, 2, append(), -4.0
11, 12041, -5.0, 1.0, -2.5, 3.5, 5, 2, append(), -4.0
11, 12042, -5.0, 1.0, -2.5, 4.0, 5, 2, append(), -4.0
11, 12043, -5.0, 1.0, -2.5, 4.5, 1, 2, buf.append(), -3.5
11, 12044, -5.0, 1.0, -2.5, 5.0, 1, 2, buf.append(), -3.0
11, 12045, -5.0, 1.0, -2.0, 0.0, 5, 2, append(), -4.0
11, 12046, -5.0, 1.0, -2.0, 0.5, 5, 2, append(), -4.0
11, 12047, -5.0, 1.0, -2.0, 1.0, 5, 2, append(), -4.0
11, 12048, -5.0, 1.0, -2.0, 1.5, 5, 2, append(), -4.0
11, 12049, -5.0, 1.0, -2.0, 2.0, 5, 2, append(), -4.0
11, 12050, -5.0, 1.0, -2.0, 2.5, 5, 2, append(), -4.0
11, 12051, -5.0, 1.0, -2.0, 3.0, 5, 2, append(), -4.0
11, 12052, -5.0, 1.0, -2.0, 3.5, 5, 2, append(), -4.0
11, 12053, -5.0, 1.0, -2.0, 4.0, 5, 2, append(), -4.0
11, 12054, -5.0, 1.0, -2.0, 4.5, 1, 2, buf.append(), -3.5
11, 12055, -5.0, 1.0, -2.0, 5.0, 1, 2, buf.append(), -3.0
11, 12056, -5.0, 1.0, -1.5, 0.0, 5, 2, append(), -4.0
11, 12057, -5.0, 1.0, -1.5, 0.5, 5, 2, append(), -4.0
11, 12058, -5.0, 1.0, -1.5, 1.0, 5, 2, append(), -4.0
11, 12059, -5.0, 1.0, -1.5, 1.5, 5, 2, append(), -4.0
11, 12060, -5.0, 1.0, -1.5, 2.0, 5, 2, append(), -4.0
11, 12061, -5.0, 1.0, -1.5, 2.5, 5, 2, append(), -4.0
11, 12062, -5.0, 1.0, -1.5, 3.0, 5, 2, append(), -4.0
11, 12063, -5.0, 1.0, -1.5, 3.5, 5, 2, append(), -4.0
11, 12064, -5.0, 1.0, -1.5, 4.0, 5, 3, append(), -4.0
11, 12065, -5.0, 1.0, -1.5, 4.5, 1, 3, buf.append(), -3.5
11, 12066, -5.0, 1.0, -1.5, 5.0, 1, 3, buf.append(), -3.0
11, 12067, -5.0, 1.0, -1.0, 0.0, 5, 2, append(), -4.0
11, 12068, -5.0, 1.0, -1.0, 0.5, 5, 2, append(), -4.0
11, 12069, -5.0, 1.0, -1.0, 1.0, 5, 2, append(), -4.0
11, 12070, -5.0, 1.0, -1.0, 1.5, 5, 2, append(), -4.0
11, 12071, -5.0, 1.0, -1.0, 2.0, 5, 2, append(), -4.0
11, 12072, -5.0, 1.0, -1.0, 2.5, 5, 2, append(), -4.0
11, 12073, -5.0, 1.0, -1.0, 3.0, 5, 3, append(), -4.0
11, 12074, -5.0, 1.0, -1.0, 3.5, 5, 3, append(), -4.0
11, 12075, -5.0, 1.0, -1.0, 4.0, 5, 4, append(), -4.0
11, 12076, -5.0, 1.0, -1.0, 4.5, 1, 3, buf.append(), -3.5
11, 12077, -5.0, 1.0, -1.0, 5.0, 1, 3, buf.append(), -3.0
11, 12078, -5.0, 1.0, -0.5, 0.0, 5, 2, append(), -4.0
11, 12079, -5.0, 1.0, -0.5, 0.5, 5, 2, append(), -4.0
11, 12080, -5.0, 1.0, -0.5, 1.0, 5, 2, append(), -4.0
11, 12081, -5.0, 1.0, -0.5, 1.5, 5, 2, append(), -4.0
11, 12082, -5.0, 1.0, -0.5, 2.0, 5, 3, append(), -4.0
11, 12083, -5.0, 1.0, -0.5, 2.5, 5, 4, append(), -4.0
11, 12084, -5.0, 1.0, -0.5, 3.0, 5, 4, append(), -4.0
11, 12085, -5.0, 1.0, -0.5, 3.5, 5, 4, append(), -4.0
11, 12086, -5.0, 1.0, -0.5, 4.0, 5, 4, append(), -4.0
11, 12087, -5.0, 1.0, -0.5, 4.5, 1, 4, buf.append(), -3.5
11, 12088, -5.0, 1.0, -0.5, 5.0, 1, 4, buf.append(), -3.0
11, 12089, -5.0, 1.0, 0.0, 0.0, 5, 44, append(), -4.0
11, 12090, -5.0, 1.0, 0.0, 0.5, 5, 44, append(), -4.0
11, 12091, -5.0, 1.0, 0.0, 1.0, 5, 46, append(), -4.0
11, 12092, -5.0, 1.0, 0.0, 1.5, 5, 46, append(), -4.0
11, 12093, -5.0, 1.0, 0.0, 2.0, 5, 46, append(), -4.0
11, 12094, -5.0, 1.0, 0.0, 2.5, 5, 46, append(), -4.0
11, 12095, -5.0, 1.0, 0.0, 3.0, 5, 46, append(), -4.0
11, 12096, -5.0, 1.0, 0.0, 3.5, 5, 46, append(), -4.0
11, 12097, -5.0, 1.0, 0.0, 4.0, 5, 46, append(), -4.0
11, 12098, -5.0, 1.0, 0.0, 4.5, 1, 4, buf.append(), -3.5
11, 12099, -5.0, 1.0, 0.0, 5.0, 1, 9, buf.append(), -3.0
11, 12100, -4.5, 1.0, -5.0, 0.0, 5, 2, append(), -3.5
11, 12101, -4.5, 1.0, -5.0, 0.5, 5, 2, append(), -3.5
11, 12102, -4.5, 1.0, -5.0, 1.0, 5, 2, append(), -3.5
11, 12103, -4.5, 1.0, -5.0, 1.5, 5, 2, append(), -3.5
11, 12104, -4.5, 1.0, -5.0, 2.0, 5, 2, append(), -3.5
11, 12105, -4.5, 1.0, -5.0, 2.5, 5, 2, append(), -3.5
11, 12106, -4.5, 1.0, -5.0, 3.0, 5, 2, append(), -3.5
11, 12107, -4.5, 1.0, -5.0, 3.5, 5, 2, append(), -3.5
11, 12108, -4.5, 1.0, -5.0, 4.0, 1, 2, buf.append(), -3.0
11, 12109, -4.5, 1.0, -5.0, 4.5, 1, 2, buf.append(), -2.5
11, 12110, -4.5, 1.0, -5.0, 5.0, 1, 2, buf.append(), -2.0
11, 12111, -4.5, 1.0, -4.5, 0.0, 5, 2, append(), -3.5
11, 12112, -4.5, 1.0, -4.5, 0.5, 5, 2, append(), -3.5
11, 12113, -4.5, 1.0, -4.5, 1.0, 5, 2, append(), -3.5
11, 12114, -4.5, 1.0, -4.5, 1.5, 5, 2, append(), -3.5
11, 12115, -4.5, 1.0, -4.5, 2.0, 5, 2, append(), -3.5
11, 12116, -4.5, 1.0, -4.5, 2.5, 5, 2, append(), -3.5
11, 12117, -4.5, 1.0, -4.5, 3.0, 5, 2, append(), -3.5
11, 12118, -4.5, 1.0, -4.5, 3.5, 5, 2, append(), -3.5
11, 12119, -4.5, 1.0, -4.5, 4.0, 1, 2, buf.append(), -3.0
11, 12120, -4.5, 1.0, -4.5, 4.5, 1, 2, buf.append(), -2.5
11, 12121, -4.5, 1.0, -4.5, 5.0, 1, 2, buf.append(), -2.0
11, 12122, -4.5, 1.0, -4.0, 0.0, 5, 2, append(), -3.5
11, 12123, -4.5, 1.0, -4.0, 0.5, 5, 2, append(), -3.5
11, 12124, -4.5, 1.0, -4.0, 1.0, 5, 2, append(), -3.5
11, 12125, -4.5, 1.0, -4.0, 1.5, 5, 2, append(), -3.5
11, 12126, -4.5, 1.0, -4.0, 2.0, 5, 2, append(), -3.5
11, 12127, -4.5, 1.0, -4.0, 2.5, 5, 2, append(), -3.5
11, 12128, -4.5, 1.0, -4.0, 3.0, 5, 2, append(), -3.5
11, 12129, -4.5, 1.0, -4.0, 3.5, 5, 2, append(), -3.5
11, 12130, -4.5, 1.0, -4.0, 4.0, 1, 2, buf.append(), -3.0
11, 12131, -4.5, 1.0, -4.0, 4.5, 1, 2, buf.append(), -2.5
11, 12132, -4.5, 1.0, -4.0, 5.0, 1, 2, buf.append(), -2.0
11, 12133, -4.5, 1.0, -3.5, 0.0, 5, 2, append(), -3.5
11, 12134, -4.5, 1.0, -3.5, 0.5, 5, 2, append(), -3.5
11, 12135, -4.5, 1.0, -3.5, 1.0, 5, 2, append(), -3.5
11, 12136, -4.5, 1.0, -3.5, 1.5, 5, 2, append(), -3.5
11, 12137, -4.5, 1.0, -3.5, 2.0, 5, 2, append(), -3.5
11, 12138, -4.5, 1.0, -3.5, 2.5, 5, 2, append(), -3.5
11, 12139, -4.5, 1.0, -3.5, 3.0, 5, 2, append(), -3.5
11, 12140, -4.5, 1.0, -3.5, 3.5, 5, 2, append(), -3.5
11, 12141, -4.5, 1.0, -3.5, 4.0, 1, 2, buf.append(), -3.0
11, 12142, -4.5, 1.0, -3.5, 4.5, 1, 2, buf.append(), -2.5
11, 12143, -4.5, 1.0, -3.5, 5.0, 1, 2, buf.append(), -2.0
11, 12144, -4.5, 1.0, -3.0, 0.0, 5, 2, append(), -3.5
11, 12145, -4.5, 1.0, -3.0, 0.5, 5, 2, append(), -3.5
11, 12146, -4.5, 1.0, -3.0, 1.0, 5, 2, append(), -3.5
11, 12147, -4.5, 1.0, -3.0, 1.5, 5, 2, append(), -3.5
11, 12148, -4.5, 1.0, -3.0, 2.0, 5, 2, append(), -3.5
11, 12149, -4.5, 1.0, -3.0, 2.5, 5, 2, append(), -3.5
11, 12150, -4.5, 1.0, -3.0, 3.0, 5, 2, append(), -3.5
11, 12151, -4.5, 1.0, -3.0, 3.5, 5, 2, append(), -3.5
11, 12152, -4.5, 1.0, -3.0, 4.0, 1, 2, buf.append(), -3.0
11, 12153, -4.5, 1.0, -3.0, 4.5, 1, 2, buf.append(), -2.5
11, 12154, -4.5, 1.0, -3.0, 5.0, 1, 2, buf.append(), -2.0
11, 12155, -4.5, 1.0, -2.5, 0.0, 5, 2, append(), -3.5
11, 12156, -4.5, 1.0, -2.5, 0.5, 5, 2, append(), -3.5
11, 12157, -4.5, 1.0, -2.5, 1.0, 5, 2, append(), -3.5
11, 12158, -4.5, 1.0, -2.5, 1.5, 5, 2, append(), -3.5
11, 12159, -4.5, 1.0, -2.5, 2.0, 5, 2, append(), -3.5
11, 12160, -4.5, 1.0, -2.5, 2.5, 5, 2, append(), -3.5
11, 12161, -4.5, 1.0, -2.5, 3.0, 5, 2, append(), -3.5
11, 12162, -4.5, 1.0, -2.5, 3.5, 5, 2, append(), -3.5
11, 12163, -4.5, 1.0, -2.5, 4.0, 1, 2, buf.append(), -3.0
11, 12164, -4.5, 1.0, -2.5, 4.5, 1, 2, buf.append(), -2.5
11, 12165, -4.5, 1.0, -2.5, 5.0, 1, 2, buf.append(), -2.0
11, 12166, -4.5, 1.0, -2.0, 0.0, 5, 2, append(), -3.5
11, 12167, -4.5, 1.0, -2.0, 0.5, 5, 2, append(), -3.5
11, 12168, -4.5, 1.0, -2.0, 1.0, 5, 2, append(), -3.5
11, 12169, -4.5, 1.0, -2.0, 1.5, 5, 2, append(), -3.5
11, 12170, -4.5, 1.0, -2.0, 2.0, 5, 2, append(), -3.5
11, 12171, -4.5, 1.0, -2.0, 2.5, 5, 2, append(), -3.5
11, 12172, -4.5, 1.0, -2.0, 3.0, 5, 2, append(), -3.5
11, 12173, -4.5, 1.0, -2.0, 3.5, 5, 2, append(), -3.5
11, 12174, -4.5, 1.0, -2.0, 4.0, 1, 2, buf.append(), -3.0
11, 12175, -4.5, 1.0, -2.0, 4.5, 1, 2, buf.append(), -2.5
11, 12176, -4.5, 1.0, -2.0, 5.0, 1, 2, buf.append(), -2.0
11, 12177, -4.5, 1.0, -1.5, 0.0, 5, 2, append(), -3.5
11, 12178, -4.5, 1.0, -1.5, 0.5, 5, 2, append(), -3.5
11, 12179, -4.5, 1.0, -1.5, 1.0, 5, 2, append(), -3.5
11, 12180, -4.5, 1.0, -1.5, 1.5, 5, 2, append(), -3.5
11, 12181, -4.5, 1.0, -1.5, 2.0, 5, 2, append(), -3.5
11, 12182, -4.5, 1.0, -1.5, 2.5, 5, 2, append(), -3.5
11, 12183, -4.5, 1.0, -1.5, 3.0, 5, 2, append(), -3.5
11, 12184, -4.5, 1.0, -1.5, 3.5, 5, 2, append(), -3.5
11, 12185, -4.5, 1.0, -1.5, 4.0, 1, 2, buf.append(), -3.0
11, 12186, -4.5, 1.0, -1.5, 4.5, 1, 3, buf.append(), -2.5
11, 12187, -4.5, 1.0, -1.5, 5.0, 1, 3, buf.append(), -2.0
11, 12188, -4.5, 1.0, -1.0, 0.0, 5, 2, append(), -3.5
11, 12189, -4.5, 1.0, -1.0, 0.5, 5, 2, append(), -3.5
11, 12190, -4.5, 1.0, -1.0, 1.0, 5, 2, append(), -3.5
11, 12191, -4.5, 1.0, -1.0, 1.5, 5, 2, append(), -3.5
11, 12192, -4.5, 1.0, -1.0, 2.0, 5, 2, append(), -3.5
11, 12193, -4.5, 1.0, -1.0, 2.5, 5, 2, append(), -3.5
11, 12194, -4.5, 1.0, -1.0, 3.0, 5, 3, append(), -3.5
11, 12195, -4.5, 1.0, -1.0, 3.5, 5, 3, append(), -3.5
11, 12196, -4.5, 1.0, -1.0, 4.0, 1, 3, buf.append(), -3.0
11, 12197, -4.5, 1.0, -1.0, 4.5, 1, 3, buf.append(), -2.5
11, 12198, -4.5, 1.0, -1.0, 5.0, 1, 3, buf.append(), -2.0
11, 12199, -4.5, 1.0, -0.5, 0.0, 5, 2, append(), -3.5
11, 12200, -4.5, 1.0, -0.5, 0.5, 5, 2, append(), -3.5
11, 12201, -4.5, 1.0, -0.5, 1.0, 5, 2, append(), -3.5
11, 12202, -4.5, 1.0, -0.5, 1.5, 5, 2, append(), -3.5
11, 12203, -4.5, 1.0, -0.5, 2.0, 5, 3, append(), -3.5
11, 12204, -4.5, 1.0, -0.5, 2.5, 5, 4, append(), -3.5
11, 12205, -4.5, 1.0, -0.5, 3.0, 5, 4, append(), -3.5
11, 12206, -4.5, 1.0, -0.5, 3.5, 5, 4, append(), -3.5
11, 12207, -4.5, 1.0, -0.5, 4.0, 1, 4, buf.append(), -3.0
11, 12208, -4.5, 1.0, -0.5, 4.5, 1, 4, buf.append(), -2.5
11, 12209, -4.5, 1.0, -0.5, 5.0, 1, 6, buf.append(), -2.0
11, 12210, -4.5, 1.0, 0.0, 0.0, 5, 44, append(), -3.5
11, 12211, -4.5, 1.0, 0.0, 0.5, 5, 44, append(), -3.5
11, 12212, -4.5, 1.0, 0.0, 1.0, 5, 46, append(), -3.5
11, 12213, -4.5, 1.0, 0.0, 1.5, 5, 46, append(), -3.5
11, 12214, -4.5, 1.0, 0.0, 2.0, 5, 46, append(), -3.5
11, 12215, -4.5, 1.0, 0.0, 2.5, 5, 46, append(), -3.5
11, 12216, -4.5, 1.0, 0.0, 3.0, 5, 46, append(), -3.5
11, 12217, -4.5, 1.0, 0.0, 3.5, 5, 46, append(), -3.5
11, 12218, -4.5, 1.0, 0.0, 4.0, 1, 4, buf.append(), -3.0
11, 12219, -4.5, 1.0, 0.0, 4.5, 1, 9, buf.append(), -2.5
11, 12220, -4.5, 1.0, 0.0, 5.0, 1, 58, buf.append(), -2.0
11, 12221, -4.0, 1.0, -5.0, 0.0, 5, 2, append(), -3.0
11, 12222, -4.0, 1.0, -5.0, 0.5, 5, 2, append(), -3.0
11, 12223, -4.0, 1.0, -5.0, 1.0, 5, 2, append(), -3.0
11, 12224, -4.0, 1.0, -5.0, 1.5, 5, 2, append(), -3.0
11, 12225, -4.0, 1.0, -5.0, 2.0, 5, 2, append(), -3.0
11, 12226, -4.0, 1.0, -5.0, 2.5, 5, 2, append(), -3.0
11, 12227, -4.0, 1.0, -5.0, 3.0, 5, 2, append(), -3.0
11, 12228, -4.0, 1.0, -5.0, 3.5, 1, 2, buf.append(), -2.5
11, 12229, -4.0, 1.0, -5.0, 4.0, 1, 2, buf.append(), -2.0
11, 12230, -4.0, 1.0, -5.0, 4.5, 1, 2, buf.append(), -1.5
11, 12231, -4.0, 1.0, -5.0, 5.0, 1, 2, buf.append(), -1.0
11, 12232, -4.0, 1.0, -4.5, 0.0, 5, 2, append(), -3.0
11, 12233, -4.0, 1.0, -4.5, 0.5, 5, 2, append(), -3.0
11, 12234, -4.0, 1.0, -4.5, 1.0, 5, 2, append(), -3.0
11, 12235, -4.0, 1.0, -4.5, 1.5, 5, 2, append(), -3.0
11, 12236, -4.0, 1.0, -4.5, 2.0, 5, 2, append(), -3.0
11, 12237, -4.0, 1.0, -4.5, 2.5, 5, 2, append(), -3.0
11, 12238, -4.0, 1.0, -4.5, 3.0, 5, 2, append(), -3.0
11, 12239, -4.0, 1.0, -4.5, 3.5, 1, 2, buf.append(), -2.5
11, 12240, -4.0, 1.0, -4.5, 4.0, 1, 2, buf.append(), -2.0
11, 12241, -4.0, 1.0, -4.5, 4.5, 1, 2, buf.append(), -1.5
11, 12242, -4.0, 1.0, -4.5, 5.0, 1, 2, buf.append(), -1.0
11, 12243, -4.0, 1.0, -4.0, 0.0, 5, 2, append(), -3.0
11, 12244, -4.0, 1.0, -4.0, 0.5, 5, 2, append(), -3.0
11, 12245, -4.0, 1.0, -4.0, 1.0, 5, 2, append(), -3.0
11, 12246, -4.0, 1.0, -4.0, 1.5, 5, 2, append(), -3.0
11, 12247, -4.0, 1.0, -4.0, 2.0, 5, 2, append(), -3.0
11, 12248, -4.0, 1.0, -4.0, 2.5, 5, 2, append(), -3.0
11, 12249, -4.0, 1.0, -4.0, 3.0, 5, 2, append(), -3.0
11, 12250, -4.0, 1.0, -4.0, 3.5, 1, 2, buf.append(), -2.5
11, 12251, -4.0, 1.0, -4.0, 4.0, 1, 2, buf.append(), -2.0
11, 12252, -4.0, 1.0, -4.0, 4.5, 1, 2, buf.append(), -1.5
11, 12253, -4.0, 1.0, -4.0, 5.0, 1, 2, buf.append(), -1.0
11, 12254, -4.0, 1.0, -3.5, 0.0, 5, 2, append(), -3.0
11, 12255, -4.0, 1.0, -3.5, 0.5, 5, 2, append(), -3.0
11, 12256, -4.0, 1.0, -3.5, 1.0, 5, 2, append(), -3.0
11, 12257, -4.0, 1.0, -3.5, 1.5, 5, 2, append(), -3.0
11, 12258, -4.0, 1.0, -3.5, 2.0, 5, 2, append(), -3.0
11, 12259, -4.0, 1.0, -3.5, 2.5, 5, 2, append(), -3.0
11, 12260, -4.0, 1.0, -3.5, 3.0, 5, 2, append(), -3.0
11, 12261, -4.0, 1.0, -3.5, 3.5, 1, 2, buf.append(), -2.5
11, 12262, -4.0, 1.0, -3.5, 4.0, 1, 2, buf.append(), -2.0
11, 12263, -4.0, 1.0, -3.5, 4.5, 1, 2, buf.append(), -1.5
11, 12264, -4.0, 1.0, -3.5, 5.0, 1, 2, buf.append(), -1.0
11, 12265, -4.0, 1.0, -3.0, 0.0, 5, 2, append(), -3.0
11, 12266, -4.0, 1.0, -3.0, 0.5, 5, 2, append(), -3.0
11, 12267, -4.0, 1.0, -3.0, 1.0, 5, 2, append(), -3.0
11, 12268, -4.0, 1.0, -3.0, 1.5, 5, 2, append(), -3.0
11, 12269, -4.0, 1.0, -3.0, 2.0, 5, 2, append(), -3.0
11, 12270, -4.0, 1.0, -3.0, 2.5, 5, 2, append(), -3.0
11, 12271, -4.0, 1.0, -3.0, 3.0, 5, 2, append(), -3.0
11, 12272, -4.0, 1.0, -3.0, 3.5, 1, 2, buf.append(), -2.5
11, 12273, -4.0, 1.0, -3.0, 4.0, 1, 2, buf.append(), -2.0
11, 12274, -4.0, 1.0, -3.0, 4.5, 1, 2, buf.append(), -1.5
11, 12275, -4.0, 1.0, -3.0, 5.0, 1, 2, buf.append(), -1.0
11, 12276, -4.0, 1.0, -2.5, 0.0, 5, 2, append(), -3.0
11, 12277, -4.0, 1.0, -2.5, 0.5, 5, 2, append(), -3.0
11, 12278, -4.0, 1.0, -2.5, 1.0, 5, 2, append(), -3.0
11, 12279, -4.0, 1.0, -2.5, 1.5, 5, 2, append(), -3.0
11, 12280, -4.0, 1.0, -2.5, 2.0, 5, 2, append(), -3.0
11, 12281, -4.0, 1.0, -2.5, 2.5, 5, 2, append(), -3.0
11, 12282, -4.0, 1.0, -2.5, 3.0, 5, 2, append(), -3.0
11, 12283, -4.0, 1.0, -2.5, 3.5, 1, 2, buf.append(), -2.5
11, 12284, -4.0, 1.0, -2.5, 4.0, 1, 2, buf.append(), -2.0
11, 12285, -4.0, 1.0, -2.5, 4.5, 1, 2, buf.append(), -1.5
11, 12286, -4.0, 1.0, -2.5, 5.0, 1, 2, buf.append(), -1.0
11, 12287, -4.0, 1.0, -2.0, 0.0, 5, 2, append(), -3.0
11, 12288, -4.0, 1.0, -2.0, 0.5, 5, 2, append(), -3.0
11, 12289, -4.0, 1.0, -2.0, 1.0, 5, 2, append(), -3.0
11, 12290, -4.0, 1.0, -2.0, 1.5, 5, 2, append(), -3.0
11, 12291, -4.0, 1.0, -2.0, 2.0, 5, 2, append(), -3.0
11, 12292, -4.0, 1.0, -2.0, 2.5, 5, 2, append(), -3.0
11, 12293, -4.0, 1.0, -2.0, 3.0, 5, 2, append(), -3.0
11, 12294, -4.0, 1.0, -2.0, 3.5, 1, 2, buf.append(), -2.5
11, 12295, -4.0, 1.0, -2.0, 4.0, 1, 2, buf.append(), -2.0
11, 12296, -4.0, 1.0, -2.0, 4.5, 1, 2, buf.append(), -1.5
11, 12297, -4.0, 1.0, -2.0, 5.0, 1, 2, buf.append(), -1.0
11, 12298, -4.0, 1.0, -1.5, 0.0, 5, 2, append(), -3.0
11, 12299, -4.0, 1.0, -1.5, 0.5, 5, 2, append(), -3.0
11, 12300, -4.0, 1.0, -1.5, 1.0, 5, 2, append(), -3.0
11, 12301, -4.0, 1.0, -1.5, 1.5, 5, 2, append(), -3.0
11, 12302, -4.0, 1.0, -1.5, 2.0, 5, 2, append(), -3.0
11, 12303, -4.0, 1.0, -1.5, 2.5, 5, 2, append(), -3.0
11, 12304, -4.0, 1.0, -1.5, 3.0, 5, 2, append(), -3.0
11, 12305, -4.0, 1.0, -1.5, 3.5, 1, 2, buf.append(), -2.5
11, 12306, -4.0, 1.0, -1.5, 4.0, 1, 2, buf.append(), -2.0
11, 12307, -4.0, 1.0, -1.5, 4.5, 1, 3, buf.append(), -1.5
11, 12308, -4.0, 1.0, -1.5, 5.0, 1, 3, buf.append(), -1.0
11, 12309, -4.0, 1.0, -1.0, 0.0, 5, 2, append(), -3.0
11, 12310, -4.0, 1.0, -1.0, 0.5, 5, 2, append(), -3.0
11, 12311, -4.0, 1.0, -1.0, 1.0, 5, 2, append(), -3.0
11, 12312, -4.0, 1.0, -1.0, 1.5, 5, 2, append(), -3.0
11, 12313, -4.0, 1.0, -1.0, 2.0, 5, 2, append(), -3.0
11, 12314, -4.0, 1.0, -1.0, 2.5, 5, 2, append(), -3.0
11, 12315, -4.0, 1.0, -1.0, 3.0, 5, 3, append(), -3.0
11, 12316, -4.0, 1.0, -1.0, 3.5, 1, 3, buf.append(), -2.5
11, 12317, -4.0, 1.0, -1.0, 4.0, 1, 3, buf.append(), -2.0
11, 12318, -4.0, 1.0, -1.0, 4.5, 1, 3, buf.append(), -1.5
11, 12319, -4.0, 1.0, -1.0, 5.0, 1, 5, buf.append(), -1.0
11, 12320, -4.0, 1.0, -0.5, 0.0, 5, 2, append(), -3.0
11, 12321, -4.0, 1.0, -0.5, 0.5, 5, 2, append(), -3.0
11, 12322, -4.0, 1.0, -0.5, 1.0, 5, 2, append(), -3.0
11, 12323, -4.0, 1.0, -0.5, 1.5, 5, 2, append(), -3.0
11, 12324, -4.0, 1.0, -0.5, 2.0, 5, 3, append(), -3.0
11, 12325, -4.0, 1.0, -0.5, 2.5, 5, 4, append(), -3.0
11, 12326, -4.0, 1.0, -0.5, 3.0, 5, 4, append(), -3.0
11, 12327, -4.0, 1.0, -0.5, 3.5, 1, 4, buf.append(), -2.5
11, 12328, -4.0, 1.0, -0.5, 4.0, 1, 4, buf.append(), -2.0
11, 12329, -4.0, 1.0, -0.5, 4.5, 1, 6, buf.append(), -1.5
11, 12330, -4.0, 1.0, -0.5, 5.0, 1, 7, buf.append(), -1.0
11, 12331, -4.0, 1.0, 0.0, 0.0, 5, 44, append(), -3.0
11, 12332, -4.0, 1.0, 0.0, 0.5, 5, 44, append(), -3.0
11, 12333, -4.0, 1.0, 0.0, 1.0, 5, 46, append(), -3.0
11, 12334, -4.0, 1.0, 0.0, 1.5, 5, 46, append(), -3.0
11, 12335, -4.0, 1.0, 0.0, 2.0, 5, 46, append(), -3.0
11, 12336, -4.0, 1.0, 0.0, 2.5, 5, 46, append(), -3.0
11, 12337, -4.0, 1.0, 0.0, 3.0, 5, 46, append(), -3.0
11, 12338, -4.0, 1.0, 0.0, 3.5, 1, 4, buf.append(), -2.5
11, 12339, -4.0, 1.0, 0.0, 4.0, 1, 9, buf.append(), -2.0
11, 12340, -4.0, 1.0, 0.0, 4.5, 1, 58, buf.append(), -1.5
11, 12341, -4.0, 1.0, 0.0, 5.0, 1, 125, buf.append(), -1.0
11, 12342, -3.5, 1.0, -5.0, 0.0, 5, 2, append(), -2.5
11, 12343, -3.5, 1.0, -5.0, 0.5, 5, 2, append(), -2.5
11, 12344, -3.5, 1.0, -5.0, 1.0, 5, 2, append(), -2.5
11, 12345, -3.5, 1.0, -5.0, 1.5, 5, 2, append(), -2.5
11, 12346, -3.5, 1.0, -5.0, 2.0, 5, 2, append(), -2.5
11, 12347, -3.5, 1.0, -5.0, 2.5, 5, 2, append(), -2.5
11, 12348, -3.5, 1.0, -5.0, 3.0, 1, 2, buf.append(), -2.0
11, 12349, -3.5, 1.0, -5.0, 3.5, 1, 2, buf.append(), -1.5
11, 12350, -3.5, 1.0, -5.0, 4.0, 1, 2, buf.append(), -1.0
11, 12351, -3.5, 1.0, -5.0, 4.5, 1, 2, buf.append(), -0.5
11, 12352, -3.5, 1.0, -5.0, 5.0, 1, 2, buf.append(), 0.0
11, 12353, -3.5, 1.0, -4.5, 0.0, 5, 2, append(), -2.5
11, 12354, -3.5, 1.0, -4.5, 0.5, 5, 2, append(), -2.5
11, 12355, -3.5, 1.0, -4.5, 1.0, 5, 2, append(), -2.5
11, 12356, -3.5, 1.0, -4.5, 1.5, 5, 2, append(), -2.5
11, 12357, -3.5, 1.0, -4.5, 2.0, 5, 2, append(), -2.5
11, 12358, -3.5, 1.0, -4.5, 2.5, 5, 2, append(), -2.5
11, 12359, -3.5, 1.0, -4.5, 3.0, 1, 2, buf.append(), -2.0
11, 12360, -3.5, 1.0, -4.5, 3.5, 1, 2, buf.append(), -1.5
11, 12361, -3.5, 1.0, -4.5, 4.0, 1, 2, buf.append(), -1.0
11, 12362, -3.5, 1.0, -4.5, 4.5, 1, 2, buf.append(), -0.5
11, 12363, -3.5, 1.0, -4.5, 5.0, 1, 2, buf.append(), 0.0
11, 12364, -3.5, 1.0, -4.0, 0.0, 5, 2, append(), -2.5
11, 12365, -3.5, 1.0, -4.0, 0.5, 5, 2, append(), -2.5
11, 12366, -3.5, 1.0, -4.0, 1.0, 5, 2, append(), -2.5
11, 12367, -3.5, 1.0, -4.0, 1.5, 5, 2, append(), -2.5
11, 12368, -3.5, 1.0, -4.0, 2.0, 5, 2, append(), -2.5
11, 12369, -3.5, 1.0, -4.0, 2.5, 5, 2, append(), -2.5
11, 12370, -3.5, 1.0, -4.0, 3.0, 1, 2, buf.append(), -2.0
11, 12371, -3.5, 1.0, -4.0, 3.5, 1, 2, buf.append(), -1.5
11, 12372, -3.5, 1.0, -4.0, 4.0, 1, 2, buf.append(), -1.0
11, 12373, -3.5, 1.0, -4.0, 4.5, 1, 2, buf.append(), -0.5
11, 12374, -3.5, 1.0, -4.0, 5.0, 1, 2, buf.append(), 0.0
11, 12375, -3.5, 1.0, -3.5, 0.0, 5, 2, append(), -2.5
11, 12376, -3.5, 1.0, -3.5, 0.5, 5, 2, append(), -2.5
11, 12377, -3.5, 1.0, -3.5, 1.0, 5, 2, append(), -2.5
11, 12378, -3.5, 1.0, -3.5, 1.5, 5, 2, append(), -2.5
11, 12379, -3.5, 1.0, -3.5, 2.0, 5, 2, append(), -2.5
11, 12380, -3.5, 1.0, -3.5, 2.5, 5, 2, append(), -2.5
11, 12381, -3.5, 1.0, -3.5, 3.0, 1, 2, buf.append(), -2.0
11, 12382, -3.5, 1.0, -3.5, 3.5, 1, 2, buf.append(), -1.5
11, 12383, -3.5, 1.0, -3.5, 4.0, 1, 2, buf.append(), -1.0
11, 12384, -3.5, 1.0, -3.5, 4.5, 1, 2, buf.append(), -0.5
11, 12385, -3.5, 1.0, -3.5, 5.0, 1, 2, buf.append(), 0.0
11, 12386, -3.5, 1.0, -3.0, 0.0, 5, 2, append(), -2.5
11, 12387, -3.5, 1.0, -3.0, 0.5, 5, 2, append(), -2.5
11, 12388, -3.5, 1.0, -3.0, 1.0, 5, 2, append(), -2.5
11, 12389, -3.5, 1.0, -3.0, 1.5, 5, 2, append(), -2.5
11, 12390, -3.5, 1.0, -3.0, 2.0, 5, 2, append(), -2.5
11, 12391, -3.5, 1.0, -3.0, 2.5, 5, 2, append(), -2.5
11, 12392, -3.5, 1.0, -3.0, 3.0, 1, 2, buf.append(), -2.0
11, 12393, -3.5, 1.0, -3.0, 3.5, 1, 2, buf.append(), -1.5
11, 12394, -3.5, 1.0, -3.0, 4.0, 1, 2, buf.append(), -1.0
11, 12395, -3.5, 1.0, -3.0, 4.5, 1, 2, buf.append(), -0.5
11, 12396, -3.5, 1.0, -3.0, 5.0, 1, 2, buf.append(), 0.0
11, 12397, -3.5, 1.0, -2.5, 0.0, 5, 2, append(), -2.5
11, 12398, -3.5, 1.0, -2.5, 0.5, 5, 2, append(), -2.5
11, 12399, -3.5, 1.0, -2.5, 1.0, 5, 2, append(), -2.5
11, 12400, -3.5, 1.0, -2.5, 1.5, 5, 2, append(), -2.5
11, 12401, -3.5, 1.0, -2.5, 2.0, 5, 2, append(), -2.5
11, 12402, -3.5, 1.0, -2.5, 2.5, 5, 2, append(), -2.5
11, 12403, -3.5, 1.0, -2.5, 3.0, 1, 2, buf.append(), -2.0
11, 12404, -3.5, 1.0, -2.5, 3.5, 1, 2, buf.append(), -1.5
11, 12405, -3.5, 1.0, -2.5, 4.0, 1, 2, buf.append(), -1.0
11, 12406, -3.5, 1.0, -2.5, 4.5, 1, 2, buf.append(), -0.5
11, 12407, -3.5, 1.0, -2.5, 5.0, 1, 2, buf.append(), 0.0
11, 12408, -3.5, 1.0, -2.0, 0.0, 5, 2, append(), -2.5
11, 12409, -3.5, 1.0, -2.0, 0.5, 5, 2, append(), -2.5
11, 12410, -3.5, 1.0, -2.0, 1.0, 5, 2, append(), -2.5
11, 12411, -3.5, 1.0, -2.0, 1.5, 5, 2, append(), -2.5
11, 12412, -3.5, 1.0, -2.0, 2.0, 5, 2, append(), -2.5
11, 12413, -3.5, 1.0, -2.0, 2.5, 5, 2, append(), -2.5
11, 12414, -3.5, 1.0, -2.0, 3.0, 1, 2, buf.append(), -2.0
11, 12415, -3.5, 1.0, -2.0, 3.5, 1, 2, buf.append(), -1.5
11, 12416, -3.5, 1.0, -2.0, 4.0, 1, 2, buf.append(), -1.0
11, 12417, -3.5, 1.0, -2.0, 4.5, 1, 2, buf.append(), -0.5
11, 12418, -3.5, 1.0, -2.0, 5.0, 1, 2, buf.append(), 0.0
11, 12419, -3.5, 1.0, -1.5, 0.0, 5, 2, append(), -2.5
11, 12420, -3.5, 1.0, -1.5, 0.5, 5, 2, append(), -2.5
11, 12421, -3.5, 1.0, -1.5, 1.0, 5, 2, append(), -2.5
11, 12422, -3.5, 1.0, -1.5, 1.5, 5, 2, append(), -2.5
11, 12423, -3.5, 1.0, -1.5, 2.0, 5, 2, append(), -2.5
11, 12424, -3.5, 1.0, -1.5, 2.5, 5, 2, append(), -2.5
11, 12425, -3.5, 1.0, -1.5, 3.0, 1, 2, buf.append(), -2.0
11, 12426, -3.5, 1.0, -1.5, 3.5, 1, 2, buf.append(), -1.5
11, 12427, -3.5, 1.0, -1.5, 4.0, 1, 2, buf.append(), -1.0
11, 12428, -3.5, 1.0, -1.5, 4.5, 1, 3, buf.append(), -0.5
11, 12429, -3.5, 1.0, -1.5, 5.0, 1, 5, buf.append(), 0.0
11, 12430, -3.5, 1.0, -1.0, 0.0, 5, 2, append(), -2.5
11, 12431, -3.5, 1.0, -1.0, 0.5, 5, 2, append(), -2.5
11, 12432, -3.5, 1.0, -1.0, 1.0, 5, 2, append(), -2.5
11, 12433, -3.5, 1.0, -1.0, 1.5, 5, 2, append(), -2.5
11, 12434, -3.5, 1.0, -1.0, 2.0, 5, 2, append(), -2.5
11, 12435, -3.5, 1.0, -1.0, 2.5, 5, 2, append(), -2.5
11, 12436, -3.5, 1.0, -1.0, 3.0, 1, 2, buf.append(), -2.0
11, 12437, -3.5, 1.0, -1.0, 3.5, 1, 3, buf.append(), -1.5
11, 12438, -3.5, 1.0, -1.0, 4.0, 1, 3, buf.append(), -1.0
11, 12439, -3.5, 1.0, -1.0, 4.5, 1, 5, buf.append(), -0.5
11, 12440, -3.5, 1.0, -1.0, 5.0, 1, 5, buf.append(), 0.0
11, 12441, -3.5, 1.0, -0.5, 0.0, 5, 2, append(), -2.5
11, 12442, -3.5, 1.0, -0.5, 0.5, 5, 2, append(), -2.5
11, 12443, -3.5, 1.0, -0.5, 1.0, 5, 2, append(), -2.5
11, 12444, -3.5, 1.0, -0.5, 1.5, 5, 2, append(), -2.5
11, 12445, -3.5, 1.0, -0.5, 2.0, 5, 3, append(), -2.5
11, 12446, -3.5, 1.0, -0.5, 2.5, 5, 4, append(), -2.5
11, 12447, -3.5, 1.0, -0.5, 3.0, 1, 3, buf.append(), -2.0
11, 12448, -3.5, 1.0, -0.5, 3.5, 1, 3, buf.append(), -1.5
11, 12449, -3.5, 1.0, -0.5, 4.0, 1, 5, buf.append(), -1.0
11, 12450, -3.5, 1.0, -0.5, 4.5, 1, 6, buf.append(), -0.5
11, 12451, -3.5, 1.0, -0.5, 5.0, 1, 16, buf.append(), 0.0
11, 12452, -3.5, 1.0, 0.0, 0.0, 5, 44, append(), -2.5
11, 12453, -3.5, 1.0, 0.0, 0.5, 5, 44, append(), -2.5
11, 12454, -3.5, 1.0, 0.0, 1.0, 5, 46, append(), -2.5
11, 12455, -3.5, 1.0, 0.0, 1.5, 5, 46, append(), -2.5
11, 12456, -3.5, 1.0, 0.0, 2.0, 5, 46, append(), -2.5
11, 12457, -3.5, 1.0, 0.0, 2.5, 5, 46, append(), -2.5
11, 12458, -3.5, 1.0, 0.0, 3.0, 1, 4, buf.append(), -2.0
11, 12459, -3.5, 1.0, 0.0, 3.5, 1, 9, buf.append(), -1.5
11, 12460, -3.5, 1.0, 0.0, 4.0, 1, 58, buf.append(), -1.0
11, 12461, -3.5, 1.0, 0.0, 4.5, 1, 220, buf.append(), -0.5
11, 12462, -3.5, 1.0, 0.0, 5.0, 10, 103, buf, 2.5
11, 12463, -3.0, 1.0, -5.0, 0.0, 5, 2, append(), -2.0
11, 12464, -3.0, 1.0, -5.0, 0.5, 5, 2, append(), -2.0
11, 12465, -3.0, 1.0, -5.0, 1.0, 5, 2, append(), -2.0
11, 12466, -3.0, 1.0, -5.0, 1.5, 5, 2, append(), -2.0
11, 12467, -3.0, 1.0, -5.0, 2.0, 5, 2, append(), -2.0
11, 12468, -3.0, 1.0, -5.0, 2.5, 1, 2, buf.append(), -1.5
11, 12469, -3.0, 1.0, -5.0, 3.0, 1, 2, buf.append(), -1.0
11, 12470, -3.0, 1.0, -5.0, 3.5, 1, 2, buf.append(), -0.5
11, 12471, -3.0, 1.0, -5.0, 4.0, 1, 2, buf.append(), 0.0
11, 12472, -3.0, 1.0, -5.0, 4.5, 0, 0, buf.append(s), 3.0
11, 12473, -3.0, 1.0, -5.0, 5.0, 0, 0, buf.append(s), 4.0
11, 12474, -3.0, 1.0, -4.5, 0.0, 5, 2, append(), -2.0
11, 12475, -3.0, 1.0, -4.5, 0.5, 5, 2, append(), -2.0
11, 12476, -3.0, 1.0, -4.5, 1.0, 5, 2, append(), -2.0
11, 12477, -3.0, 1.0, -4.5, 1.5, 5, 2, append(), -2.0
11, 12478, -3.0, 1.0, -4.5, 2.0, 5, 2, append(), -2.0
11, 12479, -3.0, 1.0, -4.5, 2.5, 1, 2, buf.append(), -1.5
11, 12480, -3.0, 1.0, -4.5, 3.0, 1, 2, buf.append(), -1.0
11, 12481, -3.0, 1.0, -4.5, 3.5, 1, 2, buf.append(), -0.5
11, 12482, -3.0, 1.0, -4.5, 4.0, 1, 2, buf.append(), 0.0
11, 12483, -3.0, 1.0, -4.5, 4.5, 0, 0, buf.append(s), 3.0
11, 12484, -3.0, 1.0, -4.5, 5.0, 0, 0, buf.append(s), 4.0
11, 12485, -3.0, 1.0, -4.0, 0.0, 5, 2, append(), -2.0
11, 12486, -3.0, 1.0, -4.0, 0.5, 5, 2, append(), -2.0
11, 12487, -3.0, 1.0, -4.0, 1.0, 5, 2, append(), -2.0
11, 12488, -3.0, 1.0, -4.0, 1.5, 5, 2, append(), -2.0
11, 12489, -3.0, 1.0, -4.0, 2.0, 5, 2, append(), -2.0
11, 12490, -3.0, 1.0, -4.0, 2.5, 1, 2, buf.append(), -1.5
11, 12491, -3.0, 1.0, -4.0, 3.0, 1, 2, buf.append(), -1.0
11, 12492, -3.0, 1.0, -4.0, 3.5, 1, 2, buf.append(), -0.5
11, 12493, -3.0, 1.0, -4.0, 4.0, 1, 2, buf.append(), 0.0
11, 12494, -3.0, 1.0, -4.0, 4.5, 0, 0, buf.append(s), 3.0
11, 12495, -3.0, 1.0, -4.0, 5.0, 0, 0, buf.append(s), 4.0
11, 12496, -3.0, 1.0, -3.5, 0.0, 5, 2, append(), -2.0
11, 12497, -3.0, 1.0, -3.5, 0.5, 5, 2, append(), -2.0
11, 12498, -3.0, 1.0, -3.5, 1.0, 5, 2, append(), -2.0
11, 12499, -3.0, 1.0, -3.5, 1.5, 5, 2, append(), -2.0
11, 12500, -3.0, 1.0, -3.5, 2.0, 5, 2, append(), -2.0
11, 12501, -3.0, 1.0, -3.5, 2.5, 1, 2, buf.append(), -1.5
11, 12502, -3.0, 1.0, -3.5, 3.0, 1, 2, buf.append(), -1.0
11, 12503, -3.0, 1.0, -3.5, 3.5, 1, 2, buf.append(), -0.5
11, 12504, -3.0, 1.0, -3.5, 4.0, 1, 2, buf.append(), 0.0
11, 12505, -3.0, 1.0, -3.5, 4.5, 0, 0, buf.append(s), 3.0
11, 12506, -3.0, 1.0, -3.5, 5.0, 0, 0, buf.append(s), 4.0
11, 12507, -3.0, 1.0, -3.0, 0.0, 5, 2, append(), -2.0
11, 12508, -3.0, 1.0, -3.0, 0.5, 5, 2, append(), -2.0
11, 12509, -3.0, 1.0, -3.0, 1.0, 5, 2, append(), -2.0
11, 12510, -3.0, 1.0, -3.0, 1.5, 5, 2, append(), -2.0
11, 12511, -3.0, 1.0, -3.0, 2.0, 5, 2, append(), -2.0
11, 12512, -3.0, 1.0, -3.0, 2.5, 1, 2, buf.append(), -1.5
11, 12513, -3.0, 1.0, -3.0, 3.0, 1, 2, buf.append(), -1.0
11, 12514, -3.0, 1.0, -3.0, 3.5, 1, 2, buf.append(), -0.5
11, 12515, -3.0, 1.0, -3.0, 4.0, 1, 2, buf.append(), 0.0
11, 12516, -3.0, 1.0, -3.0, 4.5, 0, 0, buf.append(s), 3.0
11, 12517, -3.0, 1.0, -3.0, 5.0, 0, 0, buf.append(s), 4.0
11, 12518, -3.0, 1.0, -2.5, 0.0, 5, 2, append(), -2.0
11, 12519, -3.0, 1.0, -2.5, 0.5, 5, 2, append(), -2.0
11, 12520, -3.0, 1.0, -2.5, 1.0, 5, 2, append(), -2.0
11, 12521, -3.0, 1.0, -2.5, 1.5, 5, 2, append(), -2.0
11, 12522, -3.0, 1.0, -2.5, 2.0, 5, 2, append(), -2.0
11, 12523, -3.0, 1.0, -2.5, 2.5, 1, 2, buf.append(), -1.5
11, 12524, -3.0, 1.0, -2.5, 3.0, 1, 2, buf.append(), -1.0
11, 12525, -3.0, 1.0, -2.5, 3.5, 1, 2, buf.append(), -0.5
11, 12526, -3.0, 1.0, -2.5, 4.0, 1, 2, buf.append(), 0.0
11, 12527, -3.0, 1.0, -2.5, 4.5, 0, 0, buf.append(s), 3.0
11, 12528, -3.0, 1.0, -2.5, 5.0, 0, 0, buf.append(s), 4.0
11, 12529, -3.0, 1.0, -2.0, 0.0, 5, 2, append(), -2.0
11, 12530, -3.0, 1.0, -2.0, 0.5, 5, 2, append(), -2.0
11, 12531, -3.0, 1.0, -2.0, 1.0, 5, 2, append(), -2.0
11, 12532, -3.0, 1.0, -2.0, 1.5, 5, 2, append(), -2.0
11, 12533, -3.0, 1.0, -2.0, 2.0, 5, 2, append(), -2.0
11, 12534, -3.0, 1.0, -2.0, 2.5, 1, 2, buf.append(), -1.5
11, 12535, -3.0, 1.0, -2.0, 3.0, 1, 2, buf.append(), -1.0
11, 12536, -3.0, 1.0, -2.0, 3.5, 1, 2, buf.append(), -0.5
11, 12537, -3.0, 1.0, -2.0, 4.0, 1, 2, buf.append(), 0.0
11, 12538, -3.0, 1.0, -2.0, 4.5, 0, 0, buf.append(s), 3.0
11, 12539, -3.0, 1.0, -2.0, 5.0, 0, 0, buf.append(s), 4.0
11, 12540, -3.0, 1.0, -1.5, 0.0, 5, 2, append(), -2.0
11, 12541, -3.0, 1.0, -1.5, 0.5, 5, 2, append(), -2.0
11, 12542, -3.0, 1.0, -1.5, 1.0, 5, 2, append(), -2.0
11, 12543, -3.0, 1.0, -1.5, 1.5, 5, 2, append(), -2.0
11, 12544, -3.0, 1.0, -1.5, 2.0, 5, 2, append(), -2.0
11, 12545, -3.0, 1.0, -1.5, 2.5, 1, 2, buf.append(), -1.5
11, 12546, -3.0, 1.0, -1.5, 3.0, 1, 2, buf.append(), -1.0
11, 12547, -3.0, 1.0, -1.5, 3.5, 1, 2, buf.append(), -0.5
11, 12548, -3.0, 1.0, -1.5, 4.0, 1, 2, buf.append(), 0.0
11, 12549, -3.0, 1.0, -1.5, 4.5, 0, 0, buf.append(s), 3.0
11, 12550, -3.0, 1.0, -1.5, 5.0, 0, 0, buf.append(s), 4.0
11, 12551, -3.0, 1.0, -1.0, 0.0, 5, 2, append(), -2.0
11, 12552, -3.0, 1.0, -1.0, 0.5, 5, 2, append(), -2.0
11, 12553, -3.0, 1.0, -1.0, 1.0, 5, 2, append(), -2.0
11, 12554, -3.0, 1.0, -1.0, 1.5, 5, 2, append(), -2.0
11, 12555, -3.0, 1.0, -1.0, 2.0, 5, 2, append(), -2.0
11, 12556, -3.0, 1.0, -1.0, 2.5, 1, 2, buf.append(), -1.5
11, 12557, -3.0, 1.0, -1.0, 3.0, 1, 2, buf.append(), -1.0
11, 12558, -3.0, 1.0, -1.0, 3.5, 1, 3, buf.append(), -0.5
11, 12559, -3.0, 1.0, -1.0, 4.0, 1, 5, buf.append(), 0.0
11, 12560, -3.0, 1.0, -1.0, 4.5, 0, 0, buf.append(s), 3.0
11, 12561, -3.0, 1.0, -1.0, 5.0, 0, 0, buf.append(s), 4.0
11, 12562, -3.0, 1.0, -0.5, 0.0, 5, 2, append(), -2.0
11, 12563, -3.0, 1.0, -0.5, 0.5, 5, 2, append(), -2.0
11, 12564, -3.0, 1.0, -0.5, 1.0, 5, 2, append(), -2.0
11, 12565, -3.0, 1.0, -0.5, 1.5, 5, 2, append(), -2.0
11, 12566, -3.0, 1.0, -0.5, 2.0, 5, 3, append(), -2.0
11, 12567, -3.0, 1.0, -0.5, 2.5, 1, 3, buf.append(), -1.5
11, 12568, -3.0, 1.0, -0.5, 3.0, 1, 3, buf.append(), -1.0
11, 12569, -3.0, 1.0, -0.5, 3.5, 1, 5, buf.append(), -0.5
11, 12570, -3.0, 1.0, -0.5, 4.0, 1, 6, buf.append(), 0.0
11, 12571, -3.0, 1.0, -0.5, 4.5, 1, 20, buf.append(), 0.5
11, 12572, -3.0, 1.0, -0.5, 5.0, 5, 240, append(), -2.0
11, 12573, -3.0, 1.0, 0.0, 0.0, 5, 44, append(), -2.0
11, 12574, -3.0, 1.0, 0.0, 0.5, 5, 44, append(), -2.0
11, 12575, -3.0, 1.0, 0.0, 1.0, 5, 46, append(), -2.0
11, 12576, -3.0, 1.0, 0.0, 1.5, 5, 46, append(), -2.0
11, 12577, -3.0, 1.0, 0.0, 2.0, 5, 46, append(), -2.0
11, 12578, -3.0, 1.0, 0.0, 2.5, 1, 4, buf.append(), -1.5
11, 12579, -3.0, 1.0, 0.0, 3.0, 1, 9, buf.append(), -1.0
11, 12580, -3.0, 1.0, 0.0, 3.5, 1, 58, buf.append(), -0.5
11, 12581, -3.0, 1.0, 0.0, 4.0, 1, 235, buf.append(), 0.0
11, 12582, -3.0, 1.0, 0.0, 4.5, 12, 230, s, 2.5
11, 12583, -3.0, 1.0, 0.0, 5.0, 13, 217, Void.TYPE, -3.0
11, 12584, -2.5, 1.0, -5.0, 0.0, 5, 2, append(), -1.5
11, 12585, -2.5, 1.0, -5.0, 0.5, 5, 2, append(), -1.5
11, 12586, -2.5, 1.0, -5.0, 1.0, 5, 2, append(), -1.5
11, 12587, -2.5, 1.0, -5.0, 1.5, 5, 2, append(), -1.5
11, 12588, -2.5, 1.0, -5.0, 2.0, 1, 2, buf.append(), -1.0
11, 12589, -2.5, 1.0, -5.0, 2.5, 1, 2, buf.append(), -0.5
11, 12590, -2.5, 1.0, -5.0, 3.0, 1, 2, buf.append(), 0.0
11, 12591, -2.5, 1.0, -5.0, 3.5, 0, 0, buf.append(s), 2.5
11, 12592, -2.5, 1.0, -5.0, 4.0, 0, 0, buf.append(s), 3.5
11, 12593, -2.5, 1.0, -5.0, 4.5, 4, 5, s.append(), 1.5
11, 12594, -2.5, 1.0, -5.0, 5.0, 4, 5, s.append(), 2.0
11, 12595, -2.5, 1.0, -4.5, 0.0, 5, 2, append(), -1.5
11, 12596, -2.5, 1.0, -4.5, 0.5, 5, 2, append(), -1.5
11, 12597, -2.5, 1.0, -4.5, 1.0, 5, 2, append(), -1.5
11, 12598, -2.5, 1.0, -4.5, 1.5, 5, 2, append(), -1.5
11, 12599, -2.5, 1.0, -4.5, 2.0, 1, 2, buf.append(), -1.0
11, 12600, -2.5, 1.0, -4.5, 2.5, 1, 2, buf.append(), -0.5
11, 12601, -2.5, 1.0, -4.5, 3.0, 1, 2, buf.append(), 0.0
11, 12602, -2.5, 1.0, -4.5, 3.5, 0, 0, buf.append(s), 2.5
11, 12603, -2.5, 1.0, -4.5, 4.0, 0, 0, buf.append(s), 3.5
11, 12604, -2.5, 1.0, -4.5, 4.5, 4, 5, s.append(), 1.5
11, 12605, -2.5, 1.0, -4.5, 5.0, 4, 5, s.append(), 2.0
11, 12606, -2.5, 1.0, -4.0, 0.0, 5, 2, append(), -1.5
11, 12607, -2.5, 1.0, -4.0, 0.5, 5, 2, append(), -1.5
11, 12608, -2.5, 1.0, -4.0, 1.0, 5, 2, append(), -1.5
11, 12609, -2.5, 1.0, -4.0, 1.5, 5, 2, append(), -1.5
11, 12610, -2.5, 1.0, -4.0, 2.0, 1, 2, buf.append(), -1.0
11, 12611, -2.5, 1.0, -4.0, 2.5, 1, 2, buf.append(), -0.5
11, 12612, -2.5, 1.0, -4.0, 3.0, 1, 2, buf.append(), 0.0
11, 12613, -2.5, 1.0, -4.0, 3.5, 0, 0, buf.append(s), 2.5
11, 12614, -2.5, 1.0, -4.0, 4.0, 0, 0, buf.append(s), 3.5
11, 12615, -2.5, 1.0, -4.0, 4.5, 4, 5, s.append(), 1.5
11, 12616, -2.5, 1.0, -4.0, 5.0, 4, 5, s.append(), 2.0
11, 12617, -2.5, 1.0, -3.5, 0.0, 5, 2, append(), -1.5
11, 12618, -2.5, 1.0, -3.5, 0.5, 5, 2, append(), -1.5
11, 12619, -2.5, 1.0, -3.5, 1.0, 5, 2, append(), -1.5
11, 12620, -2.5, 1.0, -3.5, 1.5, 5, 2, append(), -1.5
11, 12621, -2.5, 1.0, -3.5, 2.0, 1, 2, buf.append(), -1.0
11, 12622, -2.5, 1.0, -3.5, 2.5, 1, 2, buf.append(), -0.5
11, 12623, -2.5, 1.0, -3.5, 3.0, 1, 2, buf.append(), 0.0
11, 12624, -2.5, 1.0, -3.5, 3.5, 0, 0, buf.append(s), 2.5
11, 12625, -2.5, 1.0, -3.5, 4.0, 0, 0, buf.append(s), 3.5
11, 12626, -2.5, 1.0, -3.5, 4.5, 4, 5, s.append(), 1.5
11, 12627, -2.5, 1.0, -3.5, 5.0, 4, 7, s.append(), 2.0
11, 12628, -2.5, 1.0, -3.0, 0.0, 5, 2, append(), -1.5
11, 12629, -2.5, 1.0, -3.0, 0.5, 5, 2, append(), -1.5
11, 12630, -2.5, 1.0, -3.0, 1.0, 5, 2, append(), -1.5
11, 12631, -2.5, 1.0, -3.0, 1.5, 5, 2, append(), -1.5
11, 12632, -2.5, 1.0, -3.0, 2.0, 1, 2, buf.append(), -1.0
11, 12633, -2.5, 1.0, -3.0, 2.5, 1, 2, buf.append(), -0.5
11, 12634, -2.5, 1.0, -3.0, 3.0, 1, 2, buf.append(), 0.0
11, 12635, -2.5, 1.0, -3.0, 3.5, 0, 0, buf.append(s), 2.5
11, 12636, -2.5, 1.0, -3.0, 4.0, 0, 0, buf.append(s), 3.5
11, 12637, -2.5, 1.0, -3.0, 4.5, 4, 5, s.append(), 1.5
11, 12638, -2.5, 1.0, -3.0, 5.0, 4, 8, s.append(), 2.0
11, 12639, -2.5, 1.0, -2.5, 0.0, 5, 2, append(), -1.5
11, 12640, -2.5, 1.0, -2.5, 0.5, 5, 2, append(), -1.5
11, 12641, -2.5, 1.0, -2.5, 1.0, 5, 2, append(), -1.5
11, 12642, -2.5, 1.0, -2.5, 1.5, 5, 2, append(), -1.5
11, 12643, -2.5, 1.0, -2.5, 2.0, 1, 2, buf.append(), -1.0
11, 12644, -2.5, 1.0, -2.5, 2.5, 1, 2, buf.append(), -0.5
11, 12645, -2.5, 1.0, -2.5, 3.0, 1, 2, buf.append(), 0.0
11, 12646, -2.5, 1.0, -2.5, 3.5, 0, 0, buf.append(s), 2.5
11, 12647, -2.5, 1.0, -2.5, 4.0, 0, 0, buf.append(s), 3.5
11, 12648, -2.5, 1.0, -2.5, 4.5, 4, 6, s.append(), 1.5
11, 12649, -2.5, 1.0, -2.5, 5.0, 4, 10, s.append(), 2.0
11, 12650, -2.5, 1.0, -2.0, 0.0, 5, 2, append(), -1.5
11, 12651, -2.5, 1.0, -2.0, 0.5, 5, 2, append(), -1.5
11, 12652, -2.5, 1.0, -2.0, 1.0, 5, 2, append(), -1.5
11, 12653, -2.5, 1.0, -2.0, 1.5, 5, 2, append(), -1.5
11, 12654, -2.5, 1.0, -2.0, 2.0, 1, 2, buf.append(), -1.0
11, 12655, -2.5, 1.0, -2.0, 2.5, 1, 2, buf.append(), -0.5
11, 12656, -2.5, 1.0, -2.0, 3.0, 1, 2, buf.append(), 0.0
11, 12657, -2.5, 1.0, -2.0, 3.5, 0, 0, buf.append(s), 2.5
11, 12658, -2.5, 1.0, -2.0, 4.0, 0, 0, buf.append(s), 3.5
11, 12659, -2.5, 1.0, -2.0, 4.5, 4, 8, s.append(), 1.5
11, 12660, -2.5, 1.0, -2.0, 5.0, 4, 10, s.append(), 2.0
11, 12661, -2.5, 1.0, -1.5, 0.0, 5, 2, append(), -1.5
11, 12662, -2.5, 1.0, -1.5, 0.5, 5, 2, append(), -1.5
11, 12663, -2.5, 1.0, -1.5, 1.0, 5, 2, append(), -1.5
11, 12664, -2.5, 1.0, -1.5, 1.5, 5, 2, append(), -1.5
11, 12665, -2.5, 1.0, -1.5, 2.0, 1, 2, buf.append(), -1.0
11, 12666, -2.5, 1.0, -1.5, 2.5, 1, 2, buf.append(), -0.5
11, 12667, -2.5, 1.0, -1.5, 3.0, 1, 2, buf.append(), 0.0
11, 12668, -2.5, 1.0, -1.5, 3.5, 0, 0, buf.append(s), 2.5
11, 12669, -2.5, 1.0, -1.5, 4.0, 0, 0, buf.append(s), 3.5
11, 12670, -2.5, 1.0, -1.5, 4.5, 4, 12, s.append(), 1.5
11, 12671, -2.5, 1.0, -1.5, 5.0, 4, 14, s.append(), 2.0
11, 12672, -2.5, 1.0, -1.0, 0.0, 5, 2, append(), -1.5
11, 12673, -2.5, 1.0, -1.0, 0.5, 5, 2, append(), -1.5
11, 12674, -2.5, 1.0, -1.0, 1.0, 5, 2, append(), -1.5
11, 12675, -2.5, 1.0, -1.0, 1.5, 5, 2, append(), -1.5
11, 12676, -2.5, 1.0, -1.0, 2.0, 1, 2, buf.append(), -1.0
11, 12677, -2.5, 1.0, -1.0, 2.5, 1, 2, buf.append(), -0.5
11, 12678, -2.5, 1.0, -1.0, 3.0, 1, 2, buf.append(), 0.0
11, 12679, -2.5, 1.0, -1.0, 3.5, 0, 0, buf.append(s), 2.5
11, 12680, -2.5, 1.0, -1.0, 4.0, 0, 0, buf.append(s), 3.5
11, 12681, -2.5, 1.0, -1.0, 4.5, 4, 14, s.append(), 1.5
11, 12682, -2.5, 1.0, -1.0, 5.0, 5, 167, append(), -1.5
11, 12683, -2.5, 1.0, -0.5, 0.0, 5, 2, append(), -1.5
11, 12684, -2.5, 1.0, -0.5, 0.5, 5, 2, append(), -1.5
11, 12685, -2.5, 1.0, -0.5, 1.0, 5, 2, append(), -1.5
11, 12686, -2.5, 1.0, -0.5, 1.5, 5, 2, append(), -1.5
11, 12687, -2.5, 1.0, -0.5, 2.0, 1, 2, buf.append(), -1.0
11, 12688, -2.5, 1.0, -0.5, 2.5, 1, 3, buf.append(), -0.5
11, 12689, -2.5, 1.0, -0.5, 3.0, 1, 5, buf.append(), 0.0
11, 12690, -2.5, 1.0, -0.5, 3.5, 0, 0, buf.append(s), 2.5
11, 12691, -2.5, 1.0, -0.5, 4.0, 1, 32, buf.append(), 1.0
11, 12692, -2.5, 1.0, -0.5, 4.5, 10, 61, buf, 3.0
11, 12693, -2.5, 1.0, -0.5, 5.0, 10, 167, buf, 3.5
11, 12694, -2.5, 1.0, 0.0, 0.0, 5, 44, append(), -1.5
11, 12695, -2.5, 1.0, 0.0, 0.5, 5, 44, append(), -1.5
11, 12696, -2.5, 1.0, 0.0, 1.0, 5, 46, append(), -1.5
11, 12697, -2.5, 1.0, 0.0, 1.5, 5, 46, append(), -1.5
11, 12698, -2.5, 1.0, 0.0, 2.0, 1, 4, buf.append(), -1.0
11, 12699, -2.5, 1.0, 0.0, 2.5, 1, 9, buf.append(), -0.5
11, 12700, -2.5, 1.0, 0.0, 3.0, 1, 59, buf.append(), 0.0
11, 12701, -2.5, 1.0, 0.0, 3.5, 10, 143, buf, 2.0
11, 12702, -2.5, 1.0, 0.0, 4.0, 13, 197, Void.TYPE, -2.5
11, 12703, -2.5, 1.0, 0.0, 4.5, 13, 229, Void.TYPE, -2.5
11, 12704, -2.5, 1.0, 0.0, 5.0, 47, 166, new Task11().repeatString(new Task11().repeatString(s)), 13.5
11, 12705, -2.0, 1.0, -5.0, 0.0, 5, 2, append(), -1.0
11, 12706, -2.0, 1.0, -5.0, 0.5, 5, 2, append(), -1.0
11, 12707, -2.0, 1.0, -5.0, 1.0, 5, 2, append(), -1.0
11, 12708, -2.0, 1.0, -5.0, 1.5, 1, 2, buf.append(), -0.5
11, 12709, -2.0, 1.0, -5.0, 2.0, 1, 2, buf.append(), 0.0
11, 12710, -2.0, 1.0, -5.0, 2.5, 0, 0, buf.append(s), 2.0
11, 12711, -2.0, 1.0, -5.0, 3.0, 0, 0, buf.append(s), 3.0
11, 12712, -2.0, 1.0, -5.0, 3.5, 4, 5, s.append(), 1.5
11, 12713, -2.0, 1.0, -5.0, 4.0, 4, 5, s.append(), 2.0
11, 12714, -2.0, 1.0, -5.0, 4.5, 6, 12, buf.append(s).get(), -1.0
11, 12715, -2.0, 1.0, -5.0, 5.0, 6, 16, buf.append(s).get(), 0.0
11, 12716, -2.0, 1.0, -4.5, 0.0, 5, 2, append(), -1.0
11, 12717, -2.0, 1.0, -4.5, 0.5, 5, 2, append(), -1.0
11, 12718, -2.0, 1.0, -4.5, 1.0, 5, 2, append(), -1.0
11, 12719, -2.0, 1.0, -4.5, 1.5, 1, 2, buf.append(), -0.5
11, 12720, -2.0, 1.0, -4.5, 2.0, 1, 2, buf.append(), 0.0
11, 12721, -2.0, 1.0, -4.5, 2.5, 0, 0, buf.append(s), 2.0
11, 12722, -2.0, 1.0, -4.5, 3.0, 0, 0, buf.append(s), 3.0
11, 12723, -2.0, 1.0, -4.5, 3.5, 4, 5, s.append(), 1.5
11, 12724, -2.0, 1.0, -4.5, 4.0, 4, 5, s.append(), 2.0
11, 12725, -2.0, 1.0, -4.5, 4.5, 6, 13, buf.append(s).get(), -0.5
11, 12726, -2.0, 1.0, -4.5, 5.0, 6, 23, buf.append(s).get(), 0.5
11, 12727, -2.0, 1.0, -4.0, 0.0, 5, 2, append(), -1.0
11, 12728, -2.0, 1.0, -4.0, 0.5, 5, 2, append(), -1.0
11, 12729, -2.0, 1.0, -4.0, 1.0, 5, 2, append(), -1.0
11, 12730, -2.0, 1.0, -4.0, 1.5, 1, 2, buf.append(), -0.5
11, 12731, -2.0, 1.0, -4.0, 2.0, 1, 2, buf.append(), 0.0
11, 12732, -2.0, 1.0, -4.0, 2.5, 0, 0, buf.append(s), 2.0
11, 12733, -2.0, 1.0, -4.0, 3.0, 0, 0, buf.append(s), 3.0
11, 12734, -2.0, 1.0, -4.0, 3.5, 4, 5, s.append(), 1.5
11, 12735, -2.0, 1.0, -4.0, 4.0, 4, 5, s.append(), 2.0
11, 12736, -2.0, 1.0, -4.0, 4.5, 6, 16, buf.append(s).get(), 0.0
11, 12737, -2.0, 1.0, -4.0, 5.0, 6, 22, buf.append(s).get(), 1.0
11, 12738, -2.0, 1.0, -3.5, 0.0, 5, 2, append(), -1.0
11, 12739, -2.0, 1.0, -3.5, 0.5, 5, 2, append(), -1.0
11, 12740, -2.0, 1.0, -3.5, 1.0, 5, 2, append(), -1.0
11, 12741, -2.0, 1.0, -3.5, 1.5, 1, 2, buf.append(), -0.5
11, 12742, -2.0, 1.0, -3.5, 2.0, 1, 2, buf.append(), 0.0
11, 12743, -2.0, 1.0, -3.5, 2.5, 0, 0, buf.append(s), 2.0
11, 12744, -2.0, 1.0, -3.5, 3.0, 0, 0, buf.append(s), 3.0
11, 12745, -2.0, 1.0, -3.5, 3.5, 4, 5, s.append(), 1.5
11, 12746, -2.0, 1.0, -3.5, 4.0, 4, 5, s.append(), 2.0
11, 12747, -2.0, 1.0, -3.5, 4.5, 6, 22, buf.append(s).get(), 0.5
11, 12748, -2.0, 1.0, -3.5, 5.0, 6, 20, buf.append(s).get(), 1.5
11, 12749, -2.0, 1.0, -3.0, 0.0, 5, 2, append(), -1.0
11, 12750, -2.0, 1.0, -3.0, 0.5, 5, 2, append(), -1.0
11, 12751, -2.0, 1.0, -3.0, 1.0, 5, 2, append(), -1.0
11, 12752, -2.0, 1.0, -3.0, 1.5, 1, 2, buf.append(), -0.5
11, 12753, -2.0, 1.0, -3.0, 2.0, 1, 2, buf.append(), 0.0
11, 12754, -2.0, 1.0, -3.0, 2.5, 0, 0, buf.append(s), 2.0
11, 12755, -2.0, 1.0, -3.0, 3.0, 0, 0, buf.append(s), 3.0
11, 12756, -2.0, 1.0, -3.0, 3.5, 4, 5, s.append(), 1.5
11, 12757, -2.0, 1.0, -3.0, 4.0, 4, 7, s.append(), 2.0
11, 12758, -2.0, 1.0, -3.0, 4.5, 6, 21, buf.append(s).get(), 1.0
11, 12759, -2.0, 1.0, -3.0, 5.0, 6, 20, buf.append(s).get(), 2.0
11, 12760, -2.0, 1.0, -2.5, 0.0, 5, 2, append(), -1.0
11, 12761, -2.0, 1.0, -2.5, 0.5, 5, 2, append(), -1.0
11, 12762, -2.0, 1.0, -2.5, 1.0, 5, 2, append(), -1.0
11, 12763, -2.0, 1.0, -2.5, 1.5, 1, 2, buf.append(), -0.5
11, 12764, -2.0, 1.0, -2.5, 2.0, 1, 2, buf.append(), 0.0
11, 12765, -2.0, 1.0, -2.5, 2.5, 0, 0, buf.append(s), 2.0
11, 12766, -2.0, 1.0, -2.5, 3.0, 0, 0, buf.append(s), 3.0
11, 12767, -2.0, 1.0, -2.5, 3.5, 4, 5, s.append(), 1.5
11, 12768, -2.0, 1.0, -2.5, 4.0, 4, 11, s.append(), 2.0
11, 12769, -2.0, 1.0, -2.5, 4.5, 6, 20, buf.append(s).get(), 1.5
11, 12770, -2.0, 1.0, -2.5, 5.0, 6, 21, buf.append(s).get(), 2.5
11, 12771, -2.0, 1.0, -2.0, 0.0, 5, 2, append(), -1.0
11, 12772, -2.0, 1.0, -2.0, 0.5, 5, 2, append(), -1.0
11, 12773, -2.0, 1.0, -2.0, 1.0, 5, 2, append(), -1.0
11, 12774, -2.0, 1.0, -2.0, 1.5, 1, 2, buf.append(), -0.5
11, 12775, -2.0, 1.0, -2.0, 2.0, 1, 2, buf.append(), 0.0
11, 12776, -2.0, 1.0, -2.0, 2.5, 0, 0, buf.append(s), 2.0
11, 12777, -2.0, 1.0, -2.0, 3.0, 0, 0, buf.append(s), 3.0
11, 12778, -2.0, 1.0, -2.0, 3.5, 4, 6, s.append(), 1.5
11, 12779, -2.0, 1.0, -2.0, 4.0, 4, 10, s.append(), 2.0
11, 12780, -2.0, 1.0, -2.0, 4.5, 6, 20, buf.append(s).get(), 2.0
11, 12781, -2.0, 1.0, -2.0, 5.0, 6, 24, buf.append(s).get(), 3.0
11, 12782, -2.0, 1.0, -1.5, 0.0, 5, 2, append(), -1.0
11, 12783, -2.0, 1.0, -1.5, 0.5, 5, 2, append(), -1.0
11, 12784, -2.0, 1.0, -1.5, 1.0, 5, 2, append(), -1.0
11, 12785, -2.0, 1.0, -1.5, 1.5, 1, 2, buf.append(), -0.5
11, 12786, -2.0, 1.0, -1.5, 2.0, 1, 2, buf.append(), 0.0
11, 12787, -2.0, 1.0, -1.5, 2.5, 0, 0, buf.append(s), 2.0
11, 12788, -2.0, 1.0, -1.5, 3.0, 0, 0, buf.append(s), 3.0
11, 12789, -2.0, 1.0, -1.5, 3.5, 4, 11, s.append(), 1.5
11, 12790, -2.0, 1.0, -1.5, 4.0, 4, 11, s.append(), 2.0
11, 12791, -2.0, 1.0, -1.5, 4.5, 6, 22, buf.append(s).get(), 2.5
11, 12792, -2.0, 1.0, -1.5, 5.0, 7, 80, buf.append(s).wait(), 3.5
11, 12793, -2.0, 1.0, -1.0, 0.0, 5, 2, append(), -1.0
11, 12794, -2.0, 1.0, -1.0, 0.5, 5, 2, append(), -1.0
11, 12795, -2.0, 1.0, -1.0, 1.0, 5, 2, append(), -1.0
11, 12796, -2.0, 1.0, -1.0, 1.5, 1, 2, buf.append(), -0.5
11, 12797, -2.0, 1.0, -1.0, 2.0, 1, 2, buf.append(), 0.0
11, 12798, -2.0, 1.0, -1.0, 2.5, 0, 0, buf.append(s), 2.0
11, 12799, -2.0, 1.0, -1.0, 3.0, 0, 0, buf.append(s), 3.0
11, 12800, -2.0, 1.0, -1.0, 3.5, 4, 12, s.append(), 1.5
11, 12801, -2.0, 1.0, -1.0, 4.0, 4, 30, s.append(), 2.0
11, 12802, -2.0, 1.0, -1.0, 4.5, 7, 80, buf.append(s).wait(), 3.0
11, 12803, -2.0, 1.0, -1.0, 5.0, 7, 155, buf.append(s).wait(), 4.0
11, 12804, -2.0, 1.0, -0.5, 0.0, 5, 2, append(), -1.0
11, 12805, -2.0, 1.0, -0.5, 0.5, 5, 2, append(), -1.0
11, 12806, -2.0, 1.0, -0.5, 1.0, 5, 2, append(), -1.0
11, 12807, -2.0, 1.0, -0.5, 1.5, 1, 2, buf.append(), -0.5
11, 12808, -2.0, 1.0, -0.5, 2.0, 1, 2, buf.append(), 0.0
11, 12809, -2.0, 1.0, -0.5, 2.5, 0, 0, buf.append(s), 2.0
11, 12810, -2.0, 1.0, -0.5, 3.0, 0, 0, buf.append(s), 3.0
11, 12811, -2.0, 1.0, -0.5, 3.5, 5, 210, append(), -1.0
11, 12812, -2.0, 1.0, -0.5, 4.0, 10, 122, buf, 3.0
11, 12813, -2.0, 1.0, -0.5, 4.5, 19, 230, s.replace(buf, s).exec(), 4.5
11, 12814, -2.0, 1.0, -0.5, 5.0, 37, 97, new Task11().repeatString(s.replace(buf, s)), 12.5
11, 12815, -2.0, 1.0, 0.0, 0.0, 5, 44, append(), -1.0
11, 12816, -2.0, 1.0, 0.0, 0.5, 5, 44, append(), -1.0
11, 12817, -2.0, 1.0, 0.0, 1.0, 5, 46, append(), -1.0
11, 12818, -2.0, 1.0, 0.0, 1.5, 1, 3, buf.append(), -0.5
11, 12819, -2.0, 1.0, 0.0, 2.0, 1, 8, buf.append(), 0.0
11, 12820, -2.0, 1.0, 0.0, 2.5, 10, 74, buf, 1.5
11, 12821, -2.0, 1.0, 0.0, 3.0, 12, 214, s, 2.0
11, 12822, -2.0, 1.0, 0.0, 3.5, 13, 228, Void.TYPE, -2.0
11, 12823, -2.0, 1.0, 0.0, 4.0, 47, 165, new Task11().repeatString(new Task11().repeatString(s)), 11.0
11, 12824, -2.0, 1.0, 0.0, 4.5, 47, 232, new Task11().repeatString(new Task11().repeatString(s)), 13.5
11, 12825, -2.0, 1.0, 0.0, 5.0, 53, 233, new Task11().repeatString(s).put(new Task11().repeatString(s)), 17.0
11, 12826, -1.5, 1.0, -5.0, 0.0, 5, 2, append(), -0.5
11, 12827, -1.5, 1.0, -5.0, 0.5, 5, 2, append(), -0.5
11, 12828, -1.5, 1.0, -5.0, 1.0, 1, 2, buf.append(), 0.0
11, 12829, -1.5, 1.0, -5.0, 1.5, 0, 0, buf.append(s), 1.5
11, 12830, -1.5, 1.0, -5.0, 2.0, 0, 0, buf.append(s), 2.5
11, 12831, -1.5, 1.0, -5.0, 2.5, 4, 5, s.append(), 1.5
11, 12832, -1.5, 1.0, -5.0, 3.0, 6, 12, buf.append(s).get(), -2.0
11, 12833, -1.5, 1.0, -5.0, 3.5, 6, 12, buf.append(s).get(), -1.0
11, 12834, -1.5, 1.0, -5.0, 4.0, 6, 16, buf.append(s).get(), 0.0
11, 12835, -1.5, 1.0, -5.0, 4.5, 6, 21, buf.append(s).get(), 1.0
11, 12836, -1.5, 1.0, -5.0, 5.0, 6, 22, buf.append(s).get(), 2.0
11, 12837, -1.5, 1.0, -4.5, 0.0, 5, 2, append(), -0.5
11, 12838, -1.5, 1.0, -4.5, 0.5, 5, 2, append(), -0.5
11, 12839, -1.5, 1.0, -4.5, 1.0, 1, 2, buf.append(), 0.0
11, 12840, -1.5, 1.0, -4.5, 1.5, 0, 0, buf.append(s), 1.5
11, 12841, -1.5, 1.0, -4.5, 2.0, 0, 0, buf.append(s), 2.5
11, 12842, -1.5, 1.0, -4.5, 2.5, 4, 5, s.append(), 1.5
11, 12843, -1.5, 1.0, -4.5, 3.0, 6, 12, buf.append(s).get(), -1.5
11, 12844, -1.5, 1.0, -4.5, 3.5, 6, 13, buf.append(s).get(), -0.5
11, 12845, -1.5, 1.0, -4.5, 4.0, 6, 22, buf.append(s).get(), 0.5
11, 12846, -1.5, 1.0, -4.5, 4.5, 6, 21, buf.append(s).get(), 1.5
11, 12847, -1.5, 1.0, -4.5, 5.0, 6, 23, buf.append(s).get(), 2.5
11, 12848, -1.5, 1.0, -4.0, 0.0, 5, 2, append(), -0.5
11, 12849, -1.5, 1.0, -4.0, 0.5, 5, 2, append(), -0.5
11, 12850, -1.5, 1.0, -4.0, 1.0, 1, 2, buf.append(), 0.0
11, 12851, -1.5, 1.0, -4.0, 1.5, 0, 0, buf.append(s), 1.5
11, 12852, -1.5, 1.0, -4.0, 2.0, 0, 0, buf.append(s), 2.5
11, 12853, -1.5, 1.0, -4.0, 2.5, 4, 5, s.append(), 1.5
11, 12854, -1.5, 1.0, -4.0, 3.0, 6, 12, buf.append(s).get(), -1.0
11, 12855, -1.5, 1.0, -4.0, 3.5, 6, 16, buf.append(s).get(), 0.0
11, 12856, -1.5, 1.0, -4.0, 4.0, 6, 22, buf.append(s).get(), 1.0
11, 12857, -1.5, 1.0, -4.0, 4.5, 6, 22, buf.append(s).get(), 2.0
11, 12858, -1.5, 1.0, -4.0, 5.0, 6, 20, buf.append(s).get(), 3.0
11, 12859, -1.5, 1.0, -3.5, 0.0, 5, 2, append(), -0.5
11, 12860, -1.5, 1.0, -3.5, 0.5, 5, 2, append(), -0.5
11, 12861, -1.5, 1.0, -3.5, 1.0, 1, 2, buf.append(), 0.0
11, 12862, -1.5, 1.0, -3.5, 1.5, 0, 0, buf.append(s), 1.5
11, 12863, -1.5, 1.0, -3.5, 2.0, 0, 0, buf.append(s), 2.5
11, 12864, -1.5, 1.0, -3.5, 2.5, 4, 5, s.append(), 1.5
11, 12865, -1.5, 1.0, -3.5, 3.0, 6, 12, buf.append(s).get(), -0.5
11, 12866, -1.5, 1.0, -3.5, 3.5, 6, 21, buf.append(s).get(), 0.5
11, 12867, -1.5, 1.0, -3.5, 4.0, 6, 21, buf.append(s).get(), 1.5
11, 12868, -1.5, 1.0, -3.5, 4.5, 6, 20, buf.append(s).get(), 2.5
11, 12869, -1.5, 1.0, -3.5, 5.0, 6, 22, buf.append(s).get(), 3.5
11, 12870, -1.5, 1.0, -3.0, 0.0, 5, 2, append(), -0.5
11, 12871, -1.5, 1.0, -3.0, 0.5, 5, 2, append(), -0.5
11, 12872, -1.5, 1.0, -3.0, 1.0, 1, 2, buf.append(), 0.0
11, 12873, -1.5, 1.0, -3.0, 1.5, 0, 0, buf.append(s), 1.5
11, 12874, -1.5, 1.0, -3.0, 2.0, 0, 0, buf.append(s), 2.5
11, 12875, -1.5, 1.0, -3.0, 2.5, 4, 5, s.append(), 1.5
11, 12876, -1.5, 1.0, -3.0, 3.0, 6, 12, buf.append(s).get(), 0.0
11, 12877, -1.5, 1.0, -3.0, 3.5, 6, 22, buf.append(s).get(), 1.0
11, 12878, -1.5, 1.0, -3.0, 4.0, 6, 20, buf.append(s).get(), 2.0
11, 12879, -1.5, 1.0, -3.0, 4.5, 6, 20, buf.append(s).get(), 3.0
11, 12880, -1.5, 1.0, -3.0, 5.0, 6, 24, buf.append(s).get(), 4.0
11, 12881, -1.5, 1.0, -2.5, 0.0, 5, 2, append(), -0.5
11, 12882, -1.5, 1.0, -2.5, 0.5, 5, 2, append(), -0.5
11, 12883, -1.5, 1.0, -2.5, 1.0, 1, 2, buf.append(), 0.0
11, 12884, -1.5, 1.0, -2.5, 1.5, 0, 0, buf.append(s), 1.5
11, 12885, -1.5, 1.0, -2.5, 2.0, 0, 0, buf.append(s), 2.5
11, 12886, -1.5, 1.0, -2.5, 2.5, 4, 5, s.append(), 1.5
11, 12887, -1.5, 1.0, -2.5, 3.0, 6, 20, buf.append(s).get(), 0.5
11, 12888, -1.5, 1.0, -2.5, 3.5, 6, 20, buf.append(s).get(), 1.5
11, 12889, -1.5, 1.0, -2.5, 4.0, 6, 20, buf.append(s).get(), 2.5
11, 12890, -1.5, 1.0, -2.5, 4.5, 6, 23, buf.append(s).get(), 3.5
11, 12891, -1.5, 1.0, -2.5, 5.0, 6, 65, buf.append(s).get(), 4.5
11, 12892, -1.5, 1.0, -2.0, 0.0, 5, 2, append(), -0.5
11, 12893, -1.5, 1.0, -2.0, 0.5, 5, 2, append(), -0.5
11, 12894, -1.5, 1.0, -2.0, 1.0, 1, 2, buf.append(), 0.0
11, 12895, -1.5, 1.0, -2.0, 1.5, 0, 0, buf.append(s), 1.5
11, 12896, -1.5, 1.0, -2.0, 2.0, 0, 0, buf.append(s), 2.5
11, 12897, -1.5, 1.0, -2.0, 2.5, 4, 5, s.append(), 1.5
11, 12898, -1.5, 1.0, -2.0, 3.0, 6, 18, buf.append(s).get(), 1.0
11, 12899, -1.5, 1.0, -2.0, 3.5, 6, 19, buf.append(s).get(), 2.0
11, 12900, -1.5, 1.0, -2.0, 4.0, 6, 23, buf.append(s).get(), 3.0
11, 12901, -1.5, 1.0, -2.0, 4.5, 6, 65, buf.append(s).get(), 4.0
11, 12902, -1.5, 1.0, -2.0, 5.0, 7, 92, buf.append(s).wait(), 5.0
11, 12903, -1.5, 1.0, -1.5, 0.0, 5, 2, append(), -0.5
11, 12904, -1.5, 1.0, -1.5, 0.5, 5, 2, append(), -0.5
11, 12905, -1.5, 1.0, -1.5, 1.0, 1, 2, buf.append(), 0.0
11, 12906, -1.5, 1.0, -1.5, 1.5, 0, 0, buf.append(s), 1.5
11, 12907, -1.5, 1.0, -1.5, 2.0, 0, 0, buf.append(s), 2.5
11, 12908, -1.5, 1.0, -1.5, 2.5, 4, 8, s.append(), 1.5
11, 12909, -1.5, 1.0, -1.5, 3.0, 6, 18, buf.append(s).get(), 1.5
11, 12910, -1.5, 1.0, -1.5, 3.5, 6, 19, buf.append(s).get(), 2.5
11, 12911, -1.5, 1.0, -1.5, 4.0, 6, 71, buf.append(s).get(), 3.5
11, 12912, -1.5, 1.0, -1.5, 4.5, 7, 96, buf.append(s).wait(), 4.5
11, 12913, -1.5, 1.0, -1.5, 5.0, 7, 119, buf.append(s).wait(), 5.5
11, 12914, -1.5, 1.0, -1.0, 0.0, 5, 2, append(), -0.5
11, 12915, -1.5, 1.0, -1.0, 0.5, 5, 2, append(), -0.5
11, 12916, -1.5, 1.0, -1.0, 1.0, 1, 2, buf.append(), 0.0
11, 12917, -1.5, 1.0, -1.0, 1.5, 0, 0, buf.append(s), 1.5
11, 12918, -1.5, 1.0, -1.0, 2.0, 0, 0, buf.append(s), 2.5
11, 12919, -1.5, 1.0, -1.0, 2.5, 4, 11, s.append(), 1.5
11, 12920, -1.5, 1.0, -1.0, 3.0, 6, 18, buf.append(s).get(), 2.0
11, 12921, -1.5, 1.0, -1.0, 3.5, 6, 72, buf.append(s).get(), 3.0
11, 12922, -1.5, 1.0, -1.0, 4.0, 7, 98, buf.append(s).wait(), 4.0
11, 12923, -1.5, 1.0, -1.0, 4.5, 7, 218, buf.append(s).wait(), 5.0
11, 12924, -1.5, 1.0, -1.0, 5.0, 19, 169, s.replace(buf, s).set(), 7.5
11, 12925, -1.5, 1.0, -0.5, 0.0, 5, 2, append(), -0.5
11, 12926, -1.5, 1.0, -0.5, 0.5, 5, 2, append(), -0.5
11, 12927, -1.5, 1.0, -0.5, 1.0, 1, 2, buf.append(), 0.0
11, 12928, -1.5, 1.0, -0.5, 1.5, 0, 0, buf.append(s), 1.5
11, 12929, -1.5, 1.0, -0.5, 2.0, 0, 0, buf.append(s), 2.5
11, 12930, -1.5, 1.0, -0.5, 2.5, 4, 28, s.append(), 1.5
11, 12931, -1.5, 1.0, -0.5, 3.0, 6, 82, buf.append(s).get(), 2.5
11, 12932, -1.5, 1.0, -0.5, 3.5, 19, 187, s.replace(buf, s).exec(), 4.0
11, 12933, -1.5, 1.0, -0.5, 4.0, 19, 248, s.replace(buf, s).exec(), 5.5
11, 12934, -1.5, 1.0, -0.5, 4.5, 32, 101, s.replace(buf, s).put(s.replace(buf, s)), 14.0
11, 12935, -1.5, 1.0, -0.5, 5.0, 32, 125, s.replace(buf, s).put(s.replace(buf, s)), 17.0
11, 12936, -1.5, 1.0, 0.0, 0.0, 5, 44, append(), -0.5
11, 12937, -1.5, 1.0, 0.0, 0.5, 5, 44, append(), -0.5
11, 12938, -1.5, 1.0, 0.0, 1.0, 1, 2, buf.append(), 0.0
11, 12939, -1.5, 1.0, 0.0, 1.5, 0, 0, buf.append(s), 1.5
11, 12940, -1.5, 1.0, 0.0, 2.0, 10, 151, buf, 1.5
11, 12941, -1.5, 1.0, 0.0, 2.5, 13, 227, Void.TYPE, -1.5
11, 12942, -1.5, 1.0, 0.0, 3.0, 47, 167, new Task11().repeatString(new Task11().repeatString(s)), 8.5
11, 12943, -1.5, 1.0, 0.0, 3.5, 47, 242, new Task11().repeatString(new Task11().repeatString(s)), 11.0
11, 12944, -1.5, 1.0, 0.0, 4.0, 53, 249, new Task11().repeatString(s).put(new Task11().repeatString(s)), 14.5
11, 12945, -1.5, 1.0, 0.0, 4.5, 57, 243, new Task11().repeatString(s).concat(new Task11().repeatString(s)), 17.5
11, 12946, -1.5, 1.0, 0.0, 5.0, 57, 245, new Task11().repeatString(s).concat(new Task11().repeatString(s)), 20.5
11, 12947, -1.0, 1.0, -5.0, 0.0, 5, 2, append(), 0.0
11, 12948, -1.0, 1.0, -5.0, 0.5, 0, 0, buf.append(s), 1.0
11, 12949, -1.0, 1.0, -5.0, 1.0, 0, 0, buf.append(s), 2.0
11, 12950, -1.0, 1.0, -5.0, 1.5, 6, 12, buf.append(s).get(), -3.0
11, 12951, -1.0, 1.0, -5.0, 2.0, 6, 12, buf.append(s).get(), -2.0
11, 12952, -1.0, 1.0, -5.0, 2.5, 6, 12, buf.append(s).get(), -1.0
11, 12953, -1.0, 1.0, -5.0, 3.0, 6, 16, buf.append(s).get(), 0.0
11, 12954, -1.0, 1.0, -5.0, 3.5, 6, 22, buf.append(s).get(), 1.0
11, 12955, -1.0, 1.0, -5.0, 4.0, 6, 22, buf.append(s).get(), 2.0
11, 12956, -1.0, 1.0, -5.0, 4.5, 6, 21, buf.append(s).get(), 3.0
11, 12957, -1.0, 1.0, -5.0, 5.0, 6, 23, buf.append(s).get(), 4.0
11, 12958, -1.0, 1.0, -4.5, 0.0, 5, 2, append(), 0.0
11, 12959, -1.0, 1.0, -4.5, 0.5, 0, 0, buf.append(s), 1.0
11, 12960, -1.0, 1.0, -4.5, 1.0, 0, 0, buf.append(s), 2.0
11, 12961, -1.0, 1.0, -4.5, 1.5, 6, 12, buf.append(s).get(), -2.5
11, 12962, -1.0, 1.0, -4.5, 2.0, 6, 12, buf.append(s).get(), -1.5
11, 12963, -1.0, 1.0, -4.5, 2.5, 6, 13, buf.append(s).get(), -0.5
11, 12964, -1.0, 1.0, -4.5, 3.0, 6, 22, buf.append(s).get(), 0.5
11, 12965, -1.0, 1.0, -4.5, 3.5, 6, 21, buf.append(s).get(), 1.5
11, 12966, -1.0, 1.0, -4.5, 4.0, 6, 22, buf.append(s).get(), 2.5
11, 12967, -1.0, 1.0, -4.5, 4.5, 6, 21, buf.append(s).get(), 3.5
11, 12968, -1.0, 1.0, -4.5, 5.0, 6, 22, buf.append(s).get(), 4.5
11, 12969, -1.0, 1.0, -4.0, 0.0, 5, 2, append(), 0.0
11, 12970, -1.0, 1.0, -4.0, 0.5, 0, 0, buf.append(s), 1.0
11, 12971, -1.0, 1.0, -4.0, 1.0, 0, 0, buf.append(s), 2.0
11, 12972, -1.0, 1.0, -4.0, 1.5, 6, 12, buf.append(s).get(), -2.0
11, 12973, -1.0, 1.0, -4.0, 2.0, 6, 12, buf.append(s).get(), -1.0
11, 12974, -1.0, 1.0, -4.0, 2.5, 6, 16, buf.append(s).get(), 0.0
11, 12975, -1.0, 1.0, -4.0, 3.0, 6, 22, buf.append(s).get(), 1.0
11, 12976, -1.0, 1.0, -4.0, 3.5, 6, 22, buf.append(s).get(), 2.0
11, 12977, -1.0, 1.0, -4.0, 4.0, 6, 21, buf.append(s).get(), 3.0
11, 12978, -1.0, 1.0, -4.0, 4.5, 6, 22, buf.append(s).get(), 4.0
11, 12979, -1.0, 1.0, -4.0, 5.0, 6, 21, buf.append(s).get(), 5.0
11, 12980, -1.0, 1.0, -3.5, 0.0, 5, 2, append(), 0.0
11, 12981, -1.0, 1.0, -3.5, 0.5, 0, 0, buf.append(s), 1.0
11, 12982, -1.0, 1.0, -3.5, 1.0, 0, 0, buf.append(s), 2.0
11, 12983, -1.0, 1.0, -3.5, 1.5, 6, 12, buf.append(s).get(), -1.5
11, 12984, -1.0, 1.0, -3.5, 2.0, 6, 12, buf.append(s).get(), -0.5
11, 12985, -1.0, 1.0, -3.5, 2.5, 6, 22, buf.append(s).get(), 0.5
11, 12986, -1.0, 1.0, -3.5, 3.0, 6, 21, buf.append(s).get(), 1.5
11, 12987, -1.0, 1.0, -3.5, 3.5, 6, 21, buf.append(s).get(), 2.5
11, 12988, -1.0, 1.0, -3.5, 4.0, 6, 21, buf.append(s).get(), 3.5
11, 12989, -1.0, 1.0, -3.5, 4.5, 6, 21, buf.append(s).get(), 4.5
11, 12990, -1.0, 1.0, -3.5, 5.0, 6, 57, buf.append(s).get(), 5.5
11, 12991, -1.0, 1.0, -3.0, 0.0, 5, 2, append(), 0.0
11, 12992, -1.0, 1.0, -3.0, 0.5, 0, 0, buf.append(s), 1.0
11, 12993, -1.0, 1.0, -3.0, 1.0, 0, 0, buf.append(s), 2.0
11, 12994, -1.0, 1.0, -3.0, 1.5, 6, 12, buf.append(s).get(), -1.0
11, 12995, -1.0, 1.0, -3.0, 2.0, 6, 12, buf.append(s).get(), 0.0
11, 12996, -1.0, 1.0, -3.0, 2.5, 6, 21, buf.append(s).get(), 1.0
11, 12997, -1.0, 1.0, -3.0, 3.0, 6, 21, buf.append(s).get(), 2.0
11, 12998, -1.0, 1.0, -3.0, 3.5, 6, 20, buf.append(s).get(), 3.0
11, 12999, -1.0, 1.0, -3.0, 4.0, 6, 20, buf.append(s).get(), 4.0
11, 13000, -1.0, 1.0, -3.0, 4.5, 6, 57, buf.append(s).get(), 5.0
11, 13001, -1.0, 1.0, -3.0, 5.0, 6, 74, buf.append(s).get(), 6.0
11, 13002, -1.0, 1.0, -2.5, 0.0, 5, 2, append(), 0.0
11, 13003, -1.0, 1.0, -2.5, 0.5, 0, 0, buf.append(s), 1.0
11, 13004, -1.0, 1.0, -2.5, 1.0, 0, 0, buf.append(s), 2.0
11, 13005, -1.0, 1.0, -2.5, 1.5, 6, 12, buf.append(s).get(), -0.5
11, 13006, -1.0, 1.0, -2.5, 2.0, 6, 20, buf.append(s).get(), 0.5
11, 13007, -1.0, 1.0, -2.5, 2.5, 6, 21, buf.append(s).get(), 1.5
11, 13008, -1.0, 1.0, -2.5, 3.0, 6, 20, buf.append(s).get(), 2.5
11, 13009, -1.0, 1.0, -2.5, 3.5, 6, 20, buf.append(s).get(), 3.5
11, 13010, -1.0, 1.0, -2.5, 4.0, 6, 57, buf.append(s).get(), 4.5
11, 13011, -1.0, 1.0, -2.5, 4.5, 6, 80, buf.append(s).get(), 5.5
11, 13012, -1.0, 1.0, -2.5, 5.0, 7, 100, buf.append(s).wait(), 6.5
11, 13013, -1.0, 1.0, -2.0, 0.0, 5, 2, append(), 0.0
11, 13014, -1.0, 1.0, -2.0, 0.5, 0, 0, buf.append(s), 1.0
11, 13015, -1.0, 1.0, -2.0, 1.0, 0, 0, buf.append(s), 2.0
11, 13016, -1.0, 1.0, -2.0, 1.5, 6, 11, buf.append(s).get(), 0.0
11, 13017, -1.0, 1.0, -2.0, 2.0, 6, 20, buf.append(s).get(), 1.0
11, 13018, -1.0, 1.0, -2.0, 2.5, 6, 17, buf.append(s).get(), 2.0
11, 13019, -1.0, 1.0, -2.0, 3.0, 6, 17, buf.append(s).get(), 3.0
11, 13020, -1.0, 1.0, -2.0, 3.5, 6, 57, buf.append(s).get(), 4.0
11, 13021, -1.0, 1.0, -2.0, 4.0, 6, 81, buf.append(s).get(), 5.0
11, 13022, -1.0, 1.0, -2.0, 4.5, 7, 103, buf.append(s).wait(), 6.0
11, 13023, -1.0, 1.0, -2.0, 5.0, 7, 122, buf.append(s).wait(), 7.0
11, 13024, -1.0, 1.0, -1.5, 0.0, 5, 2, append(), 0.0
11, 13025, -1.0, 1.0, -1.5, 0.5, 0, 0, buf.append(s), 1.0
11, 13026, -1.0, 1.0, -1.5, 1.0, 0, 0, buf.append(s), 2.0
11, 13027, -1.0, 1.0, -1.5, 1.5, 6, 15, buf.append(s).get(), 0.5
11, 13028, -1.0, 1.0, -1.5, 2.0, 6, 18, buf.append(s).get(), 1.5
11, 13029, -1.0, 1.0, -1.5, 2.5, 6, 16, buf.append(s).get(), 2.5
11, 13030, -1.0, 1.0, -1.5, 3.0, 6, 58, buf.append(s).get(), 3.5
11, 13031, -1.0, 1.0, -1.5, 3.5, 6, 85, buf.append(s).get(), 4.5
11, 13032, -1.0, 1.0, -1.5, 4.0, 7, 108, buf.append(s).wait(), 5.5
11, 13033, -1.0, 1.0, -1.5, 4.5, 7, 179, buf.append(s).wait(), 6.5
11, 13034, -1.0, 1.0, -1.5, 5.0, 7, 230, buf.append(s).wait(), 7.5
11, 13035, -1.0, 1.0, -1.0, 0.0, 5, 2, append(), 0.0
11, 13036, -1.0, 1.0, -1.0, 0.5, 0, 0, buf.append(s), 1.0
11, 13037, -1.0, 1.0, -1.0, 1.0, 0, 0, buf.append(s), 2.0
11, 13038, -1.0, 1.0, -1.0, 1.5, 6, 14, buf.append(s).get(), 1.0
11, 13039, -1.0, 1.0, -1.0, 2.0, 6, 12, buf.append(s).get(), 2.0
11, 13040, -1.0, 1.0, -1.0, 2.5, 6, 59, buf.append(s).get(), 3.0
11, 13041, -1.0, 1.0, -1.0, 3.0, 6, 86, buf.append(s).get(), 4.0
11, 13042, -1.0, 1.0, -1.0, 3.5, 7, 174, buf.append(s).wait(), 5.0
11, 13043, -1.0, 1.0, -1.0, 4.0, 7, 232, buf.append(s).wait(), 6.0
11, 13044, -1.0, 1.0, -1.0, 4.5, 19, 184, s.replace(buf, s).set(), 8.5
11, 13045, -1.0, 1.0, -1.0, 5.0, 19, 221, s.replace(buf, s).exec(), 10.0
11, 13046, -1.0, 1.0, -0.5, 0.0, 5, 2, append(), 0.0
11, 13047, -1.0, 1.0, -0.5, 0.5, 0, 0, buf.append(s), 1.0
11, 13048, -1.0, 1.0, -0.5, 1.0, 0, 0, buf.append(s), 2.0
11, 13049, -1.0, 1.0, -0.5, 1.5, 6, 9, buf.append(s).get(), 1.5
11, 13050, -1.0, 1.0, -0.5, 2.0, 6, 55, buf.append(s).get(), 2.5
11, 13051, -1.0, 1.0, -0.5, 2.5, 6, 150, buf.append(s).get(), 3.5
11, 13052, -1.0, 1.0, -0.5, 3.0, 19, 206, s.replace(buf, s).exec(), 5.0
11, 13053, -1.0, 1.0, -0.5, 3.5, 32, 82, s.replace(buf, s).put(s.replace(buf, s)), 12.5
11, 13054, -1.0, 1.0, -0.5, 4.0, 32, 112, s.replace(buf, s).put(s.replace(buf, s)), 15.5
11, 13055, -1.0, 1.0, -0.5, 4.5, 32, 129, s.replace(buf, s).put(s.replace(buf, s)), 18.5
11, 13056, -1.0, 1.0, -0.5, 5.0, 32, 144, s.replace(buf, s).put(s.replace(buf, s)), 21.5
11, 13057, -1.0, 1.0, 0.0, 0.0, 5, 44, append(), 0.0
11, 13058, -1.0, 1.0, 0.0, 0.5, 0, 0, buf.append(s), 1.0
11, 13059, -1.0, 1.0, 0.0, 1.0, 0, 0, buf.append(s), 2.0
11, 13060, -1.0, 1.0, 0.0, 1.5, 13, 226, Void.TYPE, -1.0
11, 13061, -1.0, 1.0, 0.0, 2.0, 47, 175, new Task11().repeatString(new Task11().repeatString(s)), 6.0
11, 13062, -1.0, 1.0, 0.0, 2.5, 53, 249, new Task11().repeatString(s).put(new Task11().repeatString(s)), 9.0
11, 13063, -1.0, 1.0, 0.0, 3.0, 57, 241, new Task11().repeatString(s).concat(new Task11().repeatString(s)), 12.0
11, 13064, -1.0, 1.0, 0.0, 3.5, 57, 245, new Task11().repeatString(s).concat(new Task11().repeatString(s)), 15.0
11, 13065, -1.0, 1.0, 0.0, 4.0, 58, 241, new Task11().repeatString(s).indexOf(new Task11().repeatString(s)), 18.0
11, 13066, -1.0, 1.0, 0.0, 4.5, 77, 197, buf.insert(thisManyTimes, s, thisManyTimes, thisManyTimes).append(s.charAt(thisManyTimes)), 24.5
11, 13067, -1.0, 1.0, 0.0, 5.0, 77, 197, buf.insert(thisManyTimes, s, thisManyTimes, thisManyTimes).append(s.charAt(thisManyTimes)), 28.0
11, 13068, -0.5, 1.0, -5.0, 0.0, 0, 0, buf.append(s), 1.5
11, 13069, -0.5, 1.0, -5.0, 0.5, 6, 9, buf.append(s).get(), -3.0
11, 13070, -0.5, 1.0, -5.0, 1.0, 6, 12, buf.append(s).get(), -2.0
11, 13071, -0.5, 1.0, -5.0, 1.5, 6, 13, buf.append(s).get(), -1.0
11, 13072, -0.5, 1.0, -5.0, 2.0, 6, 16, buf.append(s).get(), 0.0
11, 13073, -0.5, 1.0, -5.0, 2.5, 6, 21, buf.append(s).get(), 1.0
11, 13074, -0.5, 1.0, -5.0, 3.0, 6, 22, buf.append(s).get(), 2.0
11, 13075, -0.5, 1.0, -5.0, 3.5, 6, 21, buf.append(s).get(), 3.0
11, 13076, -0.5, 1.0, -5.0, 4.0, 6, 23, buf.append(s).get(), 4.0
11, 13077, -0.5, 1.0, -5.0, 4.5, 6, 22, buf.append(s).get(), 5.0
11, 13078, -0.5, 1.0, -5.0, 5.0, 6, 23, buf.append(s).get(), 6.0
11, 13079, -0.5, 1.0, -4.5, 0.0, 0, 0, buf.append(s), 1.5
11, 13080, -0.5, 1.0, -4.5, 0.5, 6, 9, buf.append(s).get(), -2.5
11, 13081, -0.5, 1.0, -4.5, 1.0, 6, 12, buf.append(s).get(), -1.5
11, 13082, -0.5, 1.0, -4.5, 1.5, 6, 13, buf.append(s).get(), -0.5
11, 13083, -0.5, 1.0, -4.5, 2.0, 6, 21, buf.append(s).get(), 0.5
11, 13084, -0.5, 1.0, -4.5, 2.5, 6, 21, buf.append(s).get(), 1.5
11, 13085, -0.5, 1.0, -4.5, 3.0, 6, 22, buf.append(s).get(), 2.5
11, 13086, -0.5, 1.0, -4.5, 3.5, 6, 21, buf.append(s).get(), 3.5
11, 13087, -0.5, 1.0, -4.5, 4.0, 6, 22, buf.append(s).get(), 4.5
11, 13088, -0.5, 1.0, -4.5, 4.5, 6, 23, buf.append(s).get(), 5.5
11, 13089, -0.5, 1.0, -4.5, 5.0, 6, 58, buf.append(s).get(), 6.5
11, 13090, -0.5, 1.0, -4.0, 0.0, 0, 0, buf.append(s), 1.5
11, 13091, -0.5, 1.0, -4.0, 0.5, 6, 9, buf.append(s).get(), -2.0
11, 13092, -0.5, 1.0, -4.0, 1.0, 6, 12, buf.append(s).get(), -1.0
11, 13093, -0.5, 1.0, -4.0, 1.5, 6, 16, buf.append(s).get(), 0.0
11, 13094, -0.5, 1.0, -4.0, 2.0, 6, 22, buf.append(s).get(), 1.0
11, 13095, -0.5, 1.0, -4.0, 2.5, 6, 22, buf.append(s).get(), 2.0
11, 13096, -0.5, 1.0, -4.0, 3.0, 6, 21, buf.append(s).get(), 3.0
11, 13097, -0.5, 1.0, -4.0, 3.5, 6, 21, buf.append(s).get(), 4.0
11, 13098, -0.5, 1.0, -4.0, 4.0, 6, 22, buf.append(s).get(), 5.0
11, 13099, -0.5, 1.0, -4.0, 4.5, 6, 58, buf.append(s).get(), 6.0
11, 13100, -0.5, 1.0, -4.0, 5.0, 6, 62, buf.append(s).get(), 7.0
11, 13101, -0.5, 1.0, -3.5, 0.0, 0, 0, buf.append(s), 1.5
11, 13102, -0.5, 1.0, -3.5, 0.5, 6, 9, buf.append(s).get(), -1.5
11, 13103, -0.5, 1.0, -3.5, 1.0, 6, 12, buf.append(s).get(), -0.5
11, 13104, -0.5, 1.0, -3.5, 1.5, 6, 22, buf.append(s).get(), 0.5
11, 13105, -0.5, 1.0, -3.5, 2.0, 6, 21, buf.append(s).get(), 1.5
11, 13106, -0.5, 1.0, -3.5, 2.5, 6, 19, buf.append(s).get(), 2.5
11, 13107, -0.5, 1.0, -3.5, 3.0, 6, 19, buf.append(s).get(), 3.5
11, 13108, -0.5, 1.0, -3.5, 3.5, 6, 21, buf.append(s).get(), 4.5
11, 13109, -0.5, 1.0, -3.5, 4.0, 6, 58, buf.append(s).get(), 5.5
11, 13110, -0.5, 1.0, -3.5, 4.5, 6, 62, buf.append(s).get(), 6.5
11, 13111, -0.5, 1.0, -3.5, 5.0, 6, 89, buf.append(s).get(), 7.5
11, 13112, -0.5, 1.0, -3.0, 0.0, 0, 0, buf.append(s), 1.5
11, 13113, -0.5, 1.0, -3.0, 0.5, 6, 9, buf.append(s).get(), -1.0
11, 13114, -0.5, 1.0, -3.0, 1.0, 6, 12, buf.append(s).get(), 0.0
11, 13115, -0.5, 1.0, -3.0, 1.5, 6, 21, buf.append(s).get(), 1.0
11, 13116, -0.5, 1.0, -3.0, 2.0, 6, 21, buf.append(s).get(), 2.0
11, 13117, -0.5, 1.0, -3.0, 2.5, 6, 20, buf.append(s).get(), 3.0
11, 13118, -0.5, 1.0, -3.0, 3.0, 6, 21, buf.append(s).get(), 4.0
11, 13119, -0.5, 1.0, -3.0, 3.5, 6, 57, buf.append(s).get(), 5.0
11, 13120, -0.5, 1.0, -3.0, 4.0, 6, 62, buf.append(s).get(), 6.0
11, 13121, -0.5, 1.0, -3.0, 4.5, 6, 89, buf.append(s).get(), 7.0
11, 13122, -0.5, 1.0, -3.0, 5.0, 7, 104, buf.append(s).wait(), 8.0
11, 13123, -0.5, 1.0, -2.5, 0.0, 0, 0, buf.append(s), 1.5
11, 13124, -0.5, 1.0, -2.5, 0.5, 6, 9, buf.append(s).get(), -0.5
11, 13125, -0.5, 1.0, -2.5, 1.0, 6, 20, buf.append(s).get(), 0.5
11, 13126, -0.5, 1.0, -2.5, 1.5, 6, 20, buf.append(s).get(), 1.5
11, 13127, -0.5, 1.0, -2.5, 2.0, 6, 18, buf.append(s).get(), 2.5
11, 13128, -0.5, 1.0, -2.5, 2.5, 6, 20, buf.append(s).get(), 3.5
11, 13129, -0.5, 1.0, -2.5, 3.0, 6, 57, buf.append(s).get(), 4.5
11, 13130, -0.5, 1.0, -2.5, 3.5, 6, 64, buf.append(s).get(), 5.5
11, 13131, -0.5, 1.0, -2.5, 4.0, 6, 94, buf.append(s).get(), 6.5
11, 13132, -0.5, 1.0, -2.5, 4.5, 7, 109, buf.append(s).wait(), 7.5
11, 13133, -0.5, 1.0, -2.5, 5.0, 7, 124, buf.append(s).wait(), 8.5
11, 13134, -0.5, 1.0, -2.0, 0.0, 0, 0, buf.append(s), 1.5
11, 13135, -0.5, 1.0, -2.0, 0.5, 6, 9, buf.append(s).get(), 0.0
11, 13136, -0.5, 1.0, -2.0, 1.0, 6, 20, buf.append(s).get(), 1.0
11, 13137, -0.5, 1.0, -2.0, 1.5, 6, 17, buf.append(s).get(), 2.0
11, 13138, -0.5, 1.0, -2.0, 2.0, 6, 18, buf.append(s).get(), 3.0
11, 13139, -0.5, 1.0, -2.0, 2.5, 6, 53, buf.append(s).get(), 4.0
11, 13140, -0.5, 1.0, -2.0, 3.0, 6, 68, buf.append(s).get(), 5.0
11, 13141, -0.5, 1.0, -2.0, 3.5, 6, 94, buf.append(s).get(), 6.0
11, 13142, -0.5, 1.0, -2.0, 4.0, 7, 114, buf.append(s).wait(), 7.0
11, 13143, -0.5, 1.0, -2.0, 4.5, 7, 176, buf.append(s).wait(), 8.0
11, 13144, -0.5, 1.0, -2.0, 5.0, 7, 189, buf.append(s).wait(), 9.0
11, 13145, -0.5, 1.0, -1.5, 0.0, 0, 0, buf.append(s), 1.5
11, 13146, -0.5, 1.0, -1.5, 0.5, 6, 11, buf.append(s).get(), 0.5
11, 13147, -0.5, 1.0, -1.5, 1.0, 6, 18, buf.append(s).get(), 1.5
11, 13148, -0.5, 1.0, -1.5, 1.5, 6, 15, buf.append(s).get(), 2.5
11, 13149, -0.5, 1.0, -1.5, 2.0, 6, 50, buf.append(s).get(), 3.5
11, 13150, -0.5, 1.0, -1.5, 2.5, 6, 73, buf.append(s).get(), 4.5
11, 13151, -0.5, 1.0, -1.5, 3.0, 6, 98, buf.append(s).get(), 5.5
11, 13152, -0.5, 1.0, -1.5, 3.5, 7, 166, buf.append(s).wait(), 6.5
11, 13153, -0.5, 1.0, -1.5, 4.0, 7, 189, buf.append(s).wait(), 7.5
11, 13154, -0.5, 1.0, -1.5, 4.5, 7, 247, buf.append(s).wait(), 8.5
11, 13155, -0.5, 1.0, -1.5, 5.0, 9, 200, buf.append(s).append(), 11.0
11, 13156, -0.5, 1.0, -1.0, 0.0, 0, 0, buf.append(s), 1.5
11, 13157, -0.5, 1.0, -1.0, 0.5, 6, 10, buf.append(s).get(), 1.0
11, 13158, -0.5, 1.0, -1.0, 1.0, 6, 11, buf.append(s).get(), 2.0
11, 13159, -0.5, 1.0, -1.0, 1.5, 6, 44, buf.append(s).get(), 3.0
11, 13160, -0.5, 1.0, -1.0, 2.0, 6, 76, buf.append(s).get(), 4.0
11, 13161, -0.5, 1.0, -1.0, 2.5, 6, 145, buf.append(s).get(), 5.0
11, 13162, -0.5, 1.0, -1.0, 3.0, 7, 191, buf.append(s).wait(), 6.0
11, 13163, -0.5, 1.0, -1.0, 3.5, 9, 186, buf.append(s).append(), 8.0
11, 13164, -0.5, 1.0, -1.0, 4.0, 19, 210, s.replace(buf, s).set(), 9.5
11, 13165, -0.5, 1.0, -1.0, 4.5, 32, 53, s.replace(buf, s).put(s.replace(buf, s)), 21.5
11, 13166, -0.5, 1.0, -1.0, 5.0, 32, 69, s.replace(buf, s).put(s.replace(buf, s)), 24.5
11, 13167, -0.5, 1.0, -0.5, 0.0, 0, 0, buf.append(s), 1.5
11, 13168, -0.5, 1.0, -0.5, 0.5, 6, 5, buf.append(s).get(), 1.5
11, 13169, -0.5, 1.0, -0.5, 1.0, 6, 25, buf.append(s).get(), 2.5
11, 13170, -0.5, 1.0, -0.5, 1.5, 6, 107, buf.append(s).get(), 3.5
11, 13171, -0.5, 1.0, -0.5, 2.0, 6, 188, buf.append(s).get(), 4.5
11, 13172, -0.5, 1.0, -0.5, 2.5, 32, 58, s.replace(buf, s).put(s.replace(buf, s)), 11.0
11, 13173, -0.5, 1.0, -0.5, 3.0, 32, 93, s.replace(buf, s).put(s.replace(buf, s)), 14.0
11, 13174, -0.5, 1.0, -0.5, 3.5, 32, 118, s.replace(buf, s).put(s.replace(buf, s)), 17.0
11, 13175, -0.5, 1.0, -0.5, 4.0, 32, 134, s.replace(buf, s).put(s.replace(buf, s)), 20.0
11, 13176, -0.5, 1.0, -0.5, 4.5, 32, 149, s.replace(buf, s).put(s.replace(buf, s)), 23.0
11, 13177, -0.5, 1.0, -0.5, 5.0, 32, 149, s.replace(buf, s).put(s.replace(buf, s)), 26.0
11, 13178, -0.5, 1.0, 0.0, 0.0, 0, 0, buf.append(s), 1.5
11, 13179, -0.5, 1.0, 0.0, 0.5, 6, 42, buf.append(s).get(), 2.0
11, 13180, -0.5, 1.0, 0.0, 1.0, 36, 198, buf.append(s, thisManyTimes, thisManyTimes).get(), 4.0
11, 13181, -0.5, 1.0, 0.0, 1.5, 40, 249, s.replace(buf, s).put(new Task11().repeatString(s)), 7.0
11, 13182, -0.5, 1.0, 0.0, 2.0, 43, 245, s.replace(buf, s).concat(new Task11().repeatString(s)), 10.0
11, 13183, -0.5, 1.0, 0.0, 2.5, 65, 232, s.replace(buf, s).replace(s.charAt(thisManyTimes), s.charAt(thisManyTimes)), 14.0
11, 13184, -0.5, 1.0, 0.0, 3.0, 65, 237, s.replace(buf, s).replace(s.charAt(thisManyTimes), s.charAt(thisManyTimes)), 17.5
11, 13185, -0.5, 1.0, 0.0, 3.5, 65, 237, s.replace(buf, s).replace(s.charAt(thisManyTimes), s.charAt(thisManyTimes)), 21.0
11, 13186, -0.5, 1.0, 0.0, 4.0, 65, 237, s.replace(buf, s).replace(s.charAt(thisManyTimes), s.charAt(thisManyTimes)), 24.5
11, 13187, -0.5, 1.0, 0.0, 4.5, 65, 237, s.replace(buf, s).replace(s.charAt(thisManyTimes), s.charAt(thisManyTimes)), 28.0
11, 13188, -0.5, 1.0, 0.0, 5.0, 65, 237, s.replace(buf, s).replace(s.charAt(thisManyTimes), s.charAt(thisManyTimes)), 31.5
11, 13189, 0.0, 1.0, -5.0, 0.0, 6, 10, buf.append(s).get(), -2.0
11, 13190, 0.0, 1.0, -5.0, 0.5, 6, 13, buf.append(s).get(), -1.0
11, 13191, 0.0, 1.0, -5.0, 1.0, 6, 16, buf.append(s).get(), 0.0
11, 13192, 0.0, 1.0, -5.0, 1.5, 6, 21, buf.append(s).get(), 1.0
11, 13193, 0.0, 1.0, -5.0, 2.0, 6, 22, buf.append(s).get(), 2.0
11, 13194, 0.0, 1.0, -5.0, 2.5, 6, 19, buf.append(s).get(), 3.0
11, 13195, 0.0, 1.0, -5.0, 3.0, 6, 20, buf.append(s).get(), 4.0
11, 13196, 0.0, 1.0, -5.0, 3.5, 6, 24, buf.append(s).get(), 5.0
11, 13197, 0.0, 1.0, -5.0, 4.0, 6, 23, buf.append(s).get(), 6.0
11, 13198, 0.0, 1.0, -5.0, 4.5, 6, 59, buf.append(s).get(), 7.0
11, 13199, 0.0, 1.0, -5.0, 5.0, 6, 64, buf.append(s).get(), 8.0
11, 13200, 0.0, 1.0, -4.5, 0.0, 6, 10, buf.append(s).get(), -1.5
11, 13201, 0.0, 1.0, -4.5, 0.5, 6, 14, buf.append(s).get(), -0.5
11, 13202, 0.0, 1.0, -4.5, 1.0, 6, 22, buf.append(s).get(), 0.5
11, 13203, 0.0, 1.0, -4.5, 1.5, 6, 22, buf.append(s).get(), 1.5
11, 13204, 0.0, 1.0, -4.5, 2.0, 6, 22, buf.append(s).get(), 2.5
11, 13205, 0.0, 1.0, -4.5, 2.5, 6, 20, buf.append(s).get(), 3.5
11, 13206, 0.0, 1.0, -4.5, 3.0, 6, 22, buf.append(s).get(), 4.5
11, 13207, 0.0, 1.0, -4.5, 3.5, 6, 23, buf.append(s).get(), 5.5
11, 13208, 0.0, 1.0, -4.5, 4.0, 6, 59, buf.append(s).get(), 6.5
11, 13209, 0.0, 1.0, -4.5, 4.5, 6, 64, buf.append(s).get(), 7.5
11, 13210, 0.0, 1.0, -4.5, 5.0, 6, 75, buf.append(s).get(), 8.5
11, 13211, 0.0, 1.0, -4.0, 0.0, 6, 10, buf.append(s).get(), -1.0
11, 13212, 0.0, 1.0, -4.0, 0.5, 6, 16, buf.append(s).get(), 0.0
11, 13213, 0.0, 1.0, -4.0, 1.0, 6, 21, buf.append(s).get(), 1.0
11, 13214, 0.0, 1.0, -4.0, 1.5, 6, 22, buf.append(s).get(), 2.0
11, 13215, 0.0, 1.0, -4.0, 2.0, 6, 18, buf.append(s).get(), 3.0
11, 13216, 0.0, 1.0, -4.0, 2.5, 6, 22, buf.append(s).get(), 4.0
11, 13217, 0.0, 1.0, -4.0, 3.0, 6, 21, buf.append(s).get(), 5.0
11, 13218, 0.0, 1.0, -4.0, 3.5, 6, 59, buf.append(s).get(), 6.0
11, 13219, 0.0, 1.0, -4.0, 4.0, 6, 64, buf.append(s).get(), 7.0
11, 13220, 0.0, 1.0, -4.0, 4.5, 6, 75, buf.append(s).get(), 8.0
11, 13221, 0.0, 1.0, -4.0, 5.0, 6, 91, buf.append(s).get(), 9.0
11, 13222, 0.0, 1.0, -3.5, 0.0, 6, 10, buf.append(s).get(), -0.5
11, 13223, 0.0, 1.0, -3.5, 0.5, 6, 22, buf.append(s).get(), 0.5
11, 13224, 0.0, 1.0, -3.5, 1.0, 6, 21, buf.append(s).get(), 1.5
11, 13225, 0.0, 1.0, -3.5, 1.5, 6, 18, buf.append(s).get(), 2.5
11, 13226, 0.0, 1.0, -3.5, 2.0, 6, 20, buf.append(s).get(), 3.5
11, 13227, 0.0, 1.0, -3.5, 2.5, 6, 21, buf.append(s).get(), 4.5
11, 13228, 0.0, 1.0, -3.5, 3.0, 6, 56, buf.append(s).get(), 5.5
11, 13229, 0.0, 1.0, -3.5, 3.5, 6, 64, buf.append(s).get(), 6.5
11, 13230, 0.0, 1.0, -3.5, 4.0, 6, 77, buf.append(s).get(), 7.5
11, 13231, 0.0, 1.0, -3.5, 4.5, 6, 96, buf.append(s).get(), 8.5
11, 13232, 0.0, 1.0, -3.5, 5.0, 7, 109, buf.append(s).wait(), 9.5
11, 13233, 0.0, 1.0, -3.0, 0.0, 6, 10, buf.append(s).get(), 0.0
11, 13234, 0.0, 1.0, -3.0, 0.5, 6, 22, buf.append(s).get(), 1.0
11, 13235, 0.0, 1.0, -3.0, 1.0, 6, 21, buf.append(s).get(), 2.0
11, 13236, 0.0, 1.0, -3.0, 1.5, 6, 19, buf.append(s).get(), 3.0
11, 13237, 0.0, 1.0, -3.0, 2.0, 6, 20, buf.append(s).get(), 4.0
11, 13238, 0.0, 1.0, -3.0, 2.5, 6, 54, buf.append(s).get(), 5.0
11, 13239, 0.0, 1.0, -3.0, 3.0, 6, 64, buf.append(s).get(), 6.0
11, 13240, 0.0, 1.0, -3.0, 3.5, 6, 81, buf.append(s).get(), 7.0
11, 13241, 0.0, 1.0, -3.0, 4.0, 6, 97, buf.append(s).get(), 8.0
11, 13242, 0.0, 1.0, -3.0, 4.5, 7, 116, buf.append(s).wait(), 9.0
11, 13243, 0.0, 1.0, -3.0, 5.0, 7, 126, buf.append(s).wait(), 10.0
11, 13244, 0.0, 1.0, -2.5, 0.0, 6, 12, buf.append(s).get(), 0.5
11, 13245, 0.0, 1.0, -2.5, 0.5, 6, 19, buf.append(s).get(), 1.5
11, 13246, 0.0, 1.0, -2.5, 1.0, 6, 19, buf.append(s).get(), 2.5
11, 13247, 0.0, 1.0, -2.5, 1.5, 6, 18, buf.append(s).get(), 3.5
11, 13248, 0.0, 1.0, -2.5, 2.0, 6, 48, buf.append(s).get(), 4.5
11, 13249, 0.0, 1.0, -2.5, 2.5, 6, 65, buf.append(s).get(), 5.5
11, 13250, 0.0, 1.0, -2.5, 3.0, 6, 86, buf.append(s).get(), 6.5
11, 13251, 0.0, 1.0, -2.5, 3.5, 6, 101, buf.append(s).get(), 7.5
11, 13252, 0.0, 1.0, -2.5, 4.0, 7, 116, buf.append(s).wait(), 8.5
11, 13253, 0.0, 1.0, -2.5, 4.5, 7, 174, buf.append(s).wait(), 9.5
11, 13254, 0.0, 1.0, -2.5, 5.0, 7, 185, buf.append(s).wait(), 10.5
11, 13255, 0.0, 1.0, -2.0, 0.0, 6, 11, buf.append(s).get(), 1.0
11, 13256, 0.0, 1.0, -2.0, 0.5, 6, 16, buf.append(s).get(), 2.0
11, 13257, 0.0, 1.0, -2.0, 1.0, 6, 16, buf.append(s).get(), 3.0
11, 13258, 0.0, 1.0, -2.0, 1.5, 6, 47, buf.append(s).get(), 4.0
11, 13259, 0.0, 1.0, -2.0, 2.0, 6, 65, buf.append(s).get(), 5.0
11, 13260, 0.0, 1.0, -2.0, 2.5, 6, 88, buf.append(s).get(), 6.0
11, 13261, 0.0, 1.0, -2.0, 3.0, 6, 108, buf.append(s).get(), 7.0
11, 13262, 0.0, 1.0, -2.0, 3.5, 7, 159, buf.append(s).wait(), 8.0
11, 13263, 0.0, 1.0, -2.0, 4.0, 7, 185, buf.append(s).wait(), 9.0
11, 13264, 0.0, 1.0, -2.0, 4.5, 7, 205, buf.append(s).wait(), 10.0
11, 13265, 0.0, 1.0, -2.0, 5.0, 7, 248, buf.append(s).wait(), 11.0
11, 13266, 0.0, 1.0, -1.5, 0.0, 6, 10, buf.append(s).get(), 1.5
11, 13267, 0.0, 1.0, -1.5, 0.5, 6, 16, buf.append(s).get(), 2.5
11, 13268, 0.0, 1.0, -1.5, 1.0, 6, 39, buf.append(s).get(), 3.5
11, 13269, 0.0, 1.0, -1.5, 1.5, 6, 68, buf.append(s).get(), 4.5
11, 13270, 0.0, 1.0, -1.5, 2.0, 6, 89, buf.append(s).get(), 5.5
11, 13271, 0.0, 1.0, -1.5, 2.5, 6, 147, buf.append(s).get(), 6.5
11, 13272, 0.0, 1.0, -1.5, 3.0, 7, 188, buf.append(s).wait(), 7.5
11, 13273, 0.0, 1.0, -1.5, 3.5, 7, 204, buf.append(s).wait(), 8.5
11, 13274, 0.0, 1.0, -1.5, 4.0, 9, 205, buf.append(s).append(), 11.0
11, 13275, 0.0, 1.0, -1.5, 4.5, 9, 227, buf.append(s).append(), 12.0
11, 13276, 0.0, 1.0, -1.5, 5.0, 19, 230, s.replace(buf, s).set(), 14.0
11, 13277, 0.0, 1.0, -1.0, 0.0, 6, 7, buf.append(s).get(), 2.0
11, 13278, 0.0, 1.0, -1.0, 0.5, 6, 26, buf.append(s).get(), 3.0
11, 13279, 0.0, 1.0, -1.0, 1.0, 6, 63, buf.append(s).get(), 4.0
11, 13280, 0.0, 1.0, -1.0, 1.5, 6, 121, buf.append(s).get(), 5.0
11, 13281, 0.0, 1.0, -1.0, 2.0, 6, 174, buf.append(s).get(), 6.0
11, 13282, 0.0, 1.0, -1.0, 2.5, 7, 226, buf.append(s).wait(), 7.0
11, 13283, 0.0, 1.0, -1.0, 3.0, 9, 218, buf.append(s).append(), 9.0
11, 13284, 0.0, 1.0, -1.0, 3.5, 28, 174, s.exec().equals(s.replace(buf, s)), 13.0
11, 13285, 0.0, 1.0, -1.0, 4.0, 32, 56, s.replace(buf, s).put(s.replace(buf, s)), 23.0
11, 13286, 0.0, 1.0, -1.0, 4.5, 32, 77, s.replace(buf, s).put(s.replace(buf, s)), 26.0
11, 13287, 0.0, 1.0, -1.0, 5.0, 32, 100, s.replace(buf, s).put(s.replace(buf, s)), 29.0
11, 13288, 0.0, 1.0, -0.5, 0.0, 6, 16, buf.append(s).get(), 2.5
11, 13289, 0.0, 1.0, -0.5, 0.5, 6, 57, buf.append(s).get(), 3.5
11, 13290, 0.0, 1.0, -0.5, 1.0, 6, 153, buf.append(s).get(), 4.5
11, 13291, 0.0, 1.0, -0.5, 1.5, 6, 249, buf.append(s).get(), 5.5
11, 13292, 0.0, 1.0, -0.5, 2.0, 32, 73, s.replace(buf, s).put(s.replace(buf, s)), 12.5
11, 13293, 0.0, 1.0, -0.5, 2.5, 32, 108, s.replace(buf, s).put(s.replace(buf, s)), 15.5
11, 13294, 0.0, 1.0, -0.5, 3.0, 32, 122, s.replace(buf, s).put(s.replace(buf, s)), 18.5
11, 13295, 0.0, 1.0, -0.5, 3.5, 32, 139, s.replace(buf, s).put(s.replace(buf, s)), 21.5
11, 13296, 0.0, 1.0, -0.5, 4.0, 32, 150, s.replace(buf, s).put(s.replace(buf, s)), 24.5
11, 13297, 0.0, 1.0, -0.5, 4.5, 32, 151, s.replace(buf, s).put(s.replace(buf, s)), 27.5
11, 13298, 0.0, 1.0, -0.5, 5.0, 32, 157, s.replace(buf, s).put(s.replace(buf, s)), 30.5
11, 13299, 0.0, 1.0, 0.0, 0.0, 29, 36, s.replace(buf, appendCodePoint()).wait(), 3.0
11, 13300, 0.0, 1.0, 0.0, 0.5, 49, 216, s.replace(buf, appendCodePoint()).indexOf(s.replaceAll(s, s)), 5.5
11, 13301, 0.0, 1.0, 0.0, 1.0, 36, 244, s.replace(buf, s).endsWith(s.replace(buf, s)), 8.0
11, 13302, 0.0, 1.0, 0.0, 1.5, 56, 130, s.replace(buf, s).replaceAll(s.replace(buf, s), s.replace(buf, s)), 15.5
11, 13303, 0.0, 1.0, 0.0, 2.0, 56, 130, s.replace(buf, s).replaceAll(s.replace(buf, s), s.replace(buf, s)), 20.0
11, 13304, 0.0, 1.0, 0.0, 2.5, 56, 130, s.replace(buf, s).replaceAll(s.replace(buf, s), s.replace(buf, s)), 24.5
11, 13305, 0.0, 1.0, 0.0, 3.0, 56, 130, s.replace(buf, s).replaceAll(s.replace(buf, s), s.replace(buf, s)), 29.0
11, 13306, 0.0, 1.0, 0.0, 3.5, 56, 130, s.replace(buf, s).replaceAll(s.replace(buf, s), s.replace(buf, s)), 33.5
11, 13307, 0.0, 1.0, 0.0, 4.0, 56, 130, s.replace(buf, s).replaceAll(s.replace(buf, s), s.replace(buf, s)), 38.0
11, 13308, 0.0, 1.0, 0.0, 4.5, 56, 130, s.replace(buf, s).replaceAll(s.replace(buf, s), s.replace(buf, s)), 42.5
11, 13309, 0.0, 1.0, 0.0, 5.0, 56, 130, s.replace(buf, s).replaceAll(s.replace(buf, s), s.replace(buf, s)), 47.0
