12, 13310, -5.0, 1.0, -5.0, 0.0, 14, 0, readLine(), -3.0
12, 13311, -5.0, 1.0, -5.0, 0.5, 14, 0, readLine(), -3.0
12, 13312, -5.0, 1.0, -5.0, 1.0, 14, 0, readLine(), -3.0
12, 13313, -5.0, 1.0, -5.0, 1.5, 14, 0, readLine(), -3.0
12, 13314, -5.0, 1.0, -5.0, 2.0, 14, 0, readLine(), -3.0
12, 13315, -5.0, 1.0, -5.0, 2.5, 14, 0, readLine(), -3.0
12, 13316, -5.0, 1.0, -5.0, 3.0, 14, 0, readLine(), -3.0
12, 13317, -5.0, 1.0, -5.0, 3.5, 14, 0, readLine(), -3.0
12, 13318, -5.0, 1.0, -5.0, 4.0, 14, 0, readLine(), -3.0
12, 13319, -5.0, 1.0, -5.0, 4.5, 14, 0, readLine(), -3.0
12, 13320, -5.0, 1.0, -5.0, 5.0, 14, 0, readLine(), -3.0
12, 13321, -5.0, 1.0, -4.5, 0.0, 14, 0, readLine(), -3.0
12, 13322, -5.0, 1.0, -4.5, 0.5, 14, 0, readLine(), -3.0
12, 13323, -5.0, 1.0, -4.5, 1.0, 14, 0, readLine(), -3.0
12, 13324, -5.0, 1.0, -4.5, 1.5, 14, 0, readLine(), -3.0
12, 13325, -5.0, 1.0, -4.5, 2.0, 14, 0, readLine(), -3.0
12, 13326, -5.0, 1.0, -4.5, 2.5, 14, 0, readLine(), -3.0
12, 13327, -5.0, 1.0, -4.5, 3.0, 14, 0, readLine(), -3.0
12, 13328, -5.0, 1.0, -4.5, 3.5, 14, 0, readLine(), -3.0
12, 13329, -5.0, 1.0, -4.5, 4.0, 14, 0, readLine(), -3.0
12, 13330, -5.0, 1.0, -4.5, 4.5, 14, 0, readLine(), -3.0
12, 13331, -5.0, 1.0, -4.5, 5.0, 14, 0, readLine(), -3.0
12, 13332, -5.0, 1.0, -4.0, 0.0, 14, 0, readLine(), -3.0
12, 13333, -5.0, 1.0, -4.0, 0.5, 14, 0, readLine(), -3.0
12, 13334, -5.0, 1.0, -4.0, 1.0, 14, 0, readLine(), -3.0
12, 13335, -5.0, 1.0, -4.0, 1.5, 14, 0, readLine(), -3.0
12, 13336, -5.0, 1.0, -4.0, 2.0, 14, 0, readLine(), -3.0
12, 13337, -5.0, 1.0, -4.0, 2.5, 14, 0, readLine(), -3.0
12, 13338, -5.0, 1.0, -4.0, 3.0, 14, 0, readLine(), -3.0
12, 13339, -5.0, 1.0, -4.0, 3.5, 14, 0, readLine(), -3.0
12, 13340, -5.0, 1.0, -4.0, 4.0, 14, 0, readLine(), -3.0
12, 13341, -5.0, 1.0, -4.0, 4.5, 14, 0, readLine(), -3.0
12, 13342, -5.0, 1.0, -4.0, 5.0, 14, 0, readLine(), -3.0
12, 13343, -5.0, 1.0, -3.5, 0.0, 14, 0, readLine(), -3.0
12, 13344, -5.0, 1.0, -3.5, 0.5, 14, 0, readLine(), -3.0
12, 13345, -5.0, 1.0, -3.5, 1.0, 14, 0, readLine(), -3.0
12, 13346, -5.0, 1.0, -3.5, 1.5, 14, 0, readLine(), -3.0
12, 13347, -5.0, 1.0, -3.5, 2.0, 14, 0, readLine(), -3.0
12, 13348, -5.0, 1.0, -3.5, 2.5, 14, 0, readLine(), -3.0
12, 13349, -5.0, 1.0, -3.5, 3.0, 14, 0, readLine(), -3.0
12, 13350, -5.0, 1.0, -3.5, 3.5, 14, 0, readLine(), -3.0
12, 13351, -5.0, 1.0, -3.5, 4.0, 14, 0, readLine(), -3.0
12, 13352, -5.0, 1.0, -3.5, 4.5, 14, 0, readLine(), -3.0
12, 13353, -5.0, 1.0, -3.5, 5.0, 14, 0, readLine(), -3.0
12, 13354, -5.0, 1.0, -3.0, 0.0, 14, 0, readLine(), -3.0
12, 13355, -5.0, 1.0, -3.0, 0.5, 14, 0, readLine(), -3.0
12, 13356, -5.0, 1.0, -3.0, 1.0, 14, 0, readLine(), -3.0
12, 13357, -5.0, 1.0, -3.0, 1.5, 14, 0, readLine(), -3.0
12, 13358, -5.0, 1.0, -3.0, 2.0, 14, 0, readLine(), -3.0
12, 13359, -5.0, 1.0, -3.0, 2.5, 14, 0, readLine(), -3.0
12, 13360, -5.0, 1.0, -3.0, 3.0, 14, 0, readLine(), -3.0
12, 13361, -5.0, 1.0, -3.0, 3.5, 14, 0, readLine(), -3.0
12, 13362, -5.0, 1.0, -3.0, 4.0, 14, 0, readLine(), -3.0
12, 13363, -5.0, 1.0, -3.0, 4.5, 14, 0, readLine(), -3.0
12, 13364, -5.0, 1.0, -3.0, 5.0, 14, 0, readLine(), -3.0
12, 13365, -5.0, 1.0, -2.5, 0.0, 14, 0, readLine(), -3.0
12, 13366, -5.0, 1.0, -2.5, 0.5, 14, 0, readLine(), -3.0
12, 13367, -5.0, 1.0, -2.5, 1.0, 14, 0, readLine(), -3.0
12, 13368, -5.0, 1.0, -2.5, 1.5, 14, 0, readLine(), -3.0
12, 13369, -5.0, 1.0, -2.5, 2.0, 14, 0, readLine(), -3.0
12, 13370, -5.0, 1.0, -2.5, 2.5, 14, 0, readLine(), -3.0
12, 13371, -5.0, 1.0, -2.5, 3.0, 14, 0, readLine(), -3.0
12, 13372, -5.0, 1.0, -2.5, 3.5, 14, 0, readLine(), -3.0
12, 13373, -5.0, 1.0, -2.5, 4.0, 14, 0, readLine(), -3.0
12, 13374, -5.0, 1.0, -2.5, 4.5, 14, 0, readLine(), -3.0
12, 13375, -5.0, 1.0, -2.5, 5.0, 14, 0, readLine(), -3.0
12, 13376, -5.0, 1.0, -2.0, 0.0, 14, 0, readLine(), -3.0
12, 13377, -5.0, 1.0, -2.0, 0.5, 14, 0, readLine(), -3.0
12, 13378, -5.0, 1.0, -2.0, 1.0, 14, 0, readLine(), -3.0
12, 13379, -5.0, 1.0, -2.0, 1.5, 14, 0, readLine(), -3.0
12, 13380, -5.0, 1.0, -2.0, 2.0, 14, 0, readLine(), -3.0
12, 13381, -5.0, 1.0, -2.0, 2.5, 14, 0, readLine(), -3.0
12, 13382, -5.0, 1.0, -2.0, 3.0, 14, 0, readLine(), -3.0
12, 13383, -5.0, 1.0, -2.0, 3.5, 14, 0, readLine(), -3.0
12, 13384, -5.0, 1.0, -2.0, 4.0, 14, 0, readLine(), -3.0
12, 13385, -5.0, 1.0, -2.0, 4.5, 14, 0, readLine(), -3.0
12, 13386, -5.0, 1.0, -2.0, 5.0, 14, 0, readLine(), -3.0
12, 13387, -5.0, 1.0, -1.5, 0.0, 14, 0, readLine(), -3.0
12, 13388, -5.0, 1.0, -1.5, 0.5, 14, 0, readLine(), -3.0
12, 13389, -5.0, 1.0, -1.5, 1.0, 14, 0, readLine(), -3.0
12, 13390, -5.0, 1.0, -1.5, 1.5, 14, 0, readLine(), -3.0
12, 13391, -5.0, 1.0, -1.5, 2.0, 14, 0, readLine(), -3.0
12, 13392, -5.0, 1.0, -1.5, 2.5, 14, 0, readLine(), -3.0
12, 13393, -5.0, 1.0, -1.5, 3.0, 14, 0, readLine(), -3.0
12, 13394, -5.0, 1.0, -1.5, 3.5, 14, 0, readLine(), -3.0
12, 13395, -5.0, 1.0, -1.5, 4.0, 14, 0, readLine(), -3.0
12, 13396, -5.0, 1.0, -1.5, 4.5, 14, 0, readLine(), -3.0
12, 13397, -5.0, 1.0, -1.5, 5.0, 14, 0, readLine(), -3.0
12, 13398, -5.0, 1.0, -1.0, 0.0, 14, 0, readLine(), -3.0
12, 13399, -5.0, 1.0, -1.0, 0.5, 14, 0, readLine(), -3.0
12, 13400, -5.0, 1.0, -1.0, 1.0, 14, 0, readLine(), -3.0
12, 13401, -5.0, 1.0, -1.0, 1.5, 14, 0, readLine(), -3.0
12, 13402, -5.0, 1.0, -1.0, 2.0, 14, 0, readLine(), -3.0
12, 13403, -5.0, 1.0, -1.0, 2.5, 14, 0, readLine(), -3.0
12, 13404, -5.0, 1.0, -1.0, 3.0, 14, 0, readLine(), -3.0
12, 13405, -5.0, 1.0, -1.0, 3.5, 14, 0, readLine(), -3.0
12, 13406, -5.0, 1.0, -1.0, 4.0, 14, 0, readLine(), -3.0
12, 13407, -5.0, 1.0, -1.0, 4.5, 14, 0, readLine(), -3.0
12, 13408, -5.0, 1.0, -1.0, 5.0, 14, 0, readLine(), -3.0
12, 13409, -5.0, 1.0, -0.5, 0.0, 14, 0, readLine(), -3.0
12, 13410, -5.0, 1.0, -0.5, 0.5, 14, 0, readLine(), -3.0
12, 13411, -5.0, 1.0, -0.5, 1.0, 14, 0, readLine(), -3.0
12, 13412, -5.0, 1.0, -0.5, 1.5, 14, 0, readLine(), -3.0
12, 13413, -5.0, 1.0, -0.5, 2.0, 14, 0, readLine(), -3.0
12, 13414, -5.0, 1.0, -0.5, 2.5, 14, 0, readLine(), -3.0
12, 13415, -5.0, 1.0, -0.5, 3.0, 14, 0, readLine(), -3.0
12, 13416, -5.0, 1.0, -0.5, 3.5, 14, 0, readLine(), -3.0
12, 13417, -5.0, 1.0, -0.5, 4.0, 14, 0, readLine(), -3.0
12, 13418, -5.0, 1.0, -0.5, 4.5, 14, 0, readLine(), -3.0
12, 13419, -5.0, 1.0, -0.5, 5.0, 14, 0, readLine(), -3.0
12, 13420, -5.0, 1.0, 0.0, 0.0, 14, 0, readLine(), -3.0
12, 13421, -5.0, 1.0, 0.0, 0.5, 14, 0, readLine(), -3.0
12, 13422, -5.0, 1.0, 0.0, 1.0, 14, 0, readLine(), -3.0
12, 13423, -5.0, 1.0, 0.0, 1.5, 14, 0, readLine(), -3.0
12, 13424, -5.0, 1.0, 0.0, 2.0, 14, 0, readLine(), -3.0
12, 13425, -5.0, 1.0, 0.0, 2.5, 14, 0, readLine(), -3.0
12, 13426, -5.0, 1.0, 0.0, 3.0, 14, 0, readLine(), -3.0
12, 13427, -5.0, 1.0, 0.0, 3.5, 14, 0, readLine(), -3.0
12, 13428, -5.0, 1.0, 0.0, 4.0, 14, 0, readLine(), -3.0
12, 13429, -5.0, 1.0, 0.0, 4.5, 14, 0, readLine(), -3.0
12, 13430, -5.0, 1.0, 0.0, 5.0, 14, 0, readLine(), -3.0
12, 13431, -4.5, 1.0, -5.0, 0.0, 14, 0, readLine(), -2.5
12, 13432, -4.5, 1.0, -5.0, 0.5, 14, 0, readLine(), -2.5
12, 13433, -4.5, 1.0, -5.0, 1.0, 14, 0, readLine(), -2.5
12, 13434, -4.5, 1.0, -5.0, 1.5, 14, 0, readLine(), -2.5
12, 13435, -4.5, 1.0, -5.0, 2.0, 14, 0, readLine(), -2.5
12, 13436, -4.5, 1.0, -5.0, 2.5, 14, 0, readLine(), -2.5
12, 13437, -4.5, 1.0, -5.0, 3.0, 14, 0, readLine(), -2.5
12, 13438, -4.5, 1.0, -5.0, 3.5, 14, 0, readLine(), -2.5
12, 13439, -4.5, 1.0, -5.0, 4.0, 14, 0, readLine(), -2.5
12, 13440, -4.5, 1.0, -5.0, 4.5, 14, 0, readLine(), -2.5
12, 13441, -4.5, 1.0, -5.0, 5.0, 14, 0, readLine(), -2.5
12, 13442, -4.5, 1.0, -4.5, 0.0, 14, 0, readLine(), -2.5
12, 13443, -4.5, 1.0, -4.5, 0.5, 14, 0, readLine(), -2.5
12, 13444, -4.5, 1.0, -4.5, 1.0, 14, 0, readLine(), -2.5
12, 13445, -4.5, 1.0, -4.5, 1.5, 14, 0, readLine(), -2.5
12, 13446, -4.5, 1.0, -4.5, 2.0, 14, 0, readLine(), -2.5
12, 13447, -4.5, 1.0, -4.5, 2.5, 14, 0, readLine(), -2.5
12, 13448, -4.5, 1.0, -4.5, 3.0, 14, 0, readLine(), -2.5
12, 13449, -4.5, 1.0, -4.5, 3.5, 14, 0, readLine(), -2.5
12, 13450, -4.5, 1.0, -4.5, 4.0, 14, 0, readLine(), -2.5
12, 13451, -4.5, 1.0, -4.5, 4.5, 14, 0, readLine(), -2.5
12, 13452, -4.5, 1.0, -4.5, 5.0, 14, 0, readLine(), -2.5
12, 13453, -4.5, 1.0, -4.0, 0.0, 14, 0, readLine(), -2.5
12, 13454, -4.5, 1.0, -4.0, 0.5, 14, 0, readLine(), -2.5
12, 13455, -4.5, 1.0, -4.0, 1.0, 14, 0, readLine(), -2.5
12, 13456, -4.5, 1.0, -4.0, 1.5, 14, 0, readLine(), -2.5
12, 13457, -4.5, 1.0, -4.0, 2.0, 14, 0, readLine(), -2.5
12, 13458, -4.5, 1.0, -4.0, 2.5, 14, 0, readLine(), -2.5
12, 13459, -4.5, 1.0, -4.0, 3.0, 14, 0, readLine(), -2.5
12, 13460, -4.5, 1.0, -4.0, 3.5, 14, 0, readLine(), -2.5
12, 13461, -4.5, 1.0, -4.0, 4.0, 14, 0, readLine(), -2.5
12, 13462, -4.5, 1.0, -4.0, 4.5, 14, 0, readLine(), -2.5
12, 13463, -4.5, 1.0, -4.0, 5.0, 14, 0, readLine(), -2.5
12, 13464, -4.5, 1.0, -3.5, 0.0, 14, 0, readLine(), -2.5
12, 13465, -4.5, 1.0, -3.5, 0.5, 14, 0, readLine(), -2.5
12, 13466, -4.5, 1.0, -3.5, 1.0, 14, 0, readLine(), -2.5
12, 13467, -4.5, 1.0, -3.5, 1.5, 14, 0, readLine(), -2.5
12, 13468, -4.5, 1.0, -3.5, 2.0, 14, 0, readLine(), -2.5
12, 13469, -4.5, 1.0, -3.5, 2.5, 14, 0, readLine(), -2.5
12, 13470, -4.5, 1.0, -3.5, 3.0, 14, 0, readLine(), -2.5
12, 13471, -4.5, 1.0, -3.5, 3.5, 14, 0, readLine(), -2.5
12, 13472, -4.5, 1.0, -3.5, 4.0, 14, 0, readLine(), -2.5
12, 13473, -4.5, 1.0, -3.5, 4.5, 14, 0, readLine(), -2.5
12, 13474, -4.5, 1.0, -3.5, 5.0, 14, 0, readLine(), -2.5
12, 13475, -4.5, 1.0, -3.0, 0.0, 14, 0, readLine(), -2.5
12, 13476, -4.5, 1.0, -3.0, 0.5, 14, 0, readLine(), -2.5
12, 13477, -4.5, 1.0, -3.0, 1.0, 14, 0, readLine(), -2.5
12, 13478, -4.5, 1.0, -3.0, 1.5, 14, 0, readLine(), -2.5
12, 13479, -4.5, 1.0, -3.0, 2.0, 14, 0, readLine(), -2.5
12, 13480, -4.5, 1.0, -3.0, 2.5, 14, 0, readLine(), -2.5
12, 13481, -4.5, 1.0, -3.0, 3.0, 14, 0, readLine(), -2.5
12, 13482, -4.5, 1.0, -3.0, 3.5, 14, 0, readLine(), -2.5
12, 13483, -4.5, 1.0, -3.0, 4.0, 14, 0, readLine(), -2.5
12, 13484, -4.5, 1.0, -3.0, 4.5, 14, 0, readLine(), -2.5
12, 13485, -4.5, 1.0, -3.0, 5.0, 14, 0, readLine(), -2.5
12, 13486, -4.5, 1.0, -2.5, 0.0, 14, 0, readLine(), -2.5
12, 13487, -4.5, 1.0, -2.5, 0.5, 14, 0, readLine(), -2.5
12, 13488, -4.5, 1.0, -2.5, 1.0, 14, 0, readLine(), -2.5
12, 13489, -4.5, 1.0, -2.5, 1.5, 14, 0, readLine(), -2.5
12, 13490, -4.5, 1.0, -2.5, 2.0, 14, 0, readLine(), -2.5
12, 13491, -4.5, 1.0, -2.5, 2.5, 14, 0, readLine(), -2.5
12, 13492, -4.5, 1.0, -2.5, 3.0, 14, 0, readLine(), -2.5
12, 13493, -4.5, 1.0, -2.5, 3.5, 14, 0, readLine(), -2.5
12, 13494, -4.5, 1.0, -2.5, 4.0, 14, 0, readLine(), -2.5
12, 13495, -4.5, 1.0, -2.5, 4.5, 14, 0, readLine(), -2.5
12, 13496, -4.5, 1.0, -2.5, 5.0, 14, 0, readLine(), -2.5
12, 13497, -4.5, 1.0, -2.0, 0.0, 14, 0, readLine(), -2.5
12, 13498, -4.5, 1.0, -2.0, 0.5, 14, 0, readLine(), -2.5
12, 13499, -4.5, 1.0, -2.0, 1.0, 14, 0, readLine(), -2.5
12, 13500, -4.5, 1.0, -2.0, 1.5, 14, 0, readLine(), -2.5
12, 13501, -4.5, 1.0, -2.0, 2.0, 14, 0, readLine(), -2.5
12, 13502, -4.5, 1.0, -2.0, 2.5, 14, 0, readLine(), -2.5
12, 13503, -4.5, 1.0, -2.0, 3.0, 14, 0, readLine(), -2.5
12, 13504, -4.5, 1.0, -2.0, 3.5, 14, 0, readLine(), -2.5
12, 13505, -4.5, 1.0, -2.0, 4.0, 14, 0, readLine(), -2.5
12, 13506, -4.5, 1.0, -2.0, 4.5, 14, 0, readLine(), -2.5
12, 13507, -4.5, 1.0, -2.0, 5.0, 14, 0, readLine(), -2.5
12, 13508, -4.5, 1.0, -1.5, 0.0, 14, 0, readLine(), -2.5
12, 13509, -4.5, 1.0, -1.5, 0.5, 14, 0, readLine(), -2.5
12, 13510, -4.5, 1.0, -1.5, 1.0, 14, 0, readLine(), -2.5
12, 13511, -4.5, 1.0, -1.5, 1.5, 14, 0, readLine(), -2.5
12, 13512, -4.5, 1.0, -1.5, 2.0, 14, 0, readLine(), -2.5
12, 13513, -4.5, 1.0, -1.5, 2.5, 14, 0, readLine(), -2.5
12, 13514, -4.5, 1.0, -1.5, 3.0, 14, 0, readLine(), -2.5
12, 13515, -4.5, 1.0, -1.5, 3.5, 14, 0, readLine(), -2.5
12, 13516, -4.5, 1.0, -1.5, 4.0, 14, 0, readLine(), -2.5
12, 13517, -4.5, 1.0, -1.5, 4.5, 14, 0, readLine(), -2.5
12, 13518, -4.5, 1.0, -1.5, 5.0, 14, 0, readLine(), -2.5
12, 13519, -4.5, 1.0, -1.0, 0.0, 14, 0, readLine(), -2.5
12, 13520, -4.5, 1.0, -1.0, 0.5, 14, 0, readLine(), -2.5
12, 13521, -4.5, 1.0, -1.0, 1.0, 14, 0, readLine(), -2.5
12, 13522, -4.5, 1.0, -1.0, 1.5, 14, 0, readLine(), -2.5
12, 13523, -4.5, 1.0, -1.0, 2.0, 14, 0, readLine(), -2.5
12, 13524, -4.5, 1.0, -1.0, 2.5, 14, 0, readLine(), -2.5
12, 13525, -4.5, 1.0, -1.0, 3.0, 14, 0, readLine(), -2.5
12, 13526, -4.5, 1.0, -1.0, 3.5, 14, 0, readLine(), -2.5
12, 13527, -4.5, 1.0, -1.0, 4.0, 14, 0, readLine(), -2.5
12, 13528, -4.5, 1.0, -1.0, 4.5, 14, 0, readLine(), -2.5
12, 13529, -4.5, 1.0, -1.0, 5.0, 14, 0, readLine(), -2.5
12, 13530, -4.5, 1.0, -0.5, 0.0, 14, 0, readLine(), -2.5
12, 13531, -4.5, 1.0, -0.5, 0.5, 14, 0, readLine(), -2.5
12, 13532, -4.5, 1.0, -0.5, 1.0, 14, 0, readLine(), -2.5
12, 13533, -4.5, 1.0, -0.5, 1.5, 14, 0, readLine(), -2.5
12, 13534, -4.5, 1.0, -0.5, 2.0, 14, 0, readLine(), -2.5
12, 13535, -4.5, 1.0, -0.5, 2.5, 14, 0, readLine(), -2.5
12, 13536, -4.5, 1.0, -0.5, 3.0, 14, 0, readLine(), -2.5
12, 13537, -4.5, 1.0, -0.5, 3.5, 14, 0, readLine(), -2.5
12, 13538, -4.5, 1.0, -0.5, 4.0, 14, 0, readLine(), -2.5
12, 13539, -4.5, 1.0, -0.5, 4.5, 14, 0, readLine(), -2.5
12, 13540, -4.5, 1.0, -0.5, 5.0, 14, 0, readLine(), -2.5
12, 13541, -4.5, 1.0, 0.0, 0.0, 14, 0, readLine(), -2.5
12, 13542, -4.5, 1.0, 0.0, 0.5, 14, 0, readLine(), -2.5
12, 13543, -4.5, 1.0, 0.0, 1.0, 14, 0, readLine(), -2.5
12, 13544, -4.5, 1.0, 0.0, 1.5, 14, 0, readLine(), -2.5
12, 13545, -4.5, 1.0, 0.0, 2.0, 14, 0, readLine(), -2.5
12, 13546, -4.5, 1.0, 0.0, 2.5, 14, 0, readLine(), -2.5
12, 13547, -4.5, 1.0, 0.0, 3.0, 14, 0, readLine(), -2.5
12, 13548, -4.5, 1.0, 0.0, 3.5, 14, 0, readLine(), -2.5
12, 13549, -4.5, 1.0, 0.0, 4.0, 14, 0, readLine(), -2.5
12, 13550, -4.5, 1.0, 0.0, 4.5, 14, 0, readLine(), -2.5
12, 13551, -4.5, 1.0, 0.0, 5.0, 14, 1, readLine(), -2.5
12, 13552, -4.0, 1.0, -5.0, 0.0, 14, 0, readLine(), -2.0
12, 13553, -4.0, 1.0, -5.0, 0.5, 14, 0, readLine(), -2.0
12, 13554, -4.0, 1.0, -5.0, 1.0, 14, 0, readLine(), -2.0
12, 13555, -4.0, 1.0, -5.0, 1.5, 14, 0, readLine(), -2.0
12, 13556, -4.0, 1.0, -5.0, 2.0, 14, 0, readLine(), -2.0
12, 13557, -4.0, 1.0, -5.0, 2.5, 14, 0, readLine(), -2.0
12, 13558, -4.0, 1.0, -5.0, 3.0, 14, 0, readLine(), -2.0
12, 13559, -4.0, 1.0, -5.0, 3.5, 14, 0, readLine(), -2.0
12, 13560, -4.0, 1.0, -5.0, 4.0, 14, 0, readLine(), -2.0
12, 13561, -4.0, 1.0, -5.0, 4.5, 14, 0, readLine(), -2.0
12, 13562, -4.0, 1.0, -5.0, 5.0, 14, 0, readLine(), -2.0
12, 13563, -4.0, 1.0, -4.5, 0.0, 14, 0, readLine(), -2.0
12, 13564, -4.0, 1.0, -4.5, 0.5, 14, 0, readLine(), -2.0
12, 13565, -4.0, 1.0, -4.5, 1.0, 14, 0, readLine(), -2.0
12, 13566, -4.0, 1.0, -4.5, 1.5, 14, 0, readLine(), -2.0
12, 13567, -4.0, 1.0, -4.5, 2.0, 14, 0, readLine(), -2.0
12, 13568, -4.0, 1.0, -4.5, 2.5, 14, 0, readLine(), -2.0
12, 13569, -4.0, 1.0, -4.5, 3.0, 14, 0, readLine(), -2.0
12, 13570, -4.0, 1.0, -4.5, 3.5, 14, 0, readLine(), -2.0
12, 13571, -4.0, 1.0, -4.5, 4.0, 14, 0, readLine(), -2.0
12, 13572, -4.0, 1.0, -4.5, 4.5, 14, 0, readLine(), -2.0
12, 13573, -4.0, 1.0, -4.5, 5.0, 14, 0, readLine(), -2.0
12, 13574, -4.0, 1.0, -4.0, 0.0, 14, 0, readLine(), -2.0
12, 13575, -4.0, 1.0, -4.0, 0.5, 14, 0, readLine(), -2.0
12, 13576, -4.0, 1.0, -4.0, 1.0, 14, 0, readLine(), -2.0
12, 13577, -4.0, 1.0, -4.0, 1.5, 14, 0, readLine(), -2.0
12, 13578, -4.0, 1.0, -4.0, 2.0, 14, 0, readLine(), -2.0
12, 13579, -4.0, 1.0, -4.0, 2.5, 14, 0, readLine(), -2.0
12, 13580, -4.0, 1.0, -4.0, 3.0, 14, 0, readLine(), -2.0
12, 13581, -4.0, 1.0, -4.0, 3.5, 14, 0, readLine(), -2.0
12, 13582, -4.0, 1.0, -4.0, 4.0, 14, 0, readLine(), -2.0
12, 13583, -4.0, 1.0, -4.0, 4.5, 14, 0, readLine(), -2.0
12, 13584, -4.0, 1.0, -4.0, 5.0, 14, 0, readLine(), -2.0
12, 13585, -4.0, 1.0, -3.5, 0.0, 14, 0, readLine(), -2.0
12, 13586, -4.0, 1.0, -3.5, 0.5, 14, 0, readLine(), -2.0
12, 13587, -4.0, 1.0, -3.5, 1.0, 14, 0, readLine(), -2.0
12, 13588, -4.0, 1.0, -3.5, 1.5, 14, 0, readLine(), -2.0
12, 13589, -4.0, 1.0, -3.5, 2.0, 14, 0, readLine(), -2.0
12, 13590, -4.0, 1.0, -3.5, 2.5, 14, 0, readLine(), -2.0
12, 13591, -4.0, 1.0, -3.5, 3.0, 14, 0, readLine(), -2.0
12, 13592, -4.0, 1.0, -3.5, 3.5, 14, 0, readLine(), -2.0
12, 13593, -4.0, 1.0, -3.5, 4.0, 14, 0, readLine(), -2.0
12, 13594, -4.0, 1.0, -3.5, 4.5, 14, 0, readLine(), -2.0
12, 13595, -4.0, 1.0, -3.5, 5.0, 14, 0, readLine(), -2.0
12, 13596, -4.0, 1.0, -3.0, 0.0, 14, 0, readLine(), -2.0
12, 13597, -4.0, 1.0, -3.0, 0.5, 14, 0, readLine(), -2.0
12, 13598, -4.0, 1.0, -3.0, 1.0, 14, 0, readLine(), -2.0
12, 13599, -4.0, 1.0, -3.0, 1.5, 14, 0, readLine(), -2.0
12, 13600, -4.0, 1.0, -3.0, 2.0, 14, 0, readLine(), -2.0
12, 13601, -4.0, 1.0, -3.0, 2.5, 14, 0, readLine(), -2.0
12, 13602, -4.0, 1.0, -3.0, 3.0, 14, 0, readLine(), -2.0
12, 13603, -4.0, 1.0, -3.0, 3.5, 14, 0, readLine(), -2.0
12, 13604, -4.0, 1.0, -3.0, 4.0, 14, 0, readLine(), -2.0
12, 13605, -4.0, 1.0, -3.0, 4.5, 14, 0, readLine(), -2.0
12, 13606, -4.0, 1.0, -3.0, 5.0, 14, 0, readLine(), -2.0
12, 13607, -4.0, 1.0, -2.5, 0.0, 14, 0, readLine(), -2.0
12, 13608, -4.0, 1.0, -2.5, 0.5, 14, 0, readLine(), -2.0
12, 13609, -4.0, 1.0, -2.5, 1.0, 14, 0, readLine(), -2.0
12, 13610, -4.0, 1.0, -2.5, 1.5, 14, 0, readLine(), -2.0
12, 13611, -4.0, 1.0, -2.5, 2.0, 14, 0, readLine(), -2.0
12, 13612, -4.0, 1.0, -2.5, 2.5, 14, 0, readLine(), -2.0
12, 13613, -4.0, 1.0, -2.5, 3.0, 14, 0, readLine(), -2.0
12, 13614, -4.0, 1.0, -2.5, 3.5, 14, 0, readLine(), -2.0
12, 13615, -4.0, 1.0, -2.5, 4.0, 14, 0, readLine(), -2.0
12, 13616, -4.0, 1.0, -2.5, 4.5, 14, 0, readLine(), -2.0
12, 13617, -4.0, 1.0, -2.5, 5.0, 14, 0, readLine(), -2.0
12, 13618, -4.0, 1.0, -2.0, 0.0, 14, 0, readLine(), -2.0
12, 13619, -4.0, 1.0, -2.0, 0.5, 14, 0, readLine(), -2.0
12, 13620, -4.0, 1.0, -2.0, 1.0, 14, 0, readLine(), -2.0
12, 13621, -4.0, 1.0, -2.0, 1.5, 14, 0, readLine(), -2.0
12, 13622, -4.0, 1.0, -2.0, 2.0, 14, 0, readLine(), -2.0
12, 13623, -4.0, 1.0, -2.0, 2.5, 14, 0, readLine(), -2.0
12, 13624, -4.0, 1.0, -2.0, 3.0, 14, 0, readLine(), -2.0
12, 13625, -4.0, 1.0, -2.0, 3.5, 14, 0, readLine(), -2.0
12, 13626, -4.0, 1.0, -2.0, 4.0, 14, 0, readLine(), -2.0
12, 13627, -4.0, 1.0, -2.0, 4.5, 14, 0, readLine(), -2.0
12, 13628, -4.0, 1.0, -2.0, 5.0, 14, 0, readLine(), -2.0
12, 13629, -4.0, 1.0, -1.5, 0.0, 14, 0, readLine(), -2.0
12, 13630, -4.0, 1.0, -1.5, 0.5, 14, 0, readLine(), -2.0
12, 13631, -4.0, 1.0, -1.5, 1.0, 14, 0, readLine(), -2.0
12, 13632, -4.0, 1.0, -1.5, 1.5, 14, 0, readLine(), -2.0
12, 13633, -4.0, 1.0, -1.5, 2.0, 14, 0, readLine(), -2.0
12, 13634, -4.0, 1.0, -1.5, 2.5, 14, 0, readLine(), -2.0
12, 13635, -4.0, 1.0, -1.5, 3.0, 14, 0, readLine(), -2.0
12, 13636, -4.0, 1.0, -1.5, 3.5, 14, 0, readLine(), -2.0
12, 13637, -4.0, 1.0, -1.5, 4.0, 14, 0, readLine(), -2.0
12, 13638, -4.0, 1.0, -1.5, 4.5, 14, 0, readLine(), -2.0
12, 13639, -4.0, 1.0, -1.5, 5.0, 14, 0, readLine(), -2.0
12, 13640, -4.0, 1.0, -1.0, 0.0, 14, 0, readLine(), -2.0
12, 13641, -4.0, 1.0, -1.0, 0.5, 14, 0, readLine(), -2.0
12, 13642, -4.0, 1.0, -1.0, 1.0, 14, 0, readLine(), -2.0
12, 13643, -4.0, 1.0, -1.0, 1.5, 14, 0, readLine(), -2.0
12, 13644, -4.0, 1.0, -1.0, 2.0, 14, 0, readLine(), -2.0
12, 13645, -4.0, 1.0, -1.0, 2.5, 14, 0, readLine(), -2.0
12, 13646, -4.0, 1.0, -1.0, 3.0, 14, 0, readLine(), -2.0
12, 13647, -4.0, 1.0, -1.0, 3.5, 14, 0, readLine(), -2.0
12, 13648, -4.0, 1.0, -1.0, 4.0, 14, 0, readLine(), -2.0
12, 13649, -4.0, 1.0, -1.0, 4.5, 14, 0, readLine(), -2.0
12, 13650, -4.0, 1.0, -1.0, 5.0, 14, 0, readLine(), -2.0
12, 13651, -4.0, 1.0, -0.5, 0.0, 14, 0, readLine(), -2.0
12, 13652, -4.0, 1.0, -0.5, 0.5, 14, 0, readLine(), -2.0
12, 13653, -4.0, 1.0, -0.5, 1.0, 14, 0, readLine(), -2.0
12, 13654, -4.0, 1.0, -0.5, 1.5, 14, 0, readLine(), -2.0
12, 13655, -4.0, 1.0, -0.5, 2.0, 14, 0, readLine(), -2.0
12, 13656, -4.0, 1.0, -0.5, 2.5, 14, 0, readLine(), -2.0
12, 13657, -4.0, 1.0, -0.5, 3.0, 14, 0, readLine(), -2.0
12, 13658, -4.0, 1.0, -0.5, 3.5, 14, 0, readLine(), -2.0
12, 13659, -4.0, 1.0, -0.5, 4.0, 14, 0, readLine(), -2.0
12, 13660, -4.0, 1.0, -0.5, 4.5, 14, 0, readLine(), -2.0
12, 13661, -4.0, 1.0, -0.5, 5.0, 14, 2, readLine(), -2.0
12, 13662, -4.0, 1.0, 0.0, 0.0, 14, 0, readLine(), -2.0
12, 13663, -4.0, 1.0, 0.0, 0.5, 14, 0, readLine(), -2.0
12, 13664, -4.0, 1.0, 0.0, 1.0, 14, 0, readLine(), -2.0
12, 13665, -4.0, 1.0, 0.0, 1.5, 14, 0, readLine(), -2.0
12, 13666, -4.0, 1.0, 0.0, 2.0, 14, 0, readLine(), -2.0
12, 13667, -4.0, 1.0, 0.0, 2.5, 14, 0, readLine(), -2.0
12, 13668, -4.0, 1.0, 0.0, 3.0, 14, 0, readLine(), -2.0
12, 13669, -4.0, 1.0, 0.0, 3.5, 14, 0, readLine(), -2.0
12, 13670, -4.0, 1.0, 0.0, 4.0, 14, 0, readLine(), -2.0
12, 13671, -4.0, 1.0, 0.0, 4.5, 14, 3, readLine(), -2.0
12, 13672, -4.0, 1.0, 0.0, 5.0, 14, 18, readLine(), -2.0
12, 13673, -3.5, 1.0, -5.0, 0.0, 14, 0, readLine(), -1.5
12, 13674, -3.5, 1.0, -5.0, 0.5, 14, 0, readLine(), -1.5
12, 13675, -3.5, 1.0, -5.0, 1.0, 14, 0, readLine(), -1.5
12, 13676, -3.5, 1.0, -5.0, 1.5, 14, 0, readLine(), -1.5
12, 13677, -3.5, 1.0, -5.0, 2.0, 14, 0, readLine(), -1.5
12, 13678, -3.5, 1.0, -5.0, 2.5, 14, 0, readLine(), -1.5
12, 13679, -3.5, 1.0, -5.0, 3.0, 14, 0, readLine(), -1.5
12, 13680, -3.5, 1.0, -5.0, 3.5, 14, 0, readLine(), -1.5
12, 13681, -3.5, 1.0, -5.0, 4.0, 14, 0, readLine(), -1.5
12, 13682, -3.5, 1.0, -5.0, 4.5, 8, 26, System.load(in.readLine()), -8.0
12, 13683, -3.5, 1.0, -5.0, 5.0, 8, 24, System.load(in.readLine()), -7.5
12, 13684, -3.5, 1.0, -4.5, 0.0, 14, 0, readLine(), -1.5
12, 13685, -3.5, 1.0, -4.5, 0.5, 14, 0, readLine(), -1.5
12, 13686, -3.5, 1.0, -4.5, 1.0, 14, 0, readLine(), -1.5
12, 13687, -3.5, 1.0, -4.5, 1.5, 14, 0, readLine(), -1.5
12, 13688, -3.5, 1.0, -4.5, 2.0, 14, 0, readLine(), -1.5
12, 13689, -3.5, 1.0, -4.5, 2.5, 14, 0, readLine(), -1.5
12, 13690, -3.5, 1.0, -4.5, 3.0, 14, 0, readLine(), -1.5
12, 13691, -3.5, 1.0, -4.5, 3.5, 14, 0, readLine(), -1.5
12, 13692, -3.5, 1.0, -4.5, 4.0, 14, 0, readLine(), -1.5
12, 13693, -3.5, 1.0, -4.5, 4.5, 8, 26, System.load(in.readLine()), -7.5
12, 13694, -3.5, 1.0, -4.5, 5.0, 8, 24, System.load(in.readLine()), -7.0
12, 13695, -3.5, 1.0, -4.0, 0.0, 14, 0, readLine(), -1.5
12, 13696, -3.5, 1.0, -4.0, 0.5, 14, 0, readLine(), -1.5
12, 13697, -3.5, 1.0, -4.0, 1.0, 14, 0, readLine(), -1.5
12, 13698, -3.5, 1.0, -4.0, 1.5, 14, 0, readLine(), -1.5
12, 13699, -3.5, 1.0, -4.0, 2.0, 14, 0, readLine(), -1.5
12, 13700, -3.5, 1.0, -4.0, 2.5, 14, 0, readLine(), -1.5
12, 13701, -3.5, 1.0, -4.0, 3.0, 14, 0, readLine(), -1.5
12, 13702, -3.5, 1.0, -4.0, 3.5, 14, 0, readLine(), -1.5
12, 13703, -3.5, 1.0, -4.0, 4.0, 14, 0, readLine(), -1.5
12, 13704, -3.5, 1.0, -4.0, 4.5, 8, 26, System.load(in.readLine()), -7.0
12, 13705, -3.5, 1.0, -4.0, 5.0, 8, 24, System.load(in.readLine()), -6.5
12, 13706, -3.5, 1.0, -3.5, 0.0, 14, 0, readLine(), -1.5
12, 13707, -3.5, 1.0, -3.5, 0.5, 14, 0, readLine(), -1.5
12, 13708, -3.5, 1.0, -3.5, 1.0, 14, 0, readLine(), -1.5
12, 13709, -3.5, 1.0, -3.5, 1.5, 14, 0, readLine(), -1.5
12, 13710, -3.5, 1.0, -3.5, 2.0, 14, 0, readLine(), -1.5
12, 13711, -3.5, 1.0, -3.5, 2.5, 14, 0, readLine(), -1.5
12, 13712, -3.5, 1.0, -3.5, 3.0, 14, 0, readLine(), -1.5
12, 13713, -3.5, 1.0, -3.5, 3.5, 14, 0, readLine(), -1.5
12, 13714, -3.5, 1.0, -3.5, 4.0, 14, 0, readLine(), -1.5
12, 13715, -3.5, 1.0, -3.5, 4.5, 8, 26, System.load(in.readLine()), -6.5
12, 13716, -3.5, 1.0, -3.5, 5.0, 8, 24, System.load(in.readLine()), -6.0
12, 13717, -3.5, 1.0, -3.0, 0.0, 14, 0, readLine(), -1.5
12, 13718, -3.5, 1.0, -3.0, 0.5, 14, 0, readLine(), -1.5
12, 13719, -3.5, 1.0, -3.0, 1.0, 14, 0, readLine(), -1.5
12, 13720, -3.5, 1.0, -3.0, 1.5, 14, 0, readLine(), -1.5
12, 13721, -3.5, 1.0, -3.0, 2.0, 14, 0, readLine(), -1.5
12, 13722, -3.5, 1.0, -3.0, 2.5, 14, 0, readLine(), -1.5
12, 13723, -3.5, 1.0, -3.0, 3.0, 14, 0, readLine(), -1.5
12, 13724, -3.5, 1.0, -3.0, 3.5, 14, 0, readLine(), -1.5
12, 13725, -3.5, 1.0, -3.0, 4.0, 14, 0, readLine(), -1.5
12, 13726, -3.5, 1.0, -3.0, 4.5, 8, 26, System.load(in.readLine()), -6.0
12, 13727, -3.5, 1.0, -3.0, 5.0, 8, 24, System.load(in.readLine()), -5.5
12, 13728, -3.5, 1.0, -2.5, 0.0, 14, 0, readLine(), -1.5
12, 13729, -3.5, 1.0, -2.5, 0.5, 14, 0, readLine(), -1.5
12, 13730, -3.5, 1.0, -2.5, 1.0, 14, 0, readLine(), -1.5
12, 13731, -3.5, 1.0, -2.5, 1.5, 14, 0, readLine(), -1.5
12, 13732, -3.5, 1.0, -2.5, 2.0, 14, 0, readLine(), -1.5
12, 13733, -3.5, 1.0, -2.5, 2.5, 14, 0, readLine(), -1.5
12, 13734, -3.5, 1.0, -2.5, 3.0, 14, 0, readLine(), -1.5
12, 13735, -3.5, 1.0, -2.5, 3.5, 14, 0, readLine(), -1.5
12, 13736, -3.5, 1.0, -2.5, 4.0, 14, 0, readLine(), -1.5
12, 13737, -3.5, 1.0, -2.5, 4.5, 8, 26, System.load(in.readLine()), -5.5
12, 13738, -3.5, 1.0, -2.5, 5.0, 8, 24, System.load(in.readLine()), -5.0
12, 13739, -3.5, 1.0, -2.0, 0.0, 14, 0, readLine(), -1.5
12, 13740, -3.5, 1.0, -2.0, 0.5, 14, 0, readLine(), -1.5
12, 13741, -3.5, 1.0, -2.0, 1.0, 14, 0, readLine(), -1.5
12, 13742, -3.5, 1.0, -2.0, 1.5, 14, 0, readLine(), -1.5
12, 13743, -3.5, 1.0, -2.0, 2.0, 14, 0, readLine(), -1.5
12, 13744, -3.5, 1.0, -2.0, 2.5, 14, 0, readLine(), -1.5
12, 13745, -3.5, 1.0, -2.0, 3.0, 14, 0, readLine(), -1.5
12, 13746, -3.5, 1.0, -2.0, 3.5, 14, 0, readLine(), -1.5
12, 13747, -3.5, 1.0, -2.0, 4.0, 14, 0, readLine(), -1.5
12, 13748, -3.5, 1.0, -2.0, 4.5, 8, 26, System.load(in.readLine()), -5.0
12, 13749, -3.5, 1.0, -2.0, 5.0, 8, 25, System.load(in.readLine()), -4.5
12, 13750, -3.5, 1.0, -1.5, 0.0, 14, 0, readLine(), -1.5
12, 13751, -3.5, 1.0, -1.5, 0.5, 14, 0, readLine(), -1.5
12, 13752, -3.5, 1.0, -1.5, 1.0, 14, 0, readLine(), -1.5
12, 13753, -3.5, 1.0, -1.5, 1.5, 14, 0, readLine(), -1.5
12, 13754, -3.5, 1.0, -1.5, 2.0, 14, 0, readLine(), -1.5
12, 13755, -3.5, 1.0, -1.5, 2.5, 14, 0, readLine(), -1.5
12, 13756, -3.5, 1.0, -1.5, 3.0, 14, 0, readLine(), -1.5
12, 13757, -3.5, 1.0, -1.5, 3.5, 14, 0, readLine(), -1.5
12, 13758, -3.5, 1.0, -1.5, 4.0, 14, 0, readLine(), -1.5
12, 13759, -3.5, 1.0, -1.5, 4.5, 8, 26, System.load(in.readLine()), -4.5
12, 13760, -3.5, 1.0, -1.5, 5.0, 8, 25, System.load(in.readLine()), -4.0
12, 13761, -3.5, 1.0, -1.0, 0.0, 14, 0, readLine(), -1.5
12, 13762, -3.5, 1.0, -1.0, 0.5, 14, 0, readLine(), -1.5
12, 13763, -3.5, 1.0, -1.0, 1.0, 14, 0, readLine(), -1.5
12, 13764, -3.5, 1.0, -1.0, 1.5, 14, 0, readLine(), -1.5
12, 13765, -3.5, 1.0, -1.0, 2.0, 14, 0, readLine(), -1.5
12, 13766, -3.5, 1.0, -1.0, 2.5, 14, 0, readLine(), -1.5
12, 13767, -3.5, 1.0, -1.0, 3.0, 14, 0, readLine(), -1.5
12, 13768, -3.5, 1.0, -1.0, 3.5, 14, 0, readLine(), -1.5
12, 13769, -3.5, 1.0, -1.0, 4.0, 14, 0, readLine(), -1.5
12, 13770, -3.5, 1.0, -1.0, 4.5, 8, 28, System.load(in.readLine()), -4.0
12, 13771, -3.5, 1.0, -1.0, 5.0, 8, 25, System.load(in.readLine()), -3.5
12, 13772, -3.5, 1.0, -0.5, 0.0, 14, 0, readLine(), -1.5
12, 13773, -3.5, 1.0, -0.5, 0.5, 14, 0, readLine(), -1.5
12, 13774, -3.5, 1.0, -0.5, 1.0, 14, 0, readLine(), -1.5
12, 13775, -3.5, 1.0, -0.5, 1.5, 14, 0, readLine(), -1.5
12, 13776, -3.5, 1.0, -0.5, 2.0, 14, 0, readLine(), -1.5
12, 13777, -3.5, 1.0, -0.5, 2.5, 14, 0, readLine(), -1.5
12, 13778, -3.5, 1.0, -0.5, 3.0, 14, 0, readLine(), -1.5
12, 13779, -3.5, 1.0, -0.5, 3.5, 14, 0, readLine(), -1.5
12, 13780, -3.5, 1.0, -0.5, 4.0, 14, 0, readLine(), -1.5
12, 13781, -3.5, 1.0, -0.5, 4.5, 8, 30, System.load(in.readLine()), -3.5
12, 13782, -3.5, 1.0, -0.5, 5.0, 8, 40, System.load(in.readLine()), -3.0
12, 13783, -3.5, 1.0, 0.0, 0.0, 14, 0, readLine(), -1.5
12, 13784, -3.5, 1.0, 0.0, 0.5, 14, 0, readLine(), -1.5
12, 13785, -3.5, 1.0, 0.0, 1.0, 14, 0, readLine(), -1.5
12, 13786, -3.5, 1.0, 0.0, 1.5, 14, 0, readLine(), -1.5
12, 13787, -3.5, 1.0, 0.0, 2.0, 14, 0, readLine(), -1.5
12, 13788, -3.5, 1.0, 0.0, 2.5, 14, 0, readLine(), -1.5
12, 13789, -3.5, 1.0, 0.0, 3.0, 14, 0, readLine(), -1.5
12, 13790, -3.5, 1.0, 0.0, 3.5, 14, 0, readLine(), -1.5
12, 13791, -3.5, 1.0, 0.0, 4.0, 14, 3, readLine(), -1.5
12, 13792, -3.5, 1.0, 0.0, 4.5, 8, 103, System.load(in.readLine()), -3.0
12, 13793, -3.5, 1.0, 0.0, 5.0, 8, 100, System.load(in.readLine()), -2.5
12, 13794, -3.0, 1.0, -5.0, 0.0, 14, 0, readLine(), -1.0
12, 13795, -3.0, 1.0, -5.0, 0.5, 14, 0, readLine(), -1.0
12, 13796, -3.0, 1.0, -5.0, 1.0, 14, 0, readLine(), -1.0
12, 13797, -3.0, 1.0, -5.0, 1.5, 14, 0, readLine(), -1.0
12, 13798, -3.0, 1.0, -5.0, 2.0, 14, 0, readLine(), -1.0
12, 13799, -3.0, 1.0, -5.0, 2.5, 14, 0, readLine(), -1.0
12, 13800, -3.0, 1.0, -5.0, 3.0, 14, 0, readLine(), -1.0
12, 13801, -3.0, 1.0, -5.0, 3.5, 8, 26, System.load(in.readLine()), -7.5
12, 13802, -3.0, 1.0, -5.0, 4.0, 8, 24, System.load(in.readLine()), -7.0
12, 13803, -3.0, 1.0, -5.0, 4.5, 0, 0, lines.add(in.readLine()), 2.0
12, 13804, -3.0, 1.0, -5.0, 5.0, 0, 0, lines.add(in.readLine()), 3.0
12, 13805, -3.0, 1.0, -4.5, 0.0, 14, 0, readLine(), -1.0
12, 13806, -3.0, 1.0, -4.5, 0.5, 14, 0, readLine(), -1.0
12, 13807, -3.0, 1.0, -4.5, 1.0, 14, 0, readLine(), -1.0
12, 13808, -3.0, 1.0, -4.5, 1.5, 14, 0, readLine(), -1.0
12, 13809, -3.0, 1.0, -4.5, 2.0, 14, 0, readLine(), -1.0
12, 13810, -3.0, 1.0, -4.5, 2.5, 14, 0, readLine(), -1.0
12, 13811, -3.0, 1.0, -4.5, 3.0, 14, 0, readLine(), -1.0
12, 13812, -3.0, 1.0, -4.5, 3.5, 8, 26, System.load(in.readLine()), -7.0
12, 13813, -3.0, 1.0, -4.5, 4.0, 8, 24, System.load(in.readLine()), -6.5
12, 13814, -3.0, 1.0, -4.5, 4.5, 0, 0, lines.add(in.readLine()), 2.0
12, 13815, -3.0, 1.0, -4.5, 5.0, 0, 0, lines.add(in.readLine()), 3.0
12, 13816, -3.0, 1.0, -4.0, 0.0, 14, 0, readLine(), -1.0
12, 13817, -3.0, 1.0, -4.0, 0.5, 14, 0, readLine(), -1.0
12, 13818, -3.0, 1.0, -4.0, 1.0, 14, 0, readLine(), -1.0
12, 13819, -3.0, 1.0, -4.0, 1.5, 14, 0, readLine(), -1.0
12, 13820, -3.0, 1.0, -4.0, 2.0, 14, 0, readLine(), -1.0
12, 13821, -3.0, 1.0, -4.0, 2.5, 14, 0, readLine(), -1.0
12, 13822, -3.0, 1.0, -4.0, 3.0, 14, 0, readLine(), -1.0
12, 13823, -3.0, 1.0, -4.0, 3.5, 8, 26, System.load(in.readLine()), -6.5
12, 13824, -3.0, 1.0, -4.0, 4.0, 8, 24, System.load(in.readLine()), -6.0
12, 13825, -3.0, 1.0, -4.0, 4.5, 0, 0, lines.add(in.readLine()), 2.0
12, 13826, -3.0, 1.0, -4.0, 5.0, 0, 0, lines.add(in.readLine()), 3.0
12, 13827, -3.0, 1.0, -3.5, 0.0, 14, 0, readLine(), -1.0
12, 13828, -3.0, 1.0, -3.5, 0.5, 14, 0, readLine(), -1.0
12, 13829, -3.0, 1.0, -3.5, 1.0, 14, 0, readLine(), -1.0
12, 13830, -3.0, 1.0, -3.5, 1.5, 14, 0, readLine(), -1.0
12, 13831, -3.0, 1.0, -3.5, 2.0, 14, 0, readLine(), -1.0
12, 13832, -3.0, 1.0, -3.5, 2.5, 14, 0, readLine(), -1.0
12, 13833, -3.0, 1.0, -3.5, 3.0, 14, 0, readLine(), -1.0
12, 13834, -3.0, 1.0, -3.5, 3.5, 8, 26, System.load(in.readLine()), -6.0
12, 13835, -3.0, 1.0, -3.5, 4.0, 8, 24, System.load(in.readLine()), -5.5
12, 13836, -3.0, 1.0, -3.5, 4.5, 0, 0, lines.add(in.readLine()), 2.0
12, 13837, -3.0, 1.0, -3.5, 5.0, 0, 0, lines.add(in.readLine()), 3.0
12, 13838, -3.0, 1.0, -3.0, 0.0, 14, 0, readLine(), -1.0
12, 13839, -3.0, 1.0, -3.0, 0.5, 14, 0, readLine(), -1.0
12, 13840, -3.0, 1.0, -3.0, 1.0, 14, 0, readLine(), -1.0
12, 13841, -3.0, 1.0, -3.0, 1.5, 14, 0, readLine(), -1.0
12, 13842, -3.0, 1.0, -3.0, 2.0, 14, 0, readLine(), -1.0
12, 13843, -3.0, 1.0, -3.0, 2.5, 14, 0, readLine(), -1.0
12, 13844, -3.0, 1.0, -3.0, 3.0, 14, 0, readLine(), -1.0
12, 13845, -3.0, 1.0, -3.0, 3.5, 8, 26, System.load(in.readLine()), -5.5
12, 13846, -3.0, 1.0, -3.0, 4.0, 8, 24, System.load(in.readLine()), -5.0
12, 13847, -3.0, 1.0, -3.0, 4.5, 0, 0, lines.add(in.readLine()), 2.0
12, 13848, -3.0, 1.0, -3.0, 5.0, 0, 0, lines.add(in.readLine()), 3.0
12, 13849, -3.0, 1.0, -2.5, 0.0, 14, 0, readLine(), -1.0
12, 13850, -3.0, 1.0, -2.5, 0.5, 14, 0, readLine(), -1.0
12, 13851, -3.0, 1.0, -2.5, 1.0, 14, 0, readLine(), -1.0
12, 13852, -3.0, 1.0, -2.5, 1.5, 14, 0, readLine(), -1.0
12, 13853, -3.0, 1.0, -2.5, 2.0, 14, 0, readLine(), -1.0
12, 13854, -3.0, 1.0, -2.5, 2.5, 14, 0, readLine(), -1.0
12, 13855, -3.0, 1.0, -2.5, 3.0, 14, 0, readLine(), -1.0
12, 13856, -3.0, 1.0, -2.5, 3.5, 8, 26, System.load(in.readLine()), -5.0
12, 13857, -3.0, 1.0, -2.5, 4.0, 8, 24, System.load(in.readLine()), -4.5
12, 13858, -3.0, 1.0, -2.5, 4.5, 0, 0, lines.add(in.readLine()), 2.0
12, 13859, -3.0, 1.0, -2.5, 5.0, 8, 15, System.load(in.readLine()), -3.5
12, 13860, -3.0, 1.0, -2.0, 0.0, 14, 0, readLine(), -1.0
12, 13861, -3.0, 1.0, -2.0, 0.5, 14, 0, readLine(), -1.0
12, 13862, -3.0, 1.0, -2.0, 1.0, 14, 0, readLine(), -1.0
12, 13863, -3.0, 1.0, -2.0, 1.5, 14, 0, readLine(), -1.0
12, 13864, -3.0, 1.0, -2.0, 2.0, 14, 0, readLine(), -1.0
12, 13865, -3.0, 1.0, -2.0, 2.5, 14, 0, readLine(), -1.0
12, 13866, -3.0, 1.0, -2.0, 3.0, 14, 0, readLine(), -1.0
12, 13867, -3.0, 1.0, -2.0, 3.5, 8, 26, System.load(in.readLine()), -4.5
12, 13868, -3.0, 1.0, -2.0, 4.0, 8, 24, System.load(in.readLine()), -4.0
12, 13869, -3.0, 1.0, -2.0, 4.5, 8, 17, System.load(in.readLine()), -3.5
12, 13870, -3.0, 1.0, -2.0, 5.0, 8, 15, System.load(in.readLine()), -3.0
12, 13871, -3.0, 1.0, -1.5, 0.0, 14, 0, readLine(), -1.0
12, 13872, -3.0, 1.0, -1.5, 0.5, 14, 0, readLine(), -1.0
12, 13873, -3.0, 1.0, -1.5, 1.0, 14, 0, readLine(), -1.0
12, 13874, -3.0, 1.0, -1.5, 1.5, 14, 0, readLine(), -1.0
12, 13875, -3.0, 1.0, -1.5, 2.0, 14, 0, readLine(), -1.0
12, 13876, -3.0, 1.0, -1.5, 2.5, 14, 0, readLine(), -1.0
12, 13877, -3.0, 1.0, -1.5, 3.0, 14, 0, readLine(), -1.0
12, 13878, -3.0, 1.0, -1.5, 3.5, 8, 26, System.load(in.readLine()), -4.0
12, 13879, -3.0, 1.0, -1.5, 4.0, 8, 25, System.load(in.readLine()), -3.5
12, 13880, -3.0, 1.0, -1.5, 4.5, 8, 17, System.load(in.readLine()), -3.0
12, 13881, -3.0, 1.0, -1.5, 5.0, 8, 15, System.load(in.readLine()), -2.5
12, 13882, -3.0, 1.0, -1.0, 0.0, 14, 0, readLine(), -1.0
12, 13883, -3.0, 1.0, -1.0, 0.5, 14, 0, readLine(), -1.0
12, 13884, -3.0, 1.0, -1.0, 1.0, 14, 0, readLine(), -1.0
12, 13885, -3.0, 1.0, -1.0, 1.5, 14, 0, readLine(), -1.0
12, 13886, -3.0, 1.0, -1.0, 2.0, 14, 0, readLine(), -1.0
12, 13887, -3.0, 1.0, -1.0, 2.5, 14, 0, readLine(), -1.0
12, 13888, -3.0, 1.0, -1.0, 3.0, 14, 0, readLine(), -1.0
12, 13889, -3.0, 1.0, -1.0, 3.5, 8, 26, System.load(in.readLine()), -3.5
12, 13890, -3.0, 1.0, -1.0, 4.0, 8, 25, System.load(in.readLine()), -3.0
12, 13891, -3.0, 1.0, -1.0, 4.5, 8, 18, System.load(in.readLine()), -2.5
12, 13892, -3.0, 1.0, -1.0, 5.0, 8, 24, System.load(in.readLine()), -2.0
12, 13893, -3.0, 1.0, -0.5, 0.0, 14, 0, readLine(), -1.0
12, 13894, -3.0, 1.0, -0.5, 0.5, 14, 0, readLine(), -1.0
12, 13895, -3.0, 1.0, -0.5, 1.0, 14, 0, readLine(), -1.0
12, 13896, -3.0, 1.0, -0.5, 1.5, 14, 0, readLine(), -1.0
12, 13897, -3.0, 1.0, -0.5, 2.0, 14, 0, readLine(), -1.0
12, 13898, -3.0, 1.0, -0.5, 2.5, 14, 0, readLine(), -1.0
12, 13899, -3.0, 1.0, -0.5, 3.0, 14, 0, readLine(), -1.0
12, 13900, -3.0, 1.0, -0.5, 3.5, 8, 28, System.load(in.readLine()), -3.0
12, 13901, -3.0, 1.0, -0.5, 4.0, 8, 26, System.load(in.readLine()), -2.5
12, 13902, -3.0, 1.0, -0.5, 4.5, 8, 34, System.load(in.readLine()), -2.0
12, 13903, -3.0, 1.0, -0.5, 5.0, 8, 33, System.load(in.readLine()), -1.5
12, 13904, -3.0, 1.0, 0.0, 0.0, 14, 0, readLine(), -1.0
12, 13905, -3.0, 1.0, 0.0, 0.5, 14, 0, readLine(), -1.0
12, 13906, -3.0, 1.0, 0.0, 1.0, 14, 0, readLine(), -1.0
12, 13907, -3.0, 1.0, 0.0, 1.5, 14, 0, readLine(), -1.0
12, 13908, -3.0, 1.0, 0.0, 2.0, 14, 0, readLine(), -1.0
12, 13909, -3.0, 1.0, 0.0, 2.5, 14, 0, readLine(), -1.0
12, 13910, -3.0, 1.0, 0.0, 3.0, 14, 0, readLine(), -1.0
12, 13911, -3.0, 1.0, 0.0, 3.5, 8, 102, System.load(in.readLine()), -2.5
12, 13912, -3.0, 1.0, 0.0, 4.0, 8, 99, System.load(in.readLine()), -2.0
12, 13913, -3.0, 1.0, 0.0, 4.5, 8, 55, System.load(in.readLine()), -1.5
12, 13914, -3.0, 1.0, 0.0, 5.0, 8, 50, System.load(in.readLine()), -1.0
12, 13915, -2.5, 1.0, -5.0, 0.0, 14, 0, readLine(), -0.5
12, 13916, -2.5, 1.0, -5.0, 0.5, 14, 0, readLine(), -0.5
12, 13917, -2.5, 1.0, -5.0, 1.0, 14, 0, readLine(), -0.5
12, 13918, -2.5, 1.0, -5.0, 1.5, 14, 0, readLine(), -0.5
12, 13919, -2.5, 1.0, -5.0, 2.0, 14, 0, readLine(), -0.5
12, 13920, -2.5, 1.0, -5.0, 2.5, 8, 26, System.load(in.readLine()), -7.0
12, 13921, -2.5, 1.0, -5.0, 3.0, 8, 24, System.load(in.readLine()), -6.5
12, 13922, -2.5, 1.0, -5.0, 3.5, 0, 0, lines.add(in.readLine()), 2.0
12, 13923, -2.5, 1.0, -5.0, 4.0, 0, 0, lines.add(in.readLine()), 3.0
12, 13924, -2.5, 1.0, -5.0, 4.5, 0, 0, lines.add(in.readLine()), 4.0
12, 13925, -2.5, 1.0, -5.0, 5.0, 0, 0, lines.add(in.readLine()), 5.0
12, 13926, -2.5, 1.0, -4.5, 0.0, 14, 0, readLine(), -0.5
12, 13927, -2.5, 1.0, -4.5, 0.5, 14, 0, readLine(), -0.5
12, 13928, -2.5, 1.0, -4.5, 1.0, 14, 0, readLine(), -0.5
12, 13929, -2.5, 1.0, -4.5, 1.5, 14, 0, readLine(), -0.5
12, 13930, -2.5, 1.0, -4.5, 2.0, 14, 0, readLine(), -0.5
12, 13931, -2.5, 1.0, -4.5, 2.5, 8, 26, System.load(in.readLine()), -6.5
12, 13932, -2.5, 1.0, -4.5, 3.0, 8, 24, System.load(in.readLine()), -6.0
12, 13933, -2.5, 1.0, -4.5, 3.5, 0, 0, lines.add(in.readLine()), 2.0
12, 13934, -2.5, 1.0, -4.5, 4.0, 0, 0, lines.add(in.readLine()), 3.0
12, 13935, -2.5, 1.0, -4.5, 4.5, 0, 0, lines.add(in.readLine()), 4.0
12, 13936, -2.5, 1.0, -4.5, 5.0, 0, 0, lines.add(in.readLine()), 5.0
12, 13937, -2.5, 1.0, -4.0, 0.0, 14, 0, readLine(), -0.5
12, 13938, -2.5, 1.0, -4.0, 0.5, 14, 0, readLine(), -0.5
12, 13939, -2.5, 1.0, -4.0, 1.0, 14, 0, readLine(), -0.5
12, 13940, -2.5, 1.0, -4.0, 1.5, 14, 0, readLine(), -0.5
12, 13941, -2.5, 1.0, -4.0, 2.0, 14, 0, readLine(), -0.5
12, 13942, -2.5, 1.0, -4.0, 2.5, 8, 26, System.load(in.readLine()), -6.0
12, 13943, -2.5, 1.0, -4.0, 3.0, 8, 24, System.load(in.readLine()), -5.5
12, 13944, -2.5, 1.0, -4.0, 3.5, 0, 0, lines.add(in.readLine()), 2.0
12, 13945, -2.5, 1.0, -4.0, 4.0, 0, 0, lines.add(in.readLine()), 3.0
12, 13946, -2.5, 1.0, -4.0, 4.5, 0, 0, lines.add(in.readLine()), 4.0
12, 13947, -2.5, 1.0, -4.0, 5.0, 0, 0, lines.add(in.readLine()), 5.0
12, 13948, -2.5, 1.0, -3.5, 0.0, 14, 0, readLine(), -0.5
12, 13949, -2.5, 1.0, -3.5, 0.5, 14, 0, readLine(), -0.5
12, 13950, -2.5, 1.0, -3.5, 1.0, 14, 0, readLine(), -0.5
12, 13951, -2.5, 1.0, -3.5, 1.5, 14, 0, readLine(), -0.5
12, 13952, -2.5, 1.0, -3.5, 2.0, 14, 0, readLine(), -0.5
12, 13953, -2.5, 1.0, -3.5, 2.5, 8, 26, System.load(in.readLine()), -5.5
12, 13954, -2.5, 1.0, -3.5, 3.0, 8, 24, System.load(in.readLine()), -5.0
12, 13955, -2.5, 1.0, -3.5, 3.5, 0, 0, lines.add(in.readLine()), 2.0
12, 13956, -2.5, 1.0, -3.5, 4.0, 0, 0, lines.add(in.readLine()), 3.0
12, 13957, -2.5, 1.0, -3.5, 4.5, 0, 0, lines.add(in.readLine()), 4.0
12, 13958, -2.5, 1.0, -3.5, 5.0, 0, 0, lines.add(in.readLine()), 5.0
12, 13959, -2.5, 1.0, -3.0, 0.0, 14, 0, readLine(), -0.5
12, 13960, -2.5, 1.0, -3.0, 0.5, 14, 0, readLine(), -0.5
12, 13961, -2.5, 1.0, -3.0, 1.0, 14, 0, readLine(), -0.5
12, 13962, -2.5, 1.0, -3.0, 1.5, 14, 0, readLine(), -0.5
12, 13963, -2.5, 1.0, -3.0, 2.0, 14, 0, readLine(), -0.5
12, 13964, -2.5, 1.0, -3.0, 2.5, 8, 26, System.load(in.readLine()), -5.0
12, 13965, -2.5, 1.0, -3.0, 3.0, 8, 24, System.load(in.readLine()), -4.5
12, 13966, -2.5, 1.0, -3.0, 3.5, 0, 0, lines.add(in.readLine()), 2.0
12, 13967, -2.5, 1.0, -3.0, 4.0, 0, 0, lines.add(in.readLine()), 3.0
12, 13968, -2.5, 1.0, -3.0, 4.5, 0, 0, lines.add(in.readLine()), 4.0
12, 13969, -2.5, 1.0, -3.0, 5.0, 8, 20, System.load(in.readLine()), -2.5
12, 13970, -2.5, 1.0, -2.5, 0.0, 14, 0, readLine(), -0.5
12, 13971, -2.5, 1.0, -2.5, 0.5, 14, 0, readLine(), -0.5
12, 13972, -2.5, 1.0, -2.5, 1.0, 14, 0, readLine(), -0.5
12, 13973, -2.5, 1.0, -2.5, 1.5, 14, 0, readLine(), -0.5
12, 13974, -2.5, 1.0, -2.5, 2.0, 14, 0, readLine(), -0.5
12, 13975, -2.5, 1.0, -2.5, 2.5, 8, 26, System.load(in.readLine()), -4.5
12, 13976, -2.5, 1.0, -2.5, 3.0, 8, 24, System.load(in.readLine()), -4.0
12, 13977, -2.5, 1.0, -2.5, 3.5, 0, 0, lines.add(in.readLine()), 2.0
12, 13978, -2.5, 1.0, -2.5, 4.0, 0, 0, lines.add(in.readLine()), 3.0
12, 13979, -2.5, 1.0, -2.5, 4.5, 8, 16, System.load(in.readLine()), -2.5
12, 13980, -2.5, 1.0, -2.5, 5.0, 8, 21, System.load(in.readLine()), -2.0
12, 13981, -2.5, 1.0, -2.0, 0.0, 14, 0, readLine(), -0.5
12, 13982, -2.5, 1.0, -2.0, 0.5, 14, 0, readLine(), -0.5
12, 13983, -2.5, 1.0, -2.0, 1.0, 14, 0, readLine(), -0.5
12, 13984, -2.5, 1.0, -2.0, 1.5, 14, 0, readLine(), -0.5
12, 13985, -2.5, 1.0, -2.0, 2.0, 14, 0, readLine(), -0.5
12, 13986, -2.5, 1.0, -2.0, 2.5, 8, 26, System.load(in.readLine()), -4.0
12, 13987, -2.5, 1.0, -2.0, 3.0, 8, 24, System.load(in.readLine()), -3.5
12, 13988, -2.5, 1.0, -2.0, 3.5, 0, 0, lines.add(in.readLine()), 2.0
12, 13989, -2.5, 1.0, -2.0, 4.0, 8, 15, System.load(in.readLine()), -2.5
12, 13990, -2.5, 1.0, -2.0, 4.5, 8, 17, System.load(in.readLine()), -2.0
12, 13991, -2.5, 1.0, -2.0, 5.0, 8, 28, System.load(in.readLine()), -1.5
12, 13992, -2.5, 1.0, -1.5, 0.0, 14, 0, readLine(), -0.5
12, 13993, -2.5, 1.0, -1.5, 0.5, 14, 0, readLine(), -0.5
12, 13994, -2.5, 1.0, -1.5, 1.0, 14, 0, readLine(), -0.5
12, 13995, -2.5, 1.0, -1.5, 1.5, 14, 0, readLine(), -0.5
12, 13996, -2.5, 1.0, -1.5, 2.0, 14, 0, readLine(), -0.5
12, 13997, -2.5, 1.0, -1.5, 2.5, 8, 26, System.load(in.readLine()), -3.5
12, 13998, -2.5, 1.0, -1.5, 3.0, 8, 24, System.load(in.readLine()), -3.0
12, 13999, -2.5, 1.0, -1.5, 3.5, 8, 17, System.load(in.readLine()), -2.5
12, 14000, -2.5, 1.0, -1.5, 4.0, 8, 16, System.load(in.readLine()), -2.0
12, 14001, -2.5, 1.0, -1.5, 4.5, 8, 16, System.load(in.readLine()), -1.5
12, 14002, -2.5, 1.0, -1.5, 5.0, 8, 29, System.load(in.readLine()), -1.0
12, 14003, -2.5, 1.0, -1.0, 0.0, 14, 0, readLine(), -0.5
12, 14004, -2.5, 1.0, -1.0, 0.5, 14, 0, readLine(), -0.5
12, 14005, -2.5, 1.0, -1.0, 1.0, 14, 0, readLine(), -0.5
12, 14006, -2.5, 1.0, -1.0, 1.5, 14, 0, readLine(), -0.5
12, 14007, -2.5, 1.0, -1.0, 2.0, 14, 0, readLine(), -0.5
12, 14008, -2.5, 1.0, -1.0, 2.5, 8, 26, System.load(in.readLine()), -3.0
12, 14009, -2.5, 1.0, -1.0, 3.0, 8, 25, System.load(in.readLine()), -2.5
12, 14010, -2.5, 1.0, -1.0, 3.5, 8, 18, System.load(in.readLine()), -2.0
12, 14011, -2.5, 1.0, -1.0, 4.0, 8, 15, System.load(in.readLine()), -1.5
12, 14012, -2.5, 1.0, -1.0, 4.5, 8, 30, System.load(in.readLine()), -1.0
12, 14013, -2.5, 1.0, -1.0, 5.0, 8, 39, System.load(in.readLine()), -0.5
12, 14014, -2.5, 1.0, -0.5, 0.0, 14, 0, readLine(), -0.5
12, 14015, -2.5, 1.0, -0.5, 0.5, 14, 0, readLine(), -0.5
12, 14016, -2.5, 1.0, -0.5, 1.0, 14, 0, readLine(), -0.5
12, 14017, -2.5, 1.0, -0.5, 1.5, 14, 0, readLine(), -0.5
12, 14018, -2.5, 1.0, -0.5, 2.0, 14, 0, readLine(), -0.5
12, 14019, -2.5, 1.0, -0.5, 2.5, 8, 28, System.load(in.readLine()), -2.5
12, 14020, -2.5, 1.0, -0.5, 3.0, 8, 25, System.load(in.readLine()), -2.0
12, 14021, -2.5, 1.0, -0.5, 3.5, 8, 26, System.load(in.readLine()), -1.5
12, 14022, -2.5, 1.0, -0.5, 4.0, 8, 31, System.load(in.readLine()), -1.0
12, 14023, -2.5, 1.0, -0.5, 4.5, 8, 35, System.load(in.readLine()), -0.5
12, 14024, -2.5, 1.0, -0.5, 5.0, 8, 55, System.load(in.readLine()), 0.0
12, 14025, -2.5, 1.0, 0.0, 0.0, 14, 0, readLine(), -0.5
12, 14026, -2.5, 1.0, 0.0, 0.5, 14, 0, readLine(), -0.5
12, 14027, -2.5, 1.0, 0.0, 1.0, 14, 0, readLine(), -0.5
12, 14028, -2.5, 1.0, 0.0, 1.5, 14, 0, readLine(), -0.5
12, 14029, -2.5, 1.0, 0.0, 2.0, 14, 0, readLine(), -0.5
12, 14030, -2.5, 1.0, 0.0, 2.5, 8, 88, System.load(in.readLine()), -2.0
12, 14031, -2.5, 1.0, 0.0, 3.0, 8, 99, System.load(in.readLine()), -1.5
12, 14032, -2.5, 1.0, 0.0, 3.5, 8, 55, System.load(in.readLine()), -1.0
12, 14033, -2.5, 1.0, 0.0, 4.0, 8, 49, System.load(in.readLine()), -0.5
12, 14034, -2.5, 1.0, 0.0, 4.5, 8, 76, System.load(in.readLine()), 0.0
12, 14035, -2.5, 1.0, 0.0, 5.0, 8, 91, new Long(in.readLine()), 0.5
12, 14036, -2.0, 1.0, -5.0, 0.0, 14, 0, readLine(), 0.0
12, 14037, -2.0, 1.0, -5.0, 0.5, 14, 0, readLine(), 0.0
12, 14038, -2.0, 1.0, -5.0, 1.0, 14, 0, readLine(), 0.0
12, 14039, -2.0, 1.0, -5.0, 1.5, 8, 26, System.load(in.readLine()), -6.5
12, 14040, -2.0, 1.0, -5.0, 2.0, 8, 24, System.load(in.readLine()), -6.0
12, 14041, -2.0, 1.0, -5.0, 2.5, 0, 0, lines.add(in.readLine()), 2.0
12, 14042, -2.0, 1.0, -5.0, 3.0, 0, 0, lines.add(in.readLine()), 3.0
12, 14043, -2.0, 1.0, -5.0, 3.5, 0, 0, lines.add(in.readLine()), 4.0
12, 14044, -2.0, 1.0, -5.0, 4.0, 0, 0, lines.add(in.readLine()), 5.0
12, 14045, -2.0, 1.0, -5.0, 4.5, 0, 0, lines.add(in.readLine()), 6.0
12, 14046, -2.0, 1.0, -5.0, 5.0, 0, 0, lines.add(in.readLine()), 7.0
12, 14047, -2.0, 1.0, -4.5, 0.0, 14, 0, readLine(), 0.0
12, 14048, -2.0, 1.0, -4.5, 0.5, 14, 0, readLine(), 0.0
12, 14049, -2.0, 1.0, -4.5, 1.0, 14, 0, readLine(), 0.0
12, 14050, -2.0, 1.0, -4.5, 1.5, 8, 26, System.load(in.readLine()), -6.0
12, 14051, -2.0, 1.0, -4.5, 2.0, 8, 24, System.load(in.readLine()), -5.5
12, 14052, -2.0, 1.0, -4.5, 2.5, 0, 0, lines.add(in.readLine()), 2.0
12, 14053, -2.0, 1.0, -4.5, 3.0, 0, 0, lines.add(in.readLine()), 3.0
12, 14054, -2.0, 1.0, -4.5, 3.5, 0, 0, lines.add(in.readLine()), 4.0
12, 14055, -2.0, 1.0, -4.5, 4.0, 0, 0, lines.add(in.readLine()), 5.0
12, 14056, -2.0, 1.0, -4.5, 4.5, 0, 0, lines.add(in.readLine()), 6.0
12, 14057, -2.0, 1.0, -4.5, 5.0, 0, 0, lines.add(in.readLine()), 7.0
12, 14058, -2.0, 1.0, -4.0, 0.0, 14, 0, readLine(), 0.0
12, 14059, -2.0, 1.0, -4.0, 0.5, 14, 0, readLine(), 0.0
12, 14060, -2.0, 1.0, -4.0, 1.0, 14, 0, readLine(), 0.0
12, 14061, -2.0, 1.0, -4.0, 1.5, 8, 26, System.load(in.readLine()), -5.5
12, 14062, -2.0, 1.0, -4.0, 2.0, 8, 24, System.load(in.readLine()), -5.0
12, 14063, -2.0, 1.0, -4.0, 2.5, 0, 0, lines.add(in.readLine()), 2.0
12, 14064, -2.0, 1.0, -4.0, 3.0, 0, 0, lines.add(in.readLine()), 3.0
12, 14065, -2.0, 1.0, -4.0, 3.5, 0, 0, lines.add(in.readLine()), 4.0
12, 14066, -2.0, 1.0, -4.0, 4.0, 0, 0, lines.add(in.readLine()), 5.0
12, 14067, -2.0, 1.0, -4.0, 4.5, 0, 0, lines.add(in.readLine()), 6.0
12, 14068, -2.0, 1.0, -4.0, 5.0, 0, 0, lines.add(in.readLine()), 7.0
12, 14069, -2.0, 1.0, -3.5, 0.0, 14, 0, readLine(), 0.0
12, 14070, -2.0, 1.0, -3.5, 0.5, 14, 0, readLine(), 0.0
12, 14071, -2.0, 1.0, -3.5, 1.0, 14, 0, readLine(), 0.0
12, 14072, -2.0, 1.0, -3.5, 1.5, 8, 26, System.load(in.readLine()), -5.0
12, 14073, -2.0, 1.0, -3.5, 2.0, 8, 24, System.load(in.readLine()), -4.5
12, 14074, -2.0, 1.0, -3.5, 2.5, 0, 0, lines.add(in.readLine()), 2.0
12, 14075, -2.0, 1.0, -3.5, 3.0, 0, 0, lines.add(in.readLine()), 3.0
12, 14076, -2.0, 1.0, -3.5, 3.5, 0, 0, lines.add(in.readLine()), 4.0
12, 14077, -2.0, 1.0, -3.5, 4.0, 0, 0, lines.add(in.readLine()), 5.0
12, 14078, -2.0, 1.0, -3.5, 4.5, 0, 0, lines.add(in.readLine()), 6.0
12, 14079, -2.0, 1.0, -3.5, 5.0, 8, 29, System.load(in.readLine()), -1.5
12, 14080, -2.0, 1.0, -3.0, 0.0, 14, 0, readLine(), 0.0
12, 14081, -2.0, 1.0, -3.0, 0.5, 14, 0, readLine(), 0.0
12, 14082, -2.0, 1.0, -3.0, 1.0, 14, 0, readLine(), 0.0
12, 14083, -2.0, 1.0, -3.0, 1.5, 8, 26, System.load(in.readLine()), -4.5
12, 14084, -2.0, 1.0, -3.0, 2.0, 8, 24, System.load(in.readLine()), -4.0
12, 14085, -2.0, 1.0, -3.0, 2.5, 0, 0, lines.add(in.readLine()), 2.0
12, 14086, -2.0, 1.0, -3.0, 3.0, 0, 0, lines.add(in.readLine()), 3.0
12, 14087, -2.0, 1.0, -3.0, 3.5, 0, 0, lines.add(in.readLine()), 4.0
12, 14088, -2.0, 1.0, -3.0, 4.0, 0, 0, lines.add(in.readLine()), 5.0
12, 14089, -2.0, 1.0, -3.0, 4.5, 8, 25, System.load(in.readLine()), -1.5
12, 14090, -2.0, 1.0, -3.0, 5.0, 8, 29, System.load(in.readLine()), -1.0
12, 14091, -2.0, 1.0, -2.5, 0.0, 14, 0, readLine(), 0.0
12, 14092, -2.0, 1.0, -2.5, 0.5, 14, 0, readLine(), 0.0
12, 14093, -2.0, 1.0, -2.5, 1.0, 14, 0, readLine(), 0.0
12, 14094, -2.0, 1.0, -2.5, 1.5, 8, 26, System.load(in.readLine()), -4.0
12, 14095, -2.0, 1.0, -2.5, 2.0, 8, 24, System.load(in.readLine()), -3.5
12, 14096, -2.0, 1.0, -2.5, 2.5, 0, 0, lines.add(in.readLine()), 2.0
12, 14097, -2.0, 1.0, -2.5, 3.0, 0, 0, lines.add(in.readLine()), 3.0
12, 14098, -2.0, 1.0, -2.5, 3.5, 0, 0, lines.add(in.readLine()), 4.0
12, 14099, -2.0, 1.0, -2.5, 4.0, 8, 20, System.load(in.readLine()), -1.5
12, 14100, -2.0, 1.0, -2.5, 4.5, 8, 27, System.load(in.readLine()), -1.0
12, 14101, -2.0, 1.0, -2.5, 5.0, 8, 38, System.load(in.readLine()), -0.5
12, 14102, -2.0, 1.0, -2.0, 0.0, 14, 0, readLine(), 0.0
12, 14103, -2.0, 1.0, -2.0, 0.5, 14, 0, readLine(), 0.0
12, 14104, -2.0, 1.0, -2.0, 1.0, 14, 0, readLine(), 0.0
12, 14105, -2.0, 1.0, -2.0, 1.5, 8, 26, System.load(in.readLine()), -3.5
12, 14106, -2.0, 1.0, -2.0, 2.0, 8, 24, System.load(in.readLine()), -3.0
12, 14107, -2.0, 1.0, -2.0, 2.5, 0, 0, lines.add(in.readLine()), 2.0
12, 14108, -2.0, 1.0, -2.0, 3.0, 0, 0, lines.add(in.readLine()), 3.0
12, 14109, -2.0, 1.0, -2.0, 3.5, 8, 16, System.load(in.readLine()), -1.5
12, 14110, -2.0, 1.0, -2.0, 4.0, 8, 20, System.load(in.readLine()), -1.0
12, 14111, -2.0, 1.0, -2.0, 4.5, 8, 36, System.load(in.readLine()), -0.5
12, 14112, -2.0, 1.0, -2.0, 5.0, 8, 38, System.load(in.readLine()), 0.0
12, 14113, -2.0, 1.0, -1.5, 0.0, 14, 0, readLine(), 0.0
12, 14114, -2.0, 1.0, -1.5, 0.5, 14, 0, readLine(), 0.0
12, 14115, -2.0, 1.0, -1.5, 1.0, 14, 0, readLine(), 0.0
12, 14116, -2.0, 1.0, -1.5, 1.5, 8, 26, System.load(in.readLine()), -3.0
12, 14117, -2.0, 1.0, -1.5, 2.0, 8, 24, System.load(in.readLine()), -2.5
12, 14118, -2.0, 1.0, -1.5, 2.5, 0, 0, lines.add(in.readLine()), 2.0
12, 14119, -2.0, 1.0, -1.5, 3.0, 8, 15, System.load(in.readLine()), -1.5
12, 14120, -2.0, 1.0, -1.5, 3.5, 8, 16, System.load(in.readLine()), -1.0
12, 14121, -2.0, 1.0, -1.5, 4.0, 8, 21, System.load(in.readLine()), -0.5
12, 14122, -2.0, 1.0, -1.5, 4.5, 8, 36, System.load(in.readLine()), 0.0
12, 14123, -2.0, 1.0, -1.5, 5.0, 8, 58, System.load(in.readLine()), 0.5
12, 14124, -2.0, 1.0, -1.0, 0.0, 14, 0, readLine(), 0.0
12, 14125, -2.0, 1.0, -1.0, 0.5, 14, 0, readLine(), 0.0
12, 14126, -2.0, 1.0, -1.0, 1.0, 14, 0, readLine(), 0.0
12, 14127, -2.0, 1.0, -1.0, 1.5, 8, 26, System.load(in.readLine()), -2.5
12, 14128, -2.0, 1.0, -1.0, 2.0, 8, 24, System.load(in.readLine()), -2.0
12, 14129, -2.0, 1.0, -1.0, 2.5, 8, 17, System.load(in.readLine()), -1.5
12, 14130, -2.0, 1.0, -1.0, 3.0, 8, 15, System.load(in.readLine()), -1.0
12, 14131, -2.0, 1.0, -1.0, 3.5, 8, 24, System.load(in.readLine()), -0.5
12, 14132, -2.0, 1.0, -1.0, 4.0, 8, 36, System.load(in.readLine()), 0.0
12, 14133, -2.0, 1.0, -1.0, 4.5, 8, 59, System.load(in.readLine()), 0.5
12, 14134, -2.0, 1.0, -1.0, 5.0, 8, 68, System.load(in.readLine()), 1.0
12, 14135, -2.0, 1.0, -0.5, 0.0, 14, 0, readLine(), 0.0
12, 14136, -2.0, 1.0, -0.5, 0.5, 14, 0, readLine(), 0.0
12, 14137, -2.0, 1.0, -0.5, 1.0, 14, 0, readLine(), 0.0
12, 14138, -2.0, 1.0, -0.5, 1.5, 8, 28, System.load(in.readLine()), -2.0
12, 14139, -2.0, 1.0, -0.5, 2.0, 8, 26, System.load(in.readLine()), -1.5
12, 14140, -2.0, 1.0, -0.5, 2.5, 8, 17, System.load(in.readLine()), -1.0
12, 14141, -2.0, 1.0, -0.5, 3.0, 8, 29, System.load(in.readLine()), -0.5
12, 14142, -2.0, 1.0, -0.5, 3.5, 8, 34, System.load(in.readLine()), 0.0
12, 14143, -2.0, 1.0, -0.5, 4.0, 8, 61, System.load(in.readLine()), 0.5
12, 14144, -2.0, 1.0, -0.5, 4.5, 8, 91, System.load(in.readLine()), 0.5
12, 14145, -2.0, 1.0, -0.5, 5.0, 8, 131, System.load(in.readLine()), 1.0
12, 14146, -2.0, 1.0, 0.0, 0.0, 14, 0, readLine(), 0.0
12, 14147, -2.0, 1.0, 0.0, 0.5, 14, 0, readLine(), 0.0
12, 14148, -2.0, 1.0, 0.0, 1.0, 14, 0, readLine(), 0.0
12, 14149, -2.0, 1.0, 0.0, 1.5, 8, 85, System.load(in.readLine()), -1.5
12, 14150, -2.0, 1.0, 0.0, 2.0, 8, 84, System.load(in.readLine()), -1.0
12, 14151, -2.0, 1.0, 0.0, 2.5, 8, 55, System.load(in.readLine()), -0.5
12, 14152, -2.0, 1.0, 0.0, 3.0, 8, 49, System.load(in.readLine()), 0.0
12, 14153, -2.0, 1.0, 0.0, 3.5, 8, 57, new Long(in.readLine()), 0.5
12, 14154, -2.0, 1.0, 0.0, 4.0, 8, 84, new Long(in.readLine()), 1.0
12, 14155, -2.0, 1.0, 0.0, 4.5, 8, 170, new Long(in.readLine()), 1.5
12, 14156, -2.0, 1.0, 0.0, 5.0, 8, 170, new Long(in.readLine()), 2.0
12, 14157, -1.5, 1.0, -5.0, 0.0, 10, 148, new String(readLine()), -11.0
12, 14158, -1.5, 1.0, -5.0, 0.5, 10, 148, new String(readLine()), -11.0
12, 14159, -1.5, 1.0, -5.0, 1.0, 8, 23, System.load(in.readLine()), -5.5
12, 14160, -1.5, 1.0, -5.0, 1.5, 0, 0, lines.add(in.readLine()), 2.0
12, 14161, -1.5, 1.0, -5.0, 2.0, 0, 0, lines.add(in.readLine()), 3.0
12, 14162, -1.5, 1.0, -5.0, 2.5, 0, 0, lines.add(in.readLine()), 4.0
12, 14163, -1.5, 1.0, -5.0, 3.0, 0, 0, lines.add(in.readLine()), 5.0
12, 14164, -1.5, 1.0, -5.0, 3.5, 0, 0, lines.add(in.readLine()), 6.0
12, 14165, -1.5, 1.0, -5.0, 4.0, 0, 0, lines.add(in.readLine()), 7.0
12, 14166, -1.5, 1.0, -5.0, 4.5, 0, 0, lines.add(in.readLine()), 8.0
12, 14167, -1.5, 1.0, -5.0, 5.0, 0, 0, lines.add(in.readLine()), 9.0
12, 14168, -1.5, 1.0, -4.5, 0.0, 10, 148, new String(readLine()), -10.0
12, 14169, -1.5, 1.0, -4.5, 0.5, 10, 148, new String(readLine()), -10.0
12, 14170, -1.5, 1.0, -4.5, 1.0, 8, 23, System.load(in.readLine()), -5.0
12, 14171, -1.5, 1.0, -4.5, 1.5, 0, 0, lines.add(in.readLine()), 2.0
12, 14172, -1.5, 1.0, -4.5, 2.0, 0, 0, lines.add(in.readLine()), 3.0
12, 14173, -1.5, 1.0, -4.5, 2.5, 0, 0, lines.add(in.readLine()), 4.0
12, 14174, -1.5, 1.0, -4.5, 3.0, 0, 0, lines.add(in.readLine()), 5.0
12, 14175, -1.5, 1.0, -4.5, 3.5, 0, 0, lines.add(in.readLine()), 6.0
12, 14176, -1.5, 1.0, -4.5, 4.0, 0, 0, lines.add(in.readLine()), 7.0
12, 14177, -1.5, 1.0, -4.5, 4.5, 0, 0, lines.add(in.readLine()), 8.0
12, 14178, -1.5, 1.0, -4.5, 5.0, 0, 0, lines.add(in.readLine()), 9.0
12, 14179, -1.5, 1.0, -4.0, 0.0, 10, 148, new String(readLine()), -9.0
12, 14180, -1.5, 1.0, -4.0, 0.5, 10, 148, new String(readLine()), -9.0
12, 14181, -1.5, 1.0, -4.0, 1.0, 8, 23, System.load(in.readLine()), -4.5
12, 14182, -1.5, 1.0, -4.0, 1.5, 0, 0, lines.add(in.readLine()), 2.0
12, 14183, -1.5, 1.0, -4.0, 2.0, 0, 0, lines.add(in.readLine()), 3.0
12, 14184, -1.5, 1.0, -4.0, 2.5, 0, 0, lines.add(in.readLine()), 4.0
12, 14185, -1.5, 1.0, -4.0, 3.0, 0, 0, lines.add(in.readLine()), 5.0
12, 14186, -1.5, 1.0, -4.0, 3.5, 0, 0, lines.add(in.readLine()), 6.0
12, 14187, -1.5, 1.0, -4.0, 4.0, 0, 0, lines.add(in.readLine()), 7.0
12, 14188, -1.5, 1.0, -4.0, 4.5, 0, 0, lines.add(in.readLine()), 8.0
12, 14189, -1.5, 1.0, -4.0, 5.0, 8, 36, System.load(in.readLine()), -0.5
12, 14190, -1.5, 1.0, -3.5, 0.0, 10, 148, new String(readLine()), -8.0
12, 14191, -1.5, 1.0, -3.5, 0.5, 10, 148, new String(readLine()), -8.0
12, 14192, -1.5, 1.0, -3.5, 1.0, 8, 23, System.load(in.readLine()), -4.0
12, 14193, -1.5, 1.0, -3.5, 1.5, 0, 0, lines.add(in.readLine()), 2.0
12, 14194, -1.5, 1.0, -3.5, 2.0, 0, 0, lines.add(in.readLine()), 3.0
12, 14195, -1.5, 1.0, -3.5, 2.5, 0, 0, lines.add(in.readLine()), 4.0
12, 14196, -1.5, 1.0, -3.5, 3.0, 0, 0, lines.add(in.readLine()), 5.0
12, 14197, -1.5, 1.0, -3.5, 3.5, 0, 0, lines.add(in.readLine()), 6.0
12, 14198, -1.5, 1.0, -3.5, 4.0, 0, 0, lines.add(in.readLine()), 7.0
12, 14199, -1.5, 1.0, -3.5, 4.5, 8, 36, System.load(in.readLine()), -0.5
12, 14200, -1.5, 1.0, -3.5, 5.0, 8, 46, System.load(in.readLine()), 0.0
12, 14201, -1.5, 1.0, -3.0, 0.0, 10, 148, new String(readLine()), -7.0
12, 14202, -1.5, 1.0, -3.0, 0.5, 10, 148, new String(readLine()), -7.0
12, 14203, -1.5, 1.0, -3.0, 1.0, 8, 23, System.load(in.readLine()), -3.5
12, 14204, -1.5, 1.0, -3.0, 1.5, 0, 0, lines.add(in.readLine()), 2.0
12, 14205, -1.5, 1.0, -3.0, 2.0, 0, 0, lines.add(in.readLine()), 3.0
12, 14206, -1.5, 1.0, -3.0, 2.5, 0, 0, lines.add(in.readLine()), 4.0
12, 14207, -1.5, 1.0, -3.0, 3.0, 0, 0, lines.add(in.readLine()), 5.0
12, 14208, -1.5, 1.0, -3.0, 3.5, 0, 0, lines.add(in.readLine()), 6.0
12, 14209, -1.5, 1.0, -3.0, 4.0, 8, 26, System.load(in.readLine()), -0.5
12, 14210, -1.5, 1.0, -3.0, 4.5, 8, 45, System.load(in.readLine()), 0.0
12, 14211, -1.5, 1.0, -3.0, 5.0, 8, 58, System.load(in.readLine()), 0.5
12, 14212, -1.5, 1.0, -2.5, 0.0, 10, 148, new String(readLine()), -6.0
12, 14213, -1.5, 1.0, -2.5, 0.5, 10, 148, new String(readLine()), -6.0
12, 14214, -1.5, 1.0, -2.5, 1.0, 8, 23, System.load(in.readLine()), -3.0
12, 14215, -1.5, 1.0, -2.5, 1.5, 0, 0, lines.add(in.readLine()), 2.0
12, 14216, -1.5, 1.0, -2.5, 2.0, 0, 0, lines.add(in.readLine()), 3.0
12, 14217, -1.5, 1.0, -2.5, 2.5, 0, 0, lines.add(in.readLine()), 4.0
12, 14218, -1.5, 1.0, -2.5, 3.0, 0, 0, lines.add(in.readLine()), 5.0
12, 14219, -1.5, 1.0, -2.5, 3.5, 8, 24, System.load(in.readLine()), -0.5
12, 14220, -1.5, 1.0, -2.5, 4.0, 8, 37, System.load(in.readLine()), 0.0
12, 14221, -1.5, 1.0, -2.5, 4.5, 8, 56, System.load(in.readLine()), 0.5
12, 14222, -1.5, 1.0, -2.5, 5.0, 8, 60, System.load(in.readLine()), 1.0
12, 14223, -1.5, 1.0, -2.0, 0.0, 10, 148, new String(readLine()), -5.0
12, 14224, -1.5, 1.0, -2.0, 0.5, 10, 148, new String(readLine()), -5.0
12, 14225, -1.5, 1.0, -2.0, 1.0, 8, 23, System.load(in.readLine()), -2.5
12, 14226, -1.5, 1.0, -2.0, 1.5, 0, 0, lines.add(in.readLine()), 2.0
12, 14227, -1.5, 1.0, -2.0, 2.0, 0, 0, lines.add(in.readLine()), 3.0
12, 14228, -1.5, 1.0, -2.0, 2.5, 0, 0, lines.add(in.readLine()), 4.0
12, 14229, -1.5, 1.0, -2.0, 3.0, 8, 19, System.load(in.readLine()), -0.5
12, 14230, -1.5, 1.0, -2.0, 3.5, 8, 33, System.load(in.readLine()), 0.0
12, 14231, -1.5, 1.0, -2.0, 4.0, 8, 47, System.load(in.readLine()), 0.5
12, 14232, -1.5, 1.0, -2.0, 4.5, 8, 61, System.load(in.readLine()), 1.0
12, 14233, -1.5, 1.0, -2.0, 5.0, 8, 73, System.load(in.readLine()), 1.5
12, 14234, -1.5, 1.0, -1.5, 0.0, 10, 148, new String(readLine()), -4.0
12, 14235, -1.5, 1.0, -1.5, 0.5, 10, 148, new String(readLine()), -4.0
12, 14236, -1.5, 1.0, -1.5, 1.0, 8, 23, System.load(in.readLine()), -2.0
12, 14237, -1.5, 1.0, -1.5, 1.5, 0, 0, lines.add(in.readLine()), 2.0
12, 14238, -1.5, 1.0, -1.5, 2.0, 0, 0, lines.add(in.readLine()), 3.0
12, 14239, -1.5, 1.0, -1.5, 2.5, 8, 13, System.load(in.readLine()), -0.5
12, 14240, -1.5, 1.0, -1.5, 3.0, 8, 28, System.load(in.readLine()), 0.0
12, 14241, -1.5, 1.0, -1.5, 3.5, 8, 43, System.load(in.readLine()), 0.5
12, 14242, -1.5, 1.0, -1.5, 4.0, 8, 52, System.load(in.readLine()), 1.0
12, 14243, -1.5, 1.0, -1.5, 4.5, 8, 79, System.load(in.readLine()), 1.5
12, 14244, -1.5, 1.0, -1.5, 5.0, 8, 105, System.load(in.readLine()), 0.5
12, 14245, -1.5, 1.0, -1.0, 0.0, 10, 147, new String(readLine()), -3.0
12, 14246, -1.5, 1.0, -1.0, 0.5, 10, 147, new String(readLine()), -3.0
12, 14247, -1.5, 1.0, -1.0, 1.0, 8, 23, System.load(in.readLine()), -1.5
12, 14248, -1.5, 1.0, -1.0, 1.5, 0, 0, lines.add(in.readLine()), 2.0
12, 14249, -1.5, 1.0, -1.0, 2.0, 8, 12, System.load(in.readLine()), -0.5
12, 14250, -1.5, 1.0, -1.0, 2.5, 8, 23, System.load(in.readLine()), 0.0
12, 14251, -1.5, 1.0, -1.0, 3.0, 8, 34, System.load(in.readLine()), 0.5
12, 14252, -1.5, 1.0, -1.0, 3.5, 8, 55, System.load(in.readLine()), 1.0
12, 14253, -1.5, 1.0, -1.0, 4.0, 8, 76, System.load(in.readLine()), 0.5
12, 14254, -1.5, 1.0, -1.0, 4.5, 8, 112, System.load(in.readLine()), 1.0
12, 14255, -1.5, 1.0, -1.0, 5.0, 8, 130, System.load(in.readLine()), 1.5
12, 14256, -1.5, 1.0, -0.5, 0.0, 10, 110, new String(readLine()), -2.0
12, 14257, -1.5, 1.0, -0.5, 0.5, 10, 110, new String(readLine()), -2.0
12, 14258, -1.5, 1.0, -0.5, 1.0, 8, 23, System.load(in.readLine()), -1.0
12, 14259, -1.5, 1.0, -0.5, 1.5, 8, 15, System.load(in.readLine()), -0.5
12, 14260, -1.5, 1.0, -0.5, 2.0, 8, 15, System.load(in.readLine()), 0.0
12, 14261, -1.5, 1.0, -0.5, 2.5, 8, 35, System.load(in.readLine()), 0.5
12, 14262, -1.5, 1.0, -0.5, 3.0, 8, 61, System.load(in.readLine()), 0.5
12, 14263, -1.5, 1.0, -0.5, 3.5, 8, 99, System.load(in.readLine()), 1.0
12, 14264, -1.5, 1.0, -0.5, 4.0, 8, 137, System.load(in.readLine()), 1.5
12, 14265, -1.5, 1.0, -0.5, 4.5, 8, 157, System.load(in.readLine()), 2.0
12, 14266, -1.5, 1.0, -0.5, 5.0, 8, 180, System.load(in.readLine()), 2.5
12, 14267, -1.5, 1.0, 0.0, 0.0, 10, 76, new String(readLine()), -1.0
12, 14268, -1.5, 1.0, 0.0, 0.5, 10, 76, new String(readLine()), -1.0
12, 14269, -1.5, 1.0, 0.0, 1.0, 8, 83, System.load(in.readLine()), -0.5
12, 14270, -1.5, 1.0, 0.0, 1.5, 8, 54, System.load(in.readLine()), 0.0
12, 14271, -1.5, 1.0, 0.0, 2.0, 8, 33, new Long(in.readLine()), 0.5
12, 14272, -1.5, 1.0, 0.0, 2.5, 8, 56, new Long(in.readLine()), 1.0
12, 14273, -1.5, 1.0, 0.0, 3.0, 8, 100, new Long(in.readLine()), 1.5
12, 14274, -1.5, 1.0, 0.0, 3.5, 8, 166, new Long(in.readLine()), 2.0
12, 14275, -1.5, 1.0, 0.0, 4.0, 8, 188, new Long(in.readLine()), 2.5
12, 14276, -1.5, 1.0, 0.0, 4.5, 8, 192, new Long(in.readLine()), 3.0
12, 14277, -1.5, 1.0, 0.0, 5.0, 8, 193, new Long(in.readLine()), 3.5
12, 14278, -1.0, 1.0, -5.0, 0.0, 10, 154, new String(readLine()), -10.0
12, 14279, -1.0, 1.0, -5.0, 0.5, 0, 0, lines.add(in.readLine()), 2.0
12, 14280, -1.0, 1.0, -5.0, 1.0, 0, 0, lines.add(in.readLine()), 3.0
12, 14281, -1.0, 1.0, -5.0, 1.5, 0, 0, lines.add(in.readLine()), 4.0
12, 14282, -1.0, 1.0, -5.0, 2.0, 0, 0, lines.add(in.readLine()), 5.0
12, 14283, -1.0, 1.0, -5.0, 2.5, 0, 0, lines.add(in.readLine()), 6.0
12, 14284, -1.0, 1.0, -5.0, 3.0, 0, 0, lines.add(in.readLine()), 7.0
12, 14285, -1.0, 1.0, -5.0, 3.5, 0, 0, lines.add(in.readLine()), 8.0
12, 14286, -1.0, 1.0, -5.0, 4.0, 0, 0, lines.add(in.readLine()), 9.0
12, 14287, -1.0, 1.0, -5.0, 4.5, 0, 1, lines.add(in.readLine()), 10.0
12, 14288, -1.0, 1.0, -5.0, 5.0, 0, 1, lines.add(in.readLine()), 11.0
12, 14289, -1.0, 1.0, -4.5, 0.0, 10, 154, new String(readLine()), -9.0
12, 14290, -1.0, 1.0, -4.5, 0.5, 0, 0, lines.add(in.readLine()), 2.0
12, 14291, -1.0, 1.0, -4.5, 1.0, 0, 0, lines.add(in.readLine()), 3.0
12, 14292, -1.0, 1.0, -4.5, 1.5, 0, 0, lines.add(in.readLine()), 4.0
12, 14293, -1.0, 1.0, -4.5, 2.0, 0, 0, lines.add(in.readLine()), 5.0
12, 14294, -1.0, 1.0, -4.5, 2.5, 0, 0, lines.add(in.readLine()), 6.0
12, 14295, -1.0, 1.0, -4.5, 3.0, 0, 0, lines.add(in.readLine()), 7.0
12, 14296, -1.0, 1.0, -4.5, 3.5, 0, 0, lines.add(in.readLine()), 8.0
12, 14297, -1.0, 1.0, -4.5, 4.0, 0, 0, lines.add(in.readLine()), 9.0
12, 14298, -1.0, 1.0, -4.5, 4.5, 0, 1, lines.add(in.readLine()), 10.0
12, 14299, -1.0, 1.0, -4.5, 5.0, 8, 52, System.load(in.readLine()), 0.5
12, 14300, -1.0, 1.0, -4.0, 0.0, 10, 154, new String(readLine()), -8.0
12, 14301, -1.0, 1.0, -4.0, 0.5, 0, 0, lines.add(in.readLine()), 2.0
12, 14302, -1.0, 1.0, -4.0, 1.0, 0, 0, lines.add(in.readLine()), 3.0
12, 14303, -1.0, 1.0, -4.0, 1.5, 0, 0, lines.add(in.readLine()), 4.0
12, 14304, -1.0, 1.0, -4.0, 2.0, 0, 0, lines.add(in.readLine()), 5.0
12, 14305, -1.0, 1.0, -4.0, 2.5, 0, 0, lines.add(in.readLine()), 6.0
12, 14306, -1.0, 1.0, -4.0, 3.0, 0, 0, lines.add(in.readLine()), 7.0
12, 14307, -1.0, 1.0, -4.0, 3.5, 0, 0, lines.add(in.readLine()), 8.0
12, 14308, -1.0, 1.0, -4.0, 4.0, 0, 0, lines.add(in.readLine()), 9.0
12, 14309, -1.0, 1.0, -4.0, 4.5, 8, 51, System.load(in.readLine()), 0.5
12, 14310, -1.0, 1.0, -4.0, 5.0, 8, 57, System.load(in.readLine()), 1.0
12, 14311, -1.0, 1.0, -3.5, 0.0, 10, 154, new String(readLine()), -7.0
12, 14312, -1.0, 1.0, -3.5, 0.5, 0, 0, lines.add(in.readLine()), 2.0
12, 14313, -1.0, 1.0, -3.5, 1.0, 0, 0, lines.add(in.readLine()), 3.0
12, 14314, -1.0, 1.0, -3.5, 1.5, 0, 0, lines.add(in.readLine()), 4.0
12, 14315, -1.0, 1.0, -3.5, 2.0, 0, 0, lines.add(in.readLine()), 5.0
12, 14316, -1.0, 1.0, -3.5, 2.5, 0, 0, lines.add(in.readLine()), 6.0
12, 14317, -1.0, 1.0, -3.5, 3.0, 0, 0, lines.add(in.readLine()), 7.0
12, 14318, -1.0, 1.0, -3.5, 3.5, 0, 0, lines.add(in.readLine()), 8.0
12, 14319, -1.0, 1.0, -3.5, 4.0, 8, 49, System.load(in.readLine()), 0.5
12, 14320, -1.0, 1.0, -3.5, 4.5, 8, 57, System.load(in.readLine()), 1.0
12, 14321, -1.0, 1.0, -3.5, 5.0, 8, 66, System.load(in.readLine()), 1.5
12, 14322, -1.0, 1.0, -3.0, 0.0, 10, 154, new String(readLine()), -6.0
12, 14323, -1.0, 1.0, -3.0, 0.5, 0, 0, lines.add(in.readLine()), 2.0
12, 14324, -1.0, 1.0, -3.0, 1.0, 0, 0, lines.add(in.readLine()), 3.0
12, 14325, -1.0, 1.0, -3.0, 1.5, 0, 0, lines.add(in.readLine()), 4.0
12, 14326, -1.0, 1.0, -3.0, 2.0, 0, 0, lines.add(in.readLine()), 5.0
12, 14327, -1.0, 1.0, -3.0, 2.5, 0, 0, lines.add(in.readLine()), 6.0
12, 14328, -1.0, 1.0, -3.0, 3.0, 0, 0, lines.add(in.readLine()), 7.0
12, 14329, -1.0, 1.0, -3.0, 3.5, 8, 48, System.load(in.readLine()), 0.5
12, 14330, -1.0, 1.0, -3.0, 4.0, 8, 56, System.load(in.readLine()), 1.0
12, 14331, -1.0, 1.0, -3.0, 4.5, 8, 66, System.load(in.readLine()), 1.5
12, 14332, -1.0, 1.0, -3.0, 5.0, 8, 72, System.load(in.readLine()), 2.0
12, 14333, -1.0, 1.0, -2.5, 0.0, 10, 154, new String(readLine()), -5.0
12, 14334, -1.0, 1.0, -2.5, 0.5, 0, 0, lines.add(in.readLine()), 2.0
12, 14335, -1.0, 1.0, -2.5, 1.0, 0, 0, lines.add(in.readLine()), 3.0
12, 14336, -1.0, 1.0, -2.5, 1.5, 0, 0, lines.add(in.readLine()), 4.0
12, 14337, -1.0, 1.0, -2.5, 2.0, 0, 0, lines.add(in.readLine()), 5.0
12, 14338, -1.0, 1.0, -2.5, 2.5, 0, 0, lines.add(in.readLine()), 6.0
12, 14339, -1.0, 1.0, -2.5, 3.0, 8, 40, System.load(in.readLine()), 0.5
12, 14340, -1.0, 1.0, -2.5, 3.5, 8, 54, System.load(in.readLine()), 1.0
12, 14341, -1.0, 1.0, -2.5, 4.0, 8, 66, System.load(in.readLine()), 1.5
12, 14342, -1.0, 1.0, -2.5, 4.5, 8, 67, System.load(in.readLine()), 2.0
12, 14343, -1.0, 1.0, -2.5, 5.0, 8, 87, System.load(in.readLine()), 2.5
12, 14344, -1.0, 1.0, -2.0, 0.0, 10, 154, new String(readLine()), -4.0
12, 14345, -1.0, 1.0, -2.0, 0.5, 0, 0, lines.add(in.readLine()), 2.0
12, 14346, -1.0, 1.0, -2.0, 1.0, 0, 0, lines.add(in.readLine()), 3.0
12, 14347, -1.0, 1.0, -2.0, 1.5, 0, 0, lines.add(in.readLine()), 4.0
12, 14348, -1.0, 1.0, -2.0, 2.0, 0, 0, lines.add(in.readLine()), 5.0
12, 14349, -1.0, 1.0, -2.0, 2.5, 8, 38, System.load(in.readLine()), 0.5
12, 14350, -1.0, 1.0, -2.0, 3.0, 8, 45, System.load(in.readLine()), 1.0
12, 14351, -1.0, 1.0, -2.0, 3.5, 8, 65, System.load(in.readLine()), 1.5
12, 14352, -1.0, 1.0, -2.0, 4.0, 8, 70, System.load(in.readLine()), 2.0
12, 14353, -1.0, 1.0, -2.0, 4.5, 8, 103, System.load(in.readLine()), 0.5
12, 14354, -1.0, 1.0, -2.0, 5.0, 8, 110, System.load(in.readLine()), 1.0
12, 14355, -1.0, 1.0, -1.5, 0.0, 10, 154, new String(readLine()), -3.0
12, 14356, -1.0, 1.0, -1.5, 0.5, 0, 0, lines.add(in.readLine()), 2.0
12, 14357, -1.0, 1.0, -1.5, 1.0, 0, 0, lines.add(in.readLine()), 3.0
12, 14358, -1.0, 1.0, -1.5, 1.5, 0, 0, lines.add(in.readLine()), 4.0
12, 14359, -1.0, 1.0, -1.5, 2.0, 8, 27, System.load(in.readLine()), 0.5
12, 14360, -1.0, 1.0, -1.5, 2.5, 8, 43, System.load(in.readLine()), 1.0
12, 14361, -1.0, 1.0, -1.5, 3.0, 8, 47, System.load(in.readLine()), 1.5
12, 14362, -1.0, 1.0, -1.5, 3.5, 8, 84, System.load(in.readLine()), 0.5
12, 14363, -1.0, 1.0, -1.5, 4.0, 8, 107, System.load(in.readLine()), 1.0
12, 14364, -1.0, 1.0, -1.5, 4.5, 8, 121, System.load(in.readLine()), 1.5
12, 14365, -1.0, 1.0, -1.5, 5.0, 8, 136, System.load(in.readLine()), 2.0
12, 14366, -1.0, 1.0, -1.0, 0.0, 10, 116, new String(readLine()), -2.0
12, 14367, -1.0, 1.0, -1.0, 0.5, 0, 0, lines.add(in.readLine()), 2.0
12, 14368, -1.0, 1.0, -1.0, 1.0, 0, 0, lines.add(in.readLine()), 3.0
12, 14369, -1.0, 1.0, -1.0, 1.5, 8, 21, System.load(in.readLine()), 0.5
12, 14370, -1.0, 1.0, -1.0, 2.0, 8, 34, System.load(in.readLine()), 1.0
12, 14371, -1.0, 1.0, -1.0, 2.5, 8, 57, System.load(in.readLine()), 0.5
12, 14372, -1.0, 1.0, -1.0, 3.0, 8, 78, System.load(in.readLine()), 1.0
12, 14373, -1.0, 1.0, -1.0, 3.5, 8, 116, System.load(in.readLine()), 1.5
12, 14374, -1.0, 1.0, -1.0, 4.0, 8, 126, System.load(in.readLine()), 2.0
12, 14375, -1.0, 1.0, -1.0, 4.5, 8, 156, System.load(in.readLine()), 2.5
12, 14376, -1.0, 1.0, -1.0, 5.0, 8, 168, System.load(in.readLine()), 3.0
12, 14377, -1.0, 1.0, -0.5, 0.0, 10, 72, new String(readLine()), -1.0
12, 14378, -1.0, 1.0, -0.5, 0.5, 0, 0, lines.add(in.readLine()), 2.0
12, 14379, -1.0, 1.0, -0.5, 1.0, 8, 17, System.load(in.readLine()), 0.5
12, 14380, -1.0, 1.0, -0.5, 1.5, 8, 25, System.load(in.readLine()), 0.5
12, 14381, -1.0, 1.0, -0.5, 2.0, 8, 61, System.load(in.readLine()), 1.0
12, 14382, -1.0, 1.0, -0.5, 2.5, 8, 105, System.load(in.readLine()), 1.5
12, 14383, -1.0, 1.0, -0.5, 3.0, 8, 133, System.load(in.readLine()), 2.0
12, 14384, -1.0, 1.0, -0.5, 3.5, 8, 160, System.load(in.readLine()), 2.5
12, 14385, -1.0, 1.0, -0.5, 4.0, 8, 188, System.load(in.readLine()), 3.0
12, 14386, -1.0, 1.0, -0.5, 4.5, 8, 194, System.load(in.readLine()), 3.5
12, 14387, -1.0, 1.0, -0.5, 5.0, 8, 196, System.load(in.readLine()), 4.0
12, 14388, -1.0, 1.0, 0.0, 0.0, 10, 82, new String(readLine()), 0.0
12, 14389, -1.0, 1.0, 0.0, 0.5, 8, 18, new Long(in.readLine()), 0.5
12, 14390, -1.0, 1.0, 0.0, 1.0, 8, 23, new Long(in.readLine()), 1.0
12, 14391, -1.0, 1.0, 0.0, 1.5, 8, 67, new Long(in.readLine()), 1.5
12, 14392, -1.0, 1.0, 0.0, 2.0, 8, 98, new Long(in.readLine()), 2.0
12, 14393, -1.0, 1.0, 0.0, 2.5, 8, 190, new Long(in.readLine()), 2.5
12, 14394, -1.0, 1.0, 0.0, 3.0, 8, 190, new Long(in.readLine()), 3.0
12, 14395, -1.0, 1.0, 0.0, 3.5, 8, 194, new Long(in.readLine()), 3.5
12, 14396, -1.0, 1.0, 0.0, 4.0, 8, 195, new Long(in.readLine()), 4.0
12, 14397, -1.0, 1.0, 0.0, 4.5, 8, 213, new Long(in.readLine()), 4.5
12, 14398, -1.0, 1.0, 0.0, 5.0, 8, 213, new Long(in.readLine()), 5.0
12, 14399, -0.5, 1.0, -5.0, 0.0, 0, 0, lines.add(in.readLine()), 3.0
12, 14400, -0.5, 1.0, -5.0, 0.5, 0, 0, lines.add(in.readLine()), 4.0
12, 14401, -0.5, 1.0, -5.0, 1.0, 0, 0, lines.add(in.readLine()), 5.0
12, 14402, -0.5, 1.0, -5.0, 1.5, 0, 0, lines.add(in.readLine()), 6.0
12, 14403, -0.5, 1.0, -5.0, 2.0, 0, 0, lines.add(in.readLine()), 7.0
12, 14404, -0.5, 1.0, -5.0, 2.5, 0, 0, lines.add(in.readLine()), 8.0
12, 14405, -0.5, 1.0, -5.0, 3.0, 0, 0, lines.add(in.readLine()), 9.0
12, 14406, -0.5, 1.0, -5.0, 3.5, 0, 1, lines.add(in.readLine()), 10.0
12, 14407, -0.5, 1.0, -5.0, 4.0, 0, 1, lines.add(in.readLine()), 11.0
12, 14408, -0.5, 1.0, -5.0, 4.5, 0, 1, lines.add(in.readLine()), 12.0
12, 14409, -0.5, 1.0, -5.0, 5.0, 8, 69, System.load(in.readLine()), 1.5
12, 14410, -0.5, 1.0, -4.5, 0.0, 0, 0, lines.add(in.readLine()), 3.0
12, 14411, -0.5, 1.0, -4.5, 0.5, 0, 0, lines.add(in.readLine()), 4.0
12, 14412, -0.5, 1.0, -4.5, 1.0, 0, 0, lines.add(in.readLine()), 5.0
12, 14413, -0.5, 1.0, -4.5, 1.5, 0, 0, lines.add(in.readLine()), 6.0
12, 14414, -0.5, 1.0, -4.5, 2.0, 0, 0, lines.add(in.readLine()), 7.0
12, 14415, -0.5, 1.0, -4.5, 2.5, 0, 0, lines.add(in.readLine()), 8.0
12, 14416, -0.5, 1.0, -4.5, 3.0, 0, 1, lines.add(in.readLine()), 9.0
12, 14417, -0.5, 1.0, -4.5, 3.5, 0, 1, lines.add(in.readLine()), 10.0
12, 14418, -0.5, 1.0, -4.5, 4.0, 0, 1, lines.add(in.readLine()), 11.0
12, 14419, -0.5, 1.0, -4.5, 4.5, 8, 69, System.load(in.readLine()), 1.5
12, 14420, -0.5, 1.0, -4.5, 5.0, 8, 70, System.load(in.readLine()), 2.0
12, 14421, -0.5, 1.0, -4.0, 0.0, 0, 0, lines.add(in.readLine()), 3.0
12, 14422, -0.5, 1.0, -4.0, 0.5, 0, 0, lines.add(in.readLine()), 4.0
12, 14423, -0.5, 1.0, -4.0, 1.0, 0, 0, lines.add(in.readLine()), 5.0
12, 14424, -0.5, 1.0, -4.0, 1.5, 0, 0, lines.add(in.readLine()), 6.0
12, 14425, -0.5, 1.0, -4.0, 2.0, 0, 0, lines.add(in.readLine()), 7.0
12, 14426, -0.5, 1.0, -4.0, 2.5, 0, 0, lines.add(in.readLine()), 8.0
12, 14427, -0.5, 1.0, -4.0, 3.0, 0, 1, lines.add(in.readLine()), 9.0
12, 14428, -0.5, 1.0, -4.0, 3.5, 0, 1, lines.add(in.readLine()), 10.0
12, 14429, -0.5, 1.0, -4.0, 4.0, 8, 69, System.load(in.readLine()), 1.5
12, 14430, -0.5, 1.0, -4.0, 4.5, 8, 70, System.load(in.readLine()), 2.0
12, 14431, -0.5, 1.0, -4.0, 5.0, 8, 77, System.load(in.readLine()), 2.5
12, 14432, -0.5, 1.0, -3.5, 0.0, 0, 0, lines.add(in.readLine()), 3.0
12, 14433, -0.5, 1.0, -3.5, 0.5, 0, 0, lines.add(in.readLine()), 4.0
12, 14434, -0.5, 1.0, -3.5, 1.0, 0, 0, lines.add(in.readLine()), 5.0
12, 14435, -0.5, 1.0, -3.5, 1.5, 0, 0, lines.add(in.readLine()), 6.0
12, 14436, -0.5, 1.0, -3.5, 2.0, 0, 0, lines.add(in.readLine()), 7.0
12, 14437, -0.5, 1.0, -3.5, 2.5, 0, 0, lines.add(in.readLine()), 8.0
12, 14438, -0.5, 1.0, -3.5, 3.0, 0, 1, lines.add(in.readLine()), 9.0
12, 14439, -0.5, 1.0, -3.5, 3.5, 8, 69, System.load(in.readLine()), 1.5
12, 14440, -0.5, 1.0, -3.5, 4.0, 8, 70, System.load(in.readLine()), 2.0
12, 14441, -0.5, 1.0, -3.5, 4.5, 8, 77, System.load(in.readLine()), 2.5
12, 14442, -0.5, 1.0, -3.5, 5.0, 8, 95, System.load(in.readLine()), 3.0
12, 14443, -0.5, 1.0, -3.0, 0.0, 0, 0, lines.add(in.readLine()), 3.0
12, 14444, -0.5, 1.0, -3.0, 0.5, 0, 0, lines.add(in.readLine()), 4.0
12, 14445, -0.5, 1.0, -3.0, 1.0, 0, 0, lines.add(in.readLine()), 5.0
12, 14446, -0.5, 1.0, -3.0, 1.5, 0, 0, lines.add(in.readLine()), 6.0
12, 14447, -0.5, 1.0, -3.0, 2.0, 0, 0, lines.add(in.readLine()), 7.0
12, 14448, -0.5, 1.0, -3.0, 2.5, 0, 1, lines.add(in.readLine()), 8.0
12, 14449, -0.5, 1.0, -3.0, 3.0, 8, 68, System.load(in.readLine()), 1.5
12, 14450, -0.5, 1.0, -3.0, 3.5, 8, 70, System.load(in.readLine()), 2.0
12, 14451, -0.5, 1.0, -3.0, 4.0, 8, 77, System.load(in.readLine()), 2.5
12, 14452, -0.5, 1.0, -3.0, 4.5, 8, 101, System.load(in.readLine()), 3.0
12, 14453, -0.5, 1.0, -3.0, 5.0, 8, 112, System.load(in.readLine()), 0.5
12, 14454, -0.5, 1.0, -2.5, 0.0, 0, 0, lines.add(in.readLine()), 3.0
12, 14455, -0.5, 1.0, -2.5, 0.5, 0, 0, lines.add(in.readLine()), 4.0
12, 14456, -0.5, 1.0, -2.5, 1.0, 0, 0, lines.add(in.readLine()), 5.0
12, 14457, -0.5, 1.0, -2.5, 1.5, 0, 0, lines.add(in.readLine()), 6.0
12, 14458, -0.5, 1.0, -2.5, 2.0, 0, 0, lines.add(in.readLine()), 7.0
12, 14459, -0.5, 1.0, -2.5, 2.5, 8, 66, System.load(in.readLine()), 1.5
12, 14460, -0.5, 1.0, -2.5, 3.0, 8, 70, System.load(in.readLine()), 2.0
12, 14461, -0.5, 1.0, -2.5, 3.5, 8, 80, System.load(in.readLine()), 2.5
12, 14462, -0.5, 1.0, -2.5, 4.0, 8, 109, System.load(in.readLine()), 0.5
12, 14463, -0.5, 1.0, -2.5, 4.5, 8, 116, System.load(in.readLine()), 1.0
12, 14464, -0.5, 1.0, -2.5, 5.0, 8, 138, System.load(in.readLine()), 1.5
12, 14465, -0.5, 1.0, -2.0, 0.0, 0, 0, lines.add(in.readLine()), 3.0
12, 14466, -0.5, 1.0, -2.0, 0.5, 0, 0, lines.add(in.readLine()), 4.0
12, 14467, -0.5, 1.0, -2.0, 1.0, 0, 0, lines.add(in.readLine()), 5.0
12, 14468, -0.5, 1.0, -2.0, 1.5, 0, 0, lines.add(in.readLine()), 6.0
12, 14469, -0.5, 1.0, -2.0, 2.0, 8, 54, System.load(in.readLine()), 1.5
12, 14470, -0.5, 1.0, -2.0, 2.5, 8, 71, System.load(in.readLine()), 2.0
12, 14471, -0.5, 1.0, -2.0, 3.0, 8, 90, System.load(in.readLine()), 0.5
12, 14472, -0.5, 1.0, -2.0, 3.5, 8, 110, System.load(in.readLine()), 1.0
12, 14473, -0.5, 1.0, -2.0, 4.0, 8, 124, System.load(in.readLine()), 1.5
12, 14474, -0.5, 1.0, -2.0, 4.5, 8, 139, System.load(in.readLine()), 2.0
12, 14475, -0.5, 1.0, -2.0, 5.0, 8, 149, System.load(in.readLine()), 2.5
12, 14476, -0.5, 1.0, -1.5, 0.0, 0, 0, lines.add(in.readLine()), 3.0
12, 14477, -0.5, 1.0, -1.5, 0.5, 0, 0, lines.add(in.readLine()), 4.0
12, 14478, -0.5, 1.0, -1.5, 1.0, 0, 0, lines.add(in.readLine()), 5.0
12, 14479, -0.5, 1.0, -1.5, 1.5, 8, 54, System.load(in.readLine()), 1.5
12, 14480, -0.5, 1.0, -1.5, 2.0, 8, 69, System.load(in.readLine()), 0.5
12, 14481, -0.5, 1.0, -1.5, 2.5, 8, 88, System.load(in.readLine()), 1.0
12, 14482, -0.5, 1.0, -1.5, 3.0, 8, 118, System.load(in.readLine()), 1.5
12, 14483, -0.5, 1.0, -1.5, 3.5, 8, 126, System.load(in.readLine()), 2.0
12, 14484, -0.5, 1.0, -1.5, 4.0, 8, 148, System.load(in.readLine()), 2.5
12, 14485, -0.5, 1.0, -1.5, 4.5, 8, 163, System.load(in.readLine()), 3.0
12, 14486, -0.5, 1.0, -1.5, 5.0, 8, 176, System.load(in.readLine()), 3.5
12, 14487, -0.5, 1.0, -1.0, 0.0, 0, 0, lines.add(in.readLine()), 3.0
12, 14488, -0.5, 1.0, -1.0, 0.5, 0, 0, lines.add(in.readLine()), 4.0
12, 14489, -0.5, 1.0, -1.0, 1.0, 8, 47, System.load(in.readLine()), 0.5
12, 14490, -0.5, 1.0, -1.0, 1.5, 8, 64, System.load(in.readLine()), 1.0
12, 14491, -0.5, 1.0, -1.0, 2.0, 8, 89, System.load(in.readLine()), 1.5
12, 14492, -0.5, 1.0, -1.0, 2.5, 8, 119, System.load(in.readLine()), 2.0
12, 14493, -0.5, 1.0, -1.0, 3.0, 8, 136, System.load(in.readLine()), 2.5
12, 14494, -0.5, 1.0, -1.0, 3.5, 8, 164, System.load(in.readLine()), 3.0
12, 14495, -0.5, 1.0, -1.0, 4.0, 8, 185, System.load(in.readLine()), 3.5
12, 14496, -0.5, 1.0, -1.0, 4.5, 8, 195, System.load(in.readLine()), 4.0
12, 14497, -0.5, 1.0, -1.0, 5.0, 8, 201, System.load(in.readLine()), 4.5
12, 14498, -0.5, 1.0, -0.5, 0.0, 0, 0, lines.add(in.readLine()), 3.0
12, 14499, -0.5, 1.0, -0.5, 0.5, 8, 46, System.load(in.readLine()), 1.0
12, 14500, -0.5, 1.0, -0.5, 1.0, 8, 70, System.load(in.readLine()), 1.5
12, 14501, -0.5, 1.0, -0.5, 1.5, 8, 109, System.load(in.readLine()), 2.0
12, 14502, -0.5, 1.0, -0.5, 2.0, 8, 156, System.load(in.readLine()), 2.5
12, 14503, -0.5, 1.0, -0.5, 2.5, 8, 185, System.load(in.readLine()), 3.0
12, 14504, -0.5, 1.0, -0.5, 3.0, 8, 205, System.load(in.readLine()), 3.5
12, 14505, -0.5, 1.0, -0.5, 3.5, 8, 211, System.load(in.readLine()), 4.0
12, 14506, -0.5, 1.0, -0.5, 4.0, 8, 212, System.load(in.readLine()), 4.5
12, 14507, -0.5, 1.0, -0.5, 4.5, 8, 218, System.load(in.readLine()), 5.0
12, 14508, -0.5, 1.0, -0.5, 5.0, 8, 223, System.load(in.readLine()), 5.5
12, 14509, -0.5, 1.0, 0.0, 0.0, 8, 123, System.load(in.readLine()), 1.5
12, 14510, -0.5, 1.0, 0.0, 0.5, 8, 149, System.load(in.readLine()), 2.0
12, 14511, -0.5, 1.0, 0.0, 1.0, 8, 230, System.load(in.readLine()), 2.5
12, 14512, -0.5, 1.0, 0.0, 1.5, 9, 166, lines.add(readLine()).add(), 3.5
12, 14513, -0.5, 1.0, 0.0, 2.0, 13, 241, in.readLine().put(in.readLine()), 4.5
12, 14514, -0.5, 1.0, 0.0, 2.5, 13, 241, in.readLine().put(in.readLine()), 5.5
12, 14515, -0.5, 1.0, 0.0, 3.0, 13, 241, in.readLine().put(in.readLine()), 6.5
12, 14516, -0.5, 1.0, 0.0, 3.5, 13, 241, in.readLine().put(in.readLine()), 7.5
12, 14517, -0.5, 1.0, 0.0, 4.0, 13, 241, in.readLine().put(in.readLine()), 8.5
12, 14518, -0.5, 1.0, 0.0, 4.5, 13, 241, in.readLine().put(in.readLine()), 9.5
12, 14519, -0.5, 1.0, 0.0, 5.0, 13, 241, in.readLine().put(in.readLine()), 10.5
12, 14520, 0.0, 1.0, -5.0, 0.0, 0, 0, lines.add(in.readLine()), 5.0
12, 14521, 0.0, 1.0, -5.0, 0.5, 0, 0, lines.add(in.readLine()), 6.0
12, 14522, 0.0, 1.0, -5.0, 1.0, 0, 0, lines.add(in.readLine()), 7.0
12, 14523, 0.0, 1.0, -5.0, 1.5, 0, 0, lines.add(in.readLine()), 8.0
12, 14524, 0.0, 1.0, -5.0, 2.0, 0, 1, lines.add(in.readLine()), 9.0
12, 14525, 0.0, 1.0, -5.0, 2.5, 0, 1, lines.add(in.readLine()), 10.0
12, 14526, 0.0, 1.0, -5.0, 3.0, 0, 1, lines.add(in.readLine()), 11.0
12, 14527, 0.0, 1.0, -5.0, 3.5, 0, 2, lines.add(in.readLine()), 12.0
12, 14528, 0.0, 1.0, -5.0, 4.0, 0, 3, lines.add(in.readLine()), 13.0
12, 14529, 0.0, 1.0, -5.0, 4.5, 8, 68, System.load(in.readLine()), 2.5
12, 14530, 0.0, 1.0, -5.0, 5.0, 8, 75, System.load(in.readLine()), 3.0
12, 14531, 0.0, 1.0, -4.5, 0.0, 0, 0, lines.add(in.readLine()), 5.0
12, 14532, 0.0, 1.0, -4.5, 0.5, 0, 0, lines.add(in.readLine()), 6.0
12, 14533, 0.0, 1.0, -4.5, 1.0, 0, 0, lines.add(in.readLine()), 7.0
12, 14534, 0.0, 1.0, -4.5, 1.5, 0, 0, lines.add(in.readLine()), 8.0
12, 14535, 0.0, 1.0, -4.5, 2.0, 0, 1, lines.add(in.readLine()), 9.0
12, 14536, 0.0, 1.0, -4.5, 2.5, 0, 1, lines.add(in.readLine()), 10.0
12, 14537, 0.0, 1.0, -4.5, 3.0, 0, 2, lines.add(in.readLine()), 11.0
12, 14538, 0.0, 1.0, -4.5, 3.5, 0, 3, lines.add(in.readLine()), 12.0
12, 14539, 0.0, 1.0, -4.5, 4.0, 8, 68, System.load(in.readLine()), 2.5
12, 14540, 0.0, 1.0, -4.5, 4.5, 8, 75, System.load(in.readLine()), 3.0
12, 14541, 0.0, 1.0, -4.5, 5.0, 8, 89, System.load(in.readLine()), 3.5
12, 14542, 0.0, 1.0, -4.0, 0.0, 0, 0, lines.add(in.readLine()), 5.0
12, 14543, 0.0, 1.0, -4.0, 0.5, 0, 0, lines.add(in.readLine()), 6.0
12, 14544, 0.0, 1.0, -4.0, 1.0, 0, 0, lines.add(in.readLine()), 7.0
12, 14545, 0.0, 1.0, -4.0, 1.5, 0, 1, lines.add(in.readLine()), 8.0
12, 14546, 0.0, 1.0, -4.0, 2.0, 0, 1, lines.add(in.readLine()), 9.0
12, 14547, 0.0, 1.0, -4.0, 2.5, 0, 1, lines.add(in.readLine()), 10.0
12, 14548, 0.0, 1.0, -4.0, 3.0, 0, 2, lines.add(in.readLine()), 11.0
12, 14549, 0.0, 1.0, -4.0, 3.5, 8, 68, System.load(in.readLine()), 2.5
12, 14550, 0.0, 1.0, -4.0, 4.0, 8, 75, System.load(in.readLine()), 3.0
12, 14551, 0.0, 1.0, -4.0, 4.5, 8, 94, System.load(in.readLine()), 3.5
12, 14552, 0.0, 1.0, -4.0, 5.0, 8, 99, System.load(in.readLine()), 4.0
12, 14553, 0.0, 1.0, -3.5, 0.0, 0, 0, lines.add(in.readLine()), 5.0
12, 14554, 0.0, 1.0, -3.5, 0.5, 0, 0, lines.add(in.readLine()), 6.0
12, 14555, 0.0, 1.0, -3.5, 1.0, 0, 0, lines.add(in.readLine()), 7.0
12, 14556, 0.0, 1.0, -3.5, 1.5, 0, 1, lines.add(in.readLine()), 8.0
12, 14557, 0.0, 1.0, -3.5, 2.0, 0, 1, lines.add(in.readLine()), 9.0
12, 14558, 0.0, 1.0, -3.5, 2.5, 0, 2, lines.add(in.readLine()), 10.0
12, 14559, 0.0, 1.0, -3.5, 3.0, 8, 68, System.load(in.readLine()), 2.5
12, 14560, 0.0, 1.0, -3.5, 3.5, 8, 80, System.load(in.readLine()), 3.0
12, 14561, 0.0, 1.0, -3.5, 4.0, 8, 94, System.load(in.readLine()), 3.5
12, 14562, 0.0, 1.0, -3.5, 4.5, 8, 113, System.load(in.readLine()), 0.5
12, 14563, 0.0, 1.0, -3.5, 5.0, 8, 119, System.load(in.readLine()), 1.0
12, 14564, 0.0, 1.0, -3.0, 0.0, 0, 0, lines.add(in.readLine()), 5.0
12, 14565, 0.0, 1.0, -3.0, 0.5, 0, 0, lines.add(in.readLine()), 6.0
12, 14566, 0.0, 1.0, -3.0, 1.0, 0, 0, lines.add(in.readLine()), 7.0
12, 14567, 0.0, 1.0, -3.0, 1.5, 0, 1, lines.add(in.readLine()), 8.0
12, 14568, 0.0, 1.0, -3.0, 2.0, 0, 2, lines.add(in.readLine()), 9.0
12, 14569, 0.0, 1.0, -3.0, 2.5, 8, 73, System.load(in.readLine()), 2.5
12, 14570, 0.0, 1.0, -3.0, 3.0, 8, 80, System.load(in.readLine()), 3.0
12, 14571, 0.0, 1.0, -3.0, 3.5, 8, 108, System.load(in.readLine()), 0.5
12, 14572, 0.0, 1.0, -3.0, 4.0, 8, 113, System.load(in.readLine()), 1.0
12, 14573, 0.0, 1.0, -3.0, 4.5, 8, 130, System.load(in.readLine()), 1.5
12, 14574, 0.0, 1.0, -3.0, 5.0, 8, 135, System.load(in.readLine()), 2.0
12, 14575, 0.0, 1.0, -2.5, 0.0, 0, 0, lines.add(in.readLine()), 5.0
12, 14576, 0.0, 1.0, -2.5, 0.5, 0, 0, lines.add(in.readLine()), 6.0
12, 14577, 0.0, 1.0, -2.5, 1.0, 0, 1, lines.add(in.readLine()), 7.0
12, 14578, 0.0, 1.0, -2.5, 1.5, 0, 0, lines.add(in.readLine()), 8.0
12, 14579, 0.0, 1.0, -2.5, 2.0, 8, 73, System.load(in.readLine()), 2.5
12, 14580, 0.0, 1.0, -2.5, 2.5, 8, 89, System.load(in.readLine()), 0.5
12, 14581, 0.0, 1.0, -2.5, 3.0, 8, 109, System.load(in.readLine()), 1.0
12, 14582, 0.0, 1.0, -2.5, 3.5, 8, 116, System.load(in.readLine()), 1.5
12, 14583, 0.0, 1.0, -2.5, 4.0, 8, 132, System.load(in.readLine()), 2.0
12, 14584, 0.0, 1.0, -2.5, 4.5, 8, 143, System.load(in.readLine()), 2.5
12, 14585, 0.0, 1.0, -2.5, 5.0, 8, 144, System.load(in.readLine()), 3.0
12, 14586, 0.0, 1.0, -2.0, 0.0, 0, 0, lines.add(in.readLine()), 5.0
12, 14587, 0.0, 1.0, -2.0, 0.5, 0, 0, lines.add(in.readLine()), 6.0
12, 14588, 0.0, 1.0, -2.0, 1.0, 0, 0, lines.add(in.readLine()), 7.0
12, 14589, 0.0, 1.0, -2.0, 1.5, 8, 83, System.load(in.readLine()), 0.5
12, 14590, 0.0, 1.0, -2.0, 2.0, 8, 89, System.load(in.readLine()), 1.0
12, 14591, 0.0, 1.0, -2.0, 2.5, 8, 114, System.load(in.readLine()), 1.5
12, 14592, 0.0, 1.0, -2.0, 3.0, 8, 118, System.load(in.readLine()), 2.0
12, 14593, 0.0, 1.0, -2.0, 3.5, 8, 139, System.load(in.readLine()), 2.5
12, 14594, 0.0, 1.0, -2.0, 4.0, 8, 144, System.load(in.readLine()), 3.0
12, 14595, 0.0, 1.0, -2.0, 4.5, 8, 159, System.load(in.readLine()), 3.5
12, 14596, 0.0, 1.0, -2.0, 5.0, 8, 172, System.load(in.readLine()), 4.0
12, 14597, 0.0, 1.0, -1.5, 0.0, 0, 0, lines.add(in.readLine()), 5.0
12, 14598, 0.0, 1.0, -1.5, 0.5, 0, 0, lines.add(in.readLine()), 6.0
12, 14599, 0.0, 1.0, -1.5, 1.0, 8, 70, System.load(in.readLine()), 1.0
12, 14600, 0.0, 1.0, -1.5, 1.5, 8, 97, System.load(in.readLine()), 1.5
12, 14601, 0.0, 1.0, -1.5, 2.0, 8, 111, System.load(in.readLine()), 2.0
12, 14602, 0.0, 1.0, -1.5, 2.5, 8, 125, System.load(in.readLine()), 2.5
12, 14603, 0.0, 1.0, -1.5, 3.0, 8, 143, System.load(in.readLine()), 3.0
12, 14604, 0.0, 1.0, -1.5, 3.5, 8, 158, System.load(in.readLine()), 3.5
12, 14605, 0.0, 1.0, -1.5, 4.0, 8, 179, System.load(in.readLine()), 4.0
12, 14606, 0.0, 1.0, -1.5, 4.5, 8, 191, System.load(in.readLine()), 4.5
12, 14607, 0.0, 1.0, -1.5, 5.0, 8, 195, System.load(in.readLine()), 5.0
12, 14608, 0.0, 1.0, -1.0, 0.0, 0, 0, lines.add(in.readLine()), 5.0
12, 14609, 0.0, 1.0, -1.0, 0.5, 8, 70, System.load(in.readLine()), 1.5
12, 14610, 0.0, 1.0, -1.0, 1.0, 8, 94, System.load(in.readLine()), 2.0
12, 14611, 0.0, 1.0, -1.0, 1.5, 8, 125, System.load(in.readLine()), 2.5
12, 14612, 0.0, 1.0, -1.0, 2.0, 8, 137, System.load(in.readLine()), 3.0
12, 14613, 0.0, 1.0, -1.0, 2.5, 8, 176, System.load(in.readLine()), 3.5
12, 14614, 0.0, 1.0, -1.0, 3.0, 8, 191, System.load(in.readLine()), 4.0
12, 14615, 0.0, 1.0, -1.0, 3.5, 8, 202, System.load(in.readLine()), 4.5
12, 14616, 0.0, 1.0, -1.0, 4.0, 8, 207, System.load(in.readLine()), 5.0
12, 14617, 0.0, 1.0, -1.0, 4.5, 8, 215, System.load(in.readLine()), 5.5
12, 14618, 0.0, 1.0, -1.0, 5.0, 8, 217, System.load(in.readLine()), 6.0
12, 14619, 0.0, 1.0, -0.5, 0.0, 8, 91, System.load(in.readLine()), 2.0
12, 14620, 0.0, 1.0, -0.5, 0.5, 8, 144, System.load(in.readLine()), 2.5
12, 14621, 0.0, 1.0, -0.5, 1.0, 8, 184, System.load(in.readLine()), 3.0
12, 14622, 0.0, 1.0, -0.5, 1.5, 8, 224, System.load(in.readLine()), 3.5
12, 14623, 0.0, 1.0, -0.5, 2.0, 8, 240, System.load(in.readLine()), 4.0
12, 14624, 0.0, 1.0, -0.5, 2.5, 8, 242, System.load(in.readLine()), 4.5
12, 14625, 0.0, 1.0, -0.5, 3.0, 8, 243, System.load(in.readLine()), 5.0
12, 14626, 0.0, 1.0, -0.5, 3.5, 8, 249, System.load(in.readLine()), 5.5
12, 14627, 0.0, 1.0, -0.5, 4.0, 9, 202, lines.add(readLine()).add(), 8.0
12, 14628, 0.0, 1.0, -0.5, 4.5, 9, 202, lines.add(readLine()).add(), 8.5
12, 14629, 0.0, 1.0, -0.5, 5.0, 9, 208, lines.add(readLine()).add(), 9.0
12, 14630, 0.0, 1.0, 0.0, 0.0, 10, 243, lines.add(readLine()).wait(), 4.0
12, 14631, 0.0, 1.0, 0.0, 0.5, 16, 30, lines.add(readLine()).put(in.readLine()), 6.0
12, 14632, 0.0, 1.0, 0.0, 1.0, 16, 34, lines.add(readLine()).put(in.readLine()), 7.0
12, 14633, 0.0, 1.0, 0.0, 1.5, 16, 63, lines.add(readLine()).put(in.readLine()), 8.0
12, 14634, 0.0, 1.0, 0.0, 2.0, 16, 69, lines.add(readLine()).put(in.readLine()), 9.0
12, 14635, 0.0, 1.0, 0.0, 2.5, 16, 73, lines.add(readLine()).put(in.readLine()), 10.0
12, 14636, 0.0, 1.0, 0.0, 3.0, 16, 74, lines.add(readLine()).put(in.readLine()), 11.0
12, 14637, 0.0, 1.0, 0.0, 3.5, 16, 83, lines.add(readLine()).put(in.readLine()), 12.0
12, 14638, 0.0, 1.0, 0.0, 4.0, 16, 83, lines.add(readLine()).put(in.readLine()), 13.0
12, 14639, 0.0, 1.0, 0.0, 4.5, 16, 83, lines.add(readLine()).put(in.readLine()), 14.0
12, 14640, 0.0, 1.0, 0.0, 5.0, 16, 83, lines.add(readLine()).put(in.readLine()), 15.0
