12, 34606, -5.0, 1.0, -5.0, 0.0, 14, 0, readLine(), -3.0
12, 34607, -5.0, 1.0, -5.0, 0.5, 14, 0, readLine(), -3.0
12, 34608, -5.0, 1.0, -5.0, 1.0, 14, 0, readLine(), -3.0
12, 34609, -5.0, 1.0, -5.0, 1.5, 14, 0, readLine(), -3.0
12, 34610, -5.0, 1.0, -5.0, 2.0, 14, 0, readLine(), -3.0
12, 34611, -5.0, 1.0, -5.0, 2.5, 14, 0, readLine(), -3.0
12, 34612, -5.0, 1.0, -5.0, 3.0, 14, 0, readLine(), -3.0
12, 34613, -5.0, 1.0, -5.0, 3.5, 14, 0, readLine(), -3.0
12, 34614, -5.0, 1.0, -5.0, 4.0, 14, 0, readLine(), -3.0
12, 34615, -5.0, 1.0, -5.0, 4.5, 14, 0, readLine(), -3.0
12, 34616, -5.0, 1.0, -5.0, 5.0, 14, 0, readLine(), -3.0
12, 34617, -5.0, 1.0, -4.5, 0.0, 14, 0, readLine(), -3.0
12, 34618, -5.0, 1.0, -4.5, 0.5, 14, 0, readLine(), -3.0
12, 34619, -5.0, 1.0, -4.5, 1.0, 14, 0, readLine(), -3.0
12, 34620, -5.0, 1.0, -4.5, 1.5, 14, 0, readLine(), -3.0
12, 34621, -5.0, 1.0, -4.5, 2.0, 14, 0, readLine(), -3.0
12, 34622, -5.0, 1.0, -4.5, 2.5, 14, 0, readLine(), -3.0
12, 34623, -5.0, 1.0, -4.5, 3.0, 14, 0, readLine(), -3.0
12, 34624, -5.0, 1.0, -4.5, 3.5, 14, 0, readLine(), -3.0
12, 34625, -5.0, 1.0, -4.5, 4.0, 14, 0, readLine(), -3.0
12, 34626, -5.0, 1.0, -4.5, 4.5, 14, 0, readLine(), -3.0
12, 34627, -5.0, 1.0, -4.5, 5.0, 14, 0, readLine(), -3.0
12, 34628, -5.0, 1.0, -4.0, 0.0, 14, 0, readLine(), -3.0
12, 34629, -5.0, 1.0, -4.0, 0.5, 14, 0, readLine(), -3.0
12, 34630, -5.0, 1.0, -4.0, 1.0, 14, 0, readLine(), -3.0
12, 34631, -5.0, 1.0, -4.0, 1.5, 14, 0, readLine(), -3.0
12, 34632, -5.0, 1.0, -4.0, 2.0, 14, 0, readLine(), -3.0
12, 34633, -5.0, 1.0, -4.0, 2.5, 14, 0, readLine(), -3.0
12, 34634, -5.0, 1.0, -4.0, 3.0, 14, 0, readLine(), -3.0
12, 34635, -5.0, 1.0, -4.0, 3.5, 14, 0, readLine(), -3.0
12, 34636, -5.0, 1.0, -4.0, 4.0, 14, 0, readLine(), -3.0
12, 34637, -5.0, 1.0, -4.0, 4.5, 14, 0, readLine(), -3.0
12, 34638, -5.0, 1.0, -4.0, 5.0, 14, 0, readLine(), -3.0
12, 34639, -5.0, 1.0, -3.5, 0.0, 14, 0, readLine(), -3.0
12, 34640, -5.0, 1.0, -3.5, 0.5, 14, 0, readLine(), -3.0
12, 34641, -5.0, 1.0, -3.5, 1.0, 14, 0, readLine(), -3.0
12, 34642, -5.0, 1.0, -3.5, 1.5, 14, 0, readLine(), -3.0
12, 34643, -5.0, 1.0, -3.5, 2.0, 14, 0, readLine(), -3.0
12, 34644, -5.0, 1.0, -3.5, 2.5, 14, 0, readLine(), -3.0
12, 34645, -5.0, 1.0, -3.5, 3.0, 14, 0, readLine(), -3.0
12, 34646, -5.0, 1.0, -3.5, 3.5, 14, 0, readLine(), -3.0
12, 34647, -5.0, 1.0, -3.5, 4.0, 14, 0, readLine(), -3.0
12, 34648, -5.0, 1.0, -3.5, 4.5, 14, 0, readLine(), -3.0
12, 34649, -5.0, 1.0, -3.5, 5.0, 14, 0, readLine(), -3.0
12, 34650, -5.0, 1.0, -3.0, 0.0, 14, 0, readLine(), -3.0
12, 34651, -5.0, 1.0, -3.0, 0.5, 14, 0, readLine(), -3.0
12, 34652, -5.0, 1.0, -3.0, 1.0, 14, 0, readLine(), -3.0
12, 34653, -5.0, 1.0, -3.0, 1.5, 14, 0, readLine(), -3.0
12, 34654, -5.0, 1.0, -3.0, 2.0, 14, 0, readLine(), -3.0
12, 34655, -5.0, 1.0, -3.0, 2.5, 14, 0, readLine(), -3.0
12, 34656, -5.0, 1.0, -3.0, 3.0, 14, 0, readLine(), -3.0
12, 34657, -5.0, 1.0, -3.0, 3.5, 14, 0, readLine(), -3.0
12, 34658, -5.0, 1.0, -3.0, 4.0, 14, 0, readLine(), -3.0
12, 34659, -5.0, 1.0, -3.0, 4.5, 14, 0, readLine(), -3.0
12, 34660, -5.0, 1.0, -3.0, 5.0, 14, 0, readLine(), -3.0
12, 34661, -5.0, 1.0, -2.5, 0.0, 14, 0, readLine(), -3.0
12, 34662, -5.0, 1.0, -2.5, 0.5, 14, 0, readLine(), -3.0
12, 34663, -5.0, 1.0, -2.5, 1.0, 14, 0, readLine(), -3.0
12, 34664, -5.0, 1.0, -2.5, 1.5, 14, 0, readLine(), -3.0
12, 34665, -5.0, 1.0, -2.5, 2.0, 14, 0, readLine(), -3.0
12, 34666, -5.0, 1.0, -2.5, 2.5, 14, 0, readLine(), -3.0
12, 34667, -5.0, 1.0, -2.5, 3.0, 14, 0, readLine(), -3.0
12, 34668, -5.0, 1.0, -2.5, 3.5, 14, 0, readLine(), -3.0
12, 34669, -5.0, 1.0, -2.5, 4.0, 14, 0, readLine(), -3.0
12, 34670, -5.0, 1.0, -2.5, 4.5, 14, 0, readLine(), -3.0
12, 34671, -5.0, 1.0, -2.5, 5.0, 14, 0, readLine(), -3.0
12, 34672, -5.0, 1.0, -2.0, 0.0, 14, 0, readLine(), -3.0
12, 34673, -5.0, 1.0, -2.0, 0.5, 14, 0, readLine(), -3.0
12, 34674, -5.0, 1.0, -2.0, 1.0, 14, 0, readLine(), -3.0
12, 34675, -5.0, 1.0, -2.0, 1.5, 14, 0, readLine(), -3.0
12, 34676, -5.0, 1.0, -2.0, 2.0, 14, 0, readLine(), -3.0
12, 34677, -5.0, 1.0, -2.0, 2.5, 14, 0, readLine(), -3.0
12, 34678, -5.0, 1.0, -2.0, 3.0, 14, 0, readLine(), -3.0
12, 34679, -5.0, 1.0, -2.0, 3.5, 14, 0, readLine(), -3.0
12, 34680, -5.0, 1.0, -2.0, 4.0, 14, 0, readLine(), -3.0
12, 34681, -5.0, 1.0, -2.0, 4.5, 14, 0, readLine(), -3.0
12, 34682, -5.0, 1.0, -2.0, 5.0, 14, 0, readLine(), -3.0
12, 34683, -5.0, 1.0, -1.5, 0.0, 14, 0, readLine(), -3.0
12, 34684, -5.0, 1.0, -1.5, 0.5, 14, 0, readLine(), -3.0
12, 34685, -5.0, 1.0, -1.5, 1.0, 14, 0, readLine(), -3.0
12, 34686, -5.0, 1.0, -1.5, 1.5, 14, 0, readLine(), -3.0
12, 34687, -5.0, 1.0, -1.5, 2.0, 14, 0, readLine(), -3.0
12, 34688, -5.0, 1.0, -1.5, 2.5, 14, 0, readLine(), -3.0
12, 34689, -5.0, 1.0, -1.5, 3.0, 14, 0, readLine(), -3.0
12, 34690, -5.0, 1.0, -1.5, 3.5, 14, 0, readLine(), -3.0
12, 34691, -5.0, 1.0, -1.5, 4.0, 14, 0, readLine(), -3.0
12, 34692, -5.0, 1.0, -1.5, 4.5, 14, 0, readLine(), -3.0
12, 34693, -5.0, 1.0, -1.5, 5.0, 14, 0, readLine(), -3.0
12, 34694, -5.0, 1.0, -1.0, 0.0, 14, 0, readLine(), -3.0
12, 34695, -5.0, 1.0, -1.0, 0.5, 14, 0, readLine(), -3.0
12, 34696, -5.0, 1.0, -1.0, 1.0, 14, 0, readLine(), -3.0
12, 34697, -5.0, 1.0, -1.0, 1.5, 14, 0, readLine(), -3.0
12, 34698, -5.0, 1.0, -1.0, 2.0, 14, 0, readLine(), -3.0
12, 34699, -5.0, 1.0, -1.0, 2.5, 14, 0, readLine(), -3.0
12, 34700, -5.0, 1.0, -1.0, 3.0, 14, 0, readLine(), -3.0
12, 34701, -5.0, 1.0, -1.0, 3.5, 14, 0, readLine(), -3.0
12, 34702, -5.0, 1.0, -1.0, 4.0, 14, 0, readLine(), -3.0
12, 34703, -5.0, 1.0, -1.0, 4.5, 14, 0, readLine(), -3.0
12, 34704, -5.0, 1.0, -1.0, 5.0, 14, 0, readLine(), -3.0
12, 34705, -5.0, 1.0, -0.5, 0.0, 14, 0, readLine(), -3.0
12, 34706, -5.0, 1.0, -0.5, 0.5, 14, 0, readLine(), -3.0
12, 34707, -5.0, 1.0, -0.5, 1.0, 14, 0, readLine(), -3.0
12, 34708, -5.0, 1.0, -0.5, 1.5, 14, 0, readLine(), -3.0
12, 34709, -5.0, 1.0, -0.5, 2.0, 14, 0, readLine(), -3.0
12, 34710, -5.0, 1.0, -0.5, 2.5, 14, 0, readLine(), -3.0
12, 34711, -5.0, 1.0, -0.5, 3.0, 14, 0, readLine(), -3.0
12, 34712, -5.0, 1.0, -0.5, 3.5, 14, 0, readLine(), -3.0
12, 34713, -5.0, 1.0, -0.5, 4.0, 14, 0, readLine(), -3.0
12, 34714, -5.0, 1.0, -0.5, 4.5, 14, 0, readLine(), -3.0
12, 34715, -5.0, 1.0, -0.5, 5.0, 14, 0, readLine(), -3.0
12, 34716, -5.0, 1.0, 0.0, 0.0, 14, 0, readLine(), -3.0
12, 34717, -5.0, 1.0, 0.0, 0.5, 14, 0, readLine(), -3.0
12, 34718, -5.0, 1.0, 0.0, 1.0, 14, 0, readLine(), -3.0
12, 34719, -5.0, 1.0, 0.0, 1.5, 14, 0, readLine(), -3.0
12, 34720, -5.0, 1.0, 0.0, 2.0, 14, 0, readLine(), -3.0
12, 34721, -5.0, 1.0, 0.0, 2.5, 14, 0, readLine(), -3.0
12, 34722, -5.0, 1.0, 0.0, 3.0, 14, 0, readLine(), -3.0
12, 34723, -5.0, 1.0, 0.0, 3.5, 14, 0, readLine(), -3.0
12, 34724, -5.0, 1.0, 0.0, 4.0, 14, 0, readLine(), -3.0
12, 34725, -5.0, 1.0, 0.0, 4.5, 14, 0, readLine(), -3.0
12, 34726, -5.0, 1.0, 0.0, 5.0, 14, 0, readLine(), -3.0
12, 34727, -4.5, 1.0, -5.0, 0.0, 14, 0, readLine(), -2.5
12, 34728, -4.5, 1.0, -5.0, 0.5, 14, 0, readLine(), -2.5
12, 34729, -4.5, 1.0, -5.0, 1.0, 14, 0, readLine(), -2.5
12, 34730, -4.5, 1.0, -5.0, 1.5, 14, 0, readLine(), -2.5
12, 34731, -4.5, 1.0, -5.0, 2.0, 14, 0, readLine(), -2.5
12, 34732, -4.5, 1.0, -5.0, 2.5, 14, 0, readLine(), -2.5
12, 34733, -4.5, 1.0, -5.0, 3.0, 14, 0, readLine(), -2.5
12, 34734, -4.5, 1.0, -5.0, 3.5, 14, 0, readLine(), -2.5
12, 34735, -4.5, 1.0, -5.0, 4.0, 14, 0, readLine(), -2.5
12, 34736, -4.5, 1.0, -5.0, 4.5, 14, 0, readLine(), -2.5
12, 34737, -4.5, 1.0, -5.0, 5.0, 14, 0, readLine(), -2.5
12, 34738, -4.5, 1.0, -4.5, 0.0, 14, 0, readLine(), -2.5
12, 34739, -4.5, 1.0, -4.5, 0.5, 14, 0, readLine(), -2.5
12, 34740, -4.5, 1.0, -4.5, 1.0, 14, 0, readLine(), -2.5
12, 34741, -4.5, 1.0, -4.5, 1.5, 14, 0, readLine(), -2.5
12, 34742, -4.5, 1.0, -4.5, 2.0, 14, 0, readLine(), -2.5
12, 34743, -4.5, 1.0, -4.5, 2.5, 14, 0, readLine(), -2.5
12, 34744, -4.5, 1.0, -4.5, 3.0, 14, 0, readLine(), -2.5
12, 34745, -4.5, 1.0, -4.5, 3.5, 14, 0, readLine(), -2.5
12, 34746, -4.5, 1.0, -4.5, 4.0, 14, 0, readLine(), -2.5
12, 34747, -4.5, 1.0, -4.5, 4.5, 14, 0, readLine(), -2.5
12, 34748, -4.5, 1.0, -4.5, 5.0, 14, 0, readLine(), -2.5
12, 34749, -4.5, 1.0, -4.0, 0.0, 14, 0, readLine(), -2.5
12, 34750, -4.5, 1.0, -4.0, 0.5, 14, 0, readLine(), -2.5
12, 34751, -4.5, 1.0, -4.0, 1.0, 14, 0, readLine(), -2.5
12, 34752, -4.5, 1.0, -4.0, 1.5, 14, 0, readLine(), -2.5
12, 34753, -4.5, 1.0, -4.0, 2.0, 14, 0, readLine(), -2.5
12, 34754, -4.5, 1.0, -4.0, 2.5, 14, 0, readLine(), -2.5
12, 34755, -4.5, 1.0, -4.0, 3.0, 14, 0, readLine(), -2.5
12, 34756, -4.5, 1.0, -4.0, 3.5, 14, 0, readLine(), -2.5
12, 34757, -4.5, 1.0, -4.0, 4.0, 14, 0, readLine(), -2.5
12, 34758, -4.5, 1.0, -4.0, 4.5, 14, 0, readLine(), -2.5
12, 34759, -4.5, 1.0, -4.0, 5.0, 14, 0, readLine(), -2.5
12, 34760, -4.5, 1.0, -3.5, 0.0, 14, 0, readLine(), -2.5
12, 34761, -4.5, 1.0, -3.5, 0.5, 14, 0, readLine(), -2.5
12, 34762, -4.5, 1.0, -3.5, 1.0, 14, 0, readLine(), -2.5
12, 34763, -4.5, 1.0, -3.5, 1.5, 14, 0, readLine(), -2.5
12, 34764, -4.5, 1.0, -3.5, 2.0, 14, 0, readLine(), -2.5
12, 34765, -4.5, 1.0, -3.5, 2.5, 14, 0, readLine(), -2.5
12, 34766, -4.5, 1.0, -3.5, 3.0, 14, 0, readLine(), -2.5
12, 34767, -4.5, 1.0, -3.5, 3.5, 14, 0, readLine(), -2.5
12, 34768, -4.5, 1.0, -3.5, 4.0, 14, 0, readLine(), -2.5
12, 34769, -4.5, 1.0, -3.5, 4.5, 14, 0, readLine(), -2.5
12, 34770, -4.5, 1.0, -3.5, 5.0, 14, 0, readLine(), -2.5
12, 34771, -4.5, 1.0, -3.0, 0.0, 14, 0, readLine(), -2.5
12, 34772, -4.5, 1.0, -3.0, 0.5, 14, 0, readLine(), -2.5
12, 34773, -4.5, 1.0, -3.0, 1.0, 14, 0, readLine(), -2.5
12, 34774, -4.5, 1.0, -3.0, 1.5, 14, 0, readLine(), -2.5
12, 34775, -4.5, 1.0, -3.0, 2.0, 14, 0, readLine(), -2.5
12, 34776, -4.5, 1.0, -3.0, 2.5, 14, 0, readLine(), -2.5
12, 34777, -4.5, 1.0, -3.0, 3.0, 14, 0, readLine(), -2.5
12, 34778, -4.5, 1.0, -3.0, 3.5, 14, 0, readLine(), -2.5
12, 34779, -4.5, 1.0, -3.0, 4.0, 14, 0, readLine(), -2.5
12, 34780, -4.5, 1.0, -3.0, 4.5, 14, 0, readLine(), -2.5
12, 34781, -4.5, 1.0, -3.0, 5.0, 14, 0, readLine(), -2.5
12, 34782, -4.5, 1.0, -2.5, 0.0, 14, 0, readLine(), -2.5
12, 34783, -4.5, 1.0, -2.5, 0.5, 14, 0, readLine(), -2.5
12, 34784, -4.5, 1.0, -2.5, 1.0, 14, 0, readLine(), -2.5
12, 34785, -4.5, 1.0, -2.5, 1.5, 14, 0, readLine(), -2.5
12, 34786, -4.5, 1.0, -2.5, 2.0, 14, 0, readLine(), -2.5
12, 34787, -4.5, 1.0, -2.5, 2.5, 14, 0, readLine(), -2.5
12, 34788, -4.5, 1.0, -2.5, 3.0, 14, 0, readLine(), -2.5
12, 34789, -4.5, 1.0, -2.5, 3.5, 14, 0, readLine(), -2.5
12, 34790, -4.5, 1.0, -2.5, 4.0, 14, 0, readLine(), -2.5
12, 34791, -4.5, 1.0, -2.5, 4.5, 14, 0, readLine(), -2.5
12, 34792, -4.5, 1.0, -2.5, 5.0, 14, 0, readLine(), -2.5
12, 34793, -4.5, 1.0, -2.0, 0.0, 14, 0, readLine(), -2.5
12, 34794, -4.5, 1.0, -2.0, 0.5, 14, 0, readLine(), -2.5
12, 34795, -4.5, 1.0, -2.0, 1.0, 14, 0, readLine(), -2.5
12, 34796, -4.5, 1.0, -2.0, 1.5, 14, 0, readLine(), -2.5
12, 34797, -4.5, 1.0, -2.0, 2.0, 14, 0, readLine(), -2.5
12, 34798, -4.5, 1.0, -2.0, 2.5, 14, 0, readLine(), -2.5
12, 34799, -4.5, 1.0, -2.0, 3.0, 14, 0, readLine(), -2.5
12, 34800, -4.5, 1.0, -2.0, 3.5, 14, 0, readLine(), -2.5
12, 34801, -4.5, 1.0, -2.0, 4.0, 14, 0, readLine(), -2.5
12, 34802, -4.5, 1.0, -2.0, 4.5, 14, 0, readLine(), -2.5
12, 34803, -4.5, 1.0, -2.0, 5.0, 14, 0, readLine(), -2.5
12, 34804, -4.5, 1.0, -1.5, 0.0, 14, 0, readLine(), -2.5
12, 34805, -4.5, 1.0, -1.5, 0.5, 14, 0, readLine(), -2.5
12, 34806, -4.5, 1.0, -1.5, 1.0, 14, 0, readLine(), -2.5
12, 34807, -4.5, 1.0, -1.5, 1.5, 14, 0, readLine(), -2.5
12, 34808, -4.5, 1.0, -1.5, 2.0, 14, 0, readLine(), -2.5
12, 34809, -4.5, 1.0, -1.5, 2.5, 14, 0, readLine(), -2.5
12, 34810, -4.5, 1.0, -1.5, 3.0, 14, 0, readLine(), -2.5
12, 34811, -4.5, 1.0, -1.5, 3.5, 14, 0, readLine(), -2.5
12, 34812, -4.5, 1.0, -1.5, 4.0, 14, 0, readLine(), -2.5
12, 34813, -4.5, 1.0, -1.5, 4.5, 14, 0, readLine(), -2.5
12, 34814, -4.5, 1.0, -1.5, 5.0, 14, 0, readLine(), -2.5
12, 34815, -4.5, 1.0, -1.0, 0.0, 14, 0, readLine(), -2.5
12, 34816, -4.5, 1.0, -1.0, 0.5, 14, 0, readLine(), -2.5
12, 34817, -4.5, 1.0, -1.0, 1.0, 14, 0, readLine(), -2.5
12, 34818, -4.5, 1.0, -1.0, 1.5, 14, 0, readLine(), -2.5
12, 34819, -4.5, 1.0, -1.0, 2.0, 14, 0, readLine(), -2.5
12, 34820, -4.5, 1.0, -1.0, 2.5, 14, 0, readLine(), -2.5
12, 34821, -4.5, 1.0, -1.0, 3.0, 14, 0, readLine(), -2.5
12, 34822, -4.5, 1.0, -1.0, 3.5, 14, 0, readLine(), -2.5
12, 34823, -4.5, 1.0, -1.0, 4.0, 14, 0, readLine(), -2.5
12, 34824, -4.5, 1.0, -1.0, 4.5, 14, 0, readLine(), -2.5
12, 34825, -4.5, 1.0, -1.0, 5.0, 14, 0, readLine(), -2.5
12, 34826, -4.5, 1.0, -0.5, 0.0, 14, 0, readLine(), -2.5
12, 34827, -4.5, 1.0, -0.5, 0.5, 14, 0, readLine(), -2.5
12, 34828, -4.5, 1.0, -0.5, 1.0, 14, 0, readLine(), -2.5
12, 34829, -4.5, 1.0, -0.5, 1.5, 14, 0, readLine(), -2.5
12, 34830, -4.5, 1.0, -0.5, 2.0, 14, 0, readLine(), -2.5
12, 34831, -4.5, 1.0, -0.5, 2.5, 14, 0, readLine(), -2.5
12, 34832, -4.5, 1.0, -0.5, 3.0, 14, 0, readLine(), -2.5
12, 34833, -4.5, 1.0, -0.5, 3.5, 14, 0, readLine(), -2.5
12, 34834, -4.5, 1.0, -0.5, 4.0, 14, 0, readLine(), -2.5
12, 34835, -4.5, 1.0, -0.5, 4.5, 14, 0, readLine(), -2.5
12, 34836, -4.5, 1.0, -0.5, 5.0, 14, 0, readLine(), -2.5
12, 34837, -4.5, 1.0, 0.0, 0.0, 14, 0, readLine(), -2.5
12, 34838, -4.5, 1.0, 0.0, 0.5, 14, 0, readLine(), -2.5
12, 34839, -4.5, 1.0, 0.0, 1.0, 14, 0, readLine(), -2.5
12, 34840, -4.5, 1.0, 0.0, 1.5, 14, 0, readLine(), -2.5
12, 34841, -4.5, 1.0, 0.0, 2.0, 14, 0, readLine(), -2.5
12, 34842, -4.5, 1.0, 0.0, 2.5, 14, 0, readLine(), -2.5
12, 34843, -4.5, 1.0, 0.0, 3.0, 14, 0, readLine(), -2.5
12, 34844, -4.5, 1.0, 0.0, 3.5, 14, 0, readLine(), -2.5
12, 34845, -4.5, 1.0, 0.0, 4.0, 14, 0, readLine(), -2.5
12, 34846, -4.5, 1.0, 0.0, 4.5, 14, 0, readLine(), -2.5
12, 34847, -4.5, 1.0, 0.0, 5.0, 26, 0, new Task12().getLines(in).command(), -1.0
12, 34848, -4.0, 1.0, -5.0, 0.0, 14, 0, readLine(), -2.0
12, 34849, -4.0, 1.0, -5.0, 0.5, 14, 0, readLine(), -2.0
12, 34850, -4.0, 1.0, -5.0, 1.0, 14, 0, readLine(), -2.0
12, 34851, -4.0, 1.0, -5.0, 1.5, 14, 0, readLine(), -2.0
12, 34852, -4.0, 1.0, -5.0, 2.0, 14, 0, readLine(), -2.0
12, 34853, -4.0, 1.0, -5.0, 2.5, 14, 0, readLine(), -2.0
12, 34854, -4.0, 1.0, -5.0, 3.0, 14, 0, readLine(), -2.0
12, 34855, -4.0, 1.0, -5.0, 3.5, 14, 0, readLine(), -2.0
12, 34856, -4.0, 1.0, -5.0, 4.0, 14, 0, readLine(), -2.0
12, 34857, -4.0, 1.0, -5.0, 4.5, 14, 0, readLine(), -2.0
12, 34858, -4.0, 1.0, -5.0, 5.0, 14, 0, readLine(), -2.0
12, 34859, -4.0, 1.0, -4.5, 0.0, 14, 0, readLine(), -2.0
12, 34860, -4.0, 1.0, -4.5, 0.5, 14, 0, readLine(), -2.0
12, 34861, -4.0, 1.0, -4.5, 1.0, 14, 0, readLine(), -2.0
12, 34862, -4.0, 1.0, -4.5, 1.5, 14, 0, readLine(), -2.0
12, 34863, -4.0, 1.0, -4.5, 2.0, 14, 0, readLine(), -2.0
12, 34864, -4.0, 1.0, -4.5, 2.5, 14, 0, readLine(), -2.0
12, 34865, -4.0, 1.0, -4.5, 3.0, 14, 0, readLine(), -2.0
12, 34866, -4.0, 1.0, -4.5, 3.5, 14, 0, readLine(), -2.0
12, 34867, -4.0, 1.0, -4.5, 4.0, 14, 0, readLine(), -2.0
12, 34868, -4.0, 1.0, -4.5, 4.5, 14, 0, readLine(), -2.0
12, 34869, -4.0, 1.0, -4.5, 5.0, 14, 0, readLine(), -2.0
12, 34870, -4.0, 1.0, -4.0, 0.0, 14, 0, readLine(), -2.0
12, 34871, -4.0, 1.0, -4.0, 0.5, 14, 0, readLine(), -2.0
12, 34872, -4.0, 1.0, -4.0, 1.0, 14, 0, readLine(), -2.0
12, 34873, -4.0, 1.0, -4.0, 1.5, 14, 0, readLine(), -2.0
12, 34874, -4.0, 1.0, -4.0, 2.0, 14, 0, readLine(), -2.0
12, 34875, -4.0, 1.0, -4.0, 2.5, 14, 0, readLine(), -2.0
12, 34876, -4.0, 1.0, -4.0, 3.0, 14, 0, readLine(), -2.0
12, 34877, -4.0, 1.0, -4.0, 3.5, 14, 0, readLine(), -2.0
12, 34878, -4.0, 1.0, -4.0, 4.0, 14, 0, readLine(), -2.0
12, 34879, -4.0, 1.0, -4.0, 4.5, 14, 0, readLine(), -2.0
12, 34880, -4.0, 1.0, -4.0, 5.0, 14, 0, readLine(), -2.0
12, 34881, -4.0, 1.0, -3.5, 0.0, 14, 0, readLine(), -2.0
12, 34882, -4.0, 1.0, -3.5, 0.5, 14, 0, readLine(), -2.0
12, 34883, -4.0, 1.0, -3.5, 1.0, 14, 0, readLine(), -2.0
12, 34884, -4.0, 1.0, -3.5, 1.5, 14, 0, readLine(), -2.0
12, 34885, -4.0, 1.0, -3.5, 2.0, 14, 0, readLine(), -2.0
12, 34886, -4.0, 1.0, -3.5, 2.5, 14, 0, readLine(), -2.0
12, 34887, -4.0, 1.0, -3.5, 3.0, 14, 0, readLine(), -2.0
12, 34888, -4.0, 1.0, -3.5, 3.5, 14, 0, readLine(), -2.0
12, 34889, -4.0, 1.0, -3.5, 4.0, 14, 0, readLine(), -2.0
12, 34890, -4.0, 1.0, -3.5, 4.5, 14, 0, readLine(), -2.0
12, 34891, -4.0, 1.0, -3.5, 5.0, 14, 0, readLine(), -2.0
12, 34892, -4.0, 1.0, -3.0, 0.0, 14, 0, readLine(), -2.0
12, 34893, -4.0, 1.0, -3.0, 0.5, 14, 0, readLine(), -2.0
12, 34894, -4.0, 1.0, -3.0, 1.0, 14, 0, readLine(), -2.0
12, 34895, -4.0, 1.0, -3.0, 1.5, 14, 0, readLine(), -2.0
12, 34896, -4.0, 1.0, -3.0, 2.0, 14, 0, readLine(), -2.0
12, 34897, -4.0, 1.0, -3.0, 2.5, 14, 0, readLine(), -2.0
12, 34898, -4.0, 1.0, -3.0, 3.0, 14, 0, readLine(), -2.0
12, 34899, -4.0, 1.0, -3.0, 3.5, 14, 0, readLine(), -2.0
12, 34900, -4.0, 1.0, -3.0, 4.0, 14, 0, readLine(), -2.0
12, 34901, -4.0, 1.0, -3.0, 4.5, 14, 0, readLine(), -2.0
12, 34902, -4.0, 1.0, -3.0, 5.0, 14, 0, readLine(), -2.0
12, 34903, -4.0, 1.0, -2.5, 0.0, 14, 0, readLine(), -2.0
12, 34904, -4.0, 1.0, -2.5, 0.5, 14, 0, readLine(), -2.0
12, 34905, -4.0, 1.0, -2.5, 1.0, 14, 0, readLine(), -2.0
12, 34906, -4.0, 1.0, -2.5, 1.5, 14, 0, readLine(), -2.0
12, 34907, -4.0, 1.0, -2.5, 2.0, 14, 0, readLine(), -2.0
12, 34908, -4.0, 1.0, -2.5, 2.5, 14, 0, readLine(), -2.0
12, 34909, -4.0, 1.0, -2.5, 3.0, 14, 0, readLine(), -2.0
12, 34910, -4.0, 1.0, -2.5, 3.5, 14, 0, readLine(), -2.0
12, 34911, -4.0, 1.0, -2.5, 4.0, 14, 0, readLine(), -2.0
12, 34912, -4.0, 1.0, -2.5, 4.5, 14, 0, readLine(), -2.0
12, 34913, -4.0, 1.0, -2.5, 5.0, 14, 0, readLine(), -2.0
12, 34914, -4.0, 1.0, -2.0, 0.0, 14, 0, readLine(), -2.0
12, 34915, -4.0, 1.0, -2.0, 0.5, 14, 0, readLine(), -2.0
12, 34916, -4.0, 1.0, -2.0, 1.0, 14, 0, readLine(), -2.0
12, 34917, -4.0, 1.0, -2.0, 1.5, 14, 0, readLine(), -2.0
12, 34918, -4.0, 1.0, -2.0, 2.0, 14, 0, readLine(), -2.0
12, 34919, -4.0, 1.0, -2.0, 2.5, 14, 0, readLine(), -2.0
12, 34920, -4.0, 1.0, -2.0, 3.0, 14, 0, readLine(), -2.0
12, 34921, -4.0, 1.0, -2.0, 3.5, 14, 0, readLine(), -2.0
12, 34922, -4.0, 1.0, -2.0, 4.0, 14, 0, readLine(), -2.0
12, 34923, -4.0, 1.0, -2.0, 4.5, 14, 0, readLine(), -2.0
12, 34924, -4.0, 1.0, -2.0, 5.0, 14, 0, readLine(), -2.0
12, 34925, -4.0, 1.0, -1.5, 0.0, 14, 0, readLine(), -2.0
12, 34926, -4.0, 1.0, -1.5, 0.5, 14, 0, readLine(), -2.0
12, 34927, -4.0, 1.0, -1.5, 1.0, 14, 0, readLine(), -2.0
12, 34928, -4.0, 1.0, -1.5, 1.5, 14, 0, readLine(), -2.0
12, 34929, -4.0, 1.0, -1.5, 2.0, 14, 0, readLine(), -2.0
12, 34930, -4.0, 1.0, -1.5, 2.5, 14, 0, readLine(), -2.0
12, 34931, -4.0, 1.0, -1.5, 3.0, 14, 0, readLine(), -2.0
12, 34932, -4.0, 1.0, -1.5, 3.5, 14, 0, readLine(), -2.0
12, 34933, -4.0, 1.0, -1.5, 4.0, 14, 0, readLine(), -2.0
12, 34934, -4.0, 1.0, -1.5, 4.5, 14, 0, readLine(), -2.0
12, 34935, -4.0, 1.0, -1.5, 5.0, 14, 0, readLine(), -2.0
12, 34936, -4.0, 1.0, -1.0, 0.0, 14, 0, readLine(), -2.0
12, 34937, -4.0, 1.0, -1.0, 0.5, 14, 0, readLine(), -2.0
12, 34938, -4.0, 1.0, -1.0, 1.0, 14, 0, readLine(), -2.0
12, 34939, -4.0, 1.0, -1.0, 1.5, 14, 0, readLine(), -2.0
12, 34940, -4.0, 1.0, -1.0, 2.0, 14, 0, readLine(), -2.0
12, 34941, -4.0, 1.0, -1.0, 2.5, 14, 0, readLine(), -2.0
12, 34942, -4.0, 1.0, -1.0, 3.0, 14, 0, readLine(), -2.0
12, 34943, -4.0, 1.0, -1.0, 3.5, 14, 0, readLine(), -2.0
12, 34944, -4.0, 1.0, -1.0, 4.0, 14, 0, readLine(), -2.0
12, 34945, -4.0, 1.0, -1.0, 4.5, 14, 0, readLine(), -2.0
12, 34946, -4.0, 1.0, -1.0, 5.0, 14, 0, readLine(), -2.0
12, 34947, -4.0, 1.0, -0.5, 0.0, 14, 0, readLine(), -2.0
12, 34948, -4.0, 1.0, -0.5, 0.5, 14, 0, readLine(), -2.0
12, 34949, -4.0, 1.0, -0.5, 1.0, 14, 0, readLine(), -2.0
12, 34950, -4.0, 1.0, -0.5, 1.5, 14, 0, readLine(), -2.0
12, 34951, -4.0, 1.0, -0.5, 2.0, 14, 0, readLine(), -2.0
12, 34952, -4.0, 1.0, -0.5, 2.5, 14, 0, readLine(), -2.0
12, 34953, -4.0, 1.0, -0.5, 3.0, 14, 0, readLine(), -2.0
12, 34954, -4.0, 1.0, -0.5, 3.5, 14, 0, readLine(), -2.0
12, 34955, -4.0, 1.0, -0.5, 4.0, 14, 0, readLine(), -2.0
12, 34956, -4.0, 1.0, -0.5, 4.5, 14, 0, readLine(), -2.0
12, 34957, -4.0, 1.0, -0.5, 5.0, 22, 0, new Task12().getLines(in).add(), 0.5
12, 34958, -4.0, 1.0, 0.0, 0.0, 14, 0, readLine(), -2.0
12, 34959, -4.0, 1.0, 0.0, 0.5, 14, 0, readLine(), -2.0
12, 34960, -4.0, 1.0, 0.0, 1.0, 14, 0, readLine(), -2.0
12, 34961, -4.0, 1.0, 0.0, 1.5, 14, 0, readLine(), -2.0
12, 34962, -4.0, 1.0, 0.0, 2.0, 14, 0, readLine(), -2.0
12, 34963, -4.0, 1.0, 0.0, 2.5, 14, 0, readLine(), -2.0
12, 34964, -4.0, 1.0, 0.0, 3.0, 14, 0, readLine(), -2.0
12, 34965, -4.0, 1.0, 0.0, 3.5, 14, 0, readLine(), -2.0
12, 34966, -4.0, 1.0, 0.0, 4.0, 14, 0, readLine(), -2.0
12, 34967, -4.0, 1.0, 0.0, 4.5, 25, 0, new Task12().getLines(in).addAll(), 0.5
12, 34968, -4.0, 1.0, 0.0, 5.0, 25, 0, new Task12().getLines(in).addAll(), 2.0
12, 34969, -3.5, 1.0, -5.0, 0.0, 14, 0, readLine(), -1.5
12, 34970, -3.5, 1.0, -5.0, 0.5, 14, 0, readLine(), -1.5
12, 34971, -3.5, 1.0, -5.0, 1.0, 14, 0, readLine(), -1.5
12, 34972, -3.5, 1.0, -5.0, 1.5, 14, 0, readLine(), -1.5
12, 34973, -3.5, 1.0, -5.0, 2.0, 14, 0, readLine(), -1.5
12, 34974, -3.5, 1.0, -5.0, 2.5, 14, 0, readLine(), -1.5
12, 34975, -3.5, 1.0, -5.0, 3.0, 14, 0, readLine(), -1.5
12, 34976, -3.5, 1.0, -5.0, 3.5, 14, 0, readLine(), -1.5
12, 34977, -3.5, 1.0, -5.0, 4.0, 14, 0, readLine(), -1.5
12, 34978, -3.5, 1.0, -5.0, 4.5, 11, 0, in.readLine(), 0.5
12, 34979, -3.5, 1.0, -5.0, 5.0, 11, 0, in.readLine(), 1.0
12, 34980, -3.5, 1.0, -4.5, 0.0, 14, 0, readLine(), -1.5
12, 34981, -3.5, 1.0, -4.5, 0.5, 14, 0, readLine(), -1.5
12, 34982, -3.5, 1.0, -4.5, 1.0, 14, 0, readLine(), -1.5
12, 34983, -3.5, 1.0, -4.5, 1.5, 14, 0, readLine(), -1.5
12, 34984, -3.5, 1.0, -4.5, 2.0, 14, 0, readLine(), -1.5
12, 34985, -3.5, 1.0, -4.5, 2.5, 14, 0, readLine(), -1.5
12, 34986, -3.5, 1.0, -4.5, 3.0, 14, 0, readLine(), -1.5
12, 34987, -3.5, 1.0, -4.5, 3.5, 14, 0, readLine(), -1.5
12, 34988, -3.5, 1.0, -4.5, 4.0, 14, 0, readLine(), -1.5
12, 34989, -3.5, 1.0, -4.5, 4.5, 11, 0, in.readLine(), 0.5
12, 34990, -3.5, 1.0, -4.5, 5.0, 11, 0, in.readLine(), 1.0
12, 34991, -3.5, 1.0, -4.0, 0.0, 14, 0, readLine(), -1.5
12, 34992, -3.5, 1.0, -4.0, 0.5, 14, 0, readLine(), -1.5
12, 34993, -3.5, 1.0, -4.0, 1.0, 14, 0, readLine(), -1.5
12, 34994, -3.5, 1.0, -4.0, 1.5, 14, 0, readLine(), -1.5
12, 34995, -3.5, 1.0, -4.0, 2.0, 14, 0, readLine(), -1.5
12, 34996, -3.5, 1.0, -4.0, 2.5, 14, 0, readLine(), -1.5
12, 34997, -3.5, 1.0, -4.0, 3.0, 14, 0, readLine(), -1.5
12, 34998, -3.5, 1.0, -4.0, 3.5, 14, 0, readLine(), -1.5
12, 34999, -3.5, 1.0, -4.0, 4.0, 14, 0, readLine(), -1.5
12, 35000, -3.5, 1.0, -4.0, 4.5, 11, 0, in.readLine(), 0.5
12, 35001, -3.5, 1.0, -4.0, 5.0, 11, 0, in.readLine(), 1.0
12, 35002, -3.5, 1.0, -3.5, 0.0, 14, 0, readLine(), -1.5
12, 35003, -3.5, 1.0, -3.5, 0.5, 14, 0, readLine(), -1.5
12, 35004, -3.5, 1.0, -3.5, 1.0, 14, 0, readLine(), -1.5
12, 35005, -3.5, 1.0, -3.5, 1.5, 14, 0, readLine(), -1.5
12, 35006, -3.5, 1.0, -3.5, 2.0, 14, 0, readLine(), -1.5
12, 35007, -3.5, 1.0, -3.5, 2.5, 14, 0, readLine(), -1.5
12, 35008, -3.5, 1.0, -3.5, 3.0, 14, 0, readLine(), -1.5
12, 35009, -3.5, 1.0, -3.5, 3.5, 14, 0, readLine(), -1.5
12, 35010, -3.5, 1.0, -3.5, 4.0, 14, 0, readLine(), -1.5
12, 35011, -3.5, 1.0, -3.5, 4.5, 11, 0, in.readLine(), 0.5
12, 35012, -3.5, 1.0, -3.5, 5.0, 11, 0, in.readLine(), 1.0
12, 35013, -3.5, 1.0, -3.0, 0.0, 14, 0, readLine(), -1.5
12, 35014, -3.5, 1.0, -3.0, 0.5, 14, 0, readLine(), -1.5
12, 35015, -3.5, 1.0, -3.0, 1.0, 14, 0, readLine(), -1.5
12, 35016, -3.5, 1.0, -3.0, 1.5, 14, 0, readLine(), -1.5
12, 35017, -3.5, 1.0, -3.0, 2.0, 14, 0, readLine(), -1.5
12, 35018, -3.5, 1.0, -3.0, 2.5, 14, 0, readLine(), -1.5
12, 35019, -3.5, 1.0, -3.0, 3.0, 14, 0, readLine(), -1.5
12, 35020, -3.5, 1.0, -3.0, 3.5, 14, 0, readLine(), -1.5
12, 35021, -3.5, 1.0, -3.0, 4.0, 14, 0, readLine(), -1.5
12, 35022, -3.5, 1.0, -3.0, 4.5, 11, 0, in.readLine(), 0.5
12, 35023, -3.5, 1.0, -3.0, 5.0, 11, 0, in.readLine(), 1.0
12, 35024, -3.5, 1.0, -2.5, 0.0, 14, 0, readLine(), -1.5
12, 35025, -3.5, 1.0, -2.5, 0.5, 14, 0, readLine(), -1.5
12, 35026, -3.5, 1.0, -2.5, 1.0, 14, 0, readLine(), -1.5
12, 35027, -3.5, 1.0, -2.5, 1.5, 14, 0, readLine(), -1.5
12, 35028, -3.5, 1.0, -2.5, 2.0, 14, 0, readLine(), -1.5
12, 35029, -3.5, 1.0, -2.5, 2.5, 14, 0, readLine(), -1.5
12, 35030, -3.5, 1.0, -2.5, 3.0, 14, 0, readLine(), -1.5
12, 35031, -3.5, 1.0, -2.5, 3.5, 14, 0, readLine(), -1.5
12, 35032, -3.5, 1.0, -2.5, 4.0, 14, 0, readLine(), -1.5
12, 35033, -3.5, 1.0, -2.5, 4.5, 11, 0, in.readLine(), 0.5
12, 35034, -3.5, 1.0, -2.5, 5.0, 11, 0, in.readLine(), 1.0
12, 35035, -3.5, 1.0, -2.0, 0.0, 14, 0, readLine(), -1.5
12, 35036, -3.5, 1.0, -2.0, 0.5, 14, 0, readLine(), -1.5
12, 35037, -3.5, 1.0, -2.0, 1.0, 14, 0, readLine(), -1.5
12, 35038, -3.5, 1.0, -2.0, 1.5, 14, 0, readLine(), -1.5
12, 35039, -3.5, 1.0, -2.0, 2.0, 14, 0, readLine(), -1.5
12, 35040, -3.5, 1.0, -2.0, 2.5, 14, 0, readLine(), -1.5
12, 35041, -3.5, 1.0, -2.0, 3.0, 14, 0, readLine(), -1.5
12, 35042, -3.5, 1.0, -2.0, 3.5, 14, 0, readLine(), -1.5
12, 35043, -3.5, 1.0, -2.0, 4.0, 14, 0, readLine(), -1.5
12, 35044, -3.5, 1.0, -2.0, 4.5, 11, 0, in.readLine(), 0.5
12, 35045, -3.5, 1.0, -2.0, 5.0, 11, 0, in.readLine(), 1.0
12, 35046, -3.5, 1.0, -1.5, 0.0, 14, 0, readLine(), -1.5
12, 35047, -3.5, 1.0, -1.5, 0.5, 14, 0, readLine(), -1.5
12, 35048, -3.5, 1.0, -1.5, 1.0, 14, 0, readLine(), -1.5
12, 35049, -3.5, 1.0, -1.5, 1.5, 14, 0, readLine(), -1.5
12, 35050, -3.5, 1.0, -1.5, 2.0, 14, 0, readLine(), -1.5
12, 35051, -3.5, 1.0, -1.5, 2.5, 14, 0, readLine(), -1.5
12, 35052, -3.5, 1.0, -1.5, 3.0, 14, 0, readLine(), -1.5
12, 35053, -3.5, 1.0, -1.5, 3.5, 14, 0, readLine(), -1.5
12, 35054, -3.5, 1.0, -1.5, 4.0, 14, 0, readLine(), -1.5
12, 35055, -3.5, 1.0, -1.5, 4.5, 11, 0, in.readLine(), 0.5
12, 35056, -3.5, 1.0, -1.5, 5.0, 9, 0, in.getLines().add(in.readLine()), 1.0
12, 35057, -3.5, 1.0, -1.0, 0.0, 14, 0, readLine(), -1.5
12, 35058, -3.5, 1.0, -1.0, 0.5, 14, 0, readLine(), -1.5
12, 35059, -3.5, 1.0, -1.0, 1.0, 14, 0, readLine(), -1.5
12, 35060, -3.5, 1.0, -1.0, 1.5, 14, 0, readLine(), -1.5
12, 35061, -3.5, 1.0, -1.0, 2.0, 14, 0, readLine(), -1.5
12, 35062, -3.5, 1.0, -1.0, 2.5, 14, 0, readLine(), -1.5
12, 35063, -3.5, 1.0, -1.0, 3.0, 14, 0, readLine(), -1.5
12, 35064, -3.5, 1.0, -1.0, 3.5, 14, 0, readLine(), -1.5
12, 35065, -3.5, 1.0, -1.0, 4.0, 14, 0, readLine(), -1.5
12, 35066, -3.5, 1.0, -1.0, 4.5, 17, 0, in.getLines().add(), 0.5
12, 35067, -3.5, 1.0, -1.0, 5.0, 11, 0, in.readLine(), 1.0
12, 35068, -3.5, 1.0, -0.5, 0.0, 14, 0, readLine(), -1.5
12, 35069, -3.5, 1.0, -0.5, 0.5, 14, 0, readLine(), -1.5
12, 35070, -3.5, 1.0, -0.5, 1.0, 14, 0, readLine(), -1.5
12, 35071, -3.5, 1.0, -0.5, 1.5, 14, 0, readLine(), -1.5
12, 35072, -3.5, 1.0, -0.5, 2.0, 14, 0, readLine(), -1.5
12, 35073, -3.5, 1.0, -0.5, 2.5, 14, 0, readLine(), -1.5
12, 35074, -3.5, 1.0, -0.5, 3.0, 14, 0, readLine(), -1.5
12, 35075, -3.5, 1.0, -0.5, 3.5, 14, 0, readLine(), -1.5
12, 35076, -3.5, 1.0, -0.5, 4.0, 14, 0, readLine(), -1.5
12, 35077, -3.5, 1.0, -0.5, 4.5, 25, 0, new Task12().getLines(in).addAll(), 0.5
12, 35078, -3.5, 1.0, -0.5, 5.0, 21, 0, new Task12().getLines(in).add(in.readLine()), 2.5
12, 35079, -3.5, 1.0, 0.0, 0.0, 14, 0, readLine(), -1.5
12, 35080, -3.5, 1.0, 0.0, 0.5, 14, 0, readLine(), -1.5
12, 35081, -3.5, 1.0, 0.0, 1.0, 14, 0, readLine(), -1.5
12, 35082, -3.5, 1.0, 0.0, 1.5, 14, 0, readLine(), -1.5
12, 35083, -3.5, 1.0, 0.0, 2.0, 14, 0, readLine(), -1.5
12, 35084, -3.5, 1.0, 0.0, 2.5, 14, 0, readLine(), -1.5
12, 35085, -3.5, 1.0, 0.0, 3.0, 14, 0, readLine(), -1.5
12, 35086, -3.5, 1.0, 0.0, 3.5, 14, 0, readLine(), -1.5
12, 35087, -3.5, 1.0, 0.0, 4.0, 25, 0, new Task12().getLines(in).addAll(), 1.0
12, 35088, -3.5, 1.0, 0.0, 4.5, 25, 0, new Task12().getLines(in).addAll(), 2.5
12, 35089, -3.5, 1.0, 0.0, 5.0, 25, 0, new Task12().getLines(in).addAll(), 4.0
12, 35090, -3.0, 1.0, -5.0, 0.0, 14, 0, readLine(), -1.0
12, 35091, -3.0, 1.0, -5.0, 0.5, 14, 0, readLine(), -1.0
12, 35092, -3.0, 1.0, -5.0, 1.0, 14, 0, readLine(), -1.0
12, 35093, -3.0, 1.0, -5.0, 1.5, 14, 0, readLine(), -1.0
12, 35094, -3.0, 1.0, -5.0, 2.0, 14, 0, readLine(), -1.0
12, 35095, -3.0, 1.0, -5.0, 2.5, 14, 0, readLine(), -1.0
12, 35096, -3.0, 1.0, -5.0, 3.0, 14, 0, readLine(), -1.0
12, 35097, -3.0, 1.0, -5.0, 3.5, 11, 0, in.readLine(), 0.5
12, 35098, -3.0, 1.0, -5.0, 4.0, 11, 0, in.readLine(), 1.0
12, 35099, -3.0, 1.0, -5.0, 4.5, 0, 0, lines.add(in.readLine()), 2.0
12, 35100, -3.0, 1.0, -5.0, 5.0, 0, 0, lines.add(in.readLine()), 3.0
12, 35101, -3.0, 1.0, -4.5, 0.0, 14, 0, readLine(), -1.0
12, 35102, -3.0, 1.0, -4.5, 0.5, 14, 0, readLine(), -1.0
12, 35103, -3.0, 1.0, -4.5, 1.0, 14, 0, readLine(), -1.0
12, 35104, -3.0, 1.0, -4.5, 1.5, 14, 0, readLine(), -1.0
12, 35105, -3.0, 1.0, -4.5, 2.0, 14, 0, readLine(), -1.0
12, 35106, -3.0, 1.0, -4.5, 2.5, 14, 0, readLine(), -1.0
12, 35107, -3.0, 1.0, -4.5, 3.0, 14, 0, readLine(), -1.0
12, 35108, -3.0, 1.0, -4.5, 3.5, 11, 0, in.readLine(), 0.5
12, 35109, -3.0, 1.0, -4.5, 4.0, 11, 0, in.readLine(), 1.0
12, 35110, -3.0, 1.0, -4.5, 4.5, 0, 0, lines.add(in.readLine()), 2.0
12, 35111, -3.0, 1.0, -4.5, 5.0, 0, 0, lines.add(in.readLine()), 3.0
12, 35112, -3.0, 1.0, -4.0, 0.0, 14, 0, readLine(), -1.0
12, 35113, -3.0, 1.0, -4.0, 0.5, 14, 0, readLine(), -1.0
12, 35114, -3.0, 1.0, -4.0, 1.0, 14, 0, readLine(), -1.0
12, 35115, -3.0, 1.0, -4.0, 1.5, 14, 0, readLine(), -1.0
12, 35116, -3.0, 1.0, -4.0, 2.0, 14, 0, readLine(), -1.0
12, 35117, -3.0, 1.0, -4.0, 2.5, 14, 0, readLine(), -1.0
12, 35118, -3.0, 1.0, -4.0, 3.0, 14, 0, readLine(), -1.0
12, 35119, -3.0, 1.0, -4.0, 3.5, 11, 0, in.readLine(), 0.5
12, 35120, -3.0, 1.0, -4.0, 4.0, 11, 0, in.readLine(), 1.0
12, 35121, -3.0, 1.0, -4.0, 4.5, 0, 0, lines.add(in.readLine()), 2.0
12, 35122, -3.0, 1.0, -4.0, 5.0, 0, 0, lines.add(in.readLine()), 3.0
12, 35123, -3.0, 1.0, -3.5, 0.0, 14, 0, readLine(), -1.0
12, 35124, -3.0, 1.0, -3.5, 0.5, 14, 0, readLine(), -1.0
12, 35125, -3.0, 1.0, -3.5, 1.0, 14, 0, readLine(), -1.0
12, 35126, -3.0, 1.0, -3.5, 1.5, 14, 0, readLine(), -1.0
12, 35127, -3.0, 1.0, -3.5, 2.0, 14, 0, readLine(), -1.0
12, 35128, -3.0, 1.0, -3.5, 2.5, 14, 0, readLine(), -1.0
12, 35129, -3.0, 1.0, -3.5, 3.0, 14, 0, readLine(), -1.0
12, 35130, -3.0, 1.0, -3.5, 3.5, 11, 0, in.readLine(), 0.5
12, 35131, -3.0, 1.0, -3.5, 4.0, 11, 0, in.readLine(), 1.0
12, 35132, -3.0, 1.0, -3.5, 4.5, 0, 0, lines.add(in.readLine()), 2.0
12, 35133, -3.0, 1.0, -3.5, 5.0, 0, 0, lines.add(in.readLine()), 3.0
12, 35134, -3.0, 1.0, -3.0, 0.0, 14, 0, readLine(), -1.0
12, 35135, -3.0, 1.0, -3.0, 0.5, 14, 0, readLine(), -1.0
12, 35136, -3.0, 1.0, -3.0, 1.0, 14, 0, readLine(), -1.0
12, 35137, -3.0, 1.0, -3.0, 1.5, 14, 0, readLine(), -1.0
12, 35138, -3.0, 1.0, -3.0, 2.0, 14, 0, readLine(), -1.0
12, 35139, -3.0, 1.0, -3.0, 2.5, 14, 0, readLine(), -1.0
12, 35140, -3.0, 1.0, -3.0, 3.0, 14, 0, readLine(), -1.0
12, 35141, -3.0, 1.0, -3.0, 3.5, 11, 0, in.readLine(), 0.5
12, 35142, -3.0, 1.0, -3.0, 4.0, 11, 0, in.readLine(), 1.0
12, 35143, -3.0, 1.0, -3.0, 4.5, 0, 0, lines.add(in.readLine()), 2.0
12, 35144, -3.0, 1.0, -3.0, 5.0, 0, 0, lines.add(in.readLine()), 3.0
12, 35145, -3.0, 1.0, -2.5, 0.0, 14, 0, readLine(), -1.0
12, 35146, -3.0, 1.0, -2.5, 0.5, 14, 0, readLine(), -1.0
12, 35147, -3.0, 1.0, -2.5, 1.0, 14, 0, readLine(), -1.0
12, 35148, -3.0, 1.0, -2.5, 1.5, 14, 0, readLine(), -1.0
12, 35149, -3.0, 1.0, -2.5, 2.0, 14, 0, readLine(), -1.0
12, 35150, -3.0, 1.0, -2.5, 2.5, 14, 0, readLine(), -1.0
12, 35151, -3.0, 1.0, -2.5, 3.0, 14, 0, readLine(), -1.0
12, 35152, -3.0, 1.0, -2.5, 3.5, 11, 0, in.readLine(), 0.5
12, 35153, -3.0, 1.0, -2.5, 4.0, 11, 0, in.readLine(), 1.0
12, 35154, -3.0, 1.0, -2.5, 4.5, 0, 0, lines.add(in.readLine()), 2.0
12, 35155, -3.0, 1.0, -2.5, 5.0, 9, 0, in.getLines().add(in.readLine()), 2.5
12, 35156, -3.0, 1.0, -2.0, 0.0, 14, 0, readLine(), -1.0
12, 35157, -3.0, 1.0, -2.0, 0.5, 14, 0, readLine(), -1.0
12, 35158, -3.0, 1.0, -2.0, 1.0, 14, 0, readLine(), -1.0
12, 35159, -3.0, 1.0, -2.0, 1.5, 14, 0, readLine(), -1.0
12, 35160, -3.0, 1.0, -2.0, 2.0, 14, 0, readLine(), -1.0
12, 35161, -3.0, 1.0, -2.0, 2.5, 14, 0, readLine(), -1.0
12, 35162, -3.0, 1.0, -2.0, 3.0, 14, 0, readLine(), -1.0
12, 35163, -3.0, 1.0, -2.0, 3.5, 11, 0, in.readLine(), 0.5
12, 35164, -3.0, 1.0, -2.0, 4.0, 11, 0, in.readLine(), 1.0
12, 35165, -3.0, 1.0, -2.0, 4.5, 11, 0, in.readLine(), 1.5
12, 35166, -3.0, 1.0, -2.0, 5.0, 9, 0, in.getLines().add(in.readLine()), 3.0
12, 35167, -3.0, 1.0, -1.5, 0.0, 14, 0, readLine(), -1.0
12, 35168, -3.0, 1.0, -1.5, 0.5, 14, 0, readLine(), -1.0
12, 35169, -3.0, 1.0, -1.5, 1.0, 14, 0, readLine(), -1.0
12, 35170, -3.0, 1.0, -1.5, 1.5, 14, 0, readLine(), -1.0
12, 35171, -3.0, 1.0, -1.5, 2.0, 14, 0, readLine(), -1.0
12, 35172, -3.0, 1.0, -1.5, 2.5, 14, 0, readLine(), -1.0
12, 35173, -3.0, 1.0, -1.5, 3.0, 14, 0, readLine(), -1.0
12, 35174, -3.0, 1.0, -1.5, 3.5, 11, 0, in.readLine(), 0.5
12, 35175, -3.0, 1.0, -1.5, 4.0, 11, 0, in.readLine(), 1.0
12, 35176, -3.0, 1.0, -1.5, 4.5, 9, 0, in.getLines().add(in.readLine()), 2.0
12, 35177, -3.0, 1.0, -1.5, 5.0, 21, 0, new Task12().getLines(in).add(in.readLine()), 2.5
12, 35178, -3.0, 1.0, -1.0, 0.0, 14, 0, readLine(), -1.0
12, 35179, -3.0, 1.0, -1.0, 0.5, 14, 0, readLine(), -1.0
12, 35180, -3.0, 1.0, -1.0, 1.0, 14, 0, readLine(), -1.0
12, 35181, -3.0, 1.0, -1.0, 1.5, 14, 0, readLine(), -1.0
12, 35182, -3.0, 1.0, -1.0, 2.0, 14, 0, readLine(), -1.0
12, 35183, -3.0, 1.0, -1.0, 2.5, 14, 0, readLine(), -1.0
12, 35184, -3.0, 1.0, -1.0, 3.0, 14, 0, readLine(), -1.0
12, 35185, -3.0, 1.0, -1.0, 3.5, 11, 0, in.readLine(), 0.5
12, 35186, -3.0, 1.0, -1.0, 4.0, 9, 0, in.getLines().add(in.readLine()), 1.0
12, 35187, -3.0, 1.0, -1.0, 4.5, 21, 0, new Task12().getLines(in).add(in.readLine()), 2.0
12, 35188, -3.0, 1.0, -1.0, 5.0, 21, 0, new Task12().getLines(in).add(in.readLine()), 4.0
12, 35189, -3.0, 1.0, -0.5, 0.0, 14, 0, readLine(), -1.0
12, 35190, -3.0, 1.0, -0.5, 0.5, 14, 0, readLine(), -1.0
12, 35191, -3.0, 1.0, -0.5, 1.0, 14, 0, readLine(), -1.0
12, 35192, -3.0, 1.0, -0.5, 1.5, 14, 0, readLine(), -1.0
12, 35193, -3.0, 1.0, -0.5, 2.0, 14, 0, readLine(), -1.0
12, 35194, -3.0, 1.0, -0.5, 2.5, 14, 0, readLine(), -1.0
12, 35195, -3.0, 1.0, -0.5, 3.0, 14, 0, readLine(), -1.0
12, 35196, -3.0, 1.0, -0.5, 3.5, 11, 0, in.readLine(), 0.5
12, 35197, -3.0, 1.0, -0.5, 4.0, 21, 0, new Task12().getLines(in).add(in.readLine()), 1.5
12, 35198, -3.0, 1.0, -0.5, 4.5, 21, 0, new Task12().getLines(in).add(in.readLine()), 3.5
12, 35199, -3.0, 1.0, -0.5, 5.0, 21, 0, new Task12().getLines(in).add(in.readLine()), 5.5
12, 35200, -3.0, 1.0, 0.0, 0.0, 14, 0, readLine(), -1.0
12, 35201, -3.0, 1.0, 0.0, 0.5, 14, 0, readLine(), -1.0
12, 35202, -3.0, 1.0, 0.0, 1.0, 14, 0, readLine(), -1.0
12, 35203, -3.0, 1.0, 0.0, 1.5, 14, 0, readLine(), -1.0
12, 35204, -3.0, 1.0, 0.0, 2.0, 14, 0, readLine(), -1.0
12, 35205, -3.0, 1.0, 0.0, 2.5, 14, 0, readLine(), -1.0
12, 35206, -3.0, 1.0, 0.0, 3.0, 14, 0, readLine(), -1.0
12, 35207, -3.0, 1.0, 0.0, 3.5, 25, 0, new Task12().getLines(in).addAll(), 1.5
12, 35208, -3.0, 1.0, 0.0, 4.0, 25, 0, new Task12().getLines(in).addAll(), 3.0
12, 35209, -3.0, 1.0, 0.0, 4.5, 21, 0, new Task12().getLines(in).add(in.readLine()), 5.0
12, 35210, -3.0, 1.0, 0.0, 5.0, 21, 0, new Task12().getLines(in).add(in.readLine()), 7.0
12, 35211, -2.5, 1.0, -5.0, 0.0, 14, 0, readLine(), -0.5
12, 35212, -2.5, 1.0, -5.0, 0.5, 14, 0, readLine(), -0.5
12, 35213, -2.5, 1.0, -5.0, 1.0, 14, 0, readLine(), -0.5
12, 35214, -2.5, 1.0, -5.0, 1.5, 14, 0, readLine(), -0.5
12, 35215, -2.5, 1.0, -5.0, 2.0, 14, 0, readLine(), -0.5
12, 35216, -2.5, 1.0, -5.0, 2.5, 11, 0, in.readLine(), 0.5
12, 35217, -2.5, 1.0, -5.0, 3.0, 11, 0, in.readLine(), 1.0
12, 35218, -2.5, 1.0, -5.0, 3.5, 0, 0, lines.add(in.readLine()), 2.0
12, 35219, -2.5, 1.0, -5.0, 4.0, 0, 0, lines.add(in.readLine()), 3.0
12, 35220, -2.5, 1.0, -5.0, 4.5, 0, 0, lines.add(in.readLine()), 4.0
12, 35221, -2.5, 1.0, -5.0, 5.0, 0, 0, lines.add(in.readLine()), 5.0
12, 35222, -2.5, 1.0, -4.5, 0.0, 14, 0, readLine(), -0.5
12, 35223, -2.5, 1.0, -4.5, 0.5, 14, 0, readLine(), -0.5
12, 35224, -2.5, 1.0, -4.5, 1.0, 14, 0, readLine(), -0.5
12, 35225, -2.5, 1.0, -4.5, 1.5, 14, 0, readLine(), -0.5
12, 35226, -2.5, 1.0, -4.5, 2.0, 14, 0, readLine(), -0.5
12, 35227, -2.5, 1.0, -4.5, 2.5, 11, 0, in.readLine(), 0.5
12, 35228, -2.5, 1.0, -4.5, 3.0, 11, 0, in.readLine(), 1.0
12, 35229, -2.5, 1.0, -4.5, 3.5, 0, 0, lines.add(in.readLine()), 2.0
12, 35230, -2.5, 1.0, -4.5, 4.0, 0, 0, lines.add(in.readLine()), 3.0
12, 35231, -2.5, 1.0, -4.5, 4.5, 0, 0, lines.add(in.readLine()), 4.0
12, 35232, -2.5, 1.0, -4.5, 5.0, 0, 0, lines.add(in.readLine()), 5.0
12, 35233, -2.5, 1.0, -4.0, 0.0, 14, 0, readLine(), -0.5
12, 35234, -2.5, 1.0, -4.0, 0.5, 14, 0, readLine(), -0.5
12, 35235, -2.5, 1.0, -4.0, 1.0, 14, 0, readLine(), -0.5
12, 35236, -2.5, 1.0, -4.0, 1.5, 14, 0, readLine(), -0.5
12, 35237, -2.5, 1.0, -4.0, 2.0, 14, 0, readLine(), -0.5
12, 35238, -2.5, 1.0, -4.0, 2.5, 11, 0, in.readLine(), 0.5
12, 35239, -2.5, 1.0, -4.0, 3.0, 11, 0, in.readLine(), 1.0
12, 35240, -2.5, 1.0, -4.0, 3.5, 0, 0, lines.add(in.readLine()), 2.0
12, 35241, -2.5, 1.0, -4.0, 4.0, 0, 0, lines.add(in.readLine()), 3.0
12, 35242, -2.5, 1.0, -4.0, 4.5, 0, 0, lines.add(in.readLine()), 4.0
12, 35243, -2.5, 1.0, -4.0, 5.0, 0, 0, lines.add(in.readLine()), 5.0
12, 35244, -2.5, 1.0, -3.5, 0.0, 14, 0, readLine(), -0.5
12, 35245, -2.5, 1.0, -3.5, 0.5, 14, 0, readLine(), -0.5
12, 35246, -2.5, 1.0, -3.5, 1.0, 14, 0, readLine(), -0.5
12, 35247, -2.5, 1.0, -3.5, 1.5, 14, 0, readLine(), -0.5
12, 35248, -2.5, 1.0, -3.5, 2.0, 14, 0, readLine(), -0.5
12, 35249, -2.5, 1.0, -3.5, 2.5, 11, 0, in.readLine(), 0.5
12, 35250, -2.5, 1.0, -3.5, 3.0, 11, 0, in.readLine(), 1.0
12, 35251, -2.5, 1.0, -3.5, 3.5, 0, 0, lines.add(in.readLine()), 2.0
12, 35252, -2.5, 1.0, -3.5, 4.0, 0, 0, lines.add(in.readLine()), 3.0
12, 35253, -2.5, 1.0, -3.5, 4.5, 0, 0, lines.add(in.readLine()), 4.0
12, 35254, -2.5, 1.0, -3.5, 5.0, 0, 0, lines.add(in.readLine()), 5.0
12, 35255, -2.5, 1.0, -3.0, 0.0, 14, 0, readLine(), -0.5
12, 35256, -2.5, 1.0, -3.0, 0.5, 14, 0, readLine(), -0.5
12, 35257, -2.5, 1.0, -3.0, 1.0, 14, 0, readLine(), -0.5
12, 35258, -2.5, 1.0, -3.0, 1.5, 14, 0, readLine(), -0.5
12, 35259, -2.5, 1.0, -3.0, 2.0, 14, 0, readLine(), -0.5
12, 35260, -2.5, 1.0, -3.0, 2.5, 11, 0, in.readLine(), 0.5
12, 35261, -2.5, 1.0, -3.0, 3.0, 11, 0, in.readLine(), 1.0
12, 35262, -2.5, 1.0, -3.0, 3.5, 0, 0, lines.add(in.readLine()), 2.0
12, 35263, -2.5, 1.0, -3.0, 4.0, 0, 0, lines.add(in.readLine()), 3.0
12, 35264, -2.5, 1.0, -3.0, 4.5, 0, 0, lines.add(in.readLine()), 4.0
12, 35265, -2.5, 1.0, -3.0, 5.0, 9, 0, in.getLines().add(in.readLine()), 4.5
12, 35266, -2.5, 1.0, -2.5, 0.0, 14, 0, readLine(), -0.5
12, 35267, -2.5, 1.0, -2.5, 0.5, 14, 0, readLine(), -0.5
12, 35268, -2.5, 1.0, -2.5, 1.0, 14, 0, readLine(), -0.5
12, 35269, -2.5, 1.0, -2.5, 1.5, 14, 0, readLine(), -0.5
12, 35270, -2.5, 1.0, -2.5, 2.0, 14, 0, readLine(), -0.5
12, 35271, -2.5, 1.0, -2.5, 2.5, 11, 0, in.readLine(), 0.5
12, 35272, -2.5, 1.0, -2.5, 3.0, 11, 0, in.readLine(), 1.0
12, 35273, -2.5, 1.0, -2.5, 3.5, 0, 0, lines.add(in.readLine()), 2.0
12, 35274, -2.5, 1.0, -2.5, 4.0, 0, 0, lines.add(in.readLine()), 3.0
12, 35275, -2.5, 1.0, -2.5, 4.5, 9, 0, in.getLines().add(in.readLine()), 3.5
12, 35276, -2.5, 1.0, -2.5, 5.0, 9, 0, in.getLines().add(in.readLine()), 5.0
12, 35277, -2.5, 1.0, -2.0, 0.0, 14, 0, readLine(), -0.5
12, 35278, -2.5, 1.0, -2.0, 0.5, 14, 0, readLine(), -0.5
12, 35279, -2.5, 1.0, -2.0, 1.0, 14, 0, readLine(), -0.5
12, 35280, -2.5, 1.0, -2.0, 1.5, 14, 0, readLine(), -0.5
12, 35281, -2.5, 1.0, -2.0, 2.0, 14, 0, readLine(), -0.5
12, 35282, -2.5, 1.0, -2.0, 2.5, 11, 0, in.readLine(), 0.5
12, 35283, -2.5, 1.0, -2.0, 3.0, 11, 0, in.readLine(), 1.0
12, 35284, -2.5, 1.0, -2.0, 3.5, 0, 0, lines.add(in.readLine()), 2.0
12, 35285, -2.5, 1.0, -2.0, 4.0, 9, 0, in.getLines().add(in.readLine()), 2.5
12, 35286, -2.5, 1.0, -2.0, 4.5, 9, 0, in.getLines().add(in.readLine()), 4.0
12, 35287, -2.5, 1.0, -2.0, 5.0, 9, 0, in.getLines().add(in.readLine()), 5.5
12, 35288, -2.5, 1.0, -1.5, 0.0, 14, 0, readLine(), -0.5
12, 35289, -2.5, 1.0, -1.5, 0.5, 14, 0, readLine(), -0.5
12, 35290, -2.5, 1.0, -1.5, 1.0, 14, 0, readLine(), -0.5
12, 35291, -2.5, 1.0, -1.5, 1.5, 14, 0, readLine(), -0.5
12, 35292, -2.5, 1.0, -1.5, 2.0, 14, 0, readLine(), -0.5
12, 35293, -2.5, 1.0, -1.5, 2.5, 11, 0, in.readLine(), 0.5
12, 35294, -2.5, 1.0, -1.5, 3.0, 11, 0, in.readLine(), 1.0
12, 35295, -2.5, 1.0, -1.5, 3.5, 11, 0, in.readLine(), 1.5
12, 35296, -2.5, 1.0, -1.5, 4.0, 9, 0, in.getLines().add(in.readLine()), 3.0
12, 35297, -2.5, 1.0, -1.5, 4.5, 21, 0, new Task12().getLines(in).add(in.readLine()), 3.5
12, 35298, -2.5, 1.0, -1.5, 5.0, 21, 0, new Task12().getLines(in).add(in.readLine()), 5.5
12, 35299, -2.5, 1.0, -1.0, 0.0, 14, 0, readLine(), -0.5
12, 35300, -2.5, 1.0, -1.0, 0.5, 14, 0, readLine(), -0.5
12, 35301, -2.5, 1.0, -1.0, 1.0, 14, 0, readLine(), -0.5
12, 35302, -2.5, 1.0, -1.0, 1.5, 14, 0, readLine(), -0.5
12, 35303, -2.5, 1.0, -1.0, 2.0, 14, 0, readLine(), -0.5
12, 35304, -2.5, 1.0, -1.0, 2.5, 11, 0, in.readLine(), 0.5
12, 35305, -2.5, 1.0, -1.0, 3.0, 11, 0, in.readLine(), 1.0
12, 35306, -2.5, 1.0, -1.0, 3.5, 9, 0, in.getLines().add(in.readLine()), 2.0
12, 35307, -2.5, 1.0, -1.0, 4.0, 21, 0, new Task12().getLines(in).add(in.readLine()), 3.0
12, 35308, -2.5, 1.0, -1.0, 4.5, 21, 0, new Task12().getLines(in).add(in.readLine()), 5.0
12, 35309, -2.5, 1.0, -1.0, 5.0, 21, 0, new Task12().getLines(in).add(in.readLine()), 7.0
12, 35310, -2.5, 1.0, -0.5, 0.0, 14, 0, readLine(), -0.5
12, 35311, -2.5, 1.0, -0.5, 0.5, 14, 0, readLine(), -0.5
12, 35312, -2.5, 1.0, -0.5, 1.0, 14, 0, readLine(), -0.5
12, 35313, -2.5, 1.0, -0.5, 1.5, 14, 0, readLine(), -0.5
12, 35314, -2.5, 1.0, -0.5, 2.0, 14, 0, readLine(), -0.5
12, 35315, -2.5, 1.0, -0.5, 2.5, 11, 0, in.readLine(), 0.5
12, 35316, -2.5, 1.0, -0.5, 3.0, 11, 0, in.readLine(), 1.0
12, 35317, -2.5, 1.0, -0.5, 3.5, 21, 0, new Task12().getLines(in).add(in.readLine()), 2.5
12, 35318, -2.5, 1.0, -0.5, 4.0, 21, 0, new Task12().getLines(in).add(in.readLine()), 4.5
12, 35319, -2.5, 1.0, -0.5, 4.5, 21, 0, new Task12().getLines(in).add(in.readLine()), 6.5
12, 35320, -2.5, 1.0, -0.5, 5.0, 21, 0, new Task12().getLines(in).add(in.readLine()), 8.5
12, 35321, -2.5, 1.0, 0.0, 0.0, 14, 0, readLine(), -0.5
12, 35322, -2.5, 1.0, 0.0, 0.5, 14, 0, readLine(), -0.5
12, 35323, -2.5, 1.0, 0.0, 1.0, 14, 0, readLine(), -0.5
12, 35324, -2.5, 1.0, 0.0, 1.5, 14, 0, readLine(), -0.5
12, 35325, -2.5, 1.0, 0.0, 2.0, 14, 0, readLine(), -0.5
12, 35326, -2.5, 1.0, 0.0, 2.5, 25, 0, new Task12().getLines(in).addAll(), 0.5
12, 35327, -2.5, 1.0, 0.0, 3.0, 25, 0, new Task12().getLines(in).addAll(), 2.0
12, 35328, -2.5, 1.0, 0.0, 3.5, 21, 0, new Task12().getLines(in).add(in.readLine()), 4.0
12, 35329, -2.5, 1.0, 0.0, 4.0, 21, 0, new Task12().getLines(in).add(in.readLine()), 6.0
12, 35330, -2.5, 1.0, 0.0, 4.5, 21, 0, new Task12().getLines(in).add(in.readLine()), 8.0
12, 35331, -2.5, 1.0, 0.0, 5.0, 21, 0, new Task12().getLines(in).add(in.readLine()), 10.0
12, 35332, -2.0, 1.0, -5.0, 0.0, 14, 0, readLine(), 0.0
12, 35333, -2.0, 1.0, -5.0, 0.5, 14, 0, readLine(), 0.0
12, 35334, -2.0, 1.0, -5.0, 1.0, 14, 0, readLine(), 0.0
12, 35335, -2.0, 1.0, -5.0, 1.5, 11, 0, in.readLine(), 0.5
12, 35336, -2.0, 1.0, -5.0, 2.0, 11, 0, in.readLine(), 1.0
12, 35337, -2.0, 1.0, -5.0, 2.5, 0, 0, lines.add(in.readLine()), 2.0
12, 35338, -2.0, 1.0, -5.0, 3.0, 0, 0, lines.add(in.readLine()), 3.0
12, 35339, -2.0, 1.0, -5.0, 3.5, 0, 0, lines.add(in.readLine()), 4.0
12, 35340, -2.0, 1.0, -5.0, 4.0, 0, 0, lines.add(in.readLine()), 5.0
12, 35341, -2.0, 1.0, -5.0, 4.5, 0, 0, lines.add(in.readLine()), 6.0
12, 35342, -2.0, 1.0, -5.0, 5.0, 0, 0, lines.add(in.readLine()), 7.0
12, 35343, -2.0, 1.0, -4.5, 0.0, 14, 0, readLine(), 0.0
12, 35344, -2.0, 1.0, -4.5, 0.5, 14, 0, readLine(), 0.0
12, 35345, -2.0, 1.0, -4.5, 1.0, 14, 0, readLine(), 0.0
12, 35346, -2.0, 1.0, -4.5, 1.5, 11, 0, in.readLine(), 0.5
12, 35347, -2.0, 1.0, -4.5, 2.0, 11, 0, in.readLine(), 1.0
12, 35348, -2.0, 1.0, -4.5, 2.5, 0, 0, lines.add(in.readLine()), 2.0
12, 35349, -2.0, 1.0, -4.5, 3.0, 0, 0, lines.add(in.readLine()), 3.0
12, 35350, -2.0, 1.0, -4.5, 3.5, 0, 0, lines.add(in.readLine()), 4.0
12, 35351, -2.0, 1.0, -4.5, 4.0, 0, 0, lines.add(in.readLine()), 5.0
12, 35352, -2.0, 1.0, -4.5, 4.5, 0, 0, lines.add(in.readLine()), 6.0
12, 35353, -2.0, 1.0, -4.5, 5.0, 0, 0, lines.add(in.readLine()), 7.0
12, 35354, -2.0, 1.0, -4.0, 0.0, 14, 0, readLine(), 0.0
12, 35355, -2.0, 1.0, -4.0, 0.5, 14, 0, readLine(), 0.0
12, 35356, -2.0, 1.0, -4.0, 1.0, 14, 0, readLine(), 0.0
12, 35357, -2.0, 1.0, -4.0, 1.5, 11, 0, in.readLine(), 0.5
12, 35358, -2.0, 1.0, -4.0, 2.0, 11, 0, in.readLine(), 1.0
12, 35359, -2.0, 1.0, -4.0, 2.5, 0, 0, lines.add(in.readLine()), 2.0
12, 35360, -2.0, 1.0, -4.0, 3.0, 0, 0, lines.add(in.readLine()), 3.0
12, 35361, -2.0, 1.0, -4.0, 3.5, 0, 0, lines.add(in.readLine()), 4.0
12, 35362, -2.0, 1.0, -4.0, 4.0, 0, 0, lines.add(in.readLine()), 5.0
12, 35363, -2.0, 1.0, -4.0, 4.5, 0, 0, lines.add(in.readLine()), 6.0
12, 35364, -2.0, 1.0, -4.0, 5.0, 0, 0, lines.add(in.readLine()), 7.0
12, 35365, -2.0, 1.0, -3.5, 0.0, 14, 0, readLine(), 0.0
12, 35366, -2.0, 1.0, -3.5, 0.5, 14, 0, readLine(), 0.0
12, 35367, -2.0, 1.0, -3.5, 1.0, 14, 0, readLine(), 0.0
12, 35368, -2.0, 1.0, -3.5, 1.5, 11, 0, in.readLine(), 0.5
12, 35369, -2.0, 1.0, -3.5, 2.0, 11, 0, in.readLine(), 1.0
12, 35370, -2.0, 1.0, -3.5, 2.5, 0, 0, lines.add(in.readLine()), 2.0
12, 35371, -2.0, 1.0, -3.5, 3.0, 0, 0, lines.add(in.readLine()), 3.0
12, 35372, -2.0, 1.0, -3.5, 3.5, 0, 0, lines.add(in.readLine()), 4.0
12, 35373, -2.0, 1.0, -3.5, 4.0, 0, 0, lines.add(in.readLine()), 5.0
12, 35374, -2.0, 1.0, -3.5, 4.5, 0, 0, lines.add(in.readLine()), 6.0
12, 35375, -2.0, 1.0, -3.5, 5.0, 9, 0, in.getLines().add(in.readLine()), 6.5
12, 35376, -2.0, 1.0, -3.0, 0.0, 14, 0, readLine(), 0.0
12, 35377, -2.0, 1.0, -3.0, 0.5, 14, 0, readLine(), 0.0
12, 35378, -2.0, 1.0, -3.0, 1.0, 14, 0, readLine(), 0.0
12, 35379, -2.0, 1.0, -3.0, 1.5, 11, 0, in.readLine(), 0.5
12, 35380, -2.0, 1.0, -3.0, 2.0, 11, 0, in.readLine(), 1.0
12, 35381, -2.0, 1.0, -3.0, 2.5, 0, 0, lines.add(in.readLine()), 2.0
12, 35382, -2.0, 1.0, -3.0, 3.0, 0, 0, lines.add(in.readLine()), 3.0
12, 35383, -2.0, 1.0, -3.0, 3.5, 0, 0, lines.add(in.readLine()), 4.0
12, 35384, -2.0, 1.0, -3.0, 4.0, 0, 0, lines.add(in.readLine()), 5.0
12, 35385, -2.0, 1.0, -3.0, 4.5, 9, 0, in.getLines().add(in.readLine()), 5.5
12, 35386, -2.0, 1.0, -3.0, 5.0, 9, 0, in.getLines().add(in.readLine()), 7.0
12, 35387, -2.0, 1.0, -2.5, 0.0, 14, 0, readLine(), 0.0
12, 35388, -2.0, 1.0, -2.5, 0.5, 14, 0, readLine(), 0.0
12, 35389, -2.0, 1.0, -2.5, 1.0, 14, 0, readLine(), 0.0
12, 35390, -2.0, 1.0, -2.5, 1.5, 11, 0, in.readLine(), 0.5
12, 35391, -2.0, 1.0, -2.5, 2.0, 11, 0, in.readLine(), 1.0
12, 35392, -2.0, 1.0, -2.5, 2.5, 0, 0, lines.add(in.readLine()), 2.0
12, 35393, -2.0, 1.0, -2.5, 3.0, 0, 0, lines.add(in.readLine()), 3.0
12, 35394, -2.0, 1.0, -2.5, 3.5, 0, 0, lines.add(in.readLine()), 4.0
12, 35395, -2.0, 1.0, -2.5, 4.0, 9, 0, in.getLines().add(in.readLine()), 4.5
12, 35396, -2.0, 1.0, -2.5, 4.5, 9, 0, in.getLines().add(in.readLine()), 6.0
12, 35397, -2.0, 1.0, -2.5, 5.0, 9, 0, in.getLines().add(in.readLine()), 7.5
12, 35398, -2.0, 1.0, -2.0, 0.0, 14, 0, readLine(), 0.0
12, 35399, -2.0, 1.0, -2.0, 0.5, 14, 0, readLine(), 0.0
12, 35400, -2.0, 1.0, -2.0, 1.0, 14, 0, readLine(), 0.0
12, 35401, -2.0, 1.0, -2.0, 1.5, 11, 0, in.readLine(), 0.5
12, 35402, -2.0, 1.0, -2.0, 2.0, 11, 0, in.readLine(), 1.0
12, 35403, -2.0, 1.0, -2.0, 2.5, 0, 0, lines.add(in.readLine()), 2.0
12, 35404, -2.0, 1.0, -2.0, 3.0, 0, 0, lines.add(in.readLine()), 3.0
12, 35405, -2.0, 1.0, -2.0, 3.5, 9, 0, in.getLines().add(in.readLine()), 3.5
12, 35406, -2.0, 1.0, -2.0, 4.0, 9, 0, in.getLines().add(in.readLine()), 5.0
12, 35407, -2.0, 1.0, -2.0, 4.5, 9, 0, in.getLines().add(in.readLine()), 6.5
12, 35408, -2.0, 1.0, -2.0, 5.0, 21, 0, new Task12().getLines(in).add(in.readLine()), 7.0
12, 35409, -2.0, 1.0, -1.5, 0.0, 14, 0, readLine(), 0.0
12, 35410, -2.0, 1.0, -1.5, 0.5, 14, 0, readLine(), 0.0
12, 35411, -2.0, 1.0, -1.5, 1.0, 14, 0, readLine(), 0.0
12, 35412, -2.0, 1.0, -1.5, 1.5, 11, 0, in.readLine(), 0.5
12, 35413, -2.0, 1.0, -1.5, 2.0, 11, 0, in.readLine(), 1.0
12, 35414, -2.0, 1.0, -1.5, 2.5, 0, 0, lines.add(in.readLine()), 2.0
12, 35415, -2.0, 1.0, -1.5, 3.0, 9, 0, in.getLines().add(in.readLine()), 2.5
12, 35416, -2.0, 1.0, -1.5, 3.5, 9, 0, in.getLines().add(in.readLine()), 4.0
12, 35417, -2.0, 1.0, -1.5, 4.0, 21, 0, new Task12().getLines(in).add(in.readLine()), 4.5
12, 35418, -2.0, 1.0, -1.5, 4.5, 21, 0, new Task12().getLines(in).add(in.readLine()), 6.5
12, 35419, -2.0, 1.0, -1.5, 5.0, 21, 0, new Task12().getLines(in).add(in.readLine()), 8.5
12, 35420, -2.0, 1.0, -1.0, 0.0, 14, 0, readLine(), 0.0
12, 35421, -2.0, 1.0, -1.0, 0.5, 14, 0, readLine(), 0.0
12, 35422, -2.0, 1.0, -1.0, 1.0, 14, 0, readLine(), 0.0
12, 35423, -2.0, 1.0, -1.0, 1.5, 11, 0, in.readLine(), 0.5
12, 35424, -2.0, 1.0, -1.0, 2.0, 11, 0, in.readLine(), 1.0
12, 35425, -2.0, 1.0, -1.0, 2.5, 11, 0, in.readLine(), 1.5
12, 35426, -2.0, 1.0, -1.0, 3.0, 9, 0, in.getLines().add(in.readLine()), 3.0
12, 35427, -2.0, 1.0, -1.0, 3.5, 21, 0, new Task12().getLines(in).add(in.readLine()), 4.0
12, 35428, -2.0, 1.0, -1.0, 4.0, 21, 0, new Task12().getLines(in).add(in.readLine()), 6.0
12, 35429, -2.0, 1.0, -1.0, 4.5, 21, 0, new Task12().getLines(in).add(in.readLine()), 8.0
12, 35430, -2.0, 1.0, -1.0, 5.0, 21, 0, new Task12().getLines(in).add(in.readLine()), 10.0
12, 35431, -2.0, 1.0, -0.5, 0.0, 14, 0, readLine(), 0.0
12, 35432, -2.0, 1.0, -0.5, 0.5, 14, 0, readLine(), 0.0
12, 35433, -2.0, 1.0, -0.5, 1.0, 14, 0, readLine(), 0.0
12, 35434, -2.0, 1.0, -0.5, 1.5, 11, 0, in.readLine(), 0.5
12, 35435, -2.0, 1.0, -0.5, 2.0, 11, 0, in.readLine(), 1.0
12, 35436, -2.0, 1.0, -0.5, 2.5, 11, 0, in.readLine(), 1.5
12, 35437, -2.0, 1.0, -0.5, 3.0, 21, 0, new Task12().getLines(in).add(in.readLine()), 3.5
12, 35438, -2.0, 1.0, -0.5, 3.5, 21, 0, new Task12().getLines(in).add(in.readLine()), 5.5
12, 35439, -2.0, 1.0, -0.5, 4.0, 21, 0, new Task12().getLines(in).add(in.readLine()), 7.5
12, 35440, -2.0, 1.0, -0.5, 4.5, 21, 0, new Task12().getLines(in).add(in.readLine()), 9.5
12, 35441, -2.0, 1.0, -0.5, 5.0, 21, 0, new Task12().getLines(in).add(in.readLine()), 11.5
12, 35442, -2.0, 1.0, 0.0, 0.0, 14, 0, readLine(), 0.0
12, 35443, -2.0, 1.0, 0.0, 0.5, 14, 0, readLine(), 0.0
12, 35444, -2.0, 1.0, 0.0, 1.0, 14, 0, readLine(), 0.0
12, 35445, -2.0, 1.0, 0.0, 1.5, 11, 0, in.readLine(), 0.5
12, 35446, -2.0, 1.0, 0.0, 2.0, 25, 0, new Task12().getLines(in).addAll(), 1.0
12, 35447, -2.0, 1.0, 0.0, 2.5, 21, 0, new Task12().getLines(in).add(in.readLine()), 3.0
12, 35448, -2.0, 1.0, 0.0, 3.0, 21, 0, new Task12().getLines(in).add(in.readLine()), 5.0
12, 35449, -2.0, 1.0, 0.0, 3.5, 21, 0, new Task12().getLines(in).add(in.readLine()), 7.0
12, 35450, -2.0, 1.0, 0.0, 4.0, 21, 0, new Task12().getLines(in).add(in.readLine()), 9.0
12, 35451, -2.0, 1.0, 0.0, 4.5, 21, 0, new Task12().getLines(in).add(in.readLine()), 11.0
12, 35452, -2.0, 1.0, 0.0, 5.0, 21, 0, new Task12().getLines(in).add(in.readLine()), 13.0
12, 35453, -1.5, 1.0, -5.0, 0.0, 14, 0, readLine(), 0.5
12, 35454, -1.5, 1.0, -5.0, 0.5, 11, 0, in.readLine(), 0.5
12, 35455, -1.5, 1.0, -5.0, 1.0, 11, 0, in.readLine(), 1.0
12, 35456, -1.5, 1.0, -5.0, 1.5, 0, 0, lines.add(in.readLine()), 2.0
12, 35457, -1.5, 1.0, -5.0, 2.0, 0, 0, lines.add(in.readLine()), 3.0
12, 35458, -1.5, 1.0, -5.0, 2.5, 0, 0, lines.add(in.readLine()), 4.0
12, 35459, -1.5, 1.0, -5.0, 3.0, 0, 0, lines.add(in.readLine()), 5.0
12, 35460, -1.5, 1.0, -5.0, 3.5, 0, 0, lines.add(in.readLine()), 6.0
12, 35461, -1.5, 1.0, -5.0, 4.0, 0, 0, lines.add(in.readLine()), 7.0
12, 35462, -1.5, 1.0, -5.0, 4.5, 0, 0, lines.add(in.readLine()), 8.0
12, 35463, -1.5, 1.0, -5.0, 5.0, 0, 0, lines.add(in.readLine()), 9.0
12, 35464, -1.5, 1.0, -4.5, 0.0, 14, 0, readLine(), 0.5
12, 35465, -1.5, 1.0, -4.5, 0.5, 11, 0, in.readLine(), 0.5
12, 35466, -1.5, 1.0, -4.5, 1.0, 11, 0, in.readLine(), 1.0
12, 35467, -1.5, 1.0, -4.5, 1.5, 0, 0, lines.add(in.readLine()), 2.0
12, 35468, -1.5, 1.0, -4.5, 2.0, 0, 0, lines.add(in.readLine()), 3.0
12, 35469, -1.5, 1.0, -4.5, 2.5, 0, 0, lines.add(in.readLine()), 4.0
12, 35470, -1.5, 1.0, -4.5, 3.0, 0, 0, lines.add(in.readLine()), 5.0
12, 35471, -1.5, 1.0, -4.5, 3.5, 0, 0, lines.add(in.readLine()), 6.0
12, 35472, -1.5, 1.0, -4.5, 4.0, 0, 0, lines.add(in.readLine()), 7.0
12, 35473, -1.5, 1.0, -4.5, 4.5, 0, 0, lines.add(in.readLine()), 8.0
12, 35474, -1.5, 1.0, -4.5, 5.0, 0, 0, lines.add(in.readLine()), 9.0
12, 35475, -1.5, 1.0, -4.0, 0.0, 14, 0, readLine(), 0.5
12, 35476, -1.5, 1.0, -4.0, 0.5, 11, 0, in.readLine(), 0.5
12, 35477, -1.5, 1.0, -4.0, 1.0, 11, 0, in.readLine(), 1.0
12, 35478, -1.5, 1.0, -4.0, 1.5, 0, 0, lines.add(in.readLine()), 2.0
12, 35479, -1.5, 1.0, -4.0, 2.0, 0, 0, lines.add(in.readLine()), 3.0
12, 35480, -1.5, 1.0, -4.0, 2.5, 0, 0, lines.add(in.readLine()), 4.0
12, 35481, -1.5, 1.0, -4.0, 3.0, 0, 0, lines.add(in.readLine()), 5.0
12, 35482, -1.5, 1.0, -4.0, 3.5, 0, 0, lines.add(in.readLine()), 6.0
12, 35483, -1.5, 1.0, -4.0, 4.0, 0, 0, lines.add(in.readLine()), 7.0
12, 35484, -1.5, 1.0, -4.0, 4.5, 0, 0, lines.add(in.readLine()), 8.0
12, 35485, -1.5, 1.0, -4.0, 5.0, 9, 0, in.getLines().add(in.readLine()), 8.5
12, 35486, -1.5, 1.0, -3.5, 0.0, 14, 0, readLine(), 0.5
12, 35487, -1.5, 1.0, -3.5, 0.5, 11, 0, in.readLine(), 0.5
12, 35488, -1.5, 1.0, -3.5, 1.0, 11, 0, in.readLine(), 1.0
12, 35489, -1.5, 1.0, -3.5, 1.5, 0, 0, lines.add(in.readLine()), 2.0
12, 35490, -1.5, 1.0, -3.5, 2.0, 0, 0, lines.add(in.readLine()), 3.0
12, 35491, -1.5, 1.0, -3.5, 2.5, 0, 0, lines.add(in.readLine()), 4.0
12, 35492, -1.5, 1.0, -3.5, 3.0, 0, 0, lines.add(in.readLine()), 5.0
12, 35493, -1.5, 1.0, -3.5, 3.5, 0, 0, lines.add(in.readLine()), 6.0
12, 35494, -1.5, 1.0, -3.5, 4.0, 0, 0, lines.add(in.readLine()), 7.0
12, 35495, -1.5, 1.0, -3.5, 4.5, 9, 0, in.getLines().add(in.readLine()), 7.5
12, 35496, -1.5, 1.0, -3.5, 5.0, 9, 0, in.getLines().add(in.readLine()), 9.0
12, 35497, -1.5, 1.0, -3.0, 0.0, 14, 0, readLine(), 0.5
12, 35498, -1.5, 1.0, -3.0, 0.5, 11, 0, in.readLine(), 0.5
12, 35499, -1.5, 1.0, -3.0, 1.0, 11, 0, in.readLine(), 1.0
12, 35500, -1.5, 1.0, -3.0, 1.5, 0, 0, lines.add(in.readLine()), 2.0
12, 35501, -1.5, 1.0, -3.0, 2.0, 0, 0, lines.add(in.readLine()), 3.0
12, 35502, -1.5, 1.0, -3.0, 2.5, 0, 0, lines.add(in.readLine()), 4.0
12, 35503, -1.5, 1.0, -3.0, 3.0, 0, 0, lines.add(in.readLine()), 5.0
12, 35504, -1.5, 1.0, -3.0, 3.5, 0, 0, lines.add(in.readLine()), 6.0
12, 35505, -1.5, 1.0, -3.0, 4.0, 9, 0, in.getLines().add(in.readLine()), 6.5
12, 35506, -1.5, 1.0, -3.0, 4.5, 9, 0, in.getLines().add(in.readLine()), 8.0
12, 35507, -1.5, 1.0, -3.0, 5.0, 9, 0, in.getLines().add(in.readLine()), 9.5
12, 35508, -1.5, 1.0, -2.5, 0.0, 14, 0, readLine(), 0.5
12, 35509, -1.5, 1.0, -2.5, 0.5, 11, 0, in.readLine(), 0.5
12, 35510, -1.5, 1.0, -2.5, 1.0, 11, 0, in.readLine(), 1.0
12, 35511, -1.5, 1.0, -2.5, 1.5, 0, 0, lines.add(in.readLine()), 2.0
12, 35512, -1.5, 1.0, -2.5, 2.0, 0, 0, lines.add(in.readLine()), 3.0
12, 35513, -1.5, 1.0, -2.5, 2.5, 0, 0, lines.add(in.readLine()), 4.0
12, 35514, -1.5, 1.0, -2.5, 3.0, 0, 0, lines.add(in.readLine()), 5.0
12, 35515, -1.5, 1.0, -2.5, 3.5, 9, 0, in.getLines().add(in.readLine()), 5.5
12, 35516, -1.5, 1.0, -2.5, 4.0, 9, 0, in.getLines().add(in.readLine()), 7.0
12, 35517, -1.5, 1.0, -2.5, 4.5, 9, 0, in.getLines().add(in.readLine()), 8.5
12, 35518, -1.5, 1.0, -2.5, 5.0, 64, 0, System.arraycopy(in.readLine(), in.read(), lines.add(readLine()), in.read(), in.read()), 9.5
12, 35519, -1.5, 1.0, -2.0, 0.0, 14, 0, readLine(), 0.5
12, 35520, -1.5, 1.0, -2.0, 0.5, 11, 0, in.readLine(), 0.5
12, 35521, -1.5, 1.0, -2.0, 1.0, 11, 0, in.readLine(), 1.0
12, 35522, -1.5, 1.0, -2.0, 1.5, 0, 0, lines.add(in.readLine()), 2.0
12, 35523, -1.5, 1.0, -2.0, 2.0, 0, 0, lines.add(in.readLine()), 3.0
12, 35524, -1.5, 1.0, -2.0, 2.5, 0, 0, lines.add(in.readLine()), 4.0
12, 35525, -1.5, 1.0, -2.0, 3.0, 9, 0, in.getLines().add(in.readLine()), 4.5
12, 35526, -1.5, 1.0, -2.0, 3.5, 9, 0, in.getLines().add(in.readLine()), 6.0
12, 35527, -1.5, 1.0, -2.0, 4.0, 9, 0, in.getLines().add(in.readLine()), 7.5
12, 35528, -1.5, 1.0, -2.0, 4.5, 21, 0, new Task12().getLines(in).add(in.readLine()), 8.0
12, 35529, -1.5, 1.0, -2.0, 5.0, 64, 0, System.arraycopy(in.readLine(), in.read(), lines.add(readLine()), in.read(), in.read()), 10.0
12, 35530, -1.5, 1.0, -1.5, 0.0, 14, 0, readLine(), 0.5
12, 35531, -1.5, 1.0, -1.5, 0.5, 11, 0, in.readLine(), 0.5
12, 35532, -1.5, 1.0, -1.5, 1.0, 11, 0, in.readLine(), 1.0
12, 35533, -1.5, 1.0, -1.5, 1.5, 0, 0, lines.add(in.readLine()), 2.0
12, 35534, -1.5, 1.0, -1.5, 2.0, 0, 0, lines.add(in.readLine()), 3.0
12, 35535, -1.5, 1.0, -1.5, 2.5, 9, 0, in.getLines().add(in.readLine()), 3.5
12, 35536, -1.5, 1.0, -1.5, 3.0, 9, 0, in.getLines().add(in.readLine()), 5.0
12, 35537, -1.5, 1.0, -1.5, 3.5, 21, 0, new Task12().getLines(in).add(in.readLine()), 5.5
12, 35538, -1.5, 1.0, -1.5, 4.0, 21, 0, new Task12().getLines(in).add(in.readLine()), 7.5
12, 35539, -1.5, 1.0, -1.5, 4.5, 21, 0, new Task12().getLines(in).add(in.readLine()), 9.5
12, 35540, -1.5, 1.0, -1.5, 5.0, 21, 0, new Task12().getLines(in).add(in.readLine()), 11.5
12, 35541, -1.5, 1.0, -1.0, 0.0, 14, 0, readLine(), 0.5
12, 35542, -1.5, 1.0, -1.0, 0.5, 11, 0, in.readLine(), 0.5
12, 35543, -1.5, 1.0, -1.0, 1.0, 11, 0, in.readLine(), 1.0
12, 35544, -1.5, 1.0, -1.0, 1.5, 0, 0, lines.add(in.readLine()), 2.0
12, 35545, -1.5, 1.0, -1.0, 2.0, 9, 0, in.getLines().add(in.readLine()), 2.5
12, 35546, -1.5, 1.0, -1.0, 2.5, 9, 0, in.getLines().add(in.readLine()), 4.0
12, 35547, -1.5, 1.0, -1.0, 3.0, 21, 0, new Task12().getLines(in).add(in.readLine()), 5.0
12, 35548, -1.5, 1.0, -1.0, 3.5, 21, 0, new Task12().getLines(in).add(in.readLine()), 7.0
12, 35549, -1.5, 1.0, -1.0, 4.0, 21, 0, new Task12().getLines(in).add(in.readLine()), 9.0
12, 35550, -1.5, 1.0, -1.0, 4.5, 21, 0, new Task12().getLines(in).add(in.readLine()), 11.0
12, 35551, -1.5, 1.0, -1.0, 5.0, 21, 0, new Task12().getLines(in).add(in.readLine()), 13.0
12, 35552, -1.5, 1.0, -0.5, 0.0, 14, 0, readLine(), 0.5
12, 35553, -1.5, 1.0, -0.5, 0.5, 11, 0, in.readLine(), 0.5
12, 35554, -1.5, 1.0, -0.5, 1.0, 11, 0, in.readLine(), 1.0
12, 35555, -1.5, 1.0, -0.5, 1.5, 11, 0, in.readLine(), 1.5
12, 35556, -1.5, 1.0, -0.5, 2.0, 21, 0, new Task12().getLines(in).add(in.readLine()), 2.5
12, 35557, -1.5, 1.0, -0.5, 2.5, 21, 0, new Task12().getLines(in).add(in.readLine()), 4.5
12, 35558, -1.5, 1.0, -0.5, 3.0, 21, 0, new Task12().getLines(in).add(in.readLine()), 6.5
12, 35559, -1.5, 1.0, -0.5, 3.5, 21, 0, new Task12().getLines(in).add(in.readLine()), 8.5
12, 35560, -1.5, 1.0, -0.5, 4.0, 21, 0, new Task12().getLines(in).add(in.readLine()), 10.5
12, 35561, -1.5, 1.0, -0.5, 4.5, 21, 0, new Task12().getLines(in).add(in.readLine()), 12.5
12, 35562, -1.5, 1.0, -0.5, 5.0, 21, 0, new Task12().getLines(in).add(in.readLine()), 14.5
12, 35563, -1.5, 1.0, 0.0, 0.0, 14, 0, readLine(), 0.5
12, 35564, -1.5, 1.0, 0.0, 0.5, 11, 0, in.readLine(), 0.5
12, 35565, -1.5, 1.0, 0.0, 1.0, 11, 0, in.readLine(), 1.0
12, 35566, -1.5, 1.0, 0.0, 1.5, 24, 0, new Task12().getLines(in).add(readLine()), 2.0
12, 35567, -1.5, 1.0, 0.0, 2.0, 21, 0, new Task12().getLines(in).add(in.readLine()), 4.0
12, 35568, -1.5, 1.0, 0.0, 2.5, 21, 0, new Task12().getLines(in).add(in.readLine()), 6.0
12, 35569, -1.5, 1.0, 0.0, 3.0, 21, 0, new Task12().getLines(in).add(in.readLine()), 8.0
12, 35570, -1.5, 1.0, 0.0, 3.5, 21, 0, new Task12().getLines(in).add(in.readLine()), 10.0
12, 35571, -1.5, 1.0, 0.0, 4.0, 21, 0, new Task12().getLines(in).add(in.readLine()), 12.0
12, 35572, -1.5, 1.0, 0.0, 4.5, 21, 0, new Task12().getLines(in).add(in.readLine()), 14.0
12, 35573, -1.5, 1.0, 0.0, 5.0, 21, 0, new Task12().getLines(in).add(in.readLine()), 16.0
12, 35574, -1.0, 1.0, -5.0, 0.0, 11, 0, in.readLine(), 1.0
12, 35575, -1.0, 1.0, -5.0, 0.5, 0, 0, lines.add(in.readLine()), 2.0
12, 35576, -1.0, 1.0, -5.0, 1.0, 0, 0, lines.add(in.readLine()), 3.0
12, 35577, -1.0, 1.0, -5.0, 1.5, 0, 0, lines.add(in.readLine()), 4.0
12, 35578, -1.0, 1.0, -5.0, 2.0, 0, 0, lines.add(in.readLine()), 5.0
12, 35579, -1.0, 1.0, -5.0, 2.5, 0, 0, lines.add(in.readLine()), 6.0
12, 35580, -1.0, 1.0, -5.0, 3.0, 0, 0, lines.add(in.readLine()), 7.0
12, 35581, -1.0, 1.0, -5.0, 3.5, 0, 0, lines.add(in.readLine()), 8.0
12, 35582, -1.0, 1.0, -5.0, 4.0, 0, 0, lines.add(in.readLine()), 9.0
12, 35583, -1.0, 1.0, -5.0, 4.5, 63, 0, System.arraycopy(lines.add(readLine()), in.read(), in.readLine(), in.read(), in.read()), 10.5
12, 35584, -1.0, 1.0, -5.0, 5.0, 63, 0, System.arraycopy(lines.add(readLine()), in.read(), in.readLine(), in.read(), in.read()), 13.0
12, 35585, -1.0, 1.0, -4.5, 0.0, 11, 0, in.readLine(), 1.0
12, 35586, -1.0, 1.0, -4.5, 0.5, 0, 0, lines.add(in.readLine()), 2.0
12, 35587, -1.0, 1.0, -4.5, 1.0, 0, 0, lines.add(in.readLine()), 3.0
12, 35588, -1.0, 1.0, -4.5, 1.5, 0, 0, lines.add(in.readLine()), 4.0
12, 35589, -1.0, 1.0, -4.5, 2.0, 0, 0, lines.add(in.readLine()), 5.0
12, 35590, -1.0, 1.0, -4.5, 2.5, 0, 0, lines.add(in.readLine()), 6.0
12, 35591, -1.0, 1.0, -4.5, 3.0, 0, 0, lines.add(in.readLine()), 7.0
12, 35592, -1.0, 1.0, -4.5, 3.5, 0, 0, lines.add(in.readLine()), 8.0
12, 35593, -1.0, 1.0, -4.5, 4.0, 0, 0, lines.add(in.readLine()), 9.0
12, 35594, -1.0, 1.0, -4.5, 4.5, 63, 0, System.arraycopy(lines.add(readLine()), in.read(), in.readLine(), in.read(), in.read()), 11.0
12, 35595, -1.0, 1.0, -4.5, 5.0, 63, 0, System.arraycopy(lines.add(readLine()), in.read(), in.readLine(), in.read(), in.read()), 13.5
12, 35596, -1.0, 1.0, -4.0, 0.0, 11, 0, in.readLine(), 1.0
12, 35597, -1.0, 1.0, -4.0, 0.5, 0, 0, lines.add(in.readLine()), 2.0
12, 35598, -1.0, 1.0, -4.0, 1.0, 0, 0, lines.add(in.readLine()), 3.0
12, 35599, -1.0, 1.0, -4.0, 1.5, 0, 0, lines.add(in.readLine()), 4.0
12, 35600, -1.0, 1.0, -4.0, 2.0, 0, 0, lines.add(in.readLine()), 5.0
12, 35601, -1.0, 1.0, -4.0, 2.5, 0, 0, lines.add(in.readLine()), 6.0
12, 35602, -1.0, 1.0, -4.0, 3.0, 0, 0, lines.add(in.readLine()), 7.0
12, 35603, -1.0, 1.0, -4.0, 3.5, 0, 0, lines.add(in.readLine()), 8.0
12, 35604, -1.0, 1.0, -4.0, 4.0, 0, 0, lines.add(in.readLine()), 9.0
12, 35605, -1.0, 1.0, -4.0, 4.5, 63, 0, System.arraycopy(lines.add(readLine()), in.read(), in.readLine(), in.read(), in.read()), 11.5
12, 35606, -1.0, 1.0, -4.0, 5.0, 63, 0, System.arraycopy(lines.add(readLine()), in.read(), in.readLine(), in.read(), in.read()), 14.0
12, 35607, -1.0, 1.0, -3.5, 0.0, 11, 0, in.readLine(), 1.0
12, 35608, -1.0, 1.0, -3.5, 0.5, 0, 0, lines.add(in.readLine()), 2.0
12, 35609, -1.0, 1.0, -3.5, 1.0, 0, 0, lines.add(in.readLine()), 3.0
12, 35610, -1.0, 1.0, -3.5, 1.5, 0, 0, lines.add(in.readLine()), 4.0
12, 35611, -1.0, 1.0, -3.5, 2.0, 0, 0, lines.add(in.readLine()), 5.0
12, 35612, -1.0, 1.0, -3.5, 2.5, 0, 0, lines.add(in.readLine()), 6.0
12, 35613, -1.0, 1.0, -3.5, 3.0, 0, 0, lines.add(in.readLine()), 7.0
12, 35614, -1.0, 1.0, -3.5, 3.5, 0, 0, lines.add(in.readLine()), 8.0
12, 35615, -1.0, 1.0, -3.5, 4.0, 63, 0, System.arraycopy(lines.add(readLine()), in.read(), in.readLine(), in.read(), in.read()), 9.5
12, 35616, -1.0, 1.0, -3.5, 4.5, 63, 0, System.arraycopy(lines.add(readLine()), in.read(), in.readLine(), in.read(), in.read()), 12.0
12, 35617, -1.0, 1.0, -3.5, 5.0, 63, 0, System.arraycopy(lines.add(readLine()), in.read(), in.readLine(), in.read(), in.read()), 14.5
12, 35618, -1.0, 1.0, -3.0, 0.0, 11, 0, in.readLine(), 1.0
12, 35619, -1.0, 1.0, -3.0, 0.5, 0, 0, lines.add(in.readLine()), 2.0
12, 35620, -1.0, 1.0, -3.0, 1.0, 0, 0, lines.add(in.readLine()), 3.0
12, 35621, -1.0, 1.0, -3.0, 1.5, 0, 0, lines.add(in.readLine()), 4.0
12, 35622, -1.0, 1.0, -3.0, 2.0, 0, 0, lines.add(in.readLine()), 5.0
12, 35623, -1.0, 1.0, -3.0, 2.5, 0, 0, lines.add(in.readLine()), 6.0
12, 35624, -1.0, 1.0, -3.0, 3.0, 0, 0, lines.add(in.readLine()), 7.0
12, 35625, -1.0, 1.0, -3.0, 3.5, 9, 0, in.getLines().add(in.readLine()), 7.5
12, 35626, -1.0, 1.0, -3.0, 4.0, 63, 0, System.arraycopy(lines.add(readLine()), in.read(), in.readLine(), in.read(), in.read()), 10.0
12, 35627, -1.0, 1.0, -3.0, 4.5, 63, 0, System.arraycopy(lines.add(readLine()), in.read(), in.readLine(), in.read(), in.read()), 12.5
12, 35628, -1.0, 1.0, -3.0, 5.0, 63, 0, System.arraycopy(lines.add(readLine()), in.read(), in.readLine(), in.read(), in.read()), 15.0
12, 35629, -1.0, 1.0, -2.5, 0.0, 11, 0, in.readLine(), 1.0
12, 35630, -1.0, 1.0, -2.5, 0.5, 0, 0, lines.add(in.readLine()), 2.0
12, 35631, -1.0, 1.0, -2.5, 1.0, 0, 0, lines.add(in.readLine()), 3.0
12, 35632, -1.0, 1.0, -2.5, 1.5, 0, 0, lines.add(in.readLine()), 4.0
12, 35633, -1.0, 1.0, -2.5, 2.0, 0, 0, lines.add(in.readLine()), 5.0
12, 35634, -1.0, 1.0, -2.5, 2.5, 0, 0, lines.add(in.readLine()), 6.0
12, 35635, -1.0, 1.0, -2.5, 3.0, 9, 0, in.getLines().add(in.readLine()), 6.5
12, 35636, -1.0, 1.0, -2.5, 3.5, 9, 0, in.getLines().add(in.readLine()), 8.0
12, 35637, -1.0, 1.0, -2.5, 4.0, 63, 0, System.arraycopy(lines.add(readLine()), in.read(), in.readLine(), in.read(), in.read()), 10.5
12, 35638, -1.0, 1.0, -2.5, 4.5, 63, 0, System.arraycopy(lines.add(readLine()), in.read(), in.readLine(), in.read(), in.read()), 13.0
12, 35639, -1.0, 1.0, -2.5, 5.0, 63, 0, System.arraycopy(lines.add(readLine()), in.read(), in.readLine(), in.read(), in.read()), 15.5
12, 35640, -1.0, 1.0, -2.0, 0.0, 11, 0, in.readLine(), 1.0
12, 35641, -1.0, 1.0, -2.0, 0.5, 0, 0, lines.add(in.readLine()), 2.0
12, 35642, -1.0, 1.0, -2.0, 1.0, 0, 0, lines.add(in.readLine()), 3.0
12, 35643, -1.0, 1.0, -2.0, 1.5, 0, 0, lines.add(in.readLine()), 4.0
12, 35644, -1.0, 1.0, -2.0, 2.0, 0, 0, lines.add(in.readLine()), 5.0
12, 35645, -1.0, 1.0, -2.0, 2.5, 9, 0, in.getLines().add(in.readLine()), 5.5
12, 35646, -1.0, 1.0, -2.0, 3.0, 9, 0, in.getLines().add(in.readLine()), 7.0
12, 35647, -1.0, 1.0, -2.0, 3.5, 9, 0, in.getLines().add(in.readLine()), 8.5
12, 35648, -1.0, 1.0, -2.0, 4.0, 63, 0, System.arraycopy(lines.add(readLine()), in.read(), in.readLine(), in.read(), in.read()), 11.0
12, 35649, -1.0, 1.0, -2.0, 4.5, 74, 0, in.readLine().regionMatches(lines.add(readLine()), in.read(), in.readLine(), in.read(), in.read()), 14.0
12, 35650, -1.0, 1.0, -2.0, 5.0, 74, 0, in.readLine().regionMatches(lines.add(readLine()), in.read(), in.readLine(), in.read(), in.read()), 17.0
12, 35651, -1.0, 1.0, -1.5, 0.0, 11, 0, in.readLine(), 1.0
12, 35652, -1.0, 1.0, -1.5, 0.5, 0, 0, lines.add(in.readLine()), 2.0
12, 35653, -1.0, 1.0, -1.5, 1.0, 0, 0, lines.add(in.readLine()), 3.0
12, 35654, -1.0, 1.0, -1.5, 1.5, 0, 0, lines.add(in.readLine()), 4.0
12, 35655, -1.0, 1.0, -1.5, 2.0, 9, 0, in.getLines().add(in.readLine()), 4.5
12, 35656, -1.0, 1.0, -1.5, 2.5, 9, 0, in.getLines().add(in.readLine()), 6.0
12, 35657, -1.0, 1.0, -1.5, 3.0, 63, 0, System.arraycopy(lines.add(readLine()), in.read(), in.readLine(), in.read(), in.read()), 6.5
12, 35658, -1.0, 1.0, -1.5, 3.5, 74, 0, in.readLine().regionMatches(lines.add(readLine()), in.read(), in.readLine(), in.read(), in.read()), 9.0
12, 35659, -1.0, 1.0, -1.5, 4.0, 74, 0, in.readLine().regionMatches(lines.add(readLine()), in.read(), in.readLine(), in.read(), in.read()), 12.0
12, 35660, -1.0, 1.0, -1.5, 4.5, 74, 0, in.readLine().regionMatches(lines.add(readLine()), in.read(), in.readLine(), in.read(), in.read()), 15.0
12, 35661, -1.0, 1.0, -1.5, 5.0, 74, 0, in.readLine().regionMatches(lines.add(readLine()), in.read(), in.readLine(), in.read(), in.read()), 18.0
12, 35662, -1.0, 1.0, -1.0, 0.0, 11, 0, in.readLine(), 1.0
12, 35663, -1.0, 1.0, -1.0, 0.5, 0, 0, lines.add(in.readLine()), 2.0
12, 35664, -1.0, 1.0, -1.0, 1.0, 0, 0, lines.add(in.readLine()), 3.0
12, 35665, -1.0, 1.0, -1.0, 1.5, 9, 0, in.getLines().add(in.readLine()), 3.5
12, 35666, -1.0, 1.0, -1.0, 2.0, 9, 0, in.getLines().add(in.readLine()), 5.0
12, 35667, -1.0, 1.0, -1.0, 2.5, 21, 0, new Task12().getLines(in).add(in.readLine()), 6.0
12, 35668, -1.0, 1.0, -1.0, 3.0, 21, 0, new Task12().getLines(in).add(in.readLine()), 8.0
12, 35669, -1.0, 1.0, -1.0, 3.5, 74, 0, in.readLine().regionMatches(lines.add(readLine()), in.read(), in.readLine(), in.read(), in.read()), 10.0
12, 35670, -1.0, 1.0, -1.0, 4.0, 74, 0, in.readLine().regionMatches(lines.add(readLine()), in.read(), in.readLine(), in.read(), in.read()), 13.0
12, 35671, -1.0, 1.0, -1.0, 4.5, 74, 0, in.readLine().regionMatches(lines.add(readLine()), in.read(), in.readLine(), in.read(), in.read()), 16.0
12, 35672, -1.0, 1.0, -1.0, 5.0, 74, 0, in.readLine().regionMatches(lines.add(readLine()), in.read(), in.readLine(), in.read(), in.read()), 19.0
12, 35673, -1.0, 1.0, -0.5, 0.0, 11, 0, in.readLine(), 1.0
12, 35674, -1.0, 1.0, -0.5, 0.5, 0, 0, lines.add(in.readLine()), 2.0
12, 35675, -1.0, 1.0, -0.5, 1.0, 12, 0, in.getLines().add(readLine()), 2.5
12, 35676, -1.0, 1.0, -0.5, 1.5, 21, 0, new Task12().getLines(in).add(in.readLine()), 3.5
12, 35677, -1.0, 1.0, -0.5, 2.0, 21, 0, new Task12().getLines(in).add(in.readLine()), 5.5
12, 35678, -1.0, 1.0, -0.5, 2.5, 21, 0, new Task12().getLines(in).add(in.readLine()), 7.5
12, 35679, -1.0, 1.0, -0.5, 3.0, 21, 0, new Task12().getLines(in).add(in.readLine()), 9.5
12, 35680, -1.0, 1.0, -0.5, 3.5, 67, 0, in.readLine().regionMatches(lines.addAll(), in.read(), in.readLine(), in.read(), in.read()), 11.5
12, 35681, -1.0, 1.0, -0.5, 4.0, 67, 0, in.readLine().regionMatches(lines.addAll(), in.read(), in.readLine(), in.read(), in.read()), 14.5
12, 35682, -1.0, 1.0, -0.5, 4.5, 67, 0, in.readLine().regionMatches(lines.addAll(), in.read(), in.readLine(), in.read(), in.read()), 17.5
12, 35683, -1.0, 1.0, -0.5, 5.0, 67, 0, in.readLine().regionMatches(lines.addAll(), in.read(), in.readLine(), in.read(), in.read()), 20.5
12, 35684, -1.0, 1.0, 0.0, 0.0, 18, 0, readLine().addElement(), 1.0
12, 35685, -1.0, 1.0, 0.0, 0.5, 12, 0, in.getLines().add(readLine()), 2.0
12, 35686, -1.0, 1.0, 0.0, 1.0, 24, 0, new Task12().getLines(in).add(readLine()), 3.0
12, 35687, -1.0, 1.0, 0.0, 1.5, 21, 0, new Task12().getLines(in).add(in.readLine()), 5.0
12, 35688, -1.0, 1.0, 0.0, 2.0, 21, 0, new Task12().getLines(in).add(in.readLine()), 7.0
12, 35689, -1.0, 1.0, 0.0, 2.5, 21, 0, new Task12().getLines(in).add(in.readLine()), 9.0
12, 35690, -1.0, 1.0, 0.0, 3.0, 21, 0, new Task12().getLines(in).add(in.readLine()), 11.0
12, 35691, -1.0, 1.0, 0.0, 3.5, 67, 0, in.readLine().regionMatches(lines.addAll(), in.read(), in.readLine(), in.read(), in.read()), 13.0
12, 35692, -1.0, 1.0, 0.0, 4.0, 67, 0, in.readLine().regionMatches(lines.addAll(), in.read(), in.readLine(), in.read(), in.read()), 16.0
12, 35693, -1.0, 1.0, 0.0, 4.5, 67, 0, in.readLine().regionMatches(lines.addAll(), in.read(), in.readLine(), in.read(), in.read()), 19.0
12, 35694, -1.0, 1.0, 0.0, 5.0, 67, 0, in.readLine().regionMatches(lines.addAll(), in.read(), in.readLine(), in.read(), in.read()), 22.0
12, 35695, -0.5, 1.0, -5.0, 0.0, 0, 0, lines.add(in.readLine()), 3.0
12, 35696, -0.5, 1.0, -5.0, 0.5, 0, 0, lines.add(in.readLine()), 4.0
12, 35697, -0.5, 1.0, -5.0, 1.0, 0, 0, lines.add(in.readLine()), 5.0
12, 35698, -0.5, 1.0, -5.0, 1.5, 0, 0, lines.add(in.readLine()), 6.0
12, 35699, -0.5, 1.0, -5.0, 2.0, 0, 0, lines.add(in.readLine()), 7.0
12, 35700, -0.5, 1.0, -5.0, 2.5, 0, 0, lines.add(in.readLine()), 8.0
12, 35701, -0.5, 1.0, -5.0, 3.0, 0, 0, lines.add(in.readLine()), 9.0
12, 35702, -0.5, 1.0, -5.0, 3.5, 63, 0, System.arraycopy(lines.add(readLine()), in.read(), in.readLine(), in.read(), in.read()), 11.5
12, 35703, -0.5, 1.0, -5.0, 4.0, 63, 0, System.arraycopy(lines.add(readLine()), in.read(), in.readLine(), in.read(), in.read()), 14.0
12, 35704, -0.5, 1.0, -5.0, 4.5, 63, 0, System.arraycopy(lines.add(readLine()), in.read(), in.readLine(), in.read(), in.read()), 16.5
12, 35705, -0.5, 1.0, -5.0, 5.0, 63, 0, System.arraycopy(lines.add(readLine()), in.read(), in.readLine(), in.read(), in.read()), 19.0
12, 35706, -0.5, 1.0, -4.5, 0.0, 0, 0, lines.add(in.readLine()), 3.0
12, 35707, -0.5, 1.0, -4.5, 0.5, 0, 0, lines.add(in.readLine()), 4.0
12, 35708, -0.5, 1.0, -4.5, 1.0, 0, 0, lines.add(in.readLine()), 5.0
12, 35709, -0.5, 1.0, -4.5, 1.5, 0, 0, lines.add(in.readLine()), 6.0
12, 35710, -0.5, 1.0, -4.5, 2.0, 0, 0, lines.add(in.readLine()), 7.0
12, 35711, -0.5, 1.0, -4.5, 2.5, 0, 0, lines.add(in.readLine()), 8.0
12, 35712, -0.5, 1.0, -4.5, 3.0, 63, 0, System.arraycopy(lines.add(readLine()), in.read(), in.readLine(), in.read(), in.read()), 9.5
12, 35713, -0.5, 1.0, -4.5, 3.5, 63, 0, System.arraycopy(lines.add(readLine()), in.read(), in.readLine(), in.read(), in.read()), 12.0
12, 35714, -0.5, 1.0, -4.5, 4.0, 63, 0, System.arraycopy(lines.add(readLine()), in.read(), in.readLine(), in.read(), in.read()), 14.5
12, 35715, -0.5, 1.0, -4.5, 4.5, 63, 0, System.arraycopy(lines.add(readLine()), in.read(), in.readLine(), in.read(), in.read()), 17.0
12, 35716, -0.5, 1.0, -4.5, 5.0, 63, 0, System.arraycopy(lines.add(readLine()), in.read(), in.readLine(), in.read(), in.read()), 19.5
12, 35717, -0.5, 1.0, -4.0, 0.0, 0, 0, lines.add(in.readLine()), 3.0
12, 35718, -0.5, 1.0, -4.0, 0.5, 0, 0, lines.add(in.readLine()), 4.0
12, 35719, -0.5, 1.0, -4.0, 1.0, 0, 0, lines.add(in.readLine()), 5.0
12, 35720, -0.5, 1.0, -4.0, 1.5, 0, 0, lines.add(in.readLine()), 6.0
12, 35721, -0.5, 1.0, -4.0, 2.0, 0, 0, lines.add(in.readLine()), 7.0
12, 35722, -0.5, 1.0, -4.0, 2.5, 0, 0, lines.add(in.readLine()), 8.0
12, 35723, -0.5, 1.0, -4.0, 3.0, 63, 0, System.arraycopy(lines.add(readLine()), in.read(), in.readLine(), in.read(), in.read()), 10.0
12, 35724, -0.5, 1.0, -4.0, 3.5, 63, 0, System.arraycopy(lines.add(readLine()), in.read(), in.readLine(), in.read(), in.read()), 12.5
12, 35725, -0.5, 1.0, -4.0, 4.0, 63, 0, System.arraycopy(lines.add(readLine()), in.read(), in.readLine(), in.read(), in.read()), 15.0
12, 35726, -0.5, 1.0, -4.0, 4.5, 63, 0, System.arraycopy(lines.add(readLine()), in.read(), in.readLine(), in.read(), in.read()), 17.5
12, 35727, -0.5, 1.0, -4.0, 5.0, 63, 0, System.arraycopy(lines.add(readLine()), in.read(), in.readLine(), in.read(), in.read()), 20.0
12, 35728, -0.5, 1.0, -3.5, 0.0, 0, 0, lines.add(in.readLine()), 3.0
12, 35729, -0.5, 1.0, -3.5, 0.5, 0, 0, lines.add(in.readLine()), 4.0
12, 35730, -0.5, 1.0, -3.5, 1.0, 0, 0, lines.add(in.readLine()), 5.0
12, 35731, -0.5, 1.0, -3.5, 1.5, 0, 0, lines.add(in.readLine()), 6.0
12, 35732, -0.5, 1.0, -3.5, 2.0, 0, 0, lines.add(in.readLine()), 7.0
12, 35733, -0.5, 1.0, -3.5, 2.5, 0, 0, lines.add(in.readLine()), 8.0
12, 35734, -0.5, 1.0, -3.5, 3.0, 63, 0, System.arraycopy(lines.add(readLine()), in.read(), in.readLine(), in.read(), in.read()), 10.5
12, 35735, -0.5, 1.0, -3.5, 3.5, 63, 0, System.arraycopy(lines.add(readLine()), in.read(), in.readLine(), in.read(), in.read()), 13.0
12, 35736, -0.5, 1.0, -3.5, 4.0, 63, 0, System.arraycopy(lines.add(readLine()), in.read(), in.readLine(), in.read(), in.read()), 15.5
12, 35737, -0.5, 1.0, -3.5, 4.5, 63, 0, System.arraycopy(lines.add(readLine()), in.read(), in.readLine(), in.read(), in.read()), 18.0
12, 35738, -0.5, 1.0, -3.5, 5.0, 63, 0, System.arraycopy(lines.add(readLine()), in.read(), in.readLine(), in.read(), in.read()), 20.5
12, 35739, -0.5, 1.0, -3.0, 0.0, 0, 0, lines.add(in.readLine()), 3.0
12, 35740, -0.5, 1.0, -3.0, 0.5, 0, 0, lines.add(in.readLine()), 4.0
12, 35741, -0.5, 1.0, -3.0, 1.0, 0, 0, lines.add(in.readLine()), 5.0
12, 35742, -0.5, 1.0, -3.0, 1.5, 0, 0, lines.add(in.readLine()), 6.0
12, 35743, -0.5, 1.0, -3.0, 2.0, 0, 0, lines.add(in.readLine()), 7.0
12, 35744, -0.5, 1.0, -3.0, 2.5, 63, 0, System.arraycopy(lines.add(readLine()), in.read(), in.readLine(), in.read(), in.read()), 8.5
12, 35745, -0.5, 1.0, -3.0, 3.0, 63, 0, System.arraycopy(lines.add(readLine()), in.read(), in.readLine(), in.read(), in.read()), 11.0
12, 35746, -0.5, 1.0, -3.0, 3.5, 63, 0, System.arraycopy(lines.add(readLine()), in.read(), in.readLine(), in.read(), in.read()), 13.5
12, 35747, -0.5, 1.0, -3.0, 4.0, 63, 0, System.arraycopy(lines.add(readLine()), in.read(), in.readLine(), in.read(), in.read()), 16.0
12, 35748, -0.5, 1.0, -3.0, 4.5, 59, 0, lines.add(readLine()).regionMatches(in.read(), in.readLine(), in.read(), in.read()), 15.5
12, 35749, -0.5, 1.0, -3.0, 5.0, 74, 0, in.readLine().regionMatches(lines.add(readLine()), in.read(), in.readLine(), in.read(), in.read()), 22.0
12, 35750, -0.5, 1.0, -2.5, 0.0, 0, 0, lines.add(in.readLine()), 3.0
12, 35751, -0.5, 1.0, -2.5, 0.5, 0, 0, lines.add(in.readLine()), 4.0
12, 35752, -0.5, 1.0, -2.5, 1.0, 0, 0, lines.add(in.readLine()), 5.0
12, 35753, -0.5, 1.0, -2.5, 1.5, 0, 0, lines.add(in.readLine()), 6.0
12, 35754, -0.5, 1.0, -2.5, 2.0, 0, 0, lines.add(in.readLine()), 7.0
12, 35755, -0.5, 1.0, -2.5, 2.5, 63, 0, System.arraycopy(lines.add(readLine()), in.read(), in.readLine(), in.read(), in.read()), 9.0
12, 35756, -0.5, 1.0, -2.5, 3.0, 63, 0, System.arraycopy(lines.add(readLine()), in.read(), in.readLine(), in.read(), in.read()), 11.5
12, 35757, -0.5, 1.0, -2.5, 3.5, 59, 0, lines.add(readLine()).regionMatches(in.read(), in.readLine(), in.read(), in.read()), 11.5
12, 35758, -0.5, 1.0, -2.5, 4.0, 74, 0, in.readLine().regionMatches(lines.add(readLine()), in.read(), in.readLine(), in.read(), in.read()), 17.0
12, 35759, -0.5, 1.0, -2.5, 4.5, 74, 0, in.readLine().regionMatches(lines.add(readLine()), in.read(), in.readLine(), in.read(), in.read()), 20.0
12, 35760, -0.5, 1.0, -2.5, 5.0, 74, 0, in.readLine().regionMatches(lines.add(readLine()), in.read(), in.readLine(), in.read(), in.read()), 23.0
12, 35761, -0.5, 1.0, -2.0, 0.0, 0, 0, lines.add(in.readLine()), 3.0
12, 35762, -0.5, 1.0, -2.0, 0.5, 0, 0, lines.add(in.readLine()), 4.0
12, 35763, -0.5, 1.0, -2.0, 1.0, 0, 0, lines.add(in.readLine()), 5.0
12, 35764, -0.5, 1.0, -2.0, 1.5, 0, 0, lines.add(in.readLine()), 6.0
12, 35765, -0.5, 1.0, -2.0, 2.0, 63, 0, System.arraycopy(lines.add(readLine()), in.read(), in.readLine(), in.read(), in.read()), 7.0
12, 35766, -0.5, 1.0, -2.0, 2.5, 9, 0, in.getLines().add(in.readLine()), 8.0
12, 35767, -0.5, 1.0, -2.0, 3.0, 74, 0, in.readLine().regionMatches(lines.add(readLine()), in.read(), in.readLine(), in.read(), in.read()), 12.0
12, 35768, -0.5, 1.0, -2.0, 3.5, 74, 0, in.readLine().regionMatches(lines.add(readLine()), in.read(), in.readLine(), in.read(), in.read()), 15.0
12, 35769, -0.5, 1.0, -2.0, 4.0, 74, 0, in.readLine().regionMatches(lines.add(readLine()), in.read(), in.readLine(), in.read(), in.read()), 18.0
12, 35770, -0.5, 1.0, -2.0, 4.5, 74, 0, in.readLine().regionMatches(lines.add(readLine()), in.read(), in.readLine(), in.read(), in.read()), 21.0
12, 35771, -0.5, 1.0, -2.0, 5.0, 74, 0, in.readLine().regionMatches(lines.add(readLine()), in.read(), in.readLine(), in.read(), in.read()), 24.0
12, 35772, -0.5, 1.0, -1.5, 0.0, 0, 0, lines.add(in.readLine()), 3.0
12, 35773, -0.5, 1.0, -1.5, 0.5, 0, 0, lines.add(in.readLine()), 4.0
12, 35774, -0.5, 1.0, -1.5, 1.0, 0, 0, lines.add(in.readLine()), 5.0
12, 35775, -0.5, 1.0, -1.5, 1.5, 9, 0, in.getLines().add(in.readLine()), 5.5
12, 35776, -0.5, 1.0, -1.5, 2.0, 74, 0, in.readLine().regionMatches(lines.add(readLine()), in.read(), in.readLine(), in.read(), in.read()), 7.0
12, 35777, -0.5, 1.0, -1.5, 2.5, 74, 0, in.readLine().regionMatches(lines.add(readLine()), in.read(), in.readLine(), in.read(), in.read()), 10.0
12, 35778, -0.5, 1.0, -1.5, 3.0, 74, 0, in.readLine().regionMatches(lines.add(readLine()), in.read(), in.readLine(), in.read(), in.read()), 13.0
12, 35779, -0.5, 1.0, -1.5, 3.5, 74, 0, in.readLine().regionMatches(lines.add(readLine()), in.read(), in.readLine(), in.read(), in.read()), 16.0
12, 35780, -0.5, 1.0, -1.5, 4.0, 74, 0, in.readLine().regionMatches(lines.add(readLine()), in.read(), in.readLine(), in.read(), in.read()), 19.0
12, 35781, -0.5, 1.0, -1.5, 4.5, 74, 0, in.readLine().regionMatches(lines.add(readLine()), in.read(), in.readLine(), in.read(), in.read()), 22.0
12, 35782, -0.5, 1.0, -1.5, 5.0, 74, 0, in.readLine().regionMatches(lines.add(readLine()), in.read(), in.readLine(), in.read(), in.read()), 25.0
12, 35783, -0.5, 1.0, -1.0, 0.0, 0, 0, lines.add(in.readLine()), 3.0
12, 35784, -0.5, 1.0, -1.0, 0.5, 0, 0, lines.add(in.readLine()), 4.0
12, 35785, -0.5, 1.0, -1.0, 1.0, 9, 0, in.getLines().add(in.readLine()), 4.5
12, 35786, -0.5, 1.0, -1.0, 1.5, 9, 0, in.getLines().add(in.readLine()), 6.0
12, 35787, -0.5, 1.0, -1.0, 2.0, 74, 0, in.readLine().regionMatches(lines.add(readLine()), in.read(), in.readLine(), in.read(), in.read()), 8.0
12, 35788, -0.5, 1.0, -1.0, 2.5, 74, 0, in.readLine().regionMatches(lines.add(readLine()), in.read(), in.readLine(), in.read(), in.read()), 11.0
12, 35789, -0.5, 1.0, -1.0, 3.0, 74, 0, in.readLine().regionMatches(lines.add(readLine()), in.read(), in.readLine(), in.read(), in.read()), 14.0
12, 35790, -0.5, 1.0, -1.0, 3.5, 74, 0, in.readLine().regionMatches(lines.add(readLine()), in.read(), in.readLine(), in.read(), in.read()), 17.0
12, 35791, -0.5, 1.0, -1.0, 4.0, 74, 0, in.readLine().regionMatches(lines.add(readLine()), in.read(), in.readLine(), in.read(), in.read()), 20.0
12, 35792, -0.5, 1.0, -1.0, 4.5, 74, 0, in.readLine().regionMatches(lines.add(readLine()), in.read(), in.readLine(), in.read(), in.read()), 23.0
12, 35793, -0.5, 1.0, -1.0, 5.0, 74, 0, in.readLine().regionMatches(lines.add(readLine()), in.read(), in.readLine(), in.read(), in.read()), 26.0
12, 35794, -0.5, 1.0, -0.5, 0.0, 0, 0, lines.add(in.readLine()), 3.0
12, 35795, -0.5, 1.0, -0.5, 0.5, 12, 0, in.getLines().add(readLine()), 3.5
12, 35796, -0.5, 1.0, -0.5, 1.0, 21, 0, new Task12().getLines(in).add(in.readLine()), 4.5
12, 35797, -0.5, 1.0, -0.5, 1.5, 21, 0, new Task12().getLines(in).add(in.readLine()), 6.5
12, 35798, -0.5, 1.0, -0.5, 2.0, 74, 0, in.readLine().regionMatches(lines.add(readLine()), in.read(), in.readLine(), in.read(), in.read()), 9.0
12, 35799, -0.5, 1.0, -0.5, 2.5, 74, 0, in.readLine().regionMatches(lines.add(readLine()), in.read(), in.readLine(), in.read(), in.read()), 12.0
12, 35800, -0.5, 1.0, -0.5, 3.0, 74, 0, in.readLine().regionMatches(lines.add(readLine()), in.read(), in.readLine(), in.read(), in.read()), 15.0
12, 35801, -0.5, 1.0, -0.5, 3.5, 74, 0, in.readLine().regionMatches(lines.add(readLine()), in.read(), in.readLine(), in.read(), in.read()), 18.0
12, 35802, -0.5, 1.0, -0.5, 4.0, 74, 0, in.readLine().regionMatches(lines.add(readLine()), in.read(), in.readLine(), in.read(), in.read()), 21.0
12, 35803, -0.5, 1.0, -0.5, 4.5, 74, 0, in.readLine().regionMatches(lines.add(readLine()), in.read(), in.readLine(), in.read(), in.read()), 24.0
12, 35804, -0.5, 1.0, -0.5, 5.0, 74, 0, in.readLine().regionMatches(lines.add(readLine()), in.read(), in.readLine(), in.read(), in.read()), 27.0
12, 35805, -0.5, 1.0, 0.0, 0.0, 12, 0, in.getLines().add(readLine()), 3.0
12, 35806, -0.5, 1.0, 0.0, 0.5, 24, 0, new Task12().getLines(in).add(readLine()), 4.0
12, 35807, -0.5, 1.0, 0.0, 1.0, 21, 0, new Task12().getLines(in).add(in.readLine()), 6.0
12, 35808, -0.5, 1.0, 0.0, 1.5, 21, 0, new Task12().getLines(in).add(in.readLine()), 8.0
12, 35809, -0.5, 1.0, 0.0, 2.0, 67, 0, in.readLine().regionMatches(lines.addAll(), in.read(), in.readLine(), in.read(), in.read()), 10.5
12, 35810, -0.5, 1.0, 0.0, 2.5, 67, 0, in.readLine().regionMatches(lines.addAll(), in.read(), in.readLine(), in.read(), in.read()), 13.5
12, 35811, -0.5, 1.0, 0.0, 3.0, 67, 0, in.readLine().regionMatches(lines.addAll(), in.read(), in.readLine(), in.read(), in.read()), 16.5
12, 35812, -0.5, 1.0, 0.0, 3.5, 67, 0, in.readLine().regionMatches(lines.addAll(), in.read(), in.readLine(), in.read(), in.read()), 19.5
12, 35813, -0.5, 1.0, 0.0, 4.0, 67, 0, in.readLine().regionMatches(lines.addAll(), in.read(), in.readLine(), in.read(), in.read()), 22.5
12, 35814, -0.5, 1.0, 0.0, 4.5, 67, 0, in.readLine().regionMatches(lines.addAll(), in.read(), in.readLine(), in.read(), in.read()), 25.5
12, 35815, -0.5, 1.0, 0.0, 5.0, 67, 0, in.readLine().regionMatches(lines.addAll(), in.read(), in.readLine(), in.read(), in.read()), 28.5
12, 35816, 0.0, 1.0, -5.0, 0.0, 0, 0, lines.add(in.readLine()), 5.0
12, 35817, 0.0, 1.0, -5.0, 0.5, 0, 0, lines.add(in.readLine()), 6.0
12, 35818, 0.0, 1.0, -5.0, 1.0, 0, 0, lines.add(in.readLine()), 7.0
12, 35819, 0.0, 1.0, -5.0, 1.5, 0, 0, lines.add(in.readLine()), 8.0
12, 35820, 0.0, 1.0, -5.0, 2.0, 71, 0, System.arraycopy(lines.add(readLine()), in.read(), lines.add(readLine()), in.read(), in.read()), 10.0
12, 35821, 0.0, 1.0, -5.0, 2.5, 71, 0, System.arraycopy(lines.add(readLine()), in.read(), lines.add(readLine()), in.read(), in.read()), 12.5
12, 35822, 0.0, 1.0, -5.0, 3.0, 71, 0, System.arraycopy(lines.add(readLine()), in.read(), lines.add(readLine()), in.read(), in.read()), 15.0
12, 35823, 0.0, 1.0, -5.0, 3.5, 71, 0, System.arraycopy(lines.add(readLine()), in.read(), lines.add(readLine()), in.read(), in.read()), 17.5
12, 35824, 0.0, 1.0, -5.0, 4.0, 71, 0, System.arraycopy(lines.add(readLine()), in.read(), lines.add(readLine()), in.read(), in.read()), 20.0
12, 35825, 0.0, 1.0, -5.0, 4.5, 71, 0, System.arraycopy(lines.add(readLine()), in.read(), lines.add(readLine()), in.read(), in.read()), 22.5
12, 35826, 0.0, 1.0, -5.0, 5.0, 71, 0, System.arraycopy(lines.add(readLine()), in.read(), lines.add(readLine()), in.read(), in.read()), 25.0
12, 35827, 0.0, 1.0, -4.5, 0.0, 0, 0, lines.add(in.readLine()), 5.0
12, 35828, 0.0, 1.0, -4.5, 0.5, 0, 0, lines.add(in.readLine()), 6.0
12, 35829, 0.0, 1.0, -4.5, 1.0, 0, 0, lines.add(in.readLine()), 7.0
12, 35830, 0.0, 1.0, -4.5, 1.5, 0, 0, lines.add(in.readLine()), 8.0
12, 35831, 0.0, 1.0, -4.5, 2.0, 71, 0, System.arraycopy(lines.add(readLine()), in.read(), lines.add(readLine()), in.read(), in.read()), 10.5
12, 35832, 0.0, 1.0, -4.5, 2.5, 71, 0, System.arraycopy(lines.add(readLine()), in.read(), lines.add(readLine()), in.read(), in.read()), 13.0
12, 35833, 0.0, 1.0, -4.5, 3.0, 71, 0, System.arraycopy(lines.add(readLine()), in.read(), lines.add(readLine()), in.read(), in.read()), 15.5
12, 35834, 0.0, 1.0, -4.5, 3.5, 71, 0, System.arraycopy(lines.add(readLine()), in.read(), lines.add(readLine()), in.read(), in.read()), 18.0
12, 35835, 0.0, 1.0, -4.5, 4.0, 71, 0, System.arraycopy(lines.add(readLine()), in.read(), lines.add(readLine()), in.read(), in.read()), 20.5
12, 35836, 0.0, 1.0, -4.5, 4.5, 71, 0, System.arraycopy(lines.add(readLine()), in.read(), lines.add(readLine()), in.read(), in.read()), 23.0
12, 35837, 0.0, 1.0, -4.5, 5.0, 71, 0, System.arraycopy(lines.add(readLine()), in.read(), lines.add(readLine()), in.read(), in.read()), 25.5
12, 35838, 0.0, 1.0, -4.0, 0.0, 0, 0, lines.add(in.readLine()), 5.0
12, 35839, 0.0, 1.0, -4.0, 0.5, 0, 0, lines.add(in.readLine()), 6.0
12, 35840, 0.0, 1.0, -4.0, 1.0, 0, 0, lines.add(in.readLine()), 7.0
12, 35841, 0.0, 1.0, -4.0, 1.5, 71, 0, System.arraycopy(lines.add(readLine()), in.read(), lines.add(readLine()), in.read(), in.read()), 8.5
12, 35842, 0.0, 1.0, -4.0, 2.0, 71, 0, System.arraycopy(lines.add(readLine()), in.read(), lines.add(readLine()), in.read(), in.read()), 11.0
12, 35843, 0.0, 1.0, -4.0, 2.5, 71, 0, System.arraycopy(lines.add(readLine()), in.read(), lines.add(readLine()), in.read(), in.read()), 13.5
12, 35844, 0.0, 1.0, -4.0, 3.0, 71, 0, System.arraycopy(lines.add(readLine()), in.read(), lines.add(readLine()), in.read(), in.read()), 16.0
12, 35845, 0.0, 1.0, -4.0, 3.5, 71, 0, System.arraycopy(lines.add(readLine()), in.read(), lines.add(readLine()), in.read(), in.read()), 18.5
12, 35846, 0.0, 1.0, -4.0, 4.0, 71, 0, System.arraycopy(lines.add(readLine()), in.read(), lines.add(readLine()), in.read(), in.read()), 21.0
12, 35847, 0.0, 1.0, -4.0, 4.5, 59, 0, lines.add(readLine()).regionMatches(in.read(), in.readLine(), in.read(), in.read()), 19.5
12, 35848, 0.0, 1.0, -4.0, 5.0, 59, 0, lines.add(readLine()).regionMatches(in.read(), in.readLine(), in.read(), in.read()), 22.0
12, 35849, 0.0, 1.0, -3.5, 0.0, 0, 0, lines.add(in.readLine()), 5.0
12, 35850, 0.0, 1.0, -3.5, 0.5, 0, 0, lines.add(in.readLine()), 6.0
12, 35851, 0.0, 1.0, -3.5, 1.0, 0, 0, lines.add(in.readLine()), 7.0
12, 35852, 0.0, 1.0, -3.5, 1.5, 71, 0, System.arraycopy(lines.add(readLine()), in.read(), lines.add(readLine()), in.read(), in.read()), 9.0
12, 35853, 0.0, 1.0, -3.5, 2.0, 71, 0, System.arraycopy(lines.add(readLine()), in.read(), lines.add(readLine()), in.read(), in.read()), 11.5
12, 35854, 0.0, 1.0, -3.5, 2.5, 71, 0, System.arraycopy(lines.add(readLine()), in.read(), lines.add(readLine()), in.read(), in.read()), 14.0
12, 35855, 0.0, 1.0, -3.5, 3.0, 71, 0, System.arraycopy(lines.add(readLine()), in.read(), lines.add(readLine()), in.read(), in.read()), 16.5
12, 35856, 0.0, 1.0, -3.5, 3.5, 59, 0, lines.add(readLine()).regionMatches(in.read(), in.readLine(), in.read(), in.read()), 15.5
12, 35857, 0.0, 1.0, -3.5, 4.0, 59, 0, lines.add(readLine()).regionMatches(in.read(), in.readLine(), in.read(), in.read()), 18.0
12, 35858, 0.0, 1.0, -3.5, 4.5, 74, 0, in.readLine().regionMatches(lines.add(readLine()), in.read(), in.readLine(), in.read(), in.read()), 25.0
12, 35859, 0.0, 1.0, -3.5, 5.0, 74, 0, in.readLine().regionMatches(lines.add(readLine()), in.read(), in.readLine(), in.read(), in.read()), 28.0
12, 35860, 0.0, 1.0, -3.0, 0.0, 0, 0, lines.add(in.readLine()), 5.0
12, 35861, 0.0, 1.0, -3.0, 0.5, 0, 0, lines.add(in.readLine()), 6.0
12, 35862, 0.0, 1.0, -3.0, 1.0, 0, 0, lines.add(in.readLine()), 7.0
12, 35863, 0.0, 1.0, -3.0, 1.5, 71, 0, System.arraycopy(lines.add(readLine()), in.read(), lines.add(readLine()), in.read(), in.read()), 9.5
12, 35864, 0.0, 1.0, -3.0, 2.0, 71, 0, System.arraycopy(lines.add(readLine()), in.read(), lines.add(readLine()), in.read(), in.read()), 12.0
12, 35865, 0.0, 1.0, -3.0, 2.5, 59, 0, lines.add(readLine()).regionMatches(in.read(), in.readLine(), in.read(), in.read()), 11.5
12, 35866, 0.0, 1.0, -3.0, 3.0, 59, 0, lines.add(readLine()).regionMatches(in.read(), in.readLine(), in.read(), in.read()), 14.0
12, 35867, 0.0, 1.0, -3.0, 3.5, 74, 0, in.readLine().regionMatches(lines.add(readLine()), in.read(), in.readLine(), in.read(), in.read()), 20.0
12, 35868, 0.0, 1.0, -3.0, 4.0, 74, 0, in.readLine().regionMatches(lines.add(readLine()), in.read(), in.readLine(), in.read(), in.read()), 23.0
12, 35869, 0.0, 1.0, -3.0, 4.5, 74, 0, in.readLine().regionMatches(lines.add(readLine()), in.read(), in.readLine(), in.read(), in.read()), 26.0
12, 35870, 0.0, 1.0, -3.0, 5.0, 74, 0, in.readLine().regionMatches(lines.add(readLine()), in.read(), in.readLine(), in.read(), in.read()), 29.0
12, 35871, 0.0, 1.0, -2.5, 0.0, 0, 0, lines.add(in.readLine()), 5.0
12, 35872, 0.0, 1.0, -2.5, 0.5, 0, 0, lines.add(in.readLine()), 6.0
12, 35873, 0.0, 1.0, -2.5, 1.0, 71, 0, System.arraycopy(lines.add(readLine()), in.read(), lines.add(readLine()), in.read(), in.read()), 7.5
12, 35874, 0.0, 1.0, -2.5, 1.5, 0, 0, lines.add(in.readLine()), 8.0
12, 35875, 0.0, 1.0, -2.5, 2.0, 59, 0, lines.add(readLine()).regionMatches(in.read(), in.readLine(), in.read(), in.read()), 10.0
12, 35876, 0.0, 1.0, -2.5, 2.5, 74, 0, in.readLine().regionMatches(lines.add(readLine()), in.read(), in.readLine(), in.read(), in.read()), 15.0
12, 35877, 0.0, 1.0, -2.5, 3.0, 74, 0, in.readLine().regionMatches(lines.add(readLine()), in.read(), in.readLine(), in.read(), in.read()), 18.0
12, 35878, 0.0, 1.0, -2.5, 3.5, 74, 0, in.readLine().regionMatches(lines.add(readLine()), in.read(), in.readLine(), in.read(), in.read()), 21.0
12, 35879, 0.0, 1.0, -2.5, 4.0, 74, 0, in.readLine().regionMatches(lines.add(readLine()), in.read(), in.readLine(), in.read(), in.read()), 24.0
12, 35880, 0.0, 1.0, -2.5, 4.5, 74, 0, in.readLine().regionMatches(lines.add(readLine()), in.read(), in.readLine(), in.read(), in.read()), 27.0
12, 35881, 0.0, 1.0, -2.5, 5.0, 74, 0, in.readLine().regionMatches(lines.add(readLine()), in.read(), in.readLine(), in.read(), in.read()), 30.0
12, 35882, 0.0, 1.0, -2.0, 0.0, 0, 0, lines.add(in.readLine()), 5.0
12, 35883, 0.0, 1.0, -2.0, 0.5, 0, 0, lines.add(in.readLine()), 6.0
12, 35884, 0.0, 1.0, -2.0, 1.0, 0, 0, lines.add(in.readLine()), 7.0
12, 35885, 0.0, 1.0, -2.0, 1.5, 74, 0, in.readLine().regionMatches(lines.add(readLine()), in.read(), in.readLine(), in.read(), in.read()), 10.0
12, 35886, 0.0, 1.0, -2.0, 2.0, 74, 0, in.readLine().regionMatches(lines.add(readLine()), in.read(), in.readLine(), in.read(), in.read()), 13.0
12, 35887, 0.0, 1.0, -2.0, 2.5, 74, 0, in.readLine().regionMatches(lines.add(readLine()), in.read(), in.readLine(), in.read(), in.read()), 16.0
12, 35888, 0.0, 1.0, -2.0, 3.0, 74, 0, in.readLine().regionMatches(lines.add(readLine()), in.read(), in.readLine(), in.read(), in.read()), 19.0
12, 35889, 0.0, 1.0, -2.0, 3.5, 74, 0, in.readLine().regionMatches(lines.add(readLine()), in.read(), in.readLine(), in.read(), in.read()), 22.0
12, 35890, 0.0, 1.0, -2.0, 4.0, 74, 0, in.readLine().regionMatches(lines.add(readLine()), in.read(), in.readLine(), in.read(), in.read()), 25.0
12, 35891, 0.0, 1.0, -2.0, 4.5, 74, 0, in.readLine().regionMatches(lines.add(readLine()), in.read(), in.readLine(), in.read(), in.read()), 28.0
12, 35892, 0.0, 1.0, -2.0, 5.0, 74, 0, in.readLine().regionMatches(lines.add(readLine()), in.read(), in.readLine(), in.read(), in.read()), 31.0
12, 35893, 0.0, 1.0, -1.5, 0.0, 0, 0, lines.add(in.readLine()), 5.0
12, 35894, 0.0, 1.0, -1.5, 0.5, 0, 0, lines.add(in.readLine()), 6.0
12, 35895, 0.0, 1.0, -1.5, 1.0, 74, 0, in.readLine().regionMatches(lines.add(readLine()), in.read(), in.readLine(), in.read(), in.read()), 8.0
12, 35896, 0.0, 1.0, -1.5, 1.5, 74, 0, in.readLine().regionMatches(lines.add(readLine()), in.read(), in.readLine(), in.read(), in.read()), 11.0
12, 35897, 0.0, 1.0, -1.5, 2.0, 74, 0, in.readLine().regionMatches(lines.add(readLine()), in.read(), in.readLine(), in.read(), in.read()), 14.0
12, 35898, 0.0, 1.0, -1.5, 2.5, 74, 0, in.readLine().regionMatches(lines.add(readLine()), in.read(), in.readLine(), in.read(), in.read()), 17.0
12, 35899, 0.0, 1.0, -1.5, 3.0, 74, 0, in.readLine().regionMatches(lines.add(readLine()), in.read(), in.readLine(), in.read(), in.read()), 20.0
12, 35900, 0.0, 1.0, -1.5, 3.5, 74, 0, in.readLine().regionMatches(lines.add(readLine()), in.read(), in.readLine(), in.read(), in.read()), 23.0
12, 35901, 0.0, 1.0, -1.5, 4.0, 74, 0, in.readLine().regionMatches(lines.add(readLine()), in.read(), in.readLine(), in.read(), in.read()), 26.0
12, 35902, 0.0, 1.0, -1.5, 4.5, 74, 0, in.readLine().regionMatches(lines.add(readLine()), in.read(), in.readLine(), in.read(), in.read()), 29.0
12, 35903, 0.0, 1.0, -1.5, 5.0, 74, 0, in.readLine().regionMatches(lines.add(readLine()), in.read(), in.readLine(), in.read(), in.read()), 32.0
12, 35904, 0.0, 1.0, -1.0, 0.0, 0, 0, lines.add(in.readLine()), 5.0
12, 35905, 0.0, 1.0, -1.0, 0.5, 74, 0, in.readLine().regionMatches(lines.add(readLine()), in.read(), in.readLine(), in.read(), in.read()), 6.0
12, 35906, 0.0, 1.0, -1.0, 1.0, 74, 0, in.readLine().regionMatches(lines.add(readLine()), in.read(), in.readLine(), in.read(), in.read()), 9.0
12, 35907, 0.0, 1.0, -1.0, 1.5, 74, 0, in.readLine().regionMatches(lines.add(readLine()), in.read(), in.readLine(), in.read(), in.read()), 12.0
12, 35908, 0.0, 1.0, -1.0, 2.0, 74, 0, in.readLine().regionMatches(lines.add(readLine()), in.read(), in.readLine(), in.read(), in.read()), 15.0
12, 35909, 0.0, 1.0, -1.0, 2.5, 74, 0, in.readLine().regionMatches(lines.add(readLine()), in.read(), in.readLine(), in.read(), in.read()), 18.0
12, 35910, 0.0, 1.0, -1.0, 3.0, 74, 0, in.readLine().regionMatches(lines.add(readLine()), in.read(), in.readLine(), in.read(), in.read()), 21.0
12, 35911, 0.0, 1.0, -1.0, 3.5, 74, 0, in.readLine().regionMatches(lines.add(readLine()), in.read(), in.readLine(), in.read(), in.read()), 24.0
12, 35912, 0.0, 1.0, -1.0, 4.0, 74, 0, in.readLine().regionMatches(lines.add(readLine()), in.read(), in.readLine(), in.read(), in.read()), 27.0
12, 35913, 0.0, 1.0, -1.0, 4.5, 74, 0, in.readLine().regionMatches(lines.add(readLine()), in.read(), in.readLine(), in.read(), in.read()), 30.0
12, 35914, 0.0, 1.0, -1.0, 5.0, 74, 0, in.readLine().regionMatches(lines.add(readLine()), in.read(), in.readLine(), in.read(), in.read()), 33.0
12, 35915, 0.0, 1.0, -0.5, 0.0, 19, 0, lines.add(readLine()).equals(in.readLine()), 4.5
12, 35916, 0.0, 1.0, -0.5, 0.5, 74, 0, in.readLine().regionMatches(lines.add(readLine()), in.read(), in.readLine(), in.read(), in.read()), 7.0
12, 35917, 0.0, 1.0, -0.5, 1.0, 74, 0, in.readLine().regionMatches(lines.add(readLine()), in.read(), in.readLine(), in.read(), in.read()), 10.0
12, 35918, 0.0, 1.0, -0.5, 1.5, 74, 0, in.readLine().regionMatches(lines.add(readLine()), in.read(), in.readLine(), in.read(), in.read()), 13.0
12, 35919, 0.0, 1.0, -0.5, 2.0, 74, 0, in.readLine().regionMatches(lines.add(readLine()), in.read(), in.readLine(), in.read(), in.read()), 16.0
12, 35920, 0.0, 1.0, -0.5, 2.5, 74, 0, in.readLine().regionMatches(lines.add(readLine()), in.read(), in.readLine(), in.read(), in.read()), 19.0
12, 35921, 0.0, 1.0, -0.5, 3.0, 74, 0, in.readLine().regionMatches(lines.add(readLine()), in.read(), in.readLine(), in.read(), in.read()), 22.0
12, 35922, 0.0, 1.0, -0.5, 3.5, 74, 0, in.readLine().regionMatches(lines.add(readLine()), in.read(), in.readLine(), in.read(), in.read()), 25.0
12, 35923, 0.0, 1.0, -0.5, 4.0, 74, 0, in.readLine().regionMatches(lines.add(readLine()), in.read(), in.readLine(), in.read(), in.read()), 28.0
12, 35924, 0.0, 1.0, -0.5, 4.5, 74, 0, in.readLine().regionMatches(lines.add(readLine()), in.read(), in.readLine(), in.read(), in.read()), 31.0
12, 35925, 0.0, 1.0, -0.5, 5.0, 74, 0, in.readLine().regionMatches(lines.add(readLine()), in.read(), in.readLine(), in.read(), in.read()), 34.0
12, 35926, 0.0, 1.0, 0.0, 0.0, 69, 0, new IllegalArgumentException(readLine(), fillInStackTrace()).equals(lines.add(readLine())), 5.0
12, 35927, 0.0, 1.0, 0.0, 0.5, 134, 0, in.readLine().regionMatches(lines.add(readLine()), lines.lastIndexOf(readLine()), in.readLine(), lines.lastIndexOf(readLine()), lines.lastIndexOf(readLine())), 8.0
12, 35928, 0.0, 1.0, 0.0, 1.0, 134, 0, in.readLine().regionMatches(lines.add(readLine()), lines.lastIndexOf(readLine()), in.readLine(), lines.lastIndexOf(readLine()), lines.lastIndexOf(readLine())), 11.0
12, 35929, 0.0, 1.0, 0.0, 1.5, 134, 0, in.readLine().regionMatches(lines.add(readLine()), lines.lastIndexOf(readLine()), in.readLine(), lines.lastIndexOf(readLine()), lines.lastIndexOf(readLine())), 14.0
12, 35930, 0.0, 1.0, 0.0, 2.0, 134, 0, in.readLine().regionMatches(lines.add(readLine()), lines.lastIndexOf(readLine()), in.readLine(), lines.lastIndexOf(readLine()), lines.lastIndexOf(readLine())), 17.0
12, 35931, 0.0, 1.0, 0.0, 2.5, 134, 0, in.readLine().regionMatches(lines.add(readLine()), lines.lastIndexOf(readLine()), in.readLine(), lines.lastIndexOf(readLine()), lines.lastIndexOf(readLine())), 20.0
12, 35932, 0.0, 1.0, 0.0, 3.0, 134, 0, in.readLine().regionMatches(lines.add(readLine()), lines.lastIndexOf(readLine()), in.readLine(), lines.lastIndexOf(readLine()), lines.lastIndexOf(readLine())), 23.0
12, 35933, 0.0, 1.0, 0.0, 3.5, 134, 0, in.readLine().regionMatches(lines.add(readLine()), lines.lastIndexOf(readLine()), in.readLine(), lines.lastIndexOf(readLine()), lines.lastIndexOf(readLine())), 26.0
12, 35934, 0.0, 1.0, 0.0, 4.0, 134, 0, in.readLine().regionMatches(lines.add(readLine()), lines.lastIndexOf(readLine()), in.readLine(), lines.lastIndexOf(readLine()), lines.lastIndexOf(readLine())), 29.0
12, 35935, 0.0, 1.0, 0.0, 4.5, 134, 0, in.readLine().regionMatches(lines.add(readLine()), lines.lastIndexOf(readLine()), in.readLine(), lines.lastIndexOf(readLine()), lines.lastIndexOf(readLine())), 32.0
12, 35936, 0.0, 1.0, 0.0, 5.0, 134, 0, in.readLine().regionMatches(lines.add(readLine()), lines.lastIndexOf(readLine()), in.readLine(), lines.lastIndexOf(readLine()), lines.lastIndexOf(readLine())), 35.0
