14, 15972, -5.0, 1.0, -5.0, 0.0, 6, 0, toLowerCase(), -2.0
14, 15973, -5.0, 1.0, -5.0, 0.5, 6, 0, toLowerCase(), -2.0
14, 15974, -5.0, 1.0, -5.0, 1.0, 6, 0, toLowerCase(), -2.0
14, 15975, -5.0, 1.0, -5.0, 1.5, 6, 0, toLowerCase(), -2.0
14, 15976, -5.0, 1.0, -5.0, 2.0, 6, 0, toLowerCase(), -2.0
14, 15977, -5.0, 1.0, -5.0, 2.5, 6, 1, toLowerCase(), -2.0
14, 15978, -5.0, 1.0, -5.0, 3.0, 6, 1, toLowerCase(), -2.0
14, 15979, -5.0, 1.0, -5.0, 3.5, 6, 1, toLowerCase(), -2.0
14, 15980, -5.0, 1.0, -5.0, 4.0, 6, 1, toLowerCase(), -2.0
14, 15981, -5.0, 1.0, -5.0, 4.5, 6, 1, toLowerCase(), -2.0
14, 15982, -5.0, 1.0, -5.0, 5.0, 6, 1, toLowerCase(), -2.0
14, 15983, -5.0, 1.0, -4.5, 0.0, 6, 0, toLowerCase(), -2.0
14, 15984, -5.0, 1.0, -4.5, 0.5, 6, 0, toLowerCase(), -2.0
14, 15985, -5.0, 1.0, -4.5, 1.0, 6, 0, toLowerCase(), -2.0
14, 15986, -5.0, 1.0, -4.5, 1.5, 6, 0, toLowerCase(), -2.0
14, 15987, -5.0, 1.0, -4.5, 2.0, 6, 0, toLowerCase(), -2.0
14, 15988, -5.0, 1.0, -4.5, 2.5, 6, 1, toLowerCase(), -2.0
14, 15989, -5.0, 1.0, -4.5, 3.0, 6, 1, toLowerCase(), -2.0
14, 15990, -5.0, 1.0, -4.5, 3.5, 6, 1, toLowerCase(), -2.0
14, 15991, -5.0, 1.0, -4.5, 4.0, 6, 1, toLowerCase(), -2.0
14, 15992, -5.0, 1.0, -4.5, 4.5, 6, 1, toLowerCase(), -2.0
14, 15993, -5.0, 1.0, -4.5, 5.0, 6, 1, toLowerCase(), -2.0
14, 15994, -5.0, 1.0, -4.0, 0.0, 6, 0, toLowerCase(), -2.0
14, 15995, -5.0, 1.0, -4.0, 0.5, 6, 0, toLowerCase(), -2.0
14, 15996, -5.0, 1.0, -4.0, 1.0, 6, 0, toLowerCase(), -2.0
14, 15997, -5.0, 1.0, -4.0, 1.5, 6, 0, toLowerCase(), -2.0
14, 15998, -5.0, 1.0, -4.0, 2.0, 6, 0, toLowerCase(), -2.0
14, 15999, -5.0, 1.0, -4.0, 2.5, 6, 1, toLowerCase(), -2.0
14, 16000, -5.0, 1.0, -4.0, 3.0, 6, 1, toLowerCase(), -2.0
14, 16001, -5.0, 1.0, -4.0, 3.5, 6, 1, toLowerCase(), -2.0
14, 16002, -5.0, 1.0, -4.0, 4.0, 6, 1, toLowerCase(), -2.0
14, 16003, -5.0, 1.0, -4.0, 4.5, 6, 1, toLowerCase(), -2.0
14, 16004, -5.0, 1.0, -4.0, 5.0, 6, 1, toLowerCase(), -2.0
14, 16005, -5.0, 1.0, -3.5, 0.0, 6, 0, toLowerCase(), -2.0
14, 16006, -5.0, 1.0, -3.5, 0.5, 6, 0, toLowerCase(), -2.0
14, 16007, -5.0, 1.0, -3.5, 1.0, 6, 0, toLowerCase(), -2.0
14, 16008, -5.0, 1.0, -3.5, 1.5, 6, 0, toLowerCase(), -2.0
14, 16009, -5.0, 1.0, -3.5, 2.0, 6, 0, toLowerCase(), -2.0
14, 16010, -5.0, 1.0, -3.5, 2.5, 6, 1, toLowerCase(), -2.0
14, 16011, -5.0, 1.0, -3.5, 3.0, 6, 1, toLowerCase(), -2.0
14, 16012, -5.0, 1.0, -3.5, 3.5, 6, 1, toLowerCase(), -2.0
14, 16013, -5.0, 1.0, -3.5, 4.0, 6, 1, toLowerCase(), -2.0
14, 16014, -5.0, 1.0, -3.5, 4.5, 6, 1, toLowerCase(), -2.0
14, 16015, -5.0, 1.0, -3.5, 5.0, 6, 1, toLowerCase(), -2.0
14, 16016, -5.0, 1.0, -3.0, 0.0, 6, 0, toLowerCase(), -2.0
14, 16017, -5.0, 1.0, -3.0, 0.5, 6, 0, toLowerCase(), -2.0
14, 16018, -5.0, 1.0, -3.0, 1.0, 6, 0, toLowerCase(), -2.0
14, 16019, -5.0, 1.0, -3.0, 1.5, 6, 0, toLowerCase(), -2.0
14, 16020, -5.0, 1.0, -3.0, 2.0, 6, 0, toLowerCase(), -2.0
14, 16021, -5.0, 1.0, -3.0, 2.5, 6, 1, toLowerCase(), -2.0
14, 16022, -5.0, 1.0, -3.0, 3.0, 6, 1, toLowerCase(), -2.0
14, 16023, -5.0, 1.0, -3.0, 3.5, 6, 1, toLowerCase(), -2.0
14, 16024, -5.0, 1.0, -3.0, 4.0, 6, 1, toLowerCase(), -2.0
14, 16025, -5.0, 1.0, -3.0, 4.5, 6, 1, toLowerCase(), -2.0
14, 16026, -5.0, 1.0, -3.0, 5.0, 6, 1, toLowerCase(), -2.0
14, 16027, -5.0, 1.0, -2.5, 0.0, 6, 0, toLowerCase(), -2.0
14, 16028, -5.0, 1.0, -2.5, 0.5, 6, 0, toLowerCase(), -2.0
14, 16029, -5.0, 1.0, -2.5, 1.0, 6, 0, toLowerCase(), -2.0
14, 16030, -5.0, 1.0, -2.5, 1.5, 6, 0, toLowerCase(), -2.0
14, 16031, -5.0, 1.0, -2.5, 2.0, 6, 0, toLowerCase(), -2.0
14, 16032, -5.0, 1.0, -2.5, 2.5, 6, 1, toLowerCase(), -2.0
14, 16033, -5.0, 1.0, -2.5, 3.0, 6, 1, toLowerCase(), -2.0
14, 16034, -5.0, 1.0, -2.5, 3.5, 6, 1, toLowerCase(), -2.0
14, 16035, -5.0, 1.0, -2.5, 4.0, 6, 1, toLowerCase(), -2.0
14, 16036, -5.0, 1.0, -2.5, 4.5, 6, 1, toLowerCase(), -2.0
14, 16037, -5.0, 1.0, -2.5, 5.0, 6, 1, toLowerCase(), -2.0
14, 16038, -5.0, 1.0, -2.0, 0.0, 6, 0, toLowerCase(), -2.0
14, 16039, -5.0, 1.0, -2.0, 0.5, 6, 0, toLowerCase(), -2.0
14, 16040, -5.0, 1.0, -2.0, 1.0, 6, 0, toLowerCase(), -2.0
14, 16041, -5.0, 1.0, -2.0, 1.5, 6, 0, toLowerCase(), -2.0
14, 16042, -5.0, 1.0, -2.0, 2.0, 6, 0, toLowerCase(), -2.0
14, 16043, -5.0, 1.0, -2.0, 2.5, 6, 1, toLowerCase(), -2.0
14, 16044, -5.0, 1.0, -2.0, 3.0, 6, 1, toLowerCase(), -2.0
14, 16045, -5.0, 1.0, -2.0, 3.5, 6, 1, toLowerCase(), -2.0
14, 16046, -5.0, 1.0, -2.0, 4.0, 6, 1, toLowerCase(), -2.0
14, 16047, -5.0, 1.0, -2.0, 4.5, 6, 1, toLowerCase(), -2.0
14, 16048, -5.0, 1.0, -2.0, 5.0, 6, 1, toLowerCase(), -2.0
14, 16049, -5.0, 1.0, -1.5, 0.0, 6, 0, toLowerCase(), -2.0
14, 16050, -5.0, 1.0, -1.5, 0.5, 6, 0, toLowerCase(), -2.0
14, 16051, -5.0, 1.0, -1.5, 1.0, 6, 0, toLowerCase(), -2.0
14, 16052, -5.0, 1.0, -1.5, 1.5, 6, 0, toLowerCase(), -2.0
14, 16053, -5.0, 1.0, -1.5, 2.0, 6, 0, toLowerCase(), -2.0
14, 16054, -5.0, 1.0, -1.5, 2.5, 6, 1, toLowerCase(), -2.0
14, 16055, -5.0, 1.0, -1.5, 3.0, 6, 1, toLowerCase(), -2.0
14, 16056, -5.0, 1.0, -1.5, 3.5, 6, 1, toLowerCase(), -2.0
14, 16057, -5.0, 1.0, -1.5, 4.0, 6, 1, toLowerCase(), -2.0
14, 16058, -5.0, 1.0, -1.5, 4.5, 6, 1, toLowerCase(), -2.0
14, 16059, -5.0, 1.0, -1.5, 5.0, 6, 1, toLowerCase(), -2.0
14, 16060, -5.0, 1.0, -1.0, 0.0, 6, 0, toLowerCase(), -2.0
14, 16061, -5.0, 1.0, -1.0, 0.5, 6, 0, toLowerCase(), -2.0
14, 16062, -5.0, 1.0, -1.0, 1.0, 6, 0, toLowerCase(), -2.0
14, 16063, -5.0, 1.0, -1.0, 1.5, 6, 0, toLowerCase(), -2.0
14, 16064, -5.0, 1.0, -1.0, 2.0, 6, 0, toLowerCase(), -2.0
14, 16065, -5.0, 1.0, -1.0, 2.5, 6, 1, toLowerCase(), -2.0
14, 16066, -5.0, 1.0, -1.0, 3.0, 6, 1, toLowerCase(), -2.0
14, 16067, -5.0, 1.0, -1.0, 3.5, 6, 1, toLowerCase(), -2.0
14, 16068, -5.0, 1.0, -1.0, 4.0, 6, 1, toLowerCase(), -2.0
14, 16069, -5.0, 1.0, -1.0, 4.5, 6, 1, toLowerCase(), -2.0
14, 16070, -5.0, 1.0, -1.0, 5.0, 6, 1, toLowerCase(), -2.0
14, 16071, -5.0, 1.0, -0.5, 0.0, 6, 0, toLowerCase(), -2.0
14, 16072, -5.0, 1.0, -0.5, 0.5, 6, 0, toLowerCase(), -2.0
14, 16073, -5.0, 1.0, -0.5, 1.0, 6, 0, toLowerCase(), -2.0
14, 16074, -5.0, 1.0, -0.5, 1.5, 6, 0, toLowerCase(), -2.0
14, 16075, -5.0, 1.0, -0.5, 2.0, 6, 0, toLowerCase(), -2.0
14, 16076, -5.0, 1.0, -0.5, 2.5, 6, 1, toLowerCase(), -2.0
14, 16077, -5.0, 1.0, -0.5, 3.0, 6, 1, toLowerCase(), -2.0
14, 16078, -5.0, 1.0, -0.5, 3.5, 6, 1, toLowerCase(), -2.0
14, 16079, -5.0, 1.0, -0.5, 4.0, 6, 1, toLowerCase(), -2.0
14, 16080, -5.0, 1.0, -0.5, 4.5, 6, 1, toLowerCase(), -2.0
14, 16081, -5.0, 1.0, -0.5, 5.0, 6, 1, toLowerCase(), -2.0
14, 16082, -5.0, 1.0, 0.0, 0.0, 6, 0, toLowerCase(), -2.0
14, 16083, -5.0, 1.0, 0.0, 0.5, 6, 0, toLowerCase(), -2.0
14, 16084, -5.0, 1.0, 0.0, 1.0, 6, 0, toLowerCase(), -2.0
14, 16085, -5.0, 1.0, 0.0, 1.5, 6, 0, toLowerCase(), -2.0
14, 16086, -5.0, 1.0, 0.0, 2.0, 6, 0, toLowerCase(), -2.0
14, 16087, -5.0, 1.0, 0.0, 2.5, 6, 1, toLowerCase(), -2.0
14, 16088, -5.0, 1.0, 0.0, 3.0, 6, 1, toLowerCase(), -2.0
14, 16089, -5.0, 1.0, 0.0, 3.5, 6, 1, toLowerCase(), -2.0
14, 16090, -5.0, 1.0, 0.0, 4.0, 6, 1, toLowerCase(), -2.0
14, 16091, -5.0, 1.0, 0.0, 4.5, 6, 1, toLowerCase(), -2.0
14, 16092, -5.0, 1.0, 0.0, 5.0, 6, 1, toLowerCase(), -2.0
14, 16093, -4.5, 1.0, -5.0, 0.0, 6, 0, toLowerCase(), -1.5
14, 16094, -4.5, 1.0, -5.0, 0.5, 6, 0, toLowerCase(), -1.5
14, 16095, -4.5, 1.0, -5.0, 1.0, 6, 0, toLowerCase(), -1.5
14, 16096, -4.5, 1.0, -5.0, 1.5, 6, 0, toLowerCase(), -1.5
14, 16097, -4.5, 1.0, -5.0, 2.0, 6, 0, toLowerCase(), -1.5
14, 16098, -4.5, 1.0, -5.0, 2.5, 6, 1, toLowerCase(), -1.5
14, 16099, -4.5, 1.0, -5.0, 3.0, 6, 1, toLowerCase(), -1.5
14, 16100, -4.5, 1.0, -5.0, 3.5, 6, 1, toLowerCase(), -1.5
14, 16101, -4.5, 1.0, -5.0, 4.0, 6, 1, toLowerCase(), -1.5
14, 16102, -4.5, 1.0, -5.0, 4.5, 6, 1, toLowerCase(), -1.5
14, 16103, -4.5, 1.0, -5.0, 5.0, 6, 1, toLowerCase(), -1.5
14, 16104, -4.5, 1.0, -4.5, 0.0, 6, 0, toLowerCase(), -1.5
14, 16105, -4.5, 1.0, -4.5, 0.5, 6, 0, toLowerCase(), -1.5
14, 16106, -4.5, 1.0, -4.5, 1.0, 6, 0, toLowerCase(), -1.5
14, 16107, -4.5, 1.0, -4.5, 1.5, 6, 0, toLowerCase(), -1.5
14, 16108, -4.5, 1.0, -4.5, 2.0, 6, 0, toLowerCase(), -1.5
14, 16109, -4.5, 1.0, -4.5, 2.5, 6, 1, toLowerCase(), -1.5
14, 16110, -4.5, 1.0, -4.5, 3.0, 6, 1, toLowerCase(), -1.5
14, 16111, -4.5, 1.0, -4.5, 3.5, 6, 1, toLowerCase(), -1.5
14, 16112, -4.5, 1.0, -4.5, 4.0, 6, 1, toLowerCase(), -1.5
14, 16113, -4.5, 1.0, -4.5, 4.5, 6, 1, toLowerCase(), -1.5
14, 16114, -4.5, 1.0, -4.5, 5.0, 6, 1, toLowerCase(), -1.5
14, 16115, -4.5, 1.0, -4.0, 0.0, 6, 0, toLowerCase(), -1.5
14, 16116, -4.5, 1.0, -4.0, 0.5, 6, 0, toLowerCase(), -1.5
14, 16117, -4.5, 1.0, -4.0, 1.0, 6, 0, toLowerCase(), -1.5
14, 16118, -4.5, 1.0, -4.0, 1.5, 6, 0, toLowerCase(), -1.5
14, 16119, -4.5, 1.0, -4.0, 2.0, 6, 0, toLowerCase(), -1.5
14, 16120, -4.5, 1.0, -4.0, 2.5, 6, 1, toLowerCase(), -1.5
14, 16121, -4.5, 1.0, -4.0, 3.0, 6, 1, toLowerCase(), -1.5
14, 16122, -4.5, 1.0, -4.0, 3.5, 6, 1, toLowerCase(), -1.5
14, 16123, -4.5, 1.0, -4.0, 4.0, 6, 1, toLowerCase(), -1.5
14, 16124, -4.5, 1.0, -4.0, 4.5, 6, 1, toLowerCase(), -1.5
14, 16125, -4.5, 1.0, -4.0, 5.0, 6, 1, toLowerCase(), -1.5
14, 16126, -4.5, 1.0, -3.5, 0.0, 6, 0, toLowerCase(), -1.5
14, 16127, -4.5, 1.0, -3.5, 0.5, 6, 0, toLowerCase(), -1.5
14, 16128, -4.5, 1.0, -3.5, 1.0, 6, 0, toLowerCase(), -1.5
14, 16129, -4.5, 1.0, -3.5, 1.5, 6, 0, toLowerCase(), -1.5
14, 16130, -4.5, 1.0, -3.5, 2.0, 6, 0, toLowerCase(), -1.5
14, 16131, -4.5, 1.0, -3.5, 2.5, 6, 1, toLowerCase(), -1.5
14, 16132, -4.5, 1.0, -3.5, 3.0, 6, 1, toLowerCase(), -1.5
14, 16133, -4.5, 1.0, -3.5, 3.5, 6, 1, toLowerCase(), -1.5
14, 16134, -4.5, 1.0, -3.5, 4.0, 6, 1, toLowerCase(), -1.5
14, 16135, -4.5, 1.0, -3.5, 4.5, 6, 1, toLowerCase(), -1.5
14, 16136, -4.5, 1.0, -3.5, 5.0, 6, 1, toLowerCase(), -1.5
14, 16137, -4.5, 1.0, -3.0, 0.0, 6, 0, toLowerCase(), -1.5
14, 16138, -4.5, 1.0, -3.0, 0.5, 6, 0, toLowerCase(), -1.5
14, 16139, -4.5, 1.0, -3.0, 1.0, 6, 0, toLowerCase(), -1.5
14, 16140, -4.5, 1.0, -3.0, 1.5, 6, 0, toLowerCase(), -1.5
14, 16141, -4.5, 1.0, -3.0, 2.0, 6, 0, toLowerCase(), -1.5
14, 16142, -4.5, 1.0, -3.0, 2.5, 6, 1, toLowerCase(), -1.5
14, 16143, -4.5, 1.0, -3.0, 3.0, 6, 1, toLowerCase(), -1.5
14, 16144, -4.5, 1.0, -3.0, 3.5, 6, 1, toLowerCase(), -1.5
14, 16145, -4.5, 1.0, -3.0, 4.0, 6, 1, toLowerCase(), -1.5
14, 16146, -4.5, 1.0, -3.0, 4.5, 6, 1, toLowerCase(), -1.5
14, 16147, -4.5, 1.0, -3.0, 5.0, 6, 1, toLowerCase(), -1.5
14, 16148, -4.5, 1.0, -2.5, 0.0, 6, 0, toLowerCase(), -1.5
14, 16149, -4.5, 1.0, -2.5, 0.5, 6, 0, toLowerCase(), -1.5
14, 16150, -4.5, 1.0, -2.5, 1.0, 6, 0, toLowerCase(), -1.5
14, 16151, -4.5, 1.0, -2.5, 1.5, 6, 0, toLowerCase(), -1.5
14, 16152, -4.5, 1.0, -2.5, 2.0, 6, 0, toLowerCase(), -1.5
14, 16153, -4.5, 1.0, -2.5, 2.5, 6, 1, toLowerCase(), -1.5
14, 16154, -4.5, 1.0, -2.5, 3.0, 6, 1, toLowerCase(), -1.5
14, 16155, -4.5, 1.0, -2.5, 3.5, 6, 1, toLowerCase(), -1.5
14, 16156, -4.5, 1.0, -2.5, 4.0, 6, 1, toLowerCase(), -1.5
14, 16157, -4.5, 1.0, -2.5, 4.5, 6, 1, toLowerCase(), -1.5
14, 16158, -4.5, 1.0, -2.5, 5.0, 6, 1, toLowerCase(), -1.5
14, 16159, -4.5, 1.0, -2.0, 0.0, 6, 0, toLowerCase(), -1.5
14, 16160, -4.5, 1.0, -2.0, 0.5, 6, 0, toLowerCase(), -1.5
14, 16161, -4.5, 1.0, -2.0, 1.0, 6, 0, toLowerCase(), -1.5
14, 16162, -4.5, 1.0, -2.0, 1.5, 6, 0, toLowerCase(), -1.5
14, 16163, -4.5, 1.0, -2.0, 2.0, 6, 0, toLowerCase(), -1.5
14, 16164, -4.5, 1.0, -2.0, 2.5, 6, 1, toLowerCase(), -1.5
14, 16165, -4.5, 1.0, -2.0, 3.0, 6, 1, toLowerCase(), -1.5
14, 16166, -4.5, 1.0, -2.0, 3.5, 6, 1, toLowerCase(), -1.5
14, 16167, -4.5, 1.0, -2.0, 4.0, 6, 1, toLowerCase(), -1.5
14, 16168, -4.5, 1.0, -2.0, 4.5, 6, 1, toLowerCase(), -1.5
14, 16169, -4.5, 1.0, -2.0, 5.0, 6, 1, toLowerCase(), -1.5
14, 16170, -4.5, 1.0, -1.5, 0.0, 6, 0, toLowerCase(), -1.5
14, 16171, -4.5, 1.0, -1.5, 0.5, 6, 0, toLowerCase(), -1.5
14, 16172, -4.5, 1.0, -1.5, 1.0, 6, 0, toLowerCase(), -1.5
14, 16173, -4.5, 1.0, -1.5, 1.5, 6, 0, toLowerCase(), -1.5
14, 16174, -4.5, 1.0, -1.5, 2.0, 6, 0, toLowerCase(), -1.5
14, 16175, -4.5, 1.0, -1.5, 2.5, 6, 1, toLowerCase(), -1.5
14, 16176, -4.5, 1.0, -1.5, 3.0, 6, 1, toLowerCase(), -1.5
14, 16177, -4.5, 1.0, -1.5, 3.5, 6, 1, toLowerCase(), -1.5
14, 16178, -4.5, 1.0, -1.5, 4.0, 6, 1, toLowerCase(), -1.5
14, 16179, -4.5, 1.0, -1.5, 4.5, 6, 1, toLowerCase(), -1.5
14, 16180, -4.5, 1.0, -1.5, 5.0, 6, 1, toLowerCase(), -1.5
14, 16181, -4.5, 1.0, -1.0, 0.0, 6, 0, toLowerCase(), -1.5
14, 16182, -4.5, 1.0, -1.0, 0.5, 6, 0, toLowerCase(), -1.5
14, 16183, -4.5, 1.0, -1.0, 1.0, 6, 0, toLowerCase(), -1.5
14, 16184, -4.5, 1.0, -1.0, 1.5, 6, 0, toLowerCase(), -1.5
14, 16185, -4.5, 1.0, -1.0, 2.0, 6, 0, toLowerCase(), -1.5
14, 16186, -4.5, 1.0, -1.0, 2.5, 6, 1, toLowerCase(), -1.5
14, 16187, -4.5, 1.0, -1.0, 3.0, 6, 1, toLowerCase(), -1.5
14, 16188, -4.5, 1.0, -1.0, 3.5, 6, 1, toLowerCase(), -1.5
14, 16189, -4.5, 1.0, -1.0, 4.0, 6, 1, toLowerCase(), -1.5
14, 16190, -4.5, 1.0, -1.0, 4.5, 6, 1, toLowerCase(), -1.5
14, 16191, -4.5, 1.0, -1.0, 5.0, 6, 1, toLowerCase(), -1.5
14, 16192, -4.5, 1.0, -0.5, 0.0, 6, 0, toLowerCase(), -1.5
14, 16193, -4.5, 1.0, -0.5, 0.5, 6, 0, toLowerCase(), -1.5
14, 16194, -4.5, 1.0, -0.5, 1.0, 6, 0, toLowerCase(), -1.5
14, 16195, -4.5, 1.0, -0.5, 1.5, 6, 0, toLowerCase(), -1.5
14, 16196, -4.5, 1.0, -0.5, 2.0, 6, 0, toLowerCase(), -1.5
14, 16197, -4.5, 1.0, -0.5, 2.5, 6, 1, toLowerCase(), -1.5
14, 16198, -4.5, 1.0, -0.5, 3.0, 6, 1, toLowerCase(), -1.5
14, 16199, -4.5, 1.0, -0.5, 3.5, 6, 1, toLowerCase(), -1.5
14, 16200, -4.5, 1.0, -0.5, 4.0, 6, 1, toLowerCase(), -1.5
14, 16201, -4.5, 1.0, -0.5, 4.5, 6, 1, toLowerCase(), -1.5
14, 16202, -4.5, 1.0, -0.5, 5.0, 6, 1, toLowerCase(), -1.5
14, 16203, -4.5, 1.0, 0.0, 0.0, 6, 0, toLowerCase(), -1.5
14, 16204, -4.5, 1.0, 0.0, 0.5, 6, 0, toLowerCase(), -1.5
14, 16205, -4.5, 1.0, 0.0, 1.0, 6, 0, toLowerCase(), -1.5
14, 16206, -4.5, 1.0, 0.0, 1.5, 6, 0, toLowerCase(), -1.5
14, 16207, -4.5, 1.0, 0.0, 2.0, 6, 0, toLowerCase(), -1.5
14, 16208, -4.5, 1.0, 0.0, 2.5, 6, 1, toLowerCase(), -1.5
14, 16209, -4.5, 1.0, 0.0, 3.0, 6, 1, toLowerCase(), -1.5
14, 16210, -4.5, 1.0, 0.0, 3.5, 6, 1, toLowerCase(), -1.5
14, 16211, -4.5, 1.0, 0.0, 4.0, 6, 1, toLowerCase(), -1.5
14, 16212, -4.5, 1.0, 0.0, 4.5, 6, 1, toLowerCase(), -1.5
14, 16213, -4.5, 1.0, 0.0, 5.0, 6, 1, toLowerCase(), -1.5
14, 16214, -4.0, 1.0, -5.0, 0.0, 6, 0, toLowerCase(), -1.0
14, 16215, -4.0, 1.0, -5.0, 0.5, 6, 0, toLowerCase(), -1.0
14, 16216, -4.0, 1.0, -5.0, 1.0, 6, 0, toLowerCase(), -1.0
14, 16217, -4.0, 1.0, -5.0, 1.5, 6, 0, toLowerCase(), -1.0
14, 16218, -4.0, 1.0, -5.0, 2.0, 6, 0, toLowerCase(), -1.0
14, 16219, -4.0, 1.0, -5.0, 2.5, 6, 1, toLowerCase(), -1.0
14, 16220, -4.0, 1.0, -5.0, 3.0, 6, 1, toLowerCase(), -1.0
14, 16221, -4.0, 1.0, -5.0, 3.5, 6, 1, toLowerCase(), -1.0
14, 16222, -4.0, 1.0, -5.0, 4.0, 6, 1, toLowerCase(), -1.0
14, 16223, -4.0, 1.0, -5.0, 4.5, 0, 1, input.toLowerCase(), 0.5
14, 16224, -4.0, 1.0, -5.0, 5.0, 0, 1, input.toLowerCase(), 1.0
14, 16225, -4.0, 1.0, -4.5, 0.0, 6, 0, toLowerCase(), -1.0
14, 16226, -4.0, 1.0, -4.5, 0.5, 6, 0, toLowerCase(), -1.0
14, 16227, -4.0, 1.0, -4.5, 1.0, 6, 0, toLowerCase(), -1.0
14, 16228, -4.0, 1.0, -4.5, 1.5, 6, 0, toLowerCase(), -1.0
14, 16229, -4.0, 1.0, -4.5, 2.0, 6, 0, toLowerCase(), -1.0
14, 16230, -4.0, 1.0, -4.5, 2.5, 6, 1, toLowerCase(), -1.0
14, 16231, -4.0, 1.0, -4.5, 3.0, 6, 1, toLowerCase(), -1.0
14, 16232, -4.0, 1.0, -4.5, 3.5, 6, 1, toLowerCase(), -1.0
14, 16233, -4.0, 1.0, -4.5, 4.0, 6, 1, toLowerCase(), -1.0
14, 16234, -4.0, 1.0, -4.5, 4.5, 0, 1, input.toLowerCase(), 0.5
14, 16235, -4.0, 1.0, -4.5, 5.0, 0, 1, input.toLowerCase(), 1.0
14, 16236, -4.0, 1.0, -4.0, 0.0, 6, 0, toLowerCase(), -1.0
14, 16237, -4.0, 1.0, -4.0, 0.5, 6, 0, toLowerCase(), -1.0
14, 16238, -4.0, 1.0, -4.0, 1.0, 6, 0, toLowerCase(), -1.0
14, 16239, -4.0, 1.0, -4.0, 1.5, 6, 0, toLowerCase(), -1.0
14, 16240, -4.0, 1.0, -4.0, 2.0, 6, 0, toLowerCase(), -1.0
14, 16241, -4.0, 1.0, -4.0, 2.5, 6, 1, toLowerCase(), -1.0
14, 16242, -4.0, 1.0, -4.0, 3.0, 6, 1, toLowerCase(), -1.0
14, 16243, -4.0, 1.0, -4.0, 3.5, 6, 1, toLowerCase(), -1.0
14, 16244, -4.0, 1.0, -4.0, 4.0, 6, 1, toLowerCase(), -1.0
14, 16245, -4.0, 1.0, -4.0, 4.5, 0, 1, input.toLowerCase(), 0.5
14, 16246, -4.0, 1.0, -4.0, 5.0, 0, 1, input.toLowerCase(), 1.0
14, 16247, -4.0, 1.0, -3.5, 0.0, 6, 0, toLowerCase(), -1.0
14, 16248, -4.0, 1.0, -3.5, 0.5, 6, 0, toLowerCase(), -1.0
14, 16249, -4.0, 1.0, -3.5, 1.0, 6, 0, toLowerCase(), -1.0
14, 16250, -4.0, 1.0, -3.5, 1.5, 6, 0, toLowerCase(), -1.0
14, 16251, -4.0, 1.0, -3.5, 2.0, 6, 0, toLowerCase(), -1.0
14, 16252, -4.0, 1.0, -3.5, 2.5, 6, 1, toLowerCase(), -1.0
14, 16253, -4.0, 1.0, -3.5, 3.0, 6, 1, toLowerCase(), -1.0
14, 16254, -4.0, 1.0, -3.5, 3.5, 6, 1, toLowerCase(), -1.0
14, 16255, -4.0, 1.0, -3.5, 4.0, 6, 1, toLowerCase(), -1.0
14, 16256, -4.0, 1.0, -3.5, 4.5, 0, 1, input.toLowerCase(), 0.5
14, 16257, -4.0, 1.0, -3.5, 5.0, 0, 1, input.toLowerCase(), 1.0
14, 16258, -4.0, 1.0, -3.0, 0.0, 6, 0, toLowerCase(), -1.0
14, 16259, -4.0, 1.0, -3.0, 0.5, 6, 0, toLowerCase(), -1.0
14, 16260, -4.0, 1.0, -3.0, 1.0, 6, 0, toLowerCase(), -1.0
14, 16261, -4.0, 1.0, -3.0, 1.5, 6, 0, toLowerCase(), -1.0
14, 16262, -4.0, 1.0, -3.0, 2.0, 6, 0, toLowerCase(), -1.0
14, 16263, -4.0, 1.0, -3.0, 2.5, 6, 1, toLowerCase(), -1.0
14, 16264, -4.0, 1.0, -3.0, 3.0, 6, 1, toLowerCase(), -1.0
14, 16265, -4.0, 1.0, -3.0, 3.5, 6, 1, toLowerCase(), -1.0
14, 16266, -4.0, 1.0, -3.0, 4.0, 6, 1, toLowerCase(), -1.0
14, 16267, -4.0, 1.0, -3.0, 4.5, 0, 1, input.toLowerCase(), 0.5
14, 16268, -4.0, 1.0, -3.0, 5.0, 0, 1, input.toLowerCase(), 1.0
14, 16269, -4.0, 1.0, -2.5, 0.0, 6, 0, toLowerCase(), -1.0
14, 16270, -4.0, 1.0, -2.5, 0.5, 6, 0, toLowerCase(), -1.0
14, 16271, -4.0, 1.0, -2.5, 1.0, 6, 0, toLowerCase(), -1.0
14, 16272, -4.0, 1.0, -2.5, 1.5, 6, 0, toLowerCase(), -1.0
14, 16273, -4.0, 1.0, -2.5, 2.0, 6, 0, toLowerCase(), -1.0
14, 16274, -4.0, 1.0, -2.5, 2.5, 6, 1, toLowerCase(), -1.0
14, 16275, -4.0, 1.0, -2.5, 3.0, 6, 1, toLowerCase(), -1.0
14, 16276, -4.0, 1.0, -2.5, 3.5, 6, 1, toLowerCase(), -1.0
14, 16277, -4.0, 1.0, -2.5, 4.0, 6, 1, toLowerCase(), -1.0
14, 16278, -4.0, 1.0, -2.5, 4.5, 0, 1, input.toLowerCase(), 0.5
14, 16279, -4.0, 1.0, -2.5, 5.0, 0, 1, input.toLowerCase(), 1.0
14, 16280, -4.0, 1.0, -2.0, 0.0, 6, 0, toLowerCase(), -1.0
14, 16281, -4.0, 1.0, -2.0, 0.5, 6, 0, toLowerCase(), -1.0
14, 16282, -4.0, 1.0, -2.0, 1.0, 6, 0, toLowerCase(), -1.0
14, 16283, -4.0, 1.0, -2.0, 1.5, 6, 0, toLowerCase(), -1.0
14, 16284, -4.0, 1.0, -2.0, 2.0, 6, 0, toLowerCase(), -1.0
14, 16285, -4.0, 1.0, -2.0, 2.5, 6, 1, toLowerCase(), -1.0
14, 16286, -4.0, 1.0, -2.0, 3.0, 6, 1, toLowerCase(), -1.0
14, 16287, -4.0, 1.0, -2.0, 3.5, 6, 1, toLowerCase(), -1.0
14, 16288, -4.0, 1.0, -2.0, 4.0, 6, 1, toLowerCase(), -1.0
14, 16289, -4.0, 1.0, -2.0, 4.5, 0, 1, input.toLowerCase(), 0.5
14, 16290, -4.0, 1.0, -2.0, 5.0, 0, 1, input.toLowerCase(), 1.0
14, 16291, -4.0, 1.0, -1.5, 0.0, 6, 0, toLowerCase(), -1.0
14, 16292, -4.0, 1.0, -1.5, 0.5, 6, 0, toLowerCase(), -1.0
14, 16293, -4.0, 1.0, -1.5, 1.0, 6, 0, toLowerCase(), -1.0
14, 16294, -4.0, 1.0, -1.5, 1.5, 6, 0, toLowerCase(), -1.0
14, 16295, -4.0, 1.0, -1.5, 2.0, 6, 0, toLowerCase(), -1.0
14, 16296, -4.0, 1.0, -1.5, 2.5, 6, 1, toLowerCase(), -1.0
14, 16297, -4.0, 1.0, -1.5, 3.0, 6, 1, toLowerCase(), -1.0
14, 16298, -4.0, 1.0, -1.5, 3.5, 6, 1, toLowerCase(), -1.0
14, 16299, -4.0, 1.0, -1.5, 4.0, 6, 1, toLowerCase(), -1.0
14, 16300, -4.0, 1.0, -1.5, 4.5, 0, 1, input.toLowerCase(), 0.5
14, 16301, -4.0, 1.0, -1.5, 5.0, 0, 1, input.toLowerCase(), 1.0
14, 16302, -4.0, 1.0, -1.0, 0.0, 6, 0, toLowerCase(), -1.0
14, 16303, -4.0, 1.0, -1.0, 0.5, 6, 0, toLowerCase(), -1.0
14, 16304, -4.0, 1.0, -1.0, 1.0, 6, 0, toLowerCase(), -1.0
14, 16305, -4.0, 1.0, -1.0, 1.5, 6, 0, toLowerCase(), -1.0
14, 16306, -4.0, 1.0, -1.0, 2.0, 6, 0, toLowerCase(), -1.0
14, 16307, -4.0, 1.0, -1.0, 2.5, 6, 1, toLowerCase(), -1.0
14, 16308, -4.0, 1.0, -1.0, 3.0, 6, 1, toLowerCase(), -1.0
14, 16309, -4.0, 1.0, -1.0, 3.5, 6, 1, toLowerCase(), -1.0
14, 16310, -4.0, 1.0, -1.0, 4.0, 6, 1, toLowerCase(), -1.0
14, 16311, -4.0, 1.0, -1.0, 4.5, 0, 1, input.toLowerCase(), 0.5
14, 16312, -4.0, 1.0, -1.0, 5.0, 0, 1, input.toLowerCase(), 1.0
14, 16313, -4.0, 1.0, -0.5, 0.0, 6, 0, toLowerCase(), -1.0
14, 16314, -4.0, 1.0, -0.5, 0.5, 6, 0, toLowerCase(), -1.0
14, 16315, -4.0, 1.0, -0.5, 1.0, 6, 0, toLowerCase(), -1.0
14, 16316, -4.0, 1.0, -0.5, 1.5, 6, 0, toLowerCase(), -1.0
14, 16317, -4.0, 1.0, -0.5, 2.0, 6, 0, toLowerCase(), -1.0
14, 16318, -4.0, 1.0, -0.5, 2.5, 6, 1, toLowerCase(), -1.0
14, 16319, -4.0, 1.0, -0.5, 3.0, 6, 1, toLowerCase(), -1.0
14, 16320, -4.0, 1.0, -0.5, 3.5, 6, 1, toLowerCase(), -1.0
14, 16321, -4.0, 1.0, -0.5, 4.0, 6, 1, toLowerCase(), -1.0
14, 16322, -4.0, 1.0, -0.5, 4.5, 0, 1, input.toLowerCase(), 0.5
14, 16323, -4.0, 1.0, -0.5, 5.0, 0, 1, input.toLowerCase(), 1.0
14, 16324, -4.0, 1.0, 0.0, 0.0, 6, 0, toLowerCase(), -1.0
14, 16325, -4.0, 1.0, 0.0, 0.5, 6, 0, toLowerCase(), -1.0
14, 16326, -4.0, 1.0, 0.0, 1.0, 6, 0, toLowerCase(), -1.0
14, 16327, -4.0, 1.0, 0.0, 1.5, 6, 0, toLowerCase(), -1.0
14, 16328, -4.0, 1.0, 0.0, 2.0, 6, 0, toLowerCase(), -1.0
14, 16329, -4.0, 1.0, 0.0, 2.5, 6, 1, toLowerCase(), -1.0
14, 16330, -4.0, 1.0, 0.0, 3.0, 6, 1, toLowerCase(), -1.0
14, 16331, -4.0, 1.0, 0.0, 3.5, 6, 1, toLowerCase(), -1.0
14, 16332, -4.0, 1.0, 0.0, 4.0, 6, 1, toLowerCase(), -1.0
14, 16333, -4.0, 1.0, 0.0, 4.5, 0, 1, input.toLowerCase(), 0.5
14, 16334, -4.0, 1.0, 0.0, 5.0, 0, 1, input.toLowerCase(), 1.0
14, 16335, -3.5, 1.0, -5.0, 0.0, 6, 0, toLowerCase(), -0.5
14, 16336, -3.5, 1.0, -5.0, 0.5, 6, 0, toLowerCase(), -0.5
14, 16337, -3.5, 1.0, -5.0, 1.0, 6, 0, toLowerCase(), -0.5
14, 16338, -3.5, 1.0, -5.0, 1.5, 6, 0, toLowerCase(), -0.5
14, 16339, -3.5, 1.0, -5.0, 2.0, 6, 0, toLowerCase(), -0.5
14, 16340, -3.5, 1.0, -5.0, 2.5, 6, 1, toLowerCase(), -0.5
14, 16341, -3.5, 1.0, -5.0, 3.0, 6, 1, toLowerCase(), -0.5
14, 16342, -3.5, 1.0, -5.0, 3.5, 0, 1, input.toLowerCase(), 0.5
14, 16343, -3.5, 1.0, -5.0, 4.0, 0, 1, input.toLowerCase(), 1.0
14, 16344, -3.5, 1.0, -5.0, 4.5, 0, 1, input.toLowerCase(), 1.5
14, 16345, -3.5, 1.0, -5.0, 5.0, 0, 1, input.toLowerCase(), 2.0
14, 16346, -3.5, 1.0, -4.5, 0.0, 6, 0, toLowerCase(), -0.5
14, 16347, -3.5, 1.0, -4.5, 0.5, 6, 0, toLowerCase(), -0.5
14, 16348, -3.5, 1.0, -4.5, 1.0, 6, 0, toLowerCase(), -0.5
14, 16349, -3.5, 1.0, -4.5, 1.5, 6, 0, toLowerCase(), -0.5
14, 16350, -3.5, 1.0, -4.5, 2.0, 6, 0, toLowerCase(), -0.5
14, 16351, -3.5, 1.0, -4.5, 2.5, 6, 1, toLowerCase(), -0.5
14, 16352, -3.5, 1.0, -4.5, 3.0, 6, 1, toLowerCase(), -0.5
14, 16353, -3.5, 1.0, -4.5, 3.5, 0, 1, input.toLowerCase(), 0.5
14, 16354, -3.5, 1.0, -4.5, 4.0, 0, 1, input.toLowerCase(), 1.0
14, 16355, -3.5, 1.0, -4.5, 4.5, 0, 1, input.toLowerCase(), 1.5
14, 16356, -3.5, 1.0, -4.5, 5.0, 0, 1, input.toLowerCase(), 2.0
14, 16357, -3.5, 1.0, -4.0, 0.0, 6, 0, toLowerCase(), -0.5
14, 16358, -3.5, 1.0, -4.0, 0.5, 6, 0, toLowerCase(), -0.5
14, 16359, -3.5, 1.0, -4.0, 1.0, 6, 0, toLowerCase(), -0.5
14, 16360, -3.5, 1.0, -4.0, 1.5, 6, 0, toLowerCase(), -0.5
14, 16361, -3.5, 1.0, -4.0, 2.0, 6, 0, toLowerCase(), -0.5
14, 16362, -3.5, 1.0, -4.0, 2.5, 6, 1, toLowerCase(), -0.5
14, 16363, -3.5, 1.0, -4.0, 3.0, 6, 1, toLowerCase(), -0.5
14, 16364, -3.5, 1.0, -4.0, 3.5, 0, 1, input.toLowerCase(), 0.5
14, 16365, -3.5, 1.0, -4.0, 4.0, 0, 1, input.toLowerCase(), 1.0
14, 16366, -3.5, 1.0, -4.0, 4.5, 0, 1, input.toLowerCase(), 1.5
14, 16367, -3.5, 1.0, -4.0, 5.0, 0, 1, input.toLowerCase(), 2.0
14, 16368, -3.5, 1.0, -3.5, 0.0, 6, 0, toLowerCase(), -0.5
14, 16369, -3.5, 1.0, -3.5, 0.5, 6, 0, toLowerCase(), -0.5
14, 16370, -3.5, 1.0, -3.5, 1.0, 6, 0, toLowerCase(), -0.5
14, 16371, -3.5, 1.0, -3.5, 1.5, 6, 0, toLowerCase(), -0.5
14, 16372, -3.5, 1.0, -3.5, 2.0, 6, 0, toLowerCase(), -0.5
14, 16373, -3.5, 1.0, -3.5, 2.5, 6, 1, toLowerCase(), -0.5
14, 16374, -3.5, 1.0, -3.5, 3.0, 6, 1, toLowerCase(), -0.5
14, 16375, -3.5, 1.0, -3.5, 3.5, 0, 1, input.toLowerCase(), 0.5
14, 16376, -3.5, 1.0, -3.5, 4.0, 0, 1, input.toLowerCase(), 1.0
14, 16377, -3.5, 1.0, -3.5, 4.5, 0, 1, input.toLowerCase(), 1.5
14, 16378, -3.5, 1.0, -3.5, 5.0, 0, 1, input.toLowerCase(), 2.0
14, 16379, -3.5, 1.0, -3.0, 0.0, 6, 0, toLowerCase(), -0.5
14, 16380, -3.5, 1.0, -3.0, 0.5, 6, 0, toLowerCase(), -0.5
14, 16381, -3.5, 1.0, -3.0, 1.0, 6, 0, toLowerCase(), -0.5
14, 16382, -3.5, 1.0, -3.0, 1.5, 6, 0, toLowerCase(), -0.5
14, 16383, -3.5, 1.0, -3.0, 2.0, 6, 0, toLowerCase(), -0.5
14, 16384, -3.5, 1.0, -3.0, 2.5, 6, 1, toLowerCase(), -0.5
14, 16385, -3.5, 1.0, -3.0, 3.0, 6, 1, toLowerCase(), -0.5
14, 16386, -3.5, 1.0, -3.0, 3.5, 0, 1, input.toLowerCase(), 0.5
14, 16387, -3.5, 1.0, -3.0, 4.0, 0, 1, input.toLowerCase(), 1.0
14, 16388, -3.5, 1.0, -3.0, 4.5, 0, 1, input.toLowerCase(), 1.5
14, 16389, -3.5, 1.0, -3.0, 5.0, 0, 1, input.toLowerCase(), 2.0
14, 16390, -3.5, 1.0, -2.5, 0.0, 6, 0, toLowerCase(), -0.5
14, 16391, -3.5, 1.0, -2.5, 0.5, 6, 0, toLowerCase(), -0.5
14, 16392, -3.5, 1.0, -2.5, 1.0, 6, 0, toLowerCase(), -0.5
14, 16393, -3.5, 1.0, -2.5, 1.5, 6, 0, toLowerCase(), -0.5
14, 16394, -3.5, 1.0, -2.5, 2.0, 6, 0, toLowerCase(), -0.5
14, 16395, -3.5, 1.0, -2.5, 2.5, 6, 1, toLowerCase(), -0.5
14, 16396, -3.5, 1.0, -2.5, 3.0, 6, 1, toLowerCase(), -0.5
14, 16397, -3.5, 1.0, -2.5, 3.5, 0, 1, input.toLowerCase(), 0.5
14, 16398, -3.5, 1.0, -2.5, 4.0, 0, 1, input.toLowerCase(), 1.0
14, 16399, -3.5, 1.0, -2.5, 4.5, 0, 1, input.toLowerCase(), 1.5
14, 16400, -3.5, 1.0, -2.5, 5.0, 0, 1, input.toLowerCase(), 2.0
14, 16401, -3.5, 1.0, -2.0, 0.0, 6, 0, toLowerCase(), -0.5
14, 16402, -3.5, 1.0, -2.0, 0.5, 6, 0, toLowerCase(), -0.5
14, 16403, -3.5, 1.0, -2.0, 1.0, 6, 0, toLowerCase(), -0.5
14, 16404, -3.5, 1.0, -2.0, 1.5, 6, 0, toLowerCase(), -0.5
14, 16405, -3.5, 1.0, -2.0, 2.0, 6, 0, toLowerCase(), -0.5
14, 16406, -3.5, 1.0, -2.0, 2.5, 6, 1, toLowerCase(), -0.5
14, 16407, -3.5, 1.0, -2.0, 3.0, 6, 1, toLowerCase(), -0.5
14, 16408, -3.5, 1.0, -2.0, 3.5, 0, 1, input.toLowerCase(), 0.5
14, 16409, -3.5, 1.0, -2.0, 4.0, 0, 1, input.toLowerCase(), 1.0
14, 16410, -3.5, 1.0, -2.0, 4.5, 0, 1, input.toLowerCase(), 1.5
14, 16411, -3.5, 1.0, -2.0, 5.0, 0, 1, input.toLowerCase(), 2.0
14, 16412, -3.5, 1.0, -1.5, 0.0, 6, 0, toLowerCase(), -0.5
14, 16413, -3.5, 1.0, -1.5, 0.5, 6, 0, toLowerCase(), -0.5
14, 16414, -3.5, 1.0, -1.5, 1.0, 6, 0, toLowerCase(), -0.5
14, 16415, -3.5, 1.0, -1.5, 1.5, 6, 0, toLowerCase(), -0.5
14, 16416, -3.5, 1.0, -1.5, 2.0, 6, 0, toLowerCase(), -0.5
14, 16417, -3.5, 1.0, -1.5, 2.5, 6, 1, toLowerCase(), -0.5
14, 16418, -3.5, 1.0, -1.5, 3.0, 6, 1, toLowerCase(), -0.5
14, 16419, -3.5, 1.0, -1.5, 3.5, 0, 1, input.toLowerCase(), 0.5
14, 16420, -3.5, 1.0, -1.5, 4.0, 0, 1, input.toLowerCase(), 1.0
14, 16421, -3.5, 1.0, -1.5, 4.5, 0, 1, input.toLowerCase(), 1.5
14, 16422, -3.5, 1.0, -1.5, 5.0, 0, 1, input.toLowerCase(), 2.0
14, 16423, -3.5, 1.0, -1.0, 0.0, 6, 0, toLowerCase(), -0.5
14, 16424, -3.5, 1.0, -1.0, 0.5, 6, 0, toLowerCase(), -0.5
14, 16425, -3.5, 1.0, -1.0, 1.0, 6, 0, toLowerCase(), -0.5
14, 16426, -3.5, 1.0, -1.0, 1.5, 6, 0, toLowerCase(), -0.5
14, 16427, -3.5, 1.0, -1.0, 2.0, 6, 0, toLowerCase(), -0.5
14, 16428, -3.5, 1.0, -1.0, 2.5, 6, 1, toLowerCase(), -0.5
14, 16429, -3.5, 1.0, -1.0, 3.0, 6, 1, toLowerCase(), -0.5
14, 16430, -3.5, 1.0, -1.0, 3.5, 0, 1, input.toLowerCase(), 0.5
14, 16431, -3.5, 1.0, -1.0, 4.0, 0, 1, input.toLowerCase(), 1.0
14, 16432, -3.5, 1.0, -1.0, 4.5, 0, 1, input.toLowerCase(), 1.5
14, 16433, -3.5, 1.0, -1.0, 5.0, 0, 1, input.toLowerCase(), 2.0
14, 16434, -3.5, 1.0, -0.5, 0.0, 6, 0, toLowerCase(), -0.5
14, 16435, -3.5, 1.0, -0.5, 0.5, 6, 0, toLowerCase(), -0.5
14, 16436, -3.5, 1.0, -0.5, 1.0, 6, 0, toLowerCase(), -0.5
14, 16437, -3.5, 1.0, -0.5, 1.5, 6, 0, toLowerCase(), -0.5
14, 16438, -3.5, 1.0, -0.5, 2.0, 6, 0, toLowerCase(), -0.5
14, 16439, -3.5, 1.0, -0.5, 2.5, 6, 1, toLowerCase(), -0.5
14, 16440, -3.5, 1.0, -0.5, 3.0, 6, 1, toLowerCase(), -0.5
14, 16441, -3.5, 1.0, -0.5, 3.5, 0, 1, input.toLowerCase(), 0.5
14, 16442, -3.5, 1.0, -0.5, 4.0, 0, 1, input.toLowerCase(), 1.0
14, 16443, -3.5, 1.0, -0.5, 4.5, 0, 1, input.toLowerCase(), 1.5
14, 16444, -3.5, 1.0, -0.5, 5.0, 0, 1, input.toLowerCase(), 2.0
14, 16445, -3.5, 1.0, 0.0, 0.0, 6, 0, toLowerCase(), -0.5
14, 16446, -3.5, 1.0, 0.0, 0.5, 6, 0, toLowerCase(), -0.5
14, 16447, -3.5, 1.0, 0.0, 1.0, 6, 0, toLowerCase(), -0.5
14, 16448, -3.5, 1.0, 0.0, 1.5, 6, 0, toLowerCase(), -0.5
14, 16449, -3.5, 1.0, 0.0, 2.0, 6, 0, toLowerCase(), -0.5
14, 16450, -3.5, 1.0, 0.0, 2.5, 6, 1, toLowerCase(), -0.5
14, 16451, -3.5, 1.0, 0.0, 3.0, 6, 1, toLowerCase(), -0.5
14, 16452, -3.5, 1.0, 0.0, 3.5, 0, 1, input.toLowerCase(), 0.5
14, 16453, -3.5, 1.0, 0.0, 4.0, 0, 1, input.toLowerCase(), 1.0
14, 16454, -3.5, 1.0, 0.0, 4.5, 0, 1, input.toLowerCase(), 1.5
14, 16455, -3.5, 1.0, 0.0, 5.0, 0, 1, input.toLowerCase(), 2.0
14, 16456, -3.0, 1.0, -5.0, 0.0, 6, 0, toLowerCase(), 0.0
14, 16457, -3.0, 1.0, -5.0, 0.5, 6, 0, toLowerCase(), 0.0
14, 16458, -3.0, 1.0, -5.0, 1.0, 6, 0, toLowerCase(), 0.0
14, 16459, -3.0, 1.0, -5.0, 1.5, 6, 0, toLowerCase(), 0.0
14, 16460, -3.0, 1.0, -5.0, 2.0, 6, 0, toLowerCase(), 0.0
14, 16461, -3.0, 1.0, -5.0, 2.5, 0, 0, input.toLowerCase(), 0.5
14, 16462, -3.0, 1.0, -5.0, 3.0, 0, 0, input.toLowerCase(), 1.0
14, 16463, -3.0, 1.0, -5.0, 3.5, 0, 0, input.toLowerCase(), 1.5
14, 16464, -3.0, 1.0, -5.0, 4.0, 0, 0, input.toLowerCase(), 2.0
14, 16465, -3.0, 1.0, -5.0, 4.5, 0, 0, input.toLowerCase(), 2.5
14, 16466, -3.0, 1.0, -5.0, 5.0, 0, 0, input.toLowerCase(), 3.0
14, 16467, -3.0, 1.0, -4.5, 0.0, 6, 0, toLowerCase(), 0.0
14, 16468, -3.0, 1.0, -4.5, 0.5, 6, 0, toLowerCase(), 0.0
14, 16469, -3.0, 1.0, -4.5, 1.0, 6, 0, toLowerCase(), 0.0
14, 16470, -3.0, 1.0, -4.5, 1.5, 6, 0, toLowerCase(), 0.0
14, 16471, -3.0, 1.0, -4.5, 2.0, 6, 0, toLowerCase(), 0.0
14, 16472, -3.0, 1.0, -4.5, 2.5, 0, 0, input.toLowerCase(), 0.5
14, 16473, -3.0, 1.0, -4.5, 3.0, 0, 0, input.toLowerCase(), 1.0
14, 16474, -3.0, 1.0, -4.5, 3.5, 0, 0, input.toLowerCase(), 1.5
14, 16475, -3.0, 1.0, -4.5, 4.0, 0, 0, input.toLowerCase(), 2.0
14, 16476, -3.0, 1.0, -4.5, 4.5, 0, 0, input.toLowerCase(), 2.5
14, 16477, -3.0, 1.0, -4.5, 5.0, 0, 0, input.toLowerCase(), 3.0
14, 16478, -3.0, 1.0, -4.0, 0.0, 6, 0, toLowerCase(), 0.0
14, 16479, -3.0, 1.0, -4.0, 0.5, 6, 0, toLowerCase(), 0.0
14, 16480, -3.0, 1.0, -4.0, 1.0, 6, 0, toLowerCase(), 0.0
14, 16481, -3.0, 1.0, -4.0, 1.5, 6, 0, toLowerCase(), 0.0
14, 16482, -3.0, 1.0, -4.0, 2.0, 6, 0, toLowerCase(), 0.0
14, 16483, -3.0, 1.0, -4.0, 2.5, 0, 0, input.toLowerCase(), 0.5
14, 16484, -3.0, 1.0, -4.0, 3.0, 0, 0, input.toLowerCase(), 1.0
14, 16485, -3.0, 1.0, -4.0, 3.5, 0, 0, input.toLowerCase(), 1.5
14, 16486, -3.0, 1.0, -4.0, 4.0, 0, 0, input.toLowerCase(), 2.0
14, 16487, -3.0, 1.0, -4.0, 4.5, 0, 0, input.toLowerCase(), 2.5
14, 16488, -3.0, 1.0, -4.0, 5.0, 0, 0, input.toLowerCase(), 3.0
14, 16489, -3.0, 1.0, -3.5, 0.0, 6, 0, toLowerCase(), 0.0
14, 16490, -3.0, 1.0, -3.5, 0.5, 6, 0, toLowerCase(), 0.0
14, 16491, -3.0, 1.0, -3.5, 1.0, 6, 0, toLowerCase(), 0.0
14, 16492, -3.0, 1.0, -3.5, 1.5, 6, 0, toLowerCase(), 0.0
14, 16493, -3.0, 1.0, -3.5, 2.0, 6, 0, toLowerCase(), 0.0
14, 16494, -3.0, 1.0, -3.5, 2.5, 0, 0, input.toLowerCase(), 0.5
14, 16495, -3.0, 1.0, -3.5, 3.0, 0, 0, input.toLowerCase(), 1.0
14, 16496, -3.0, 1.0, -3.5, 3.5, 0, 0, input.toLowerCase(), 1.5
14, 16497, -3.0, 1.0, -3.5, 4.0, 0, 0, input.toLowerCase(), 2.0
14, 16498, -3.0, 1.0, -3.5, 4.5, 0, 0, input.toLowerCase(), 2.5
14, 16499, -3.0, 1.0, -3.5, 5.0, 0, 0, input.toLowerCase(), 3.0
14, 16500, -3.0, 1.0, -3.0, 0.0, 6, 0, toLowerCase(), 0.0
14, 16501, -3.0, 1.0, -3.0, 0.5, 6, 0, toLowerCase(), 0.0
14, 16502, -3.0, 1.0, -3.0, 1.0, 6, 0, toLowerCase(), 0.0
14, 16503, -3.0, 1.0, -3.0, 1.5, 6, 0, toLowerCase(), 0.0
14, 16504, -3.0, 1.0, -3.0, 2.0, 6, 0, toLowerCase(), 0.0
14, 16505, -3.0, 1.0, -3.0, 2.5, 0, 0, input.toLowerCase(), 0.5
14, 16506, -3.0, 1.0, -3.0, 3.0, 0, 0, input.toLowerCase(), 1.0
14, 16507, -3.0, 1.0, -3.0, 3.5, 0, 0, input.toLowerCase(), 1.5
14, 16508, -3.0, 1.0, -3.0, 4.0, 0, 0, input.toLowerCase(), 2.0
14, 16509, -3.0, 1.0, -3.0, 4.5, 0, 0, input.toLowerCase(), 2.5
14, 16510, -3.0, 1.0, -3.0, 5.0, 0, 0, input.toLowerCase(), 3.0
14, 16511, -3.0, 1.0, -2.5, 0.0, 6, 0, toLowerCase(), 0.0
14, 16512, -3.0, 1.0, -2.5, 0.5, 6, 0, toLowerCase(), 0.0
14, 16513, -3.0, 1.0, -2.5, 1.0, 6, 0, toLowerCase(), 0.0
14, 16514, -3.0, 1.0, -2.5, 1.5, 6, 0, toLowerCase(), 0.0
14, 16515, -3.0, 1.0, -2.5, 2.0, 6, 0, toLowerCase(), 0.0
14, 16516, -3.0, 1.0, -2.5, 2.5, 0, 0, input.toLowerCase(), 0.5
14, 16517, -3.0, 1.0, -2.5, 3.0, 0, 0, input.toLowerCase(), 1.0
14, 16518, -3.0, 1.0, -2.5, 3.5, 0, 0, input.toLowerCase(), 1.5
14, 16519, -3.0, 1.0, -2.5, 4.0, 0, 0, input.toLowerCase(), 2.0
14, 16520, -3.0, 1.0, -2.5, 4.5, 0, 0, input.toLowerCase(), 2.5
14, 16521, -3.0, 1.0, -2.5, 5.0, 0, 0, input.toLowerCase(), 3.0
14, 16522, -3.0, 1.0, -2.0, 0.0, 6, 0, toLowerCase(), 0.0
14, 16523, -3.0, 1.0, -2.0, 0.5, 6, 0, toLowerCase(), 0.0
14, 16524, -3.0, 1.0, -2.0, 1.0, 6, 0, toLowerCase(), 0.0
14, 16525, -3.0, 1.0, -2.0, 1.5, 6, 0, toLowerCase(), 0.0
14, 16526, -3.0, 1.0, -2.0, 2.0, 6, 0, toLowerCase(), 0.0
14, 16527, -3.0, 1.0, -2.0, 2.5, 0, 0, input.toLowerCase(), 0.5
14, 16528, -3.0, 1.0, -2.0, 3.0, 0, 0, input.toLowerCase(), 1.0
14, 16529, -3.0, 1.0, -2.0, 3.5, 0, 0, input.toLowerCase(), 1.5
14, 16530, -3.0, 1.0, -2.0, 4.0, 0, 0, input.toLowerCase(), 2.0
14, 16531, -3.0, 1.0, -2.0, 4.5, 0, 0, input.toLowerCase(), 2.5
14, 16532, -3.0, 1.0, -2.0, 5.0, 0, 0, input.toLowerCase(), 3.0
14, 16533, -3.0, 1.0, -1.5, 0.0, 6, 0, toLowerCase(), 0.0
14, 16534, -3.0, 1.0, -1.5, 0.5, 6, 0, toLowerCase(), 0.0
14, 16535, -3.0, 1.0, -1.5, 1.0, 6, 0, toLowerCase(), 0.0
14, 16536, -3.0, 1.0, -1.5, 1.5, 6, 0, toLowerCase(), 0.0
14, 16537, -3.0, 1.0, -1.5, 2.0, 6, 0, toLowerCase(), 0.0
14, 16538, -3.0, 1.0, -1.5, 2.5, 0, 0, input.toLowerCase(), 0.5
14, 16539, -3.0, 1.0, -1.5, 3.0, 0, 0, input.toLowerCase(), 1.0
14, 16540, -3.0, 1.0, -1.5, 3.5, 0, 0, input.toLowerCase(), 1.5
14, 16541, -3.0, 1.0, -1.5, 4.0, 0, 0, input.toLowerCase(), 2.0
14, 16542, -3.0, 1.0, -1.5, 4.5, 0, 0, input.toLowerCase(), 2.5
14, 16543, -3.0, 1.0, -1.5, 5.0, 0, 0, input.toLowerCase(), 3.0
14, 16544, -3.0, 1.0, -1.0, 0.0, 6, 0, toLowerCase(), 0.0
14, 16545, -3.0, 1.0, -1.0, 0.5, 6, 0, toLowerCase(), 0.0
14, 16546, -3.0, 1.0, -1.0, 1.0, 6, 0, toLowerCase(), 0.0
14, 16547, -3.0, 1.0, -1.0, 1.5, 6, 0, toLowerCase(), 0.0
14, 16548, -3.0, 1.0, -1.0, 2.0, 6, 0, toLowerCase(), 0.0
14, 16549, -3.0, 1.0, -1.0, 2.5, 0, 0, input.toLowerCase(), 0.5
14, 16550, -3.0, 1.0, -1.0, 3.0, 0, 0, input.toLowerCase(), 1.0
14, 16551, -3.0, 1.0, -1.0, 3.5, 0, 0, input.toLowerCase(), 1.5
14, 16552, -3.0, 1.0, -1.0, 4.0, 0, 0, input.toLowerCase(), 2.0
14, 16553, -3.0, 1.0, -1.0, 4.5, 0, 0, input.toLowerCase(), 2.5
14, 16554, -3.0, 1.0, -1.0, 5.0, 0, 0, input.toLowerCase(), 3.0
14, 16555, -3.0, 1.0, -0.5, 0.0, 6, 0, toLowerCase(), 0.0
14, 16556, -3.0, 1.0, -0.5, 0.5, 6, 0, toLowerCase(), 0.0
14, 16557, -3.0, 1.0, -0.5, 1.0, 6, 0, toLowerCase(), 0.0
14, 16558, -3.0, 1.0, -0.5, 1.5, 6, 0, toLowerCase(), 0.0
14, 16559, -3.0, 1.0, -0.5, 2.0, 6, 0, toLowerCase(), 0.0
14, 16560, -3.0, 1.0, -0.5, 2.5, 0, 0, input.toLowerCase(), 0.5
14, 16561, -3.0, 1.0, -0.5, 3.0, 0, 0, input.toLowerCase(), 1.0
14, 16562, -3.0, 1.0, -0.5, 3.5, 0, 0, input.toLowerCase(), 1.5
14, 16563, -3.0, 1.0, -0.5, 4.0, 0, 0, input.toLowerCase(), 2.0
14, 16564, -3.0, 1.0, -0.5, 4.5, 0, 0, input.toLowerCase(), 2.5
14, 16565, -3.0, 1.0, -0.5, 5.0, 0, 0, input.toLowerCase(), 3.0
14, 16566, -3.0, 1.0, 0.0, 0.0, 6, 0, toLowerCase(), 0.0
14, 16567, -3.0, 1.0, 0.0, 0.5, 6, 0, toLowerCase(), 0.0
14, 16568, -3.0, 1.0, 0.0, 1.0, 6, 0, toLowerCase(), 0.0
14, 16569, -3.0, 1.0, 0.0, 1.5, 6, 0, toLowerCase(), 0.0
14, 16570, -3.0, 1.0, 0.0, 2.0, 6, 0, toLowerCase(), 0.0
14, 16571, -3.0, 1.0, 0.0, 2.5, 0, 0, input.toLowerCase(), 0.5
14, 16572, -3.0, 1.0, 0.0, 3.0, 0, 0, input.toLowerCase(), 1.0
14, 16573, -3.0, 1.0, 0.0, 3.5, 0, 0, input.toLowerCase(), 1.5
14, 16574, -3.0, 1.0, 0.0, 4.0, 0, 0, input.toLowerCase(), 2.0
14, 16575, -3.0, 1.0, 0.0, 4.5, 0, 0, input.toLowerCase(), 2.5
14, 16576, -3.0, 1.0, 0.0, 5.0, 0, 2, input.toLowerCase(), 3.0
14, 16577, -2.5, 1.0, -5.0, 0.0, 6, 0, toLowerCase(), 0.5
14, 16578, -2.5, 1.0, -5.0, 0.5, 6, 0, toLowerCase(), 0.5
14, 16579, -2.5, 1.0, -5.0, 1.0, 6, 0, toLowerCase(), 0.5
14, 16580, -2.5, 1.0, -5.0, 1.5, 0, 0, input.toLowerCase(), 0.5
14, 16581, -2.5, 1.0, -5.0, 2.0, 0, 0, input.toLowerCase(), 1.0
14, 16582, -2.5, 1.0, -5.0, 2.5, 0, 0, input.toLowerCase(), 1.5
14, 16583, -2.5, 1.0, -5.0, 3.0, 0, 0, input.toLowerCase(), 2.0
14, 16584, -2.5, 1.0, -5.0, 3.5, 0, 0, input.toLowerCase(), 2.5
14, 16585, -2.5, 1.0, -5.0, 4.0, 0, 0, input.toLowerCase(), 3.0
14, 16586, -2.5, 1.0, -5.0, 4.5, 0, 0, input.toLowerCase(), 3.5
14, 16587, -2.5, 1.0, -5.0, 5.0, 0, 0, input.toLowerCase(), 4.0
14, 16588, -2.5, 1.0, -4.5, 0.0, 6, 0, toLowerCase(), 0.5
14, 16589, -2.5, 1.0, -4.5, 0.5, 6, 0, toLowerCase(), 0.5
14, 16590, -2.5, 1.0, -4.5, 1.0, 6, 0, toLowerCase(), 0.5
14, 16591, -2.5, 1.0, -4.5, 1.5, 0, 0, input.toLowerCase(), 0.5
14, 16592, -2.5, 1.0, -4.5, 2.0, 0, 0, input.toLowerCase(), 1.0
14, 16593, -2.5, 1.0, -4.5, 2.5, 0, 0, input.toLowerCase(), 1.5
14, 16594, -2.5, 1.0, -4.5, 3.0, 0, 0, input.toLowerCase(), 2.0
14, 16595, -2.5, 1.0, -4.5, 3.5, 0, 0, input.toLowerCase(), 2.5
14, 16596, -2.5, 1.0, -4.5, 4.0, 0, 0, input.toLowerCase(), 3.0
14, 16597, -2.5, 1.0, -4.5, 4.5, 0, 0, input.toLowerCase(), 3.5
14, 16598, -2.5, 1.0, -4.5, 5.0, 0, 0, input.toLowerCase(), 4.0
14, 16599, -2.5, 1.0, -4.0, 0.0, 6, 0, toLowerCase(), 0.5
14, 16600, -2.5, 1.0, -4.0, 0.5, 6, 0, toLowerCase(), 0.5
14, 16601, -2.5, 1.0, -4.0, 1.0, 6, 0, toLowerCase(), 0.5
14, 16602, -2.5, 1.0, -4.0, 1.5, 0, 0, input.toLowerCase(), 0.5
14, 16603, -2.5, 1.0, -4.0, 2.0, 0, 0, input.toLowerCase(), 1.0
14, 16604, -2.5, 1.0, -4.0, 2.5, 0, 0, input.toLowerCase(), 1.5
14, 16605, -2.5, 1.0, -4.0, 3.0, 0, 0, input.toLowerCase(), 2.0
14, 16606, -2.5, 1.0, -4.0, 3.5, 0, 0, input.toLowerCase(), 2.5
14, 16607, -2.5, 1.0, -4.0, 4.0, 0, 0, input.toLowerCase(), 3.0
14, 16608, -2.5, 1.0, -4.0, 4.5, 0, 0, input.toLowerCase(), 3.5
14, 16609, -2.5, 1.0, -4.0, 5.0, 0, 0, input.toLowerCase(), 4.0
14, 16610, -2.5, 1.0, -3.5, 0.0, 6, 0, toLowerCase(), 0.5
14, 16611, -2.5, 1.0, -3.5, 0.5, 6, 0, toLowerCase(), 0.5
14, 16612, -2.5, 1.0, -3.5, 1.0, 6, 0, toLowerCase(), 0.5
14, 16613, -2.5, 1.0, -3.5, 1.5, 0, 0, input.toLowerCase(), 0.5
14, 16614, -2.5, 1.0, -3.5, 2.0, 0, 0, input.toLowerCase(), 1.0
14, 16615, -2.5, 1.0, -3.5, 2.5, 0, 0, input.toLowerCase(), 1.5
14, 16616, -2.5, 1.0, -3.5, 3.0, 0, 0, input.toLowerCase(), 2.0
14, 16617, -2.5, 1.0, -3.5, 3.5, 0, 0, input.toLowerCase(), 2.5
14, 16618, -2.5, 1.0, -3.5, 4.0, 0, 0, input.toLowerCase(), 3.0
14, 16619, -2.5, 1.0, -3.5, 4.5, 0, 0, input.toLowerCase(), 3.5
14, 16620, -2.5, 1.0, -3.5, 5.0, 0, 0, input.toLowerCase(), 4.0
14, 16621, -2.5, 1.0, -3.0, 0.0, 6, 0, toLowerCase(), 0.5
14, 16622, -2.5, 1.0, -3.0, 0.5, 6, 0, toLowerCase(), 0.5
14, 16623, -2.5, 1.0, -3.0, 1.0, 6, 0, toLowerCase(), 0.5
14, 16624, -2.5, 1.0, -3.0, 1.5, 0, 0, input.toLowerCase(), 0.5
14, 16625, -2.5, 1.0, -3.0, 2.0, 0, 0, input.toLowerCase(), 1.0
14, 16626, -2.5, 1.0, -3.0, 2.5, 0, 0, input.toLowerCase(), 1.5
14, 16627, -2.5, 1.0, -3.0, 3.0, 0, 0, input.toLowerCase(), 2.0
14, 16628, -2.5, 1.0, -3.0, 3.5, 0, 0, input.toLowerCase(), 2.5
14, 16629, -2.5, 1.0, -3.0, 4.0, 0, 0, input.toLowerCase(), 3.0
14, 16630, -2.5, 1.0, -3.0, 4.5, 0, 0, input.toLowerCase(), 3.5
14, 16631, -2.5, 1.0, -3.0, 5.0, 0, 0, input.toLowerCase(), 4.0
14, 16632, -2.5, 1.0, -2.5, 0.0, 6, 0, toLowerCase(), 0.5
14, 16633, -2.5, 1.0, -2.5, 0.5, 6, 0, toLowerCase(), 0.5
14, 16634, -2.5, 1.0, -2.5, 1.0, 6, 0, toLowerCase(), 0.5
14, 16635, -2.5, 1.0, -2.5, 1.5, 0, 0, input.toLowerCase(), 0.5
14, 16636, -2.5, 1.0, -2.5, 2.0, 0, 0, input.toLowerCase(), 1.0
14, 16637, -2.5, 1.0, -2.5, 2.5, 0, 0, input.toLowerCase(), 1.5
14, 16638, -2.5, 1.0, -2.5, 3.0, 0, 0, input.toLowerCase(), 2.0
14, 16639, -2.5, 1.0, -2.5, 3.5, 0, 0, input.toLowerCase(), 2.5
14, 16640, -2.5, 1.0, -2.5, 4.0, 0, 0, input.toLowerCase(), 3.0
14, 16641, -2.5, 1.0, -2.5, 4.5, 0, 0, input.toLowerCase(), 3.5
14, 16642, -2.5, 1.0, -2.5, 5.0, 0, 0, input.toLowerCase(), 4.0
14, 16643, -2.5, 1.0, -2.0, 0.0, 6, 0, toLowerCase(), 0.5
14, 16644, -2.5, 1.0, -2.0, 0.5, 6, 0, toLowerCase(), 0.5
14, 16645, -2.5, 1.0, -2.0, 1.0, 6, 0, toLowerCase(), 0.5
14, 16646, -2.5, 1.0, -2.0, 1.5, 0, 0, input.toLowerCase(), 0.5
14, 16647, -2.5, 1.0, -2.0, 2.0, 0, 0, input.toLowerCase(), 1.0
14, 16648, -2.5, 1.0, -2.0, 2.5, 0, 0, input.toLowerCase(), 1.5
14, 16649, -2.5, 1.0, -2.0, 3.0, 0, 0, input.toLowerCase(), 2.0
14, 16650, -2.5, 1.0, -2.0, 3.5, 0, 0, input.toLowerCase(), 2.5
14, 16651, -2.5, 1.0, -2.0, 4.0, 0, 0, input.toLowerCase(), 3.0
14, 16652, -2.5, 1.0, -2.0, 4.5, 0, 0, input.toLowerCase(), 3.5
14, 16653, -2.5, 1.0, -2.0, 5.0, 0, 0, input.toLowerCase(), 4.0
14, 16654, -2.5, 1.0, -1.5, 0.0, 6, 0, toLowerCase(), 0.5
14, 16655, -2.5, 1.0, -1.5, 0.5, 6, 0, toLowerCase(), 0.5
14, 16656, -2.5, 1.0, -1.5, 1.0, 6, 0, toLowerCase(), 0.5
14, 16657, -2.5, 1.0, -1.5, 1.5, 0, 0, input.toLowerCase(), 0.5
14, 16658, -2.5, 1.0, -1.5, 2.0, 0, 0, input.toLowerCase(), 1.0
14, 16659, -2.5, 1.0, -1.5, 2.5, 0, 0, input.toLowerCase(), 1.5
14, 16660, -2.5, 1.0, -1.5, 3.0, 0, 0, input.toLowerCase(), 2.0
14, 16661, -2.5, 1.0, -1.5, 3.5, 0, 0, input.toLowerCase(), 2.5
14, 16662, -2.5, 1.0, -1.5, 4.0, 0, 0, input.toLowerCase(), 3.0
14, 16663, -2.5, 1.0, -1.5, 4.5, 0, 0, input.toLowerCase(), 3.5
14, 16664, -2.5, 1.0, -1.5, 5.0, 0, 0, input.toLowerCase(), 4.0
14, 16665, -2.5, 1.0, -1.0, 0.0, 6, 0, toLowerCase(), 0.5
14, 16666, -2.5, 1.0, -1.0, 0.5, 6, 0, toLowerCase(), 0.5
14, 16667, -2.5, 1.0, -1.0, 1.0, 6, 0, toLowerCase(), 0.5
14, 16668, -2.5, 1.0, -1.0, 1.5, 0, 0, input.toLowerCase(), 0.5
14, 16669, -2.5, 1.0, -1.0, 2.0, 0, 0, input.toLowerCase(), 1.0
14, 16670, -2.5, 1.0, -1.0, 2.5, 0, 0, input.toLowerCase(), 1.5
14, 16671, -2.5, 1.0, -1.0, 3.0, 0, 0, input.toLowerCase(), 2.0
14, 16672, -2.5, 1.0, -1.0, 3.5, 0, 0, input.toLowerCase(), 2.5
14, 16673, -2.5, 1.0, -1.0, 4.0, 0, 0, input.toLowerCase(), 3.0
14, 16674, -2.5, 1.0, -1.0, 4.5, 0, 0, input.toLowerCase(), 3.5
14, 16675, -2.5, 1.0, -1.0, 5.0, 0, 1, input.toLowerCase(), 4.0
14, 16676, -2.5, 1.0, -0.5, 0.0, 6, 0, toLowerCase(), 0.5
14, 16677, -2.5, 1.0, -0.5, 0.5, 6, 0, toLowerCase(), 0.5
14, 16678, -2.5, 1.0, -0.5, 1.0, 6, 0, toLowerCase(), 0.5
14, 16679, -2.5, 1.0, -0.5, 1.5, 0, 0, input.toLowerCase(), 0.5
14, 16680, -2.5, 1.0, -0.5, 2.0, 0, 0, input.toLowerCase(), 1.0
14, 16681, -2.5, 1.0, -0.5, 2.5, 0, 0, input.toLowerCase(), 1.5
14, 16682, -2.5, 1.0, -0.5, 3.0, 0, 0, input.toLowerCase(), 2.0
14, 16683, -2.5, 1.0, -0.5, 3.5, 0, 0, input.toLowerCase(), 2.5
14, 16684, -2.5, 1.0, -0.5, 4.0, 0, 0, input.toLowerCase(), 3.0
14, 16685, -2.5, 1.0, -0.5, 4.5, 0, 1, input.toLowerCase(), 3.5
14, 16686, -2.5, 1.0, -0.5, 5.0, 12, 68, Short.toString(), -2.5
14, 16687, -2.5, 1.0, 0.0, 0.0, 6, 0, toLowerCase(), 0.5
14, 16688, -2.5, 1.0, 0.0, 0.5, 6, 0, toLowerCase(), 0.5
14, 16689, -2.5, 1.0, 0.0, 1.0, 6, 0, toLowerCase(), 0.5
14, 16690, -2.5, 1.0, 0.0, 1.5, 0, 0, input.toLowerCase(), 0.5
14, 16691, -2.5, 1.0, 0.0, 2.0, 0, 0, input.toLowerCase(), 1.0
14, 16692, -2.5, 1.0, 0.0, 2.5, 0, 0, input.toLowerCase(), 1.5
14, 16693, -2.5, 1.0, 0.0, 3.0, 0, 0, input.toLowerCase(), 2.0
14, 16694, -2.5, 1.0, 0.0, 3.5, 0, 0, input.toLowerCase(), 2.5
14, 16695, -2.5, 1.0, 0.0, 4.0, 0, 4, input.toLowerCase(), 3.0
14, 16696, -2.5, 1.0, 0.0, 4.5, 12, 75, Short.toString(), -1.5
14, 16697, -2.5, 1.0, 0.0, 5.0, 12, 83, Short.toString(), -1.5
14, 16698, -2.0, 1.0, -5.0, 0.0, 6, 0, toLowerCase(), 1.0
14, 16699, -2.0, 1.0, -5.0, 0.5, 0, 0, input.toLowerCase(), 0.5
14, 16700, -2.0, 1.0, -5.0, 1.0, 0, 0, input.toLowerCase(), 1.0
14, 16701, -2.0, 1.0, -5.0, 1.5, 0, 0, input.toLowerCase(), 1.5
14, 16702, -2.0, 1.0, -5.0, 2.0, 0, 0, input.toLowerCase(), 2.0
14, 16703, -2.0, 1.0, -5.0, 2.5, 0, 0, input.toLowerCase(), 2.5
14, 16704, -2.0, 1.0, -5.0, 3.0, 0, 0, input.toLowerCase(), 3.0
14, 16705, -2.0, 1.0, -5.0, 3.5, 0, 0, input.toLowerCase(), 3.5
14, 16706, -2.0, 1.0, -5.0, 4.0, 0, 0, input.toLowerCase(), 4.0
14, 16707, -2.0, 1.0, -5.0, 4.5, 0, 0, input.toLowerCase(), 4.5
14, 16708, -2.0, 1.0, -5.0, 5.0, 0, 0, input.toLowerCase(), 5.0
14, 16709, -2.0, 1.0, -4.5, 0.0, 6, 0, toLowerCase(), 1.0
14, 16710, -2.0, 1.0, -4.5, 0.5, 0, 0, input.toLowerCase(), 0.5
14, 16711, -2.0, 1.0, -4.5, 1.0, 0, 0, input.toLowerCase(), 1.0
14, 16712, -2.0, 1.0, -4.5, 1.5, 0, 0, input.toLowerCase(), 1.5
14, 16713, -2.0, 1.0, -4.5, 2.0, 0, 0, input.toLowerCase(), 2.0
14, 16714, -2.0, 1.0, -4.5, 2.5, 0, 0, input.toLowerCase(), 2.5
14, 16715, -2.0, 1.0, -4.5, 3.0, 0, 0, input.toLowerCase(), 3.0
14, 16716, -2.0, 1.0, -4.5, 3.5, 0, 0, input.toLowerCase(), 3.5
14, 16717, -2.0, 1.0, -4.5, 4.0, 0, 0, input.toLowerCase(), 4.0
14, 16718, -2.0, 1.0, -4.5, 4.5, 0, 0, input.toLowerCase(), 4.5
14, 16719, -2.0, 1.0, -4.5, 5.0, 0, 0, input.toLowerCase(), 5.0
14, 16720, -2.0, 1.0, -4.0, 0.0, 6, 0, toLowerCase(), 1.0
14, 16721, -2.0, 1.0, -4.0, 0.5, 0, 0, input.toLowerCase(), 0.5
14, 16722, -2.0, 1.0, -4.0, 1.0, 0, 0, input.toLowerCase(), 1.0
14, 16723, -2.0, 1.0, -4.0, 1.5, 0, 0, input.toLowerCase(), 1.5
14, 16724, -2.0, 1.0, -4.0, 2.0, 0, 0, input.toLowerCase(), 2.0
14, 16725, -2.0, 1.0, -4.0, 2.5, 0, 0, input.toLowerCase(), 2.5
14, 16726, -2.0, 1.0, -4.0, 3.0, 0, 0, input.toLowerCase(), 3.0
14, 16727, -2.0, 1.0, -4.0, 3.5, 0, 0, input.toLowerCase(), 3.5
14, 16728, -2.0, 1.0, -4.0, 4.0, 0, 0, input.toLowerCase(), 4.0
14, 16729, -2.0, 1.0, -4.0, 4.5, 0, 0, input.toLowerCase(), 4.5
14, 16730, -2.0, 1.0, -4.0, 5.0, 0, 0, input.toLowerCase(), 5.0
14, 16731, -2.0, 1.0, -3.5, 0.0, 6, 0, toLowerCase(), 1.0
14, 16732, -2.0, 1.0, -3.5, 0.5, 0, 0, input.toLowerCase(), 0.5
14, 16733, -2.0, 1.0, -3.5, 1.0, 0, 0, input.toLowerCase(), 1.0
14, 16734, -2.0, 1.0, -3.5, 1.5, 0, 0, input.toLowerCase(), 1.5
14, 16735, -2.0, 1.0, -3.5, 2.0, 0, 0, input.toLowerCase(), 2.0
14, 16736, -2.0, 1.0, -3.5, 2.5, 0, 0, input.toLowerCase(), 2.5
14, 16737, -2.0, 1.0, -3.5, 3.0, 0, 0, input.toLowerCase(), 3.0
14, 16738, -2.0, 1.0, -3.5, 3.5, 0, 0, input.toLowerCase(), 3.5
14, 16739, -2.0, 1.0, -3.5, 4.0, 0, 0, input.toLowerCase(), 4.0
14, 16740, -2.0, 1.0, -3.5, 4.5, 0, 0, input.toLowerCase(), 4.5
14, 16741, -2.0, 1.0, -3.5, 5.0, 0, 0, input.toLowerCase(), 5.0
14, 16742, -2.0, 1.0, -3.0, 0.0, 6, 0, toLowerCase(), 1.0
14, 16743, -2.0, 1.0, -3.0, 0.5, 0, 0, input.toLowerCase(), 0.5
14, 16744, -2.0, 1.0, -3.0, 1.0, 0, 0, input.toLowerCase(), 1.0
14, 16745, -2.0, 1.0, -3.0, 1.5, 0, 0, input.toLowerCase(), 1.5
14, 16746, -2.0, 1.0, -3.0, 2.0, 0, 0, input.toLowerCase(), 2.0
14, 16747, -2.0, 1.0, -3.0, 2.5, 0, 0, input.toLowerCase(), 2.5
14, 16748, -2.0, 1.0, -3.0, 3.0, 0, 0, input.toLowerCase(), 3.0
14, 16749, -2.0, 1.0, -3.0, 3.5, 0, 0, input.toLowerCase(), 3.5
14, 16750, -2.0, 1.0, -3.0, 4.0, 0, 0, input.toLowerCase(), 4.0
14, 16751, -2.0, 1.0, -3.0, 4.5, 0, 0, input.toLowerCase(), 4.5
14, 16752, -2.0, 1.0, -3.0, 5.0, 0, 0, input.toLowerCase(), 5.0
14, 16753, -2.0, 1.0, -2.5, 0.0, 6, 0, toLowerCase(), 1.0
14, 16754, -2.0, 1.0, -2.5, 0.5, 0, 0, input.toLowerCase(), 0.5
14, 16755, -2.0, 1.0, -2.5, 1.0, 0, 0, input.toLowerCase(), 1.0
14, 16756, -2.0, 1.0, -2.5, 1.5, 0, 0, input.toLowerCase(), 1.5
14, 16757, -2.0, 1.0, -2.5, 2.0, 0, 0, input.toLowerCase(), 2.0
14, 16758, -2.0, 1.0, -2.5, 2.5, 0, 0, input.toLowerCase(), 2.5
14, 16759, -2.0, 1.0, -2.5, 3.0, 0, 0, input.toLowerCase(), 3.0
14, 16760, -2.0, 1.0, -2.5, 3.5, 0, 0, input.toLowerCase(), 3.5
14, 16761, -2.0, 1.0, -2.5, 4.0, 0, 0, input.toLowerCase(), 4.0
14, 16762, -2.0, 1.0, -2.5, 4.5, 0, 0, input.toLowerCase(), 4.5
14, 16763, -2.0, 1.0, -2.5, 5.0, 0, 1, input.toLowerCase(), 5.0
14, 16764, -2.0, 1.0, -2.0, 0.0, 6, 0, toLowerCase(), 1.0
14, 16765, -2.0, 1.0, -2.0, 0.5, 0, 0, input.toLowerCase(), 0.5
14, 16766, -2.0, 1.0, -2.0, 1.0, 0, 0, input.toLowerCase(), 1.0
14, 16767, -2.0, 1.0, -2.0, 1.5, 0, 0, input.toLowerCase(), 1.5
14, 16768, -2.0, 1.0, -2.0, 2.0, 0, 0, input.toLowerCase(), 2.0
14, 16769, -2.0, 1.0, -2.0, 2.5, 0, 0, input.toLowerCase(), 2.5
14, 16770, -2.0, 1.0, -2.0, 3.0, 0, 0, input.toLowerCase(), 3.0
14, 16771, -2.0, 1.0, -2.0, 3.5, 0, 0, input.toLowerCase(), 3.5
14, 16772, -2.0, 1.0, -2.0, 4.0, 0, 0, input.toLowerCase(), 4.0
14, 16773, -2.0, 1.0, -2.0, 4.5, 0, 1, input.toLowerCase(), 4.5
14, 16774, -2.0, 1.0, -2.0, 5.0, 0, 2, input.toLowerCase(), 5.0
14, 16775, -2.0, 1.0, -1.5, 0.0, 6, 0, toLowerCase(), 1.0
14, 16776, -2.0, 1.0, -1.5, 0.5, 0, 0, input.toLowerCase(), 0.5
14, 16777, -2.0, 1.0, -1.5, 1.0, 0, 0, input.toLowerCase(), 1.0
14, 16778, -2.0, 1.0, -1.5, 1.5, 0, 0, input.toLowerCase(), 1.5
14, 16779, -2.0, 1.0, -1.5, 2.0, 0, 0, input.toLowerCase(), 2.0
14, 16780, -2.0, 1.0, -1.5, 2.5, 0, 0, input.toLowerCase(), 2.5
14, 16781, -2.0, 1.0, -1.5, 3.0, 0, 0, input.toLowerCase(), 3.0
14, 16782, -2.0, 1.0, -1.5, 3.5, 0, 0, input.toLowerCase(), 3.5
14, 16783, -2.0, 1.0, -1.5, 4.0, 0, 1, input.toLowerCase(), 4.0
14, 16784, -2.0, 1.0, -1.5, 4.5, 0, 1, input.toLowerCase(), 4.5
14, 16785, -2.0, 1.0, -1.5, 5.0, 12, 63, Short.toString(), -4.0
14, 16786, -2.0, 1.0, -1.0, 0.0, 6, 0, toLowerCase(), 1.0
14, 16787, -2.0, 1.0, -1.0, 0.5, 0, 0, input.toLowerCase(), 0.5
14, 16788, -2.0, 1.0, -1.0, 1.0, 0, 0, input.toLowerCase(), 1.0
14, 16789, -2.0, 1.0, -1.0, 1.5, 0, 0, input.toLowerCase(), 1.5
14, 16790, -2.0, 1.0, -1.0, 2.0, 0, 0, input.toLowerCase(), 2.0
14, 16791, -2.0, 1.0, -1.0, 2.5, 0, 0, input.toLowerCase(), 2.5
14, 16792, -2.0, 1.0, -1.0, 3.0, 0, 0, input.toLowerCase(), 3.0
14, 16793, -2.0, 1.0, -1.0, 3.5, 0, 1, input.toLowerCase(), 3.5
14, 16794, -2.0, 1.0, -1.0, 4.0, 0, 1, input.toLowerCase(), 4.0
14, 16795, -2.0, 1.0, -1.0, 4.5, 12, 64, Short.toString(), -3.0
14, 16796, -2.0, 1.0, -1.0, 5.0, 12, 68, Short.toString(), -3.0
14, 16797, -2.0, 1.0, -0.5, 0.0, 6, 0, toLowerCase(), 1.0
14, 16798, -2.0, 1.0, -0.5, 0.5, 0, 0, input.toLowerCase(), 0.5
14, 16799, -2.0, 1.0, -0.5, 1.0, 0, 0, input.toLowerCase(), 1.0
14, 16800, -2.0, 1.0, -0.5, 1.5, 0, 0, input.toLowerCase(), 1.5
14, 16801, -2.0, 1.0, -0.5, 2.0, 0, 0, input.toLowerCase(), 2.0
14, 16802, -2.0, 1.0, -0.5, 2.5, 0, 0, input.toLowerCase(), 2.5
14, 16803, -2.0, 1.0, -0.5, 3.0, 0, 0, input.toLowerCase(), 3.0
14, 16804, -2.0, 1.0, -0.5, 3.5, 0, 3, input.toLowerCase(), 3.5
14, 16805, -2.0, 1.0, -0.5, 4.0, 12, 69, Short.toString(), -2.0
14, 16806, -2.0, 1.0, -0.5, 4.5, 12, 75, Short.toString(), -2.0
14, 16807, -2.0, 1.0, -0.5, 5.0, 12, 81, Short.toString(), -2.0
14, 16808, -2.0, 1.0, 0.0, 0.0, 6, 0, toLowerCase(), 1.0
14, 16809, -2.0, 1.0, 0.0, 0.5, 0, 0, input.toLowerCase(), 0.5
14, 16810, -2.0, 1.0, 0.0, 1.0, 0, 0, input.toLowerCase(), 1.0
14, 16811, -2.0, 1.0, 0.0, 1.5, 0, 0, input.toLowerCase(), 1.5
14, 16812, -2.0, 1.0, 0.0, 2.0, 0, 0, input.toLowerCase(), 2.0
14, 16813, -2.0, 1.0, 0.0, 2.5, 0, 0, input.toLowerCase(), 2.5
14, 16814, -2.0, 1.0, 0.0, 3.0, 0, 3, input.toLowerCase(), 3.0
14, 16815, -2.0, 1.0, 0.0, 3.5, 7, 52, input.toLowerCase().trim(), 1.5
14, 16816, -2.0, 1.0, 0.0, 4.0, 12, 83, Short.toString(), -1.0
14, 16817, -2.0, 1.0, 0.0, 4.5, 13, 154, getSimpleName(), -2.0
14, 16818, -2.0, 1.0, 0.0, 5.0, 13, 154, getSimpleName(), -2.0
14, 16819, -1.5, 1.0, -5.0, 0.0, 0, 0, input.toLowerCase(), 1.0
14, 16820, -1.5, 1.0, -5.0, 0.5, 0, 0, input.toLowerCase(), 1.5
14, 16821, -1.5, 1.0, -5.0, 1.0, 0, 0, input.toLowerCase(), 2.0
14, 16822, -1.5, 1.0, -5.0, 1.5, 0, 0, input.toLowerCase(), 2.5
14, 16823, -1.5, 1.0, -5.0, 2.0, 0, 0, input.toLowerCase(), 3.0
14, 16824, -1.5, 1.0, -5.0, 2.5, 0, 0, input.toLowerCase(), 3.5
14, 16825, -1.5, 1.0, -5.0, 3.0, 0, 0, input.toLowerCase(), 4.0
14, 16826, -1.5, 1.0, -5.0, 3.5, 0, 0, input.toLowerCase(), 4.5
14, 16827, -1.5, 1.0, -5.0, 4.0, 0, 0, input.toLowerCase(), 5.0
14, 16828, -1.5, 1.0, -5.0, 4.5, 0, 0, input.toLowerCase(), 5.5
14, 16829, -1.5, 1.0, -5.0, 5.0, 0, 0, input.toLowerCase(), 6.0
14, 16830, -1.5, 1.0, -4.5, 0.0, 0, 0, input.toLowerCase(), 1.0
14, 16831, -1.5, 1.0, -4.5, 0.5, 0, 0, input.toLowerCase(), 1.5
14, 16832, -1.5, 1.0, -4.5, 1.0, 0, 0, input.toLowerCase(), 2.0
14, 16833, -1.5, 1.0, -4.5, 1.5, 0, 0, input.toLowerCase(), 2.5
14, 16834, -1.5, 1.0, -4.5, 2.0, 0, 0, input.toLowerCase(), 3.0
14, 16835, -1.5, 1.0, -4.5, 2.5, 0, 0, input.toLowerCase(), 3.5
14, 16836, -1.5, 1.0, -4.5, 3.0, 0, 0, input.toLowerCase(), 4.0
14, 16837, -1.5, 1.0, -4.5, 3.5, 0, 0, input.toLowerCase(), 4.5
14, 16838, -1.5, 1.0, -4.5, 4.0, 0, 0, input.toLowerCase(), 5.0
14, 16839, -1.5, 1.0, -4.5, 4.5, 0, 0, input.toLowerCase(), 5.5
14, 16840, -1.5, 1.0, -4.5, 5.0, 0, 0, input.toLowerCase(), 6.0
14, 16841, -1.5, 1.0, -4.0, 0.0, 0, 0, input.toLowerCase(), 1.0
14, 16842, -1.5, 1.0, -4.0, 0.5, 0, 0, input.toLowerCase(), 1.5
14, 16843, -1.5, 1.0, -4.0, 1.0, 0, 0, input.toLowerCase(), 2.0
14, 16844, -1.5, 1.0, -4.0, 1.5, 0, 0, input.toLowerCase(), 2.5
14, 16845, -1.5, 1.0, -4.0, 2.0, 0, 0, input.toLowerCase(), 3.0
14, 16846, -1.5, 1.0, -4.0, 2.5, 0, 0, input.toLowerCase(), 3.5
14, 16847, -1.5, 1.0, -4.0, 3.0, 0, 0, input.toLowerCase(), 4.0
14, 16848, -1.5, 1.0, -4.0, 3.5, 0, 0, input.toLowerCase(), 4.5
14, 16849, -1.5, 1.0, -4.0, 4.0, 0, 0, input.toLowerCase(), 5.0
14, 16850, -1.5, 1.0, -4.0, 4.5, 0, 0, input.toLowerCase(), 5.5
14, 16851, -1.5, 1.0, -4.0, 5.0, 0, 1, input.toLowerCase(), 6.0
14, 16852, -1.5, 1.0, -3.5, 0.0, 0, 0, input.toLowerCase(), 1.0
14, 16853, -1.5, 1.0, -3.5, 0.5, 0, 0, input.toLowerCase(), 1.5
14, 16854, -1.5, 1.0, -3.5, 1.0, 0, 0, input.toLowerCase(), 2.0
14, 16855, -1.5, 1.0, -3.5, 1.5, 0, 0, input.toLowerCase(), 2.5
14, 16856, -1.5, 1.0, -3.5, 2.0, 0, 0, input.toLowerCase(), 3.0
14, 16857, -1.5, 1.0, -3.5, 2.5, 0, 0, input.toLowerCase(), 3.5
14, 16858, -1.5, 1.0, -3.5, 3.0, 0, 0, input.toLowerCase(), 4.0
14, 16859, -1.5, 1.0, -3.5, 3.5, 0, 0, input.toLowerCase(), 4.5
14, 16860, -1.5, 1.0, -3.5, 4.0, 0, 0, input.toLowerCase(), 5.0
14, 16861, -1.5, 1.0, -3.5, 4.5, 0, 1, input.toLowerCase(), 5.5
14, 16862, -1.5, 1.0, -3.5, 5.0, 0, 1, input.toLowerCase(), 6.0
14, 16863, -1.5, 1.0, -3.0, 0.0, 0, 0, input.toLowerCase(), 1.0
14, 16864, -1.5, 1.0, -3.0, 0.5, 0, 0, input.toLowerCase(), 1.5
14, 16865, -1.5, 1.0, -3.0, 1.0, 0, 0, input.toLowerCase(), 2.0
14, 16866, -1.5, 1.0, -3.0, 1.5, 0, 0, input.toLowerCase(), 2.5
14, 16867, -1.5, 1.0, -3.0, 2.0, 0, 0, input.toLowerCase(), 3.0
14, 16868, -1.5, 1.0, -3.0, 2.5, 0, 0, input.toLowerCase(), 3.5
14, 16869, -1.5, 1.0, -3.0, 3.0, 0, 0, input.toLowerCase(), 4.0
14, 16870, -1.5, 1.0, -3.0, 3.5, 0, 0, input.toLowerCase(), 4.5
14, 16871, -1.5, 1.0, -3.0, 4.0, 0, 1, input.toLowerCase(), 5.0
14, 16872, -1.5, 1.0, -3.0, 4.5, 0, 1, input.toLowerCase(), 5.5
14, 16873, -1.5, 1.0, -3.0, 5.0, 0, 2, input.toLowerCase(), 6.0
14, 16874, -1.5, 1.0, -2.5, 0.0, 0, 0, input.toLowerCase(), 1.0
14, 16875, -1.5, 1.0, -2.5, 0.5, 0, 0, input.toLowerCase(), 1.5
14, 16876, -1.5, 1.0, -2.5, 1.0, 0, 0, input.toLowerCase(), 2.0
14, 16877, -1.5, 1.0, -2.5, 1.5, 0, 0, input.toLowerCase(), 2.5
14, 16878, -1.5, 1.0, -2.5, 2.0, 0, 0, input.toLowerCase(), 3.0
14, 16879, -1.5, 1.0, -2.5, 2.5, 0, 0, input.toLowerCase(), 3.5
14, 16880, -1.5, 1.0, -2.5, 3.0, 0, 0, input.toLowerCase(), 4.0
14, 16881, -1.5, 1.0, -2.5, 3.5, 0, 1, input.toLowerCase(), 4.5
14, 16882, -1.5, 1.0, -2.5, 4.0, 0, 1, input.toLowerCase(), 5.0
14, 16883, -1.5, 1.0, -2.5, 4.5, 0, 2, input.toLowerCase(), 5.5
14, 16884, -1.5, 1.0, -2.5, 5.0, 12, 63, Short.toString(), -5.5
14, 16885, -1.5, 1.0, -2.0, 0.0, 0, 0, input.toLowerCase(), 1.0
14, 16886, -1.5, 1.0, -2.0, 0.5, 0, 0, input.toLowerCase(), 1.5
14, 16887, -1.5, 1.0, -2.0, 1.0, 0, 0, input.toLowerCase(), 2.0
14, 16888, -1.5, 1.0, -2.0, 1.5, 0, 0, input.toLowerCase(), 2.5
14, 16889, -1.5, 1.0, -2.0, 2.0, 0, 0, input.toLowerCase(), 3.0
14, 16890, -1.5, 1.0, -2.0, 2.5, 0, 0, input.toLowerCase(), 3.5
14, 16891, -1.5, 1.0, -2.0, 3.0, 0, 0, input.toLowerCase(), 4.0
14, 16892, -1.5, 1.0, -2.0, 3.5, 0, 1, input.toLowerCase(), 4.5
14, 16893, -1.5, 1.0, -2.0, 4.0, 0, 1, input.toLowerCase(), 5.0
14, 16894, -1.5, 1.0, -2.0, 4.5, 12, 63, Short.toString(), -4.5
14, 16895, -1.5, 1.0, -2.0, 5.0, 12, 67, Short.toString(), -4.5
14, 16896, -1.5, 1.0, -1.5, 0.0, 0, 0, input.toLowerCase(), 1.0
14, 16897, -1.5, 1.0, -1.5, 0.5, 0, 0, input.toLowerCase(), 1.5
14, 16898, -1.5, 1.0, -1.5, 1.0, 0, 0, input.toLowerCase(), 2.0
14, 16899, -1.5, 1.0, -1.5, 1.5, 0, 0, input.toLowerCase(), 2.5
14, 16900, -1.5, 1.0, -1.5, 2.0, 0, 0, input.toLowerCase(), 3.0
14, 16901, -1.5, 1.0, -1.5, 2.5, 0, 0, input.toLowerCase(), 3.5
14, 16902, -1.5, 1.0, -1.5, 3.0, 0, 1, input.toLowerCase(), 4.0
14, 16903, -1.5, 1.0, -1.5, 3.5, 0, 1, input.toLowerCase(), 4.5
14, 16904, -1.5, 1.0, -1.5, 4.0, 12, 63, Short.toString(), -3.5
14, 16905, -1.5, 1.0, -1.5, 4.5, 12, 68, Short.toString(), -3.5
14, 16906, -1.5, 1.0, -1.5, 5.0, 12, 68, Short.toString(), -3.5
14, 16907, -1.5, 1.0, -1.0, 0.0, 0, 0, input.toLowerCase(), 1.0
14, 16908, -1.5, 1.0, -1.0, 0.5, 0, 0, input.toLowerCase(), 1.5
14, 16909, -1.5, 1.0, -1.0, 1.0, 0, 0, input.toLowerCase(), 2.0
14, 16910, -1.5, 1.0, -1.0, 1.5, 0, 0, input.toLowerCase(), 2.5
14, 16911, -1.5, 1.0, -1.0, 2.0, 0, 0, input.toLowerCase(), 3.0
14, 16912, -1.5, 1.0, -1.0, 2.5, 0, 0, input.toLowerCase(), 3.5
14, 16913, -1.5, 1.0, -1.0, 3.0, 0, 1, input.toLowerCase(), 4.0
14, 16914, -1.5, 1.0, -1.0, 3.5, 7, 26, input.toLowerCase().trim(), 2.0
14, 16915, -1.5, 1.0, -1.0, 4.0, 12, 68, Short.toString(), -2.5
14, 16916, -1.5, 1.0, -1.0, 4.5, 12, 77, Short.toString(), -2.5
14, 16917, -1.5, 1.0, -1.0, 5.0, 12, 79, Short.toString(), -2.5
14, 16918, -1.5, 1.0, -0.5, 0.0, 0, 0, input.toLowerCase(), 1.0
14, 16919, -1.5, 1.0, -0.5, 0.5, 0, 0, input.toLowerCase(), 1.5
14, 16920, -1.5, 1.0, -0.5, 1.0, 0, 0, input.toLowerCase(), 2.0
14, 16921, -1.5, 1.0, -0.5, 1.5, 0, 0, input.toLowerCase(), 2.5
14, 16922, -1.5, 1.0, -0.5, 2.0, 0, 0, input.toLowerCase(), 3.0
14, 16923, -1.5, 1.0, -0.5, 2.5, 0, 1, input.toLowerCase(), 3.5
14, 16924, -1.5, 1.0, -0.5, 3.0, 6, 34, input.toLowerCase().get(), 2.0
14, 16925, -1.5, 1.0, -0.5, 3.5, 12, 76, Short.toString(), -1.5
14, 16926, -1.5, 1.0, -0.5, 4.0, 12, 88, Short.toString(), -1.5
14, 16927, -1.5, 1.0, -0.5, 4.5, 12, 97, Float.toString(), -1.5
14, 16928, -1.5, 1.0, -0.5, 5.0, 13, 119, Float.toHexString(), -2.0
14, 16929, -1.5, 1.0, 0.0, 0.0, 0, 0, input.toLowerCase(), 1.0
14, 16930, -1.5, 1.0, 0.0, 0.5, 0, 0, input.toLowerCase(), 1.5
14, 16931, -1.5, 1.0, 0.0, 1.0, 0, 0, input.toLowerCase(), 2.0
14, 16932, -1.5, 1.0, 0.0, 1.5, 0, 0, input.toLowerCase(), 2.5
14, 16933, -1.5, 1.0, 0.0, 2.0, 0, 0, input.toLowerCase(), 3.0
14, 16934, -1.5, 1.0, 0.0, 2.5, 0, 4, input.toLowerCase(), 3.5
14, 16935, -1.5, 1.0, 0.0, 3.0, 7, 52, input.toLowerCase().trim(), 2.5
14, 16936, -1.5, 1.0, 0.0, 3.5, 13, 155, getSimpleName(), -1.5
14, 16937, -1.5, 1.0, 0.0, 4.0, 13, 249, typeName(), -1.5
14, 16938, -1.5, 1.0, 0.0, 4.5, 14, 72, input, 4.0
14, 16939, -1.5, 1.0, 0.0, 5.0, 14, 79, input, 4.5
14, 16940, -1.0, 1.0, -5.0, 0.0, 0, 0, input.toLowerCase(), 2.0
14, 16941, -1.0, 1.0, -5.0, 0.5, 0, 0, input.toLowerCase(), 2.5
14, 16942, -1.0, 1.0, -5.0, 1.0, 0, 0, input.toLowerCase(), 3.0
14, 16943, -1.0, 1.0, -5.0, 1.5, 0, 0, input.toLowerCase(), 3.5
14, 16944, -1.0, 1.0, -5.0, 2.0, 0, 0, input.toLowerCase(), 4.0
14, 16945, -1.0, 1.0, -5.0, 2.5, 0, 0, input.toLowerCase(), 4.5
14, 16946, -1.0, 1.0, -5.0, 3.0, 0, 0, input.toLowerCase(), 5.0
14, 16947, -1.0, 1.0, -5.0, 3.5, 0, 0, input.toLowerCase(), 5.5
14, 16948, -1.0, 1.0, -5.0, 4.0, 0, 0, input.toLowerCase(), 6.0
14, 16949, -1.0, 1.0, -5.0, 4.5, 0, 1, input.toLowerCase(), 6.5
14, 16950, -1.0, 1.0, -5.0, 5.0, 0, 1, input.toLowerCase(), 7.0
14, 16951, -1.0, 1.0, -4.5, 0.0, 0, 0, input.toLowerCase(), 2.0
14, 16952, -1.0, 1.0, -4.5, 0.5, 0, 0, input.toLowerCase(), 2.5
14, 16953, -1.0, 1.0, -4.5, 1.0, 0, 0, input.toLowerCase(), 3.0
14, 16954, -1.0, 1.0, -4.5, 1.5, 0, 0, input.toLowerCase(), 3.5
14, 16955, -1.0, 1.0, -4.5, 2.0, 0, 0, input.toLowerCase(), 4.0
14, 16956, -1.0, 1.0, -4.5, 2.5, 0, 0, input.toLowerCase(), 4.5
14, 16957, -1.0, 1.0, -4.5, 3.0, 0, 0, input.toLowerCase(), 5.0
14, 16958, -1.0, 1.0, -4.5, 3.5, 0, 0, input.toLowerCase(), 5.5
14, 16959, -1.0, 1.0, -4.5, 4.0, 0, 1, input.toLowerCase(), 6.0
14, 16960, -1.0, 1.0, -4.5, 4.5, 0, 1, input.toLowerCase(), 6.5
14, 16961, -1.0, 1.0, -4.5, 5.0, 0, 1, input.toLowerCase(), 7.0
14, 16962, -1.0, 1.0, -4.0, 0.0, 0, 0, input.toLowerCase(), 2.0
14, 16963, -1.0, 1.0, -4.0, 0.5, 0, 0, input.toLowerCase(), 2.5
14, 16964, -1.0, 1.0, -4.0, 1.0, 0, 0, input.toLowerCase(), 3.0
14, 16965, -1.0, 1.0, -4.0, 1.5, 0, 0, input.toLowerCase(), 3.5
14, 16966, -1.0, 1.0, -4.0, 2.0, 0, 0, input.toLowerCase(), 4.0
14, 16967, -1.0, 1.0, -4.0, 2.5, 0, 0, input.toLowerCase(), 4.5
14, 16968, -1.0, 1.0, -4.0, 3.0, 0, 0, input.toLowerCase(), 5.0
14, 16969, -1.0, 1.0, -4.0, 3.5, 0, 1, input.toLowerCase(), 5.5
14, 16970, -1.0, 1.0, -4.0, 4.0, 0, 1, input.toLowerCase(), 6.0
14, 16971, -1.0, 1.0, -4.0, 4.5, 0, 1, input.toLowerCase(), 6.5
14, 16972, -1.0, 1.0, -4.0, 5.0, 0, 2, input.toLowerCase(), 7.0
14, 16973, -1.0, 1.0, -3.5, 0.0, 0, 0, input.toLowerCase(), 2.0
14, 16974, -1.0, 1.0, -3.5, 0.5, 0, 0, input.toLowerCase(), 2.5
14, 16975, -1.0, 1.0, -3.5, 1.0, 0, 0, input.toLowerCase(), 3.0
14, 16976, -1.0, 1.0, -3.5, 1.5, 0, 0, input.toLowerCase(), 3.5
14, 16977, -1.0, 1.0, -3.5, 2.0, 0, 0, input.toLowerCase(), 4.0
14, 16978, -1.0, 1.0, -3.5, 2.5, 0, 0, input.toLowerCase(), 4.5
14, 16979, -1.0, 1.0, -3.5, 3.0, 0, 0, input.toLowerCase(), 5.0
14, 16980, -1.0, 1.0, -3.5, 3.5, 0, 1, input.toLowerCase(), 5.5
14, 16981, -1.0, 1.0, -3.5, 4.0, 0, 1, input.toLowerCase(), 6.0
14, 16982, -1.0, 1.0, -3.5, 4.5, 0, 2, input.toLowerCase(), 6.5
14, 16983, -1.0, 1.0, -3.5, 5.0, 12, 62, Short.toString(), -7.0
14, 16984, -1.0, 1.0, -3.0, 0.0, 0, 0, input.toLowerCase(), 2.0
14, 16985, -1.0, 1.0, -3.0, 0.5, 0, 0, input.toLowerCase(), 2.5
14, 16986, -1.0, 1.0, -3.0, 1.0, 0, 0, input.toLowerCase(), 3.0
14, 16987, -1.0, 1.0, -3.0, 1.5, 0, 0, input.toLowerCase(), 3.5
14, 16988, -1.0, 1.0, -3.0, 2.0, 0, 0, input.toLowerCase(), 4.0
14, 16989, -1.0, 1.0, -3.0, 2.5, 0, 0, input.toLowerCase(), 4.5
14, 16990, -1.0, 1.0, -3.0, 3.0, 0, 1, input.toLowerCase(), 5.0
14, 16991, -1.0, 1.0, -3.0, 3.5, 0, 1, input.toLowerCase(), 5.5
14, 16992, -1.0, 1.0, -3.0, 4.0, 0, 2, input.toLowerCase(), 6.0
14, 16993, -1.0, 1.0, -3.0, 4.5, 12, 62, Short.toString(), -6.0
14, 16994, -1.0, 1.0, -3.0, 5.0, 12, 64, Short.toString(), -6.0
14, 16995, -1.0, 1.0, -2.5, 0.0, 0, 0, input.toLowerCase(), 2.0
14, 16996, -1.0, 1.0, -2.5, 0.5, 0, 0, input.toLowerCase(), 2.5
14, 16997, -1.0, 1.0, -2.5, 1.0, 0, 0, input.toLowerCase(), 3.0
14, 16998, -1.0, 1.0, -2.5, 1.5, 0, 0, input.toLowerCase(), 3.5
14, 16999, -1.0, 1.0, -2.5, 2.0, 0, 0, input.toLowerCase(), 4.0
14, 17000, -1.0, 1.0, -2.5, 2.5, 0, 0, input.toLowerCase(), 4.5
14, 17001, -1.0, 1.0, -2.5, 3.0, 0, 1, input.toLowerCase(), 5.0
14, 17002, -1.0, 1.0, -2.5, 3.5, 0, 1, input.toLowerCase(), 5.5
14, 17003, -1.0, 1.0, -2.5, 4.0, 12, 62, Short.toString(), -5.0
14, 17004, -1.0, 1.0, -2.5, 4.5, 12, 65, Short.toString(), -5.0
14, 17005, -1.0, 1.0, -2.5, 5.0, 12, 68, Short.toString(), -5.0
14, 17006, -1.0, 1.0, -2.0, 0.0, 0, 0, input.toLowerCase(), 2.0
14, 17007, -1.0, 1.0, -2.0, 0.5, 0, 0, input.toLowerCase(), 2.5
14, 17008, -1.0, 1.0, -2.0, 1.0, 0, 0, input.toLowerCase(), 3.0
14, 17009, -1.0, 1.0, -2.0, 1.5, 0, 0, input.toLowerCase(), 3.5
14, 17010, -1.0, 1.0, -2.0, 2.0, 0, 0, input.toLowerCase(), 4.0
14, 17011, -1.0, 1.0, -2.0, 2.5, 0, 1, input.toLowerCase(), 4.5
14, 17012, -1.0, 1.0, -2.0, 3.0, 0, 1, input.toLowerCase(), 5.0
14, 17013, -1.0, 1.0, -2.0, 3.5, 7, 25, input.toLowerCase().trim(), 2.5
14, 17014, -1.0, 1.0, -2.0, 4.0, 12, 65, Short.toString(), -4.0
14, 17015, -1.0, 1.0, -2.0, 4.5, 12, 69, Short.toString(), -4.0
14, 17016, -1.0, 1.0, -2.0, 5.0, 12, 69, Short.toString(), -4.0
14, 17017, -1.0, 1.0, -1.5, 0.0, 0, 0, input.toLowerCase(), 2.0
14, 17018, -1.0, 1.0, -1.5, 0.5, 0, 0, input.toLowerCase(), 2.5
14, 17019, -1.0, 1.0, -1.5, 1.0, 0, 0, input.toLowerCase(), 3.0
14, 17020, -1.0, 1.0, -1.5, 1.5, 0, 0, input.toLowerCase(), 3.5
14, 17021, -1.0, 1.0, -1.5, 2.0, 0, 0, input.toLowerCase(), 4.0
14, 17022, -1.0, 1.0, -1.5, 2.5, 0, 1, input.toLowerCase(), 4.5
14, 17023, -1.0, 1.0, -1.5, 3.0, 6, 28, input.toLowerCase().get(), 2.5
14, 17024, -1.0, 1.0, -1.5, 3.5, 12, 69, Short.toString(), -3.0
14, 17025, -1.0, 1.0, -1.5, 4.0, 12, 69, Short.toString(), -3.0
14, 17026, -1.0, 1.0, -1.5, 4.5, 12, 79, Short.toString(), -3.0
14, 17027, -1.0, 1.0, -1.5, 5.0, 12, 83, Short.toString(), -3.0
14, 17028, -1.0, 1.0, -1.0, 0.0, 0, 0, input.toLowerCase(), 2.0
14, 17029, -1.0, 1.0, -1.0, 0.5, 0, 0, input.toLowerCase(), 2.5
14, 17030, -1.0, 1.0, -1.0, 1.0, 0, 0, input.toLowerCase(), 3.0
14, 17031, -1.0, 1.0, -1.0, 1.5, 0, 0, input.toLowerCase(), 3.5
14, 17032, -1.0, 1.0, -1.0, 2.0, 0, 1, input.toLowerCase(), 4.0
14, 17033, -1.0, 1.0, -1.0, 2.5, 0, 4, input.toLowerCase(), 4.5
14, 17034, -1.0, 1.0, -1.0, 3.0, 7, 29, input.toLowerCase().trim(), 3.0
14, 17035, -1.0, 1.0, -1.0, 3.5, 12, 83, Short.toString(), -2.0
14, 17036, -1.0, 1.0, -1.0, 4.0, 12, 83, Short.toString(), -2.0
14, 17037, -1.0, 1.0, -1.0, 4.5, 12, 99, Float.toString(), -2.0
14, 17038, -1.0, 1.0, -1.0, 5.0, 12, 99, Float.toString(), -2.0
14, 17039, -1.0, 1.0, -0.5, 0.0, 0, 0, input.toLowerCase(), 2.0
14, 17040, -1.0, 1.0, -0.5, 0.5, 0, 0, input.toLowerCase(), 2.5
14, 17041, -1.0, 1.0, -0.5, 1.0, 0, 0, input.toLowerCase(), 3.0
14, 17042, -1.0, 1.0, -0.5, 1.5, 0, 0, input.toLowerCase(), 3.5
14, 17043, -1.0, 1.0, -0.5, 2.0, 0, 3, input.toLowerCase(), 4.0
14, 17044, -1.0, 1.0, -0.5, 2.5, 0, 13, input.toLowerCase(), 4.5
14, 17045, -1.0, 1.0, -0.5, 3.0, 12, 103, Float.toString(), -1.0
14, 17046, -1.0, 1.0, -0.5, 3.5, 13, 120, Float.toHexString(), -1.5
14, 17047, -1.0, 1.0, -0.5, 4.0, 13, 138, typeName(), -2.0
14, 17048, -1.0, 1.0, -0.5, 4.5, 13, 155, typeName(), -2.0
14, 17049, -1.0, 1.0, -0.5, 5.0, 13, 174, typeName(), -2.0
14, 17050, -1.0, 1.0, 0.0, 0.0, 0, 0, input.toLowerCase(), 2.0
14, 17051, -1.0, 1.0, 0.0, 0.5, 0, 0, input.toLowerCase(), 2.5
14, 17052, -1.0, 1.0, 0.0, 1.0, 0, 0, input.toLowerCase(), 3.0
14, 17053, -1.0, 1.0, 0.0, 1.5, 0, 3, input.toLowerCase(), 3.5
14, 17054, -1.0, 1.0, 0.0, 2.0, 0, 20, input.toLowerCase(), 4.0
14, 17055, -1.0, 1.0, 0.0, 2.5, 13, 248, typeName(), -1.0
14, 17056, -1.0, 1.0, 0.0, 3.0, 14, 93, input, 3.0
14, 17057, -1.0, 1.0, 0.0, 3.5, 14, 95, input, 3.5
14, 17058, -1.0, 1.0, 0.0, 4.0, 14, 95, input, 4.0
14, 17059, -1.0, 1.0, 0.0, 4.5, 14, 95, input, 4.5
14, 17060, -1.0, 1.0, 0.0, 5.0, 14, 95, input, 5.0
14, 17061, -0.5, 1.0, -5.0, 0.0, 0, 0, input.toLowerCase(), 3.0
14, 17062, -0.5, 1.0, -5.0, 0.5, 0, 0, input.toLowerCase(), 3.5
14, 17063, -0.5, 1.0, -5.0, 1.0, 0, 0, input.toLowerCase(), 4.0
14, 17064, -0.5, 1.0, -5.0, 1.5, 0, 0, input.toLowerCase(), 4.5
14, 17065, -0.5, 1.0, -5.0, 2.0, 0, 0, input.toLowerCase(), 5.0
14, 17066, -0.5, 1.0, -5.0, 2.5, 0, 0, input.toLowerCase(), 5.5
14, 17067, -0.5, 1.0, -5.0, 3.0, 0, 0, input.toLowerCase(), 6.0
14, 17068, -0.5, 1.0, -5.0, 3.5, 0, 1, input.toLowerCase(), 6.5
14, 17069, -0.5, 1.0, -5.0, 4.0, 0, 1, input.toLowerCase(), 7.0
14, 17070, -0.5, 1.0, -5.0, 4.5, 0, 1, input.toLowerCase(), 7.5
14, 17071, -0.5, 1.0, -5.0, 5.0, 0, 2, input.toLowerCase(), 8.0
14, 17072, -0.5, 1.0, -4.5, 0.0, 0, 0, input.toLowerCase(), 3.0
14, 17073, -0.5, 1.0, -4.5, 0.5, 0, 0, input.toLowerCase(), 3.5
14, 17074, -0.5, 1.0, -4.5, 1.0, 0, 0, input.toLowerCase(), 4.0
14, 17075, -0.5, 1.0, -4.5, 1.5, 0, 0, input.toLowerCase(), 4.5
14, 17076, -0.5, 1.0, -4.5, 2.0, 0, 0, input.toLowerCase(), 5.0
14, 17077, -0.5, 1.0, -4.5, 2.5, 0, 0, input.toLowerCase(), 5.5
14, 17078, -0.5, 1.0, -4.5, 3.0, 0, 1, input.toLowerCase(), 6.0
14, 17079, -0.5, 1.0, -4.5, 3.5, 0, 1, input.toLowerCase(), 6.5
14, 17080, -0.5, 1.0, -4.5, 4.0, 0, 1, input.toLowerCase(), 7.0
14, 17081, -0.5, 1.0, -4.5, 4.5, 0, 2, input.toLowerCase(), 7.5
14, 17082, -0.5, 1.0, -4.5, 5.0, 12, 61, Short.toString(), -8.5
14, 17083, -0.5, 1.0, -4.0, 0.0, 0, 0, input.toLowerCase(), 3.0
14, 17084, -0.5, 1.0, -4.0, 0.5, 0, 0, input.toLowerCase(), 3.5
14, 17085, -0.5, 1.0, -4.0, 1.0, 0, 0, input.toLowerCase(), 4.0
14, 17086, -0.5, 1.0, -4.0, 1.5, 0, 0, input.toLowerCase(), 4.5
14, 17087, -0.5, 1.0, -4.0, 2.0, 0, 0, input.toLowerCase(), 5.0
14, 17088, -0.5, 1.0, -4.0, 2.5, 0, 0, input.toLowerCase(), 5.5
14, 17089, -0.5, 1.0, -4.0, 3.0, 0, 1, input.toLowerCase(), 6.0
14, 17090, -0.5, 1.0, -4.0, 3.5, 0, 1, input.toLowerCase(), 6.5
14, 17091, -0.5, 1.0, -4.0, 4.0, 0, 2, input.toLowerCase(), 7.0
14, 17092, -0.5, 1.0, -4.0, 4.5, 12, 61, Short.toString(), -7.5
14, 17093, -0.5, 1.0, -4.0, 5.0, 12, 64, Short.toString(), -7.5
14, 17094, -0.5, 1.0, -3.5, 0.0, 0, 0, input.toLowerCase(), 3.0
14, 17095, -0.5, 1.0, -3.5, 0.5, 0, 0, input.toLowerCase(), 3.5
14, 17096, -0.5, 1.0, -3.5, 1.0, 0, 0, input.toLowerCase(), 4.0
14, 17097, -0.5, 1.0, -3.5, 1.5, 0, 0, input.toLowerCase(), 4.5
14, 17098, -0.5, 1.0, -3.5, 2.0, 0, 0, input.toLowerCase(), 5.0
14, 17099, -0.5, 1.0, -3.5, 2.5, 0, 1, input.toLowerCase(), 5.5
14, 17100, -0.5, 1.0, -3.5, 3.0, 0, 1, input.toLowerCase(), 6.0
14, 17101, -0.5, 1.0, -3.5, 3.5, 0, 2, input.toLowerCase(), 6.5
14, 17102, -0.5, 1.0, -3.5, 4.0, 12, 61, Short.toString(), -6.5
14, 17103, -0.5, 1.0, -3.5, 4.5, 12, 64, Short.toString(), -6.5
14, 17104, -0.5, 1.0, -3.5, 5.0, 12, 65, Short.toString(), -6.5
14, 17105, -0.5, 1.0, -3.0, 0.0, 0, 0, input.toLowerCase(), 3.0
14, 17106, -0.5, 1.0, -3.0, 0.5, 0, 0, input.toLowerCase(), 3.5
14, 17107, -0.5, 1.0, -3.0, 1.0, 0, 0, input.toLowerCase(), 4.0
14, 17108, -0.5, 1.0, -3.0, 1.5, 0, 0, input.toLowerCase(), 4.5
14, 17109, -0.5, 1.0, -3.0, 2.0, 0, 0, input.toLowerCase(), 5.0
14, 17110, -0.5, 1.0, -3.0, 2.5, 0, 1, input.toLowerCase(), 5.5
14, 17111, -0.5, 1.0, -3.0, 3.0, 0, 1, input.toLowerCase(), 6.0
14, 17112, -0.5, 1.0, -3.0, 3.5, 7, 21, input.toLowerCase().trim(), 3.0
14, 17113, -0.5, 1.0, -3.0, 4.0, 12, 65, Short.toString(), -5.5
14, 17114, -0.5, 1.0, -3.0, 4.5, 12, 67, Short.toString(), -5.5
14, 17115, -0.5, 1.0, -3.0, 5.0, 12, 69, Short.toString(), -5.5
14, 17116, -0.5, 1.0, -2.5, 0.0, 0, 0, input.toLowerCase(), 3.0
14, 17117, -0.5, 1.0, -2.5, 0.5, 0, 0, input.toLowerCase(), 3.5
14, 17118, -0.5, 1.0, -2.5, 1.0, 0, 0, input.toLowerCase(), 4.0
14, 17119, -0.5, 1.0, -2.5, 1.5, 0, 0, input.toLowerCase(), 4.5
14, 17120, -0.5, 1.0, -2.5, 2.0, 0, 1, input.toLowerCase(), 5.0
14, 17121, -0.5, 1.0, -2.5, 2.5, 0, 1, input.toLowerCase(), 5.5
14, 17122, -0.5, 1.0, -2.5, 3.0, 6, 25, input.toLowerCase().get(), 3.0
14, 17123, -0.5, 1.0, -2.5, 3.5, 12, 66, Short.toString(), -4.5
14, 17124, -0.5, 1.0, -2.5, 4.0, 12, 69, Short.toString(), -4.5
14, 17125, -0.5, 1.0, -2.5, 4.5, 12, 69, Short.toString(), -4.5
14, 17126, -0.5, 1.0, -2.5, 5.0, 12, 73, Short.toString(), -4.5
14, 17127, -0.5, 1.0, -2.0, 0.0, 0, 0, input.toLowerCase(), 3.0
14, 17128, -0.5, 1.0, -2.0, 0.5, 0, 0, input.toLowerCase(), 3.5
14, 17129, -0.5, 1.0, -2.0, 1.0, 0, 0, input.toLowerCase(), 4.0
14, 17130, -0.5, 1.0, -2.0, 1.5, 0, 0, input.toLowerCase(), 4.5
14, 17131, -0.5, 1.0, -2.0, 2.0, 0, 1, input.toLowerCase(), 5.0
14, 17132, -0.5, 1.0, -2.0, 2.5, 0, 2, input.toLowerCase(), 5.5
14, 17133, -0.5, 1.0, -2.0, 3.0, 7, 25, input.toLowerCase().trim(), 3.5
14, 17134, -0.5, 1.0, -2.0, 3.5, 12, 69, Short.toString(), -3.5
14, 17135, -0.5, 1.0, -2.0, 4.0, 12, 73, Short.toString(), -3.5
14, 17136, -0.5, 1.0, -2.0, 4.5, 12, 83, Short.toString(), -3.5
14, 17137, -0.5, 1.0, -2.0, 5.0, 12, 83, Short.toString(), -3.5
14, 17138, -0.5, 1.0, -1.5, 0.0, 0, 0, input.toLowerCase(), 3.0
14, 17139, -0.5, 1.0, -1.5, 0.5, 0, 0, input.toLowerCase(), 3.5
14, 17140, -0.5, 1.0, -1.5, 1.0, 0, 0, input.toLowerCase(), 4.0
14, 17141, -0.5, 1.0, -1.5, 1.5, 0, 1, input.toLowerCase(), 4.5
14, 17142, -0.5, 1.0, -1.5, 2.0, 0, 1, input.toLowerCase(), 5.0
14, 17143, -0.5, 1.0, -1.5, 2.5, 0, 11, input.toLowerCase(), 5.5
14, 17144, -0.5, 1.0, -1.5, 3.0, 12, 76, Short.toString(), -2.5
14, 17145, -0.5, 1.0, -1.5, 3.5, 12, 83, Short.toString(), -2.5
14, 17146, -0.5, 1.0, -1.5, 4.0, 12, 83, Short.toString(), -2.5
14, 17147, -0.5, 1.0, -1.5, 4.5, 12, 94, Float.toString(), -2.5
14, 17148, -0.5, 1.0, -1.5, 5.0, 12, 99, Float.toString(), -2.5
14, 17149, -0.5, 1.0, -1.0, 0.0, 0, 0, input.toLowerCase(), 3.0
14, 17150, -0.5, 1.0, -1.0, 0.5, 0, 0, input.toLowerCase(), 3.5
14, 17151, -0.5, 1.0, -1.0, 1.0, 0, 0, input.toLowerCase(), 4.0
14, 17152, -0.5, 1.0, -1.0, 1.5, 0, 1, input.toLowerCase(), 4.5
14, 17153, -0.5, 1.0, -1.0, 2.0, 0, 4, input.toLowerCase(), 5.0
14, 17154, -0.5, 1.0, -1.0, 2.5, 12, 86, Float.toString(), -1.5
14, 17155, -0.5, 1.0, -1.0, 3.0, 12, 97, Float.toString(), -1.5
14, 17156, -0.5, 1.0, -1.0, 3.5, 12, 104, Float.toString(), -1.5
14, 17157, -0.5, 1.0, -1.0, 4.0, 13, 122, typeName(), -2.5
14, 17158, -0.5, 1.0, -1.0, 4.5, 13, 122, typeName(), -2.5
14, 17159, -0.5, 1.0, -1.0, 5.0, 13, 141, typeName(), -2.5
14, 17160, -0.5, 1.0, -0.5, 0.0, 0, 0, input.toLowerCase(), 3.0
14, 17161, -0.5, 1.0, -0.5, 0.5, 0, 0, input.toLowerCase(), 3.5
14, 17162, -0.5, 1.0, -0.5, 1.0, 0, 1, input.toLowerCase(), 4.0
14, 17163, -0.5, 1.0, -0.5, 1.5, 0, 5, input.toLowerCase(), 4.5
14, 17164, -0.5, 1.0, -0.5, 2.0, 0, 19, input.toLowerCase(), 5.0
14, 17165, -0.5, 1.0, -0.5, 2.5, 13, 137, typeName(), -1.5
14, 17166, -0.5, 1.0, -0.5, 3.0, 13, 155, typeName(), -1.5
14, 17167, -0.5, 1.0, -0.5, 3.5, 13, 174, typeName(), -1.5
14, 17168, -0.5, 1.0, -0.5, 4.0, 13, 205, typeName(), -1.5
14, 17169, -0.5, 1.0, -0.5, 4.5, 13, 231, typeName(), -1.5
14, 17170, -0.5, 1.0, -0.5, 5.0, 13, 246, typeName(), -1.5
14, 17171, -0.5, 1.0, 0.0, 0.0, 0, 0, input.toLowerCase(), 3.0
14, 17172, -0.5, 1.0, 0.0, 0.5, 0, 0, input.toLowerCase(), 3.5
14, 17173, -0.5, 1.0, 0.0, 1.0, 0, 5, input.toLowerCase(), 4.0
14, 17174, -0.5, 1.0, 0.0, 1.5, 0, 34, input.toLowerCase(), 4.5
14, 17175, -0.5, 1.0, 0.0, 2.0, 13, 246, getMessage(), -0.5
14, 17176, -0.5, 1.0, 0.0, 2.5, 14, 135, input.exec().toString(), 3.0
14, 17177, -0.5, 1.0, 0.0, 3.0, 14, 137, input.exec().toString(), 3.5
14, 17178, -0.5, 1.0, 0.0, 3.5, 14, 137, input.exec().toString(), 4.0
14, 17179, -0.5, 1.0, 0.0, 4.0, 14, 137, input.exec().toString(), 4.5
14, 17180, -0.5, 1.0, 0.0, 4.5, 14, 137, input.exec().toString(), 5.0
14, 17181, -0.5, 1.0, 0.0, 5.0, 14, 137, input.exec().toString(), 5.5
14, 17182, 0.0, 1.0, -5.0, 0.0, 0, 0, input.toLowerCase(), 4.0
14, 17183, 0.0, 1.0, -5.0, 0.5, 0, 0, input.toLowerCase(), 4.5
14, 17184, 0.0, 1.0, -5.0, 1.0, 0, 0, input.toLowerCase(), 5.0
14, 17185, 0.0, 1.0, -5.0, 1.5, 0, 0, input.toLowerCase(), 5.5
14, 17186, 0.0, 1.0, -5.0, 2.0, 0, 0, input.toLowerCase(), 6.0
14, 17187, 0.0, 1.0, -5.0, 2.5, 0, 1, input.toLowerCase(), 6.5
14, 17188, 0.0, 1.0, -5.0, 3.0, 0, 1, input.toLowerCase(), 7.0
14, 17189, 0.0, 1.0, -5.0, 3.5, 0, 1, input.toLowerCase(), 7.5
14, 17190, 0.0, 1.0, -5.0, 4.0, 0, 2, input.toLowerCase(), 8.0
14, 17191, 0.0, 1.0, -5.0, 4.5, 12, 61, Short.toString(), -9.0
14, 17192, 0.0, 1.0, -5.0, 5.0, 12, 64, Short.toString(), -9.0
14, 17193, 0.0, 1.0, -4.5, 0.0, 0, 0, input.toLowerCase(), 4.0
14, 17194, 0.0, 1.0, -4.5, 0.5, 0, 0, input.toLowerCase(), 4.5
14, 17195, 0.0, 1.0, -4.5, 1.0, 0, 0, input.toLowerCase(), 5.0
14, 17196, 0.0, 1.0, -4.5, 1.5, 0, 0, input.toLowerCase(), 5.5
14, 17197, 0.0, 1.0, -4.5, 2.0, 0, 0, input.toLowerCase(), 6.0
14, 17198, 0.0, 1.0, -4.5, 2.5, 0, 1, input.toLowerCase(), 6.5
14, 17199, 0.0, 1.0, -4.5, 3.0, 0, 1, input.toLowerCase(), 7.0
14, 17200, 0.0, 1.0, -4.5, 3.5, 0, 2, input.toLowerCase(), 7.5
14, 17201, 0.0, 1.0, -4.5, 4.0, 12, 61, Short.toString(), -8.0
14, 17202, 0.0, 1.0, -4.5, 4.5, 12, 64, Short.toString(), -8.0
14, 17203, 0.0, 1.0, -4.5, 5.0, 12, 65, Short.toString(), -8.0
14, 17204, 0.0, 1.0, -4.0, 0.0, 0, 0, input.toLowerCase(), 4.0
14, 17205, 0.0, 1.0, -4.0, 0.5, 0, 0, input.toLowerCase(), 4.5
14, 17206, 0.0, 1.0, -4.0, 1.0, 0, 0, input.toLowerCase(), 5.0
14, 17207, 0.0, 1.0, -4.0, 1.5, 0, 0, input.toLowerCase(), 5.5
14, 17208, 0.0, 1.0, -4.0, 2.0, 0, 1, input.toLowerCase(), 6.0
14, 17209, 0.0, 1.0, -4.0, 2.5, 0, 1, input.toLowerCase(), 6.5
14, 17210, 0.0, 1.0, -4.0, 3.0, 0, 2, input.toLowerCase(), 7.0
14, 17211, 0.0, 1.0, -4.0, 3.5, 7, 21, input.toLowerCase().trim(), 3.5
14, 17212, 0.0, 1.0, -4.0, 4.0, 12, 64, Short.toString(), -7.0
14, 17213, 0.0, 1.0, -4.0, 4.5, 12, 66, Short.toString(), -7.0
14, 17214, 0.0, 1.0, -4.0, 5.0, 12, 67, Short.toString(), -7.0
14, 17215, 0.0, 1.0, -3.5, 0.0, 0, 0, input.toLowerCase(), 4.0
14, 17216, 0.0, 1.0, -3.5, 0.5, 0, 0, input.toLowerCase(), 4.5
14, 17217, 0.0, 1.0, -3.5, 1.0, 0, 0, input.toLowerCase(), 5.0
14, 17218, 0.0, 1.0, -3.5, 1.5, 0, 0, input.toLowerCase(), 5.5
14, 17219, 0.0, 1.0, -3.5, 2.0, 0, 1, input.toLowerCase(), 6.0
14, 17220, 0.0, 1.0, -3.5, 2.5, 0, 1, input.toLowerCase(), 6.5
14, 17221, 0.0, 1.0, -3.5, 3.0, 6, 24, input.toLowerCase().get(), 3.5
14, 17222, 0.0, 1.0, -3.5, 3.5, 12, 66, Short.toString(), -6.0
14, 17223, 0.0, 1.0, -3.5, 4.0, 12, 66, Short.toString(), -6.0
14, 17224, 0.0, 1.0, -3.5, 4.5, 12, 69, Short.toString(), -6.0
14, 17225, 0.0, 1.0, -3.5, 5.0, 12, 69, Short.toString(), -6.0
14, 17226, 0.0, 1.0, -3.0, 0.0, 0, 0, input.toLowerCase(), 4.0
14, 17227, 0.0, 1.0, -3.0, 0.5, 0, 0, input.toLowerCase(), 4.5
14, 17228, 0.0, 1.0, -3.0, 1.0, 0, 0, input.toLowerCase(), 5.0
14, 17229, 0.0, 1.0, -3.0, 1.5, 0, 1, input.toLowerCase(), 5.5
14, 17230, 0.0, 1.0, -3.0, 2.0, 0, 1, input.toLowerCase(), 6.0
14, 17231, 0.0, 1.0, -3.0, 2.5, 0, 2, input.toLowerCase(), 6.5
14, 17232, 0.0, 1.0, -3.0, 3.0, 7, 25, input.toLowerCase().trim(), 4.0
14, 17233, 0.0, 1.0, -3.0, 3.5, 12, 67, Short.toString(), -5.0
14, 17234, 0.0, 1.0, -3.0, 4.0, 12, 69, Short.toString(), -5.0
14, 17235, 0.0, 1.0, -3.0, 4.5, 12, 73, Short.toString(), -5.0
14, 17236, 0.0, 1.0, -3.0, 5.0, 12, 73, Short.toString(), -5.0
14, 17237, 0.0, 1.0, -2.5, 0.0, 0, 0, input.toLowerCase(), 4.0
14, 17238, 0.0, 1.0, -2.5, 0.5, 0, 0, input.toLowerCase(), 4.5
14, 17239, 0.0, 1.0, -2.5, 1.0, 0, 0, input.toLowerCase(), 5.0
14, 17240, 0.0, 1.0, -2.5, 1.5, 0, 1, input.toLowerCase(), 5.5
14, 17241, 0.0, 1.0, -2.5, 2.0, 0, 1, input.toLowerCase(), 6.0
14, 17242, 0.0, 1.0, -2.5, 2.5, 0, 9, input.toLowerCase(), 6.5
14, 17243, 0.0, 1.0, -2.5, 3.0, 12, 70, Short.toString(), -4.0
14, 17244, 0.0, 1.0, -2.5, 3.5, 12, 75, Short.toString(), -4.0
14, 17245, 0.0, 1.0, -2.5, 4.0, 12, 76, Short.toString(), -4.0
14, 17246, 0.0, 1.0, -2.5, 4.5, 12, 83, Short.toString(), -4.0
14, 17247, 0.0, 1.0, -2.5, 5.0, 12, 83, Short.toString(), -4.0
14, 17248, 0.0, 1.0, -2.0, 0.0, 0, 0, input.toLowerCase(), 4.0
14, 17249, 0.0, 1.0, -2.0, 0.5, 0, 0, input.toLowerCase(), 4.5
14, 17250, 0.0, 1.0, -2.0, 1.0, 0, 1, input.toLowerCase(), 5.0
14, 17251, 0.0, 1.0, -2.0, 1.5, 0, 1, input.toLowerCase(), 5.5
14, 17252, 0.0, 1.0, -2.0, 2.0, 0, 4, input.toLowerCase(), 6.0
14, 17253, 0.0, 1.0, -2.0, 2.5, 12, 77, Short.toString(), -3.0
14, 17254, 0.0, 1.0, -2.0, 3.0, 12, 77, Short.toString(), -3.0
14, 17255, 0.0, 1.0, -2.0, 3.5, 12, 82, Short.toString(), -3.0
14, 17256, 0.0, 1.0, -2.0, 4.0, 12, 83, Short.toString(), -3.0
14, 17257, 0.0, 1.0, -2.0, 4.5, 12, 94, Float.toString(), -3.0
14, 17258, 0.0, 1.0, -2.0, 5.0, 12, 94, Float.toString(), -3.0
14, 17259, 0.0, 1.0, -1.5, 0.0, 0, 0, input.toLowerCase(), 4.0
14, 17260, 0.0, 1.0, -1.5, 0.5, 0, 0, input.toLowerCase(), 4.5
14, 17261, 0.0, 1.0, -1.5, 1.0, 0, 1, input.toLowerCase(), 5.0
14, 17262, 0.0, 1.0, -1.5, 1.5, 0, 4, input.toLowerCase(), 5.5
14, 17263, 0.0, 1.0, -1.5, 2.0, 12, 73, Short.toString(), -2.0
14, 17264, 0.0, 1.0, -1.5, 2.5, 12, 86, Float.toString(), -2.0
14, 17265, 0.0, 1.0, -1.5, 3.0, 12, 93, Float.toString(), -2.0
14, 17266, 0.0, 1.0, -1.5, 3.5, 12, 97, Float.toString(), -2.0
14, 17267, 0.0, 1.0, -1.5, 4.0, 12, 104, Float.toString(), -2.0
14, 17268, 0.0, 1.0, -1.5, 4.5, 13, 121, typeName(), -3.0
14, 17269, 0.0, 1.0, -1.5, 5.0, 13, 121, typeName(), -3.0
14, 17270, 0.0, 1.0, -1.0, 0.0, 0, 0, input.toLowerCase(), 4.0
14, 17271, 0.0, 1.0, -1.0, 0.5, 0, 1, input.toLowerCase(), 4.5
14, 17272, 0.0, 1.0, -1.0, 1.0, 0, 4, input.toLowerCase(), 5.0
14, 17273, 0.0, 1.0, -1.0, 1.5, 12, 82, Short.toString(), -1.0
14, 17274, 0.0, 1.0, -1.0, 2.0, 12, 82, Short.toString(), -1.0
14, 17275, 0.0, 1.0, -1.0, 2.5, 13, 119, typeName(), -2.0
14, 17276, 0.0, 1.0, -1.0, 3.0, 13, 122, typeName(), -2.0
14, 17277, 0.0, 1.0, -1.0, 3.5, 13, 141, typeName(), -2.0
14, 17278, 0.0, 1.0, -1.0, 4.0, 13, 141, typeName(), -2.0
14, 17279, 0.0, 1.0, -1.0, 4.5, 13, 170, typeName(), -2.0
14, 17280, 0.0, 1.0, -1.0, 5.0, 13, 170, typeName(), -2.0
14, 17281, 0.0, 1.0, -0.5, 0.0, 0, 0, input.toLowerCase(), 4.0
14, 17282, 0.0, 1.0, -0.5, 0.5, 0, 4, input.toLowerCase(), 4.5
14, 17283, 0.0, 1.0, -0.5, 1.0, 13, 157, typeName(), -1.0
14, 17284, 0.0, 1.0, -0.5, 1.5, 13, 157, typeName(), -1.0
14, 17285, 0.0, 1.0, -0.5, 2.0, 13, 157, typeName(), -1.0
14, 17286, 0.0, 1.0, -0.5, 2.5, 13, 202, typeName(), -1.0
14, 17287, 0.0, 1.0, -0.5, 3.0, 13, 231, typeName(), -1.0
14, 17288, 0.0, 1.0, -0.5, 3.5, 13, 246, typeName(), -1.0
14, 17289, 0.0, 1.0, -0.5, 4.0, 14, 95, input.exec().toString(), 5.0
14, 17290, 0.0, 1.0, -0.5, 4.5, 14, 95, input.exec().toString(), 5.5
14, 17291, 0.0, 1.0, -0.5, 5.0, 14, 95, input.exec().toString(), 6.0
14, 17292, 0.0, 1.0, 0.0, 0.0, 0, 50, input.toLowerCase(), 4.0
14, 17293, 0.0, 1.0, 0.0, 0.5, 14, 244, input, 1.5
14, 17294, 0.0, 1.0, 0.0, 1.0, 14, 244, input, 2.0
14, 17295, 0.0, 1.0, 0.0, 1.5, 14, 244, input, 2.5
14, 17296, 0.0, 1.0, 0.0, 2.0, 14, 226, input, 3.0
14, 17297, 0.0, 1.0, 0.0, 2.5, 14, 138, input.exec().toString(), 4.5
14, 17298, 0.0, 1.0, 0.0, 3.0, 14, 138, input.exec().toString(), 5.0
14, 17299, 0.0, 1.0, 0.0, 3.5, 14, 138, input.exec().toString(), 5.5
14, 17300, 0.0, 1.0, 0.0, 4.0, 14, 138, input.exec().toString(), 6.0
14, 17301, 0.0, 1.0, 0.0, 4.5, 14, 138, input.exec().toString(), 6.5
14, 17302, 0.0, 1.0, 0.0, 5.0, 14, 138, input.exec().toString(), 7.0
