4, 3993, -5.0, 1.0, -5.0, 0.0, 11, contains()
4, 3994, -5.0, 1.0, -5.0, 0.5, 11, contains()
4, 3995, -5.0, 1.0, -5.0, 1.0, 11, contains()
4, 3996, -5.0, 1.0, -5.0, 1.5, 11, contains()
4, 3997, -5.0, 1.0, -5.0, 2.0, 11, contains()
4, 3998, -5.0, 1.0, -5.0, 2.5, 11, contains()
4, 3999, -5.0, 1.0, -5.0, 3.0, 11, contains()
4, 4000, -5.0, 1.0, -5.0, 3.5, 11, contains()
4, 4001, -5.0, 1.0, -5.0, 4.0, 11, contains()
4, 4002, -5.0, 1.0, -5.0, 4.5, 9, food.contains()
4, 4003, -5.0, 1.0, -5.0, 5.0, 9, food.contains()
4, 4004, -5.0, 1.0, -4.5, 0.0, 11, contains()
4, 4005, -5.0, 1.0, -4.5, 0.5, 11, contains()
4, 4006, -5.0, 1.0, -4.5, 1.0, 11, contains()
4, 4007, -5.0, 1.0, -4.5, 1.5, 11, contains()
4, 4008, -5.0, 1.0, -4.5, 2.0, 11, contains()
4, 4009, -5.0, 1.0, -4.5, 2.5, 11, contains()
4, 4010, -5.0, 1.0, -4.5, 3.0, 11, contains()
4, 4011, -5.0, 1.0, -4.5, 3.5, 11, contains()
4, 4012, -5.0, 1.0, -4.5, 4.0, 11, contains()
4, 4013, -5.0, 1.0, -4.5, 4.5, 9, food.contains()
4, 4014, -5.0, 1.0, -4.5, 5.0, 9, food.contains()
4, 4015, -5.0, 1.0, -4.0, 0.0, 11, contains()
4, 4016, -5.0, 1.0, -4.0, 0.5, 11, contains()
4, 4017, -5.0, 1.0, -4.0, 1.0, 11, contains()
4, 4018, -5.0, 1.0, -4.0, 1.5, 11, contains()
4, 4019, -5.0, 1.0, -4.0, 2.0, 11, contains()
4, 4020, -5.0, 1.0, -4.0, 2.5, 11, contains()
4, 4021, -5.0, 1.0, -4.0, 3.0, 11, contains()
4, 4022, -5.0, 1.0, -4.0, 3.5, 11, contains()
4, 4023, -5.0, 1.0, -4.0, 4.0, 11, contains()
4, 4024, -5.0, 1.0, -4.0, 4.5, 9, food.contains()
4, 4025, -5.0, 1.0, -4.0, 5.0, 9, food.contains()
4, 4026, -5.0, 1.0, -3.5, 0.0, 11, contains()
4, 4027, -5.0, 1.0, -3.5, 0.5, 11, contains()
4, 4028, -5.0, 1.0, -3.5, 1.0, 11, contains()
4, 4029, -5.0, 1.0, -3.5, 1.5, 11, contains()
4, 4030, -5.0, 1.0, -3.5, 2.0, 11, contains()
4, 4031, -5.0, 1.0, -3.5, 2.5, 11, contains()
4, 4032, -5.0, 1.0, -3.5, 3.0, 11, contains()
4, 4033, -5.0, 1.0, -3.5, 3.5, 11, contains()
4, 4034, -5.0, 1.0, -3.5, 4.0, 11, contains()
4, 4035, -5.0, 1.0, -3.5, 4.5, 9, food.contains()
4, 4036, -5.0, 1.0, -3.5, 5.0, 9, food.contains()
4, 4037, -5.0, 1.0, -3.0, 0.0, 11, contains()
4, 4038, -5.0, 1.0, -3.0, 0.5, 11, contains()
4, 4039, -5.0, 1.0, -3.0, 1.0, 11, contains()
4, 4040, -5.0, 1.0, -3.0, 1.5, 11, contains()
4, 4041, -5.0, 1.0, -3.0, 2.0, 11, contains()
4, 4042, -5.0, 1.0, -3.0, 2.5, 11, contains()
4, 4043, -5.0, 1.0, -3.0, 3.0, 11, contains()
4, 4044, -5.0, 1.0, -3.0, 3.5, 11, contains()
4, 4045, -5.0, 1.0, -3.0, 4.0, 11, contains()
4, 4046, -5.0, 1.0, -3.0, 4.5, 9, food.contains()
4, 4047, -5.0, 1.0, -3.0, 5.0, 9, food.contains()
4, 4048, -5.0, 1.0, -2.5, 0.0, 11, contains()
4, 4049, -5.0, 1.0, -2.5, 0.5, 11, contains()
4, 4050, -5.0, 1.0, -2.5, 1.0, 11, contains()
4, 4051, -5.0, 1.0, -2.5, 1.5, 11, contains()
4, 4052, -5.0, 1.0, -2.5, 2.0, 11, contains()
4, 4053, -5.0, 1.0, -2.5, 2.5, 11, contains()
4, 4054, -5.0, 1.0, -2.5, 3.0, 11, contains()
4, 4055, -5.0, 1.0, -2.5, 3.5, 11, contains()
4, 4056, -5.0, 1.0, -2.5, 4.0, 11, contains()
4, 4057, -5.0, 1.0, -2.5, 4.5, 9, food.contains()
4, 4058, -5.0, 1.0, -2.5, 5.0, 9, food.contains()
4, 4059, -5.0, 1.0, -2.0, 0.0, 11, contains()
4, 4060, -5.0, 1.0, -2.0, 0.5, 11, contains()
4, 4061, -5.0, 1.0, -2.0, 1.0, 11, contains()
4, 4062, -5.0, 1.0, -2.0, 1.5, 11, contains()
4, 4063, -5.0, 1.0, -2.0, 2.0, 11, contains()
4, 4064, -5.0, 1.0, -2.0, 2.5, 11, contains()
4, 4065, -5.0, 1.0, -2.0, 3.0, 11, contains()
4, 4066, -5.0, 1.0, -2.0, 3.5, 11, contains()
4, 4067, -5.0, 1.0, -2.0, 4.0, 11, contains()
4, 4068, -5.0, 1.0, -2.0, 4.5, 9, food.contains()
4, 4069, -5.0, 1.0, -2.0, 5.0, 16, food.isFruit()
4, 4070, -5.0, 1.0, -1.5, 0.0, 11, contains()
4, 4071, -5.0, 1.0, -1.5, 0.5, 11, contains()
4, 4072, -5.0, 1.0, -1.5, 1.0, 11, contains()
4, 4073, -5.0, 1.0, -1.5, 1.5, 11, contains()
4, 4074, -5.0, 1.0, -1.5, 2.0, 11, contains()
4, 4075, -5.0, 1.0, -1.5, 2.5, 11, contains()
4, 4076, -5.0, 1.0, -1.5, 3.0, 11, contains()
4, 4077, -5.0, 1.0, -1.5, 3.5, 11, contains()
4, 4078, -5.0, 1.0, -1.5, 4.0, 11, contains()
4, 4079, -5.0, 1.0, -1.5, 4.5, 16, food.isFruit()
4, 4080, -5.0, 1.0, -1.5, 5.0, 16, food.isFruit()
4, 4081, -5.0, 1.0, -1.0, 0.0, 11, contains()
4, 4082, -5.0, 1.0, -1.0, 0.5, 11, contains()
4, 4083, -5.0, 1.0, -1.0, 1.0, 11, contains()
4, 4084, -5.0, 1.0, -1.0, 1.5, 11, contains()
4, 4085, -5.0, 1.0, -1.0, 2.0, 11, contains()
4, 4086, -5.0, 1.0, -1.0, 2.5, 11, contains()
4, 4087, -5.0, 1.0, -1.0, 3.0, 11, contains()
4, 4088, -5.0, 1.0, -1.0, 3.5, 16, isFruit()
4, 4089, -5.0, 1.0, -1.0, 4.0, 16, isFruit()
4, 4090, -5.0, 1.0, -1.0, 4.5, 16, food.isFruit()
4, 4091, -5.0, 1.0, -1.0, 5.0, 16, food.isFruit()
4, 4092, -5.0, 1.0, -0.5, 0.0, 11, contains()
4, 4093, -5.0, 1.0, -0.5, 0.5, 11, contains()
4, 4094, -5.0, 1.0, -0.5, 1.0, 11, contains()
4, 4095, -5.0, 1.0, -0.5, 1.5, 11, contains()
4, 4096, -5.0, 1.0, -0.5, 2.0, 11, contains()
4, 4097, -5.0, 1.0, -0.5, 2.5, 16, isFruit()
4, 4098, -5.0, 1.0, -0.5, 3.0, 16, isFruit()
4, 4099, -5.0, 1.0, -0.5, 3.5, 16, isFruit()
4, 4100, -5.0, 1.0, -0.5, 4.0, 16, isFruit()
4, 4101, -5.0, 1.0, -0.5, 4.5, 16, food.isFruit()
4, 4102, -5.0, 1.0, -0.5, 5.0, 16, food.isFruit()
4, 4103, -5.0, 1.0, 0.0, 0.0, 12, containsKey()
4, 4104, -5.0, 1.0, 0.0, 0.5, 12, containsKey()
4, 4105, -5.0, 1.0, 0.0, 1.0, 12, containsKey()
4, 4106, -5.0, 1.0, 0.0, 1.5, 16, isFruit()
4, 4107, -5.0, 1.0, 0.0, 2.0, 16, isFruit()
4, 4108, -5.0, 1.0, 0.0, 2.5, 16, isFruit()
4, 4109, -5.0, 1.0, 0.0, 3.0, 16, isFruit()
4, 4110, -5.0, 1.0, 0.0, 3.5, 16, isFruit()
4, 4111, -5.0, 1.0, 0.0, 4.0, 16, isFruit()
4, 4112, -5.0, 1.0, 0.0, 4.5, 16, food.isFruit()
4, 4113, -5.0, 1.0, 0.0, 5.0, 16, food.isFruit()
4, 4114, -4.5, 1.0, -5.0, 0.0, 11, contains()
4, 4115, -4.5, 1.0, -5.0, 0.5, 11, contains()
4, 4116, -4.5, 1.0, -5.0, 1.0, 11, contains()
4, 4117, -4.5, 1.0, -5.0, 1.5, 11, contains()
4, 4118, -4.5, 1.0, -5.0, 2.0, 11, contains()
4, 4119, -4.5, 1.0, -5.0, 2.5, 11, contains()
4, 4120, -4.5, 1.0, -5.0, 3.0, 11, contains()
4, 4121, -4.5, 1.0, -5.0, 3.5, 11, contains()
4, 4122, -4.5, 1.0, -5.0, 4.0, 9, food.contains()
4, 4123, -4.5, 1.0, -5.0, 4.5, 9, food.contains()
4, 4124, -4.5, 1.0, -5.0, 5.0, 9, food.contains()
4, 4125, -4.5, 1.0, -4.5, 0.0, 11, contains()
4, 4126, -4.5, 1.0, -4.5, 0.5, 11, contains()
4, 4127, -4.5, 1.0, -4.5, 1.0, 11, contains()
4, 4128, -4.5, 1.0, -4.5, 1.5, 11, contains()
4, 4129, -4.5, 1.0, -4.5, 2.0, 11, contains()
4, 4130, -4.5, 1.0, -4.5, 2.5, 11, contains()
4, 4131, -4.5, 1.0, -4.5, 3.0, 11, contains()
4, 4132, -4.5, 1.0, -4.5, 3.5, 11, contains()
4, 4133, -4.5, 1.0, -4.5, 4.0, 9, food.contains()
4, 4134, -4.5, 1.0, -4.5, 4.5, 9, food.contains()
4, 4135, -4.5, 1.0, -4.5, 5.0, 9, food.contains()
4, 4136, -4.5, 1.0, -4.0, 0.0, 11, contains()
4, 4137, -4.5, 1.0, -4.0, 0.5, 11, contains()
4, 4138, -4.5, 1.0, -4.0, 1.0, 11, contains()
4, 4139, -4.5, 1.0, -4.0, 1.5, 11, contains()
4, 4140, -4.5, 1.0, -4.0, 2.0, 11, contains()
4, 4141, -4.5, 1.0, -4.0, 2.5, 11, contains()
4, 4142, -4.5, 1.0, -4.0, 3.0, 11, contains()
4, 4143, -4.5, 1.0, -4.0, 3.5, 11, contains()
4, 4144, -4.5, 1.0, -4.0, 4.0, 9, food.contains()
4, 4145, -4.5, 1.0, -4.0, 4.5, 9, food.contains()
4, 4146, -4.5, 1.0, -4.0, 5.0, 9, food.contains()
4, 4147, -4.5, 1.0, -3.5, 0.0, 11, contains()
4, 4148, -4.5, 1.0, -3.5, 0.5, 11, contains()
4, 4149, -4.5, 1.0, -3.5, 1.0, 11, contains()
4, 4150, -4.5, 1.0, -3.5, 1.5, 11, contains()
4, 4151, -4.5, 1.0, -3.5, 2.0, 11, contains()
4, 4152, -4.5, 1.0, -3.5, 2.5, 11, contains()
4, 4153, -4.5, 1.0, -3.5, 3.0, 11, contains()
4, 4154, -4.5, 1.0, -3.5, 3.5, 11, contains()
4, 4155, -4.5, 1.0, -3.5, 4.0, 9, food.contains()
4, 4156, -4.5, 1.0, -3.5, 4.5, 9, food.contains()
4, 4157, -4.5, 1.0, -3.5, 5.0, 9, food.contains()
4, 4158, -4.5, 1.0, -3.0, 0.0, 11, contains()
4, 4159, -4.5, 1.0, -3.0, 0.5, 11, contains()
4, 4160, -4.5, 1.0, -3.0, 1.0, 11, contains()
4, 4161, -4.5, 1.0, -3.0, 1.5, 11, contains()
4, 4162, -4.5, 1.0, -3.0, 2.0, 11, contains()
4, 4163, -4.5, 1.0, -3.0, 2.5, 11, contains()
4, 4164, -4.5, 1.0, -3.0, 3.0, 11, contains()
4, 4165, -4.5, 1.0, -3.0, 3.5, 11, contains()
4, 4166, -4.5, 1.0, -3.0, 4.0, 9, food.contains()
4, 4167, -4.5, 1.0, -3.0, 4.5, 9, food.contains()
4, 4168, -4.5, 1.0, -3.0, 5.0, 9, food.contains()
4, 4169, -4.5, 1.0, -2.5, 0.0, 11, contains()
4, 4170, -4.5, 1.0, -2.5, 0.5, 11, contains()
4, 4171, -4.5, 1.0, -2.5, 1.0, 11, contains()
4, 4172, -4.5, 1.0, -2.5, 1.5, 11, contains()
4, 4173, -4.5, 1.0, -2.5, 2.0, 11, contains()
4, 4174, -4.5, 1.0, -2.5, 2.5, 11, contains()
4, 4175, -4.5, 1.0, -2.5, 3.0, 11, contains()
4, 4176, -4.5, 1.0, -2.5, 3.5, 11, contains()
4, 4177, -4.5, 1.0, -2.5, 4.0, 9, food.contains()
4, 4178, -4.5, 1.0, -2.5, 4.5, 9, food.contains()
4, 4179, -4.5, 1.0, -2.5, 5.0, 9, food.contains()
4, 4180, -4.5, 1.0, -2.0, 0.0, 11, contains()
4, 4181, -4.5, 1.0, -2.0, 0.5, 11, contains()
4, 4182, -4.5, 1.0, -2.0, 1.0, 11, contains()
4, 4183, -4.5, 1.0, -2.0, 1.5, 11, contains()
4, 4184, -4.5, 1.0, -2.0, 2.0, 11, contains()
4, 4185, -4.5, 1.0, -2.0, 2.5, 11, contains()
4, 4186, -4.5, 1.0, -2.0, 3.0, 11, contains()
4, 4187, -4.5, 1.0, -2.0, 3.5, 11, contains()
4, 4188, -4.5, 1.0, -2.0, 4.0, 9, food.contains()
4, 4189, -4.5, 1.0, -2.0, 4.5, 9, food.contains()
4, 4190, -4.5, 1.0, -2.0, 5.0, 16, food.isFruit()
4, 4191, -4.5, 1.0, -1.5, 0.0, 11, contains()
4, 4192, -4.5, 1.0, -1.5, 0.5, 11, contains()
4, 4193, -4.5, 1.0, -1.5, 1.0, 11, contains()
4, 4194, -4.5, 1.0, -1.5, 1.5, 11, contains()
4, 4195, -4.5, 1.0, -1.5, 2.0, 11, contains()
4, 4196, -4.5, 1.0, -1.5, 2.5, 11, contains()
4, 4197, -4.5, 1.0, -1.5, 3.0, 11, contains()
4, 4198, -4.5, 1.0, -1.5, 3.5, 11, contains()
4, 4199, -4.5, 1.0, -1.5, 4.0, 16, food.isFruit()
4, 4200, -4.5, 1.0, -1.5, 4.5, 16, food.isFruit()
4, 4201, -4.5, 1.0, -1.5, 5.0, 16, food.isFruit()
4, 4202, -4.5, 1.0, -1.0, 0.0, 11, contains()
4, 4203, -4.5, 1.0, -1.0, 0.5, 11, contains()
4, 4204, -4.5, 1.0, -1.0, 1.0, 11, contains()
4, 4205, -4.5, 1.0, -1.0, 1.5, 11, contains()
4, 4206, -4.5, 1.0, -1.0, 2.0, 11, contains()
4, 4207, -4.5, 1.0, -1.0, 2.5, 11, contains()
4, 4208, -4.5, 1.0, -1.0, 3.0, 11, contains()
4, 4209, -4.5, 1.0, -1.0, 3.5, 16, isFruit()
4, 4210, -4.5, 1.0, -1.0, 4.0, 16, food.isFruit()
4, 4211, -4.5, 1.0, -1.0, 4.5, 16, food.isFruit()
4, 4212, -4.5, 1.0, -1.0, 5.0, 16, food.isFruit()
4, 4213, -4.5, 1.0, -0.5, 0.0, 11, contains()
4, 4214, -4.5, 1.0, -0.5, 0.5, 11, contains()
4, 4215, -4.5, 1.0, -0.5, 1.0, 11, contains()
4, 4216, -4.5, 1.0, -0.5, 1.5, 11, contains()
4, 4217, -4.5, 1.0, -0.5, 2.0, 11, contains()
4, 4218, -4.5, 1.0, -0.5, 2.5, 16, isFruit()
4, 4219, -4.5, 1.0, -0.5, 3.0, 16, isFruit()
4, 4220, -4.5, 1.0, -0.5, 3.5, 16, isFruit()
4, 4221, -4.5, 1.0, -0.5, 4.0, 16, food.isFruit()
4, 4222, -4.5, 1.0, -0.5, 4.5, 16, food.isFruit()
4, 4223, -4.5, 1.0, -0.5, 5.0, 16, food.isFruit()
4, 4224, -4.5, 1.0, 0.0, 0.0, 12, containsKey()
4, 4225, -4.5, 1.0, 0.0, 0.5, 12, containsKey()
4, 4226, -4.5, 1.0, 0.0, 1.0, 12, containsKey()
4, 4227, -4.5, 1.0, 0.0, 1.5, 16, isFruit()
4, 4228, -4.5, 1.0, 0.0, 2.0, 16, isFruit()
4, 4229, -4.5, 1.0, 0.0, 2.5, 16, isFruit()
4, 4230, -4.5, 1.0, 0.0, 3.0, 16, isFruit()
4, 4231, -4.5, 1.0, 0.0, 3.5, 16, isFruit()
4, 4232, -4.5, 1.0, 0.0, 4.0, 16, food.isFruit()
4, 4233, -4.5, 1.0, 0.0, 4.5, 16, food.isFruit()
4, 4234, -4.5, 1.0, 0.0, 5.0, 18, new Task04().isFruit(food)
4, 4235, -4.0, 1.0, -5.0, 0.0, 11, contains()
4, 4236, -4.0, 1.0, -5.0, 0.5, 11, contains()
4, 4237, -4.0, 1.0, -5.0, 1.0, 11, contains()
4, 4238, -4.0, 1.0, -5.0, 1.5, 11, contains()
4, 4239, -4.0, 1.0, -5.0, 2.0, 11, contains()
4, 4240, -4.0, 1.0, -5.0, 2.5, 11, contains()
4, 4241, -4.0, 1.0, -5.0, 3.0, 11, contains()
4, 4242, -4.0, 1.0, -5.0, 3.5, 9, food.contains()
4, 4243, -4.0, 1.0, -5.0, 4.0, 9, food.contains()
4, 4244, -4.0, 1.0, -5.0, 4.5, 9, food.contains()
4, 4245, -4.0, 1.0, -5.0, 5.0, 9, food.contains()
4, 4246, -4.0, 1.0, -4.5, 0.0, 11, contains()
4, 4247, -4.0, 1.0, -4.5, 0.5, 11, contains()
4, 4248, -4.0, 1.0, -4.5, 1.0, 11, contains()
4, 4249, -4.0, 1.0, -4.5, 1.5, 11, contains()
4, 4250, -4.0, 1.0, -4.5, 2.0, 11, contains()
4, 4251, -4.0, 1.0, -4.5, 2.5, 11, contains()
4, 4252, -4.0, 1.0, -4.5, 3.0, 11, contains()
4, 4253, -4.0, 1.0, -4.5, 3.5, 9, food.contains()
4, 4254, -4.0, 1.0, -4.5, 4.0, 9, food.contains()
4, 4255, -4.0, 1.0, -4.5, 4.5, 9, food.contains()
4, 4256, -4.0, 1.0, -4.5, 5.0, 9, food.contains()
4, 4257, -4.0, 1.0, -4.0, 0.0, 11, contains()
4, 4258, -4.0, 1.0, -4.0, 0.5, 11, contains()
4, 4259, -4.0, 1.0, -4.0, 1.0, 11, contains()
4, 4260, -4.0, 1.0, -4.0, 1.5, 11, contains()
4, 4261, -4.0, 1.0, -4.0, 2.0, 11, contains()
4, 4262, -4.0, 1.0, -4.0, 2.5, 11, contains()
4, 4263, -4.0, 1.0, -4.0, 3.0, 11, contains()
4, 4264, -4.0, 1.0, -4.0, 3.5, 9, food.contains()
4, 4265, -4.0, 1.0, -4.0, 4.0, 9, food.contains()
4, 4266, -4.0, 1.0, -4.0, 4.5, 9, food.contains()
4, 4267, -4.0, 1.0, -4.0, 5.0, 9, food.contains()
4, 4268, -4.0, 1.0, -3.5, 0.0, 11, contains()
4, 4269, -4.0, 1.0, -3.5, 0.5, 11, contains()
4, 4270, -4.0, 1.0, -3.5, 1.0, 11, contains()
4, 4271, -4.0, 1.0, -3.5, 1.5, 11, contains()
4, 4272, -4.0, 1.0, -3.5, 2.0, 11, contains()
4, 4273, -4.0, 1.0, -3.5, 2.5, 11, contains()
4, 4274, -4.0, 1.0, -3.5, 3.0, 11, contains()
4, 4275, -4.0, 1.0, -3.5, 3.5, 9, food.contains()
4, 4276, -4.0, 1.0, -3.5, 4.0, 9, food.contains()
4, 4277, -4.0, 1.0, -3.5, 4.5, 9, food.contains()
4, 4278, -4.0, 1.0, -3.5, 5.0, 9, food.contains()
4, 4279, -4.0, 1.0, -3.0, 0.0, 11, contains()
4, 4280, -4.0, 1.0, -3.0, 0.5, 11, contains()
4, 4281, -4.0, 1.0, -3.0, 1.0, 11, contains()
4, 4282, -4.0, 1.0, -3.0, 1.5, 11, contains()
4, 4283, -4.0, 1.0, -3.0, 2.0, 11, contains()
4, 4284, -4.0, 1.0, -3.0, 2.5, 11, contains()
4, 4285, -4.0, 1.0, -3.0, 3.0, 11, contains()
4, 4286, -4.0, 1.0, -3.0, 3.5, 9, food.contains()
4, 4287, -4.0, 1.0, -3.0, 4.0, 9, food.contains()
4, 4288, -4.0, 1.0, -3.0, 4.5, 9, food.contains()
4, 4289, -4.0, 1.0, -3.0, 5.0, 9, food.contains()
4, 4290, -4.0, 1.0, -2.5, 0.0, 11, contains()
4, 4291, -4.0, 1.0, -2.5, 0.5, 11, contains()
4, 4292, -4.0, 1.0, -2.5, 1.0, 11, contains()
4, 4293, -4.0, 1.0, -2.5, 1.5, 11, contains()
4, 4294, -4.0, 1.0, -2.5, 2.0, 11, contains()
4, 4295, -4.0, 1.0, -2.5, 2.5, 11, contains()
4, 4296, -4.0, 1.0, -2.5, 3.0, 11, contains()
4, 4297, -4.0, 1.0, -2.5, 3.5, 9, food.contains()
4, 4298, -4.0, 1.0, -2.5, 4.0, 9, food.contains()
4, 4299, -4.0, 1.0, -2.5, 4.5, 9, food.contains()
4, 4300, -4.0, 1.0, -2.5, 5.0, 9, food.contains()
4, 4301, -4.0, 1.0, -2.0, 0.0, 11, contains()
4, 4302, -4.0, 1.0, -2.0, 0.5, 11, contains()
4, 4303, -4.0, 1.0, -2.0, 1.0, 11, contains()
4, 4304, -4.0, 1.0, -2.0, 1.5, 11, contains()
4, 4305, -4.0, 1.0, -2.0, 2.0, 11, contains()
4, 4306, -4.0, 1.0, -2.0, 2.5, 11, contains()
4, 4307, -4.0, 1.0, -2.0, 3.0, 11, contains()
4, 4308, -4.0, 1.0, -2.0, 3.5, 9, food.contains()
4, 4309, -4.0, 1.0, -2.0, 4.0, 9, food.contains()
4, 4310, -4.0, 1.0, -2.0, 4.5, 9, food.contains()
4, 4311, -4.0, 1.0, -2.0, 5.0, 16, food.isFruit()
4, 4312, -4.0, 1.0, -1.5, 0.0, 11, contains()
4, 4313, -4.0, 1.0, -1.5, 0.5, 11, contains()
4, 4314, -4.0, 1.0, -1.5, 1.0, 11, contains()
4, 4315, -4.0, 1.0, -1.5, 1.5, 11, contains()
4, 4316, -4.0, 1.0, -1.5, 2.0, 11, contains()
4, 4317, -4.0, 1.0, -1.5, 2.5, 11, contains()
4, 4318, -4.0, 1.0, -1.5, 3.0, 11, contains()
4, 4319, -4.0, 1.0, -1.5, 3.5, 9, food.contains()
4, 4320, -4.0, 1.0, -1.5, 4.0, 16, food.isFruit()
4, 4321, -4.0, 1.0, -1.5, 4.5, 16, food.isFruit()
4, 4322, -4.0, 1.0, -1.5, 5.0, 16, food.isFruit()
4, 4323, -4.0, 1.0, -1.0, 0.0, 11, contains()
4, 4324, -4.0, 1.0, -1.0, 0.5, 11, contains()
4, 4325, -4.0, 1.0, -1.0, 1.0, 11, contains()
4, 4326, -4.0, 1.0, -1.0, 1.5, 11, contains()
4, 4327, -4.0, 1.0, -1.0, 2.0, 11, contains()
4, 4328, -4.0, 1.0, -1.0, 2.5, 11, contains()
4, 4329, -4.0, 1.0, -1.0, 3.0, 11, contains()
4, 4330, -4.0, 1.0, -1.0, 3.5, 16, food.isFruit()
4, 4331, -4.0, 1.0, -1.0, 4.0, 16, food.isFruit()
4, 4332, -4.0, 1.0, -1.0, 4.5, 16, food.isFruit()
4, 4333, -4.0, 1.0, -1.0, 5.0, 16, food.isFruit()
4, 4334, -4.0, 1.0, -0.5, 0.0, 11, contains()
4, 4335, -4.0, 1.0, -0.5, 0.5, 11, contains()
4, 4336, -4.0, 1.0, -0.5, 1.0, 11, contains()
4, 4337, -4.0, 1.0, -0.5, 1.5, 11, contains()
4, 4338, -4.0, 1.0, -0.5, 2.0, 11, contains()
4, 4339, -4.0, 1.0, -0.5, 2.5, 16, isFruit()
4, 4340, -4.0, 1.0, -0.5, 3.0, 16, isFruit()
4, 4341, -4.0, 1.0, -0.5, 3.5, 16, food.isFruit()
4, 4342, -4.0, 1.0, -0.5, 4.0, 16, food.isFruit()
4, 4343, -4.0, 1.0, -0.5, 4.5, 16, food.isFruit()
4, 4344, -4.0, 1.0, -0.5, 5.0, 16, food.isFruit()
4, 4345, -4.0, 1.0, 0.0, 0.0, 12, containsKey()
4, 4346, -4.0, 1.0, 0.0, 0.5, 12, containsKey()
4, 4347, -4.0, 1.0, 0.0, 1.0, 12, containsKey()
4, 4348, -4.0, 1.0, 0.0, 1.5, 16, isFruit()
4, 4349, -4.0, 1.0, 0.0, 2.0, 16, isFruit()
4, 4350, -4.0, 1.0, 0.0, 2.5, 16, isFruit()
4, 4351, -4.0, 1.0, 0.0, 3.0, 16, isFruit()
4, 4352, -4.0, 1.0, 0.0, 3.5, 16, food.isFruit()
4, 4353, -4.0, 1.0, 0.0, 4.0, 16, food.isFruit()
4, 4354, -4.0, 1.0, 0.0, 4.5, 18, new Task04().isFruit(food)
4, 4355, -4.0, 1.0, 0.0, 5.0, 18, new Task04().isFruit(food)
4, 4356, -3.5, 1.0, -5.0, 0.0, 11, contains()
4, 4357, -3.5, 1.0, -5.0, 0.5, 11, contains()
4, 4358, -3.5, 1.0, -5.0, 1.0, 11, contains()
4, 4359, -3.5, 1.0, -5.0, 1.5, 11, contains()
4, 4360, -3.5, 1.0, -5.0, 2.0, 11, contains()
4, 4361, -3.5, 1.0, -5.0, 2.5, 11, contains()
4, 4362, -3.5, 1.0, -5.0, 3.0, 9, food.contains()
4, 4363, -3.5, 1.0, -5.0, 3.5, 9, food.contains()
4, 4364, -3.5, 1.0, -5.0, 4.0, 9, food.contains()
4, 4365, -3.5, 1.0, -5.0, 4.5, 9, food.contains()
4, 4366, -3.5, 1.0, -5.0, 5.0, 9, food.contains()
4, 4367, -3.5, 1.0, -4.5, 0.0, 11, contains()
4, 4368, -3.5, 1.0, -4.5, 0.5, 11, contains()
4, 4369, -3.5, 1.0, -4.5, 1.0, 11, contains()
4, 4370, -3.5, 1.0, -4.5, 1.5, 11, contains()
4, 4371, -3.5, 1.0, -4.5, 2.0, 11, contains()
4, 4372, -3.5, 1.0, -4.5, 2.5, 11, contains()
4, 4373, -3.5, 1.0, -4.5, 3.0, 9, food.contains()
4, 4374, -3.5, 1.0, -4.5, 3.5, 9, food.contains()
4, 4375, -3.5, 1.0, -4.5, 4.0, 9, food.contains()
4, 4376, -3.5, 1.0, -4.5, 4.5, 9, food.contains()
4, 4377, -3.5, 1.0, -4.5, 5.0, 9, food.contains()
4, 4378, -3.5, 1.0, -4.0, 0.0, 11, contains()
4, 4379, -3.5, 1.0, -4.0, 0.5, 11, contains()
4, 4380, -3.5, 1.0, -4.0, 1.0, 11, contains()
4, 4381, -3.5, 1.0, -4.0, 1.5, 11, contains()
4, 4382, -3.5, 1.0, -4.0, 2.0, 11, contains()
4, 4383, -3.5, 1.0, -4.0, 2.5, 11, contains()
4, 4384, -3.5, 1.0, -4.0, 3.0, 9, food.contains()
4, 4385, -3.5, 1.0, -4.0, 3.5, 9, food.contains()
4, 4386, -3.5, 1.0, -4.0, 4.0, 9, food.contains()
4, 4387, -3.5, 1.0, -4.0, 4.5, 9, food.contains()
4, 4388, -3.5, 1.0, -4.0, 5.0, 9, food.contains()
4, 4389, -3.5, 1.0, -3.5, 0.0, 11, contains()
4, 4390, -3.5, 1.0, -3.5, 0.5, 11, contains()
4, 4391, -3.5, 1.0, -3.5, 1.0, 11, contains()
4, 4392, -3.5, 1.0, -3.5, 1.5, 11, contains()
4, 4393, -3.5, 1.0, -3.5, 2.0, 11, contains()
4, 4394, -3.5, 1.0, -3.5, 2.5, 11, contains()
4, 4395, -3.5, 1.0, -3.5, 3.0, 9, food.contains()
4, 4396, -3.5, 1.0, -3.5, 3.5, 9, food.contains()
4, 4397, -3.5, 1.0, -3.5, 4.0, 9, food.contains()
4, 4398, -3.5, 1.0, -3.5, 4.5, 9, food.contains()
4, 4399, -3.5, 1.0, -3.5, 5.0, 9, food.contains()
4, 4400, -3.5, 1.0, -3.0, 0.0, 11, contains()
4, 4401, -3.5, 1.0, -3.0, 0.5, 11, contains()
4, 4402, -3.5, 1.0, -3.0, 1.0, 11, contains()
4, 4403, -3.5, 1.0, -3.0, 1.5, 11, contains()
4, 4404, -3.5, 1.0, -3.0, 2.0, 11, contains()
4, 4405, -3.5, 1.0, -3.0, 2.5, 11, contains()
4, 4406, -3.5, 1.0, -3.0, 3.0, 9, food.contains()
4, 4407, -3.5, 1.0, -3.0, 3.5, 9, food.contains()
4, 4408, -3.5, 1.0, -3.0, 4.0, 9, food.contains()
4, 4409, -3.5, 1.0, -3.0, 4.5, 9, food.contains()
4, 4410, -3.5, 1.0, -3.0, 5.0, 9, food.contains()
4, 4411, -3.5, 1.0, -2.5, 0.0, 11, contains()
4, 4412, -3.5, 1.0, -2.5, 0.5, 11, contains()
4, 4413, -3.5, 1.0, -2.5, 1.0, 11, contains()
4, 4414, -3.5, 1.0, -2.5, 1.5, 11, contains()
4, 4415, -3.5, 1.0, -2.5, 2.0, 11, contains()
4, 4416, -3.5, 1.0, -2.5, 2.5, 11, contains()
4, 4417, -3.5, 1.0, -2.5, 3.0, 9, food.contains()
4, 4418, -3.5, 1.0, -2.5, 3.5, 9, food.contains()
4, 4419, -3.5, 1.0, -2.5, 4.0, 9, food.contains()
4, 4420, -3.5, 1.0, -2.5, 4.5, 9, food.contains()
4, 4421, -3.5, 1.0, -2.5, 5.0, 9, food.contains()
4, 4422, -3.5, 1.0, -2.0, 0.0, 11, contains()
4, 4423, -3.5, 1.0, -2.0, 0.5, 11, contains()
4, 4424, -3.5, 1.0, -2.0, 1.0, 11, contains()
4, 4425, -3.5, 1.0, -2.0, 1.5, 11, contains()
4, 4426, -3.5, 1.0, -2.0, 2.0, 11, contains()
4, 4427, -3.5, 1.0, -2.0, 2.5, 11, contains()
4, 4428, -3.5, 1.0, -2.0, 3.0, 9, food.contains()
4, 4429, -3.5, 1.0, -2.0, 3.5, 9, food.contains()
4, 4430, -3.5, 1.0, -2.0, 4.0, 9, food.contains()
4, 4431, -3.5, 1.0, -2.0, 4.5, 9, food.contains()
4, 4432, -3.5, 1.0, -2.0, 5.0, 16, food.isFruit()
4, 4433, -3.5, 1.0, -1.5, 0.0, 11, contains()
4, 4434, -3.5, 1.0, -1.5, 0.5, 11, contains()
4, 4435, -3.5, 1.0, -1.5, 1.0, 11, contains()
4, 4436, -3.5, 1.0, -1.5, 1.5, 11, contains()
4, 4437, -3.5, 1.0, -1.5, 2.0, 11, contains()
4, 4438, -3.5, 1.0, -1.5, 2.5, 11, contains()
4, 4439, -3.5, 1.0, -1.5, 3.0, 9, food.contains()
4, 4440, -3.5, 1.0, -1.5, 3.5, 9, food.contains()
4, 4441, -3.5, 1.0, -1.5, 4.0, 16, food.isFruit()
4, 4442, -3.5, 1.0, -1.5, 4.5, 16, food.isFruit()
4, 4443, -3.5, 1.0, -1.5, 5.0, 16, food.isFruit()
4, 4444, -3.5, 1.0, -1.0, 0.0, 11, contains()
4, 4445, -3.5, 1.0, -1.0, 0.5, 11, contains()
4, 4446, -3.5, 1.0, -1.0, 1.0, 11, contains()
4, 4447, -3.5, 1.0, -1.0, 1.5, 11, contains()
4, 4448, -3.5, 1.0, -1.0, 2.0, 11, contains()
4, 4449, -3.5, 1.0, -1.0, 2.5, 11, contains()
4, 4450, -3.5, 1.0, -1.0, 3.0, 16, food.isFruit()
4, 4451, -3.5, 1.0, -1.0, 3.5, 16, food.isFruit()
4, 4452, -3.5, 1.0, -1.0, 4.0, 16, food.isFruit()
4, 4453, -3.5, 1.0, -1.0, 4.5, 16, food.isFruit()
4, 4454, -3.5, 1.0, -1.0, 5.0, 16, food.isFruit()
4, 4455, -3.5, 1.0, -0.5, 0.0, 11, contains()
4, 4456, -3.5, 1.0, -0.5, 0.5, 11, contains()
4, 4457, -3.5, 1.0, -0.5, 1.0, 11, contains()
4, 4458, -3.5, 1.0, -0.5, 1.5, 11, contains()
4, 4459, -3.5, 1.0, -0.5, 2.0, 11, contains()
4, 4460, -3.5, 1.0, -0.5, 2.5, 16, isFruit()
4, 4461, -3.5, 1.0, -0.5, 3.0, 16, food.isFruit()
4, 4462, -3.5, 1.0, -0.5, 3.5, 16, food.isFruit()
4, 4463, -3.5, 1.0, -0.5, 4.0, 16, food.isFruit()
4, 4464, -3.5, 1.0, -0.5, 4.5, 16, food.isFruit()
4, 4465, -3.5, 1.0, -0.5, 5.0, 18, new Task04().isFruit(food)
4, 4466, -3.5, 1.0, 0.0, 0.0, 12, containsKey()
4, 4467, -3.5, 1.0, 0.0, 0.5, 12, containsKey()
4, 4468, -3.5, 1.0, 0.0, 1.0, 12, containsKey()
4, 4469, -3.5, 1.0, 0.0, 1.5, 16, isFruit()
4, 4470, -3.5, 1.0, 0.0, 2.0, 16, isFruit()
4, 4471, -3.5, 1.0, 0.0, 2.5, 16, isFruit()
4, 4472, -3.5, 1.0, 0.0, 3.0, 16, food.isFruit()
4, 4473, -3.5, 1.0, 0.0, 3.5, 16, food.isFruit()
4, 4474, -3.5, 1.0, 0.0, 4.0, 18, new Task04().isFruit(food)
4, 4475, -3.5, 1.0, 0.0, 4.5, 18, new Task04().isFruit(food)
4, 4476, -3.5, 1.0, 0.0, 5.0, 56, Boolean.valueOf(new Task04().isFruit(food), new Task04().isFruit(food))
4, 4477, -3.0, 1.0, -5.0, 0.0, 11, contains()
4, 4478, -3.0, 1.0, -5.0, 0.5, 11, contains()
4, 4479, -3.0, 1.0, -5.0, 1.0, 11, contains()
4, 4480, -3.0, 1.0, -5.0, 1.5, 11, contains()
4, 4481, -3.0, 1.0, -5.0, 2.0, 11, contains()
4, 4482, -3.0, 1.0, -5.0, 2.5, 9, food.contains()
4, 4483, -3.0, 1.0, -5.0, 3.0, 9, food.contains()
4, 4484, -3.0, 1.0, -5.0, 3.5, 9, food.contains()
4, 4485, -3.0, 1.0, -5.0, 4.0, 9, food.contains()
4, 4486, -3.0, 1.0, -5.0, 4.5, 0, fruits.contains(food)
4, 4487, -3.0, 1.0, -5.0, 5.0, 0, fruits.contains(food)
4, 4488, -3.0, 1.0, -4.5, 0.0, 11, contains()
4, 4489, -3.0, 1.0, -4.5, 0.5, 11, contains()
4, 4490, -3.0, 1.0, -4.5, 1.0, 11, contains()
4, 4491, -3.0, 1.0, -4.5, 1.5, 11, contains()
4, 4492, -3.0, 1.0, -4.5, 2.0, 11, contains()
4, 4493, -3.0, 1.0, -4.5, 2.5, 9, food.contains()
4, 4494, -3.0, 1.0, -4.5, 3.0, 9, food.contains()
4, 4495, -3.0, 1.0, -4.5, 3.5, 9, food.contains()
4, 4496, -3.0, 1.0, -4.5, 4.0, 9, food.contains()
4, 4497, -3.0, 1.0, -4.5, 4.5, 0, fruits.contains(food)
4, 4498, -3.0, 1.0, -4.5, 5.0, 0, fruits.contains(food)
4, 4499, -3.0, 1.0, -4.0, 0.0, 11, contains()
4, 4500, -3.0, 1.0, -4.0, 0.5, 11, contains()
4, 4501, -3.0, 1.0, -4.0, 1.0, 11, contains()
4, 4502, -3.0, 1.0, -4.0, 1.5, 11, contains()
4, 4503, -3.0, 1.0, -4.0, 2.0, 11, contains()
4, 4504, -3.0, 1.0, -4.0, 2.5, 9, food.contains()
4, 4505, -3.0, 1.0, -4.0, 3.0, 9, food.contains()
4, 4506, -3.0, 1.0, -4.0, 3.5, 9, food.contains()
4, 4507, -3.0, 1.0, -4.0, 4.0, 9, food.contains()
4, 4508, -3.0, 1.0, -4.0, 4.5, 0, fruits.contains(food)
4, 4509, -3.0, 1.0, -4.0, 5.0, 0, fruits.contains(food)
4, 4510, -3.0, 1.0, -3.5, 0.0, 11, contains()
4, 4511, -3.0, 1.0, -3.5, 0.5, 11, contains()
4, 4512, -3.0, 1.0, -3.5, 1.0, 11, contains()
4, 4513, -3.0, 1.0, -3.5, 1.5, 11, contains()
4, 4514, -3.0, 1.0, -3.5, 2.0, 11, contains()
4, 4515, -3.0, 1.0, -3.5, 2.5, 9, food.contains()
4, 4516, -3.0, 1.0, -3.5, 3.0, 9, food.contains()
4, 4517, -3.0, 1.0, -3.5, 3.5, 9, food.contains()
4, 4518, -3.0, 1.0, -3.5, 4.0, 9, food.contains()
4, 4519, -3.0, 1.0, -3.5, 4.5, 0, fruits.contains(food)
4, 4520, -3.0, 1.0, -3.5, 5.0, 0, fruits.contains(food)
4, 4521, -3.0, 1.0, -3.0, 0.0, 11, contains()
4, 4522, -3.0, 1.0, -3.0, 0.5, 11, contains()
4, 4523, -3.0, 1.0, -3.0, 1.0, 11, contains()
4, 4524, -3.0, 1.0, -3.0, 1.5, 11, contains()
4, 4525, -3.0, 1.0, -3.0, 2.0, 11, contains()
4, 4526, -3.0, 1.0, -3.0, 2.5, 9, food.contains()
4, 4527, -3.0, 1.0, -3.0, 3.0, 9, food.contains()
4, 4528, -3.0, 1.0, -3.0, 3.5, 9, food.contains()
4, 4529, -3.0, 1.0, -3.0, 4.0, 9, food.contains()
4, 4530, -3.0, 1.0, -3.0, 4.5, 0, fruits.contains(food)
4, 4531, -3.0, 1.0, -3.0, 5.0, 0, fruits.contains(food)
4, 4532, -3.0, 1.0, -2.5, 0.0, 11, contains()
4, 4533, -3.0, 1.0, -2.5, 0.5, 11, contains()
4, 4534, -3.0, 1.0, -2.5, 1.0, 11, contains()
4, 4535, -3.0, 1.0, -2.5, 1.5, 11, contains()
4, 4536, -3.0, 1.0, -2.5, 2.0, 11, contains()
4, 4537, -3.0, 1.0, -2.5, 2.5, 9, food.contains()
4, 4538, -3.0, 1.0, -2.5, 3.0, 9, food.contains()
4, 4539, -3.0, 1.0, -2.5, 3.5, 9, food.contains()
4, 4540, -3.0, 1.0, -2.5, 4.0, 9, food.contains()
4, 4541, -3.0, 1.0, -2.5, 4.5, 0, fruits.contains(food)
4, 4542, -3.0, 1.0, -2.5, 5.0, 0, fruits.contains(food)
4, 4543, -3.0, 1.0, -2.0, 0.0, 11, contains()
4, 4544, -3.0, 1.0, -2.0, 0.5, 11, contains()
4, 4545, -3.0, 1.0, -2.0, 1.0, 11, contains()
4, 4546, -3.0, 1.0, -2.0, 1.5, 11, contains()
4, 4547, -3.0, 1.0, -2.0, 2.0, 11, contains()
4, 4548, -3.0, 1.0, -2.0, 2.5, 9, food.contains()
4, 4549, -3.0, 1.0, -2.0, 3.0, 9, food.contains()
4, 4550, -3.0, 1.0, -2.0, 3.5, 9, food.contains()
4, 4551, -3.0, 1.0, -2.0, 4.0, 9, food.contains()
4, 4552, -3.0, 1.0, -2.0, 4.5, 0, fruits.contains(food)
4, 4553, -3.0, 1.0, -2.0, 5.0, 0, fruits.contains(food)
4, 4554, -3.0, 1.0, -1.5, 0.0, 11, contains()
4, 4555, -3.0, 1.0, -1.5, 0.5, 11, contains()
4, 4556, -3.0, 1.0, -1.5, 1.0, 11, contains()
4, 4557, -3.0, 1.0, -1.5, 1.5, 11, contains()
4, 4558, -3.0, 1.0, -1.5, 2.0, 11, contains()
4, 4559, -3.0, 1.0, -1.5, 2.5, 9, food.contains()
4, 4560, -3.0, 1.0, -1.5, 3.0, 9, food.contains()
4, 4561, -3.0, 1.0, -1.5, 3.5, 9, food.contains()
4, 4562, -3.0, 1.0, -1.5, 4.0, 16, food.isFruit()
4, 4563, -3.0, 1.0, -1.5, 4.5, 0, fruits.contains(food)
4, 4564, -3.0, 1.0, -1.5, 5.0, 0, fruits.contains(food)
4, 4565, -3.0, 1.0, -1.0, 0.0, 11, contains()
4, 4566, -3.0, 1.0, -1.0, 0.5, 11, contains()
4, 4567, -3.0, 1.0, -1.0, 1.0, 11, contains()
4, 4568, -3.0, 1.0, -1.0, 1.5, 11, contains()
4, 4569, -3.0, 1.0, -1.0, 2.0, 11, contains()
4, 4570, -3.0, 1.0, -1.0, 2.5, 9, food.contains()
4, 4571, -3.0, 1.0, -1.0, 3.0, 16, food.isFruit()
4, 4572, -3.0, 1.0, -1.0, 3.5, 16, food.isFruit()
4, 4573, -3.0, 1.0, -1.0, 4.0, 16, food.isFruit()
4, 4574, -3.0, 1.0, -1.0, 4.5, 0, fruits.contains(food)
4, 4575, -3.0, 1.0, -1.0, 5.0, 0, fruits.contains(food)
4, 4576, -3.0, 1.0, -0.5, 0.0, 11, contains()
4, 4577, -3.0, 1.0, -0.5, 0.5, 11, contains()
4, 4578, -3.0, 1.0, -0.5, 1.0, 11, contains()
4, 4579, -3.0, 1.0, -0.5, 1.5, 11, contains()
4, 4580, -3.0, 1.0, -0.5, 2.0, 11, contains()
4, 4581, -3.0, 1.0, -0.5, 2.5, 16, food.isFruit()
4, 4582, -3.0, 1.0, -0.5, 3.0, 16, food.isFruit()
4, 4583, -3.0, 1.0, -0.5, 3.5, 16, food.isFruit()
4, 4584, -3.0, 1.0, -0.5, 4.0, 16, food.isFruit()
4, 4585, -3.0, 1.0, -0.5, 4.5, 22, fruits.contains(new Task04().isFruit(food))
4, 4586, -3.0, 1.0, -0.5, 5.0, 22, fruits.contains(new Task04().isFruit(food))
4, 4587, -3.0, 1.0, 0.0, 0.0, 12, containsKey()
4, 4588, -3.0, 1.0, 0.0, 0.5, 12, containsKey()
4, 4589, -3.0, 1.0, 0.0, 1.0, 12, containsKey()
4, 4590, -3.0, 1.0, 0.0, 1.5, 16, isFruit()
4, 4591, -3.0, 1.0, 0.0, 2.0, 16, isFruit()
4, 4592, -3.0, 1.0, 0.0, 2.5, 16, food.isFruit()
4, 4593, -3.0, 1.0, 0.0, 3.0, 16, food.isFruit()
4, 4594, -3.0, 1.0, 0.0, 3.5, 18, new Task04().isFruit(food)
4, 4595, -3.0, 1.0, 0.0, 4.0, 56, Boolean.valueOf(new Task04().isFruit(food), new Task04().isFruit(food))
4, 4596, -3.0, 1.0, 0.0, 4.5, 56, Boolean.valueOf(new Task04().isFruit(food), new Task04().isFruit(food))
4, 4597, -3.0, 1.0, 0.0, 5.0, 56, Boolean.valueOf(new Task04().isFruit(food), new Task04().isFruit(food))
4, 4598, -2.5, 1.0, -5.0, 0.0, 11, contains()
4, 4599, -2.5, 1.0, -5.0, 0.5, 11, contains()
4, 4600, -2.5, 1.0, -5.0, 1.0, 11, contains()
4, 4601, -2.5, 1.0, -5.0, 1.5, 11, contains()
4, 4602, -2.5, 1.0, -5.0, 2.0, 9, food.contains()
4, 4603, -2.5, 1.0, -5.0, 2.5, 9, food.contains()
4, 4604, -2.5, 1.0, -5.0, 3.0, 9, food.contains()
4, 4605, -2.5, 1.0, -5.0, 3.5, 0, fruits.contains(food)
4, 4606, -2.5, 1.0, -5.0, 4.0, 0, fruits.contains(food)
4, 4607, -2.5, 1.0, -5.0, 4.5, 0, fruits.contains(food)
4, 4608, -2.5, 1.0, -5.0, 5.0, 0, fruits.contains(food)
4, 4609, -2.5, 1.0, -4.5, 0.0, 11, contains()
4, 4610, -2.5, 1.0, -4.5, 0.5, 11, contains()
4, 4611, -2.5, 1.0, -4.5, 1.0, 11, contains()
4, 4612, -2.5, 1.0, -4.5, 1.5, 11, contains()
4, 4613, -2.5, 1.0, -4.5, 2.0, 9, food.contains()
4, 4614, -2.5, 1.0, -4.5, 2.5, 9, food.contains()
4, 4615, -2.5, 1.0, -4.5, 3.0, 9, food.contains()
4, 4616, -2.5, 1.0, -4.5, 3.5, 0, fruits.contains(food)
4, 4617, -2.5, 1.0, -4.5, 4.0, 0, fruits.contains(food)
4, 4618, -2.5, 1.0, -4.5, 4.5, 0, fruits.contains(food)
4, 4619, -2.5, 1.0, -4.5, 5.0, 0, fruits.contains(food)
4, 4620, -2.5, 1.0, -4.0, 0.0, 11, contains()
4, 4621, -2.5, 1.0, -4.0, 0.5, 11, contains()
4, 4622, -2.5, 1.0, -4.0, 1.0, 11, contains()
4, 4623, -2.5, 1.0, -4.0, 1.5, 11, contains()
4, 4624, -2.5, 1.0, -4.0, 2.0, 9, food.contains()
4, 4625, -2.5, 1.0, -4.0, 2.5, 9, food.contains()
4, 4626, -2.5, 1.0, -4.0, 3.0, 9, food.contains()
4, 4627, -2.5, 1.0, -4.0, 3.5, 0, fruits.contains(food)
4, 4628, -2.5, 1.0, -4.0, 4.0, 0, fruits.contains(food)
4, 4629, -2.5, 1.0, -4.0, 4.5, 0, fruits.contains(food)
4, 4630, -2.5, 1.0, -4.0, 5.0, 0, fruits.contains(food)
4, 4631, -2.5, 1.0, -3.5, 0.0, 11, contains()
4, 4632, -2.5, 1.0, -3.5, 0.5, 11, contains()
4, 4633, -2.5, 1.0, -3.5, 1.0, 11, contains()
4, 4634, -2.5, 1.0, -3.5, 1.5, 11, contains()
4, 4635, -2.5, 1.0, -3.5, 2.0, 9, food.contains()
4, 4636, -2.5, 1.0, -3.5, 2.5, 9, food.contains()
4, 4637, -2.5, 1.0, -3.5, 3.0, 9, food.contains()
4, 4638, -2.5, 1.0, -3.5, 3.5, 0, fruits.contains(food)
4, 4639, -2.5, 1.0, -3.5, 4.0, 0, fruits.contains(food)
4, 4640, -2.5, 1.0, -3.5, 4.5, 0, fruits.contains(food)
4, 4641, -2.5, 1.0, -3.5, 5.0, 0, fruits.contains(food)
4, 4642, -2.5, 1.0, -3.0, 0.0, 11, contains()
4, 4643, -2.5, 1.0, -3.0, 0.5, 11, contains()
4, 4644, -2.5, 1.0, -3.0, 1.0, 11, contains()
4, 4645, -2.5, 1.0, -3.0, 1.5, 11, contains()
4, 4646, -2.5, 1.0, -3.0, 2.0, 9, food.contains()
4, 4647, -2.5, 1.0, -3.0, 2.5, 9, food.contains()
4, 4648, -2.5, 1.0, -3.0, 3.0, 9, food.contains()
4, 4649, -2.5, 1.0, -3.0, 3.5, 0, fruits.contains(food)
4, 4650, -2.5, 1.0, -3.0, 4.0, 0, fruits.contains(food)
4, 4651, -2.5, 1.0, -3.0, 4.5, 0, fruits.contains(food)
4, 4652, -2.5, 1.0, -3.0, 5.0, 0, fruits.contains(food)
4, 4653, -2.5, 1.0, -2.5, 0.0, 11, contains()
4, 4654, -2.5, 1.0, -2.5, 0.5, 11, contains()
4, 4655, -2.5, 1.0, -2.5, 1.0, 11, contains()
4, 4656, -2.5, 1.0, -2.5, 1.5, 11, contains()
4, 4657, -2.5, 1.0, -2.5, 2.0, 9, food.contains()
4, 4658, -2.5, 1.0, -2.5, 2.5, 9, food.contains()
4, 4659, -2.5, 1.0, -2.5, 3.0, 9, food.contains()
4, 4660, -2.5, 1.0, -2.5, 3.5, 0, fruits.contains(food)
4, 4661, -2.5, 1.0, -2.5, 4.0, 0, fruits.contains(food)
4, 4662, -2.5, 1.0, -2.5, 4.5, 0, fruits.contains(food)
4, 4663, -2.5, 1.0, -2.5, 5.0, 0, fruits.contains(food)
4, 4664, -2.5, 1.0, -2.0, 0.0, 11, contains()
4, 4665, -2.5, 1.0, -2.0, 0.5, 11, contains()
4, 4666, -2.5, 1.0, -2.0, 1.0, 11, contains()
4, 4667, -2.5, 1.0, -2.0, 1.5, 11, contains()
4, 4668, -2.5, 1.0, -2.0, 2.0, 9, food.contains()
4, 4669, -2.5, 1.0, -2.0, 2.5, 9, food.contains()
4, 4670, -2.5, 1.0, -2.0, 3.0, 9, food.contains()
4, 4671, -2.5, 1.0, -2.0, 3.5, 0, fruits.contains(food)
4, 4672, -2.5, 1.0, -2.0, 4.0, 0, fruits.contains(food)
4, 4673, -2.5, 1.0, -2.0, 4.5, 0, fruits.contains(food)
4, 4674, -2.5, 1.0, -2.0, 5.0, 0, fruits.contains(food)
4, 4675, -2.5, 1.0, -1.5, 0.0, 11, contains()
4, 4676, -2.5, 1.0, -1.5, 0.5, 11, contains()
4, 4677, -2.5, 1.0, -1.5, 1.0, 11, contains()
4, 4678, -2.5, 1.0, -1.5, 1.5, 11, contains()
4, 4679, -2.5, 1.0, -1.5, 2.0, 9, food.contains()
4, 4680, -2.5, 1.0, -1.5, 2.5, 9, food.contains()
4, 4681, -2.5, 1.0, -1.5, 3.0, 9, food.contains()
4, 4682, -2.5, 1.0, -1.5, 3.5, 0, fruits.contains(food)
4, 4683, -2.5, 1.0, -1.5, 4.0, 0, fruits.contains(food)
4, 4684, -2.5, 1.0, -1.5, 4.5, 0, fruits.contains(food)
4, 4685, -2.5, 1.0, -1.5, 5.0, 0, fruits.contains(food)
4, 4686, -2.5, 1.0, -1.0, 0.0, 11, contains()
4, 4687, -2.5, 1.0, -1.0, 0.5, 11, contains()
4, 4688, -2.5, 1.0, -1.0, 1.0, 11, contains()
4, 4689, -2.5, 1.0, -1.0, 1.5, 11, contains()
4, 4690, -2.5, 1.0, -1.0, 2.0, 9, food.contains()
4, 4691, -2.5, 1.0, -1.0, 2.5, 9, food.contains()
4, 4692, -2.5, 1.0, -1.0, 3.0, 16, food.isFruit()
4, 4693, -2.5, 1.0, -1.0, 3.5, 0, fruits.contains(food)
4, 4694, -2.5, 1.0, -1.0, 4.0, 0, fruits.contains(food)
4, 4695, -2.5, 1.0, -1.0, 4.5, 0, fruits.contains(food)
4, 4696, -2.5, 1.0, -1.0, 5.0, 22, fruits.contains(new Task04().isFruit(food))
4, 4697, -2.5, 1.0, -0.5, 0.0, 11, contains()
4, 4698, -2.5, 1.0, -0.5, 0.5, 11, contains()
4, 4699, -2.5, 1.0, -0.5, 1.0, 11, contains()
4, 4700, -2.5, 1.0, -0.5, 1.5, 11, contains()
4, 4701, -2.5, 1.0, -0.5, 2.0, 16, food.isFruit()
4, 4702, -2.5, 1.0, -0.5, 2.5, 16, food.isFruit()
4, 4703, -2.5, 1.0, -0.5, 3.0, 16, food.isFruit()
4, 4704, -2.5, 1.0, -0.5, 3.5, 0, fruits.contains(food)
4, 4705, -2.5, 1.0, -0.5, 4.0, 22, fruits.contains(new Task04().isFruit(food))
4, 4706, -2.5, 1.0, -0.5, 4.5, 22, fruits.contains(new Task04().isFruit(food))
4, 4707, -2.5, 1.0, -0.5, 5.0, 122, food.replace(food, food).regionMatches(new Task04().isFruit(food), fruits.size(), food.replace(food, food), fruits.size(), fruits.size())
4, 4708, -2.5, 1.0, 0.0, 0.0, 12, containsKey()
4, 4709, -2.5, 1.0, 0.0, 0.5, 12, containsKey()
4, 4710, -2.5, 1.0, 0.0, 1.0, 12, containsKey()
4, 4711, -2.5, 1.0, 0.0, 1.5, 16, isFruit()
4, 4712, -2.5, 1.0, 0.0, 2.0, 16, food.isFruit()
4, 4713, -2.5, 1.0, 0.0, 2.5, 16, food.isFruit()
4, 4714, -2.5, 1.0, 0.0, 3.0, 18, new Task04().isFruit(food)
4, 4715, -2.5, 1.0, 0.0, 3.5, 22, fruits.contains(new Task04().isFruit(food))
4, 4716, -2.5, 1.0, 0.0, 4.0, 56, Boolean.valueOf(new Task04().isFruit(food), new Task04().isFruit(food))
4, 4717, -2.5, 1.0, 0.0, 4.5, 149, food.replaceAll(food, food).regionMatches(new Task04().isFruit(food), food.compareTo(food), food.replaceAll(food, food), food.compareTo(food), food.compareTo(food))
4, 4718, -2.5, 1.0, 0.0, 5.0, 149, food.replaceAll(food, food).regionMatches(new Task04().isFruit(food), food.compareTo(food), food.replaceAll(food, food), food.compareTo(food), food.compareTo(food))
4, 4719, -2.0, 1.0, -5.0, 0.0, 11, contains()
4, 4720, -2.0, 1.0, -5.0, 0.5, 11, contains()
4, 4721, -2.0, 1.0, -5.0, 1.0, 11, contains()
4, 4722, -2.0, 1.0, -5.0, 1.5, 9, food.contains()
4, 4723, -2.0, 1.0, -5.0, 2.0, 9, food.contains()
4, 4724, -2.0, 1.0, -5.0, 2.5, 0, fruits.contains(food)
4, 4725, -2.0, 1.0, -5.0, 3.0, 0, fruits.contains(food)
4, 4726, -2.0, 1.0, -5.0, 3.5, 0, fruits.contains(food)
4, 4727, -2.0, 1.0, -5.0, 4.0, 0, fruits.contains(food)
4, 4728, -2.0, 1.0, -5.0, 4.5, 17, fruits.contains(fruits.contains(food))
4, 4729, -2.0, 1.0, -5.0, 5.0, 17, fruits.contains(fruits.contains(food))
4, 4730, -2.0, 1.0, -4.5, 0.0, 11, contains()
4, 4731, -2.0, 1.0, -4.5, 0.5, 11, contains()
4, 4732, -2.0, 1.0, -4.5, 1.0, 11, contains()
4, 4733, -2.0, 1.0, -4.5, 1.5, 9, food.contains()
4, 4734, -2.0, 1.0, -4.5, 2.0, 9, food.contains()
4, 4735, -2.0, 1.0, -4.5, 2.5, 0, fruits.contains(food)
4, 4736, -2.0, 1.0, -4.5, 3.0, 0, fruits.contains(food)
4, 4737, -2.0, 1.0, -4.5, 3.5, 0, fruits.contains(food)
4, 4738, -2.0, 1.0, -4.5, 4.0, 0, fruits.contains(food)
4, 4739, -2.0, 1.0, -4.5, 4.5, 17, fruits.contains(fruits.contains(food))
4, 4740, -2.0, 1.0, -4.5, 5.0, 17, fruits.contains(fruits.contains(food))
4, 4741, -2.0, 1.0, -4.0, 0.0, 11, contains()
4, 4742, -2.0, 1.0, -4.0, 0.5, 11, contains()
4, 4743, -2.0, 1.0, -4.0, 1.0, 11, contains()
4, 4744, -2.0, 1.0, -4.0, 1.5, 9, food.contains()
4, 4745, -2.0, 1.0, -4.0, 2.0, 9, food.contains()
4, 4746, -2.0, 1.0, -4.0, 2.5, 0, fruits.contains(food)
4, 4747, -2.0, 1.0, -4.0, 3.0, 0, fruits.contains(food)
4, 4748, -2.0, 1.0, -4.0, 3.5, 0, fruits.contains(food)
4, 4749, -2.0, 1.0, -4.0, 4.0, 0, fruits.contains(food)
4, 4750, -2.0, 1.0, -4.0, 4.5, 17, fruits.contains(fruits.contains(food))
4, 4751, -2.0, 1.0, -4.0, 5.0, 17, fruits.contains(fruits.contains(food))
4, 4752, -2.0, 1.0, -3.5, 0.0, 11, contains()
4, 4753, -2.0, 1.0, -3.5, 0.5, 11, contains()
4, 4754, -2.0, 1.0, -3.5, 1.0, 11, contains()
4, 4755, -2.0, 1.0, -3.5, 1.5, 9, food.contains()
4, 4756, -2.0, 1.0, -3.5, 2.0, 9, food.contains()
4, 4757, -2.0, 1.0, -3.5, 2.5, 0, fruits.contains(food)
4, 4758, -2.0, 1.0, -3.5, 3.0, 0, fruits.contains(food)
4, 4759, -2.0, 1.0, -3.5, 3.5, 0, fruits.contains(food)
4, 4760, -2.0, 1.0, -3.5, 4.0, 0, fruits.contains(food)
4, 4761, -2.0, 1.0, -3.5, 4.5, 17, fruits.contains(fruits.contains(food))
4, 4762, -2.0, 1.0, -3.5, 5.0, 17, fruits.contains(fruits.contains(food))
4, 4763, -2.0, 1.0, -3.0, 0.0, 11, contains()
4, 4764, -2.0, 1.0, -3.0, 0.5, 11, contains()
4, 4765, -2.0, 1.0, -3.0, 1.0, 11, contains()
4, 4766, -2.0, 1.0, -3.0, 1.5, 9, food.contains()
4, 4767, -2.0, 1.0, -3.0, 2.0, 9, food.contains()
4, 4768, -2.0, 1.0, -3.0, 2.5, 0, fruits.contains(food)
4, 4769, -2.0, 1.0, -3.0, 3.0, 0, fruits.contains(food)
4, 4770, -2.0, 1.0, -3.0, 3.5, 0, fruits.contains(food)
4, 4771, -2.0, 1.0, -3.0, 4.0, 0, fruits.contains(food)
4, 4772, -2.0, 1.0, -3.0, 4.5, 17, fruits.contains(fruits.contains(food))
4, 4773, -2.0, 1.0, -3.0, 5.0, 17, fruits.contains(fruits.contains(food))
4, 4774, -2.0, 1.0, -2.5, 0.0, 11, contains()
4, 4775, -2.0, 1.0, -2.5, 0.5, 11, contains()
4, 4776, -2.0, 1.0, -2.5, 1.0, 11, contains()
4, 4777, -2.0, 1.0, -2.5, 1.5, 9, food.contains()
4, 4778, -2.0, 1.0, -2.5, 2.0, 9, food.contains()
4, 4779, -2.0, 1.0, -2.5, 2.5, 0, fruits.contains(food)
4, 4780, -2.0, 1.0, -2.5, 3.0, 0, fruits.contains(food)
4, 4781, -2.0, 1.0, -2.5, 3.5, 0, fruits.contains(food)
4, 4782, -2.0, 1.0, -2.5, 4.0, 0, fruits.contains(food)
4, 4783, -2.0, 1.0, -2.5, 4.5, 17, fruits.contains(fruits.contains(food))
4, 4784, -2.0, 1.0, -2.5, 5.0, 17, fruits.contains(fruits.contains(food))
4, 4785, -2.0, 1.0, -2.0, 0.0, 11, contains()
4, 4786, -2.0, 1.0, -2.0, 0.5, 11, contains()
4, 4787, -2.0, 1.0, -2.0, 1.0, 11, contains()
4, 4788, -2.0, 1.0, -2.0, 1.5, 9, food.contains()
4, 4789, -2.0, 1.0, -2.0, 2.0, 9, food.contains()
4, 4790, -2.0, 1.0, -2.0, 2.5, 0, fruits.contains(food)
4, 4791, -2.0, 1.0, -2.0, 3.0, 0, fruits.contains(food)
4, 4792, -2.0, 1.0, -2.0, 3.5, 0, fruits.contains(food)
4, 4793, -2.0, 1.0, -2.0, 4.0, 0, fruits.contains(food)
4, 4794, -2.0, 1.0, -2.0, 4.5, 17, fruits.contains(fruits.contains(food))
4, 4795, -2.0, 1.0, -2.0, 5.0, 17, fruits.contains(fruits.contains(food))
4, 4796, -2.0, 1.0, -1.5, 0.0, 11, contains()
4, 4797, -2.0, 1.0, -1.5, 0.5, 11, contains()
4, 4798, -2.0, 1.0, -1.5, 1.0, 11, contains()
4, 4799, -2.0, 1.0, -1.5, 1.5, 9, food.contains()
4, 4800, -2.0, 1.0, -1.5, 2.0, 9, food.contains()
4, 4801, -2.0, 1.0, -1.5, 2.5, 0, fruits.contains(food)
4, 4802, -2.0, 1.0, -1.5, 3.0, 0, fruits.contains(food)
4, 4803, -2.0, 1.0, -1.5, 3.5, 0, fruits.contains(food)
4, 4804, -2.0, 1.0, -1.5, 4.0, 0, fruits.contains(food)
4, 4805, -2.0, 1.0, -1.5, 4.5, 17, fruits.contains(fruits.contains(food))
4, 4806, -2.0, 1.0, -1.5, 5.0, 111, food.replace(food, food).regionMatches(fruits.contains(food), fruits.size(), food.replace(food, food), fruits.size(), fruits.size())
4, 4807, -2.0, 1.0, -1.0, 0.0, 11, contains()
4, 4808, -2.0, 1.0, -1.0, 0.5, 11, contains()
4, 4809, -2.0, 1.0, -1.0, 1.0, 11, contains()
4, 4810, -2.0, 1.0, -1.0, 1.5, 9, food.contains()
4, 4811, -2.0, 1.0, -1.0, 2.0, 9, food.contains()
4, 4812, -2.0, 1.0, -1.0, 2.5, 0, fruits.contains(food)
4, 4813, -2.0, 1.0, -1.0, 3.0, 0, fruits.contains(food)
4, 4814, -2.0, 1.0, -1.0, 3.5, 0, fruits.contains(food)
4, 4815, -2.0, 1.0, -1.0, 4.0, 0, fruits.contains(food)
4, 4816, -2.0, 1.0, -1.0, 4.5, 111, food.replace(food, food).regionMatches(fruits.contains(food), fruits.size(), food.replace(food, food), fruits.size(), fruits.size())
4, 4817, -2.0, 1.0, -1.0, 5.0, 111, food.replace(food, food).regionMatches(fruits.contains(food), fruits.size(), food.replace(food, food), fruits.size(), fruits.size())
4, 4818, -2.0, 1.0, -0.5, 0.0, 11, contains()
4, 4819, -2.0, 1.0, -0.5, 0.5, 11, contains()
4, 4820, -2.0, 1.0, -0.5, 1.0, 11, contains()
4, 4821, -2.0, 1.0, -0.5, 1.5, 9, food.contains()
4, 4822, -2.0, 1.0, -0.5, 2.0, 16, food.isFruit()
4, 4823, -2.0, 1.0, -0.5, 2.5, 0, fruits.contains(food)
4, 4824, -2.0, 1.0, -0.5, 3.0, 0, fruits.contains(food)
4, 4825, -2.0, 1.0, -0.5, 3.5, 22, fruits.contains(new Task04().isFruit(food))
4, 4826, -2.0, 1.0, -0.5, 4.0, 111, food.replace(food, food).regionMatches(fruits.contains(food), fruits.size(), food.replace(food, food), fruits.size(), fruits.size())
4, 4827, -2.0, 1.0, -0.5, 4.5, 143, food.replace(food, food).regionMatches(new Task04().isFruit(food), food.compareTo(food), food.replace(food, food), food.compareTo(food), food.compareTo(food))
4, 4828, -2.0, 1.0, -0.5, 5.0, 143, food.replace(food, food).regionMatches(new Task04().isFruit(food), food.compareTo(food), food.replace(food, food), food.compareTo(food), food.compareTo(food))
4, 4829, -2.0, 1.0, 0.0, 0.0, 12, containsKey()
4, 4830, -2.0, 1.0, 0.0, 0.5, 12, containsKey()
4, 4831, -2.0, 1.0, 0.0, 1.0, 12, containsKey()
4, 4832, -2.0, 1.0, 0.0, 1.5, 16, food.isFruit()
4, 4833, -2.0, 1.0, 0.0, 2.0, 16, food.isFruit()
4, 4834, -2.0, 1.0, 0.0, 2.5, 22, fruits.contains(new Task04().isFruit(food))
4, 4835, -2.0, 1.0, 0.0, 3.0, 22, fruits.contains(new Task04().isFruit(food))
4, 4836, -2.0, 1.0, 0.0, 3.5, 149, food.replaceAll(food, food).regionMatches(new Task04().isFruit(food), food.compareTo(food), food.replaceAll(food, food), food.compareTo(food), food.compareTo(food))
4, 4837, -2.0, 1.0, 0.0, 4.0, 149, food.replaceAll(food, food).regionMatches(new Task04().isFruit(food), food.compareTo(food), food.replaceAll(food, food), food.compareTo(food), food.compareTo(food))
4, 4838, -2.0, 1.0, 0.0, 4.5, 169, food.replaceAll(food, food).regionMatches(new Task04().isFruit(food), getFruitList().indexOf(food), food.replaceAll(food, food), getFruitList().indexOf(food), getFruitList().indexOf(food))
4, 4839, -2.0, 1.0, 0.0, 5.0, 169, food.replaceAll(food, food).regionMatches(new Task04().isFruit(food), getFruitList().indexOf(food), food.replaceAll(food, food), getFruitList().indexOf(food), getFruitList().indexOf(food))
4, 4840, -1.5, 1.0, -5.0, 0.0, 11, contains()
4, 4841, -1.5, 1.0, -5.0, 0.5, 11, contains()
4, 4842, -1.5, 1.0, -5.0, 1.0, 9, food.contains()
4, 4843, -1.5, 1.0, -5.0, 1.5, 0, fruits.contains(food)
4, 4844, -1.5, 1.0, -5.0, 2.0, 0, fruits.contains(food)
4, 4845, -1.5, 1.0, -5.0, 2.5, 0, fruits.contains(food)
4, 4846, -1.5, 1.0, -5.0, 3.0, 0, fruits.contains(food)
4, 4847, -1.5, 1.0, -5.0, 3.5, 17, fruits.contains(fruits.contains(food))
4, 4848, -1.5, 1.0, -5.0, 4.0, 17, fruits.contains(fruits.contains(food))
4, 4849, -1.5, 1.0, -5.0, 4.5, 17, fruits.contains(fruits.contains(food))
4, 4850, -1.5, 1.0, -5.0, 5.0, 17, fruits.contains(fruits.contains(food))
4, 4851, -1.5, 1.0, -4.5, 0.0, 11, contains()
4, 4852, -1.5, 1.0, -4.5, 0.5, 11, contains()
4, 4853, -1.5, 1.0, -4.5, 1.0, 9, food.contains()
4, 4854, -1.5, 1.0, -4.5, 1.5, 0, fruits.contains(food)
4, 4855, -1.5, 1.0, -4.5, 2.0, 0, fruits.contains(food)
4, 4856, -1.5, 1.0, -4.5, 2.5, 0, fruits.contains(food)
4, 4857, -1.5, 1.0, -4.5, 3.0, 0, fruits.contains(food)
4, 4858, -1.5, 1.0, -4.5, 3.5, 17, fruits.contains(fruits.contains(food))
4, 4859, -1.5, 1.0, -4.5, 4.0, 17, fruits.contains(fruits.contains(food))
4, 4860, -1.5, 1.0, -4.5, 4.5, 17, fruits.contains(fruits.contains(food))
4, 4861, -1.5, 1.0, -4.5, 5.0, 17, fruits.contains(fruits.contains(food))
4, 4862, -1.5, 1.0, -4.0, 0.0, 11, contains()
4, 4863, -1.5, 1.0, -4.0, 0.5, 11, contains()
4, 4864, -1.5, 1.0, -4.0, 1.0, 9, food.contains()
4, 4865, -1.5, 1.0, -4.0, 1.5, 0, fruits.contains(food)
4, 4866, -1.5, 1.0, -4.0, 2.0, 0, fruits.contains(food)
4, 4867, -1.5, 1.0, -4.0, 2.5, 0, fruits.contains(food)
4, 4868, -1.5, 1.0, -4.0, 3.0, 0, fruits.contains(food)
4, 4869, -1.5, 1.0, -4.0, 3.5, 17, fruits.contains(fruits.contains(food))
4, 4870, -1.5, 1.0, -4.0, 4.0, 17, fruits.contains(fruits.contains(food))
4, 4871, -1.5, 1.0, -4.0, 4.5, 17, fruits.contains(fruits.contains(food))
4, 4872, -1.5, 1.0, -4.0, 5.0, 17, fruits.contains(fruits.contains(food))
4, 4873, -1.5, 1.0, -3.5, 0.0, 11, contains()
4, 4874, -1.5, 1.0, -3.5, 0.5, 11, contains()
4, 4875, -1.5, 1.0, -3.5, 1.0, 9, food.contains()
4, 4876, -1.5, 1.0, -3.5, 1.5, 0, fruits.contains(food)
4, 4877, -1.5, 1.0, -3.5, 2.0, 0, fruits.contains(food)
4, 4878, -1.5, 1.0, -3.5, 2.5, 0, fruits.contains(food)
4, 4879, -1.5, 1.0, -3.5, 3.0, 0, fruits.contains(food)
4, 4880, -1.5, 1.0, -3.5, 3.5, 17, fruits.contains(fruits.contains(food))
4, 4881, -1.5, 1.0, -3.5, 4.0, 17, fruits.contains(fruits.contains(food))
4, 4882, -1.5, 1.0, -3.5, 4.5, 17, fruits.contains(fruits.contains(food))
4, 4883, -1.5, 1.0, -3.5, 5.0, 17, fruits.contains(fruits.contains(food))
4, 4884, -1.5, 1.0, -3.0, 0.0, 11, contains()
4, 4885, -1.5, 1.0, -3.0, 0.5, 11, contains()
4, 4886, -1.5, 1.0, -3.0, 1.0, 9, food.contains()
4, 4887, -1.5, 1.0, -3.0, 1.5, 0, fruits.contains(food)
4, 4888, -1.5, 1.0, -3.0, 2.0, 0, fruits.contains(food)
4, 4889, -1.5, 1.0, -3.0, 2.5, 0, fruits.contains(food)
4, 4890, -1.5, 1.0, -3.0, 3.0, 0, fruits.contains(food)
4, 4891, -1.5, 1.0, -3.0, 3.5, 17, fruits.contains(fruits.contains(food))
4, 4892, -1.5, 1.0, -3.0, 4.0, 17, fruits.contains(fruits.contains(food))
4, 4893, -1.5, 1.0, -3.0, 4.5, 17, fruits.contains(fruits.contains(food))
4, 4894, -1.5, 1.0, -3.0, 5.0, 17, fruits.contains(fruits.contains(food))
4, 4895, -1.5, 1.0, -2.5, 0.0, 11, contains()
4, 4896, -1.5, 1.0, -2.5, 0.5, 11, contains()
4, 4897, -1.5, 1.0, -2.5, 1.0, 9, food.contains()
4, 4898, -1.5, 1.0, -2.5, 1.5, 0, fruits.contains(food)
4, 4899, -1.5, 1.0, -2.5, 2.0, 0, fruits.contains(food)
4, 4900, -1.5, 1.0, -2.5, 2.5, 0, fruits.contains(food)
4, 4901, -1.5, 1.0, -2.5, 3.0, 0, fruits.contains(food)
4, 4902, -1.5, 1.0, -2.5, 3.5, 17, fruits.contains(fruits.contains(food))
4, 4903, -1.5, 1.0, -2.5, 4.0, 17, fruits.contains(fruits.contains(food))
4, 4904, -1.5, 1.0, -2.5, 4.5, 17, fruits.contains(fruits.contains(food))
4, 4905, -1.5, 1.0, -2.5, 5.0, 111, food.replace(food, food).regionMatches(fruits.contains(food), fruits.size(), food.replace(food, food), fruits.size(), fruits.size())
4, 4906, -1.5, 1.0, -2.0, 0.0, 11, contains()
4, 4907, -1.5, 1.0, -2.0, 0.5, 11, contains()
4, 4908, -1.5, 1.0, -2.0, 1.0, 9, food.contains()
4, 4909, -1.5, 1.0, -2.0, 1.5, 0, fruits.contains(food)
4, 4910, -1.5, 1.0, -2.0, 2.0, 0, fruits.contains(food)
4, 4911, -1.5, 1.0, -2.0, 2.5, 0, fruits.contains(food)
4, 4912, -1.5, 1.0, -2.0, 3.0, 0, fruits.contains(food)
4, 4913, -1.5, 1.0, -2.0, 3.5, 17, fruits.contains(fruits.contains(food))
4, 4914, -1.5, 1.0, -2.0, 4.0, 17, fruits.contains(fruits.contains(food))
4, 4915, -1.5, 1.0, -2.0, 4.5, 111, food.replace(food, food).regionMatches(fruits.contains(food), fruits.size(), food.replace(food, food), fruits.size(), fruits.size())
4, 4916, -1.5, 1.0, -2.0, 5.0, 111, food.replace(food, food).regionMatches(fruits.contains(food), fruits.size(), food.replace(food, food), fruits.size(), fruits.size())
4, 4917, -1.5, 1.0, -1.5, 0.0, 11, contains()
4, 4918, -1.5, 1.0, -1.5, 0.5, 11, contains()
4, 4919, -1.5, 1.0, -1.5, 1.0, 9, food.contains()
4, 4920, -1.5, 1.0, -1.5, 1.5, 0, fruits.contains(food)
4, 4921, -1.5, 1.0, -1.5, 2.0, 0, fruits.contains(food)
4, 4922, -1.5, 1.0, -1.5, 2.5, 0, fruits.contains(food)
4, 4923, -1.5, 1.0, -1.5, 3.0, 0, fruits.contains(food)
4, 4924, -1.5, 1.0, -1.5, 3.5, 17, fruits.contains(fruits.contains(food))
4, 4925, -1.5, 1.0, -1.5, 4.0, 111, food.replace(food, food).regionMatches(fruits.contains(food), fruits.size(), food.replace(food, food), fruits.size(), fruits.size())
4, 4926, -1.5, 1.0, -1.5, 4.5, 111, food.replace(food, food).regionMatches(fruits.contains(food), fruits.size(), food.replace(food, food), fruits.size(), fruits.size())
4, 4927, -1.5, 1.0, -1.5, 5.0, 111, food.replace(food, food).regionMatches(fruits.contains(food), fruits.size(), food.replace(food, food), fruits.size(), fruits.size())
4, 4928, -1.5, 1.0, -1.0, 0.0, 11, contains()
4, 4929, -1.5, 1.0, -1.0, 0.5, 11, contains()
4, 4930, -1.5, 1.0, -1.0, 1.0, 9, food.contains()
4, 4931, -1.5, 1.0, -1.0, 1.5, 0, fruits.contains(food)
4, 4932, -1.5, 1.0, -1.0, 2.0, 0, fruits.contains(food)
4, 4933, -1.5, 1.0, -1.0, 2.5, 0, fruits.contains(food)
4, 4934, -1.5, 1.0, -1.0, 3.0, 0, fruits.contains(food)
4, 4935, -1.5, 1.0, -1.0, 3.5, 111, food.replace(food, food).regionMatches(fruits.contains(food), fruits.size(), food.replace(food, food), fruits.size(), fruits.size())
4, 4936, -1.5, 1.0, -1.0, 4.0, 111, food.replace(food, food).regionMatches(fruits.contains(food), fruits.size(), food.replace(food, food), fruits.size(), fruits.size())
4, 4937, -1.5, 1.0, -1.0, 4.5, 132, food.replace(food, food).regionMatches(fruits.contains(food), food.compareTo(food), food.replace(food, food), food.compareTo(food), food.compareTo(food))
4, 4938, -1.5, 1.0, -1.0, 5.0, 132, food.replace(food, food).regionMatches(fruits.contains(food), food.compareTo(food), food.replace(food, food), food.compareTo(food), food.compareTo(food))
4, 4939, -1.5, 1.0, -0.5, 0.0, 11, contains()
4, 4940, -1.5, 1.0, -0.5, 0.5, 11, contains()
4, 4941, -1.5, 1.0, -0.5, 1.0, 9, food.contains()
4, 4942, -1.5, 1.0, -0.5, 1.5, 0, fruits.contains(food)
4, 4943, -1.5, 1.0, -0.5, 2.0, 0, fruits.contains(food)
4, 4944, -1.5, 1.0, -0.5, 2.5, 0, fruits.contains(food)
4, 4945, -1.5, 1.0, -0.5, 3.0, 22, fruits.contains(new Task04().isFruit(food))
4, 4946, -1.5, 1.0, -0.5, 3.5, 132, food.replace(food, food).regionMatches(fruits.contains(food), food.compareTo(food), food.replace(food, food), food.compareTo(food), food.compareTo(food))
4, 4947, -1.5, 1.0, -0.5, 4.0, 132, food.replace(food, food).regionMatches(fruits.contains(food), food.compareTo(food), food.replace(food, food), food.compareTo(food), food.compareTo(food))
4, 4948, -1.5, 1.0, -0.5, 4.5, 143, food.replace(food, food).regionMatches(new Task04().isFruit(food), food.compareTo(food), food.replace(food, food), food.compareTo(food), food.compareTo(food))
4, 4949, -1.5, 1.0, -0.5, 5.0, 143, food.replace(food, food).regionMatches(new Task04().isFruit(food), food.compareTo(food), food.replace(food, food), food.compareTo(food), food.compareTo(food))
4, 4950, -1.5, 1.0, 0.0, 0.0, 12, containsKey()
4, 4951, -1.5, 1.0, 0.0, 0.5, 12, containsKey()
4, 4952, -1.5, 1.0, 0.0, 1.0, 16, food.isFruit()
4, 4953, -1.5, 1.0, 0.0, 1.5, 0, fruits.contains(food)
4, 4954, -1.5, 1.0, 0.0, 2.0, 22, fruits.contains(new Task04().isFruit(food))
4, 4955, -1.5, 1.0, 0.0, 2.5, 149, food.replaceAll(food, food).regionMatches(new Task04().isFruit(food), food.compareTo(food), food.replaceAll(food, food), food.compareTo(food), food.compareTo(food))
4, 4956, -1.5, 1.0, 0.0, 3.0, 149, food.replaceAll(food, food).regionMatches(new Task04().isFruit(food), food.compareTo(food), food.replaceAll(food, food), food.compareTo(food), food.compareTo(food))
4, 4957, -1.5, 1.0, 0.0, 3.5, 169, food.replaceAll(food, food).regionMatches(new Task04().isFruit(food), getFruitList().indexOf(food), food.replaceAll(food, food), getFruitList().indexOf(food), getFruitList().indexOf(food))
4, 4958, -1.5, 1.0, 0.0, 4.0, 169, food.replaceAll(food, food).regionMatches(new Task04().isFruit(food), getFruitList().indexOf(food), food.replaceAll(food, food), getFruitList().indexOf(food), getFruitList().indexOf(food))
4, 4959, -1.5, 1.0, 0.0, 4.5, 169, food.replaceAll(food, food).regionMatches(new Task04().isFruit(food), getFruitList().indexOf(food), food.replaceAll(food, food), getFruitList().indexOf(food), getFruitList().indexOf(food))
4, 4960, -1.5, 1.0, 0.0, 5.0, 169, food.replaceAll(food, food).regionMatches(new Task04().isFruit(food), getFruitList().indexOf(food), food.replaceAll(food, food), getFruitList().indexOf(food), getFruitList().indexOf(food))
4, 4961, -1.0, 1.0, -5.0, 0.0, 11, contains()
4, 4962, -1.0, 1.0, -5.0, 0.5, 0, fruits.contains(food)
4, 4963, -1.0, 1.0, -5.0, 1.0, 0, fruits.contains(food)
4, 4964, -1.0, 1.0, -5.0, 1.5, 0, fruits.contains(food)
4, 4965, -1.0, 1.0, -5.0, 2.0, 0, fruits.contains(food)
4, 4966, -1.0, 1.0, -5.0, 2.5, 17, fruits.contains(fruits.contains(food))
4, 4967, -1.0, 1.0, -5.0, 3.0, 17, fruits.contains(fruits.contains(food))
4, 4968, -1.0, 1.0, -5.0, 3.5, 17, fruits.contains(fruits.contains(food))
4, 4969, -1.0, 1.0, -5.0, 4.0, 17, fruits.contains(fruits.contains(food))
4, 4970, -1.0, 1.0, -5.0, 4.5, 17, fruits.contains(fruits.contains(food))
4, 4971, -1.0, 1.0, -5.0, 5.0, 17, fruits.contains(fruits.contains(food))
4, 4972, -1.0, 1.0, -4.5, 0.0, 11, contains()
4, 4973, -1.0, 1.0, -4.5, 0.5, 0, fruits.contains(food)
4, 4974, -1.0, 1.0, -4.5, 1.0, 0, fruits.contains(food)
4, 4975, -1.0, 1.0, -4.5, 1.5, 0, fruits.contains(food)
4, 4976, -1.0, 1.0, -4.5, 2.0, 0, fruits.contains(food)
4, 4977, -1.0, 1.0, -4.5, 2.5, 17, fruits.contains(fruits.contains(food))
4, 4978, -1.0, 1.0, -4.5, 3.0, 17, fruits.contains(fruits.contains(food))
4, 4979, -1.0, 1.0, -4.5, 3.5, 17, fruits.contains(fruits.contains(food))
4, 4980, -1.0, 1.0, -4.5, 4.0, 17, fruits.contains(fruits.contains(food))
4, 4981, -1.0, 1.0, -4.5, 4.5, 17, fruits.contains(fruits.contains(food))
4, 4982, -1.0, 1.0, -4.5, 5.0, 17, fruits.contains(fruits.contains(food))
4, 4983, -1.0, 1.0, -4.0, 0.0, 11, contains()
4, 4984, -1.0, 1.0, -4.0, 0.5, 0, fruits.contains(food)
4, 4985, -1.0, 1.0, -4.0, 1.0, 0, fruits.contains(food)
4, 4986, -1.0, 1.0, -4.0, 1.5, 0, fruits.contains(food)
4, 4987, -1.0, 1.0, -4.0, 2.0, 0, fruits.contains(food)
4, 4988, -1.0, 1.0, -4.0, 2.5, 17, fruits.contains(fruits.contains(food))
4, 4989, -1.0, 1.0, -4.0, 3.0, 17, fruits.contains(fruits.contains(food))
4, 4990, -1.0, 1.0, -4.0, 3.5, 17, fruits.contains(fruits.contains(food))
4, 4991, -1.0, 1.0, -4.0, 4.0, 17, fruits.contains(fruits.contains(food))
4, 4992, -1.0, 1.0, -4.0, 4.5, 17, fruits.contains(fruits.contains(food))
4, 4993, -1.0, 1.0, -4.0, 5.0, 17, fruits.contains(fruits.contains(food))
4, 4994, -1.0, 1.0, -3.5, 0.0, 11, contains()
4, 4995, -1.0, 1.0, -3.5, 0.5, 0, fruits.contains(food)
4, 4996, -1.0, 1.0, -3.5, 1.0, 0, fruits.contains(food)
4, 4997, -1.0, 1.0, -3.5, 1.5, 0, fruits.contains(food)
4, 4998, -1.0, 1.0, -3.5, 2.0, 0, fruits.contains(food)
4, 4999, -1.0, 1.0, -3.5, 2.5, 17, fruits.contains(fruits.contains(food))
4, 5000, -1.0, 1.0, -3.5, 3.0, 17, fruits.contains(fruits.contains(food))
4, 5001, -1.0, 1.0, -3.5, 3.5, 17, fruits.contains(fruits.contains(food))
4, 5002, -1.0, 1.0, -3.5, 4.0, 17, fruits.contains(fruits.contains(food))
4, 5003, -1.0, 1.0, -3.5, 4.5, 17, fruits.contains(fruits.contains(food))
4, 5004, -1.0, 1.0, -3.5, 5.0, 42, food.replace(food, food).contains(food.replace(food, food))
4, 5005, -1.0, 1.0, -3.0, 0.0, 11, contains()
4, 5006, -1.0, 1.0, -3.0, 0.5, 0, fruits.contains(food)
4, 5007, -1.0, 1.0, -3.0, 1.0, 0, fruits.contains(food)
4, 5008, -1.0, 1.0, -3.0, 1.5, 0, fruits.contains(food)
4, 5009, -1.0, 1.0, -3.0, 2.0, 0, fruits.contains(food)
4, 5010, -1.0, 1.0, -3.0, 2.5, 17, fruits.contains(fruits.contains(food))
4, 5011, -1.0, 1.0, -3.0, 3.0, 17, fruits.contains(fruits.contains(food))
4, 5012, -1.0, 1.0, -3.0, 3.5, 17, fruits.contains(fruits.contains(food))
4, 5013, -1.0, 1.0, -3.0, 4.0, 17, fruits.contains(fruits.contains(food))
4, 5014, -1.0, 1.0, -3.0, 4.5, 42, food.replace(food, food).contains(food.replace(food, food))
4, 5015, -1.0, 1.0, -3.0, 5.0, 111, food.replace(food, food).regionMatches(fruits.contains(food), fruits.size(), food.replace(food, food), fruits.size(), fruits.size())
4, 5016, -1.0, 1.0, -2.5, 0.0, 11, contains()
4, 5017, -1.0, 1.0, -2.5, 0.5, 0, fruits.contains(food)
4, 5018, -1.0, 1.0, -2.5, 1.0, 0, fruits.contains(food)
4, 5019, -1.0, 1.0, -2.5, 1.5, 0, fruits.contains(food)
4, 5020, -1.0, 1.0, -2.5, 2.0, 0, fruits.contains(food)
4, 5021, -1.0, 1.0, -2.5, 2.5, 17, fruits.contains(fruits.contains(food))
4, 5022, -1.0, 1.0, -2.5, 3.0, 17, fruits.contains(fruits.contains(food))
4, 5023, -1.0, 1.0, -2.5, 3.5, 17, fruits.contains(fruits.contains(food))
4, 5024, -1.0, 1.0, -2.5, 4.0, 42, food.replace(food, food).contains(food.replace(food, food))
4, 5025, -1.0, 1.0, -2.5, 4.5, 111, food.replace(food, food).regionMatches(fruits.contains(food), fruits.size(), food.replace(food, food), fruits.size(), fruits.size())
4, 5026, -1.0, 1.0, -2.5, 5.0, 111, food.replace(food, food).regionMatches(fruits.contains(food), fruits.size(), food.replace(food, food), fruits.size(), fruits.size())
4, 5027, -1.0, 1.0, -2.0, 0.0, 11, contains()
4, 5028, -1.0, 1.0, -2.0, 0.5, 0, fruits.contains(food)
4, 5029, -1.0, 1.0, -2.0, 1.0, 0, fruits.contains(food)
4, 5030, -1.0, 1.0, -2.0, 1.5, 0, fruits.contains(food)
4, 5031, -1.0, 1.0, -2.0, 2.0, 0, fruits.contains(food)
4, 5032, -1.0, 1.0, -2.0, 2.5, 17, fruits.contains(fruits.contains(food))
4, 5033, -1.0, 1.0, -2.0, 3.0, 17, fruits.contains(fruits.contains(food))
4, 5034, -1.0, 1.0, -2.0, 3.5, 42, food.replace(food, food).contains(food.replace(food, food))
4, 5035, -1.0, 1.0, -2.0, 4.0, 111, food.replace(food, food).regionMatches(fruits.contains(food), fruits.size(), food.replace(food, food), fruits.size(), fruits.size())
4, 5036, -1.0, 1.0, -2.0, 4.5, 111, food.replace(food, food).regionMatches(fruits.contains(food), fruits.size(), food.replace(food, food), fruits.size(), fruits.size())
4, 5037, -1.0, 1.0, -2.0, 5.0, 111, food.replace(food, food).regionMatches(fruits.contains(food), fruits.size(), food.replace(food, food), fruits.size(), fruits.size())
4, 5038, -1.0, 1.0, -1.5, 0.0, 11, contains()
4, 5039, -1.0, 1.0, -1.5, 0.5, 0, fruits.contains(food)
4, 5040, -1.0, 1.0, -1.5, 1.0, 0, fruits.contains(food)
4, 5041, -1.0, 1.0, -1.5, 1.5, 0, fruits.contains(food)
4, 5042, -1.0, 1.0, -1.5, 2.0, 0, fruits.contains(food)
4, 5043, -1.0, 1.0, -1.5, 2.5, 17, fruits.contains(fruits.contains(food))
4, 5044, -1.0, 1.0, -1.5, 3.0, 42, food.replace(food, food).contains(food.replace(food, food))
4, 5045, -1.0, 1.0, -1.5, 3.5, 111, food.replace(food, food).regionMatches(fruits.contains(food), fruits.size(), food.replace(food, food), fruits.size(), fruits.size())
4, 5046, -1.0, 1.0, -1.5, 4.0, 111, food.replace(food, food).regionMatches(fruits.contains(food), fruits.size(), food.replace(food, food), fruits.size(), fruits.size())
4, 5047, -1.0, 1.0, -1.5, 4.5, 132, food.replace(food, food).regionMatches(fruits.contains(food), food.compareTo(food), food.replace(food, food), food.compareTo(food), food.compareTo(food))
4, 5048, -1.0, 1.0, -1.5, 5.0, 132, food.replace(food, food).regionMatches(fruits.contains(food), food.compareTo(food), food.replace(food, food), food.compareTo(food), food.compareTo(food))
4, 5049, -1.0, 1.0, -1.0, 0.0, 11, contains()
4, 5050, -1.0, 1.0, -1.0, 0.5, 0, fruits.contains(food)
4, 5051, -1.0, 1.0, -1.0, 1.0, 0, fruits.contains(food)
4, 5052, -1.0, 1.0, -1.0, 1.5, 0, fruits.contains(food)
4, 5053, -1.0, 1.0, -1.0, 2.0, 0, fruits.contains(food)
4, 5054, -1.0, 1.0, -1.0, 2.5, 20, fruits.contains(food.replace(food, food))
4, 5055, -1.0, 1.0, -1.0, 3.0, 111, food.replace(food, food).regionMatches(fruits.contains(food), fruits.size(), food.replace(food, food), fruits.size(), fruits.size())
4, 5056, -1.0, 1.0, -1.0, 3.5, 132, food.replace(food, food).regionMatches(fruits.contains(food), food.compareTo(food), food.replace(food, food), food.compareTo(food), food.compareTo(food))
4, 5057, -1.0, 1.0, -1.0, 4.0, 132, food.replace(food, food).regionMatches(fruits.contains(food), food.compareTo(food), food.replace(food, food), food.compareTo(food), food.compareTo(food))
4, 5058, -1.0, 1.0, -1.0, 4.5, 132, food.replace(food, food).regionMatches(fruits.contains(food), food.compareTo(food), food.replace(food, food), food.compareTo(food), food.compareTo(food))
4, 5059, -1.0, 1.0, -1.0, 5.0, 132, food.replace(food, food).regionMatches(fruits.contains(food), food.compareTo(food), food.replace(food, food), food.compareTo(food), food.compareTo(food))
4, 5060, -1.0, 1.0, -0.5, 0.0, 11, contains()
4, 5061, -1.0, 1.0, -0.5, 0.5, 0, fruits.contains(food)
4, 5062, -1.0, 1.0, -0.5, 1.0, 0, fruits.contains(food)
4, 5063, -1.0, 1.0, -0.5, 1.5, 0, fruits.contains(food)
4, 5064, -1.0, 1.0, -0.5, 2.0, 20, fruits.contains(food.replace(food, food))
4, 5065, -1.0, 1.0, -0.5, 2.5, 132, food.replace(food, food).regionMatches(fruits.contains(food), food.compareTo(food), food.replace(food, food), food.compareTo(food), food.compareTo(food))
4, 5066, -1.0, 1.0, -0.5, 3.0, 132, food.replace(food, food).regionMatches(fruits.contains(food), food.compareTo(food), food.replace(food, food), food.compareTo(food), food.compareTo(food))
4, 5067, -1.0, 1.0, -0.5, 3.5, 132, food.replace(food, food).regionMatches(fruits.contains(food), food.compareTo(food), food.replace(food, food), food.compareTo(food), food.compareTo(food))
4, 5068, -1.0, 1.0, -0.5, 4.0, 132, food.replace(food, food).regionMatches(fruits.contains(food), food.compareTo(food), food.replace(food, food), food.compareTo(food), food.compareTo(food))
4, 5069, -1.0, 1.0, -0.5, 4.5, 143, food.replace(food, food).regionMatches(new Task04().isFruit(food), food.compareTo(food), food.replace(food, food), food.compareTo(food), food.compareTo(food))
4, 5070, -1.0, 1.0, -0.5, 5.0, 143, food.replace(food, food).regionMatches(new Task04().isFruit(food), food.compareTo(food), food.replace(food, food), food.compareTo(food), food.compareTo(food))
4, 5071, -1.0, 1.0, 0.0, 0.0, 12, containsKey()
4, 5072, -1.0, 1.0, 0.0, 0.5, 0, fruits.contains(food)
4, 5073, -1.0, 1.0, 0.0, 1.0, 0, fruits.contains(food)
4, 5074, -1.0, 1.0, 0.0, 1.5, 22, fruits.contains(new Task04().isFruit(food))
4, 5075, -1.0, 1.0, 0.0, 2.0, 138, food.replaceAll(food, food).regionMatches(fruits.contains(food), food.compareTo(food), food.replaceAll(food, food), food.compareTo(food), food.compareTo(food))
4, 5076, -1.0, 1.0, 0.0, 2.5, 169, food.replaceAll(food, food).regionMatches(new Task04().isFruit(food), getFruitList().indexOf(food), food.replaceAll(food, food), getFruitList().indexOf(food), getFruitList().indexOf(food))
4, 5077, -1.0, 1.0, 0.0, 3.0, 169, food.replaceAll(food, food).regionMatches(new Task04().isFruit(food), getFruitList().indexOf(food), food.replaceAll(food, food), getFruitList().indexOf(food), getFruitList().indexOf(food))
4, 5078, -1.0, 1.0, 0.0, 3.5, 169, food.replaceAll(food, food).regionMatches(new Task04().isFruit(food), getFruitList().indexOf(food), food.replaceAll(food, food), getFruitList().indexOf(food), getFruitList().indexOf(food))
4, 5079, -1.0, 1.0, 0.0, 4.0, 169, food.replaceAll(food, food).regionMatches(new Task04().isFruit(food), getFruitList().indexOf(food), food.replaceAll(food, food), getFruitList().indexOf(food), getFruitList().indexOf(food))
4, 5080, -1.0, 1.0, 0.0, 4.5, 169, food.replaceAll(food, food).regionMatches(new Task04().isFruit(food), getFruitList().indexOf(food), food.replaceAll(food, food), getFruitList().indexOf(food), getFruitList().indexOf(food))
4, 5081, -1.0, 1.0, 0.0, 5.0, 169, food.replaceAll(food, food).regionMatches(new Task04().isFruit(food), getFruitList().indexOf(food), food.replaceAll(food, food), getFruitList().indexOf(food), getFruitList().indexOf(food))
4, 5082, -0.5, 1.0, -5.0, 0.0, 0, fruits.contains(food)
4, 5083, -0.5, 1.0, -5.0, 0.5, 0, fruits.contains(food)
4, 5084, -0.5, 1.0, -5.0, 1.0, 0, fruits.contains(food)
4, 5085, -0.5, 1.0, -5.0, 1.5, 17, fruits.contains(fruits.contains(food))
4, 5086, -0.5, 1.0, -5.0, 2.0, 17, fruits.contains(fruits.contains(food))
4, 5087, -0.5, 1.0, -5.0, 2.5, 17, fruits.contains(fruits.contains(food))
4, 5088, -0.5, 1.0, -5.0, 3.0, 17, fruits.contains(fruits.contains(food))
4, 5089, -0.5, 1.0, -5.0, 3.5, 17, fruits.contains(fruits.contains(food))
4, 5090, -0.5, 1.0, -5.0, 4.0, 17, fruits.contains(fruits.contains(food))
4, 5091, -0.5, 1.0, -5.0, 4.5, 17, fruits.contains(fruits.contains(food))
4, 5092, -0.5, 1.0, -5.0, 5.0, 17, fruits.contains(fruits.contains(food))
4, 5093, -0.5, 1.0, -4.5, 0.0, 0, fruits.contains(food)
4, 5094, -0.5, 1.0, -4.5, 0.5, 0, fruits.contains(food)
4, 5095, -0.5, 1.0, -4.5, 1.0, 0, fruits.contains(food)
4, 5096, -0.5, 1.0, -4.5, 1.5, 17, fruits.contains(fruits.contains(food))
4, 5097, -0.5, 1.0, -4.5, 2.0, 17, fruits.contains(fruits.contains(food))
4, 5098, -0.5, 1.0, -4.5, 2.5, 17, fruits.contains(fruits.contains(food))
4, 5099, -0.5, 1.0, -4.5, 3.0, 17, fruits.contains(fruits.contains(food))
4, 5100, -0.5, 1.0, -4.5, 3.5, 17, fruits.contains(fruits.contains(food))
4, 5101, -0.5, 1.0, -4.5, 4.0, 17, fruits.contains(fruits.contains(food))
4, 5102, -0.5, 1.0, -4.5, 4.5, 17, fruits.contains(fruits.contains(food))
4, 5103, -0.5, 1.0, -4.5, 5.0, 42, food.replace(food, food).contains(food.replace(food, food))
4, 5104, -0.5, 1.0, -4.0, 0.0, 0, fruits.contains(food)
4, 5105, -0.5, 1.0, -4.0, 0.5, 0, fruits.contains(food)
4, 5106, -0.5, 1.0, -4.0, 1.0, 0, fruits.contains(food)
4, 5107, -0.5, 1.0, -4.0, 1.5, 17, fruits.contains(fruits.contains(food))
4, 5108, -0.5, 1.0, -4.0, 2.0, 17, fruits.contains(fruits.contains(food))
4, 5109, -0.5, 1.0, -4.0, 2.5, 17, fruits.contains(fruits.contains(food))
4, 5110, -0.5, 1.0, -4.0, 3.0, 17, fruits.contains(fruits.contains(food))
4, 5111, -0.5, 1.0, -4.0, 3.5, 17, fruits.contains(fruits.contains(food))
4, 5112, -0.5, 1.0, -4.0, 4.0, 17, fruits.contains(fruits.contains(food))
4, 5113, -0.5, 1.0, -4.0, 4.5, 42, food.replace(food, food).contains(food.replace(food, food))
4, 5114, -0.5, 1.0, -4.0, 5.0, 111, food.replace(food, food).regionMatches(fruits.contains(food), fruits.size(), food.replace(food, food), fruits.size(), fruits.size())
4, 5115, -0.5, 1.0, -3.5, 0.0, 0, fruits.contains(food)
4, 5116, -0.5, 1.0, -3.5, 0.5, 0, fruits.contains(food)
4, 5117, -0.5, 1.0, -3.5, 1.0, 0, fruits.contains(food)
4, 5118, -0.5, 1.0, -3.5, 1.5, 17, fruits.contains(fruits.contains(food))
4, 5119, -0.5, 1.0, -3.5, 2.0, 17, fruits.contains(fruits.contains(food))
4, 5120, -0.5, 1.0, -3.5, 2.5, 17, fruits.contains(fruits.contains(food))
4, 5121, -0.5, 1.0, -3.5, 3.0, 17, fruits.contains(fruits.contains(food))
4, 5122, -0.5, 1.0, -3.5, 3.5, 17, fruits.contains(fruits.contains(food))
4, 5123, -0.5, 1.0, -3.5, 4.0, 42, food.replace(food, food).contains(food.replace(food, food))
4, 5124, -0.5, 1.0, -3.5, 4.5, 111, food.replace(food, food).regionMatches(fruits.contains(food), fruits.size(), food.replace(food, food), fruits.size(), fruits.size())
4, 5125, -0.5, 1.0, -3.5, 5.0, 111, food.replace(food, food).regionMatches(fruits.contains(food), fruits.size(), food.replace(food, food), fruits.size(), fruits.size())
4, 5126, -0.5, 1.0, -3.0, 0.0, 0, fruits.contains(food)
4, 5127, -0.5, 1.0, -3.0, 0.5, 0, fruits.contains(food)
4, 5128, -0.5, 1.0, -3.0, 1.0, 0, fruits.contains(food)
4, 5129, -0.5, 1.0, -3.0, 1.5, 17, fruits.contains(fruits.contains(food))
4, 5130, -0.5, 1.0, -3.0, 2.0, 17, fruits.contains(fruits.contains(food))
4, 5131, -0.5, 1.0, -3.0, 2.5, 17, fruits.contains(fruits.contains(food))
4, 5132, -0.5, 1.0, -3.0, 3.0, 17, fruits.contains(fruits.contains(food))
4, 5133, -0.5, 1.0, -3.0, 3.5, 42, food.replace(food, food).contains(food.replace(food, food))
4, 5134, -0.5, 1.0, -3.0, 4.0, 111, food.replace(food, food).regionMatches(fruits.contains(food), fruits.size(), food.replace(food, food), fruits.size(), fruits.size())
4, 5135, -0.5, 1.0, -3.0, 4.5, 111, food.replace(food, food).regionMatches(fruits.contains(food), fruits.size(), food.replace(food, food), fruits.size(), fruits.size())
4, 5136, -0.5, 1.0, -3.0, 5.0, 111, food.replace(food, food).regionMatches(fruits.contains(food), fruits.size(), food.replace(food, food), fruits.size(), fruits.size())
4, 5137, -0.5, 1.0, -2.5, 0.0, 0, fruits.contains(food)
4, 5138, -0.5, 1.0, -2.5, 0.5, 0, fruits.contains(food)
4, 5139, -0.5, 1.0, -2.5, 1.0, 0, fruits.contains(food)
4, 5140, -0.5, 1.0, -2.5, 1.5, 17, fruits.contains(fruits.contains(food))
4, 5141, -0.5, 1.0, -2.5, 2.0, 17, fruits.contains(fruits.contains(food))
4, 5142, -0.5, 1.0, -2.5, 2.5, 17, fruits.contains(fruits.contains(food))
4, 5143, -0.5, 1.0, -2.5, 3.0, 42, food.replace(food, food).contains(food.replace(food, food))
4, 5144, -0.5, 1.0, -2.5, 3.5, 111, food.replace(food, food).regionMatches(fruits.contains(food), fruits.size(), food.replace(food, food), fruits.size(), fruits.size())
4, 5145, -0.5, 1.0, -2.5, 4.0, 111, food.replace(food, food).regionMatches(fruits.contains(food), fruits.size(), food.replace(food, food), fruits.size(), fruits.size())
4, 5146, -0.5, 1.0, -2.5, 4.5, 111, food.replace(food, food).regionMatches(fruits.contains(food), fruits.size(), food.replace(food, food), fruits.size(), fruits.size())
4, 5147, -0.5, 1.0, -2.5, 5.0, 111, food.replace(food, food).regionMatches(fruits.contains(food), fruits.size(), food.replace(food, food), fruits.size(), fruits.size())
4, 5148, -0.5, 1.0, -2.0, 0.0, 0, fruits.contains(food)
4, 5149, -0.5, 1.0, -2.0, 0.5, 0, fruits.contains(food)
4, 5150, -0.5, 1.0, -2.0, 1.0, 0, fruits.contains(food)
4, 5151, -0.5, 1.0, -2.0, 1.5, 17, fruits.contains(fruits.contains(food))
4, 5152, -0.5, 1.0, -2.0, 2.0, 17, fruits.contains(fruits.contains(food))
4, 5153, -0.5, 1.0, -2.0, 2.5, 42, food.replace(food, food).contains(food.replace(food, food))
4, 5154, -0.5, 1.0, -2.0, 3.0, 111, food.replace(food, food).regionMatches(fruits.contains(food), fruits.size(), food.replace(food, food), fruits.size(), fruits.size())
4, 5155, -0.5, 1.0, -2.0, 3.5, 111, food.replace(food, food).regionMatches(fruits.contains(food), fruits.size(), food.replace(food, food), fruits.size(), fruits.size())
4, 5156, -0.5, 1.0, -2.0, 4.0, 111, food.replace(food, food).regionMatches(fruits.contains(food), fruits.size(), food.replace(food, food), fruits.size(), fruits.size())
4, 5157, -0.5, 1.0, -2.0, 4.5, 132, food.replace(food, food).regionMatches(fruits.contains(food), food.compareTo(food), food.replace(food, food), food.compareTo(food), food.compareTo(food))
4, 5158, -0.5, 1.0, -2.0, 5.0, 132, food.replace(food, food).regionMatches(fruits.contains(food), food.compareTo(food), food.replace(food, food), food.compareTo(food), food.compareTo(food))
4, 5159, -0.5, 1.0, -1.5, 0.0, 0, fruits.contains(food)
4, 5160, -0.5, 1.0, -1.5, 0.5, 0, fruits.contains(food)
4, 5161, -0.5, 1.0, -1.5, 1.0, 0, fruits.contains(food)
4, 5162, -0.5, 1.0, -1.5, 1.5, 17, fruits.contains(fruits.contains(food))
4, 5163, -0.5, 1.0, -1.5, 2.0, 17, fruits.contains(fruits.contains(food))
4, 5164, -0.5, 1.0, -1.5, 2.5, 111, food.replace(food, food).regionMatches(fruits.contains(food), fruits.size(), food.replace(food, food), fruits.size(), fruits.size())
4, 5165, -0.5, 1.0, -1.5, 3.0, 111, food.replace(food, food).regionMatches(fruits.contains(food), fruits.size(), food.replace(food, food), fruits.size(), fruits.size())
4, 5166, -0.5, 1.0, -1.5, 3.5, 132, food.replace(food, food).regionMatches(fruits.contains(food), food.compareTo(food), food.replace(food, food), food.compareTo(food), food.compareTo(food))
4, 5167, -0.5, 1.0, -1.5, 4.0, 132, food.replace(food, food).regionMatches(fruits.contains(food), food.compareTo(food), food.replace(food, food), food.compareTo(food), food.compareTo(food))
4, 5168, -0.5, 1.0, -1.5, 4.5, 132, food.replace(food, food).regionMatches(fruits.contains(food), food.compareTo(food), food.replace(food, food), food.compareTo(food), food.compareTo(food))
4, 5169, -0.5, 1.0, -1.5, 5.0, 132, food.replace(food, food).regionMatches(fruits.contains(food), food.compareTo(food), food.replace(food, food), food.compareTo(food), food.compareTo(food))
4, 5170, -0.5, 1.0, -1.0, 0.0, 0, fruits.contains(food)
4, 5171, -0.5, 1.0, -1.0, 0.5, 0, fruits.contains(food)
4, 5172, -0.5, 1.0, -1.0, 1.0, 0, fruits.contains(food)
4, 5173, -0.5, 1.0, -1.0, 1.5, 17, fruits.contains(fruits.contains(food))
4, 5174, -0.5, 1.0, -1.0, 2.0, 111, food.replace(food, food).regionMatches(fruits.contains(food), fruits.size(), food.replace(food, food), fruits.size(), fruits.size())
4, 5175, -0.5, 1.0, -1.0, 2.5, 132, food.replace(food, food).regionMatches(fruits.contains(food), food.compareTo(food), food.replace(food, food), food.compareTo(food), food.compareTo(food))
4, 5176, -0.5, 1.0, -1.0, 3.0, 132, food.replace(food, food).regionMatches(fruits.contains(food), food.compareTo(food), food.replace(food, food), food.compareTo(food), food.compareTo(food))
4, 5177, -0.5, 1.0, -1.0, 3.5, 132, food.replace(food, food).regionMatches(fruits.contains(food), food.compareTo(food), food.replace(food, food), food.compareTo(food), food.compareTo(food))
4, 5178, -0.5, 1.0, -1.0, 4.0, 132, food.replace(food, food).regionMatches(fruits.contains(food), food.compareTo(food), food.replace(food, food), food.compareTo(food), food.compareTo(food))
4, 5179, -0.5, 1.0, -1.0, 4.5, 132, food.replace(food, food).regionMatches(fruits.contains(food), food.compareTo(food), food.replace(food, food), food.compareTo(food), food.compareTo(food))
4, 5180, -0.5, 1.0, -1.0, 5.0, 132, food.replace(food, food).regionMatches(fruits.contains(food), food.compareTo(food), food.replace(food, food), food.compareTo(food), food.compareTo(food))
4, 5181, -0.5, 1.0, -0.5, 0.0, 0, fruits.contains(food)
4, 5182, -0.5, 1.0, -0.5, 0.5, 0, fruits.contains(food)
4, 5183, -0.5, 1.0, -0.5, 1.0, 0, fruits.contains(food)
4, 5184, -0.5, 1.0, -0.5, 1.5, 132, food.replace(food, food).regionMatches(fruits.contains(food), food.compareTo(food), food.replace(food, food), food.compareTo(food), food.compareTo(food))
4, 5185, -0.5, 1.0, -0.5, 2.0, 132, food.replace(food, food).regionMatches(fruits.contains(food), food.compareTo(food), food.replace(food, food), food.compareTo(food), food.compareTo(food))
4, 5186, -0.5, 1.0, -0.5, 2.5, 132, food.replace(food, food).regionMatches(fruits.contains(food), food.compareTo(food), food.replace(food, food), food.compareTo(food), food.compareTo(food))
4, 5187, -0.5, 1.0, -0.5, 3.0, 132, food.replace(food, food).regionMatches(fruits.contains(food), food.compareTo(food), food.replace(food, food), food.compareTo(food), food.compareTo(food))
4, 5188, -0.5, 1.0, -0.5, 3.5, 132, food.replace(food, food).regionMatches(fruits.contains(food), food.compareTo(food), food.replace(food, food), food.compareTo(food), food.compareTo(food))
4, 5189, -0.5, 1.0, -0.5, 4.0, 132, food.replace(food, food).regionMatches(fruits.contains(food), food.compareTo(food), food.replace(food, food), food.compareTo(food), food.compareTo(food))
4, 5190, -0.5, 1.0, -0.5, 4.5, 143, food.replace(food, food).regionMatches(new Task04().isFruit(food), food.compareTo(food), food.replace(food, food), food.compareTo(food), food.compareTo(food))
4, 5191, -0.5, 1.0, -0.5, 5.0, 143, food.replace(food, food).regionMatches(new Task04().isFruit(food), food.compareTo(food), food.replace(food, food), food.compareTo(food), food.compareTo(food))
4, 5192, -0.5, 1.0, 0.0, 0.0, 0, fruits.contains(food)
4, 5193, -0.5, 1.0, 0.0, 0.5, 0, fruits.contains(food)
4, 5194, -0.5, 1.0, 0.0, 1.0, 138, food.replaceAll(food, food).regionMatches(fruits.contains(food), food.compareTo(food), food.replaceAll(food, food), food.compareTo(food), food.compareTo(food))
4, 5195, -0.5, 1.0, 0.0, 1.5, 162, food.replaceAll(food, food).regionMatches(fruits.contains(food), getFruitList().indexOf(food), food.replaceAll(food, food), getFruitList().indexOf(food), getFruitList().indexOf(food))
4, 5196, -0.5, 1.0, 0.0, 2.0, 162, food.replaceAll(food, food).regionMatches(fruits.contains(food), getFruitList().indexOf(food), food.replaceAll(food, food), getFruitList().indexOf(food), getFruitList().indexOf(food))
4, 5197, -0.5, 1.0, 0.0, 2.5, 169, food.replaceAll(food, food).regionMatches(new Task04().isFruit(food), getFruitList().indexOf(food), food.replaceAll(food, food), getFruitList().indexOf(food), getFruitList().indexOf(food))
4, 5198, -0.5, 1.0, 0.0, 3.0, 169, food.replaceAll(food, food).regionMatches(new Task04().isFruit(food), getFruitList().indexOf(food), food.replaceAll(food, food), getFruitList().indexOf(food), getFruitList().indexOf(food))
4, 5199, -0.5, 1.0, 0.0, 3.5, 169, food.replaceAll(food, food).regionMatches(new Task04().isFruit(food), getFruitList().indexOf(food), food.replaceAll(food, food), getFruitList().indexOf(food), getFruitList().indexOf(food))
4, 5200, -0.5, 1.0, 0.0, 4.0, 169, food.replaceAll(food, food).regionMatches(new Task04().isFruit(food), getFruitList().indexOf(food), food.replaceAll(food, food), getFruitList().indexOf(food), getFruitList().indexOf(food))
4, 5201, -0.5, 1.0, 0.0, 4.5, 169, food.replaceAll(food, food).regionMatches(new Task04().isFruit(food), getFruitList().indexOf(food), food.replaceAll(food, food), getFruitList().indexOf(food), getFruitList().indexOf(food))
4, 5202, -0.5, 1.0, 0.0, 5.0, 169, food.replaceAll(food, food).regionMatches(new Task04().isFruit(food), getFruitList().indexOf(food), food.replaceAll(food, food), getFruitList().indexOf(food), getFruitList().indexOf(food))
4, 5203, 0.0, 1.0, -5.0, 0.0, 11, fruits.contains(food).contains()
4, 5204, 0.0, 1.0, -5.0, 0.5, 17, fruits.contains(fruits.contains(food))
4, 5205, 0.0, 1.0, -5.0, 1.0, 17, fruits.contains(fruits.contains(food))
4, 5206, 0.0, 1.0, -5.0, 1.5, 17, fruits.contains(fruits.contains(food))
4, 5207, 0.0, 1.0, -5.0, 2.0, 17, fruits.contains(fruits.contains(food))
4, 5208, 0.0, 1.0, -5.0, 2.5, 17, fruits.contains(fruits.contains(food))
4, 5209, 0.0, 1.0, -5.0, 3.0, 17, fruits.contains(fruits.contains(food))
4, 5210, 0.0, 1.0, -5.0, 3.5, 17, fruits.contains(fruits.contains(food))
4, 5211, 0.0, 1.0, -5.0, 4.0, 17, fruits.contains(fruits.contains(food))
4, 5212, 0.0, 1.0, -5.0, 4.5, 42, food.replace(food, food).contains(food.replace(food, food))
4, 5213, 0.0, 1.0, -5.0, 5.0, 111, food.replace(food, food).regionMatches(fruits.contains(food), fruits.size(), food.replace(food, food), fruits.size(), fruits.size())
4, 5214, 0.0, 1.0, -4.5, 0.0, 11, fruits.contains(food).contains()
4, 5215, 0.0, 1.0, -4.5, 0.5, 17, fruits.contains(fruits.contains(food))
4, 5216, 0.0, 1.0, -4.5, 1.0, 17, fruits.contains(fruits.contains(food))
4, 5217, 0.0, 1.0, -4.5, 1.5, 17, fruits.contains(fruits.contains(food))
4, 5218, 0.0, 1.0, -4.5, 2.0, 17, fruits.contains(fruits.contains(food))
4, 5219, 0.0, 1.0, -4.5, 2.5, 17, fruits.contains(fruits.contains(food))
4, 5220, 0.0, 1.0, -4.5, 3.0, 17, fruits.contains(fruits.contains(food))
4, 5221, 0.0, 1.0, -4.5, 3.5, 17, fruits.contains(fruits.contains(food))
4, 5222, 0.0, 1.0, -4.5, 4.0, 42, food.replace(food, food).contains(food.replace(food, food))
4, 5223, 0.0, 1.0, -4.5, 4.5, 111, food.replace(food, food).regionMatches(fruits.contains(food), fruits.size(), food.replace(food, food), fruits.size(), fruits.size())
4, 5224, 0.0, 1.0, -4.5, 5.0, 111, food.replace(food, food).regionMatches(fruits.contains(food), fruits.size(), food.replace(food, food), fruits.size(), fruits.size())
4, 5225, 0.0, 1.0, -4.0, 0.0, 11, fruits.contains(food).contains()
4, 5226, 0.0, 1.0, -4.0, 0.5, 17, fruits.contains(fruits.contains(food))
4, 5227, 0.0, 1.0, -4.0, 1.0, 17, fruits.contains(fruits.contains(food))
4, 5228, 0.0, 1.0, -4.0, 1.5, 17, fruits.contains(fruits.contains(food))
4, 5229, 0.0, 1.0, -4.0, 2.0, 17, fruits.contains(fruits.contains(food))
4, 5230, 0.0, 1.0, -4.0, 2.5, 17, fruits.contains(fruits.contains(food))
4, 5231, 0.0, 1.0, -4.0, 3.0, 17, fruits.contains(fruits.contains(food))
4, 5232, 0.0, 1.0, -4.0, 3.5, 42, food.replace(food, food).contains(food.replace(food, food))
4, 5233, 0.0, 1.0, -4.0, 4.0, 111, food.replace(food, food).regionMatches(fruits.contains(food), fruits.size(), food.replace(food, food), fruits.size(), fruits.size())
4, 5234, 0.0, 1.0, -4.0, 4.5, 111, food.replace(food, food).regionMatches(fruits.contains(food), fruits.size(), food.replace(food, food), fruits.size(), fruits.size())
4, 5235, 0.0, 1.0, -4.0, 5.0, 111, food.replace(food, food).regionMatches(fruits.contains(food), fruits.size(), food.replace(food, food), fruits.size(), fruits.size())
4, 5236, 0.0, 1.0, -3.5, 0.0, 11, fruits.contains(food).contains()
4, 5237, 0.0, 1.0, -3.5, 0.5, 17, fruits.contains(fruits.contains(food))
4, 5238, 0.0, 1.0, -3.5, 1.0, 17, fruits.contains(fruits.contains(food))
4, 5239, 0.0, 1.0, -3.5, 1.5, 17, fruits.contains(fruits.contains(food))
4, 5240, 0.0, 1.0, -3.5, 2.0, 17, fruits.contains(fruits.contains(food))
4, 5241, 0.0, 1.0, -3.5, 2.5, 17, fruits.contains(fruits.contains(food))
4, 5242, 0.0, 1.0, -3.5, 3.0, 42, food.replace(food, food).contains(food.replace(food, food))
4, 5243, 0.0, 1.0, -3.5, 3.5, 111, food.replace(food, food).regionMatches(fruits.contains(food), fruits.size(), food.replace(food, food), fruits.size(), fruits.size())
4, 5244, 0.0, 1.0, -3.5, 4.0, 111, food.replace(food, food).regionMatches(fruits.contains(food), fruits.size(), food.replace(food, food), fruits.size(), fruits.size())
4, 5245, 0.0, 1.0, -3.5, 4.5, 111, food.replace(food, food).regionMatches(fruits.contains(food), fruits.size(), food.replace(food, food), fruits.size(), fruits.size())
4, 5246, 0.0, 1.0, -3.5, 5.0, 111, food.replace(food, food).regionMatches(fruits.contains(food), fruits.size(), food.replace(food, food), fruits.size(), fruits.size())
4, 5247, 0.0, 1.0, -3.0, 0.0, 11, fruits.contains(food).contains()
4, 5248, 0.0, 1.0, -3.0, 0.5, 17, fruits.contains(fruits.contains(food))
4, 5249, 0.0, 1.0, -3.0, 1.0, 17, fruits.contains(fruits.contains(food))
4, 5250, 0.0, 1.0, -3.0, 1.5, 17, fruits.contains(fruits.contains(food))
4, 5251, 0.0, 1.0, -3.0, 2.0, 17, fruits.contains(fruits.contains(food))
4, 5252, 0.0, 1.0, -3.0, 2.5, 42, food.replace(food, food).contains(food.replace(food, food))
4, 5253, 0.0, 1.0, -3.0, 3.0, 111, food.replace(food, food).regionMatches(fruits.contains(food), fruits.size(), food.replace(food, food), fruits.size(), fruits.size())
4, 5254, 0.0, 1.0, -3.0, 3.5, 111, food.replace(food, food).regionMatches(fruits.contains(food), fruits.size(), food.replace(food, food), fruits.size(), fruits.size())
4, 5255, 0.0, 1.0, -3.0, 4.0, 111, food.replace(food, food).regionMatches(fruits.contains(food), fruits.size(), food.replace(food, food), fruits.size(), fruits.size())
4, 5256, 0.0, 1.0, -3.0, 4.5, 111, food.replace(food, food).regionMatches(fruits.contains(food), fruits.size(), food.replace(food, food), fruits.size(), fruits.size())
4, 5257, 0.0, 1.0, -3.0, 5.0, 111, food.replace(food, food).regionMatches(fruits.contains(food), fruits.size(), food.replace(food, food), fruits.size(), fruits.size())
4, 5258, 0.0, 1.0, -2.5, 0.0, 11, fruits.contains(food).contains()
4, 5259, 0.0, 1.0, -2.5, 0.5, 17, fruits.contains(fruits.contains(food))
4, 5260, 0.0, 1.0, -2.5, 1.0, 17, fruits.contains(fruits.contains(food))
4, 5261, 0.0, 1.0, -2.5, 1.5, 17, fruits.contains(fruits.contains(food))
4, 5262, 0.0, 1.0, -2.5, 2.0, 17, fruits.contains(fruits.contains(food))
4, 5263, 0.0, 1.0, -2.5, 2.5, 111, food.replace(food, food).regionMatches(fruits.contains(food), fruits.size(), food.replace(food, food), fruits.size(), fruits.size())
4, 5264, 0.0, 1.0, -2.5, 3.0, 111, food.replace(food, food).regionMatches(fruits.contains(food), fruits.size(), food.replace(food, food), fruits.size(), fruits.size())
4, 5265, 0.0, 1.0, -2.5, 3.5, 111, food.replace(food, food).regionMatches(fruits.contains(food), fruits.size(), food.replace(food, food), fruits.size(), fruits.size())
4, 5266, 0.0, 1.0, -2.5, 4.0, 111, food.replace(food, food).regionMatches(fruits.contains(food), fruits.size(), food.replace(food, food), fruits.size(), fruits.size())
4, 5267, 0.0, 1.0, -2.5, 4.5, 132, food.replace(food, food).regionMatches(fruits.contains(food), food.compareTo(food), food.replace(food, food), food.compareTo(food), food.compareTo(food))
4, 5268, 0.0, 1.0, -2.5, 5.0, 132, food.replace(food, food).regionMatches(fruits.contains(food), food.compareTo(food), food.replace(food, food), food.compareTo(food), food.compareTo(food))
4, 5269, 0.0, 1.0, -2.0, 0.0, 11, fruits.contains(food).contains()
4, 5270, 0.0, 1.0, -2.0, 0.5, 17, fruits.contains(fruits.contains(food))
4, 5271, 0.0, 1.0, -2.0, 1.0, 17, fruits.contains(fruits.contains(food))
4, 5272, 0.0, 1.0, -2.0, 1.5, 17, fruits.contains(fruits.contains(food))
4, 5273, 0.0, 1.0, -2.0, 2.0, 111, food.replace(food, food).regionMatches(fruits.contains(food), fruits.size(), food.replace(food, food), fruits.size(), fruits.size())
4, 5274, 0.0, 1.0, -2.0, 2.5, 111, food.replace(food, food).regionMatches(fruits.contains(food), fruits.size(), food.replace(food, food), fruits.size(), fruits.size())
4, 5275, 0.0, 1.0, -2.0, 3.0, 111, food.replace(food, food).regionMatches(fruits.contains(food), fruits.size(), food.replace(food, food), fruits.size(), fruits.size())
4, 5276, 0.0, 1.0, -2.0, 3.5, 132, food.replace(food, food).regionMatches(fruits.contains(food), food.compareTo(food), food.replace(food, food), food.compareTo(food), food.compareTo(food))
4, 5277, 0.0, 1.0, -2.0, 4.0, 132, food.replace(food, food).regionMatches(fruits.contains(food), food.compareTo(food), food.replace(food, food), food.compareTo(food), food.compareTo(food))
4, 5278, 0.0, 1.0, -2.0, 4.5, 132, food.replace(food, food).regionMatches(fruits.contains(food), food.compareTo(food), food.replace(food, food), food.compareTo(food), food.compareTo(food))
4, 5279, 0.0, 1.0, -2.0, 5.0, 132, food.replace(food, food).regionMatches(fruits.contains(food), food.compareTo(food), food.replace(food, food), food.compareTo(food), food.compareTo(food))
4, 5280, 0.0, 1.0, -1.5, 0.0, 11, fruits.contains(food).contains()
4, 5281, 0.0, 1.0, -1.5, 0.5, 17, fruits.contains(fruits.contains(food))
4, 5282, 0.0, 1.0, -1.5, 1.0, 17, fruits.contains(fruits.contains(food))
4, 5283, 0.0, 1.0, -1.5, 1.5, 111, food.replace(food, food).regionMatches(fruits.contains(food), fruits.size(), food.replace(food, food), fruits.size(), fruits.size())
4, 5284, 0.0, 1.0, -1.5, 2.0, 111, food.replace(food, food).regionMatches(fruits.contains(food), fruits.size(), food.replace(food, food), fruits.size(), fruits.size())
4, 5285, 0.0, 1.0, -1.5, 2.5, 132, food.replace(food, food).regionMatches(fruits.contains(food), food.compareTo(food), food.replace(food, food), food.compareTo(food), food.compareTo(food))
4, 5286, 0.0, 1.0, -1.5, 3.0, 132, food.replace(food, food).regionMatches(fruits.contains(food), food.compareTo(food), food.replace(food, food), food.compareTo(food), food.compareTo(food))
4, 5287, 0.0, 1.0, -1.5, 3.5, 132, food.replace(food, food).regionMatches(fruits.contains(food), food.compareTo(food), food.replace(food, food), food.compareTo(food), food.compareTo(food))
4, 5288, 0.0, 1.0, -1.5, 4.0, 132, food.replace(food, food).regionMatches(fruits.contains(food), food.compareTo(food), food.replace(food, food), food.compareTo(food), food.compareTo(food))
4, 5289, 0.0, 1.0, -1.5, 4.5, 132, food.replace(food, food).regionMatches(fruits.contains(food), food.compareTo(food), food.replace(food, food), food.compareTo(food), food.compareTo(food))
4, 5290, 0.0, 1.0, -1.5, 5.0, 132, food.replace(food, food).regionMatches(fruits.contains(food), food.compareTo(food), food.replace(food, food), food.compareTo(food), food.compareTo(food))
4, 5291, 0.0, 1.0, -1.0, 0.0, 11, fruits.contains(food).contains()
4, 5292, 0.0, 1.0, -1.0, 0.5, 17, fruits.contains(fruits.contains(food))
4, 5293, 0.0, 1.0, -1.0, 1.0, 111, food.replace(food, food).regionMatches(fruits.contains(food), fruits.size(), food.replace(food, food), fruits.size(), fruits.size())
4, 5294, 0.0, 1.0, -1.0, 1.5, 132, food.replace(food, food).regionMatches(fruits.contains(food), food.compareTo(food), food.replace(food, food), food.compareTo(food), food.compareTo(food))
4, 5295, 0.0, 1.0, -1.0, 2.0, 132, food.replace(food, food).regionMatches(fruits.contains(food), food.compareTo(food), food.replace(food, food), food.compareTo(food), food.compareTo(food))
4, 5296, 0.0, 1.0, -1.0, 2.5, 132, food.replace(food, food).regionMatches(fruits.contains(food), food.compareTo(food), food.replace(food, food), food.compareTo(food), food.compareTo(food))
4, 5297, 0.0, 1.0, -1.0, 3.0, 132, food.replace(food, food).regionMatches(fruits.contains(food), food.compareTo(food), food.replace(food, food), food.compareTo(food), food.compareTo(food))
4, 5298, 0.0, 1.0, -1.0, 3.5, 132, food.replace(food, food).regionMatches(fruits.contains(food), food.compareTo(food), food.replace(food, food), food.compareTo(food), food.compareTo(food))
4, 5299, 0.0, 1.0, -1.0, 4.0, 132, food.replace(food, food).regionMatches(fruits.contains(food), food.compareTo(food), food.replace(food, food), food.compareTo(food), food.compareTo(food))
4, 5300, 0.0, 1.0, -1.0, 4.5, 132, food.replace(food, food).regionMatches(fruits.contains(food), food.compareTo(food), food.replace(food, food), food.compareTo(food), food.compareTo(food))
4, 5301, 0.0, 1.0, -1.0, 5.0, 132, food.replace(food, food).regionMatches(fruits.contains(food), food.compareTo(food), food.replace(food, food), food.compareTo(food), food.compareTo(food))
4, 5302, 0.0, 1.0, -0.5, 0.0, 11, fruits.contains(food).contains()
4, 5303, 0.0, 1.0, -0.5, 0.5, 111, food.replace(food, food).regionMatches(fruits.contains(food), fruits.size(), food.replace(food, food), fruits.size(), fruits.size())
4, 5304, 0.0, 1.0, -0.5, 1.0, 132, food.replace(food, food).regionMatches(fruits.contains(food), food.compareTo(food), food.replace(food, food), food.compareTo(food), food.compareTo(food))
4, 5305, 0.0, 1.0, -0.5, 1.5, 132, food.replace(food, food).regionMatches(fruits.contains(food), food.compareTo(food), food.replace(food, food), food.compareTo(food), food.compareTo(food))
4, 5306, 0.0, 1.0, -0.5, 2.0, 132, food.replace(food, food).regionMatches(fruits.contains(food), food.compareTo(food), food.replace(food, food), food.compareTo(food), food.compareTo(food))
4, 5307, 0.0, 1.0, -0.5, 2.5, 132, food.replace(food, food).regionMatches(fruits.contains(food), food.compareTo(food), food.replace(food, food), food.compareTo(food), food.compareTo(food))
4, 5308, 0.0, 1.0, -0.5, 3.0, 132, food.replace(food, food).regionMatches(fruits.contains(food), food.compareTo(food), food.replace(food, food), food.compareTo(food), food.compareTo(food))
4, 5309, 0.0, 1.0, -0.5, 3.5, 132, food.replace(food, food).regionMatches(fruits.contains(food), food.compareTo(food), food.replace(food, food), food.compareTo(food), food.compareTo(food))
4, 5310, 0.0, 1.0, -0.5, 4.0, 132, food.replace(food, food).regionMatches(fruits.contains(food), food.compareTo(food), food.replace(food, food), food.compareTo(food), food.compareTo(food))
4, 5311, 0.0, 1.0, -0.5, 4.5, 143, food.replace(food, food).regionMatches(new Task04().isFruit(food), food.compareTo(food), food.replace(food, food), food.compareTo(food), food.compareTo(food))
4, 5312, 0.0, 1.0, -0.5, 5.0, 143, food.replace(food, food).regionMatches(new Task04().isFruit(food), food.compareTo(food), food.replace(food, food), food.compareTo(food), food.compareTo(food))
4, 5313, 0.0, 1.0, 0.0, 0.0, 28, Boolean.parseBoolean(fruits.contains(food), food)
4, 5314, 0.0, 1.0, 0.0, 0.5, 172, String.valueOf(food, containsValue()).regionMatches(fruits.contains(food), getFruitList().indexOf(food), food.replaceAll(food, food), getFruitList().indexOf(food), getFruitList().indexOf(food))
4, 5315, 0.0, 1.0, 0.0, 1.0, 162, food.replaceAll(food, food).regionMatches(fruits.contains(food), getFruitList().indexOf(food), food.replaceAll(food, food), getFruitList().indexOf(food), getFruitList().indexOf(food))
4, 5316, 0.0, 1.0, 0.0, 1.5, 162, food.replaceAll(food, food).regionMatches(fruits.contains(food), getFruitList().indexOf(food), food.replaceAll(food, food), getFruitList().indexOf(food), getFruitList().indexOf(food))
4, 5317, 0.0, 1.0, 0.0, 2.0, 162, food.replaceAll(food, food).regionMatches(fruits.contains(food), getFruitList().indexOf(food), food.replaceAll(food, food), getFruitList().indexOf(food), getFruitList().indexOf(food))
4, 5318, 0.0, 1.0, 0.0, 2.5, 169, food.replaceAll(food, food).regionMatches(new Task04().isFruit(food), getFruitList().indexOf(food), food.replaceAll(food, food), getFruitList().indexOf(food), getFruitList().indexOf(food))
4, 5319, 0.0, 1.0, 0.0, 3.0, 169, food.replaceAll(food, food).regionMatches(new Task04().isFruit(food), getFruitList().indexOf(food), food.replaceAll(food, food), getFruitList().indexOf(food), getFruitList().indexOf(food))
4, 5320, 0.0, 1.0, 0.0, 3.5, 169, food.replaceAll(food, food).regionMatches(new Task04().isFruit(food), getFruitList().indexOf(food), food.replaceAll(food, food), getFruitList().indexOf(food), getFruitList().indexOf(food))
4, 5321, 0.0, 1.0, 0.0, 4.0, 169, food.replaceAll(food, food).regionMatches(new Task04().isFruit(food), getFruitList().indexOf(food), food.replaceAll(food, food), getFruitList().indexOf(food), getFruitList().indexOf(food))
4, 5322, 0.0, 1.0, 0.0, 4.5, 169, food.replaceAll(food, food).regionMatches(new Task04().isFruit(food), getFruitList().indexOf(food), food.replaceAll(food, food), getFruitList().indexOf(food), getFruitList().indexOf(food))
4, 5323, 0.0, 1.0, 0.0, 5.0, 169, food.replaceAll(food, food).regionMatches(new Task04().isFruit(food), getFruitList().indexOf(food), food.replaceAll(food, food), getFruitList().indexOf(food), getFruitList().indexOf(food))
