11, 19965, -5.0, 1.0, -5.0, 0.0, 5, 2, append(), -4.0
11, 19966, -5.0, 1.0, -5.0, 0.5, 5, 2, append(), -4.0
11, 19967, -5.0, 1.0, -5.0, 1.0, 5, 2, append(), -4.0
11, 19968, -5.0, 1.0, -5.0, 1.5, 5, 2, append(), -4.0
11, 19969, -5.0, 1.0, -5.0, 2.0, 5, 2, append(), -4.0
11, 19970, -5.0, 1.0, -5.0, 2.5, 5, 2, append(), -4.0
11, 19971, -5.0, 1.0, -5.0, 3.0, 5, 2, append(), -4.0
11, 19972, -5.0, 1.0, -5.0, 3.5, 5, 2, append(), -4.0
11, 19973, -5.0, 1.0, -5.0, 4.0, 5, 2, append(), -4.0
11, 19974, -5.0, 1.0, -5.0, 4.5, 1, 2, buf.append(), -3.5
11, 19975, -5.0, 1.0, -5.0, 5.0, 1, 2, buf.append(), -3.0
11, 19976, -5.0, 1.0, -4.5, 0.0, 5, 2, append(), -4.0
11, 19977, -5.0, 1.0, -4.5, 0.5, 5, 2, append(), -4.0
11, 19978, -5.0, 1.0, -4.5, 1.0, 5, 2, append(), -4.0
11, 19979, -5.0, 1.0, -4.5, 1.5, 5, 2, append(), -4.0
11, 19980, -5.0, 1.0, -4.5, 2.0, 5, 2, append(), -4.0
11, 19981, -5.0, 1.0, -4.5, 2.5, 5, 2, append(), -4.0
11, 19982, -5.0, 1.0, -4.5, 3.0, 5, 2, append(), -4.0
11, 19983, -5.0, 1.0, -4.5, 3.5, 5, 2, append(), -4.0
11, 19984, -5.0, 1.0, -4.5, 4.0, 5, 2, append(), -4.0
11, 19985, -5.0, 1.0, -4.5, 4.5, 1, 2, buf.append(), -3.5
11, 19986, -5.0, 1.0, -4.5, 5.0, 1, 2, buf.append(), -3.0
11, 19987, -5.0, 1.0, -4.0, 0.0, 5, 2, append(), -4.0
11, 19988, -5.0, 1.0, -4.0, 0.5, 5, 2, append(), -4.0
11, 19989, -5.0, 1.0, -4.0, 1.0, 5, 2, append(), -4.0
11, 19990, -5.0, 1.0, -4.0, 1.5, 5, 2, append(), -4.0
11, 19991, -5.0, 1.0, -4.0, 2.0, 5, 2, append(), -4.0
11, 19992, -5.0, 1.0, -4.0, 2.5, 5, 2, append(), -4.0
11, 19993, -5.0, 1.0, -4.0, 3.0, 5, 2, append(), -4.0
11, 19994, -5.0, 1.0, -4.0, 3.5, 5, 2, append(), -4.0
11, 19995, -5.0, 1.0, -4.0, 4.0, 5, 2, append(), -4.0
11, 19996, -5.0, 1.0, -4.0, 4.5, 1, 2, buf.append(), -3.5
11, 19997, -5.0, 1.0, -4.0, 5.0, 1, 2, buf.append(), -3.0
11, 19998, -5.0, 1.0, -3.5, 0.0, 5, 2, append(), -4.0
11, 19999, -5.0, 1.0, -3.5, 0.5, 5, 2, append(), -4.0
11, 20000, -5.0, 1.0, -3.5, 1.0, 5, 2, append(), -4.0
11, 20001, -5.0, 1.0, -3.5, 1.5, 5, 2, append(), -4.0
11, 20002, -5.0, 1.0, -3.5, 2.0, 5, 2, append(), -4.0
11, 20003, -5.0, 1.0, -3.5, 2.5, 5, 2, append(), -4.0
11, 20004, -5.0, 1.0, -3.5, 3.0, 5, 2, append(), -4.0
11, 20005, -5.0, 1.0, -3.5, 3.5, 5, 2, append(), -4.0
11, 20006, -5.0, 1.0, -3.5, 4.0, 5, 2, append(), -4.0
11, 20007, -5.0, 1.0, -3.5, 4.5, 1, 2, buf.append(), -3.5
11, 20008, -5.0, 1.0, -3.5, 5.0, 1, 2, buf.append(), -3.0
11, 20009, -5.0, 1.0, -3.0, 0.0, 5, 2, append(), -4.0
11, 20010, -5.0, 1.0, -3.0, 0.5, 5, 2, append(), -4.0
11, 20011, -5.0, 1.0, -3.0, 1.0, 5, 2, append(), -4.0
11, 20012, -5.0, 1.0, -3.0, 1.5, 5, 2, append(), -4.0
11, 20013, -5.0, 1.0, -3.0, 2.0, 5, 2, append(), -4.0
11, 20014, -5.0, 1.0, -3.0, 2.5, 5, 2, append(), -4.0
11, 20015, -5.0, 1.0, -3.0, 3.0, 5, 2, append(), -4.0
11, 20016, -5.0, 1.0, -3.0, 3.5, 5, 2, append(), -4.0
11, 20017, -5.0, 1.0, -3.0, 4.0, 5, 2, append(), -4.0
11, 20018, -5.0, 1.0, -3.0, 4.5, 1, 2, buf.append(), -3.5
11, 20019, -5.0, 1.0, -3.0, 5.0, 1, 2, buf.append(), -3.0
11, 20020, -5.0, 1.0, -2.5, 0.0, 5, 2, append(), -4.0
11, 20021, -5.0, 1.0, -2.5, 0.5, 5, 2, append(), -4.0
11, 20022, -5.0, 1.0, -2.5, 1.0, 5, 2, append(), -4.0
11, 20023, -5.0, 1.0, -2.5, 1.5, 5, 2, append(), -4.0
11, 20024, -5.0, 1.0, -2.5, 2.0, 5, 2, append(), -4.0
11, 20025, -5.0, 1.0, -2.5, 2.5, 5, 2, append(), -4.0
11, 20026, -5.0, 1.0, -2.5, 3.0, 5, 2, append(), -4.0
11, 20027, -5.0, 1.0, -2.5, 3.5, 5, 2, append(), -4.0
11, 20028, -5.0, 1.0, -2.5, 4.0, 5, 2, append(), -4.0
11, 20029, -5.0, 1.0, -2.5, 4.5, 1, 2, buf.append(), -3.5
11, 20030, -5.0, 1.0, -2.5, 5.0, 1, 2, buf.append(), -3.0
11, 20031, -5.0, 1.0, -2.0, 0.0, 5, 2, append(), -4.0
11, 20032, -5.0, 1.0, -2.0, 0.5, 5, 2, append(), -4.0
11, 20033, -5.0, 1.0, -2.0, 1.0, 5, 2, append(), -4.0
11, 20034, -5.0, 1.0, -2.0, 1.5, 5, 2, append(), -4.0
11, 20035, -5.0, 1.0, -2.0, 2.0, 5, 2, append(), -4.0
11, 20036, -5.0, 1.0, -2.0, 2.5, 5, 2, append(), -4.0
11, 20037, -5.0, 1.0, -2.0, 3.0, 5, 2, append(), -4.0
11, 20038, -5.0, 1.0, -2.0, 3.5, 5, 2, append(), -4.0
11, 20039, -5.0, 1.0, -2.0, 4.0, 5, 2, append(), -4.0
11, 20040, -5.0, 1.0, -2.0, 4.5, 1, 2, buf.append(), -3.5
11, 20041, -5.0, 1.0, -2.0, 5.0, 1, 2, buf.append(), -3.0
11, 20042, -5.0, 1.0, -1.5, 0.0, 5, 2, append(), -4.0
11, 20043, -5.0, 1.0, -1.5, 0.5, 5, 2, append(), -4.0
11, 20044, -5.0, 1.0, -1.5, 1.0, 5, 2, append(), -4.0
11, 20045, -5.0, 1.0, -1.5, 1.5, 5, 2, append(), -4.0
11, 20046, -5.0, 1.0, -1.5, 2.0, 5, 2, append(), -4.0
11, 20047, -5.0, 1.0, -1.5, 2.5, 5, 2, append(), -4.0
11, 20048, -5.0, 1.0, -1.5, 3.0, 5, 2, append(), -4.0
11, 20049, -5.0, 1.0, -1.5, 3.5, 5, 2, append(), -4.0
11, 20050, -5.0, 1.0, -1.5, 4.0, 5, 3, append(), -4.0
11, 20051, -5.0, 1.0, -1.5, 4.5, 1, 3, buf.append(), -3.5
11, 20052, -5.0, 1.0, -1.5, 5.0, 1, 3, buf.append(), -3.0
11, 20053, -5.0, 1.0, -1.0, 0.0, 5, 2, append(), -4.0
11, 20054, -5.0, 1.0, -1.0, 0.5, 5, 2, append(), -4.0
11, 20055, -5.0, 1.0, -1.0, 1.0, 5, 2, append(), -4.0
11, 20056, -5.0, 1.0, -1.0, 1.5, 5, 2, append(), -4.0
11, 20057, -5.0, 1.0, -1.0, 2.0, 5, 2, append(), -4.0
11, 20058, -5.0, 1.0, -1.0, 2.5, 5, 2, append(), -4.0
11, 20059, -5.0, 1.0, -1.0, 3.0, 5, 3, append(), -4.0
11, 20060, -5.0, 1.0, -1.0, 3.5, 5, 3, append(), -4.0
11, 20061, -5.0, 1.0, -1.0, 4.0, 5, 4, append(), -4.0
11, 20062, -5.0, 1.0, -1.0, 4.5, 1, 3, buf.append(), -3.5
11, 20063, -5.0, 1.0, -1.0, 5.0, 1, 3, buf.append(), -3.0
11, 20064, -5.0, 1.0, -0.5, 0.0, 5, 2, append(), -4.0
11, 20065, -5.0, 1.0, -0.5, 0.5, 5, 2, append(), -4.0
11, 20066, -5.0, 1.0, -0.5, 1.0, 5, 2, append(), -4.0
11, 20067, -5.0, 1.0, -0.5, 1.5, 5, 2, append(), -4.0
11, 20068, -5.0, 1.0, -0.5, 2.0, 5, 3, append(), -4.0
11, 20069, -5.0, 1.0, -0.5, 2.5, 5, 4, append(), -4.0
11, 20070, -5.0, 1.0, -0.5, 3.0, 5, 4, append(), -4.0
11, 20071, -5.0, 1.0, -0.5, 3.5, 5, 4, append(), -4.0
11, 20072, -5.0, 1.0, -0.5, 4.0, 5, 4, append(), -4.0
11, 20073, -5.0, 1.0, -0.5, 4.5, 1, 4, buf.append(), -3.5
11, 20074, -5.0, 1.0, -0.5, 5.0, 1, 4, buf.append(), -3.0
11, 20075, -5.0, 1.0, 0.0, 0.0, 12, 2, Float.SIZE, -4.0
11, 20076, -5.0, 1.0, 0.0, 0.5, 10, 1, buf, -3.5
11, 20077, -5.0, 1.0, 0.0, 1.0, 10, 1, buf, -3.0
11, 20078, -5.0, 1.0, 0.0, 1.5, 10, 1, buf, -2.5
11, 20079, -5.0, 1.0, 0.0, 2.0, 10, 1, buf, -2.0
11, 20080, -5.0, 1.0, 0.0, 2.5, 10, 1, buf, -1.5
11, 20081, -5.0, 1.0, 0.0, 3.0, 10, 1, buf, -1.0
11, 20082, -5.0, 1.0, 0.0, 3.5, 10, 1, buf, -0.5
11, 20083, -5.0, 1.0, 0.0, 4.0, 10, 1, buf, 0.0
11, 20084, -5.0, 1.0, 0.0, 4.5, 1, 4, buf.append(), -3.5
11, 20085, -5.0, 1.0, 0.0, 5.0, 1, 9, buf.append(), -3.0
11, 20086, -4.5, 1.0, -5.0, 0.0, 5, 2, append(), -3.5
11, 20087, -4.5, 1.0, -5.0, 0.5, 5, 2, append(), -3.5
11, 20088, -4.5, 1.0, -5.0, 1.0, 5, 2, append(), -3.5
11, 20089, -4.5, 1.0, -5.0, 1.5, 5, 2, append(), -3.5
11, 20090, -4.5, 1.0, -5.0, 2.0, 5, 2, append(), -3.5
11, 20091, -4.5, 1.0, -5.0, 2.5, 5, 2, append(), -3.5
11, 20092, -4.5, 1.0, -5.0, 3.0, 5, 2, append(), -3.5
11, 20093, -4.5, 1.0, -5.0, 3.5, 5, 2, append(), -3.5
11, 20094, -4.5, 1.0, -5.0, 4.0, 1, 2, buf.append(), -3.0
11, 20095, -4.5, 1.0, -5.0, 4.5, 1, 2, buf.append(), -2.5
11, 20096, -4.5, 1.0, -5.0, 5.0, 1, 2, buf.append(), -2.0
11, 20097, -4.5, 1.0, -4.5, 0.0, 5, 2, append(), -3.5
11, 20098, -4.5, 1.0, -4.5, 0.5, 5, 2, append(), -3.5
11, 20099, -4.5, 1.0, -4.5, 1.0, 5, 2, append(), -3.5
11, 20100, -4.5, 1.0, -4.5, 1.5, 5, 2, append(), -3.5
11, 20101, -4.5, 1.0, -4.5, 2.0, 5, 2, append(), -3.5
11, 20102, -4.5, 1.0, -4.5, 2.5, 5, 2, append(), -3.5
11, 20103, -4.5, 1.0, -4.5, 3.0, 5, 2, append(), -3.5
11, 20104, -4.5, 1.0, -4.5, 3.5, 5, 2, append(), -3.5
11, 20105, -4.5, 1.0, -4.5, 4.0, 1, 2, buf.append(), -3.0
11, 20106, -4.5, 1.0, -4.5, 4.5, 1, 2, buf.append(), -2.5
11, 20107, -4.5, 1.0, -4.5, 5.0, 1, 2, buf.append(), -2.0
11, 20108, -4.5, 1.0, -4.0, 0.0, 5, 2, append(), -3.5
11, 20109, -4.5, 1.0, -4.0, 0.5, 5, 2, append(), -3.5
11, 20110, -4.5, 1.0, -4.0, 1.0, 5, 2, append(), -3.5
11, 20111, -4.5, 1.0, -4.0, 1.5, 5, 2, append(), -3.5
11, 20112, -4.5, 1.0, -4.0, 2.0, 5, 2, append(), -3.5
11, 20113, -4.5, 1.0, -4.0, 2.5, 5, 2, append(), -3.5
11, 20114, -4.5, 1.0, -4.0, 3.0, 5, 2, append(), -3.5
11, 20115, -4.5, 1.0, -4.0, 3.5, 5, 2, append(), -3.5
11, 20116, -4.5, 1.0, -4.0, 4.0, 1, 2, buf.append(), -3.0
11, 20117, -4.5, 1.0, -4.0, 4.5, 1, 2, buf.append(), -2.5
11, 20118, -4.5, 1.0, -4.0, 5.0, 1, 2, buf.append(), -2.0
11, 20119, -4.5, 1.0, -3.5, 0.0, 5, 2, append(), -3.5
11, 20120, -4.5, 1.0, -3.5, 0.5, 5, 2, append(), -3.5
11, 20121, -4.5, 1.0, -3.5, 1.0, 5, 2, append(), -3.5
11, 20122, -4.5, 1.0, -3.5, 1.5, 5, 2, append(), -3.5
11, 20123, -4.5, 1.0, -3.5, 2.0, 5, 2, append(), -3.5
11, 20124, -4.5, 1.0, -3.5, 2.5, 5, 2, append(), -3.5
11, 20125, -4.5, 1.0, -3.5, 3.0, 5, 2, append(), -3.5
11, 20126, -4.5, 1.0, -3.5, 3.5, 5, 2, append(), -3.5
11, 20127, -4.5, 1.0, -3.5, 4.0, 1, 2, buf.append(), -3.0
11, 20128, -4.5, 1.0, -3.5, 4.5, 1, 2, buf.append(), -2.5
11, 20129, -4.5, 1.0, -3.5, 5.0, 1, 2, buf.append(), -2.0
11, 20130, -4.5, 1.0, -3.0, 0.0, 5, 2, append(), -3.5
11, 20131, -4.5, 1.0, -3.0, 0.5, 5, 2, append(), -3.5
11, 20132, -4.5, 1.0, -3.0, 1.0, 5, 2, append(), -3.5
11, 20133, -4.5, 1.0, -3.0, 1.5, 5, 2, append(), -3.5
11, 20134, -4.5, 1.0, -3.0, 2.0, 5, 2, append(), -3.5
11, 20135, -4.5, 1.0, -3.0, 2.5, 5, 2, append(), -3.5
11, 20136, -4.5, 1.0, -3.0, 3.0, 5, 2, append(), -3.5
11, 20137, -4.5, 1.0, -3.0, 3.5, 5, 2, append(), -3.5
11, 20138, -4.5, 1.0, -3.0, 4.0, 1, 2, buf.append(), -3.0
11, 20139, -4.5, 1.0, -3.0, 4.5, 1, 2, buf.append(), -2.5
11, 20140, -4.5, 1.0, -3.0, 5.0, 1, 2, buf.append(), -2.0
11, 20141, -4.5, 1.0, -2.5, 0.0, 5, 2, append(), -3.5
11, 20142, -4.5, 1.0, -2.5, 0.5, 5, 2, append(), -3.5
11, 20143, -4.5, 1.0, -2.5, 1.0, 5, 2, append(), -3.5
11, 20144, -4.5, 1.0, -2.5, 1.5, 5, 2, append(), -3.5
11, 20145, -4.5, 1.0, -2.5, 2.0, 5, 2, append(), -3.5
11, 20146, -4.5, 1.0, -2.5, 2.5, 5, 2, append(), -3.5
11, 20147, -4.5, 1.0, -2.5, 3.0, 5, 2, append(), -3.5
11, 20148, -4.5, 1.0, -2.5, 3.5, 5, 2, append(), -3.5
11, 20149, -4.5, 1.0, -2.5, 4.0, 1, 2, buf.append(), -3.0
11, 20150, -4.5, 1.0, -2.5, 4.5, 1, 2, buf.append(), -2.5
11, 20151, -4.5, 1.0, -2.5, 5.0, 1, 2, buf.append(), -2.0
11, 20152, -4.5, 1.0, -2.0, 0.0, 5, 2, append(), -3.5
11, 20153, -4.5, 1.0, -2.0, 0.5, 5, 2, append(), -3.5
11, 20154, -4.5, 1.0, -2.0, 1.0, 5, 2, append(), -3.5
11, 20155, -4.5, 1.0, -2.0, 1.5, 5, 2, append(), -3.5
11, 20156, -4.5, 1.0, -2.0, 2.0, 5, 2, append(), -3.5
11, 20157, -4.5, 1.0, -2.0, 2.5, 5, 2, append(), -3.5
11, 20158, -4.5, 1.0, -2.0, 3.0, 5, 2, append(), -3.5
11, 20159, -4.5, 1.0, -2.0, 3.5, 5, 2, append(), -3.5
11, 20160, -4.5, 1.0, -2.0, 4.0, 1, 2, buf.append(), -3.0
11, 20161, -4.5, 1.0, -2.0, 4.5, 1, 2, buf.append(), -2.5
11, 20162, -4.5, 1.0, -2.0, 5.0, 1, 2, buf.append(), -2.0
11, 20163, -4.5, 1.0, -1.5, 0.0, 5, 2, append(), -3.5
11, 20164, -4.5, 1.0, -1.5, 0.5, 5, 2, append(), -3.5
11, 20165, -4.5, 1.0, -1.5, 1.0, 5, 2, append(), -3.5
11, 20166, -4.5, 1.0, -1.5, 1.5, 5, 2, append(), -3.5
11, 20167, -4.5, 1.0, -1.5, 2.0, 5, 2, append(), -3.5
11, 20168, -4.5, 1.0, -1.5, 2.5, 5, 2, append(), -3.5
11, 20169, -4.5, 1.0, -1.5, 3.0, 5, 2, append(), -3.5
11, 20170, -4.5, 1.0, -1.5, 3.5, 5, 2, append(), -3.5
11, 20171, -4.5, 1.0, -1.5, 4.0, 1, 2, buf.append(), -3.0
11, 20172, -4.5, 1.0, -1.5, 4.5, 1, 3, buf.append(), -2.5
11, 20173, -4.5, 1.0, -1.5, 5.0, 1, 3, buf.append(), -2.0
11, 20174, -4.5, 1.0, -1.0, 0.0, 5, 2, append(), -3.5
11, 20175, -4.5, 1.0, -1.0, 0.5, 5, 2, append(), -3.5
11, 20176, -4.5, 1.0, -1.0, 1.0, 5, 2, append(), -3.5
11, 20177, -4.5, 1.0, -1.0, 1.5, 5, 2, append(), -3.5
11, 20178, -4.5, 1.0, -1.0, 2.0, 5, 2, append(), -3.5
11, 20179, -4.5, 1.0, -1.0, 2.5, 5, 2, append(), -3.5
11, 20180, -4.5, 1.0, -1.0, 3.0, 5, 3, append(), -3.5
11, 20181, -4.5, 1.0, -1.0, 3.5, 5, 3, append(), -3.5
11, 20182, -4.5, 1.0, -1.0, 4.0, 1, 3, buf.append(), -3.0
11, 20183, -4.5, 1.0, -1.0, 4.5, 1, 3, buf.append(), -2.5
11, 20184, -4.5, 1.0, -1.0, 5.0, 1, 3, buf.append(), -2.0
11, 20185, -4.5, 1.0, -0.5, 0.0, 5, 2, append(), -3.5
11, 20186, -4.5, 1.0, -0.5, 0.5, 5, 2, append(), -3.5
11, 20187, -4.5, 1.0, -0.5, 1.0, 5, 2, append(), -3.5
11, 20188, -4.5, 1.0, -0.5, 1.5, 5, 2, append(), -3.5
11, 20189, -4.5, 1.0, -0.5, 2.0, 5, 3, append(), -3.5
11, 20190, -4.5, 1.0, -0.5, 2.5, 5, 4, append(), -3.5
11, 20191, -4.5, 1.0, -0.5, 3.0, 5, 4, append(), -3.5
11, 20192, -4.5, 1.0, -0.5, 3.5, 5, 4, append(), -3.5
11, 20193, -4.5, 1.0, -0.5, 4.0, 1, 4, buf.append(), -3.0
11, 20194, -4.5, 1.0, -0.5, 4.5, 1, 4, buf.append(), -2.5
11, 20195, -4.5, 1.0, -0.5, 5.0, 1, 6, buf.append(), -2.0
11, 20196, -4.5, 1.0, 0.0, 0.0, 12, 2, Float.SIZE, -3.5
11, 20197, -4.5, 1.0, 0.0, 0.5, 10, 1, buf, -3.0
11, 20198, -4.5, 1.0, 0.0, 1.0, 10, 1, buf, -2.5
11, 20199, -4.5, 1.0, 0.0, 1.5, 10, 1, buf, -2.0
11, 20200, -4.5, 1.0, 0.0, 2.0, 10, 1, buf, -1.5
11, 20201, -4.5, 1.0, 0.0, 2.5, 10, 1, buf, -1.0
11, 20202, -4.5, 1.0, 0.0, 3.0, 10, 1, buf, -0.5
11, 20203, -4.5, 1.0, 0.0, 3.5, 10, 1, buf, 0.0
11, 20204, -4.5, 1.0, 0.0, 4.0, 1, 4, buf.append(), -3.0
11, 20205, -4.5, 1.0, 0.0, 4.5, 1, 9, buf.append(), -2.5
11, 20206, -4.5, 1.0, 0.0, 5.0, 10, 2, buf, 1.5
11, 20207, -4.0, 1.0, -5.0, 0.0, 5, 2, append(), -3.0
11, 20208, -4.0, 1.0, -5.0, 0.5, 5, 2, append(), -3.0
11, 20209, -4.0, 1.0, -5.0, 1.0, 5, 2, append(), -3.0
11, 20210, -4.0, 1.0, -5.0, 1.5, 5, 2, append(), -3.0
11, 20211, -4.0, 1.0, -5.0, 2.0, 5, 2, append(), -3.0
11, 20212, -4.0, 1.0, -5.0, 2.5, 5, 2, append(), -3.0
11, 20213, -4.0, 1.0, -5.0, 3.0, 5, 2, append(), -3.0
11, 20214, -4.0, 1.0, -5.0, 3.5, 1, 2, buf.append(), -2.5
11, 20215, -4.0, 1.0, -5.0, 4.0, 1, 2, buf.append(), -2.0
11, 20216, -4.0, 1.0, -5.0, 4.5, 1, 2, buf.append(), -1.5
11, 20217, -4.0, 1.0, -5.0, 5.0, 1, 2, buf.append(), -1.0
11, 20218, -4.0, 1.0, -4.5, 0.0, 5, 2, append(), -3.0
11, 20219, -4.0, 1.0, -4.5, 0.5, 5, 2, append(), -3.0
11, 20220, -4.0, 1.0, -4.5, 1.0, 5, 2, append(), -3.0
11, 20221, -4.0, 1.0, -4.5, 1.5, 5, 2, append(), -3.0
11, 20222, -4.0, 1.0, -4.5, 2.0, 5, 2, append(), -3.0
11, 20223, -4.0, 1.0, -4.5, 2.5, 5, 2, append(), -3.0
11, 20224, -4.0, 1.0, -4.5, 3.0, 5, 2, append(), -3.0
11, 20225, -4.0, 1.0, -4.5, 3.5, 1, 2, buf.append(), -2.5
11, 20226, -4.0, 1.0, -4.5, 4.0, 1, 2, buf.append(), -2.0
11, 20227, -4.0, 1.0, -4.5, 4.5, 1, 2, buf.append(), -1.5
11, 20228, -4.0, 1.0, -4.5, 5.0, 1, 2, buf.append(), -1.0
11, 20229, -4.0, 1.0, -4.0, 0.0, 5, 2, append(), -3.0
11, 20230, -4.0, 1.0, -4.0, 0.5, 5, 2, append(), -3.0
11, 20231, -4.0, 1.0, -4.0, 1.0, 5, 2, append(), -3.0
11, 20232, -4.0, 1.0, -4.0, 1.5, 5, 2, append(), -3.0
11, 20233, -4.0, 1.0, -4.0, 2.0, 5, 2, append(), -3.0
11, 20234, -4.0, 1.0, -4.0, 2.5, 5, 2, append(), -3.0
11, 20235, -4.0, 1.0, -4.0, 3.0, 5, 2, append(), -3.0
11, 20236, -4.0, 1.0, -4.0, 3.5, 1, 2, buf.append(), -2.5
11, 20237, -4.0, 1.0, -4.0, 4.0, 1, 2, buf.append(), -2.0
11, 20238, -4.0, 1.0, -4.0, 4.5, 1, 2, buf.append(), -1.5
11, 20239, -4.0, 1.0, -4.0, 5.0, 1, 2, buf.append(), -1.0
11, 20240, -4.0, 1.0, -3.5, 0.0, 5, 2, append(), -3.0
11, 20241, -4.0, 1.0, -3.5, 0.5, 5, 2, append(), -3.0
11, 20242, -4.0, 1.0, -3.5, 1.0, 5, 2, append(), -3.0
11, 20243, -4.0, 1.0, -3.5, 1.5, 5, 2, append(), -3.0
11, 20244, -4.0, 1.0, -3.5, 2.0, 5, 2, append(), -3.0
11, 20245, -4.0, 1.0, -3.5, 2.5, 5, 2, append(), -3.0
11, 20246, -4.0, 1.0, -3.5, 3.0, 5, 2, append(), -3.0
11, 20247, -4.0, 1.0, -3.5, 3.5, 1, 2, buf.append(), -2.5
11, 20248, -4.0, 1.0, -3.5, 4.0, 1, 2, buf.append(), -2.0
11, 20249, -4.0, 1.0, -3.5, 4.5, 1, 2, buf.append(), -1.5
11, 20250, -4.0, 1.0, -3.5, 5.0, 1, 2, buf.append(), -1.0
11, 20251, -4.0, 1.0, -3.0, 0.0, 5, 2, append(), -3.0
11, 20252, -4.0, 1.0, -3.0, 0.5, 5, 2, append(), -3.0
11, 20253, -4.0, 1.0, -3.0, 1.0, 5, 2, append(), -3.0
11, 20254, -4.0, 1.0, -3.0, 1.5, 5, 2, append(), -3.0
11, 20255, -4.0, 1.0, -3.0, 2.0, 5, 2, append(), -3.0
11, 20256, -4.0, 1.0, -3.0, 2.5, 5, 2, append(), -3.0
11, 20257, -4.0, 1.0, -3.0, 3.0, 5, 2, append(), -3.0
11, 20258, -4.0, 1.0, -3.0, 3.5, 1, 2, buf.append(), -2.5
11, 20259, -4.0, 1.0, -3.0, 4.0, 1, 2, buf.append(), -2.0
11, 20260, -4.0, 1.0, -3.0, 4.5, 1, 2, buf.append(), -1.5
11, 20261, -4.0, 1.0, -3.0, 5.0, 1, 2, buf.append(), -1.0
11, 20262, -4.0, 1.0, -2.5, 0.0, 5, 2, append(), -3.0
11, 20263, -4.0, 1.0, -2.5, 0.5, 5, 2, append(), -3.0
11, 20264, -4.0, 1.0, -2.5, 1.0, 5, 2, append(), -3.0
11, 20265, -4.0, 1.0, -2.5, 1.5, 5, 2, append(), -3.0
11, 20266, -4.0, 1.0, -2.5, 2.0, 5, 2, append(), -3.0
11, 20267, -4.0, 1.0, -2.5, 2.5, 5, 2, append(), -3.0
11, 20268, -4.0, 1.0, -2.5, 3.0, 5, 2, append(), -3.0
11, 20269, -4.0, 1.0, -2.5, 3.5, 1, 2, buf.append(), -2.5
11, 20270, -4.0, 1.0, -2.5, 4.0, 1, 2, buf.append(), -2.0
11, 20271, -4.0, 1.0, -2.5, 4.5, 1, 2, buf.append(), -1.5
11, 20272, -4.0, 1.0, -2.5, 5.0, 1, 2, buf.append(), -1.0
11, 20273, -4.0, 1.0, -2.0, 0.0, 5, 2, append(), -3.0
11, 20274, -4.0, 1.0, -2.0, 0.5, 5, 2, append(), -3.0
11, 20275, -4.0, 1.0, -2.0, 1.0, 5, 2, append(), -3.0
11, 20276, -4.0, 1.0, -2.0, 1.5, 5, 2, append(), -3.0
11, 20277, -4.0, 1.0, -2.0, 2.0, 5, 2, append(), -3.0
11, 20278, -4.0, 1.0, -2.0, 2.5, 5, 2, append(), -3.0
11, 20279, -4.0, 1.0, -2.0, 3.0, 5, 2, append(), -3.0
11, 20280, -4.0, 1.0, -2.0, 3.5, 1, 2, buf.append(), -2.5
11, 20281, -4.0, 1.0, -2.0, 4.0, 1, 2, buf.append(), -2.0
11, 20282, -4.0, 1.0, -2.0, 4.5, 1, 2, buf.append(), -1.5
11, 20283, -4.0, 1.0, -2.0, 5.0, 1, 2, buf.append(), -1.0
11, 20284, -4.0, 1.0, -1.5, 0.0, 5, 2, append(), -3.0
11, 20285, -4.0, 1.0, -1.5, 0.5, 5, 2, append(), -3.0
11, 20286, -4.0, 1.0, -1.5, 1.0, 5, 2, append(), -3.0
11, 20287, -4.0, 1.0, -1.5, 1.5, 5, 2, append(), -3.0
11, 20288, -4.0, 1.0, -1.5, 2.0, 5, 2, append(), -3.0
11, 20289, -4.0, 1.0, -1.5, 2.5, 5, 2, append(), -3.0
11, 20290, -4.0, 1.0, -1.5, 3.0, 5, 2, append(), -3.0
11, 20291, -4.0, 1.0, -1.5, 3.5, 1, 2, buf.append(), -2.5
11, 20292, -4.0, 1.0, -1.5, 4.0, 1, 2, buf.append(), -2.0
11, 20293, -4.0, 1.0, -1.5, 4.5, 1, 3, buf.append(), -1.5
11, 20294, -4.0, 1.0, -1.5, 5.0, 1, 3, buf.append(), -1.0
11, 20295, -4.0, 1.0, -1.0, 0.0, 5, 2, append(), -3.0
11, 20296, -4.0, 1.0, -1.0, 0.5, 5, 2, append(), -3.0
11, 20297, -4.0, 1.0, -1.0, 1.0, 5, 2, append(), -3.0
11, 20298, -4.0, 1.0, -1.0, 1.5, 5, 2, append(), -3.0
11, 20299, -4.0, 1.0, -1.0, 2.0, 5, 2, append(), -3.0
11, 20300, -4.0, 1.0, -1.0, 2.5, 5, 2, append(), -3.0
11, 20301, -4.0, 1.0, -1.0, 3.0, 5, 3, append(), -3.0
11, 20302, -4.0, 1.0, -1.0, 3.5, 1, 3, buf.append(), -2.5
11, 20303, -4.0, 1.0, -1.0, 4.0, 1, 3, buf.append(), -2.0
11, 20304, -4.0, 1.0, -1.0, 4.5, 1, 3, buf.append(), -1.5
11, 20305, -4.0, 1.0, -1.0, 5.0, 1, 5, buf.append(), -1.0
11, 20306, -4.0, 1.0, -0.5, 0.0, 5, 2, append(), -3.0
11, 20307, -4.0, 1.0, -0.5, 0.5, 5, 2, append(), -3.0
11, 20308, -4.0, 1.0, -0.5, 1.0, 5, 2, append(), -3.0
11, 20309, -4.0, 1.0, -0.5, 1.5, 5, 2, append(), -3.0
11, 20310, -4.0, 1.0, -0.5, 2.0, 5, 3, append(), -3.0
11, 20311, -4.0, 1.0, -0.5, 2.5, 5, 4, append(), -3.0
11, 20312, -4.0, 1.0, -0.5, 3.0, 5, 4, append(), -3.0
11, 20313, -4.0, 1.0, -0.5, 3.5, 1, 4, buf.append(), -2.5
11, 20314, -4.0, 1.0, -0.5, 4.0, 1, 4, buf.append(), -2.0
11, 20315, -4.0, 1.0, -0.5, 4.5, 1, 6, buf.append(), -1.5
11, 20316, -4.0, 1.0, -0.5, 5.0, 1, 7, buf.append(), -1.0
11, 20317, -4.0, 1.0, 0.0, 0.0, 12, 2, Float.SIZE, -3.0
11, 20318, -4.0, 1.0, 0.0, 0.5, 10, 1, buf, -2.5
11, 20319, -4.0, 1.0, 0.0, 1.0, 10, 1, buf, -2.0
11, 20320, -4.0, 1.0, 0.0, 1.5, 10, 1, buf, -1.5
11, 20321, -4.0, 1.0, 0.0, 2.0, 10, 1, buf, -1.0
11, 20322, -4.0, 1.0, 0.0, 2.5, 10, 1, buf, -0.5
11, 20323, -4.0, 1.0, 0.0, 3.0, 10, 1, buf, 0.0
11, 20324, -4.0, 1.0, 0.0, 3.5, 1, 4, buf.append(), -2.5
11, 20325, -4.0, 1.0, 0.0, 4.0, 1, 9, buf.append(), -2.0
11, 20326, -4.0, 1.0, 0.0, 4.5, 10, 2, buf, 1.5
11, 20327, -4.0, 1.0, 0.0, 5.0, 47, 0, new Task11().repeatString(new Task11().repeatString(s)), 6.0
11, 20328, -3.5, 1.0, -5.0, 0.0, 5, 2, append(), -2.5
11, 20329, -3.5, 1.0, -5.0, 0.5, 5, 2, append(), -2.5
11, 20330, -3.5, 1.0, -5.0, 1.0, 5, 2, append(), -2.5
11, 20331, -3.5, 1.0, -5.0, 1.5, 5, 2, append(), -2.5
11, 20332, -3.5, 1.0, -5.0, 2.0, 5, 2, append(), -2.5
11, 20333, -3.5, 1.0, -5.0, 2.5, 5, 2, append(), -2.5
11, 20334, -3.5, 1.0, -5.0, 3.0, 1, 2, buf.append(), -2.0
11, 20335, -3.5, 1.0, -5.0, 3.5, 1, 2, buf.append(), -1.5
11, 20336, -3.5, 1.0, -5.0, 4.0, 1, 2, buf.append(), -1.0
11, 20337, -3.5, 1.0, -5.0, 4.5, 1, 2, buf.append(), -0.5
11, 20338, -3.5, 1.0, -5.0, 5.0, 1, 2, buf.append(), 0.0
11, 20339, -3.5, 1.0, -4.5, 0.0, 5, 2, append(), -2.5
11, 20340, -3.5, 1.0, -4.5, 0.5, 5, 2, append(), -2.5
11, 20341, -3.5, 1.0, -4.5, 1.0, 5, 2, append(), -2.5
11, 20342, -3.5, 1.0, -4.5, 1.5, 5, 2, append(), -2.5
11, 20343, -3.5, 1.0, -4.5, 2.0, 5, 2, append(), -2.5
11, 20344, -3.5, 1.0, -4.5, 2.5, 5, 2, append(), -2.5
11, 20345, -3.5, 1.0, -4.5, 3.0, 1, 2, buf.append(), -2.0
11, 20346, -3.5, 1.0, -4.5, 3.5, 1, 2, buf.append(), -1.5
11, 20347, -3.5, 1.0, -4.5, 4.0, 1, 2, buf.append(), -1.0
11, 20348, -3.5, 1.0, -4.5, 4.5, 1, 2, buf.append(), -0.5
11, 20349, -3.5, 1.0, -4.5, 5.0, 1, 2, buf.append(), 0.0
11, 20350, -3.5, 1.0, -4.0, 0.0, 5, 2, append(), -2.5
11, 20351, -3.5, 1.0, -4.0, 0.5, 5, 2, append(), -2.5
11, 20352, -3.5, 1.0, -4.0, 1.0, 5, 2, append(), -2.5
11, 20353, -3.5, 1.0, -4.0, 1.5, 5, 2, append(), -2.5
11, 20354, -3.5, 1.0, -4.0, 2.0, 5, 2, append(), -2.5
11, 20355, -3.5, 1.0, -4.0, 2.5, 5, 2, append(), -2.5
11, 20356, -3.5, 1.0, -4.0, 3.0, 1, 2, buf.append(), -2.0
11, 20357, -3.5, 1.0, -4.0, 3.5, 1, 2, buf.append(), -1.5
11, 20358, -3.5, 1.0, -4.0, 4.0, 1, 2, buf.append(), -1.0
11, 20359, -3.5, 1.0, -4.0, 4.5, 1, 2, buf.append(), -0.5
11, 20360, -3.5, 1.0, -4.0, 5.0, 1, 2, buf.append(), 0.0
11, 20361, -3.5, 1.0, -3.5, 0.0, 5, 2, append(), -2.5
11, 20362, -3.5, 1.0, -3.5, 0.5, 5, 2, append(), -2.5
11, 20363, -3.5, 1.0, -3.5, 1.0, 5, 2, append(), -2.5
11, 20364, -3.5, 1.0, -3.5, 1.5, 5, 2, append(), -2.5
11, 20365, -3.5, 1.0, -3.5, 2.0, 5, 2, append(), -2.5
11, 20366, -3.5, 1.0, -3.5, 2.5, 5, 2, append(), -2.5
11, 20367, -3.5, 1.0, -3.5, 3.0, 1, 2, buf.append(), -2.0
11, 20368, -3.5, 1.0, -3.5, 3.5, 1, 2, buf.append(), -1.5
11, 20369, -3.5, 1.0, -3.5, 4.0, 1, 2, buf.append(), -1.0
11, 20370, -3.5, 1.0, -3.5, 4.5, 1, 2, buf.append(), -0.5
11, 20371, -3.5, 1.0, -3.5, 5.0, 1, 2, buf.append(), 0.0
11, 20372, -3.5, 1.0, -3.0, 0.0, 5, 2, append(), -2.5
11, 20373, -3.5, 1.0, -3.0, 0.5, 5, 2, append(), -2.5
11, 20374, -3.5, 1.0, -3.0, 1.0, 5, 2, append(), -2.5
11, 20375, -3.5, 1.0, -3.0, 1.5, 5, 2, append(), -2.5
11, 20376, -3.5, 1.0, -3.0, 2.0, 5, 2, append(), -2.5
11, 20377, -3.5, 1.0, -3.0, 2.5, 5, 2, append(), -2.5
11, 20378, -3.5, 1.0, -3.0, 3.0, 1, 2, buf.append(), -2.0
11, 20379, -3.5, 1.0, -3.0, 3.5, 1, 2, buf.append(), -1.5
11, 20380, -3.5, 1.0, -3.0, 4.0, 1, 2, buf.append(), -1.0
11, 20381, -3.5, 1.0, -3.0, 4.5, 1, 2, buf.append(), -0.5
11, 20382, -3.5, 1.0, -3.0, 5.0, 1, 2, buf.append(), 0.0
11, 20383, -3.5, 1.0, -2.5, 0.0, 5, 2, append(), -2.5
11, 20384, -3.5, 1.0, -2.5, 0.5, 5, 2, append(), -2.5
11, 20385, -3.5, 1.0, -2.5, 1.0, 5, 2, append(), -2.5
11, 20386, -3.5, 1.0, -2.5, 1.5, 5, 2, append(), -2.5
11, 20387, -3.5, 1.0, -2.5, 2.0, 5, 2, append(), -2.5
11, 20388, -3.5, 1.0, -2.5, 2.5, 5, 2, append(), -2.5
11, 20389, -3.5, 1.0, -2.5, 3.0, 1, 2, buf.append(), -2.0
11, 20390, -3.5, 1.0, -2.5, 3.5, 1, 2, buf.append(), -1.5
11, 20391, -3.5, 1.0, -2.5, 4.0, 1, 2, buf.append(), -1.0
11, 20392, -3.5, 1.0, -2.5, 4.5, 1, 2, buf.append(), -0.5
11, 20393, -3.5, 1.0, -2.5, 5.0, 1, 2, buf.append(), 0.0
11, 20394, -3.5, 1.0, -2.0, 0.0, 5, 2, append(), -2.5
11, 20395, -3.5, 1.0, -2.0, 0.5, 5, 2, append(), -2.5
11, 20396, -3.5, 1.0, -2.0, 1.0, 5, 2, append(), -2.5
11, 20397, -3.5, 1.0, -2.0, 1.5, 5, 2, append(), -2.5
11, 20398, -3.5, 1.0, -2.0, 2.0, 5, 2, append(), -2.5
11, 20399, -3.5, 1.0, -2.0, 2.5, 5, 2, append(), -2.5
11, 20400, -3.5, 1.0, -2.0, 3.0, 1, 2, buf.append(), -2.0
11, 20401, -3.5, 1.0, -2.0, 3.5, 1, 2, buf.append(), -1.5
11, 20402, -3.5, 1.0, -2.0, 4.0, 1, 2, buf.append(), -1.0
11, 20403, -3.5, 1.0, -2.0, 4.5, 1, 2, buf.append(), -0.5
11, 20404, -3.5, 1.0, -2.0, 5.0, 1, 2, buf.append(), 0.0
11, 20405, -3.5, 1.0, -1.5, 0.0, 5, 2, append(), -2.5
11, 20406, -3.5, 1.0, -1.5, 0.5, 5, 2, append(), -2.5
11, 20407, -3.5, 1.0, -1.5, 1.0, 5, 2, append(), -2.5
11, 20408, -3.5, 1.0, -1.5, 1.5, 5, 2, append(), -2.5
11, 20409, -3.5, 1.0, -1.5, 2.0, 5, 2, append(), -2.5
11, 20410, -3.5, 1.0, -1.5, 2.5, 5, 2, append(), -2.5
11, 20411, -3.5, 1.0, -1.5, 3.0, 1, 2, buf.append(), -2.0
11, 20412, -3.5, 1.0, -1.5, 3.5, 1, 2, buf.append(), -1.5
11, 20413, -3.5, 1.0, -1.5, 4.0, 1, 2, buf.append(), -1.0
11, 20414, -3.5, 1.0, -1.5, 4.5, 1, 3, buf.append(), -0.5
11, 20415, -3.5, 1.0, -1.5, 5.0, 1, 5, buf.append(), 0.0
11, 20416, -3.5, 1.0, -1.0, 0.0, 5, 2, append(), -2.5
11, 20417, -3.5, 1.0, -1.0, 0.5, 5, 2, append(), -2.5
11, 20418, -3.5, 1.0, -1.0, 1.0, 5, 2, append(), -2.5
11, 20419, -3.5, 1.0, -1.0, 1.5, 5, 2, append(), -2.5
11, 20420, -3.5, 1.0, -1.0, 2.0, 5, 2, append(), -2.5
11, 20421, -3.5, 1.0, -1.0, 2.5, 5, 2, append(), -2.5
11, 20422, -3.5, 1.0, -1.0, 3.0, 1, 2, buf.append(), -2.0
11, 20423, -3.5, 1.0, -1.0, 3.5, 1, 3, buf.append(), -1.5
11, 20424, -3.5, 1.0, -1.0, 4.0, 1, 3, buf.append(), -1.0
11, 20425, -3.5, 1.0, -1.0, 4.5, 1, 5, buf.append(), -0.5
11, 20426, -3.5, 1.0, -1.0, 5.0, 1, 5, buf.append(), 0.0
11, 20427, -3.5, 1.0, -0.5, 0.0, 5, 2, append(), -2.5
11, 20428, -3.5, 1.0, -0.5, 0.5, 5, 2, append(), -2.5
11, 20429, -3.5, 1.0, -0.5, 1.0, 5, 2, append(), -2.5
11, 20430, -3.5, 1.0, -0.5, 1.5, 5, 2, append(), -2.5
11, 20431, -3.5, 1.0, -0.5, 2.0, 5, 3, append(), -2.5
11, 20432, -3.5, 1.0, -0.5, 2.5, 5, 4, append(), -2.5
11, 20433, -3.5, 1.0, -0.5, 3.0, 1, 3, buf.append(), -2.0
11, 20434, -3.5, 1.0, -0.5, 3.5, 1, 3, buf.append(), -1.5
11, 20435, -3.5, 1.0, -0.5, 4.0, 1, 5, buf.append(), -1.0
11, 20436, -3.5, 1.0, -0.5, 4.5, 1, 6, buf.append(), -0.5
11, 20437, -3.5, 1.0, -0.5, 5.0, 10, 2, buf, 2.5
11, 20438, -3.5, 1.0, 0.0, 0.0, 12, 2, Float.SIZE, -2.5
11, 20439, -3.5, 1.0, 0.0, 0.5, 10, 1, buf, -2.0
11, 20440, -3.5, 1.0, 0.0, 1.0, 10, 1, buf, -1.5
11, 20441, -3.5, 1.0, 0.0, 1.5, 10, 1, buf, -1.0
11, 20442, -3.5, 1.0, 0.0, 2.0, 10, 1, buf, -0.5
11, 20443, -3.5, 1.0, 0.0, 2.5, 10, 1, buf, 0.0
11, 20444, -3.5, 1.0, 0.0, 3.0, 1, 4, buf.append(), -2.0
11, 20445, -3.5, 1.0, 0.0, 3.5, 1, 9, buf.append(), -1.5
11, 20446, -3.5, 1.0, 0.0, 4.0, 10, 3, buf, 1.5
11, 20447, -3.5, 1.0, 0.0, 4.5, 47, 7, new Task11().repeatString(new Task11().repeatString(s)), 6.0
11, 20448, -3.5, 1.0, 0.0, 5.0, 87, 5, new Task11().repeatString(s).replace(new Task11().repeatString(s), new Task11().repeatString(s)), 11.0
11, 20449, -3.0, 1.0, -5.0, 0.0, 5, 2, append(), -2.0
11, 20450, -3.0, 1.0, -5.0, 0.5, 5, 2, append(), -2.0
11, 20451, -3.0, 1.0, -5.0, 1.0, 5, 2, append(), -2.0
11, 20452, -3.0, 1.0, -5.0, 1.5, 5, 2, append(), -2.0
11, 20453, -3.0, 1.0, -5.0, 2.0, 5, 2, append(), -2.0
11, 20454, -3.0, 1.0, -5.0, 2.5, 1, 2, buf.append(), -1.5
11, 20455, -3.0, 1.0, -5.0, 3.0, 1, 2, buf.append(), -1.0
11, 20456, -3.0, 1.0, -5.0, 3.5, 1, 2, buf.append(), -0.5
11, 20457, -3.0, 1.0, -5.0, 4.0, 1, 2, buf.append(), 0.0
11, 20458, -3.0, 1.0, -5.0, 4.5, 0, 0, buf.append(s), 3.0
11, 20459, -3.0, 1.0, -5.0, 5.0, 0, 0, buf.append(s), 4.0
11, 20460, -3.0, 1.0, -4.5, 0.0, 5, 2, append(), -2.0
11, 20461, -3.0, 1.0, -4.5, 0.5, 5, 2, append(), -2.0
11, 20462, -3.0, 1.0, -4.5, 1.0, 5, 2, append(), -2.0
11, 20463, -3.0, 1.0, -4.5, 1.5, 5, 2, append(), -2.0
11, 20464, -3.0, 1.0, -4.5, 2.0, 5, 2, append(), -2.0
11, 20465, -3.0, 1.0, -4.5, 2.5, 1, 2, buf.append(), -1.5
11, 20466, -3.0, 1.0, -4.5, 3.0, 1, 2, buf.append(), -1.0
11, 20467, -3.0, 1.0, -4.5, 3.5, 1, 2, buf.append(), -0.5
11, 20468, -3.0, 1.0, -4.5, 4.0, 1, 2, buf.append(), 0.0
11, 20469, -3.0, 1.0, -4.5, 4.5, 0, 0, buf.append(s), 3.0
11, 20470, -3.0, 1.0, -4.5, 5.0, 0, 0, buf.append(s), 4.0
11, 20471, -3.0, 1.0, -4.0, 0.0, 5, 2, append(), -2.0
11, 20472, -3.0, 1.0, -4.0, 0.5, 5, 2, append(), -2.0
11, 20473, -3.0, 1.0, -4.0, 1.0, 5, 2, append(), -2.0
11, 20474, -3.0, 1.0, -4.0, 1.5, 5, 2, append(), -2.0
11, 20475, -3.0, 1.0, -4.0, 2.0, 5, 2, append(), -2.0
11, 20476, -3.0, 1.0, -4.0, 2.5, 1, 2, buf.append(), -1.5
11, 20477, -3.0, 1.0, -4.0, 3.0, 1, 2, buf.append(), -1.0
11, 20478, -3.0, 1.0, -4.0, 3.5, 1, 2, buf.append(), -0.5
11, 20479, -3.0, 1.0, -4.0, 4.0, 1, 2, buf.append(), 0.0
11, 20480, -3.0, 1.0, -4.0, 4.5, 0, 0, buf.append(s), 3.0
11, 20481, -3.0, 1.0, -4.0, 5.0, 0, 0, buf.append(s), 4.0
11, 20482, -3.0, 1.0, -3.5, 0.0, 5, 2, append(), -2.0
11, 20483, -3.0, 1.0, -3.5, 0.5, 5, 2, append(), -2.0
11, 20484, -3.0, 1.0, -3.5, 1.0, 5, 2, append(), -2.0
11, 20485, -3.0, 1.0, -3.5, 1.5, 5, 2, append(), -2.0
11, 20486, -3.0, 1.0, -3.5, 2.0, 5, 2, append(), -2.0
11, 20487, -3.0, 1.0, -3.5, 2.5, 1, 2, buf.append(), -1.5
11, 20488, -3.0, 1.0, -3.5, 3.0, 1, 2, buf.append(), -1.0
11, 20489, -3.0, 1.0, -3.5, 3.5, 1, 2, buf.append(), -0.5
11, 20490, -3.0, 1.0, -3.5, 4.0, 1, 2, buf.append(), 0.0
11, 20491, -3.0, 1.0, -3.5, 4.5, 0, 0, buf.append(s), 3.0
11, 20492, -3.0, 1.0, -3.5, 5.0, 0, 0, buf.append(s), 4.0
11, 20493, -3.0, 1.0, -3.0, 0.0, 5, 2, append(), -2.0
11, 20494, -3.0, 1.0, -3.0, 0.5, 5, 2, append(), -2.0
11, 20495, -3.0, 1.0, -3.0, 1.0, 5, 2, append(), -2.0
11, 20496, -3.0, 1.0, -3.0, 1.5, 5, 2, append(), -2.0
11, 20497, -3.0, 1.0, -3.0, 2.0, 5, 2, append(), -2.0
11, 20498, -3.0, 1.0, -3.0, 2.5, 1, 2, buf.append(), -1.5
11, 20499, -3.0, 1.0, -3.0, 3.0, 1, 2, buf.append(), -1.0
11, 20500, -3.0, 1.0, -3.0, 3.5, 1, 2, buf.append(), -0.5
11, 20501, -3.0, 1.0, -3.0, 4.0, 1, 2, buf.append(), 0.0
11, 20502, -3.0, 1.0, -3.0, 4.5, 0, 0, buf.append(s), 3.0
11, 20503, -3.0, 1.0, -3.0, 5.0, 0, 0, buf.append(s), 4.0
11, 20504, -3.0, 1.0, -2.5, 0.0, 5, 2, append(), -2.0
11, 20505, -3.0, 1.0, -2.5, 0.5, 5, 2, append(), -2.0
11, 20506, -3.0, 1.0, -2.5, 1.0, 5, 2, append(), -2.0
11, 20507, -3.0, 1.0, -2.5, 1.5, 5, 2, append(), -2.0
11, 20508, -3.0, 1.0, -2.5, 2.0, 5, 2, append(), -2.0
11, 20509, -3.0, 1.0, -2.5, 2.5, 1, 2, buf.append(), -1.5
11, 20510, -3.0, 1.0, -2.5, 3.0, 1, 2, buf.append(), -1.0
11, 20511, -3.0, 1.0, -2.5, 3.5, 1, 2, buf.append(), -0.5
11, 20512, -3.0, 1.0, -2.5, 4.0, 1, 2, buf.append(), 0.0
11, 20513, -3.0, 1.0, -2.5, 4.5, 0, 0, buf.append(s), 3.0
11, 20514, -3.0, 1.0, -2.5, 5.0, 0, 0, buf.append(s), 4.0
11, 20515, -3.0, 1.0, -2.0, 0.0, 5, 2, append(), -2.0
11, 20516, -3.0, 1.0, -2.0, 0.5, 5, 2, append(), -2.0
11, 20517, -3.0, 1.0, -2.0, 1.0, 5, 2, append(), -2.0
11, 20518, -3.0, 1.0, -2.0, 1.5, 5, 2, append(), -2.0
11, 20519, -3.0, 1.0, -2.0, 2.0, 5, 2, append(), -2.0
11, 20520, -3.0, 1.0, -2.0, 2.5, 1, 2, buf.append(), -1.5
11, 20521, -3.0, 1.0, -2.0, 3.0, 1, 2, buf.append(), -1.0
11, 20522, -3.0, 1.0, -2.0, 3.5, 1, 2, buf.append(), -0.5
11, 20523, -3.0, 1.0, -2.0, 4.0, 1, 2, buf.append(), 0.0
11, 20524, -3.0, 1.0, -2.0, 4.5, 0, 0, buf.append(s), 3.0
11, 20525, -3.0, 1.0, -2.0, 5.0, 0, 0, buf.append(s), 4.0
11, 20526, -3.0, 1.0, -1.5, 0.0, 5, 2, append(), -2.0
11, 20527, -3.0, 1.0, -1.5, 0.5, 5, 2, append(), -2.0
11, 20528, -3.0, 1.0, -1.5, 1.0, 5, 2, append(), -2.0
11, 20529, -3.0, 1.0, -1.5, 1.5, 5, 2, append(), -2.0
11, 20530, -3.0, 1.0, -1.5, 2.0, 5, 2, append(), -2.0
11, 20531, -3.0, 1.0, -1.5, 2.5, 1, 2, buf.append(), -1.5
11, 20532, -3.0, 1.0, -1.5, 3.0, 1, 2, buf.append(), -1.0
11, 20533, -3.0, 1.0, -1.5, 3.5, 1, 2, buf.append(), -0.5
11, 20534, -3.0, 1.0, -1.5, 4.0, 1, 2, buf.append(), 0.0
11, 20535, -3.0, 1.0, -1.5, 4.5, 0, 0, buf.append(s), 3.0
11, 20536, -3.0, 1.0, -1.5, 5.0, 0, 0, buf.append(s), 4.0
11, 20537, -3.0, 1.0, -1.0, 0.0, 5, 2, append(), -2.0
11, 20538, -3.0, 1.0, -1.0, 0.5, 5, 2, append(), -2.0
11, 20539, -3.0, 1.0, -1.0, 1.0, 5, 2, append(), -2.0
11, 20540, -3.0, 1.0, -1.0, 1.5, 5, 2, append(), -2.0
11, 20541, -3.0, 1.0, -1.0, 2.0, 5, 2, append(), -2.0
11, 20542, -3.0, 1.0, -1.0, 2.5, 1, 2, buf.append(), -1.5
11, 20543, -3.0, 1.0, -1.0, 3.0, 1, 2, buf.append(), -1.0
11, 20544, -3.0, 1.0, -1.0, 3.5, 1, 3, buf.append(), -0.5
11, 20545, -3.0, 1.0, -1.0, 4.0, 1, 5, buf.append(), 0.0
11, 20546, -3.0, 1.0, -1.0, 4.5, 0, 0, buf.append(s), 3.0
11, 20547, -3.0, 1.0, -1.0, 5.0, 0, 0, buf.append(s), 4.0
11, 20548, -3.0, 1.0, -0.5, 0.0, 5, 2, append(), -2.0
11, 20549, -3.0, 1.0, -0.5, 0.5, 5, 2, append(), -2.0
11, 20550, -3.0, 1.0, -0.5, 1.0, 5, 2, append(), -2.0
11, 20551, -3.0, 1.0, -0.5, 1.5, 5, 2, append(), -2.0
11, 20552, -3.0, 1.0, -0.5, 2.0, 5, 3, append(), -2.0
11, 20553, -3.0, 1.0, -0.5, 2.5, 1, 3, buf.append(), -1.5
11, 20554, -3.0, 1.0, -0.5, 3.0, 1, 3, buf.append(), -1.0
11, 20555, -3.0, 1.0, -0.5, 3.5, 1, 5, buf.append(), -0.5
11, 20556, -3.0, 1.0, -0.5, 4.0, 1, 6, buf.append(), 0.0
11, 20557, -3.0, 1.0, -0.5, 4.5, 10, 7, buf, 2.5
11, 20558, -3.0, 1.0, -0.5, 5.0, 47, 3, new Task11().repeatString(new Task11().repeatString(s)), 7.0
11, 20559, -3.0, 1.0, 0.0, 0.0, 12, 2, Float.SIZE, -2.0
11, 20560, -3.0, 1.0, 0.0, 0.5, 10, 1, buf, -1.5
11, 20561, -3.0, 1.0, 0.0, 1.0, 10, 1, buf, -1.0
11, 20562, -3.0, 1.0, 0.0, 1.5, 10, 1, buf, -0.5
11, 20563, -3.0, 1.0, 0.0, 2.0, 10, 1, buf, 0.0
11, 20564, -3.0, 1.0, 0.0, 2.5, 1, 4, buf.append(), -1.5
11, 20565, -3.0, 1.0, 0.0, 3.0, 1, 9, buf.append(), -1.0
11, 20566, -3.0, 1.0, 0.0, 3.5, 10, 3, buf, 1.5
11, 20567, -3.0, 1.0, 0.0, 4.0, 47, 7, new Task11().repeatString(new Task11().repeatString(s)), 6.0
11, 20568, -3.0, 1.0, 0.0, 4.5, 191, 5, new StackTraceElement(new Task11().repeatString(s), new Task11().repeatString(s), new Task11().repeatString(s), Character.offsetByCodePoints(thisManyTimes, thisManyTimes, thisManyTimes, thisManyTimes)), 14.5
11, 20569, -3.0, 1.0, 0.0, 5.0, 191, 7, new StackTraceElement(new Task11().repeatString(s), new Task11().repeatString(s), new Task11().repeatString(s), Character.offsetByCodePoints(thisManyTimes, thisManyTimes, thisManyTimes, thisManyTimes)), 21.0
11, 20570, -2.5, 1.0, -5.0, 0.0, 5, 2, append(), -1.5
11, 20571, -2.5, 1.0, -5.0, 0.5, 5, 2, append(), -1.5
11, 20572, -2.5, 1.0, -5.0, 1.0, 5, 2, append(), -1.5
11, 20573, -2.5, 1.0, -5.0, 1.5, 5, 2, append(), -1.5
11, 20574, -2.5, 1.0, -5.0, 2.0, 1, 2, buf.append(), -1.0
11, 20575, -2.5, 1.0, -5.0, 2.5, 1, 2, buf.append(), -0.5
11, 20576, -2.5, 1.0, -5.0, 3.0, 1, 2, buf.append(), 0.0
11, 20577, -2.5, 1.0, -5.0, 3.5, 0, 0, buf.append(s), 2.5
11, 20578, -2.5, 1.0, -5.0, 4.0, 0, 0, buf.append(s), 3.5
11, 20579, -2.5, 1.0, -5.0, 4.5, 4, 5, s.append(), 1.5
11, 20580, -2.5, 1.0, -5.0, 5.0, 4, 5, s.append(), 2.0
11, 20581, -2.5, 1.0, -4.5, 0.0, 5, 2, append(), -1.5
11, 20582, -2.5, 1.0, -4.5, 0.5, 5, 2, append(), -1.5
11, 20583, -2.5, 1.0, -4.5, 1.0, 5, 2, append(), -1.5
11, 20584, -2.5, 1.0, -4.5, 1.5, 5, 2, append(), -1.5
11, 20585, -2.5, 1.0, -4.5, 2.0, 1, 2, buf.append(), -1.0
11, 20586, -2.5, 1.0, -4.5, 2.5, 1, 2, buf.append(), -0.5
11, 20587, -2.5, 1.0, -4.5, 3.0, 1, 2, buf.append(), 0.0
11, 20588, -2.5, 1.0, -4.5, 3.5, 0, 0, buf.append(s), 2.5
11, 20589, -2.5, 1.0, -4.5, 4.0, 0, 0, buf.append(s), 3.5
11, 20590, -2.5, 1.0, -4.5, 4.5, 4, 5, s.append(), 1.5
11, 20591, -2.5, 1.0, -4.5, 5.0, 4, 5, s.append(), 2.0
11, 20592, -2.5, 1.0, -4.0, 0.0, 5, 2, append(), -1.5
11, 20593, -2.5, 1.0, -4.0, 0.5, 5, 2, append(), -1.5
11, 20594, -2.5, 1.0, -4.0, 1.0, 5, 2, append(), -1.5
11, 20595, -2.5, 1.0, -4.0, 1.5, 5, 2, append(), -1.5
11, 20596, -2.5, 1.0, -4.0, 2.0, 1, 2, buf.append(), -1.0
11, 20597, -2.5, 1.0, -4.0, 2.5, 1, 2, buf.append(), -0.5
11, 20598, -2.5, 1.0, -4.0, 3.0, 1, 2, buf.append(), 0.0
11, 20599, -2.5, 1.0, -4.0, 3.5, 0, 0, buf.append(s), 2.5
11, 20600, -2.5, 1.0, -4.0, 4.0, 0, 0, buf.append(s), 3.5
11, 20601, -2.5, 1.0, -4.0, 4.5, 4, 5, s.append(), 1.5
11, 20602, -2.5, 1.0, -4.0, 5.0, 4, 5, s.append(), 2.0
11, 20603, -2.5, 1.0, -3.5, 0.0, 5, 2, append(), -1.5
11, 20604, -2.5, 1.0, -3.5, 0.5, 5, 2, append(), -1.5
11, 20605, -2.5, 1.0, -3.5, 1.0, 5, 2, append(), -1.5
11, 20606, -2.5, 1.0, -3.5, 1.5, 5, 2, append(), -1.5
11, 20607, -2.5, 1.0, -3.5, 2.0, 1, 2, buf.append(), -1.0
11, 20608, -2.5, 1.0, -3.5, 2.5, 1, 2, buf.append(), -0.5
11, 20609, -2.5, 1.0, -3.5, 3.0, 1, 2, buf.append(), 0.0
11, 20610, -2.5, 1.0, -3.5, 3.5, 0, 0, buf.append(s), 2.5
11, 20611, -2.5, 1.0, -3.5, 4.0, 0, 0, buf.append(s), 3.5
11, 20612, -2.5, 1.0, -3.5, 4.5, 4, 5, s.append(), 1.5
11, 20613, -2.5, 1.0, -3.5, 5.0, 4, 7, s.append(), 2.0
11, 20614, -2.5, 1.0, -3.0, 0.0, 5, 2, append(), -1.5
11, 20615, -2.5, 1.0, -3.0, 0.5, 5, 2, append(), -1.5
11, 20616, -2.5, 1.0, -3.0, 1.0, 5, 2, append(), -1.5
11, 20617, -2.5, 1.0, -3.0, 1.5, 5, 2, append(), -1.5
11, 20618, -2.5, 1.0, -3.0, 2.0, 1, 2, buf.append(), -1.0
11, 20619, -2.5, 1.0, -3.0, 2.5, 1, 2, buf.append(), -0.5
11, 20620, -2.5, 1.0, -3.0, 3.0, 1, 2, buf.append(), 0.0
11, 20621, -2.5, 1.0, -3.0, 3.5, 0, 0, buf.append(s), 2.5
11, 20622, -2.5, 1.0, -3.0, 4.0, 0, 0, buf.append(s), 3.5
11, 20623, -2.5, 1.0, -3.0, 4.5, 4, 5, s.append(), 1.5
11, 20624, -2.5, 1.0, -3.0, 5.0, 4, 8, s.append(), 2.0
11, 20625, -2.5, 1.0, -2.5, 0.0, 5, 2, append(), -1.5
11, 20626, -2.5, 1.0, -2.5, 0.5, 5, 2, append(), -1.5
11, 20627, -2.5, 1.0, -2.5, 1.0, 5, 2, append(), -1.5
11, 20628, -2.5, 1.0, -2.5, 1.5, 5, 2, append(), -1.5
11, 20629, -2.5, 1.0, -2.5, 2.0, 1, 2, buf.append(), -1.0
11, 20630, -2.5, 1.0, -2.5, 2.5, 1, 2, buf.append(), -0.5
11, 20631, -2.5, 1.0, -2.5, 3.0, 1, 2, buf.append(), 0.0
11, 20632, -2.5, 1.0, -2.5, 3.5, 0, 0, buf.append(s), 2.5
11, 20633, -2.5, 1.0, -2.5, 4.0, 0, 0, buf.append(s), 3.5
11, 20634, -2.5, 1.0, -2.5, 4.5, 4, 6, s.append(), 1.5
11, 20635, -2.5, 1.0, -2.5, 5.0, 7, 5, buf.append(s).put(s), 3.0
11, 20636, -2.5, 1.0, -2.0, 0.0, 5, 2, append(), -1.5
11, 20637, -2.5, 1.0, -2.0, 0.5, 5, 2, append(), -1.5
11, 20638, -2.5, 1.0, -2.0, 1.0, 5, 2, append(), -1.5
11, 20639, -2.5, 1.0, -2.0, 1.5, 5, 2, append(), -1.5
11, 20640, -2.5, 1.0, -2.0, 2.0, 1, 2, buf.append(), -1.0
11, 20641, -2.5, 1.0, -2.0, 2.5, 1, 2, buf.append(), -0.5
11, 20642, -2.5, 1.0, -2.0, 3.0, 1, 2, buf.append(), 0.0
11, 20643, -2.5, 1.0, -2.0, 3.5, 0, 0, buf.append(s), 2.5
11, 20644, -2.5, 1.0, -2.0, 4.0, 0, 0, buf.append(s), 3.5
11, 20645, -2.5, 1.0, -2.0, 4.5, 4, 8, s.append(), 1.5
11, 20646, -2.5, 1.0, -2.0, 5.0, 7, 3, buf.append(s).put(s), 3.5
11, 20647, -2.5, 1.0, -1.5, 0.0, 5, 2, append(), -1.5
11, 20648, -2.5, 1.0, -1.5, 0.5, 5, 2, append(), -1.5
11, 20649, -2.5, 1.0, -1.5, 1.0, 5, 2, append(), -1.5
11, 20650, -2.5, 1.0, -1.5, 1.5, 5, 2, append(), -1.5
11, 20651, -2.5, 1.0, -1.5, 2.0, 1, 2, buf.append(), -1.0
11, 20652, -2.5, 1.0, -1.5, 2.5, 1, 2, buf.append(), -0.5
11, 20653, -2.5, 1.0, -1.5, 3.0, 1, 2, buf.append(), 0.0
11, 20654, -2.5, 1.0, -1.5, 3.5, 0, 0, buf.append(s), 2.5
11, 20655, -2.5, 1.0, -1.5, 4.0, 0, 0, buf.append(s), 3.5
11, 20656, -2.5, 1.0, -1.5, 4.5, 7, 4, buf.append(s).put(s), 2.5
11, 20657, -2.5, 1.0, -1.5, 5.0, 7, 2, buf.append(s).put(s), 4.0
11, 20658, -2.5, 1.0, -1.0, 0.0, 5, 2, append(), -1.5
11, 20659, -2.5, 1.0, -1.0, 0.5, 5, 2, append(), -1.5
11, 20660, -2.5, 1.0, -1.0, 1.0, 5, 2, append(), -1.5
11, 20661, -2.5, 1.0, -1.0, 1.5, 5, 2, append(), -1.5
11, 20662, -2.5, 1.0, -1.0, 2.0, 1, 2, buf.append(), -1.0
11, 20663, -2.5, 1.0, -1.0, 2.5, 1, 2, buf.append(), -0.5
11, 20664, -2.5, 1.0, -1.0, 3.0, 1, 2, buf.append(), 0.0
11, 20665, -2.5, 1.0, -1.0, 3.5, 0, 0, buf.append(s), 2.5
11, 20666, -2.5, 1.0, -1.0, 4.0, 0, 0, buf.append(s), 3.5
11, 20667, -2.5, 1.0, -1.0, 4.5, 7, 3, buf.append(s).put(s), 3.0
11, 20668, -2.5, 1.0, -1.0, 5.0, 12, 6, buf.append(s).append(buf), 5.5
11, 20669, -2.5, 1.0, -0.5, 0.0, 5, 2, append(), -1.5
11, 20670, -2.5, 1.0, -0.5, 0.5, 5, 2, append(), -1.5
11, 20671, -2.5, 1.0, -0.5, 1.0, 5, 2, append(), -1.5
11, 20672, -2.5, 1.0, -0.5, 1.5, 5, 2, append(), -1.5
11, 20673, -2.5, 1.0, -0.5, 2.0, 1, 2, buf.append(), -1.0
11, 20674, -2.5, 1.0, -0.5, 2.5, 1, 3, buf.append(), -0.5
11, 20675, -2.5, 1.0, -0.5, 3.0, 1, 5, buf.append(), 0.0
11, 20676, -2.5, 1.0, -0.5, 3.5, 0, 0, buf.append(s), 2.5
11, 20677, -2.5, 1.0, -0.5, 4.0, 27, 1, buf.append(new Task11().repeatString(s)), 4.5
11, 20678, -2.5, 1.0, -0.5, 4.5, 47, 8, new Task11().repeatString(new Task11().repeatString(s)), 7.0
11, 20679, -2.5, 1.0, -0.5, 5.0, 90, 3, new Task11().repeatString(s).replaceAll(new Task11().repeatString(s), new Task11().repeatString(s)), 14.0
11, 20680, -2.5, 1.0, 0.0, 0.0, 12, 2, Float.SIZE, -1.5
11, 20681, -2.5, 1.0, 0.0, 0.5, 10, 1, buf, -1.0
11, 20682, -2.5, 1.0, 0.0, 1.0, 10, 1, buf, -0.5
11, 20683, -2.5, 1.0, 0.0, 1.5, 10, 1, buf, 0.0
11, 20684, -2.5, 1.0, 0.0, 2.0, 1, 4, buf.append(), -1.0
11, 20685, -2.5, 1.0, 0.0, 2.5, 1, 9, buf.append(), -0.5
11, 20686, -2.5, 1.0, 0.0, 3.0, 10, 7, buf, 1.5
11, 20687, -2.5, 1.0, 0.0, 3.5, 90, 9, new Task11().repeatString(s).replaceAll(new Task11().repeatString(s), new Task11().repeatString(s)), 7.5
11, 20688, -2.5, 1.0, 0.0, 4.0, 191, 7, new StackTraceElement(new Task11().repeatString(s), new Task11().repeatString(s), new Task11().repeatString(s), Character.offsetByCodePoints(thisManyTimes, thisManyTimes, thisManyTimes, thisManyTimes)), 15.5
11, 20689, -2.5, 1.0, 0.0, 4.5, 191, 8, new StackTraceElement(new Task11().repeatString(s), new Task11().repeatString(s), new Task11().repeatString(s), Character.offsetByCodePoints(thisManyTimes, thisManyTimes, thisManyTimes, thisManyTimes)), 22.0
11, 20690, -2.5, 1.0, 0.0, 5.0, 264, 8, buf.insert(thisManyTimes, s, thisManyTimes, thisManyTimes).replace(Character.offsetByCodePoints(thisManyTimes, thisManyTimes, thisManyTimes, thisManyTimes), Character.offsetByCodePoints(thisManyTimes, thisManyTimes, thisManyTimes, thisManyTimes), new Task11().repeatString(s)), 32.0
11, 20691, -2.0, 1.0, -5.0, 0.0, 5, 2, append(), -1.0
11, 20692, -2.0, 1.0, -5.0, 0.5, 5, 2, append(), -1.0
11, 20693, -2.0, 1.0, -5.0, 1.0, 5, 2, append(), -1.0
11, 20694, -2.0, 1.0, -5.0, 1.5, 1, 2, buf.append(), -0.5
11, 20695, -2.0, 1.0, -5.0, 2.0, 1, 2, buf.append(), 0.0
11, 20696, -2.0, 1.0, -5.0, 2.5, 0, 0, buf.append(s), 2.0
11, 20697, -2.0, 1.0, -5.0, 3.0, 0, 0, buf.append(s), 3.0
11, 20698, -2.0, 1.0, -5.0, 3.5, 4, 5, s.append(), 1.5
11, 20699, -2.0, 1.0, -5.0, 4.0, 4, 5, s.append(), 2.0
11, 20700, -2.0, 1.0, -5.0, 4.5, 9, 3, buf.append().append(s), 4.0
11, 20701, -2.0, 1.0, -5.0, 5.0, 9, 3, buf.append().append(s), 5.0
11, 20702, -2.0, 1.0, -4.5, 0.0, 5, 2, append(), -1.0
11, 20703, -2.0, 1.0, -4.5, 0.5, 5, 2, append(), -1.0
11, 20704, -2.0, 1.0, -4.5, 1.0, 5, 2, append(), -1.0
11, 20705, -2.0, 1.0, -4.5, 1.5, 1, 2, buf.append(), -0.5
11, 20706, -2.0, 1.0, -4.5, 2.0, 1, 2, buf.append(), 0.0
11, 20707, -2.0, 1.0, -4.5, 2.5, 0, 0, buf.append(s), 2.0
11, 20708, -2.0, 1.0, -4.5, 3.0, 0, 0, buf.append(s), 3.0
11, 20709, -2.0, 1.0, -4.5, 3.5, 4, 5, s.append(), 1.5
11, 20710, -2.0, 1.0, -4.5, 4.0, 4, 5, s.append(), 2.0
11, 20711, -2.0, 1.0, -4.5, 4.5, 9, 3, buf.append().append(s), 4.0
11, 20712, -2.0, 1.0, -4.5, 5.0, 9, 3, buf.append().append(s), 5.0
11, 20713, -2.0, 1.0, -4.0, 0.0, 5, 2, append(), -1.0
11, 20714, -2.0, 1.0, -4.0, 0.5, 5, 2, append(), -1.0
11, 20715, -2.0, 1.0, -4.0, 1.0, 5, 2, append(), -1.0
11, 20716, -2.0, 1.0, -4.0, 1.5, 1, 2, buf.append(), -0.5
11, 20717, -2.0, 1.0, -4.0, 2.0, 1, 2, buf.append(), 0.0
11, 20718, -2.0, 1.0, -4.0, 2.5, 0, 0, buf.append(s), 2.0
11, 20719, -2.0, 1.0, -4.0, 3.0, 0, 0, buf.append(s), 3.0
11, 20720, -2.0, 1.0, -4.0, 3.5, 4, 5, s.append(), 1.5
11, 20721, -2.0, 1.0, -4.0, 4.0, 4, 5, s.append(), 2.0
11, 20722, -2.0, 1.0, -4.0, 4.5, 9, 3, buf.append().append(s), 4.0
11, 20723, -2.0, 1.0, -4.0, 5.0, 9, 4, buf.append().append(s), 5.0
11, 20724, -2.0, 1.0, -3.5, 0.0, 5, 2, append(), -1.0
11, 20725, -2.0, 1.0, -3.5, 0.5, 5, 2, append(), -1.0
11, 20726, -2.0, 1.0, -3.5, 1.0, 5, 2, append(), -1.0
11, 20727, -2.0, 1.0, -3.5, 1.5, 1, 2, buf.append(), -0.5
11, 20728, -2.0, 1.0, -3.5, 2.0, 1, 2, buf.append(), 0.0
11, 20729, -2.0, 1.0, -3.5, 2.5, 0, 0, buf.append(s), 2.0
11, 20730, -2.0, 1.0, -3.5, 3.0, 0, 0, buf.append(s), 3.0
11, 20731, -2.0, 1.0, -3.5, 3.5, 4, 5, s.append(), 1.5
11, 20732, -2.0, 1.0, -3.5, 4.0, 4, 5, s.append(), 2.0
11, 20733, -2.0, 1.0, -3.5, 4.5, 9, 3, buf.append().append(s), 4.0
11, 20734, -2.0, 1.0, -3.5, 5.0, 9, 7, buf.append().append(s), 5.0
11, 20735, -2.0, 1.0, -3.0, 0.0, 5, 2, append(), -1.0
11, 20736, -2.0, 1.0, -3.0, 0.5, 5, 2, append(), -1.0
11, 20737, -2.0, 1.0, -3.0, 1.0, 5, 2, append(), -1.0
11, 20738, -2.0, 1.0, -3.0, 1.5, 1, 2, buf.append(), -0.5
11, 20739, -2.0, 1.0, -3.0, 2.0, 1, 2, buf.append(), 0.0
11, 20740, -2.0, 1.0, -3.0, 2.5, 0, 0, buf.append(s), 2.0
11, 20741, -2.0, 1.0, -3.0, 3.0, 0, 0, buf.append(s), 3.0
11, 20742, -2.0, 1.0, -3.0, 3.5, 4, 5, s.append(), 1.5
11, 20743, -2.0, 1.0, -3.0, 4.0, 4, 7, s.append(), 2.0
11, 20744, -2.0, 1.0, -3.0, 4.5, 9, 4, buf.append().append(s), 4.0
11, 20745, -2.0, 1.0, -3.0, 5.0, 9, 7, buf.append().append(s), 5.0
11, 20746, -2.0, 1.0, -2.5, 0.0, 5, 2, append(), -1.0
11, 20747, -2.0, 1.0, -2.5, 0.5, 5, 2, append(), -1.0
11, 20748, -2.0, 1.0, -2.5, 1.0, 5, 2, append(), -1.0
11, 20749, -2.0, 1.0, -2.5, 1.5, 1, 2, buf.append(), -0.5
11, 20750, -2.0, 1.0, -2.5, 2.0, 1, 2, buf.append(), 0.0
11, 20751, -2.0, 1.0, -2.5, 2.5, 0, 0, buf.append(s), 2.0
11, 20752, -2.0, 1.0, -2.5, 3.0, 0, 0, buf.append(s), 3.0
11, 20753, -2.0, 1.0, -2.5, 3.5, 4, 5, s.append(), 1.5
11, 20754, -2.0, 1.0, -2.5, 4.0, 7, 5, buf.append(s).put(s), 2.5
11, 20755, -2.0, 1.0, -2.5, 4.5, 9, 7, buf.append().append(s), 4.0
11, 20756, -2.0, 1.0, -2.5, 5.0, 9, 8, buf.append().append(s), 5.0
11, 20757, -2.0, 1.0, -2.0, 0.0, 5, 2, append(), -1.0
11, 20758, -2.0, 1.0, -2.0, 0.5, 5, 2, append(), -1.0
11, 20759, -2.0, 1.0, -2.0, 1.0, 5, 2, append(), -1.0
11, 20760, -2.0, 1.0, -2.0, 1.5, 1, 2, buf.append(), -0.5
11, 20761, -2.0, 1.0, -2.0, 2.0, 1, 2, buf.append(), 0.0
11, 20762, -2.0, 1.0, -2.0, 2.5, 0, 0, buf.append(s), 2.0
11, 20763, -2.0, 1.0, -2.0, 3.0, 0, 0, buf.append(s), 3.0
11, 20764, -2.0, 1.0, -2.0, 3.5, 4, 6, s.append(), 1.5
11, 20765, -2.0, 1.0, -2.0, 4.0, 7, 4, buf.append(s).put(s), 3.0
11, 20766, -2.0, 1.0, -2.0, 4.5, 9, 6, buf.append().append(s), 4.0
11, 20767, -2.0, 1.0, -2.0, 5.0, 9, 8, buf.append().append(s), 5.0
11, 20768, -2.0, 1.0, -1.5, 0.0, 5, 2, append(), -1.0
11, 20769, -2.0, 1.0, -1.5, 0.5, 5, 2, append(), -1.0
11, 20770, -2.0, 1.0, -1.5, 1.0, 5, 2, append(), -1.0
11, 20771, -2.0, 1.0, -1.5, 1.5, 1, 2, buf.append(), -0.5
11, 20772, -2.0, 1.0, -1.5, 2.0, 1, 2, buf.append(), 0.0
11, 20773, -2.0, 1.0, -1.5, 2.5, 0, 0, buf.append(s), 2.0
11, 20774, -2.0, 1.0, -1.5, 3.0, 0, 0, buf.append(s), 3.0
11, 20775, -2.0, 1.0, -1.5, 3.5, 7, 5, buf.append(s).put(s), 2.0
11, 20776, -2.0, 1.0, -1.5, 4.0, 7, 2, buf.append(s).put(s), 3.5
11, 20777, -2.0, 1.0, -1.5, 4.5, 9, 8, buf.append().append(s), 4.0
11, 20778, -2.0, 1.0, -1.5, 5.0, 26, 3, buf.append(s).append(s.replace(buf, s)), 10.5
11, 20779, -2.0, 1.0, -1.0, 0.0, 5, 2, append(), -1.0
11, 20780, -2.0, 1.0, -1.0, 0.5, 5, 2, append(), -1.0
11, 20781, -2.0, 1.0, -1.0, 1.0, 5, 2, append(), -1.0
11, 20782, -2.0, 1.0, -1.0, 1.5, 1, 2, buf.append(), -0.5
11, 20783, -2.0, 1.0, -1.0, 2.0, 1, 2, buf.append(), 0.0
11, 20784, -2.0, 1.0, -1.0, 2.5, 0, 0, buf.append(s), 2.0
11, 20785, -2.0, 1.0, -1.0, 3.0, 0, 0, buf.append(s), 3.0
11, 20786, -2.0, 1.0, -1.0, 3.5, 7, 3, buf.append(s).put(s), 2.5
11, 20787, -2.0, 1.0, -1.0, 4.0, 7, 2, buf.append(s).put(s), 4.0
11, 20788, -2.0, 1.0, -1.0, 4.5, 26, 4, buf.append(s).append(s.replace(buf, s)), 8.5
11, 20789, -2.0, 1.0, -1.0, 5.0, 26, 7, buf.append(s).append(s.replace(buf, s)), 11.0
11, 20790, -2.0, 1.0, -0.5, 0.0, 5, 2, append(), -1.0
11, 20791, -2.0, 1.0, -0.5, 0.5, 5, 2, append(), -1.0
11, 20792, -2.0, 1.0, -0.5, 1.0, 5, 2, append(), -1.0
11, 20793, -2.0, 1.0, -0.5, 1.5, 1, 2, buf.append(), -0.5
11, 20794, -2.0, 1.0, -0.5, 2.0, 1, 2, buf.append(), 0.0
11, 20795, -2.0, 1.0, -0.5, 2.5, 0, 0, buf.append(s), 2.0
11, 20796, -2.0, 1.0, -0.5, 3.0, 0, 0, buf.append(s), 3.0
11, 20797, -2.0, 1.0, -0.5, 3.5, 34, 7, buf.append(s).put(new Task11().repeatString(s)), 4.0
11, 20798, -2.0, 1.0, -0.5, 4.0, 76, 1, s.replace(buf, s).replaceAll(new Task11().repeatString(s), new Task11().repeatString(s)), 10.5
11, 20799, -2.0, 1.0, -0.5, 4.5, 117, 8, s.replace(buf, s).replace(buf.append(s, thisManyTimes, thisManyTimes), buf.insert(thisManyTimes, s, thisManyTimes, thisManyTimes)), 16.0
11, 20800, -2.0, 1.0, -0.5, 5.0, 119, 7, new StackTraceElement(s.replace(buf, s), new Task11().repeatString(s), new Task11().repeatString(s), buf.indexOf(s, thisManyTimes)), 23.0
11, 20801, -2.0, 1.0, 0.0, 0.0, 12, 2, Float.SIZE, -1.0
11, 20802, -2.0, 1.0, 0.0, 0.5, 10, 1, buf, -0.5
11, 20803, -2.0, 1.0, 0.0, 1.0, 10, 1, buf, 0.0
11, 20804, -2.0, 1.0, 0.0, 1.5, 1, 3, buf.append(), -0.5
11, 20805, -2.0, 1.0, 0.0, 2.0, 1, 8, buf.append(), 0.0
11, 20806, -2.0, 1.0, 0.0, 2.5, 47, 7, new Task11().repeatString(new Task11().repeatString(s)), 3.5
11, 20807, -2.0, 1.0, 0.0, 3.0, 98, 8, new Task11().repeatString(s).replace(buf.append(s, thisManyTimes, thisManyTimes), new Task11().repeatString(s)), 9.0
11, 20808, -2.0, 1.0, 0.0, 3.5, 191, 8, new StackTraceElement(new Task11().repeatString(s), new Task11().repeatString(s), new Task11().repeatString(s), Character.offsetByCodePoints(thisManyTimes, thisManyTimes, thisManyTimes, thisManyTimes)), 16.5
11, 20809, -2.0, 1.0, 0.0, 4.0, 264, 7, buf.insert(thisManyTimes, s, thisManyTimes, thisManyTimes).replace(Character.offsetByCodePoints(thisManyTimes, thisManyTimes, thisManyTimes, thisManyTimes), Character.offsetByCodePoints(thisManyTimes, thisManyTimes, thisManyTimes, thisManyTimes), new Task11().repeatString(s)), 26.0
11, 20810, -2.0, 1.0, 0.0, 4.5, 264, 9, buf.insert(thisManyTimes, s, thisManyTimes, thisManyTimes).replace(Character.offsetByCodePoints(thisManyTimes, thisManyTimes, thisManyTimes, thisManyTimes), Character.offsetByCodePoints(thisManyTimes, thisManyTimes, thisManyTimes, thisManyTimes), new Task11().repeatString(s)), 34.0
11, 20811, -2.0, 1.0, 0.0, 5.0, 289, 6, thisManyTimes.insert(s, thisManyTimes, thisManyTimes).append(buf.insert(thisManyTimes, s, thisManyTimes, thisManyTimes), Character.offsetByCodePoints(thisManyTimes, thisManyTimes, thisManyTimes, thisManyTimes), Character.offsetByCodePoints(thisManyTimes, thisManyTimes, thisManyTimes, thisManyTimes)), 44.0
11, 20812, -1.5, 1.0, -5.0, 0.0, 5, 2, append(), -0.5
11, 20813, -1.5, 1.0, -5.0, 0.5, 5, 2, append(), -0.5
11, 20814, -1.5, 1.0, -5.0, 1.0, 1, 2, buf.append(), 0.0
11, 20815, -1.5, 1.0, -5.0, 1.5, 0, 0, buf.append(s), 1.5
11, 20816, -1.5, 1.0, -5.0, 2.0, 0, 0, buf.append(s), 2.5
11, 20817, -1.5, 1.0, -5.0, 2.5, 4, 5, s.append(), 1.5
11, 20818, -1.5, 1.0, -5.0, 3.0, 7, 9, buf.append(s).put(s), -0.5
11, 20819, -1.5, 1.0, -5.0, 3.5, 9, 3, buf.append().append(s), 4.0
11, 20820, -1.5, 1.0, -5.0, 4.0, 9, 3, buf.append().append(s), 5.0
11, 20821, -1.5, 1.0, -5.0, 4.5, 9, 3, buf.append().append(s), 6.0
11, 20822, -1.5, 1.0, -5.0, 5.0, 9, 7, buf.append().append(s), 7.0
11, 20823, -1.5, 1.0, -4.5, 0.0, 5, 2, append(), -0.5
11, 20824, -1.5, 1.0, -4.5, 0.5, 5, 2, append(), -0.5
11, 20825, -1.5, 1.0, -4.5, 1.0, 1, 2, buf.append(), 0.0
11, 20826, -1.5, 1.0, -4.5, 1.5, 0, 0, buf.append(s), 1.5
11, 20827, -1.5, 1.0, -4.5, 2.0, 0, 0, buf.append(s), 2.5
11, 20828, -1.5, 1.0, -4.5, 2.5, 4, 5, s.append(), 1.5
11, 20829, -1.5, 1.0, -4.5, 3.0, 7, 9, buf.append(s).put(s), 0.0
11, 20830, -1.5, 1.0, -4.5, 3.5, 9, 3, buf.append().append(s), 4.0
11, 20831, -1.5, 1.0, -4.5, 4.0, 9, 3, buf.append().append(s), 5.0
11, 20832, -1.5, 1.0, -4.5, 4.5, 9, 4, buf.append().append(s), 6.0
11, 20833, -1.5, 1.0, -4.5, 5.0, 9, 8, buf.append().append(s), 7.0
11, 20834, -1.5, 1.0, -4.0, 0.0, 5, 2, append(), -0.5
11, 20835, -1.5, 1.0, -4.0, 0.5, 5, 2, append(), -0.5
11, 20836, -1.5, 1.0, -4.0, 1.0, 1, 2, buf.append(), 0.0
11, 20837, -1.5, 1.0, -4.0, 1.5, 0, 0, buf.append(s), 1.5
11, 20838, -1.5, 1.0, -4.0, 2.0, 0, 0, buf.append(s), 2.5
11, 20839, -1.5, 1.0, -4.0, 2.5, 4, 5, s.append(), 1.5
11, 20840, -1.5, 1.0, -4.0, 3.0, 7, 8, buf.append(s).put(s), 0.5
11, 20841, -1.5, 1.0, -4.0, 3.5, 9, 3, buf.append().append(s), 4.0
11, 20842, -1.5, 1.0, -4.0, 4.0, 9, 3, buf.append().append(s), 5.0
11, 20843, -1.5, 1.0, -4.0, 4.5, 9, 7, buf.append().append(s), 6.0
11, 20844, -1.5, 1.0, -4.0, 5.0, 9, 7, buf.append().append(s), 7.0
11, 20845, -1.5, 1.0, -3.5, 0.0, 5, 2, append(), -0.5
11, 20846, -1.5, 1.0, -3.5, 0.5, 5, 2, append(), -0.5
11, 20847, -1.5, 1.0, -3.5, 1.0, 1, 2, buf.append(), 0.0
11, 20848, -1.5, 1.0, -3.5, 1.5, 0, 0, buf.append(s), 1.5
11, 20849, -1.5, 1.0, -3.5, 2.0, 0, 0, buf.append(s), 2.5
11, 20850, -1.5, 1.0, -3.5, 2.5, 4, 5, s.append(), 1.5
11, 20851, -1.5, 1.0, -3.5, 3.0, 7, 7, buf.append(s).put(s), 1.0
11, 20852, -1.5, 1.0, -3.5, 3.5, 9, 3, buf.append().append(s), 4.0
11, 20853, -1.5, 1.0, -3.5, 4.0, 9, 4, buf.append().append(s), 5.0
11, 20854, -1.5, 1.0, -3.5, 4.5, 9, 7, buf.append().append(s), 6.0
11, 20855, -1.5, 1.0, -3.5, 5.0, 9, 8, buf.append().append(s), 7.0
11, 20856, -1.5, 1.0, -3.0, 0.0, 5, 2, append(), -0.5
11, 20857, -1.5, 1.0, -3.0, 0.5, 5, 2, append(), -0.5
11, 20858, -1.5, 1.0, -3.0, 1.0, 1, 2, buf.append(), 0.0
11, 20859, -1.5, 1.0, -3.0, 1.5, 0, 0, buf.append(s), 1.5
11, 20860, -1.5, 1.0, -3.0, 2.0, 0, 0, buf.append(s), 2.5
11, 20861, -1.5, 1.0, -3.0, 2.5, 4, 5, s.append(), 1.5
11, 20862, -1.5, 1.0, -3.0, 3.0, 7, 7, buf.append(s).put(s), 1.5
11, 20863, -1.5, 1.0, -3.0, 3.5, 9, 3, buf.append().append(s), 4.0
11, 20864, -1.5, 1.0, -3.0, 4.0, 9, 7, buf.append().append(s), 5.0
11, 20865, -1.5, 1.0, -3.0, 4.5, 9, 8, buf.append().append(s), 6.0
11, 20866, -1.5, 1.0, -3.0, 5.0, 9, 8, buf.append().append(s), 7.0
11, 20867, -1.5, 1.0, -2.5, 0.0, 5, 2, append(), -0.5
11, 20868, -1.5, 1.0, -2.5, 0.5, 5, 2, append(), -0.5
11, 20869, -1.5, 1.0, -2.5, 1.0, 1, 2, buf.append(), 0.0
11, 20870, -1.5, 1.0, -2.5, 1.5, 0, 0, buf.append(s), 1.5
11, 20871, -1.5, 1.0, -2.5, 2.0, 0, 0, buf.append(s), 2.5
11, 20872, -1.5, 1.0, -2.5, 2.5, 4, 5, s.append(), 1.5
11, 20873, -1.5, 1.0, -2.5, 3.0, 7, 7, buf.append(s).put(s), 2.0
11, 20874, -1.5, 1.0, -2.5, 3.5, 9, 4, buf.append().append(s), 4.0
11, 20875, -1.5, 1.0, -2.5, 4.0, 9, 7, buf.append().append(s), 5.0
11, 20876, -1.5, 1.0, -2.5, 4.5, 9, 8, buf.append().append(s), 6.0
11, 20877, -1.5, 1.0, -2.5, 5.0, 22, 5, buf.append(s).append(buf.append(s)), 12.5
11, 20878, -1.5, 1.0, -2.0, 0.0, 5, 2, append(), -0.5
11, 20879, -1.5, 1.0, -2.0, 0.5, 5, 2, append(), -0.5
11, 20880, -1.5, 1.0, -2.0, 1.0, 1, 2, buf.append(), 0.0
11, 20881, -1.5, 1.0, -2.0, 1.5, 0, 0, buf.append(s), 1.5
11, 20882, -1.5, 1.0, -2.0, 2.0, 0, 0, buf.append(s), 2.5
11, 20883, -1.5, 1.0, -2.0, 2.5, 4, 5, s.append(), 1.5
11, 20884, -1.5, 1.0, -2.0, 3.0, 7, 6, buf.append(s).put(s), 2.5
11, 20885, -1.5, 1.0, -2.0, 3.5, 9, 6, buf.append().append(s), 4.0
11, 20886, -1.5, 1.0, -2.0, 4.0, 9, 8, buf.append().append(s), 5.0
11, 20887, -1.5, 1.0, -2.0, 4.5, 22, 5, buf.append(s).append(buf.append(s)), 10.5
11, 20888, -1.5, 1.0, -2.0, 5.0, 22, 9, buf.append(s).append(buf.append(s)), 12.5
11, 20889, -1.5, 1.0, -1.5, 0.0, 5, 2, append(), -0.5
11, 20890, -1.5, 1.0, -1.5, 0.5, 5, 2, append(), -0.5
11, 20891, -1.5, 1.0, -1.5, 1.0, 1, 2, buf.append(), 0.0
11, 20892, -1.5, 1.0, -1.5, 1.5, 0, 0, buf.append(s), 1.5
11, 20893, -1.5, 1.0, -1.5, 2.0, 0, 0, buf.append(s), 2.5
11, 20894, -1.5, 1.0, -1.5, 2.5, 4, 8, s.append(), 1.5
11, 20895, -1.5, 1.0, -1.5, 3.0, 7, 4, buf.append(s).put(s), 3.0
11, 20896, -1.5, 1.0, -1.5, 3.5, 9, 8, buf.append().append(s), 4.0
11, 20897, -1.5, 1.0, -1.5, 4.0, 22, 5, buf.append(s).append(buf.append(s)), 8.5
11, 20898, -1.5, 1.0, -1.5, 4.5, 26, 5, buf.append(s).append(s.replace(buf, s)), 12.0
11, 20899, -1.5, 1.0, -1.5, 5.0, 26, 7, buf.append(s).append(s.replace(buf, s)), 14.5
11, 20900, -1.5, 1.0, -1.0, 0.0, 5, 2, append(), -0.5
11, 20901, -1.5, 1.0, -1.0, 0.5, 5, 2, append(), -0.5
11, 20902, -1.5, 1.0, -1.0, 1.0, 1, 2, buf.append(), 0.0
11, 20903, -1.5, 1.0, -1.0, 1.5, 0, 0, buf.append(s), 1.5
11, 20904, -1.5, 1.0, -1.0, 2.0, 0, 0, buf.append(s), 2.5
11, 20905, -1.5, 1.0, -1.0, 2.5, 7, 4, buf.append(s).put(s), 2.0
11, 20906, -1.5, 1.0, -1.0, 3.0, 7, 2, buf.append(s).put(s), 3.5
11, 20907, -1.5, 1.0, -1.0, 3.5, 26, 3, buf.append(s).append(s.replace(buf, s)), 7.5
11, 20908, -1.5, 1.0, -1.0, 4.0, 26, 5, buf.append(s).append(s.replace(buf, s)), 10.0
11, 20909, -1.5, 1.0, -1.0, 4.5, 53, 2, s.replace(buf, s).replace(s.replace(buf, s), s.replace(buf, s)), 19.0
11, 20910, -1.5, 1.0, -1.0, 5.0, 53, 7, s.replace(buf, s).replace(s.replace(buf, s), s.replace(buf, s)), 23.5
11, 20911, -1.5, 1.0, -0.5, 0.0, 5, 2, append(), -0.5
11, 20912, -1.5, 1.0, -0.5, 0.5, 5, 2, append(), -0.5
11, 20913, -1.5, 1.0, -0.5, 1.0, 1, 2, buf.append(), 0.0
11, 20914, -1.5, 1.0, -0.5, 1.5, 0, 0, buf.append(s), 1.5
11, 20915, -1.5, 1.0, -0.5, 2.0, 0, 0, buf.append(s), 2.5
11, 20916, -1.5, 1.0, -0.5, 2.5, 7, 2, buf.append(s).put(s), 2.5
11, 20917, -1.5, 1.0, -0.5, 3.0, 26, 6, buf.append(s).append(s.replace(buf, s)), 5.5
11, 20918, -1.5, 1.0, -0.5, 3.5, 58, 9, s.replace(buf, s).replaceFirst(s.replace(buf, s), s.replace(buf, s)), 11.5
11, 20919, -1.5, 1.0, -0.5, 4.0, 97, 7, new StackTraceElement(s.replace(buf, s), s.replace(buf, s), s.replace(buf, s), buf.indexOf(s, thisManyTimes)), 18.5
11, 20920, -1.5, 1.0, -0.5, 4.5, 97, 8, new StackTraceElement(s.replace(buf, s), s.replace(buf, s), s.replace(buf, s), buf.indexOf(s, thisManyTimes)), 24.5
11, 20921, -1.5, 1.0, -0.5, 5.0, 97, 9, new StackTraceElement(s.replace(buf, s), s.replace(buf, s), s.replace(buf, s), buf.indexOf(s, thisManyTimes)), 30.5
11, 20922, -1.5, 1.0, 0.0, 0.0, 12, 2, Float.SIZE, -0.5
11, 20923, -1.5, 1.0, 0.0, 0.5, 10, 1, buf, 0.0
11, 20924, -1.5, 1.0, 0.0, 1.0, 1, 2, buf.append(), 0.0
11, 20925, -1.5, 1.0, 0.0, 1.5, 0, 0, buf.append(s), 1.5
11, 20926, -1.5, 1.0, 0.0, 2.0, 88, 9, new Task11().repeatString(s).checkConnect(thisManyTimes, buf.append(s, thisManyTimes, thisManyTimes)), 4.0
11, 20927, -1.5, 1.0, 0.0, 2.5, 136, 8, new StackTraceElement(new Task11().repeatString(s), new Task11().repeatString(s), new Task11().repeatString(s), buf.lastIndexOf(s, thisManyTimes)), 11.0
11, 20928, -1.5, 1.0, 0.0, 3.0, 264, 7, buf.insert(thisManyTimes, s, thisManyTimes, thisManyTimes).replace(Character.offsetByCodePoints(thisManyTimes, thisManyTimes, thisManyTimes, thisManyTimes), Character.offsetByCodePoints(thisManyTimes, thisManyTimes, thisManyTimes, thisManyTimes), new Task11().repeatString(s)), 20.0
11, 20929, -1.5, 1.0, 0.0, 3.5, 264, 7, buf.insert(thisManyTimes, s, thisManyTimes, thisManyTimes).replace(Character.offsetByCodePoints(thisManyTimes, thisManyTimes, thisManyTimes, thisManyTimes), Character.offsetByCodePoints(thisManyTimes, thisManyTimes, thisManyTimes, thisManyTimes), new Task11().repeatString(s)), 28.0
11, 20930, -1.5, 1.0, 0.0, 4.0, 289, 6, thisManyTimes.insert(s, thisManyTimes, thisManyTimes).append(buf.insert(thisManyTimes, s, thisManyTimes, thisManyTimes), Character.offsetByCodePoints(thisManyTimes, thisManyTimes, thisManyTimes, thisManyTimes), Character.offsetByCodePoints(thisManyTimes, thisManyTimes, thisManyTimes, thisManyTimes)), 38.0
11, 20931, -1.5, 1.0, 0.0, 4.5, 289, 6, thisManyTimes.insert(s, thisManyTimes, thisManyTimes).append(buf.insert(thisManyTimes, s, thisManyTimes, thisManyTimes), Character.offsetByCodePoints(thisManyTimes, thisManyTimes, thisManyTimes, thisManyTimes), Character.offsetByCodePoints(thisManyTimes, thisManyTimes, thisManyTimes, thisManyTimes)), 46.5
11, 20932, -1.5, 1.0, 0.0, 5.0, 289, 7, thisManyTimes.insert(s, thisManyTimes, thisManyTimes).append(buf.insert(thisManyTimes, s, thisManyTimes, thisManyTimes), Character.offsetByCodePoints(thisManyTimes, thisManyTimes, thisManyTimes, thisManyTimes), Character.offsetByCodePoints(thisManyTimes, thisManyTimes, thisManyTimes, thisManyTimes)), 55.0
11, 20933, -1.0, 1.0, -5.0, 0.0, 5, 2, append(), 0.0
11, 20934, -1.0, 1.0, -5.0, 0.5, 0, 0, buf.append(s), 1.0
11, 20935, -1.0, 1.0, -5.0, 1.0, 0, 0, buf.append(s), 2.0
11, 20936, -1.0, 1.0, -5.0, 1.5, 7, 8, buf.append(s).put(s), -2.5
11, 20937, -1.0, 1.0, -5.0, 2.0, 7, 9, buf.append(s).put(s), -1.0
11, 20938, -1.0, 1.0, -5.0, 2.5, 9, 3, buf.append().append(s), 4.0
11, 20939, -1.0, 1.0, -5.0, 3.0, 9, 3, buf.append().append(s), 5.0
11, 20940, -1.0, 1.0, -5.0, 3.5, 9, 3, buf.append().append(s), 6.0
11, 20941, -1.0, 1.0, -5.0, 4.0, 9, 4, buf.append().append(s), 7.0
11, 20942, -1.0, 1.0, -5.0, 4.5, 9, 7, buf.append().append(s), 8.0
11, 20943, -1.0, 1.0, -5.0, 5.0, 9, 8, buf.append().append(s), 9.0
11, 20944, -1.0, 1.0, -4.5, 0.0, 5, 2, append(), 0.0
11, 20945, -1.0, 1.0, -4.5, 0.5, 0, 0, buf.append(s), 1.0
11, 20946, -1.0, 1.0, -4.5, 1.0, 0, 0, buf.append(s), 2.0
11, 20947, -1.0, 1.0, -4.5, 1.5, 7, 8, buf.append(s).put(s), -2.0
11, 20948, -1.0, 1.0, -4.5, 2.0, 7, 9, buf.append(s).put(s), -0.5
11, 20949, -1.0, 1.0, -4.5, 2.5, 9, 3, buf.append().append(s), 4.0
11, 20950, -1.0, 1.0, -4.5, 3.0, 9, 3, buf.append().append(s), 5.0
11, 20951, -1.0, 1.0, -4.5, 3.5, 9, 3, buf.append().append(s), 6.0
11, 20952, -1.0, 1.0, -4.5, 4.0, 9, 7, buf.append().append(s), 7.0
11, 20953, -1.0, 1.0, -4.5, 4.5, 9, 7, buf.append().append(s), 8.0
11, 20954, -1.0, 1.0, -4.5, 5.0, 9, 8, buf.append().append(s), 9.0
11, 20955, -1.0, 1.0, -4.0, 0.0, 5, 2, append(), 0.0
11, 20956, -1.0, 1.0, -4.0, 0.5, 0, 0, buf.append(s), 1.0
11, 20957, -1.0, 1.0, -4.0, 1.0, 0, 0, buf.append(s), 2.0
11, 20958, -1.0, 1.0, -4.0, 1.5, 7, 8, buf.append(s).put(s), -1.5
11, 20959, -1.0, 1.0, -4.0, 2.0, 7, 9, buf.append(s).put(s), 0.0
11, 20960, -1.0, 1.0, -4.0, 2.5, 9, 3, buf.append().append(s), 4.0
11, 20961, -1.0, 1.0, -4.0, 3.0, 9, 3, buf.append().append(s), 5.0
11, 20962, -1.0, 1.0, -4.0, 3.5, 9, 4, buf.append().append(s), 6.0
11, 20963, -1.0, 1.0, -4.0, 4.0, 9, 7, buf.append().append(s), 7.0
11, 20964, -1.0, 1.0, -4.0, 4.5, 9, 8, buf.append().append(s), 8.0
11, 20965, -1.0, 1.0, -4.0, 5.0, 9, 9, buf.append().append(s), 9.0
11, 20966, -1.0, 1.0, -3.5, 0.0, 5, 2, append(), 0.0
11, 20967, -1.0, 1.0, -3.5, 0.5, 0, 0, buf.append(s), 1.0
11, 20968, -1.0, 1.0, -3.5, 1.0, 0, 0, buf.append(s), 2.0
11, 20969, -1.0, 1.0, -3.5, 1.5, 7, 8, buf.append(s).put(s), -1.0
11, 20970, -1.0, 1.0, -3.5, 2.0, 7, 8, buf.append(s).put(s), 0.5
11, 20971, -1.0, 1.0, -3.5, 2.5, 9, 3, buf.append().append(s), 4.0
11, 20972, -1.0, 1.0, -3.5, 3.0, 9, 3, buf.append().append(s), 5.0
11, 20973, -1.0, 1.0, -3.5, 3.5, 9, 6, buf.append().append(s), 6.0
11, 20974, -1.0, 1.0, -3.5, 4.0, 9, 8, buf.append().append(s), 7.0
11, 20975, -1.0, 1.0, -3.5, 4.5, 9, 9, buf.append().append(s), 8.0
11, 20976, -1.0, 1.0, -3.5, 5.0, 22, 4, buf.append(s).append(buf.append(s)), 16.0
11, 20977, -1.0, 1.0, -3.0, 0.0, 5, 2, append(), 0.0
11, 20978, -1.0, 1.0, -3.0, 0.5, 0, 0, buf.append(s), 1.0
11, 20979, -1.0, 1.0, -3.0, 1.0, 0, 0, buf.append(s), 2.0
11, 20980, -1.0, 1.0, -3.0, 1.5, 7, 8, buf.append(s).put(s), -0.5
11, 20981, -1.0, 1.0, -3.0, 2.0, 7, 8, buf.append(s).put(s), 1.0
11, 20982, -1.0, 1.0, -3.0, 2.5, 9, 3, buf.append().append(s), 4.0
11, 20983, -1.0, 1.0, -3.0, 3.0, 9, 4, buf.append().append(s), 5.0
11, 20984, -1.0, 1.0, -3.0, 3.5, 9, 7, buf.append().append(s), 6.0
11, 20985, -1.0, 1.0, -3.0, 4.0, 9, 8, buf.append().append(s), 7.0
11, 20986, -1.0, 1.0, -3.0, 4.5, 22, 4, buf.append(s).append(buf.append(s)), 14.0
11, 20987, -1.0, 1.0, -3.0, 5.0, 22, 5, buf.append(s).append(buf.append(s)), 16.0
11, 20988, -1.0, 1.0, -2.5, 0.0, 5, 2, append(), 0.0
11, 20989, -1.0, 1.0, -2.5, 0.5, 0, 0, buf.append(s), 1.0
11, 20990, -1.0, 1.0, -2.5, 1.0, 0, 0, buf.append(s), 2.0
11, 20991, -1.0, 1.0, -2.5, 1.5, 7, 8, buf.append(s).put(s), 0.0
11, 20992, -1.0, 1.0, -2.5, 2.0, 7, 7, buf.append(s).put(s), 1.5
11, 20993, -1.0, 1.0, -2.5, 2.5, 9, 3, buf.append().append(s), 4.0
11, 20994, -1.0, 1.0, -2.5, 3.0, 9, 6, buf.append().append(s), 5.0
11, 20995, -1.0, 1.0, -2.5, 3.5, 9, 8, buf.append().append(s), 6.0
11, 20996, -1.0, 1.0, -2.5, 4.0, 22, 4, buf.append(s).append(buf.append(s)), 12.0
11, 20997, -1.0, 1.0, -2.5, 4.5, 22, 5, buf.append(s).append(buf.append(s)), 14.0
11, 20998, -1.0, 1.0, -2.5, 5.0, 22, 7, buf.append(s).append(buf.append(s)), 16.0
11, 20999, -1.0, 1.0, -2.0, 0.0, 5, 2, append(), 0.0
11, 21000, -1.0, 1.0, -2.0, 0.5, 0, 0, buf.append(s), 1.0
11, 21001, -1.0, 1.0, -2.0, 1.0, 0, 0, buf.append(s), 2.0
11, 21002, -1.0, 1.0, -2.0, 1.5, 7, 8, buf.append(s).put(s), 0.5
11, 21003, -1.0, 1.0, -2.0, 2.0, 7, 6, buf.append(s).put(s), 2.0
11, 21004, -1.0, 1.0, -2.0, 2.5, 9, 4, buf.append().append(s), 4.0
11, 21005, -1.0, 1.0, -2.0, 3.0, 9, 8, buf.append().append(s), 5.0
11, 21006, -1.0, 1.0, -2.0, 3.5, 22, 4, buf.append(s).append(buf.append(s)), 10.0
11, 21007, -1.0, 1.0, -2.0, 4.0, 22, 6, buf.append(s).append(buf.append(s)), 12.0
11, 21008, -1.0, 1.0, -2.0, 4.5, 26, 6, buf.append(s).append(s.replace(buf, s)), 15.5
11, 21009, -1.0, 1.0, -2.0, 5.0, 26, 7, buf.append(s).append(s.replace(buf, s)), 18.0
11, 21010, -1.0, 1.0, -1.5, 0.0, 5, 2, append(), 0.0
11, 21011, -1.0, 1.0, -1.5, 0.5, 0, 0, buf.append(s), 1.0
11, 21012, -1.0, 1.0, -1.5, 1.0, 0, 0, buf.append(s), 2.0
11, 21013, -1.0, 1.0, -1.5, 1.5, 7, 7, buf.append(s).put(s), 1.0
11, 21014, -1.0, 1.0, -1.5, 2.0, 7, 5, buf.append(s).put(s), 2.5
11, 21015, -1.0, 1.0, -1.5, 2.5, 9, 6, buf.append().append(s), 4.0
11, 21016, -1.0, 1.0, -1.5, 3.0, 22, 4, buf.append(s).append(buf.append(s)), 8.0
11, 21017, -1.0, 1.0, -1.5, 3.5, 22, 6, buf.append(s).append(buf.append(s)), 10.0
11, 21018, -1.0, 1.0, -1.5, 4.0, 26, 7, buf.append(s).append(s.replace(buf, s)), 13.5
11, 21019, -1.0, 1.0, -1.5, 4.5, 53, 1, s.replace(buf, s).replace(s.replace(buf, s), s.replace(buf, s)), 23.5
11, 21020, -1.0, 1.0, -1.5, 5.0, 53, 4, s.replace(buf, s).replace(s.replace(buf, s), s.replace(buf, s)), 28.0
11, 21021, -1.0, 1.0, -1.0, 0.0, 5, 2, append(), 0.0
11, 21022, -1.0, 1.0, -1.0, 0.5, 0, 0, buf.append(s), 1.0
11, 21023, -1.0, 1.0, -1.0, 1.0, 0, 0, buf.append(s), 2.0
11, 21024, -1.0, 1.0, -1.0, 1.5, 7, 5, buf.append(s).put(s), 1.5
11, 21025, -1.0, 1.0, -1.0, 2.0, 7, 4, buf.append(s).put(s), 3.0
11, 21026, -1.0, 1.0, -1.0, 2.5, 22, 4, buf.append(s).append(buf.append(s)), 6.0
11, 21027, -1.0, 1.0, -1.0, 3.0, 26, 3, buf.append(s).append(s.replace(buf, s)), 9.0
11, 21028, -1.0, 1.0, -1.0, 3.5, 53, 1, s.replace(buf, s).replace(s.replace(buf, s), s.replace(buf, s)), 16.5
11, 21029, -1.0, 1.0, -1.0, 4.0, 53, 4, s.replace(buf, s).replace(s.replace(buf, s), s.replace(buf, s)), 21.0
11, 21030, -1.0, 1.0, -1.0, 4.5, 53, 8, s.replace(buf, s).replace(s.replace(buf, s), s.replace(buf, s)), 25.5
11, 21031, -1.0, 1.0, -1.0, 5.0, 76, 8, s.replace(buf, s).replace(buf.append(s, thisManyTimes, thisManyTimes), s.replace(buf, s)), 30.0
11, 21032, -1.0, 1.0, -0.5, 0.0, 5, 2, append(), 0.0
11, 21033, -1.0, 1.0, -0.5, 0.5, 0, 0, buf.append(s), 1.0
11, 21034, -1.0, 1.0, -0.5, 1.0, 0, 0, buf.append(s), 2.0
11, 21035, -1.0, 1.0, -0.5, 1.5, 6, 9, buf.append(s).get(), 1.5
11, 21036, -1.0, 1.0, -0.5, 2.0, 12, 7, buf.append(s).append(buf), 4.0
11, 21037, -1.0, 1.0, -0.5, 2.5, 46, 1, s.replace(buf, s).replace(buf.append(s), s.replace(buf, s)), 9.5
11, 21038, -1.0, 1.0, -0.5, 3.0, 76, 8, s.replace(buf, s).replace(buf.append(s, thisManyTimes, thisManyTimes), s.replace(buf, s)), 14.5
11, 21039, -1.0, 1.0, -0.5, 3.5, 97, 7, new StackTraceElement(s.replace(buf, s), s.replace(buf, s), s.replace(buf, s), buf.indexOf(s, thisManyTimes)), 21.0
11, 21040, -1.0, 1.0, -0.5, 4.0, 97, 8, new StackTraceElement(s.replace(buf, s), s.replace(buf, s), s.replace(buf, s), buf.indexOf(s, thisManyTimes)), 27.0
11, 21041, -1.0, 1.0, -0.5, 4.5, 97, 8, new StackTraceElement(s.replace(buf, s), s.replace(buf, s), s.replace(buf, s), buf.indexOf(s, thisManyTimes)), 33.0
11, 21042, -1.0, 1.0, -0.5, 5.0, 131, 5, s.replace(buf, s).regionMatches(buf.indexOf(s, thisManyTimes), s.replace(buf, s), buf.indexOf(s, thisManyTimes), buf.indexOf(s, thisManyTimes)), 46.5
11, 21043, -1.0, 1.0, 0.0, 0.0, 12, 2, Float.SIZE, 0.0
11, 21044, -1.0, 1.0, 0.0, 0.5, 0, 0, buf.append(s), 1.0
11, 21045, -1.0, 1.0, 0.0, 1.0, 0, 0, buf.append(s), 2.0
11, 21046, -1.0, 1.0, 0.0, 1.5, 128, 9, new Task11().repeatString(s).replace(buf.append(s, thisManyTimes, thisManyTimes), buf.insert(thisManyTimes, s, thisManyTimes, thisManyTimes)), 6.0
11, 21047, -1.0, 1.0, 0.0, 2.0, 264, 7, buf.insert(thisManyTimes, s, thisManyTimes, thisManyTimes).replace(Character.offsetByCodePoints(thisManyTimes, thisManyTimes, thisManyTimes, thisManyTimes), Character.offsetByCodePoints(thisManyTimes, thisManyTimes, thisManyTimes, thisManyTimes), new Task11().repeatString(s)), 14.0
11, 21048, -1.0, 1.0, 0.0, 2.5, 264, 7, buf.insert(thisManyTimes, s, thisManyTimes, thisManyTimes).replace(Character.offsetByCodePoints(thisManyTimes, thisManyTimes, thisManyTimes, thisManyTimes), Character.offsetByCodePoints(thisManyTimes, thisManyTimes, thisManyTimes, thisManyTimes), new Task11().repeatString(s)), 22.0
11, 21049, -1.0, 1.0, 0.0, 3.0, 264, 7, buf.insert(thisManyTimes, s, thisManyTimes, thisManyTimes).replace(Character.offsetByCodePoints(thisManyTimes, thisManyTimes, thisManyTimes, thisManyTimes), Character.offsetByCodePoints(thisManyTimes, thisManyTimes, thisManyTimes, thisManyTimes), new Task11().repeatString(s)), 30.0
11, 21050, -1.0, 1.0, 0.0, 3.5, 289, 6, thisManyTimes.insert(s, thisManyTimes, thisManyTimes).append(buf.insert(thisManyTimes, s, thisManyTimes, thisManyTimes), Character.offsetByCodePoints(thisManyTimes, thisManyTimes, thisManyTimes, thisManyTimes), Character.offsetByCodePoints(thisManyTimes, thisManyTimes, thisManyTimes, thisManyTimes)), 40.5
11, 21051, -1.0, 1.0, 0.0, 4.0, 289, 7, thisManyTimes.insert(s, thisManyTimes, thisManyTimes).append(buf.insert(thisManyTimes, s, thisManyTimes, thisManyTimes), Character.offsetByCodePoints(thisManyTimes, thisManyTimes, thisManyTimes, thisManyTimes), Character.offsetByCodePoints(thisManyTimes, thisManyTimes, thisManyTimes, thisManyTimes)), 49.0
11, 21052, -1.0, 1.0, 0.0, 4.5, 289, 7, thisManyTimes.insert(s, thisManyTimes, thisManyTimes).append(buf.insert(thisManyTimes, s, thisManyTimes, thisManyTimes), Character.offsetByCodePoints(thisManyTimes, thisManyTimes, thisManyTimes, thisManyTimes), Character.offsetByCodePoints(thisManyTimes, thisManyTimes, thisManyTimes, thisManyTimes)), 57.5
11, 21053, -1.0, 1.0, 0.0, 5.0, 289, 7, thisManyTimes.insert(s, thisManyTimes, thisManyTimes).append(buf.insert(thisManyTimes, s, thisManyTimes, thisManyTimes), Character.offsetByCodePoints(thisManyTimes, thisManyTimes, thisManyTimes, thisManyTimes), Character.offsetByCodePoints(thisManyTimes, thisManyTimes, thisManyTimes, thisManyTimes)), 66.0
11, 21054, -0.5, 1.0, -5.0, 0.0, 0, 0, buf.append(s), 1.5
11, 21055, -0.5, 1.0, -5.0, 0.5, 6, 9, buf.append(s).get(), -3.0
11, 21056, -0.5, 1.0, -5.0, 1.0, 7, 9, buf.append(s).put(s), -1.5
11, 21057, -0.5, 1.0, -5.0, 1.5, 9, 3, buf.append().append(s), 4.0
11, 21058, -0.5, 1.0, -5.0, 2.0, 9, 3, buf.append().append(s), 5.0
11, 21059, -0.5, 1.0, -5.0, 2.5, 9, 3, buf.append().append(s), 6.0
11, 21060, -0.5, 1.0, -5.0, 3.0, 9, 3, buf.append().append(s), 7.0
11, 21061, -0.5, 1.0, -5.0, 3.5, 9, 7, buf.append().append(s), 8.0
11, 21062, -0.5, 1.0, -5.0, 4.0, 9, 7, buf.append().append(s), 9.0
11, 21063, -0.5, 1.0, -5.0, 4.5, 9, 9, buf.append().append(s), 10.0
11, 21064, -0.5, 1.0, -5.0, 5.0, 10, 2, buf.append(s).append(s), 15.5
11, 21065, -0.5, 1.0, -4.5, 0.0, 0, 0, buf.append(s), 1.5
11, 21066, -0.5, 1.0, -4.5, 0.5, 6, 9, buf.append(s).get(), -2.5
11, 21067, -0.5, 1.0, -4.5, 1.0, 7, 9, buf.append(s).put(s), -1.0
11, 21068, -0.5, 1.0, -4.5, 1.5, 9, 3, buf.append().append(s), 4.0
11, 21069, -0.5, 1.0, -4.5, 2.0, 9, 3, buf.append().append(s), 5.0
11, 21070, -0.5, 1.0, -4.5, 2.5, 9, 3, buf.append().append(s), 6.0
11, 21071, -0.5, 1.0, -4.5, 3.0, 9, 4, buf.append().append(s), 7.0
11, 21072, -0.5, 1.0, -4.5, 3.5, 9, 7, buf.append().append(s), 8.0
11, 21073, -0.5, 1.0, -4.5, 4.0, 9, 8, buf.append().append(s), 9.0
11, 21074, -0.5, 1.0, -4.5, 4.5, 9, 9, buf.append().append(s), 10.0
11, 21075, -0.5, 1.0, -4.5, 5.0, 22, 2, buf.append(s).append(buf.append(s)), 19.5
11, 21076, -0.5, 1.0, -4.0, 0.0, 0, 0, buf.append(s), 1.5
11, 21077, -0.5, 1.0, -4.0, 0.5, 6, 9, buf.append(s).get(), -2.0
11, 21078, -0.5, 1.0, -4.0, 1.0, 7, 9, buf.append(s).put(s), -0.5
11, 21079, -0.5, 1.0, -4.0, 1.5, 9, 3, buf.append().append(s), 4.0
11, 21080, -0.5, 1.0, -4.0, 2.0, 9, 3, buf.append().append(s), 5.0
11, 21081, -0.5, 1.0, -4.0, 2.5, 9, 3, buf.append().append(s), 6.0
11, 21082, -0.5, 1.0, -4.0, 3.0, 9, 7, buf.append().append(s), 7.0
11, 21083, -0.5, 1.0, -4.0, 3.5, 9, 8, buf.append().append(s), 8.0
11, 21084, -0.5, 1.0, -4.0, 4.0, 9, 9, buf.append().append(s), 9.0
11, 21085, -0.5, 1.0, -4.0, 4.5, 22, 2, buf.append(s).append(buf.append(s)), 17.5
11, 21086, -0.5, 1.0, -4.0, 5.0, 22, 5, buf.append(s).append(buf.append(s)), 19.5
11, 21087, -0.5, 1.0, -3.5, 0.0, 0, 0, buf.append(s), 1.5
11, 21088, -0.5, 1.0, -3.5, 0.5, 6, 9, buf.append(s).get(), -1.5
11, 21089, -0.5, 1.0, -3.5, 1.0, 7, 9, buf.append(s).put(s), 0.0
11, 21090, -0.5, 1.0, -3.5, 1.5, 9, 3, buf.append().append(s), 4.0
11, 21091, -0.5, 1.0, -3.5, 2.0, 9, 3, buf.append().append(s), 5.0
11, 21092, -0.5, 1.0, -3.5, 2.5, 9, 4, buf.append().append(s), 6.0
11, 21093, -0.5, 1.0, -3.5, 3.0, 9, 7, buf.append().append(s), 7.0
11, 21094, -0.5, 1.0, -3.5, 3.5, 9, 9, buf.append().append(s), 8.0
11, 21095, -0.5, 1.0, -3.5, 4.0, 22, 2, buf.append(s).append(buf.append(s)), 15.5
11, 21096, -0.5, 1.0, -3.5, 4.5, 22, 5, buf.append(s).append(buf.append(s)), 17.5
11, 21097, -0.5, 1.0, -3.5, 5.0, 22, 6, buf.append(s).append(buf.append(s)), 19.5
11, 21098, -0.5, 1.0, -3.0, 0.0, 0, 0, buf.append(s), 1.5
11, 21099, -0.5, 1.0, -3.0, 0.5, 6, 9, buf.append(s).get(), -1.0
11, 21100, -0.5, 1.0, -3.0, 1.0, 7, 8, buf.append(s).put(s), 0.5
11, 21101, -0.5, 1.0, -3.0, 1.5, 9, 3, buf.append().append(s), 4.0
11, 21102, -0.5, 1.0, -3.0, 2.0, 9, 3, buf.append().append(s), 5.0
11, 21103, -0.5, 1.0, -3.0, 2.5, 9, 7, buf.append().append(s), 6.0
11, 21104, -0.5, 1.0, -3.0, 3.0, 9, 8, buf.append().append(s), 7.0
11, 21105, -0.5, 1.0, -3.0, 3.5, 22, 2, buf.append(s).append(buf.append(s)), 13.5
11, 21106, -0.5, 1.0, -3.0, 4.0, 22, 5, buf.append(s).append(buf.append(s)), 15.5
11, 21107, -0.5, 1.0, -3.0, 4.5, 22, 6, buf.append(s).append(buf.append(s)), 17.5
11, 21108, -0.5, 1.0, -3.0, 5.0, 22, 8, buf.append(s).append(buf.append(s)), 19.5
11, 21109, -0.5, 1.0, -2.5, 0.0, 0, 0, buf.append(s), 1.5
11, 21110, -0.5, 1.0, -2.5, 0.5, 6, 9, buf.append(s).get(), -0.5
11, 21111, -0.5, 1.0, -2.5, 1.0, 7, 8, buf.append(s).put(s), 1.0
11, 21112, -0.5, 1.0, -2.5, 1.5, 9, 3, buf.append().append(s), 4.0
11, 21113, -0.5, 1.0, -2.5, 2.0, 9, 4, buf.append().append(s), 5.0
11, 21114, -0.5, 1.0, -2.5, 2.5, 9, 8, buf.append().append(s), 6.0
11, 21115, -0.5, 1.0, -2.5, 3.0, 22, 2, buf.append(s).append(buf.append(s)), 11.5
11, 21116, -0.5, 1.0, -2.5, 3.5, 22, 5, buf.append(s).append(buf.append(s)), 13.5
11, 21117, -0.5, 1.0, -2.5, 4.0, 22, 7, buf.append(s).append(buf.append(s)), 15.5
11, 21118, -0.5, 1.0, -2.5, 4.5, 22, 9, buf.append(s).append(buf.append(s)), 17.5
11, 21119, -0.5, 1.0, -2.5, 5.0, 53, 0, s.replace(buf, s).replace(s.replace(buf, s), s.replace(buf, s)), 30.5
11, 21120, -0.5, 1.0, -2.0, 0.0, 0, 0, buf.append(s), 1.5
11, 21121, -0.5, 1.0, -2.0, 0.5, 6, 9, buf.append(s).get(), 0.0
11, 21122, -0.5, 1.0, -2.0, 1.0, 7, 7, buf.append(s).put(s), 1.5
11, 21123, -0.5, 1.0, -2.0, 1.5, 9, 3, buf.append().append(s), 4.0
11, 21124, -0.5, 1.0, -2.0, 2.0, 9, 7, buf.append().append(s), 5.0
11, 21125, -0.5, 1.0, -2.0, 2.5, 22, 2, buf.append(s).append(buf.append(s)), 9.5
11, 21126, -0.5, 1.0, -2.0, 3.0, 22, 5, buf.append(s).append(buf.append(s)), 11.5
11, 21127, -0.5, 1.0, -2.0, 3.5, 22, 7, buf.append(s).append(buf.append(s)), 13.5
11, 21128, -0.5, 1.0, -2.0, 4.0, 26, 7, buf.append(s).append(s.replace(buf, s)), 17.0
11, 21129, -0.5, 1.0, -2.0, 4.5, 53, 1, s.replace(buf, s).replace(s.replace(buf, s), s.replace(buf, s)), 28.0
11, 21130, -0.5, 1.0, -2.0, 5.0, 53, 4, s.replace(buf, s).replace(s.replace(buf, s), s.replace(buf, s)), 32.5
11, 21131, -0.5, 1.0, -1.5, 0.0, 0, 0, buf.append(s), 1.5
11, 21132, -0.5, 1.0, -1.5, 0.5, 9, 0, buf.append().append(s), 2.0
11, 21133, -0.5, 1.0, -1.5, 1.0, 7, 5, buf.append(s).put(s), 2.0
11, 21134, -0.5, 1.0, -1.5, 1.5, 9, 4, buf.append().append(s), 4.0
11, 21135, -0.5, 1.0, -1.5, 2.0, 19, 9, buf.append(s).put(buf.append(s)), 6.0
11, 21136, -0.5, 1.0, -1.5, 2.5, 22, 5, buf.append(s).append(buf.append(s)), 9.5
11, 21137, -0.5, 1.0, -1.5, 3.0, 22, 9, buf.append(s).append(buf.append(s)), 11.5
11, 21138, -0.5, 1.0, -1.5, 3.5, 53, 1, s.replace(buf, s).replace(s.replace(buf, s), s.replace(buf, s)), 21.0
11, 21139, -0.5, 1.0, -1.5, 4.0, 53, 4, s.replace(buf, s).replace(s.replace(buf, s), s.replace(buf, s)), 25.5
11, 21140, -0.5, 1.0, -1.5, 4.5, 53, 4, s.replace(buf, s).replace(s.replace(buf, s), s.replace(buf, s)), 30.0
11, 21141, -0.5, 1.0, -1.5, 5.0, 53, 5, s.replace(buf, s).replace(s.replace(buf, s), s.replace(buf, s)), 34.5
11, 21142, -0.5, 1.0, -1.0, 0.0, 0, 0, buf.append(s), 1.5
11, 21143, -0.5, 1.0, -1.0, 0.5, 9, 0, buf.append().append(s), 2.0
11, 21144, -0.5, 1.0, -1.0, 1.0, 7, 5, buf.append(s).put(s), 2.5
11, 21145, -0.5, 1.0, -1.0, 1.5, 19, 8, buf.append(s).put(buf.append(s)), 4.5
11, 21146, -0.5, 1.0, -1.0, 2.0, 22, 5, buf.append(s).append(buf.append(s)), 7.5
11, 21147, -0.5, 1.0, -1.0, 2.5, 46, 1, s.replace(buf, s).replace(buf.append(s), s.replace(buf, s)), 14.0
11, 21148, -0.5, 1.0, -1.0, 3.0, 53, 4, s.replace(buf, s).replace(s.replace(buf, s), s.replace(buf, s)), 18.5
11, 21149, -0.5, 1.0, -1.0, 3.5, 53, 5, s.replace(buf, s).replace(s.replace(buf, s), s.replace(buf, s)), 23.0
11, 21150, -0.5, 1.0, -1.0, 4.0, 53, 8, s.replace(buf, s).replace(s.replace(buf, s), s.replace(buf, s)), 27.5
11, 21151, -0.5, 1.0, -1.0, 4.5, 76, 8, s.replace(buf, s).replace(buf.append(s, thisManyTimes, thisManyTimes), s.replace(buf, s)), 32.0
11, 21152, -0.5, 1.0, -1.0, 5.0, 97, 6, new StackTraceElement(s.replace(buf, s), s.replace(buf, s), s.replace(buf, s), buf.indexOf(s, thisManyTimes)), 41.5
11, 21153, -0.5, 1.0, -0.5, 0.0, 0, 0, buf.append(s), 1.5
11, 21154, -0.5, 1.0, -0.5, 0.5, 6, 5, buf.append(s).get(), 1.5
11, 21155, -0.5, 1.0, -0.5, 1.0, 7, 5, buf.append(s).put(s), 3.0
11, 21156, -0.5, 1.0, -0.5, 1.5, 26, 8, buf.append(s).append(s.replace(buf, s)), 6.0
11, 21157, -0.5, 1.0, -0.5, 2.0, 46, 4, s.replace(buf, s).replace(buf.append(s), s.replace(buf, s)), 11.5
11, 21158, -0.5, 1.0, -0.5, 2.5, 76, 8, s.replace(buf, s).replace(buf.append(s, thisManyTimes, thisManyTimes), s.replace(buf, s)), 16.5
11, 21159, -0.5, 1.0, -0.5, 3.0, 97, 7, new StackTraceElement(s.replace(buf, s), s.replace(buf, s), s.replace(buf, s), buf.indexOf(s, thisManyTimes)), 23.5
11, 21160, -0.5, 1.0, -0.5, 3.5, 97, 8, new StackTraceElement(s.replace(buf, s), s.replace(buf, s), s.replace(buf, s), buf.indexOf(s, thisManyTimes)), 29.5
11, 21161, -0.5, 1.0, -0.5, 4.0, 97, 8, new StackTraceElement(s.replace(buf, s), s.replace(buf, s), s.replace(buf, s), buf.indexOf(s, thisManyTimes)), 35.5
11, 21162, -0.5, 1.0, -0.5, 4.5, 131, 4, s.replace(buf, s).regionMatches(buf.indexOf(s, thisManyTimes), s.replace(buf, s), buf.indexOf(s, thisManyTimes), buf.indexOf(s, thisManyTimes)), 49.5
11, 21163, -0.5, 1.0, -0.5, 5.0, 131, 5, s.replace(buf, s).regionMatches(buf.indexOf(s, thisManyTimes), s.replace(buf, s), buf.indexOf(s, thisManyTimes), buf.indexOf(s, thisManyTimes)), 57.0
11, 21164, -0.5, 1.0, 0.0, 0.0, 0, 0, buf.append(s), 1.5
11, 21165, -0.5, 1.0, 0.0, 0.5, 9, 6, buf.append(s).equals(), 2.0
11, 21166, -0.5, 1.0, 0.0, 1.0, 138, 5, buf.append(s, thisManyTimes, thisManyTimes).replace(buf.lastIndexOf(s, thisManyTimes), buf.lastIndexOf(s, thisManyTimes), new Task11().repeatString(s)), 7.5
11, 21167, -0.5, 1.0, 0.0, 1.5, 264, 7, buf.insert(thisManyTimes, s, thisManyTimes, thisManyTimes).replace(Character.offsetByCodePoints(thisManyTimes, thisManyTimes, thisManyTimes, thisManyTimes), Character.offsetByCodePoints(thisManyTimes, thisManyTimes, thisManyTimes, thisManyTimes), new Task11().repeatString(s)), 16.0
11, 21168, -0.5, 1.0, 0.0, 2.0, 264, 8, buf.insert(thisManyTimes, s, thisManyTimes, thisManyTimes).replace(Character.offsetByCodePoints(thisManyTimes, thisManyTimes, thisManyTimes, thisManyTimes), Character.offsetByCodePoints(thisManyTimes, thisManyTimes, thisManyTimes, thisManyTimes), new Task11().repeatString(s)), 24.0
11, 21169, -0.5, 1.0, 0.0, 2.5, 264, 8, buf.insert(thisManyTimes, s, thisManyTimes, thisManyTimes).replace(Character.offsetByCodePoints(thisManyTimes, thisManyTimes, thisManyTimes, thisManyTimes), Character.offsetByCodePoints(thisManyTimes, thisManyTimes, thisManyTimes, thisManyTimes), new Task11().repeatString(s)), 32.0
11, 21170, -0.5, 1.0, 0.0, 3.0, 289, 7, thisManyTimes.insert(s, thisManyTimes, thisManyTimes).append(buf.insert(thisManyTimes, s, thisManyTimes, thisManyTimes), Character.offsetByCodePoints(thisManyTimes, thisManyTimes, thisManyTimes, thisManyTimes), Character.offsetByCodePoints(thisManyTimes, thisManyTimes, thisManyTimes, thisManyTimes)), 43.0
11, 21171, -0.5, 1.0, 0.0, 3.5, 289, 7, thisManyTimes.insert(s, thisManyTimes, thisManyTimes).append(buf.insert(thisManyTimes, s, thisManyTimes, thisManyTimes), Character.offsetByCodePoints(thisManyTimes, thisManyTimes, thisManyTimes, thisManyTimes), Character.offsetByCodePoints(thisManyTimes, thisManyTimes, thisManyTimes, thisManyTimes)), 51.5
11, 21172, -0.5, 1.0, 0.0, 4.0, 289, 7, thisManyTimes.insert(s, thisManyTimes, thisManyTimes).append(buf.insert(thisManyTimes, s, thisManyTimes, thisManyTimes), Character.offsetByCodePoints(thisManyTimes, thisManyTimes, thisManyTimes, thisManyTimes), Character.offsetByCodePoints(thisManyTimes, thisManyTimes, thisManyTimes, thisManyTimes)), 60.0
11, 21173, -0.5, 1.0, 0.0, 4.5, 289, 7, thisManyTimes.insert(s, thisManyTimes, thisManyTimes).append(buf.insert(thisManyTimes, s, thisManyTimes, thisManyTimes), Character.offsetByCodePoints(thisManyTimes, thisManyTimes, thisManyTimes, thisManyTimes), Character.offsetByCodePoints(thisManyTimes, thisManyTimes, thisManyTimes, thisManyTimes)), 68.5
11, 21174, -0.5, 1.0, 0.0, 5.0, 289, 7, thisManyTimes.insert(s, thisManyTimes, thisManyTimes).append(buf.insert(thisManyTimes, s, thisManyTimes, thisManyTimes), Character.offsetByCodePoints(thisManyTimes, thisManyTimes, thisManyTimes, thisManyTimes), Character.offsetByCodePoints(thisManyTimes, thisManyTimes, thisManyTimes, thisManyTimes)), 77.0
11, 21175, 0.0, 1.0, -5.0, 0.0, 9, 1, buf.append(s).append(), 3.0
11, 21176, 0.0, 1.0, -5.0, 0.5, 9, 4, buf.append(s).append(), 4.0
11, 21177, 0.0, 1.0, -5.0, 1.0, 9, 4, buf.append(s).append(), 5.0
11, 21178, 0.0, 1.0, -5.0, 1.5, 9, 4, buf.append(s).append(), 6.0
11, 21179, 0.0, 1.0, -5.0, 2.0, 9, 4, buf.append(s).append(), 7.0
11, 21180, 0.0, 1.0, -5.0, 2.5, 9, 6, buf.append(s).append(), 8.0
11, 21181, 0.0, 1.0, -5.0, 3.0, 9, 8, buf.append(s).append(), 9.0
11, 21182, 0.0, 1.0, -5.0, 3.5, 10, 2, buf.append(s).append(s), 13.5
11, 21183, 0.0, 1.0, -5.0, 4.0, 10, 2, buf.append(s).append(s), 15.0
11, 21184, 0.0, 1.0, -5.0, 4.5, 22, 1, buf.append(s).append(buf.append(s)), 21.0
11, 21185, 0.0, 1.0, -5.0, 5.0, 22, 3, buf.append(s).append(buf.append(s)), 23.0
11, 21186, 0.0, 1.0, -4.5, 0.0, 9, 1, buf.append(s).append(), 3.0
11, 21187, 0.0, 1.0, -4.5, 0.5, 9, 4, buf.append(s).append(), 4.0
11, 21188, 0.0, 1.0, -4.5, 1.0, 9, 4, buf.append(s).append(), 5.0
11, 21189, 0.0, 1.0, -4.5, 1.5, 9, 4, buf.append(s).append(), 6.0
11, 21190, 0.0, 1.0, -4.5, 2.0, 9, 4, buf.append(s).append(), 7.0
11, 21191, 0.0, 1.0, -4.5, 2.5, 9, 8, buf.append(s).append(), 8.0
11, 21192, 0.0, 1.0, -4.5, 3.0, 10, 1, buf.append(s).append(s), 12.0
11, 21193, 0.0, 1.0, -4.5, 3.5, 10, 2, buf.append(s).append(s), 13.5
11, 21194, 0.0, 1.0, -4.5, 4.0, 22, 1, buf.append(s).append(buf.append(s)), 19.0
11, 21195, 0.0, 1.0, -4.5, 4.5, 22, 3, buf.append(s).append(buf.append(s)), 21.0
11, 21196, 0.0, 1.0, -4.5, 5.0, 22, 5, buf.append(s).append(buf.append(s)), 23.0
11, 21197, 0.0, 1.0, -4.0, 0.0, 9, 1, buf.append(s).append(), 3.0
11, 21198, 0.0, 1.0, -4.0, 0.5, 9, 4, buf.append(s).append(), 4.0
11, 21199, 0.0, 1.0, -4.0, 1.0, 9, 4, buf.append(s).append(), 5.0
11, 21200, 0.0, 1.0, -4.0, 1.5, 9, 4, buf.append(s).append(), 6.0
11, 21201, 0.0, 1.0, -4.0, 2.0, 9, 6, buf.append(s).append(), 7.0
11, 21202, 0.0, 1.0, -4.0, 2.5, 9, 8, buf.append(s).append(), 8.0
11, 21203, 0.0, 1.0, -4.0, 3.0, 10, 2, buf.append(s).append(s), 12.0
11, 21204, 0.0, 1.0, -4.0, 3.5, 22, 1, buf.append(s).append(buf.append(s)), 17.0
11, 21205, 0.0, 1.0, -4.0, 4.0, 22, 3, buf.append(s).append(buf.append(s)), 19.0
11, 21206, 0.0, 1.0, -4.0, 4.5, 22, 5, buf.append(s).append(buf.append(s)), 21.0
11, 21207, 0.0, 1.0, -4.0, 5.0, 22, 7, buf.append(s).append(buf.append(s)), 23.0
11, 21208, 0.0, 1.0, -3.5, 0.0, 9, 1, buf.append(s).append(), 3.0
11, 21209, 0.0, 1.0, -3.5, 0.5, 9, 4, buf.append(s).append(), 4.0
11, 21210, 0.0, 1.0, -3.5, 1.0, 9, 4, buf.append(s).append(), 5.0
11, 21211, 0.0, 1.0, -3.5, 1.5, 9, 4, buf.append(s).append(), 6.0
11, 21212, 0.0, 1.0, -3.5, 2.0, 9, 8, buf.append(s).append(), 7.0
11, 21213, 0.0, 1.0, -3.5, 2.5, 10, 2, buf.append(s).append(s), 10.5
11, 21214, 0.0, 1.0, -3.5, 3.0, 19, 9, buf.append(s).put(buf.append(s)), 11.5
11, 21215, 0.0, 1.0, -3.5, 3.5, 22, 3, buf.append(s).append(buf.append(s)), 17.0
11, 21216, 0.0, 1.0, -3.5, 4.0, 22, 5, buf.append(s).append(buf.append(s)), 19.0
11, 21217, 0.0, 1.0, -3.5, 4.5, 22, 7, buf.append(s).append(buf.append(s)), 21.0
11, 21218, 0.0, 1.0, -3.5, 5.0, 22, 8, buf.append(s).append(buf.append(s)), 23.0
11, 21219, 0.0, 1.0, -3.0, 0.0, 9, 1, buf.append(s).append(), 3.0
11, 21220, 0.0, 1.0, -3.0, 0.5, 9, 4, buf.append(s).append(), 4.0
11, 21221, 0.0, 1.0, -3.0, 1.0, 9, 4, buf.append(s).append(), 5.0
11, 21222, 0.0, 1.0, -3.0, 1.5, 9, 6, buf.append(s).append(), 6.0
11, 21223, 0.0, 1.0, -3.0, 2.0, 10, 1, buf.append(s).append(s), 9.0
11, 21224, 0.0, 1.0, -3.0, 2.5, 19, 8, buf.append(s).put(buf.append(s)), 10.0
11, 21225, 0.0, 1.0, -3.0, 3.0, 22, 3, buf.append(s).append(buf.append(s)), 15.0
11, 21226, 0.0, 1.0, -3.0, 3.5, 22, 5, buf.append(s).append(buf.append(s)), 17.0
11, 21227, 0.0, 1.0, -3.0, 4.0, 22, 7, buf.append(s).append(buf.append(s)), 19.0
11, 21228, 0.0, 1.0, -3.0, 4.5, 26, 7, buf.append(s).append(s.replace(buf, s)), 22.5
11, 21229, 0.0, 1.0, -3.0, 5.0, 53, 0, s.replace(buf, s).replace(s.replace(buf, s), s.replace(buf, s)), 35.0
11, 21230, 0.0, 1.0, -2.5, 0.0, 9, 1, buf.append(s).append(), 3.0
11, 21231, 0.0, 1.0, -2.5, 0.5, 9, 4, buf.append(s).append(), 4.0
11, 21232, 0.0, 1.0, -2.5, 1.0, 9, 4, buf.append(s).append(), 5.0
11, 21233, 0.0, 1.0, -2.5, 1.5, 9, 8, buf.append(s).append(), 6.0
11, 21234, 0.0, 1.0, -2.5, 2.0, 19, 8, buf.append(s).put(buf.append(s)), 8.5
11, 21235, 0.0, 1.0, -2.5, 2.5, 22, 3, buf.append(s).append(buf.append(s)), 13.0
11, 21236, 0.0, 1.0, -2.5, 3.0, 22, 6, buf.append(s).append(buf.append(s)), 15.0
11, 21237, 0.0, 1.0, -2.5, 3.5, 22, 8, buf.append(s).append(buf.append(s)), 17.0
11, 21238, 0.0, 1.0, -2.5, 4.0, 26, 8, buf.append(s).append(s.replace(buf, s)), 20.5
11, 21239, 0.0, 1.0, -2.5, 4.5, 53, 1, s.replace(buf, s).replace(s.replace(buf, s), s.replace(buf, s)), 32.5
11, 21240, 0.0, 1.0, -2.5, 5.0, 53, 3, s.replace(buf, s).replace(s.replace(buf, s), s.replace(buf, s)), 37.0
11, 21241, 0.0, 1.0, -2.0, 0.0, 9, 1, buf.append(s).append(), 3.0
11, 21242, 0.0, 1.0, -2.0, 0.5, 9, 4, buf.append(s).append(), 4.0
11, 21243, 0.0, 1.0, -2.0, 1.0, 9, 6, buf.append(s).append(), 5.0
11, 21244, 0.0, 1.0, -2.0, 1.5, 19, 8, buf.append(s).put(buf.append(s)), 7.0
11, 21245, 0.0, 1.0, -2.0, 2.0, 22, 3, buf.append(s).append(buf.append(s)), 11.0
11, 21246, 0.0, 1.0, -2.0, 2.5, 22, 7, buf.append(s).append(buf.append(s)), 13.0
11, 21247, 0.0, 1.0, -2.0, 3.0, 22, 9, buf.append(s).append(buf.append(s)), 15.0
11, 21248, 0.0, 1.0, -2.0, 3.5, 53, 1, s.replace(buf, s).replace(s.replace(buf, s), s.replace(buf, s)), 25.5
11, 21249, 0.0, 1.0, -2.0, 4.0, 53, 3, s.replace(buf, s).replace(s.replace(buf, s), s.replace(buf, s)), 30.0
11, 21250, 0.0, 1.0, -2.0, 4.5, 53, 4, s.replace(buf, s).replace(s.replace(buf, s), s.replace(buf, s)), 34.5
11, 21251, 0.0, 1.0, -2.0, 5.0, 53, 4, s.replace(buf, s).replace(s.replace(buf, s), s.replace(buf, s)), 39.0
11, 21252, 0.0, 1.0, -1.5, 0.0, 9, 1, buf.append(s).append(), 3.0
11, 21253, 0.0, 1.0, -1.5, 0.5, 9, 4, buf.append(s).append(), 4.0
11, 21254, 0.0, 1.0, -1.5, 1.0, 19, 8, buf.append(s).put(buf.append(s)), 5.5
11, 21255, 0.0, 1.0, -1.5, 1.5, 22, 3, buf.append(s).append(buf.append(s)), 9.0
11, 21256, 0.0, 1.0, -1.5, 2.0, 22, 7, buf.append(s).append(buf.append(s)), 11.0
11, 21257, 0.0, 1.0, -1.5, 2.5, 46, 1, s.replace(buf, s).replace(buf.append(s), s.replace(buf, s)), 18.5
11, 21258, 0.0, 1.0, -1.5, 3.0, 53, 3, s.replace(buf, s).replace(s.replace(buf, s), s.replace(buf, s)), 23.0
11, 21259, 0.0, 1.0, -1.5, 3.5, 53, 4, s.replace(buf, s).replace(s.replace(buf, s), s.replace(buf, s)), 27.5
11, 21260, 0.0, 1.0, -1.5, 4.0, 53, 5, s.replace(buf, s).replace(s.replace(buf, s), s.replace(buf, s)), 32.0
11, 21261, 0.0, 1.0, -1.5, 4.5, 53, 5, s.replace(buf, s).replace(s.replace(buf, s), s.replace(buf, s)), 36.5
11, 21262, 0.0, 1.0, -1.5, 5.0, 53, 8, s.replace(buf, s).replace(s.replace(buf, s), s.replace(buf, s)), 41.0
11, 21263, 0.0, 1.0, -1.0, 0.0, 6, 7, buf.append(s).get(), 2.0
11, 21264, 0.0, 1.0, -1.0, 0.5, 9, 8, buf.append(s).append(), 4.0
11, 21265, 0.0, 1.0, -1.0, 1.0, 22, 3, buf.append(s).append(buf.append(s)), 7.0
11, 21266, 0.0, 1.0, -1.0, 1.5, 46, 1, s.replace(buf, s).replace(buf.append(s), s.replace(buf, s)), 12.0
11, 21267, 0.0, 1.0, -1.0, 2.0, 46, 2, s.replace(buf, s).replace(buf.append(s), s.replace(buf, s)), 16.0
11, 21268, 0.0, 1.0, -1.0, 2.5, 53, 4, s.replace(buf, s).replace(s.replace(buf, s), s.replace(buf, s)), 20.5
11, 21269, 0.0, 1.0, -1.0, 3.0, 53, 6, s.replace(buf, s).replace(s.replace(buf, s), s.replace(buf, s)), 25.0
11, 21270, 0.0, 1.0, -1.0, 3.5, 53, 8, s.replace(buf, s).replace(s.replace(buf, s), s.replace(buf, s)), 29.5
11, 21271, 0.0, 1.0, -1.0, 4.0, 76, 8, s.replace(buf, s).replace(buf.append(s, thisManyTimes, thisManyTimes), s.replace(buf, s)), 34.0
11, 21272, 0.0, 1.0, -1.0, 4.5, 97, 6, new StackTraceElement(s.replace(buf, s), s.replace(buf, s), s.replace(buf, s), buf.indexOf(s, thisManyTimes)), 44.0
11, 21273, 0.0, 1.0, -1.0, 5.0, 97, 7, new StackTraceElement(s.replace(buf, s), s.replace(buf, s), s.replace(buf, s), buf.indexOf(s, thisManyTimes)), 50.0
11, 21274, 0.0, 1.0, -0.5, 0.0, 7, 8, buf.append(s).put(s), 2.5
11, 21275, 0.0, 1.0, -0.5, 0.5, 10, 6, buf.append(s).append(s), 4.5
11, 21276, 0.0, 1.0, -0.5, 1.0, 46, 2, s.replace(buf, s).replace(buf.append(s), s.replace(buf, s)), 9.5
11, 21277, 0.0, 1.0, -0.5, 1.5, 46, 7, s.replace(buf, s).replace(buf.append(s), s.replace(buf, s)), 13.5
11, 21278, 0.0, 1.0, -0.5, 2.0, 76, 9, s.replace(buf, s).replace(buf.append(s, thisManyTimes, thisManyTimes), s.replace(buf, s)), 18.5
11, 21279, 0.0, 1.0, -0.5, 2.5, 97, 7, new StackTraceElement(s.replace(buf, s), s.replace(buf, s), s.replace(buf, s), buf.indexOf(s, thisManyTimes)), 26.0
11, 21280, 0.0, 1.0, -0.5, 3.0, 97, 8, new StackTraceElement(s.replace(buf, s), s.replace(buf, s), s.replace(buf, s), buf.indexOf(s, thisManyTimes)), 32.0
11, 21281, 0.0, 1.0, -0.5, 3.5, 97, 8, new StackTraceElement(s.replace(buf, s), s.replace(buf, s), s.replace(buf, s), buf.indexOf(s, thisManyTimes)), 38.0
11, 21282, 0.0, 1.0, -0.5, 4.0, 131, 4, s.replace(buf, s).regionMatches(buf.indexOf(s, thisManyTimes), s.replace(buf, s), buf.indexOf(s, thisManyTimes), buf.indexOf(s, thisManyTimes)), 52.5
11, 21283, 0.0, 1.0, -0.5, 4.5, 131, 4, s.replace(buf, s).regionMatches(buf.indexOf(s, thisManyTimes), s.replace(buf, s), buf.indexOf(s, thisManyTimes), buf.indexOf(s, thisManyTimes)), 60.0
11, 21284, 0.0, 1.0, -0.5, 5.0, 131, 5, s.replace(buf, s).regionMatches(buf.indexOf(s, thisManyTimes), s.replace(buf, s), buf.indexOf(s, thisManyTimes), buf.indexOf(s, thisManyTimes)), 67.5
11, 21285, 0.0, 1.0, 0.0, 0.0, 38, 8, s.replace(buf, appendCodePoint()).replaceAll(s, s), 3.0
11, 21286, 0.0, 1.0, 0.0, 0.5, 248, 6, buf.append(s, thisManyTimes, thisManyTimes).replace(Character.offsetByCodePoints(Character.MIN_HIGH_SURROGATE, buf, thisManyTimes, thisManyTimes), Character.offsetByCodePoints(Character.MIN_HIGH_SURROGATE, buf, thisManyTimes, thisManyTimes), s.replaceAll(s, s)), 9.5
11, 21287, 0.0, 1.0, 0.0, 1.0, 247, 8, buf.append(s, thisManyTimes, thisManyTimes).replace(Character.offsetByCodePoints(Character.MIN_HIGH_SURROGATE, buf, thisManyTimes, thisManyTimes), Character.offsetByCodePoints(Character.MIN_HIGH_SURROGATE, buf, thisManyTimes, thisManyTimes), s.replace(buf, s)), 16.0
11, 21288, 0.0, 1.0, 0.0, 1.5, 352, 4, buf.insert(thisManyTimes, s, thisManyTimes, thisManyTimes).append(buf.insert(thisManyTimes, s, thisManyTimes, thisManyTimes), Character.offsetByCodePoints(Character.MIN_HIGH_SURROGATE, thisManyTimes, thisManyTimes, thisManyTimes, thisManyTimes), Character.offsetByCodePoints(Character.MIN_HIGH_SURROGATE, thisManyTimes, thisManyTimes, thisManyTimes, thisManyTimes)), 30.0
11, 21289, 0.0, 1.0, 0.0, 2.0, 352, 4, buf.insert(thisManyTimes, s, thisManyTimes, thisManyTimes).append(buf.insert(thisManyTimes, s, thisManyTimes, thisManyTimes), Character.offsetByCodePoints(Character.MIN_HIGH_SURROGATE, thisManyTimes, thisManyTimes, thisManyTimes, thisManyTimes), Character.offsetByCodePoints(Character.MIN_HIGH_SURROGATE, thisManyTimes, thisManyTimes, thisManyTimes, thisManyTimes)), 39.0
11, 21290, 0.0, 1.0, 0.0, 2.5, 352, 4, buf.insert(thisManyTimes, s, thisManyTimes, thisManyTimes).append(buf.insert(thisManyTimes, s, thisManyTimes, thisManyTimes), Character.offsetByCodePoints(Character.MIN_HIGH_SURROGATE, thisManyTimes, thisManyTimes, thisManyTimes, thisManyTimes), Character.offsetByCodePoints(Character.MIN_HIGH_SURROGATE, thisManyTimes, thisManyTimes, thisManyTimes, thisManyTimes)), 48.0
11, 21291, 0.0, 1.0, 0.0, 3.0, 352, 4, buf.insert(thisManyTimes, s, thisManyTimes, thisManyTimes).append(buf.insert(thisManyTimes, s, thisManyTimes, thisManyTimes), Character.offsetByCodePoints(Character.MIN_HIGH_SURROGATE, thisManyTimes, thisManyTimes, thisManyTimes, thisManyTimes), Character.offsetByCodePoints(Character.MIN_HIGH_SURROGATE, thisManyTimes, thisManyTimes, thisManyTimes, thisManyTimes)), 57.0
11, 21292, 0.0, 1.0, 0.0, 3.5, 352, 4, buf.insert(thisManyTimes, s, thisManyTimes, thisManyTimes).append(buf.insert(thisManyTimes, s, thisManyTimes, thisManyTimes), Character.offsetByCodePoints(Character.MIN_HIGH_SURROGATE, thisManyTimes, thisManyTimes, thisManyTimes, thisManyTimes), Character.offsetByCodePoints(Character.MIN_HIGH_SURROGATE, thisManyTimes, thisManyTimes, thisManyTimes, thisManyTimes)), 66.0
11, 21293, 0.0, 1.0, 0.0, 4.0, 352, 4, buf.insert(thisManyTimes, s, thisManyTimes, thisManyTimes).append(buf.insert(thisManyTimes, s, thisManyTimes, thisManyTimes), Character.offsetByCodePoints(Character.MIN_HIGH_SURROGATE, thisManyTimes, thisManyTimes, thisManyTimes, thisManyTimes), Character.offsetByCodePoints(Character.MIN_HIGH_SURROGATE, thisManyTimes, thisManyTimes, thisManyTimes, thisManyTimes)), 75.0
11, 21294, 0.0, 1.0, 0.0, 4.5, 352, 4, buf.insert(thisManyTimes, s, thisManyTimes, thisManyTimes).append(buf.insert(thisManyTimes, s, thisManyTimes, thisManyTimes), Character.offsetByCodePoints(Character.MIN_HIGH_SURROGATE, thisManyTimes, thisManyTimes, thisManyTimes, thisManyTimes), Character.offsetByCodePoints(Character.MIN_HIGH_SURROGATE, thisManyTimes, thisManyTimes, thisManyTimes, thisManyTimes)), 84.0
11, 21295, 0.0, 1.0, 0.0, 5.0, 352, 4, buf.insert(thisManyTimes, s, thisManyTimes, thisManyTimes).append(buf.insert(thisManyTimes, s, thisManyTimes, thisManyTimes), Character.offsetByCodePoints(Character.MIN_HIGH_SURROGATE, thisManyTimes, thisManyTimes, thisManyTimes, thisManyTimes), Character.offsetByCodePoints(Character.MIN_HIGH_SURROGATE, thisManyTimes, thisManyTimes, thisManyTimes, thisManyTimes)), 93.0
