2, 7986, -5.0, 1.0, -5.0, 0.0, 5, 0, new Integer(), -3.0
2, 7987, -5.0, 1.0, -5.0, 0.5, 5, 0, new Integer(), -3.0
2, 7988, -5.0, 1.0, -5.0, 1.0, 5, 0, new Integer(), -3.0
2, 7989, -5.0, 1.0, -5.0, 1.5, 5, 0, new Integer(), -3.0
2, 7990, -5.0, 1.0, -5.0, 2.0, 5, 0, new Integer(), -3.0
2, 7991, -5.0, 1.0, -5.0, 2.5, 5, 0, new Integer(), -3.0
2, 7992, -5.0, 1.0, -5.0, 3.0, 5, 0, new Integer(), -3.0
2, 7993, -5.0, 1.0, -5.0, 3.5, 5, 0, new Integer(), -3.0
2, 7994, -5.0, 1.0, -5.0, 4.0, 5, 0, new Integer(), -3.0
2, 7995, -5.0, 1.0, -5.0, 4.5, 5, 0, new Integer(), -3.0
2, 7996, -5.0, 1.0, -5.0, 5.0, 5, 0, new Integer(), -3.0
2, 7997, -5.0, 1.0, -4.5, 0.0, 5, 0, new Integer(), -3.0
2, 7998, -5.0, 1.0, -4.5, 0.5, 5, 0, new Integer(), -3.0
2, 7999, -5.0, 1.0, -4.5, 1.0, 5, 0, new Integer(), -3.0
2, 8000, -5.0, 1.0, -4.5, 1.5, 5, 0, new Integer(), -3.0
2, 8001, -5.0, 1.0, -4.5, 2.0, 5, 0, new Integer(), -3.0
2, 8002, -5.0, 1.0, -4.5, 2.5, 5, 0, new Integer(), -3.0
2, 8003, -5.0, 1.0, -4.5, 3.0, 5, 0, new Integer(), -3.0
2, 8004, -5.0, 1.0, -4.5, 3.5, 5, 0, new Integer(), -3.0
2, 8005, -5.0, 1.0, -4.5, 4.0, 5, 0, new Integer(), -3.0
2, 8006, -5.0, 1.0, -4.5, 4.5, 5, 0, new Integer(), -3.0
2, 8007, -5.0, 1.0, -4.5, 5.0, 5, 0, new Integer(), -3.0
2, 8008, -5.0, 1.0, -4.0, 0.0, 5, 0, new Integer(), -3.0
2, 8009, -5.0, 1.0, -4.0, 0.5, 5, 0, new Integer(), -3.0
2, 8010, -5.0, 1.0, -4.0, 1.0, 5, 0, new Integer(), -3.0
2, 8011, -5.0, 1.0, -4.0, 1.5, 5, 0, new Integer(), -3.0
2, 8012, -5.0, 1.0, -4.0, 2.0, 5, 0, new Integer(), -3.0
2, 8013, -5.0, 1.0, -4.0, 2.5, 5, 0, new Integer(), -3.0
2, 8014, -5.0, 1.0, -4.0, 3.0, 5, 0, new Integer(), -3.0
2, 8015, -5.0, 1.0, -4.0, 3.5, 5, 0, new Integer(), -3.0
2, 8016, -5.0, 1.0, -4.0, 4.0, 5, 0, new Integer(), -3.0
2, 8017, -5.0, 1.0, -4.0, 4.5, 5, 0, new Integer(), -3.0
2, 8018, -5.0, 1.0, -4.0, 5.0, 5, 0, new Integer(), -3.0
2, 8019, -5.0, 1.0, -3.5, 0.0, 5, 0, new Integer(), -3.0
2, 8020, -5.0, 1.0, -3.5, 0.5, 5, 0, new Integer(), -3.0
2, 8021, -5.0, 1.0, -3.5, 1.0, 5, 0, new Integer(), -3.0
2, 8022, -5.0, 1.0, -3.5, 1.5, 5, 0, new Integer(), -3.0
2, 8023, -5.0, 1.0, -3.5, 2.0, 5, 0, new Integer(), -3.0
2, 8024, -5.0, 1.0, -3.5, 2.5, 5, 0, new Integer(), -3.0
2, 8025, -5.0, 1.0, -3.5, 3.0, 5, 0, new Integer(), -3.0
2, 8026, -5.0, 1.0, -3.5, 3.5, 5, 0, new Integer(), -3.0
2, 8027, -5.0, 1.0, -3.5, 4.0, 5, 0, new Integer(), -3.0
2, 8028, -5.0, 1.0, -3.5, 4.5, 5, 0, new Integer(), -3.0
2, 8029, -5.0, 1.0, -3.5, 5.0, 5, 0, new Integer(), -3.0
2, 8030, -5.0, 1.0, -3.0, 0.0, 5, 0, new Integer(), -3.0
2, 8031, -5.0, 1.0, -3.0, 0.5, 5, 0, new Integer(), -3.0
2, 8032, -5.0, 1.0, -3.0, 1.0, 5, 0, new Integer(), -3.0
2, 8033, -5.0, 1.0, -3.0, 1.5, 5, 0, new Integer(), -3.0
2, 8034, -5.0, 1.0, -3.0, 2.0, 5, 0, new Integer(), -3.0
2, 8035, -5.0, 1.0, -3.0, 2.5, 5, 0, new Integer(), -3.0
2, 8036, -5.0, 1.0, -3.0, 3.0, 5, 0, new Integer(), -3.0
2, 8037, -5.0, 1.0, -3.0, 3.5, 5, 0, new Integer(), -3.0
2, 8038, -5.0, 1.0, -3.0, 4.0, 5, 0, new Integer(), -3.0
2, 8039, -5.0, 1.0, -3.0, 4.5, 5, 0, new Integer(), -3.0
2, 8040, -5.0, 1.0, -3.0, 5.0, 5, 0, new Integer(), -3.0
2, 8041, -5.0, 1.0, -2.5, 0.0, 5, 0, new Integer(), -3.0
2, 8042, -5.0, 1.0, -2.5, 0.5, 5, 0, new Integer(), -3.0
2, 8043, -5.0, 1.0, -2.5, 1.0, 5, 0, new Integer(), -3.0
2, 8044, -5.0, 1.0, -2.5, 1.5, 5, 0, new Integer(), -3.0
2, 8045, -5.0, 1.0, -2.5, 2.0, 5, 0, new Integer(), -3.0
2, 8046, -5.0, 1.0, -2.5, 2.5, 5, 0, new Integer(), -3.0
2, 8047, -5.0, 1.0, -2.5, 3.0, 5, 0, new Integer(), -3.0
2, 8048, -5.0, 1.0, -2.5, 3.5, 5, 0, new Integer(), -3.0
2, 8049, -5.0, 1.0, -2.5, 4.0, 5, 0, new Integer(), -3.0
2, 8050, -5.0, 1.0, -2.5, 4.5, 5, 0, new Integer(), -3.0
2, 8051, -5.0, 1.0, -2.5, 5.0, 5, 1, new Integer(), -3.0
2, 8052, -5.0, 1.0, -2.0, 0.0, 5, 0, new Integer(), -3.0
2, 8053, -5.0, 1.0, -2.0, 0.5, 5, 0, new Integer(), -3.0
2, 8054, -5.0, 1.0, -2.0, 1.0, 5, 0, new Integer(), -3.0
2, 8055, -5.0, 1.0, -2.0, 1.5, 5, 0, new Integer(), -3.0
2, 8056, -5.0, 1.0, -2.0, 2.0, 5, 0, new Integer(), -3.0
2, 8057, -5.0, 1.0, -2.0, 2.5, 5, 0, new Integer(), -3.0
2, 8058, -5.0, 1.0, -2.0, 3.0, 5, 0, new Integer(), -3.0
2, 8059, -5.0, 1.0, -2.0, 3.5, 5, 0, new Integer(), -3.0
2, 8060, -5.0, 1.0, -2.0, 4.0, 5, 0, new Integer(), -3.0
2, 8061, -5.0, 1.0, -2.0, 4.5, 5, 1, new Integer(), -3.0
2, 8062, -5.0, 1.0, -2.0, 5.0, 5, 1, new Integer(), -3.0
2, 8063, -5.0, 1.0, -1.5, 0.0, 5, 0, new Integer(), -3.0
2, 8064, -5.0, 1.0, -1.5, 0.5, 5, 0, new Integer(), -3.0
2, 8065, -5.0, 1.0, -1.5, 1.0, 5, 0, new Integer(), -3.0
2, 8066, -5.0, 1.0, -1.5, 1.5, 5, 0, new Integer(), -3.0
2, 8067, -5.0, 1.0, -1.5, 2.0, 5, 0, new Integer(), -3.0
2, 8068, -5.0, 1.0, -1.5, 2.5, 5, 0, new Integer(), -3.0
2, 8069, -5.0, 1.0, -1.5, 3.0, 5, 0, new Integer(), -3.0
2, 8070, -5.0, 1.0, -1.5, 3.5, 5, 0, new Integer(), -3.0
2, 8071, -5.0, 1.0, -1.5, 4.0, 5, 1, new Integer(), -3.0
2, 8072, -5.0, 1.0, -1.5, 4.5, 5, 1, new Integer(), -3.0
2, 8073, -5.0, 1.0, -1.5, 5.0, 5, 1, new Integer(), -3.0
2, 8074, -5.0, 1.0, -1.0, 0.0, 5, 0, new Integer(), -3.0
2, 8075, -5.0, 1.0, -1.0, 0.5, 5, 0, new Integer(), -3.0
2, 8076, -5.0, 1.0, -1.0, 1.0, 5, 0, new Integer(), -3.0
2, 8077, -5.0, 1.0, -1.0, 1.5, 5, 0, new Integer(), -3.0
2, 8078, -5.0, 1.0, -1.0, 2.0, 5, 0, new Integer(), -3.0
2, 8079, -5.0, 1.0, -1.0, 2.5, 5, 0, new Integer(), -3.0
2, 8080, -5.0, 1.0, -1.0, 3.0, 5, 0, new Integer(), -3.0
2, 8081, -5.0, 1.0, -1.0, 3.5, 5, 1, new Integer(), -3.0
2, 8082, -5.0, 1.0, -1.0, 4.0, 5, 1, new Integer(), -3.0
2, 8083, -5.0, 1.0, -1.0, 4.5, 5, 1, new Integer(), -3.0
2, 8084, -5.0, 1.0, -1.0, 5.0, 5, 1, new Integer(), -3.0
2, 8085, -5.0, 1.0, -0.5, 0.0, 5, 0, new Integer(), -3.0
2, 8086, -5.0, 1.0, -0.5, 0.5, 5, 0, new Integer(), -3.0
2, 8087, -5.0, 1.0, -0.5, 1.0, 5, 0, new Integer(), -3.0
2, 8088, -5.0, 1.0, -0.5, 1.5, 5, 0, new Integer(), -3.0
2, 8089, -5.0, 1.0, -0.5, 2.0, 5, 0, new Integer(), -3.0
2, 8090, -5.0, 1.0, -0.5, 2.5, 5, 0, new Integer(), -3.0
2, 8091, -5.0, 1.0, -0.5, 3.0, 5, 1, new Integer(), -3.0
2, 8092, -5.0, 1.0, -0.5, 3.5, 5, 1, new Integer(), -3.0
2, 8093, -5.0, 1.0, -0.5, 4.0, 5, 1, new Integer(), -3.0
2, 8094, -5.0, 1.0, -0.5, 4.5, 5, 1, new Integer(), -3.0
2, 8095, -5.0, 1.0, -0.5, 5.0, 5, 1, new Integer(), -3.0
2, 8096, -5.0, 1.0, 0.0, 0.0, 5, 0, new Integer(), -3.0
2, 8097, -5.0, 1.0, 0.0, 0.5, 5, 0, new Integer(), -3.0
2, 8098, -5.0, 1.0, 0.0, 1.0, 5, 0, new Integer(), -3.0
2, 8099, -5.0, 1.0, 0.0, 1.5, 5, 0, new Integer(), -3.0
2, 8100, -5.0, 1.0, 0.0, 2.0, 5, 0, new Integer(), -3.0
2, 8101, -5.0, 1.0, 0.0, 2.5, 5, 1, new Integer(), -3.0
2, 8102, -5.0, 1.0, 0.0, 3.0, 5, 1, new Integer(), -3.0
2, 8103, -5.0, 1.0, 0.0, 3.5, 5, 1, new Integer(), -3.0
2, 8104, -5.0, 1.0, 0.0, 4.0, 5, 1, new Integer(), -3.0
2, 8105, -5.0, 1.0, 0.0, 4.5, 5, 1, new Integer(), -3.0
2, 8106, -5.0, 1.0, 0.0, 5.0, 5, 3, new Integer(), -3.0
2, 8107, -4.5, 1.0, -5.0, 0.0, 5, 0, new Integer(), -2.5
2, 8108, -4.5, 1.0, -5.0, 0.5, 5, 0, new Integer(), -2.5
2, 8109, -4.5, 1.0, -5.0, 1.0, 5, 0, new Integer(), -2.5
2, 8110, -4.5, 1.0, -5.0, 1.5, 5, 0, new Integer(), -2.5
2, 8111, -4.5, 1.0, -5.0, 2.0, 5, 0, new Integer(), -2.5
2, 8112, -4.5, 1.0, -5.0, 2.5, 5, 0, new Integer(), -2.5
2, 8113, -4.5, 1.0, -5.0, 3.0, 5, 0, new Integer(), -2.5
2, 8114, -4.5, 1.0, -5.0, 3.5, 5, 0, new Integer(), -2.5
2, 8115, -4.5, 1.0, -5.0, 4.0, 5, 0, new Integer(), -2.5
2, 8116, -4.5, 1.0, -5.0, 4.5, 5, 0, new Integer(), -2.5
2, 8117, -4.5, 1.0, -5.0, 5.0, 5, 0, new Integer(), -2.5
2, 8118, -4.5, 1.0, -4.5, 0.0, 5, 0, new Integer(), -2.5
2, 8119, -4.5, 1.0, -4.5, 0.5, 5, 0, new Integer(), -2.5
2, 8120, -4.5, 1.0, -4.5, 1.0, 5, 0, new Integer(), -2.5
2, 8121, -4.5, 1.0, -4.5, 1.5, 5, 0, new Integer(), -2.5
2, 8122, -4.5, 1.0, -4.5, 2.0, 5, 0, new Integer(), -2.5
2, 8123, -4.5, 1.0, -4.5, 2.5, 5, 0, new Integer(), -2.5
2, 8124, -4.5, 1.0, -4.5, 3.0, 5, 0, new Integer(), -2.5
2, 8125, -4.5, 1.0, -4.5, 3.5, 5, 0, new Integer(), -2.5
2, 8126, -4.5, 1.0, -4.5, 4.0, 5, 0, new Integer(), -2.5
2, 8127, -4.5, 1.0, -4.5, 4.5, 5, 0, new Integer(), -2.5
2, 8128, -4.5, 1.0, -4.5, 5.0, 5, 0, new Integer(), -2.5
2, 8129, -4.5, 1.0, -4.0, 0.0, 5, 0, new Integer(), -2.5
2, 8130, -4.5, 1.0, -4.0, 0.5, 5, 0, new Integer(), -2.5
2, 8131, -4.5, 1.0, -4.0, 1.0, 5, 0, new Integer(), -2.5
2, 8132, -4.5, 1.0, -4.0, 1.5, 5, 0, new Integer(), -2.5
2, 8133, -4.5, 1.0, -4.0, 2.0, 5, 0, new Integer(), -2.5
2, 8134, -4.5, 1.0, -4.0, 2.5, 5, 0, new Integer(), -2.5
2, 8135, -4.5, 1.0, -4.0, 3.0, 5, 0, new Integer(), -2.5
2, 8136, -4.5, 1.0, -4.0, 3.5, 5, 0, new Integer(), -2.5
2, 8137, -4.5, 1.0, -4.0, 4.0, 5, 0, new Integer(), -2.5
2, 8138, -4.5, 1.0, -4.0, 4.5, 5, 0, new Integer(), -2.5
2, 8139, -4.5, 1.0, -4.0, 5.0, 5, 0, new Integer(), -2.5
2, 8140, -4.5, 1.0, -3.5, 0.0, 5, 0, new Integer(), -2.5
2, 8141, -4.5, 1.0, -3.5, 0.5, 5, 0, new Integer(), -2.5
2, 8142, -4.5, 1.0, -3.5, 1.0, 5, 0, new Integer(), -2.5
2, 8143, -4.5, 1.0, -3.5, 1.5, 5, 0, new Integer(), -2.5
2, 8144, -4.5, 1.0, -3.5, 2.0, 5, 0, new Integer(), -2.5
2, 8145, -4.5, 1.0, -3.5, 2.5, 5, 0, new Integer(), -2.5
2, 8146, -4.5, 1.0, -3.5, 3.0, 5, 0, new Integer(), -2.5
2, 8147, -4.5, 1.0, -3.5, 3.5, 5, 0, new Integer(), -2.5
2, 8148, -4.5, 1.0, -3.5, 4.0, 5, 0, new Integer(), -2.5
2, 8149, -4.5, 1.0, -3.5, 4.5, 5, 0, new Integer(), -2.5
2, 8150, -4.5, 1.0, -3.5, 5.0, 5, 0, new Integer(), -2.5
2, 8151, -4.5, 1.0, -3.0, 0.0, 5, 0, new Integer(), -2.5
2, 8152, -4.5, 1.0, -3.0, 0.5, 5, 0, new Integer(), -2.5
2, 8153, -4.5, 1.0, -3.0, 1.0, 5, 0, new Integer(), -2.5
2, 8154, -4.5, 1.0, -3.0, 1.5, 5, 0, new Integer(), -2.5
2, 8155, -4.5, 1.0, -3.0, 2.0, 5, 0, new Integer(), -2.5
2, 8156, -4.5, 1.0, -3.0, 2.5, 5, 0, new Integer(), -2.5
2, 8157, -4.5, 1.0, -3.0, 3.0, 5, 0, new Integer(), -2.5
2, 8158, -4.5, 1.0, -3.0, 3.5, 5, 0, new Integer(), -2.5
2, 8159, -4.5, 1.0, -3.0, 4.0, 5, 0, new Integer(), -2.5
2, 8160, -4.5, 1.0, -3.0, 4.5, 5, 0, new Integer(), -2.5
2, 8161, -4.5, 1.0, -3.0, 5.0, 5, 0, new Integer(), -2.5
2, 8162, -4.5, 1.0, -2.5, 0.0, 5, 0, new Integer(), -2.5
2, 8163, -4.5, 1.0, -2.5, 0.5, 5, 0, new Integer(), -2.5
2, 8164, -4.5, 1.0, -2.5, 1.0, 5, 0, new Integer(), -2.5
2, 8165, -4.5, 1.0, -2.5, 1.5, 5, 0, new Integer(), -2.5
2, 8166, -4.5, 1.0, -2.5, 2.0, 5, 0, new Integer(), -2.5
2, 8167, -4.5, 1.0, -2.5, 2.5, 5, 0, new Integer(), -2.5
2, 8168, -4.5, 1.0, -2.5, 3.0, 5, 0, new Integer(), -2.5
2, 8169, -4.5, 1.0, -2.5, 3.5, 5, 0, new Integer(), -2.5
2, 8170, -4.5, 1.0, -2.5, 4.0, 5, 0, new Integer(), -2.5
2, 8171, -4.5, 1.0, -2.5, 4.5, 5, 0, new Integer(), -2.5
2, 8172, -4.5, 1.0, -2.5, 5.0, 5, 1, new Integer(), -2.5
2, 8173, -4.5, 1.0, -2.0, 0.0, 5, 0, new Integer(), -2.5
2, 8174, -4.5, 1.0, -2.0, 0.5, 5, 0, new Integer(), -2.5
2, 8175, -4.5, 1.0, -2.0, 1.0, 5, 0, new Integer(), -2.5
2, 8176, -4.5, 1.0, -2.0, 1.5, 5, 0, new Integer(), -2.5
2, 8177, -4.5, 1.0, -2.0, 2.0, 5, 0, new Integer(), -2.5
2, 8178, -4.5, 1.0, -2.0, 2.5, 5, 0, new Integer(), -2.5
2, 8179, -4.5, 1.0, -2.0, 3.0, 5, 0, new Integer(), -2.5
2, 8180, -4.5, 1.0, -2.0, 3.5, 5, 0, new Integer(), -2.5
2, 8181, -4.5, 1.0, -2.0, 4.0, 5, 0, new Integer(), -2.5
2, 8182, -4.5, 1.0, -2.0, 4.5, 5, 1, new Integer(), -2.5
2, 8183, -4.5, 1.0, -2.0, 5.0, 5, 1, new Integer(), -2.5
2, 8184, -4.5, 1.0, -1.5, 0.0, 5, 0, new Integer(), -2.5
2, 8185, -4.5, 1.0, -1.5, 0.5, 5, 0, new Integer(), -2.5
2, 8186, -4.5, 1.0, -1.5, 1.0, 5, 0, new Integer(), -2.5
2, 8187, -4.5, 1.0, -1.5, 1.5, 5, 0, new Integer(), -2.5
2, 8188, -4.5, 1.0, -1.5, 2.0, 5, 0, new Integer(), -2.5
2, 8189, -4.5, 1.0, -1.5, 2.5, 5, 0, new Integer(), -2.5
2, 8190, -4.5, 1.0, -1.5, 3.0, 5, 0, new Integer(), -2.5
2, 8191, -4.5, 1.0, -1.5, 3.5, 5, 0, new Integer(), -2.5
2, 8192, -4.5, 1.0, -1.5, 4.0, 5, 1, new Integer(), -2.5
2, 8193, -4.5, 1.0, -1.5, 4.5, 5, 1, new Integer(), -2.5
2, 8194, -4.5, 1.0, -1.5, 5.0, 5, 1, new Integer(), -2.5
2, 8195, -4.5, 1.0, -1.0, 0.0, 5, 0, new Integer(), -2.5
2, 8196, -4.5, 1.0, -1.0, 0.5, 5, 0, new Integer(), -2.5
2, 8197, -4.5, 1.0, -1.0, 1.0, 5, 0, new Integer(), -2.5
2, 8198, -4.5, 1.0, -1.0, 1.5, 5, 0, new Integer(), -2.5
2, 8199, -4.5, 1.0, -1.0, 2.0, 5, 0, new Integer(), -2.5
2, 8200, -4.5, 1.0, -1.0, 2.5, 5, 0, new Integer(), -2.5
2, 8201, -4.5, 1.0, -1.0, 3.0, 5, 0, new Integer(), -2.5
2, 8202, -4.5, 1.0, -1.0, 3.5, 5, 1, new Integer(), -2.5
2, 8203, -4.5, 1.0, -1.0, 4.0, 5, 1, new Integer(), -2.5
2, 8204, -4.5, 1.0, -1.0, 4.5, 5, 1, new Integer(), -2.5
2, 8205, -4.5, 1.0, -1.0, 5.0, 5, 1, new Integer(), -2.5
2, 8206, -4.5, 1.0, -0.5, 0.0, 5, 0, new Integer(), -2.5
2, 8207, -4.5, 1.0, -0.5, 0.5, 5, 0, new Integer(), -2.5
2, 8208, -4.5, 1.0, -0.5, 1.0, 5, 0, new Integer(), -2.5
2, 8209, -4.5, 1.0, -0.5, 1.5, 5, 0, new Integer(), -2.5
2, 8210, -4.5, 1.0, -0.5, 2.0, 5, 0, new Integer(), -2.5
2, 8211, -4.5, 1.0, -0.5, 2.5, 5, 0, new Integer(), -2.5
2, 8212, -4.5, 1.0, -0.5, 3.0, 5, 1, new Integer(), -2.5
2, 8213, -4.5, 1.0, -0.5, 3.5, 5, 1, new Integer(), -2.5
2, 8214, -4.5, 1.0, -0.5, 4.0, 5, 1, new Integer(), -2.5
2, 8215, -4.5, 1.0, -0.5, 4.5, 5, 1, new Integer(), -2.5
2, 8216, -4.5, 1.0, -0.5, 5.0, 5, 3, new Integer(), -2.5
2, 8217, -4.5, 1.0, 0.0, 0.0, 5, 0, new Integer(), -2.5
2, 8218, -4.5, 1.0, 0.0, 0.5, 5, 0, new Integer(), -2.5
2, 8219, -4.5, 1.0, 0.0, 1.0, 5, 0, new Integer(), -2.5
2, 8220, -4.5, 1.0, 0.0, 1.5, 5, 0, new Integer(), -2.5
2, 8221, -4.5, 1.0, 0.0, 2.0, 5, 0, new Integer(), -2.5
2, 8222, -4.5, 1.0, 0.0, 2.5, 5, 1, new Integer(), -2.5
2, 8223, -4.5, 1.0, 0.0, 3.0, 5, 1, new Integer(), -2.5
2, 8224, -4.5, 1.0, 0.0, 3.5, 5, 1, new Integer(), -2.5
2, 8225, -4.5, 1.0, 0.0, 4.0, 5, 1, new Integer(), -2.5
2, 8226, -4.5, 1.0, 0.0, 4.5, 5, 3, new Integer(), -2.5
2, 8227, -4.5, 1.0, 0.0, 5.0, 5, 8, new Integer(), -2.5
2, 8228, -4.0, 1.0, -5.0, 0.0, 5, 0, new Integer(), -2.0
2, 8229, -4.0, 1.0, -5.0, 0.5, 5, 0, new Integer(), -2.0
2, 8230, -4.0, 1.0, -5.0, 1.0, 5, 0, new Integer(), -2.0
2, 8231, -4.0, 1.0, -5.0, 1.5, 5, 0, new Integer(), -2.0
2, 8232, -4.0, 1.0, -5.0, 2.0, 5, 0, new Integer(), -2.0
2, 8233, -4.0, 1.0, -5.0, 2.5, 5, 0, new Integer(), -2.0
2, 8234, -4.0, 1.0, -5.0, 3.0, 5, 0, new Integer(), -2.0
2, 8235, -4.0, 1.0, -5.0, 3.5, 5, 0, new Integer(), -2.0
2, 8236, -4.0, 1.0, -5.0, 4.0, 5, 0, new Integer(), -2.0
2, 8237, -4.0, 1.0, -5.0, 4.5, 5, 0, new Integer(), -2.0
2, 8238, -4.0, 1.0, -5.0, 5.0, 5, 0, new Integer(), -2.0
2, 8239, -4.0, 1.0, -4.5, 0.0, 5, 0, new Integer(), -2.0
2, 8240, -4.0, 1.0, -4.5, 0.5, 5, 0, new Integer(), -2.0
2, 8241, -4.0, 1.0, -4.5, 1.0, 5, 0, new Integer(), -2.0
2, 8242, -4.0, 1.0, -4.5, 1.5, 5, 0, new Integer(), -2.0
2, 8243, -4.0, 1.0, -4.5, 2.0, 5, 0, new Integer(), -2.0
2, 8244, -4.0, 1.0, -4.5, 2.5, 5, 0, new Integer(), -2.0
2, 8245, -4.0, 1.0, -4.5, 3.0, 5, 0, new Integer(), -2.0
2, 8246, -4.0, 1.0, -4.5, 3.5, 5, 0, new Integer(), -2.0
2, 8247, -4.0, 1.0, -4.5, 4.0, 5, 0, new Integer(), -2.0
2, 8248, -4.0, 1.0, -4.5, 4.5, 5, 0, new Integer(), -2.0
2, 8249, -4.0, 1.0, -4.5, 5.0, 5, 0, new Integer(), -2.0
2, 8250, -4.0, 1.0, -4.0, 0.0, 5, 0, new Integer(), -2.0
2, 8251, -4.0, 1.0, -4.0, 0.5, 5, 0, new Integer(), -2.0
2, 8252, -4.0, 1.0, -4.0, 1.0, 5, 0, new Integer(), -2.0
2, 8253, -4.0, 1.0, -4.0, 1.5, 5, 0, new Integer(), -2.0
2, 8254, -4.0, 1.0, -4.0, 2.0, 5, 0, new Integer(), -2.0
2, 8255, -4.0, 1.0, -4.0, 2.5, 5, 0, new Integer(), -2.0
2, 8256, -4.0, 1.0, -4.0, 3.0, 5, 0, new Integer(), -2.0
2, 8257, -4.0, 1.0, -4.0, 3.5, 5, 0, new Integer(), -2.0
2, 8258, -4.0, 1.0, -4.0, 4.0, 5, 0, new Integer(), -2.0
2, 8259, -4.0, 1.0, -4.0, 4.5, 5, 0, new Integer(), -2.0
2, 8260, -4.0, 1.0, -4.0, 5.0, 5, 0, new Integer(), -2.0
2, 8261, -4.0, 1.0, -3.5, 0.0, 5, 0, new Integer(), -2.0
2, 8262, -4.0, 1.0, -3.5, 0.5, 5, 0, new Integer(), -2.0
2, 8263, -4.0, 1.0, -3.5, 1.0, 5, 0, new Integer(), -2.0
2, 8264, -4.0, 1.0, -3.5, 1.5, 5, 0, new Integer(), -2.0
2, 8265, -4.0, 1.0, -3.5, 2.0, 5, 0, new Integer(), -2.0
2, 8266, -4.0, 1.0, -3.5, 2.5, 5, 0, new Integer(), -2.0
2, 8267, -4.0, 1.0, -3.5, 3.0, 5, 0, new Integer(), -2.0
2, 8268, -4.0, 1.0, -3.5, 3.5, 5, 0, new Integer(), -2.0
2, 8269, -4.0, 1.0, -3.5, 4.0, 5, 0, new Integer(), -2.0
2, 8270, -4.0, 1.0, -3.5, 4.5, 5, 0, new Integer(), -2.0
2, 8271, -4.0, 1.0, -3.5, 5.0, 5, 0, new Integer(), -2.0
2, 8272, -4.0, 1.0, -3.0, 0.0, 5, 0, new Integer(), -2.0
2, 8273, -4.0, 1.0, -3.0, 0.5, 5, 0, new Integer(), -2.0
2, 8274, -4.0, 1.0, -3.0, 1.0, 5, 0, new Integer(), -2.0
2, 8275, -4.0, 1.0, -3.0, 1.5, 5, 0, new Integer(), -2.0
2, 8276, -4.0, 1.0, -3.0, 2.0, 5, 0, new Integer(), -2.0
2, 8277, -4.0, 1.0, -3.0, 2.5, 5, 0, new Integer(), -2.0
2, 8278, -4.0, 1.0, -3.0, 3.0, 5, 0, new Integer(), -2.0
2, 8279, -4.0, 1.0, -3.0, 3.5, 5, 0, new Integer(), -2.0
2, 8280, -4.0, 1.0, -3.0, 4.0, 5, 0, new Integer(), -2.0
2, 8281, -4.0, 1.0, -3.0, 4.5, 5, 0, new Integer(), -2.0
2, 8282, -4.0, 1.0, -3.0, 5.0, 5, 0, new Integer(), -2.0
2, 8283, -4.0, 1.0, -2.5, 0.0, 5, 0, new Integer(), -2.0
2, 8284, -4.0, 1.0, -2.5, 0.5, 5, 0, new Integer(), -2.0
2, 8285, -4.0, 1.0, -2.5, 1.0, 5, 0, new Integer(), -2.0
2, 8286, -4.0, 1.0, -2.5, 1.5, 5, 0, new Integer(), -2.0
2, 8287, -4.0, 1.0, -2.5, 2.0, 5, 0, new Integer(), -2.0
2, 8288, -4.0, 1.0, -2.5, 2.5, 5, 0, new Integer(), -2.0
2, 8289, -4.0, 1.0, -2.5, 3.0, 5, 0, new Integer(), -2.0
2, 8290, -4.0, 1.0, -2.5, 3.5, 5, 0, new Integer(), -2.0
2, 8291, -4.0, 1.0, -2.5, 4.0, 5, 0, new Integer(), -2.0
2, 8292, -4.0, 1.0, -2.5, 4.5, 5, 0, new Integer(), -2.0
2, 8293, -4.0, 1.0, -2.5, 5.0, 5, 1, new Integer(), -2.0
2, 8294, -4.0, 1.0, -2.0, 0.0, 5, 0, new Integer(), -2.0
2, 8295, -4.0, 1.0, -2.0, 0.5, 5, 0, new Integer(), -2.0
2, 8296, -4.0, 1.0, -2.0, 1.0, 5, 0, new Integer(), -2.0
2, 8297, -4.0, 1.0, -2.0, 1.5, 5, 0, new Integer(), -2.0
2, 8298, -4.0, 1.0, -2.0, 2.0, 5, 0, new Integer(), -2.0
2, 8299, -4.0, 1.0, -2.0, 2.5, 5, 0, new Integer(), -2.0
2, 8300, -4.0, 1.0, -2.0, 3.0, 5, 0, new Integer(), -2.0
2, 8301, -4.0, 1.0, -2.0, 3.5, 5, 0, new Integer(), -2.0
2, 8302, -4.0, 1.0, -2.0, 4.0, 5, 0, new Integer(), -2.0
2, 8303, -4.0, 1.0, -2.0, 4.5, 5, 1, new Integer(), -2.0
2, 8304, -4.0, 1.0, -2.0, 5.0, 5, 1, new Integer(), -2.0
2, 8305, -4.0, 1.0, -1.5, 0.0, 5, 0, new Integer(), -2.0
2, 8306, -4.0, 1.0, -1.5, 0.5, 5, 0, new Integer(), -2.0
2, 8307, -4.0, 1.0, -1.5, 1.0, 5, 0, new Integer(), -2.0
2, 8308, -4.0, 1.0, -1.5, 1.5, 5, 0, new Integer(), -2.0
2, 8309, -4.0, 1.0, -1.5, 2.0, 5, 0, new Integer(), -2.0
2, 8310, -4.0, 1.0, -1.5, 2.5, 5, 0, new Integer(), -2.0
2, 8311, -4.0, 1.0, -1.5, 3.0, 5, 0, new Integer(), -2.0
2, 8312, -4.0, 1.0, -1.5, 3.5, 5, 0, new Integer(), -2.0
2, 8313, -4.0, 1.0, -1.5, 4.0, 5, 1, new Integer(), -2.0
2, 8314, -4.0, 1.0, -1.5, 4.5, 5, 1, new Integer(), -2.0
2, 8315, -4.0, 1.0, -1.5, 5.0, 5, 1, new Integer(), -2.0
2, 8316, -4.0, 1.0, -1.0, 0.0, 5, 0, new Integer(), -2.0
2, 8317, -4.0, 1.0, -1.0, 0.5, 5, 0, new Integer(), -2.0
2, 8318, -4.0, 1.0, -1.0, 1.0, 5, 0, new Integer(), -2.0
2, 8319, -4.0, 1.0, -1.0, 1.5, 5, 0, new Integer(), -2.0
2, 8320, -4.0, 1.0, -1.0, 2.0, 5, 0, new Integer(), -2.0
2, 8321, -4.0, 1.0, -1.0, 2.5, 5, 0, new Integer(), -2.0
2, 8322, -4.0, 1.0, -1.0, 3.0, 5, 0, new Integer(), -2.0
2, 8323, -4.0, 1.0, -1.0, 3.5, 5, 1, new Integer(), -2.0
2, 8324, -4.0, 1.0, -1.0, 4.0, 5, 1, new Integer(), -2.0
2, 8325, -4.0, 1.0, -1.0, 4.5, 5, 1, new Integer(), -2.0
2, 8326, -4.0, 1.0, -1.0, 5.0, 5, 3, new Integer(), -2.0
2, 8327, -4.0, 1.0, -0.5, 0.0, 5, 0, new Integer(), -2.0
2, 8328, -4.0, 1.0, -0.5, 0.5, 5, 0, new Integer(), -2.0
2, 8329, -4.0, 1.0, -0.5, 1.0, 5, 0, new Integer(), -2.0
2, 8330, -4.0, 1.0, -0.5, 1.5, 5, 0, new Integer(), -2.0
2, 8331, -4.0, 1.0, -0.5, 2.0, 5, 0, new Integer(), -2.0
2, 8332, -4.0, 1.0, -0.5, 2.5, 5, 0, new Integer(), -2.0
2, 8333, -4.0, 1.0, -0.5, 3.0, 5, 1, new Integer(), -2.0
2, 8334, -4.0, 1.0, -0.5, 3.5, 5, 1, new Integer(), -2.0
2, 8335, -4.0, 1.0, -0.5, 4.0, 5, 1, new Integer(), -2.0
2, 8336, -4.0, 1.0, -0.5, 4.5, 5, 3, new Integer(), -2.0
2, 8337, -4.0, 1.0, -0.5, 5.0, 5, 3, new Integer(), -2.0
2, 8338, -4.0, 1.0, 0.0, 0.0, 5, 0, new Integer(), -2.0
2, 8339, -4.0, 1.0, 0.0, 0.5, 5, 0, new Integer(), -2.0
2, 8340, -4.0, 1.0, 0.0, 1.0, 5, 0, new Integer(), -2.0
2, 8341, -4.0, 1.0, 0.0, 1.5, 5, 0, new Integer(), -2.0
2, 8342, -4.0, 1.0, 0.0, 2.0, 5, 0, new Integer(), -2.0
2, 8343, -4.0, 1.0, 0.0, 2.5, 5, 1, new Integer(), -2.0
2, 8344, -4.0, 1.0, 0.0, 3.0, 5, 1, new Integer(), -2.0
2, 8345, -4.0, 1.0, 0.0, 3.5, 5, 1, new Integer(), -2.0
2, 8346, -4.0, 1.0, 0.0, 4.0, 5, 3, new Integer(), -2.0
2, 8347, -4.0, 1.0, 0.0, 4.5, 5, 8, new Integer(), -2.0
2, 8348, -4.0, 1.0, 0.0, 5.0, 9, 7, Integer.getInteger(input), -1.0
2, 8349, -3.5, 1.0, -5.0, 0.0, 5, 0, new Integer(), -1.5
2, 8350, -3.5, 1.0, -5.0, 0.5, 5, 0, new Integer(), -1.5
2, 8351, -3.5, 1.0, -5.0, 1.0, 5, 0, new Integer(), -1.5
2, 8352, -3.5, 1.0, -5.0, 1.5, 5, 0, new Integer(), -1.5
2, 8353, -3.5, 1.0, -5.0, 2.0, 5, 0, new Integer(), -1.5
2, 8354, -3.5, 1.0, -5.0, 2.5, 5, 0, new Integer(), -1.5
2, 8355, -3.5, 1.0, -5.0, 3.0, 5, 0, new Integer(), -1.5
2, 8356, -3.5, 1.0, -5.0, 3.5, 5, 0, new Integer(), -1.5
2, 8357, -3.5, 1.0, -5.0, 4.0, 5, 0, new Integer(), -1.5
2, 8358, -3.5, 1.0, -5.0, 4.5, 0, 0, new Integer(input), 0.5
2, 8359, -3.5, 1.0, -5.0, 5.0, 0, 0, new Integer(input), 1.0
2, 8360, -3.5, 1.0, -4.5, 0.0, 5, 0, new Integer(), -1.5
2, 8361, -3.5, 1.0, -4.5, 0.5, 5, 0, new Integer(), -1.5
2, 8362, -3.5, 1.0, -4.5, 1.0, 5, 0, new Integer(), -1.5
2, 8363, -3.5, 1.0, -4.5, 1.5, 5, 0, new Integer(), -1.5
2, 8364, -3.5, 1.0, -4.5, 2.0, 5, 0, new Integer(), -1.5
2, 8365, -3.5, 1.0, -4.5, 2.5, 5, 0, new Integer(), -1.5
2, 8366, -3.5, 1.0, -4.5, 3.0, 5, 0, new Integer(), -1.5
2, 8367, -3.5, 1.0, -4.5, 3.5, 5, 0, new Integer(), -1.5
2, 8368, -3.5, 1.0, -4.5, 4.0, 5, 0, new Integer(), -1.5
2, 8369, -3.5, 1.0, -4.5, 4.5, 0, 0, new Integer(input), 0.5
2, 8370, -3.5, 1.0, -4.5, 5.0, 0, 0, new Integer(input), 1.0
2, 8371, -3.5, 1.0, -4.0, 0.0, 5, 0, new Integer(), -1.5
2, 8372, -3.5, 1.0, -4.0, 0.5, 5, 0, new Integer(), -1.5
2, 8373, -3.5, 1.0, -4.0, 1.0, 5, 0, new Integer(), -1.5
2, 8374, -3.5, 1.0, -4.0, 1.5, 5, 0, new Integer(), -1.5
2, 8375, -3.5, 1.0, -4.0, 2.0, 5, 0, new Integer(), -1.5
2, 8376, -3.5, 1.0, -4.0, 2.5, 5, 0, new Integer(), -1.5
2, 8377, -3.5, 1.0, -4.0, 3.0, 5, 0, new Integer(), -1.5
2, 8378, -3.5, 1.0, -4.0, 3.5, 5, 0, new Integer(), -1.5
2, 8379, -3.5, 1.0, -4.0, 4.0, 5, 0, new Integer(), -1.5
2, 8380, -3.5, 1.0, -4.0, 4.5, 0, 0, new Integer(input), 0.5
2, 8381, -3.5, 1.0, -4.0, 5.0, 0, 0, new Integer(input), 1.0
2, 8382, -3.5, 1.0, -3.5, 0.0, 5, 0, new Integer(), -1.5
2, 8383, -3.5, 1.0, -3.5, 0.5, 5, 0, new Integer(), -1.5
2, 8384, -3.5, 1.0, -3.5, 1.0, 5, 0, new Integer(), -1.5
2, 8385, -3.5, 1.0, -3.5, 1.5, 5, 0, new Integer(), -1.5
2, 8386, -3.5, 1.0, -3.5, 2.0, 5, 0, new Integer(), -1.5
2, 8387, -3.5, 1.0, -3.5, 2.5, 5, 0, new Integer(), -1.5
2, 8388, -3.5, 1.0, -3.5, 3.0, 5, 0, new Integer(), -1.5
2, 8389, -3.5, 1.0, -3.5, 3.5, 5, 0, new Integer(), -1.5
2, 8390, -3.5, 1.0, -3.5, 4.0, 5, 0, new Integer(), -1.5
2, 8391, -3.5, 1.0, -3.5, 4.5, 0, 0, new Integer(input), 0.5
2, 8392, -3.5, 1.0, -3.5, 5.0, 0, 0, new Integer(input), 1.0
2, 8393, -3.5, 1.0, -3.0, 0.0, 5, 0, new Integer(), -1.5
2, 8394, -3.5, 1.0, -3.0, 0.5, 5, 0, new Integer(), -1.5
2, 8395, -3.5, 1.0, -3.0, 1.0, 5, 0, new Integer(), -1.5
2, 8396, -3.5, 1.0, -3.0, 1.5, 5, 0, new Integer(), -1.5
2, 8397, -3.5, 1.0, -3.0, 2.0, 5, 0, new Integer(), -1.5
2, 8398, -3.5, 1.0, -3.0, 2.5, 5, 0, new Integer(), -1.5
2, 8399, -3.5, 1.0, -3.0, 3.0, 5, 0, new Integer(), -1.5
2, 8400, -3.5, 1.0, -3.0, 3.5, 5, 0, new Integer(), -1.5
2, 8401, -3.5, 1.0, -3.0, 4.0, 5, 0, new Integer(), -1.5
2, 8402, -3.5, 1.0, -3.0, 4.5, 0, 0, new Integer(input), 0.5
2, 8403, -3.5, 1.0, -3.0, 5.0, 0, 0, new Integer(input), 1.0
2, 8404, -3.5, 1.0, -2.5, 0.0, 5, 0, new Integer(), -1.5
2, 8405, -3.5, 1.0, -2.5, 0.5, 5, 0, new Integer(), -1.5
2, 8406, -3.5, 1.0, -2.5, 1.0, 5, 0, new Integer(), -1.5
2, 8407, -3.5, 1.0, -2.5, 1.5, 5, 0, new Integer(), -1.5
2, 8408, -3.5, 1.0, -2.5, 2.0, 5, 0, new Integer(), -1.5
2, 8409, -3.5, 1.0, -2.5, 2.5, 5, 0, new Integer(), -1.5
2, 8410, -3.5, 1.0, -2.5, 3.0, 5, 0, new Integer(), -1.5
2, 8411, -3.5, 1.0, -2.5, 3.5, 5, 0, new Integer(), -1.5
2, 8412, -3.5, 1.0, -2.5, 4.0, 5, 0, new Integer(), -1.5
2, 8413, -3.5, 1.0, -2.5, 4.5, 0, 0, new Integer(input), 0.5
2, 8414, -3.5, 1.0, -2.5, 5.0, 0, 0, new Integer(input), 1.0
2, 8415, -3.5, 1.0, -2.0, 0.0, 5, 0, new Integer(), -1.5
2, 8416, -3.5, 1.0, -2.0, 0.5, 5, 0, new Integer(), -1.5
2, 8417, -3.5, 1.0, -2.0, 1.0, 5, 0, new Integer(), -1.5
2, 8418, -3.5, 1.0, -2.0, 1.5, 5, 0, new Integer(), -1.5
2, 8419, -3.5, 1.0, -2.0, 2.0, 5, 0, new Integer(), -1.5
2, 8420, -3.5, 1.0, -2.0, 2.5, 5, 0, new Integer(), -1.5
2, 8421, -3.5, 1.0, -2.0, 3.0, 5, 0, new Integer(), -1.5
2, 8422, -3.5, 1.0, -2.0, 3.5, 5, 0, new Integer(), -1.5
2, 8423, -3.5, 1.0, -2.0, 4.0, 5, 0, new Integer(), -1.5
2, 8424, -3.5, 1.0, -2.0, 4.5, 0, 0, new Integer(input), 0.5
2, 8425, -3.5, 1.0, -2.0, 5.0, 0, 0, new Integer(input), 1.0
2, 8426, -3.5, 1.0, -1.5, 0.0, 5, 0, new Integer(), -1.5
2, 8427, -3.5, 1.0, -1.5, 0.5, 5, 0, new Integer(), -1.5
2, 8428, -3.5, 1.0, -1.5, 1.0, 5, 0, new Integer(), -1.5
2, 8429, -3.5, 1.0, -1.5, 1.5, 5, 0, new Integer(), -1.5
2, 8430, -3.5, 1.0, -1.5, 2.0, 5, 0, new Integer(), -1.5
2, 8431, -3.5, 1.0, -1.5, 2.5, 5, 0, new Integer(), -1.5
2, 8432, -3.5, 1.0, -1.5, 3.0, 5, 0, new Integer(), -1.5
2, 8433, -3.5, 1.0, -1.5, 3.5, 5, 0, new Integer(), -1.5
2, 8434, -3.5, 1.0, -1.5, 4.0, 5, 1, new Integer(), -1.5
2, 8435, -3.5, 1.0, -1.5, 4.5, 0, 0, new Integer(input), 0.5
2, 8436, -3.5, 1.0, -1.5, 5.0, 0, 0, new Integer(input), 1.0
2, 8437, -3.5, 1.0, -1.0, 0.0, 5, 0, new Integer(), -1.5
2, 8438, -3.5, 1.0, -1.0, 0.5, 5, 0, new Integer(), -1.5
2, 8439, -3.5, 1.0, -1.0, 1.0, 5, 0, new Integer(), -1.5
2, 8440, -3.5, 1.0, -1.0, 1.5, 5, 0, new Integer(), -1.5
2, 8441, -3.5, 1.0, -1.0, 2.0, 5, 0, new Integer(), -1.5
2, 8442, -3.5, 1.0, -1.0, 2.5, 5, 0, new Integer(), -1.5
2, 8443, -3.5, 1.0, -1.0, 3.0, 5, 0, new Integer(), -1.5
2, 8444, -3.5, 1.0, -1.0, 3.5, 5, 1, new Integer(), -1.5
2, 8445, -3.5, 1.0, -1.0, 4.0, 5, 1, new Integer(), -1.5
2, 8446, -3.5, 1.0, -1.0, 4.5, 0, 0, new Integer(input), 0.5
2, 8447, -3.5, 1.0, -1.0, 5.0, 0, 0, new Integer(input), 1.0
2, 8448, -3.5, 1.0, -0.5, 0.0, 5, 0, new Integer(), -1.5
2, 8449, -3.5, 1.0, -0.5, 0.5, 5, 0, new Integer(), -1.5
2, 8450, -3.5, 1.0, -0.5, 1.0, 5, 0, new Integer(), -1.5
2, 8451, -3.5, 1.0, -0.5, 1.5, 5, 0, new Integer(), -1.5
2, 8452, -3.5, 1.0, -0.5, 2.0, 5, 0, new Integer(), -1.5
2, 8453, -3.5, 1.0, -0.5, 2.5, 5, 0, new Integer(), -1.5
2, 8454, -3.5, 1.0, -0.5, 3.0, 5, 1, new Integer(), -1.5
2, 8455, -3.5, 1.0, -0.5, 3.5, 5, 1, new Integer(), -1.5
2, 8456, -3.5, 1.0, -0.5, 4.0, 5, 3, new Integer(), -1.5
2, 8457, -3.5, 1.0, -0.5, 4.5, 0, 0, new Integer(input), 0.5
2, 8458, -3.5, 1.0, -0.5, 5.0, 0, 0, new Integer(input), 1.0
2, 8459, -3.5, 1.0, 0.0, 0.0, 5, 0, new Integer(), -1.5
2, 8460, -3.5, 1.0, 0.0, 0.5, 5, 0, new Integer(), -1.5
2, 8461, -3.5, 1.0, 0.0, 1.0, 5, 0, new Integer(), -1.5
2, 8462, -3.5, 1.0, 0.0, 1.5, 5, 0, new Integer(), -1.5
2, 8463, -3.5, 1.0, 0.0, 2.0, 5, 0, new Integer(), -1.5
2, 8464, -3.5, 1.0, 0.0, 2.5, 5, 1, new Integer(), -1.5
2, 8465, -3.5, 1.0, 0.0, 3.0, 5, 1, new Integer(), -1.5
2, 8466, -3.5, 1.0, 0.0, 3.5, 5, 3, new Integer(), -1.5
2, 8467, -3.5, 1.0, 0.0, 4.0, 5, 8, new Integer(), -1.5
2, 8468, -3.5, 1.0, 0.0, 4.5, 0, 4, new Integer(input), 0.5
2, 8469, -3.5, 1.0, 0.0, 5.0, 34, 9, this.main(new Task02(), args).compareTo(), 2.0
2, 8470, -3.0, 1.0, -5.0, 0.0, 5, 0, new Integer(), -1.0
2, 8471, -3.0, 1.0, -5.0, 0.5, 5, 0, new Integer(), -1.0
2, 8472, -3.0, 1.0, -5.0, 1.0, 5, 0, new Integer(), -1.0
2, 8473, -3.0, 1.0, -5.0, 1.5, 5, 0, new Integer(), -1.0
2, 8474, -3.0, 1.0, -5.0, 2.0, 5, 0, new Integer(), -1.0
2, 8475, -3.0, 1.0, -5.0, 2.5, 5, 0, new Integer(), -1.0
2, 8476, -3.0, 1.0, -5.0, 3.0, 5, 0, new Integer(), -1.0
2, 8477, -3.0, 1.0, -5.0, 3.5, 0, 0, new Integer(input), 0.5
2, 8478, -3.0, 1.0, -5.0, 4.0, 0, 0, new Integer(input), 1.0
2, 8479, -3.0, 1.0, -5.0, 4.5, 0, 0, new Integer(input), 1.5
2, 8480, -3.0, 1.0, -5.0, 5.0, 0, 0, new Integer(input), 2.0
2, 8481, -3.0, 1.0, -4.5, 0.0, 5, 0, new Integer(), -1.0
2, 8482, -3.0, 1.0, -4.5, 0.5, 5, 0, new Integer(), -1.0
2, 8483, -3.0, 1.0, -4.5, 1.0, 5, 0, new Integer(), -1.0
2, 8484, -3.0, 1.0, -4.5, 1.5, 5, 0, new Integer(), -1.0
2, 8485, -3.0, 1.0, -4.5, 2.0, 5, 0, new Integer(), -1.0
2, 8486, -3.0, 1.0, -4.5, 2.5, 5, 0, new Integer(), -1.0
2, 8487, -3.0, 1.0, -4.5, 3.0, 5, 0, new Integer(), -1.0
2, 8488, -3.0, 1.0, -4.5, 3.5, 0, 0, new Integer(input), 0.5
2, 8489, -3.0, 1.0, -4.5, 4.0, 0, 0, new Integer(input), 1.0
2, 8490, -3.0, 1.0, -4.5, 4.5, 0, 0, new Integer(input), 1.5
2, 8491, -3.0, 1.0, -4.5, 5.0, 0, 0, new Integer(input), 2.0
2, 8492, -3.0, 1.0, -4.0, 0.0, 5, 0, new Integer(), -1.0
2, 8493, -3.0, 1.0, -4.0, 0.5, 5, 0, new Integer(), -1.0
2, 8494, -3.0, 1.0, -4.0, 1.0, 5, 0, new Integer(), -1.0
2, 8495, -3.0, 1.0, -4.0, 1.5, 5, 0, new Integer(), -1.0
2, 8496, -3.0, 1.0, -4.0, 2.0, 5, 0, new Integer(), -1.0
2, 8497, -3.0, 1.0, -4.0, 2.5, 5, 0, new Integer(), -1.0
2, 8498, -3.0, 1.0, -4.0, 3.0, 5, 0, new Integer(), -1.0
2, 8499, -3.0, 1.0, -4.0, 3.5, 0, 0, new Integer(input), 0.5
2, 8500, -3.0, 1.0, -4.0, 4.0, 0, 0, new Integer(input), 1.0
2, 8501, -3.0, 1.0, -4.0, 4.5, 0, 0, new Integer(input), 1.5
2, 8502, -3.0, 1.0, -4.0, 5.0, 0, 0, new Integer(input), 2.0
2, 8503, -3.0, 1.0, -3.5, 0.0, 5, 0, new Integer(), -1.0
2, 8504, -3.0, 1.0, -3.5, 0.5, 5, 0, new Integer(), -1.0
2, 8505, -3.0, 1.0, -3.5, 1.0, 5, 0, new Integer(), -1.0
2, 8506, -3.0, 1.0, -3.5, 1.5, 5, 0, new Integer(), -1.0
2, 8507, -3.0, 1.0, -3.5, 2.0, 5, 0, new Integer(), -1.0
2, 8508, -3.0, 1.0, -3.5, 2.5, 5, 0, new Integer(), -1.0
2, 8509, -3.0, 1.0, -3.5, 3.0, 5, 0, new Integer(), -1.0
2, 8510, -3.0, 1.0, -3.5, 3.5, 0, 0, new Integer(input), 0.5
2, 8511, -3.0, 1.0, -3.5, 4.0, 0, 0, new Integer(input), 1.0
2, 8512, -3.0, 1.0, -3.5, 4.5, 0, 0, new Integer(input), 1.5
2, 8513, -3.0, 1.0, -3.5, 5.0, 0, 0, new Integer(input), 2.0
2, 8514, -3.0, 1.0, -3.0, 0.0, 5, 0, new Integer(), -1.0
2, 8515, -3.0, 1.0, -3.0, 0.5, 5, 0, new Integer(), -1.0
2, 8516, -3.0, 1.0, -3.0, 1.0, 5, 0, new Integer(), -1.0
2, 8517, -3.0, 1.0, -3.0, 1.5, 5, 0, new Integer(), -1.0
2, 8518, -3.0, 1.0, -3.0, 2.0, 5, 0, new Integer(), -1.0
2, 8519, -3.0, 1.0, -3.0, 2.5, 5, 0, new Integer(), -1.0
2, 8520, -3.0, 1.0, -3.0, 3.0, 5, 0, new Integer(), -1.0
2, 8521, -3.0, 1.0, -3.0, 3.5, 0, 0, new Integer(input), 0.5
2, 8522, -3.0, 1.0, -3.0, 4.0, 0, 0, new Integer(input), 1.0
2, 8523, -3.0, 1.0, -3.0, 4.5, 0, 0, new Integer(input), 1.5
2, 8524, -3.0, 1.0, -3.0, 5.0, 0, 0, new Integer(input), 2.0
2, 8525, -3.0, 1.0, -2.5, 0.0, 5, 0, new Integer(), -1.0
2, 8526, -3.0, 1.0, -2.5, 0.5, 5, 0, new Integer(), -1.0
2, 8527, -3.0, 1.0, -2.5, 1.0, 5, 0, new Integer(), -1.0
2, 8528, -3.0, 1.0, -2.5, 1.5, 5, 0, new Integer(), -1.0
2, 8529, -3.0, 1.0, -2.5, 2.0, 5, 0, new Integer(), -1.0
2, 8530, -3.0, 1.0, -2.5, 2.5, 5, 0, new Integer(), -1.0
2, 8531, -3.0, 1.0, -2.5, 3.0, 5, 0, new Integer(), -1.0
2, 8532, -3.0, 1.0, -2.5, 3.5, 0, 0, new Integer(input), 0.5
2, 8533, -3.0, 1.0, -2.5, 4.0, 0, 0, new Integer(input), 1.0
2, 8534, -3.0, 1.0, -2.5, 4.5, 0, 0, new Integer(input), 1.5
2, 8535, -3.0, 1.0, -2.5, 5.0, 0, 0, new Integer(input), 2.0
2, 8536, -3.0, 1.0, -2.0, 0.0, 5, 0, new Integer(), -1.0
2, 8537, -3.0, 1.0, -2.0, 0.5, 5, 0, new Integer(), -1.0
2, 8538, -3.0, 1.0, -2.0, 1.0, 5, 0, new Integer(), -1.0
2, 8539, -3.0, 1.0, -2.0, 1.5, 5, 0, new Integer(), -1.0
2, 8540, -3.0, 1.0, -2.0, 2.0, 5, 0, new Integer(), -1.0
2, 8541, -3.0, 1.0, -2.0, 2.5, 5, 0, new Integer(), -1.0
2, 8542, -3.0, 1.0, -2.0, 3.0, 5, 0, new Integer(), -1.0
2, 8543, -3.0, 1.0, -2.0, 3.5, 0, 0, new Integer(input), 0.5
2, 8544, -3.0, 1.0, -2.0, 4.0, 0, 0, new Integer(input), 1.0
2, 8545, -3.0, 1.0, -2.0, 4.5, 0, 0, new Integer(input), 1.5
2, 8546, -3.0, 1.0, -2.0, 5.0, 0, 0, new Integer(input), 2.0
2, 8547, -3.0, 1.0, -1.5, 0.0, 5, 0, new Integer(), -1.0
2, 8548, -3.0, 1.0, -1.5, 0.5, 5, 0, new Integer(), -1.0
2, 8549, -3.0, 1.0, -1.5, 1.0, 5, 0, new Integer(), -1.0
2, 8550, -3.0, 1.0, -1.5, 1.5, 5, 0, new Integer(), -1.0
2, 8551, -3.0, 1.0, -1.5, 2.0, 5, 0, new Integer(), -1.0
2, 8552, -3.0, 1.0, -1.5, 2.5, 5, 0, new Integer(), -1.0
2, 8553, -3.0, 1.0, -1.5, 3.0, 5, 0, new Integer(), -1.0
2, 8554, -3.0, 1.0, -1.5, 3.5, 0, 0, new Integer(input), 0.5
2, 8555, -3.0, 1.0, -1.5, 4.0, 0, 0, new Integer(input), 1.0
2, 8556, -3.0, 1.0, -1.5, 4.5, 0, 0, new Integer(input), 1.5
2, 8557, -3.0, 1.0, -1.5, 5.0, 0, 0, new Integer(input), 2.0
2, 8558, -3.0, 1.0, -1.0, 0.0, 5, 0, new Integer(), -1.0
2, 8559, -3.0, 1.0, -1.0, 0.5, 5, 0, new Integer(), -1.0
2, 8560, -3.0, 1.0, -1.0, 1.0, 5, 0, new Integer(), -1.0
2, 8561, -3.0, 1.0, -1.0, 1.5, 5, 0, new Integer(), -1.0
2, 8562, -3.0, 1.0, -1.0, 2.0, 5, 0, new Integer(), -1.0
2, 8563, -3.0, 1.0, -1.0, 2.5, 5, 0, new Integer(), -1.0
2, 8564, -3.0, 1.0, -1.0, 3.0, 5, 0, new Integer(), -1.0
2, 8565, -3.0, 1.0, -1.0, 3.5, 0, 0, new Integer(input), 0.5
2, 8566, -3.0, 1.0, -1.0, 4.0, 0, 0, new Integer(input), 1.0
2, 8567, -3.0, 1.0, -1.0, 4.5, 0, 0, new Integer(input), 1.5
2, 8568, -3.0, 1.0, -1.0, 5.0, 0, 0, new Integer(input), 2.0
2, 8569, -3.0, 1.0, -0.5, 0.0, 5, 0, new Integer(), -1.0
2, 8570, -3.0, 1.0, -0.5, 0.5, 5, 0, new Integer(), -1.0
2, 8571, -3.0, 1.0, -0.5, 1.0, 5, 0, new Integer(), -1.0
2, 8572, -3.0, 1.0, -0.5, 1.5, 5, 0, new Integer(), -1.0
2, 8573, -3.0, 1.0, -0.5, 2.0, 5, 0, new Integer(), -1.0
2, 8574, -3.0, 1.0, -0.5, 2.5, 5, 0, new Integer(), -1.0
2, 8575, -3.0, 1.0, -0.5, 3.0, 5, 1, new Integer(), -1.0
2, 8576, -3.0, 1.0, -0.5, 3.5, 0, 0, new Integer(input), 0.5
2, 8577, -3.0, 1.0, -0.5, 4.0, 0, 0, new Integer(input), 1.0
2, 8578, -3.0, 1.0, -0.5, 4.5, 0, 0, new Integer(input), 1.5
2, 8579, -3.0, 1.0, -0.5, 5.0, 0, 2, new Integer(input), 2.0
2, 8580, -3.0, 1.0, 0.0, 0.0, 5, 0, new Integer(), -1.0
2, 8581, -3.0, 1.0, 0.0, 0.5, 5, 0, new Integer(), -1.0
2, 8582, -3.0, 1.0, 0.0, 1.0, 5, 0, new Integer(), -1.0
2, 8583, -3.0, 1.0, 0.0, 1.5, 5, 0, new Integer(), -1.0
2, 8584, -3.0, 1.0, 0.0, 2.0, 5, 0, new Integer(), -1.0
2, 8585, -3.0, 1.0, 0.0, 2.5, 5, 1, new Integer(), -1.0
2, 8586, -3.0, 1.0, 0.0, 3.0, 5, 3, new Integer(), -1.0
2, 8587, -3.0, 1.0, 0.0, 3.5, 0, 0, new Integer(input), 0.5
2, 8588, -3.0, 1.0, 0.0, 4.0, 0, 3, new Integer(input), 1.0
2, 8589, -3.0, 1.0, 0.0, 4.5, 127, 7, output.insert(input, output, output).indexOf(new String(output, output, input), Character.offsetByCodePoints(output, output, output, output)), 6.5
2, 8590, -3.0, 1.0, 0.0, 5.0, 127, 8, output.insert(input, output, output).indexOf(new String(output, output, input), Character.offsetByCodePoints(output, output, output, output)), 12.0
2, 8591, -2.5, 1.0, -5.0, 0.0, 5, 0, new Integer(), -0.5
2, 8592, -2.5, 1.0, -5.0, 0.5, 5, 0, new Integer(), -0.5
2, 8593, -2.5, 1.0, -5.0, 1.0, 5, 0, new Integer(), -0.5
2, 8594, -2.5, 1.0, -5.0, 1.5, 5, 0, new Integer(), -0.5
2, 8595, -2.5, 1.0, -5.0, 2.0, 5, 0, new Integer(), -0.5
2, 8596, -2.5, 1.0, -5.0, 2.5, 0, 0, new Integer(input), 0.5
2, 8597, -2.5, 1.0, -5.0, 3.0, 0, 0, new Integer(input), 1.0
2, 8598, -2.5, 1.0, -5.0, 3.5, 0, 0, new Integer(input), 1.5
2, 8599, -2.5, 1.0, -5.0, 4.0, 0, 0, new Integer(input), 2.0
2, 8600, -2.5, 1.0, -5.0, 4.5, 0, 0, new Integer(input), 2.5
2, 8601, -2.5, 1.0, -5.0, 5.0, 0, 0, new Integer(input), 3.0
2, 8602, -2.5, 1.0, -4.5, 0.0, 5, 0, new Integer(), -0.5
2, 8603, -2.5, 1.0, -4.5, 0.5, 5, 0, new Integer(), -0.5
2, 8604, -2.5, 1.0, -4.5, 1.0, 5, 0, new Integer(), -0.5
2, 8605, -2.5, 1.0, -4.5, 1.5, 5, 0, new Integer(), -0.5
2, 8606, -2.5, 1.0, -4.5, 2.0, 5, 0, new Integer(), -0.5
2, 8607, -2.5, 1.0, -4.5, 2.5, 0, 0, new Integer(input), 0.5
2, 8608, -2.5, 1.0, -4.5, 3.0, 0, 0, new Integer(input), 1.0
2, 8609, -2.5, 1.0, -4.5, 3.5, 0, 0, new Integer(input), 1.5
2, 8610, -2.5, 1.0, -4.5, 4.0, 0, 0, new Integer(input), 2.0
2, 8611, -2.5, 1.0, -4.5, 4.5, 0, 0, new Integer(input), 2.5
2, 8612, -2.5, 1.0, -4.5, 5.0, 0, 0, new Integer(input), 3.0
2, 8613, -2.5, 1.0, -4.0, 0.0, 5, 0, new Integer(), -0.5
2, 8614, -2.5, 1.0, -4.0, 0.5, 5, 0, new Integer(), -0.5
2, 8615, -2.5, 1.0, -4.0, 1.0, 5, 0, new Integer(), -0.5
2, 8616, -2.5, 1.0, -4.0, 1.5, 5, 0, new Integer(), -0.5
2, 8617, -2.5, 1.0, -4.0, 2.0, 5, 0, new Integer(), -0.5
2, 8618, -2.5, 1.0, -4.0, 2.5, 0, 0, new Integer(input), 0.5
2, 8619, -2.5, 1.0, -4.0, 3.0, 0, 0, new Integer(input), 1.0
2, 8620, -2.5, 1.0, -4.0, 3.5, 0, 0, new Integer(input), 1.5
2, 8621, -2.5, 1.0, -4.0, 4.0, 0, 0, new Integer(input), 2.0
2, 8622, -2.5, 1.0, -4.0, 4.5, 0, 0, new Integer(input), 2.5
2, 8623, -2.5, 1.0, -4.0, 5.0, 0, 0, new Integer(input), 3.0
2, 8624, -2.5, 1.0, -3.5, 0.0, 5, 0, new Integer(), -0.5
2, 8625, -2.5, 1.0, -3.5, 0.5, 5, 0, new Integer(), -0.5
2, 8626, -2.5, 1.0, -3.5, 1.0, 5, 0, new Integer(), -0.5
2, 8627, -2.5, 1.0, -3.5, 1.5, 5, 0, new Integer(), -0.5
2, 8628, -2.5, 1.0, -3.5, 2.0, 5, 0, new Integer(), -0.5
2, 8629, -2.5, 1.0, -3.5, 2.5, 0, 0, new Integer(input), 0.5
2, 8630, -2.5, 1.0, -3.5, 3.0, 0, 0, new Integer(input), 1.0
2, 8631, -2.5, 1.0, -3.5, 3.5, 0, 0, new Integer(input), 1.5
2, 8632, -2.5, 1.0, -3.5, 4.0, 0, 0, new Integer(input), 2.0
2, 8633, -2.5, 1.0, -3.5, 4.5, 0, 0, new Integer(input), 2.5
2, 8634, -2.5, 1.0, -3.5, 5.0, 0, 0, new Integer(input), 3.0
2, 8635, -2.5, 1.0, -3.0, 0.0, 5, 0, new Integer(), -0.5
2, 8636, -2.5, 1.0, -3.0, 0.5, 5, 0, new Integer(), -0.5
2, 8637, -2.5, 1.0, -3.0, 1.0, 5, 0, new Integer(), -0.5
2, 8638, -2.5, 1.0, -3.0, 1.5, 5, 0, new Integer(), -0.5
2, 8639, -2.5, 1.0, -3.0, 2.0, 5, 0, new Integer(), -0.5
2, 8640, -2.5, 1.0, -3.0, 2.5, 0, 0, new Integer(input), 0.5
2, 8641, -2.5, 1.0, -3.0, 3.0, 0, 0, new Integer(input), 1.0
2, 8642, -2.5, 1.0, -3.0, 3.5, 0, 0, new Integer(input), 1.5
2, 8643, -2.5, 1.0, -3.0, 4.0, 0, 0, new Integer(input), 2.0
2, 8644, -2.5, 1.0, -3.0, 4.5, 0, 0, new Integer(input), 2.5
2, 8645, -2.5, 1.0, -3.0, 5.0, 0, 0, new Integer(input), 3.0
2, 8646, -2.5, 1.0, -2.5, 0.0, 5, 0, new Integer(), -0.5
2, 8647, -2.5, 1.0, -2.5, 0.5, 5, 0, new Integer(), -0.5
2, 8648, -2.5, 1.0, -2.5, 1.0, 5, 0, new Integer(), -0.5
2, 8649, -2.5, 1.0, -2.5, 1.5, 5, 0, new Integer(), -0.5
2, 8650, -2.5, 1.0, -2.5, 2.0, 5, 0, new Integer(), -0.5
2, 8651, -2.5, 1.0, -2.5, 2.5, 0, 0, new Integer(input), 0.5
2, 8652, -2.5, 1.0, -2.5, 3.0, 0, 0, new Integer(input), 1.0
2, 8653, -2.5, 1.0, -2.5, 3.5, 0, 0, new Integer(input), 1.5
2, 8654, -2.5, 1.0, -2.5, 4.0, 0, 0, new Integer(input), 2.0
2, 8655, -2.5, 1.0, -2.5, 4.5, 0, 0, new Integer(input), 2.5
2, 8656, -2.5, 1.0, -2.5, 5.0, 0, 0, new Integer(input), 3.0
2, 8657, -2.5, 1.0, -2.0, 0.0, 5, 0, new Integer(), -0.5
2, 8658, -2.5, 1.0, -2.0, 0.5, 5, 0, new Integer(), -0.5
2, 8659, -2.5, 1.0, -2.0, 1.0, 5, 0, new Integer(), -0.5
2, 8660, -2.5, 1.0, -2.0, 1.5, 5, 0, new Integer(), -0.5
2, 8661, -2.5, 1.0, -2.0, 2.0, 5, 0, new Integer(), -0.5
2, 8662, -2.5, 1.0, -2.0, 2.5, 0, 0, new Integer(input), 0.5
2, 8663, -2.5, 1.0, -2.0, 3.0, 0, 0, new Integer(input), 1.0
2, 8664, -2.5, 1.0, -2.0, 3.5, 0, 0, new Integer(input), 1.5
2, 8665, -2.5, 1.0, -2.0, 4.0, 0, 0, new Integer(input), 2.0
2, 8666, -2.5, 1.0, -2.0, 4.5, 0, 0, new Integer(input), 2.5
2, 8667, -2.5, 1.0, -2.0, 5.0, 0, 0, new Integer(input), 3.0
2, 8668, -2.5, 1.0, -1.5, 0.0, 5, 0, new Integer(), -0.5
2, 8669, -2.5, 1.0, -1.5, 0.5, 5, 0, new Integer(), -0.5
2, 8670, -2.5, 1.0, -1.5, 1.0, 5, 0, new Integer(), -0.5
2, 8671, -2.5, 1.0, -1.5, 1.5, 5, 0, new Integer(), -0.5
2, 8672, -2.5, 1.0, -1.5, 2.0, 5, 0, new Integer(), -0.5
2, 8673, -2.5, 1.0, -1.5, 2.5, 0, 0, new Integer(input), 0.5
2, 8674, -2.5, 1.0, -1.5, 3.0, 0, 0, new Integer(input), 1.0
2, 8675, -2.5, 1.0, -1.5, 3.5, 0, 0, new Integer(input), 1.5
2, 8676, -2.5, 1.0, -1.5, 4.0, 0, 0, new Integer(input), 2.0
2, 8677, -2.5, 1.0, -1.5, 4.5, 0, 0, new Integer(input), 2.5
2, 8678, -2.5, 1.0, -1.5, 5.0, 0, 0, new Integer(input), 3.0
2, 8679, -2.5, 1.0, -1.0, 0.0, 5, 0, new Integer(), -0.5
2, 8680, -2.5, 1.0, -1.0, 0.5, 5, 0, new Integer(), -0.5
2, 8681, -2.5, 1.0, -1.0, 1.0, 5, 0, new Integer(), -0.5
2, 8682, -2.5, 1.0, -1.0, 1.5, 5, 0, new Integer(), -0.5
2, 8683, -2.5, 1.0, -1.0, 2.0, 5, 0, new Integer(), -0.5
2, 8684, -2.5, 1.0, -1.0, 2.5, 0, 0, new Integer(input), 0.5
2, 8685, -2.5, 1.0, -1.0, 3.0, 0, 0, new Integer(input), 1.0
2, 8686, -2.5, 1.0, -1.0, 3.5, 0, 0, new Integer(input), 1.5
2, 8687, -2.5, 1.0, -1.0, 4.0, 0, 0, new Integer(input), 2.0
2, 8688, -2.5, 1.0, -1.0, 4.5, 0, 0, new Integer(input), 2.5
2, 8689, -2.5, 1.0, -1.0, 5.0, 0, 0, new Integer(input), 3.0
2, 8690, -2.5, 1.0, -0.5, 0.0, 5, 0, new Integer(), -0.5
2, 8691, -2.5, 1.0, -0.5, 0.5, 5, 0, new Integer(), -0.5
2, 8692, -2.5, 1.0, -0.5, 1.0, 5, 0, new Integer(), -0.5
2, 8693, -2.5, 1.0, -0.5, 1.5, 5, 0, new Integer(), -0.5
2, 8694, -2.5, 1.0, -0.5, 2.0, 5, 0, new Integer(), -0.5
2, 8695, -2.5, 1.0, -0.5, 2.5, 0, 0, new Integer(input), 0.5
2, 8696, -2.5, 1.0, -0.5, 3.0, 0, 0, new Integer(input), 1.0
2, 8697, -2.5, 1.0, -0.5, 3.5, 0, 0, new Integer(input), 1.5
2, 8698, -2.5, 1.0, -0.5, 4.0, 0, 0, new Integer(input), 2.0
2, 8699, -2.5, 1.0, -0.5, 4.5, 42, 5, new String(output, output, input).indexOf(input, output), 4.0
2, 8700, -2.5, 1.0, -0.5, 5.0, 83, 3, new String(output, output, input).compareTo(System.arraycopy(input, output, input, output, output)), 10.0
2, 8701, -2.5, 1.0, 0.0, 0.0, 5, 0, new Integer(), -0.5
2, 8702, -2.5, 1.0, 0.0, 0.5, 5, 0, new Integer(), -0.5
2, 8703, -2.5, 1.0, 0.0, 1.0, 5, 0, new Integer(), -0.5
2, 8704, -2.5, 1.0, 0.0, 1.5, 5, 0, new Integer(), -0.5
2, 8705, -2.5, 1.0, 0.0, 2.0, 5, 0, new Integer(), -0.5
2, 8706, -2.5, 1.0, 0.0, 2.5, 0, 0, new Integer(input), 0.5
2, 8707, -2.5, 1.0, 0.0, 3.0, 0, 0, new Integer(input), 1.0
2, 8708, -2.5, 1.0, 0.0, 3.5, 0, 8, new Integer(input), 1.5
2, 8709, -2.5, 1.0, 0.0, 4.0, 127, 7, output.insert(input, output, output).indexOf(new String(output, output, input), Character.offsetByCodePoints(output, output, output, output)), 8.5
2, 8710, -2.5, 1.0, 0.0, 4.5, 127, 7, output.insert(input, output, output).indexOf(new String(output, output, input), Character.offsetByCodePoints(output, output, output, output)), 14.0
2, 8711, -2.5, 1.0, 0.0, 5.0, 161, 7, output.insert(input, output, output).codePointCount(Character.offsetByCodePoints(output, output, output, output), Character.offsetByCodePoints(output, output, output, output)), 21.0
2, 8712, -2.0, 1.0, -5.0, 0.0, 5, 0, new Integer(), 0.0
2, 8713, -2.0, 1.0, -5.0, 0.5, 5, 0, new Integer(), 0.0
2, 8714, -2.0, 1.0, -5.0, 1.0, 5, 0, new Integer(), 0.0
2, 8715, -2.0, 1.0, -5.0, 1.5, 0, 0, new Integer(input), 0.5
2, 8716, -2.0, 1.0, -5.0, 2.0, 0, 0, new Integer(input), 1.0
2, 8717, -2.0, 1.0, -5.0, 2.5, 0, 0, new Integer(input), 1.5
2, 8718, -2.0, 1.0, -5.0, 3.0, 0, 0, new Integer(input), 2.0
2, 8719, -2.0, 1.0, -5.0, 3.5, 0, 0, new Integer(input), 2.5
2, 8720, -2.0, 1.0, -5.0, 4.0, 0, 0, new Integer(input), 3.0
2, 8721, -2.0, 1.0, -5.0, 4.5, 0, 0, new Integer(input), 3.5
2, 8722, -2.0, 1.0, -5.0, 5.0, 0, 0, new Integer(input), 4.0
2, 8723, -2.0, 1.0, -4.5, 0.0, 5, 0, new Integer(), 0.0
2, 8724, -2.0, 1.0, -4.5, 0.5, 5, 0, new Integer(), 0.0
2, 8725, -2.0, 1.0, -4.5, 1.0, 5, 0, new Integer(), 0.0
2, 8726, -2.0, 1.0, -4.5, 1.5, 0, 0, new Integer(input), 0.5
2, 8727, -2.0, 1.0, -4.5, 2.0, 0, 0, new Integer(input), 1.0
2, 8728, -2.0, 1.0, -4.5, 2.5, 0, 0, new Integer(input), 1.5
2, 8729, -2.0, 1.0, -4.5, 3.0, 0, 0, new Integer(input), 2.0
2, 8730, -2.0, 1.0, -4.5, 3.5, 0, 0, new Integer(input), 2.5
2, 8731, -2.0, 1.0, -4.5, 4.0, 0, 0, new Integer(input), 3.0
2, 8732, -2.0, 1.0, -4.5, 4.5, 0, 0, new Integer(input), 3.5
2, 8733, -2.0, 1.0, -4.5, 5.0, 0, 0, new Integer(input), 4.0
2, 8734, -2.0, 1.0, -4.0, 0.0, 5, 0, new Integer(), 0.0
2, 8735, -2.0, 1.0, -4.0, 0.5, 5, 0, new Integer(), 0.0
2, 8736, -2.0, 1.0, -4.0, 1.0, 5, 0, new Integer(), 0.0
2, 8737, -2.0, 1.0, -4.0, 1.5, 0, 0, new Integer(input), 0.5
2, 8738, -2.0, 1.0, -4.0, 2.0, 0, 0, new Integer(input), 1.0
2, 8739, -2.0, 1.0, -4.0, 2.5, 0, 0, new Integer(input), 1.5
2, 8740, -2.0, 1.0, -4.0, 3.0, 0, 0, new Integer(input), 2.0
2, 8741, -2.0, 1.0, -4.0, 3.5, 0, 0, new Integer(input), 2.5
2, 8742, -2.0, 1.0, -4.0, 4.0, 0, 0, new Integer(input), 3.0
2, 8743, -2.0, 1.0, -4.0, 4.5, 0, 0, new Integer(input), 3.5
2, 8744, -2.0, 1.0, -4.0, 5.0, 0, 0, new Integer(input), 4.0
2, 8745, -2.0, 1.0, -3.5, 0.0, 5, 0, new Integer(), 0.0
2, 8746, -2.0, 1.0, -3.5, 0.5, 5, 0, new Integer(), 0.0
2, 8747, -2.0, 1.0, -3.5, 1.0, 5, 0, new Integer(), 0.0
2, 8748, -2.0, 1.0, -3.5, 1.5, 0, 0, new Integer(input), 0.5
2, 8749, -2.0, 1.0, -3.5, 2.0, 0, 0, new Integer(input), 1.0
2, 8750, -2.0, 1.0, -3.5, 2.5, 0, 0, new Integer(input), 1.5
2, 8751, -2.0, 1.0, -3.5, 3.0, 0, 0, new Integer(input), 2.0
2, 8752, -2.0, 1.0, -3.5, 3.5, 0, 0, new Integer(input), 2.5
2, 8753, -2.0, 1.0, -3.5, 4.0, 0, 0, new Integer(input), 3.0
2, 8754, -2.0, 1.0, -3.5, 4.5, 0, 0, new Integer(input), 3.5
2, 8755, -2.0, 1.0, -3.5, 5.0, 0, 0, new Integer(input), 4.0
2, 8756, -2.0, 1.0, -3.0, 0.0, 5, 0, new Integer(), 0.0
2, 8757, -2.0, 1.0, -3.0, 0.5, 5, 0, new Integer(), 0.0
2, 8758, -2.0, 1.0, -3.0, 1.0, 5, 0, new Integer(), 0.0
2, 8759, -2.0, 1.0, -3.0, 1.5, 0, 0, new Integer(input), 0.5
2, 8760, -2.0, 1.0, -3.0, 2.0, 0, 0, new Integer(input), 1.0
2, 8761, -2.0, 1.0, -3.0, 2.5, 0, 0, new Integer(input), 1.5
2, 8762, -2.0, 1.0, -3.0, 3.0, 0, 0, new Integer(input), 2.0
2, 8763, -2.0, 1.0, -3.0, 3.5, 0, 0, new Integer(input), 2.5
2, 8764, -2.0, 1.0, -3.0, 4.0, 0, 0, new Integer(input), 3.0
2, 8765, -2.0, 1.0, -3.0, 4.5, 0, 0, new Integer(input), 3.5
2, 8766, -2.0, 1.0, -3.0, 5.0, 0, 0, new Integer(input), 4.0
2, 8767, -2.0, 1.0, -2.5, 0.0, 5, 0, new Integer(), 0.0
2, 8768, -2.0, 1.0, -2.5, 0.5, 5, 0, new Integer(), 0.0
2, 8769, -2.0, 1.0, -2.5, 1.0, 5, 0, new Integer(), 0.0
2, 8770, -2.0, 1.0, -2.5, 1.5, 0, 0, new Integer(input), 0.5
2, 8771, -2.0, 1.0, -2.5, 2.0, 0, 0, new Integer(input), 1.0
2, 8772, -2.0, 1.0, -2.5, 2.5, 0, 0, new Integer(input), 1.5
2, 8773, -2.0, 1.0, -2.5, 3.0, 0, 0, new Integer(input), 2.0
2, 8774, -2.0, 1.0, -2.5, 3.5, 0, 0, new Integer(input), 2.5
2, 8775, -2.0, 1.0, -2.5, 4.0, 0, 0, new Integer(input), 3.0
2, 8776, -2.0, 1.0, -2.5, 4.5, 0, 0, new Integer(input), 3.5
2, 8777, -2.0, 1.0, -2.5, 5.0, 0, 0, new Integer(input), 4.0
2, 8778, -2.0, 1.0, -2.0, 0.0, 5, 0, new Integer(), 0.0
2, 8779, -2.0, 1.0, -2.0, 0.5, 5, 0, new Integer(), 0.0
2, 8780, -2.0, 1.0, -2.0, 1.0, 5, 0, new Integer(), 0.0
2, 8781, -2.0, 1.0, -2.0, 1.5, 0, 0, new Integer(input), 0.5
2, 8782, -2.0, 1.0, -2.0, 2.0, 0, 0, new Integer(input), 1.0
2, 8783, -2.0, 1.0, -2.0, 2.5, 0, 0, new Integer(input), 1.5
2, 8784, -2.0, 1.0, -2.0, 3.0, 0, 0, new Integer(input), 2.0
2, 8785, -2.0, 1.0, -2.0, 3.5, 0, 0, new Integer(input), 2.5
2, 8786, -2.0, 1.0, -2.0, 4.0, 0, 0, new Integer(input), 3.0
2, 8787, -2.0, 1.0, -2.0, 4.5, 0, 0, new Integer(input), 3.5
2, 8788, -2.0, 1.0, -2.0, 5.0, 0, 0, new Integer(input), 4.0
2, 8789, -2.0, 1.0, -1.5, 0.0, 5, 0, new Integer(), 0.0
2, 8790, -2.0, 1.0, -1.5, 0.5, 5, 0, new Integer(), 0.0
2, 8791, -2.0, 1.0, -1.5, 1.0, 5, 0, new Integer(), 0.0
2, 8792, -2.0, 1.0, -1.5, 1.5, 0, 0, new Integer(input), 0.5
2, 8793, -2.0, 1.0, -1.5, 2.0, 0, 0, new Integer(input), 1.0
2, 8794, -2.0, 1.0, -1.5, 2.5, 0, 0, new Integer(input), 1.5
2, 8795, -2.0, 1.0, -1.5, 3.0, 0, 0, new Integer(input), 2.0
2, 8796, -2.0, 1.0, -1.5, 3.5, 0, 0, new Integer(input), 2.5
2, 8797, -2.0, 1.0, -1.5, 4.0, 0, 0, new Integer(input), 3.0
2, 8798, -2.0, 1.0, -1.5, 4.5, 0, 0, new Integer(input), 3.5
2, 8799, -2.0, 1.0, -1.5, 5.0, 22, 5, new Integer(input.replace(input, input)), 6.5
2, 8800, -2.0, 1.0, -1.0, 0.0, 5, 0, new Integer(), 0.0
2, 8801, -2.0, 1.0, -1.0, 0.5, 5, 0, new Integer(), 0.0
2, 8802, -2.0, 1.0, -1.0, 1.0, 5, 0, new Integer(), 0.0
2, 8803, -2.0, 1.0, -1.0, 1.5, 0, 0, new Integer(input), 0.5
2, 8804, -2.0, 1.0, -1.0, 2.0, 0, 0, new Integer(input), 1.0
2, 8805, -2.0, 1.0, -1.0, 2.5, 0, 0, new Integer(input), 1.5
2, 8806, -2.0, 1.0, -1.0, 3.0, 0, 0, new Integer(input), 2.0
2, 8807, -2.0, 1.0, -1.0, 3.5, 0, 0, new Integer(input), 2.5
2, 8808, -2.0, 1.0, -1.0, 4.0, 0, 0, new Integer(input), 3.0
2, 8809, -2.0, 1.0, -1.0, 4.5, 22, 9, new Integer(input.replace(input, input)), 5.5
2, 8810, -2.0, 1.0, -1.0, 5.0, 50, 7, input.replace(input, input).indexOf(input.replace(input, input)), 9.0
2, 8811, -2.0, 1.0, -0.5, 0.0, 5, 0, new Integer(), 0.0
2, 8812, -2.0, 1.0, -0.5, 0.5, 5, 0, new Integer(), 0.0
2, 8813, -2.0, 1.0, -0.5, 1.0, 5, 0, new Integer(), 0.0
2, 8814, -2.0, 1.0, -0.5, 1.5, 0, 0, new Integer(input), 0.5
2, 8815, -2.0, 1.0, -0.5, 2.0, 0, 0, new Integer(input), 1.0
2, 8816, -2.0, 1.0, -0.5, 2.5, 0, 0, new Integer(input), 1.5
2, 8817, -2.0, 1.0, -0.5, 3.0, 0, 0, new Integer(input), 2.0
2, 8818, -2.0, 1.0, -0.5, 3.5, 0, 0, new Integer(input), 2.5
2, 8819, -2.0, 1.0, -0.5, 4.0, 55, 8, new String(output, output, input).indexOf(input.replace(input, input)), 5.0
2, 8820, -2.0, 1.0, -0.5, 4.5, 95, 5, new String(output, output, input).indexOf(input.replace(input, input), Integer.getInteger(output, input, output)), 13.0
2, 8821, -2.0, 1.0, -0.5, 5.0, 95, 5, new String(output, output, input).indexOf(input.replace(input, input), Integer.getInteger(output, input, output)), 17.5
2, 8822, -2.0, 1.0, 0.0, 0.0, 5, 0, new Integer(), 0.0
2, 8823, -2.0, 1.0, 0.0, 0.5, 5, 0, new Integer(), 0.0
2, 8824, -2.0, 1.0, 0.0, 1.0, 5, 0, new Integer(), 0.0
2, 8825, -2.0, 1.0, 0.0, 1.5, 0, 0, new Integer(input), 0.5
2, 8826, -2.0, 1.0, 0.0, 2.0, 0, 0, new Integer(input), 1.0
2, 8827, -2.0, 1.0, 0.0, 2.5, 0, 0, new Integer(input), 1.5
2, 8828, -2.0, 1.0, 0.0, 3.0, 127, 4, output.insert(input, output, output).indexOf(new String(output, output, input), Character.offsetByCodePoints(output, output, output, output)), 5.0
2, 8829, -2.0, 1.0, 0.0, 3.5, 127, 7, output.insert(input, output, output).indexOf(new String(output, output, input), Character.offsetByCodePoints(output, output, output, output)), 10.5
2, 8830, -2.0, 1.0, 0.0, 4.0, 130, 9, output.insert(input, output, output).lastIndexOf(new String(output, output, input), Character.offsetByCodePoints(output, output, output, output)), 16.0
2, 8831, -2.0, 1.0, 0.0, 4.5, 161, 6, output.insert(input, output, output).codePointCount(Character.offsetByCodePoints(output, output, output, output), Character.offsetByCodePoints(output, output, output, output)), 23.0
2, 8832, -2.0, 1.0, 0.0, 5.0, 161, 6, output.insert(input, output, output).codePointCount(Character.offsetByCodePoints(output, output, output, output), Character.offsetByCodePoints(output, output, output, output)), 29.0
2, 8833, -1.5, 1.0, -5.0, 0.0, 5, 0, new Integer(), 0.5
2, 8834, -1.5, 1.0, -5.0, 0.5, 0, 1, new Integer(input), 0.5
2, 8835, -1.5, 1.0, -5.0, 1.0, 0, 0, new Integer(input), 1.0
2, 8836, -1.5, 1.0, -5.0, 1.5, 0, 0, new Integer(input), 1.5
2, 8837, -1.5, 1.0, -5.0, 2.0, 0, 0, new Integer(input), 2.0
2, 8838, -1.5, 1.0, -5.0, 2.5, 0, 0, new Integer(input), 2.5
2, 8839, -1.5, 1.0, -5.0, 3.0, 0, 0, new Integer(input), 3.0
2, 8840, -1.5, 1.0, -5.0, 3.5, 0, 0, new Integer(input), 3.5
2, 8841, -1.5, 1.0, -5.0, 4.0, 0, 0, new Integer(input), 4.0
2, 8842, -1.5, 1.0, -5.0, 4.5, 0, 0, new Integer(input), 4.5
2, 8843, -1.5, 1.0, -5.0, 5.0, 0, 0, new Integer(input), 5.0
2, 8844, -1.5, 1.0, -4.5, 0.0, 5, 0, new Integer(), 0.5
2, 8845, -1.5, 1.0, -4.5, 0.5, 0, 1, new Integer(input), 0.5
2, 8846, -1.5, 1.0, -4.5, 1.0, 0, 0, new Integer(input), 1.0
2, 8847, -1.5, 1.0, -4.5, 1.5, 0, 0, new Integer(input), 1.5
2, 8848, -1.5, 1.0, -4.5, 2.0, 0, 0, new Integer(input), 2.0
2, 8849, -1.5, 1.0, -4.5, 2.5, 0, 0, new Integer(input), 2.5
2, 8850, -1.5, 1.0, -4.5, 3.0, 0, 0, new Integer(input), 3.0
2, 8851, -1.5, 1.0, -4.5, 3.5, 0, 0, new Integer(input), 3.5
2, 8852, -1.5, 1.0, -4.5, 4.0, 0, 0, new Integer(input), 4.0
2, 8853, -1.5, 1.0, -4.5, 4.5, 0, 0, new Integer(input), 4.5
2, 8854, -1.5, 1.0, -4.5, 5.0, 0, 0, new Integer(input), 5.0
2, 8855, -1.5, 1.0, -4.0, 0.0, 5, 0, new Integer(), 0.5
2, 8856, -1.5, 1.0, -4.0, 0.5, 0, 1, new Integer(input), 0.5
2, 8857, -1.5, 1.0, -4.0, 1.0, 0, 0, new Integer(input), 1.0
2, 8858, -1.5, 1.0, -4.0, 1.5, 0, 0, new Integer(input), 1.5
2, 8859, -1.5, 1.0, -4.0, 2.0, 0, 0, new Integer(input), 2.0
2, 8860, -1.5, 1.0, -4.0, 2.5, 0, 0, new Integer(input), 2.5
2, 8861, -1.5, 1.0, -4.0, 3.0, 0, 0, new Integer(input), 3.0
2, 8862, -1.5, 1.0, -4.0, 3.5, 0, 0, new Integer(input), 3.5
2, 8863, -1.5, 1.0, -4.0, 4.0, 0, 0, new Integer(input), 4.0
2, 8864, -1.5, 1.0, -4.0, 4.5, 0, 0, new Integer(input), 4.5
2, 8865, -1.5, 1.0, -4.0, 5.0, 0, 0, new Integer(input), 5.0
2, 8866, -1.5, 1.0, -3.5, 0.0, 5, 0, new Integer(), 0.5
2, 8867, -1.5, 1.0, -3.5, 0.5, 0, 1, new Integer(input), 0.5
2, 8868, -1.5, 1.0, -3.5, 1.0, 0, 0, new Integer(input), 1.0
2, 8869, -1.5, 1.0, -3.5, 1.5, 0, 0, new Integer(input), 1.5
2, 8870, -1.5, 1.0, -3.5, 2.0, 0, 0, new Integer(input), 2.0
2, 8871, -1.5, 1.0, -3.5, 2.5, 0, 0, new Integer(input), 2.5
2, 8872, -1.5, 1.0, -3.5, 3.0, 0, 0, new Integer(input), 3.0
2, 8873, -1.5, 1.0, -3.5, 3.5, 0, 0, new Integer(input), 3.5
2, 8874, -1.5, 1.0, -3.5, 4.0, 0, 0, new Integer(input), 4.0
2, 8875, -1.5, 1.0, -3.5, 4.5, 0, 0, new Integer(input), 4.5
2, 8876, -1.5, 1.0, -3.5, 5.0, 0, 0, new Integer(input), 5.0
2, 8877, -1.5, 1.0, -3.0, 0.0, 5, 0, new Integer(), 0.5
2, 8878, -1.5, 1.0, -3.0, 0.5, 0, 1, new Integer(input), 0.5
2, 8879, -1.5, 1.0, -3.0, 1.0, 0, 0, new Integer(input), 1.0
2, 8880, -1.5, 1.0, -3.0, 1.5, 0, 0, new Integer(input), 1.5
2, 8881, -1.5, 1.0, -3.0, 2.0, 0, 0, new Integer(input), 2.0
2, 8882, -1.5, 1.0, -3.0, 2.5, 0, 0, new Integer(input), 2.5
2, 8883, -1.5, 1.0, -3.0, 3.0, 0, 0, new Integer(input), 3.0
2, 8884, -1.5, 1.0, -3.0, 3.5, 0, 0, new Integer(input), 3.5
2, 8885, -1.5, 1.0, -3.0, 4.0, 0, 0, new Integer(input), 4.0
2, 8886, -1.5, 1.0, -3.0, 4.5, 0, 0, new Integer(input), 4.5
2, 8887, -1.5, 1.0, -3.0, 5.0, 0, 1, new Integer(input), 5.0
2, 8888, -1.5, 1.0, -2.5, 0.0, 5, 0, new Integer(), 0.5
2, 8889, -1.5, 1.0, -2.5, 0.5, 0, 1, new Integer(input), 0.5
2, 8890, -1.5, 1.0, -2.5, 1.0, 0, 0, new Integer(input), 1.0
2, 8891, -1.5, 1.0, -2.5, 1.5, 0, 0, new Integer(input), 1.5
2, 8892, -1.5, 1.0, -2.5, 2.0, 0, 0, new Integer(input), 2.0
2, 8893, -1.5, 1.0, -2.5, 2.5, 0, 0, new Integer(input), 2.5
2, 8894, -1.5, 1.0, -2.5, 3.0, 0, 0, new Integer(input), 3.0
2, 8895, -1.5, 1.0, -2.5, 3.5, 0, 0, new Integer(input), 3.5
2, 8896, -1.5, 1.0, -2.5, 4.0, 0, 0, new Integer(input), 4.0
2, 8897, -1.5, 1.0, -2.5, 4.5, 0, 1, new Integer(input), 4.5
2, 8898, -1.5, 1.0, -2.5, 5.0, 22, 2, new Integer(input.replace(input, input)), 8.0
2, 8899, -1.5, 1.0, -2.0, 0.0, 5, 0, new Integer(), 0.5
2, 8900, -1.5, 1.0, -2.0, 0.5, 0, 1, new Integer(input), 0.5
2, 8901, -1.5, 1.0, -2.0, 1.0, 0, 0, new Integer(input), 1.0
2, 8902, -1.5, 1.0, -2.0, 1.5, 0, 0, new Integer(input), 1.5
2, 8903, -1.5, 1.0, -2.0, 2.0, 0, 0, new Integer(input), 2.0
2, 8904, -1.5, 1.0, -2.0, 2.5, 0, 0, new Integer(input), 2.5
2, 8905, -1.5, 1.0, -2.0, 3.0, 0, 0, new Integer(input), 3.0
2, 8906, -1.5, 1.0, -2.0, 3.5, 0, 0, new Integer(input), 3.5
2, 8907, -1.5, 1.0, -2.0, 4.0, 0, 0, new Integer(input), 4.0
2, 8908, -1.5, 1.0, -2.0, 4.5, 22, 2, new Integer(input.replace(input, input)), 7.0
2, 8909, -1.5, 1.0, -2.0, 5.0, 45, 9, Integer.decode(new Integer(input), input.replace(input, input)), 8.5
2, 8910, -1.5, 1.0, -1.5, 0.0, 5, 0, new Integer(), 0.5
2, 8911, -1.5, 1.0, -1.5, 0.5, 0, 1, new Integer(input), 0.5
2, 8912, -1.5, 1.0, -1.5, 1.0, 0, 0, new Integer(input), 1.0
2, 8913, -1.5, 1.0, -1.5, 1.5, 0, 0, new Integer(input), 1.5
2, 8914, -1.5, 1.0, -1.5, 2.0, 0, 0, new Integer(input), 2.0
2, 8915, -1.5, 1.0, -1.5, 2.5, 0, 0, new Integer(input), 2.5
2, 8916, -1.5, 1.0, -1.5, 3.0, 0, 0, new Integer(input), 3.0
2, 8917, -1.5, 1.0, -1.5, 3.5, 0, 0, new Integer(input), 3.5
2, 8918, -1.5, 1.0, -1.5, 4.0, 22, 3, new Integer(input.replace(input, input)), 6.0
2, 8919, -1.5, 1.0, -1.5, 4.5, 45, 7, input.replace(input, input).indexOf(new Integer(input), output), 7.5
2, 8920, -1.5, 1.0, -1.5, 5.0, 50, 6, input.replace(input, input).indexOf(input.replace(input, input)), 11.5
2, 8921, -1.5, 1.0, -1.0, 0.0, 5, 0, new Integer(), 0.5
2, 8922, -1.5, 1.0, -1.0, 0.5, 0, 1, new Integer(input), 0.5
2, 8923, -1.5, 1.0, -1.0, 1.0, 0, 0, new Integer(input), 1.0
2, 8924, -1.5, 1.0, -1.0, 1.5, 0, 0, new Integer(input), 1.5
2, 8925, -1.5, 1.0, -1.0, 2.0, 0, 0, new Integer(input), 2.0
2, 8926, -1.5, 1.0, -1.0, 2.5, 0, 0, new Integer(input), 2.5
2, 8927, -1.5, 1.0, -1.0, 3.0, 0, 0, new Integer(input), 3.0
2, 8928, -1.5, 1.0, -1.0, 3.5, 22, 3, new Integer(input.replace(input, input)), 5.0
2, 8929, -1.5, 1.0, -1.0, 4.0, 50, 7, input.replace(input, input).indexOf(input.replace(input, input)), 7.5
2, 8930, -1.5, 1.0, -1.0, 4.5, 90, 0, input.replace(input, input).indexOf(input.replace(input, input), Integer.getInteger(output, input, output)), 16.0
2, 8931, -1.5, 1.0, -1.0, 5.0, 90, 3, input.replace(input, input).indexOf(input.replace(input, input), Integer.getInteger(output, input, output)), 20.5
2, 8932, -1.5, 1.0, -0.5, 0.0, 5, 0, new Integer(), 0.5
2, 8933, -1.5, 1.0, -0.5, 0.5, 0, 1, new Integer(input), 0.5
2, 8934, -1.5, 1.0, -0.5, 1.0, 0, 0, new Integer(input), 1.0
2, 8935, -1.5, 1.0, -0.5, 1.5, 0, 0, new Integer(input), 1.5
2, 8936, -1.5, 1.0, -0.5, 2.0, 0, 0, new Integer(input), 2.0
2, 8937, -1.5, 1.0, -0.5, 2.5, 0, 0, new Integer(input), 2.5
2, 8938, -1.5, 1.0, -0.5, 3.0, 54, 9, Integer.valueOf(new Integer(input), input.replace(input, input), output), 4.0
2, 8939, -1.5, 1.0, -0.5, 3.5, 95, 3, new String(output, output, input).indexOf(input.replace(input, input), Integer.getInteger(output, input, output)), 10.5
2, 8940, -1.5, 1.0, -0.5, 4.0, 95, 5, new String(output, output, input).indexOf(input.replace(input, input), Integer.getInteger(output, input, output)), 15.0
2, 8941, -1.5, 1.0, -0.5, 4.5, 95, 8, new String(output, output, input).indexOf(input.replace(input, input), Integer.getInteger(output, input, output)), 19.5
2, 8942, -1.5, 1.0, -0.5, 5.0, 97, 6, input.regionMatches(output, input, output, output).compareTo(input.regionMatches(output, input, output, output)), 25.5
2, 8943, -1.5, 1.0, 0.0, 0.0, 5, 0, new Integer(), 0.5
2, 8944, -1.5, 1.0, 0.0, 0.5, 0, 1, new Integer(input), 0.5
2, 8945, -1.5, 1.0, 0.0, 1.0, 0, 0, new Integer(input), 1.0
2, 8946, -1.5, 1.0, 0.0, 1.5, 0, 0, new Integer(input), 1.5
2, 8947, -1.5, 1.0, 0.0, 2.0, 0, 2, new Integer(input), 2.0
2, 8948, -1.5, 1.0, 0.0, 2.5, 104, 3, output.insert(input, output, output).indexOf(new String(output, output, input), Integer.getInteger(output, input, output)), 7.0
2, 8949, -1.5, 1.0, 0.0, 3.0, 130, 9, output.insert(input, output, output).lastIndexOf(new String(output, output, input), Character.offsetByCodePoints(output, output, output, output)), 12.5
2, 8950, -1.5, 1.0, 0.0, 3.5, 130, 9, output.insert(input, output, output).lastIndexOf(new String(output, output, input), Character.offsetByCodePoints(output, output, output, output)), 18.0
2, 8951, -1.5, 1.0, 0.0, 4.0, 161, 6, output.insert(input, output, output).codePointCount(Character.offsetByCodePoints(output, output, output, output), Character.offsetByCodePoints(output, output, output, output)), 25.0
2, 8952, -1.5, 1.0, 0.0, 4.5, 161, 6, output.insert(input, output, output).codePointCount(Character.offsetByCodePoints(output, output, output, output), Character.offsetByCodePoints(output, output, output, output)), 31.0
2, 8953, -1.5, 1.0, 0.0, 5.0, 161, 6, output.insert(input, output, output).codePointCount(Character.offsetByCodePoints(output, output, output, output), Character.offsetByCodePoints(output, output, output, output)), 37.0
2, 8954, -1.0, 1.0, -5.0, 0.0, 0, 1, new Integer(input), 1.0
2, 8955, -1.0, 1.0, -5.0, 0.5, 0, 0, new Integer(input), 1.5
2, 8956, -1.0, 1.0, -5.0, 1.0, 0, 0, new Integer(input), 2.0
2, 8957, -1.0, 1.0, -5.0, 1.5, 0, 0, new Integer(input), 2.5
2, 8958, -1.0, 1.0, -5.0, 2.0, 0, 0, new Integer(input), 3.0
2, 8959, -1.0, 1.0, -5.0, 2.5, 0, 0, new Integer(input), 3.5
2, 8960, -1.0, 1.0, -5.0, 3.0, 0, 0, new Integer(input), 4.0
2, 8961, -1.0, 1.0, -5.0, 3.5, 0, 0, new Integer(input), 4.5
2, 8962, -1.0, 1.0, -5.0, 4.0, 0, 0, new Integer(input), 5.0
2, 8963, -1.0, 1.0, -5.0, 4.5, 0, 0, new Integer(input), 5.5
2, 8964, -1.0, 1.0, -5.0, 5.0, 0, 0, new Integer(input), 6.0
2, 8965, -1.0, 1.0, -4.5, 0.0, 0, 1, new Integer(input), 1.0
2, 8966, -1.0, 1.0, -4.5, 0.5, 0, 0, new Integer(input), 1.5
2, 8967, -1.0, 1.0, -4.5, 1.0, 0, 0, new Integer(input), 2.0
2, 8968, -1.0, 1.0, -4.5, 1.5, 0, 0, new Integer(input), 2.5
2, 8969, -1.0, 1.0, -4.5, 2.0, 0, 0, new Integer(input), 3.0
2, 8970, -1.0, 1.0, -4.5, 2.5, 0, 0, new Integer(input), 3.5
2, 8971, -1.0, 1.0, -4.5, 3.0, 0, 0, new Integer(input), 4.0
2, 8972, -1.0, 1.0, -4.5, 3.5, 0, 0, new Integer(input), 4.5
2, 8973, -1.0, 1.0, -4.5, 4.0, 0, 0, new Integer(input), 5.0
2, 8974, -1.0, 1.0, -4.5, 4.5, 0, 0, new Integer(input), 5.5
2, 8975, -1.0, 1.0, -4.5, 5.0, 0, 1, new Integer(input), 6.0
2, 8976, -1.0, 1.0, -4.0, 0.0, 0, 1, new Integer(input), 1.0
2, 8977, -1.0, 1.0, -4.0, 0.5, 0, 0, new Integer(input), 1.5
2, 8978, -1.0, 1.0, -4.0, 1.0, 0, 0, new Integer(input), 2.0
2, 8979, -1.0, 1.0, -4.0, 1.5, 0, 0, new Integer(input), 2.5
2, 8980, -1.0, 1.0, -4.0, 2.0, 0, 0, new Integer(input), 3.0
2, 8981, -1.0, 1.0, -4.0, 2.5, 0, 0, new Integer(input), 3.5
2, 8982, -1.0, 1.0, -4.0, 3.0, 0, 0, new Integer(input), 4.0
2, 8983, -1.0, 1.0, -4.0, 3.5, 0, 0, new Integer(input), 4.5
2, 8984, -1.0, 1.0, -4.0, 4.0, 0, 0, new Integer(input), 5.0
2, 8985, -1.0, 1.0, -4.0, 4.5, 0, 1, new Integer(input), 5.5
2, 8986, -1.0, 1.0, -4.0, 5.0, 0, 1, new Integer(input), 6.0
2, 8987, -1.0, 1.0, -3.5, 0.0, 0, 1, new Integer(input), 1.0
2, 8988, -1.0, 1.0, -3.5, 0.5, 0, 0, new Integer(input), 1.5
2, 8989, -1.0, 1.0, -3.5, 1.0, 0, 0, new Integer(input), 2.0
2, 8990, -1.0, 1.0, -3.5, 1.5, 0, 0, new Integer(input), 2.5
2, 8991, -1.0, 1.0, -3.5, 2.0, 0, 0, new Integer(input), 3.0
2, 8992, -1.0, 1.0, -3.5, 2.5, 0, 0, new Integer(input), 3.5
2, 8993, -1.0, 1.0, -3.5, 3.0, 0, 0, new Integer(input), 4.0
2, 8994, -1.0, 1.0, -3.5, 3.5, 0, 0, new Integer(input), 4.5
2, 8995, -1.0, 1.0, -3.5, 4.0, 0, 1, new Integer(input), 5.0
2, 8996, -1.0, 1.0, -3.5, 4.5, 0, 1, new Integer(input), 5.5
2, 8997, -1.0, 1.0, -3.5, 5.0, 22, 2, new Integer(input.replace(input, input)), 9.5
2, 8998, -1.0, 1.0, -3.0, 0.0, 0, 1, new Integer(input), 1.0
2, 8999, -1.0, 1.0, -3.0, 0.5, 0, 0, new Integer(input), 1.5
2, 9000, -1.0, 1.0, -3.0, 1.0, 0, 0, new Integer(input), 2.0
2, 9001, -1.0, 1.0, -3.0, 1.5, 0, 0, new Integer(input), 2.5
2, 9002, -1.0, 1.0, -3.0, 2.0, 0, 0, new Integer(input), 3.0
2, 9003, -1.0, 1.0, -3.0, 2.5, 0, 0, new Integer(input), 3.5
2, 9004, -1.0, 1.0, -3.0, 3.0, 0, 0, new Integer(input), 4.0
2, 9005, -1.0, 1.0, -3.0, 3.5, 0, 0, new Integer(input), 4.5
2, 9006, -1.0, 1.0, -3.0, 4.0, 0, 1, new Integer(input), 5.0
2, 9007, -1.0, 1.0, -3.0, 4.5, 22, 2, new Integer(input.replace(input, input)), 8.5
2, 9008, -1.0, 1.0, -3.0, 5.0, 22, 7, new Integer(input.replace(input, input)), 10.0
2, 9009, -1.0, 1.0, -2.5, 0.0, 0, 1, new Integer(input), 1.0
2, 9010, -1.0, 1.0, -2.5, 0.5, 0, 0, new Integer(input), 1.5
2, 9011, -1.0, 1.0, -2.5, 1.0, 0, 0, new Integer(input), 2.0
2, 9012, -1.0, 1.0, -2.5, 1.5, 0, 0, new Integer(input), 2.5
2, 9013, -1.0, 1.0, -2.5, 2.0, 0, 0, new Integer(input), 3.0
2, 9014, -1.0, 1.0, -2.5, 2.5, 0, 0, new Integer(input), 3.5
2, 9015, -1.0, 1.0, -2.5, 3.0, 0, 0, new Integer(input), 4.0
2, 9016, -1.0, 1.0, -2.5, 3.5, 0, 1, new Integer(input), 4.5
2, 9017, -1.0, 1.0, -2.5, 4.0, 22, 2, new Integer(input.replace(input, input)), 7.5
2, 9018, -1.0, 1.0, -2.5, 4.5, 22, 7, new Integer(input.replace(input, input)), 9.0
2, 9019, -1.0, 1.0, -2.5, 5.0, 45, 9, Integer.decode(new Integer(input), input.replace(input, input)), 11.0
2, 9020, -1.0, 1.0, -2.0, 0.0, 0, 1, new Integer(input), 1.0
2, 9021, -1.0, 1.0, -2.0, 0.5, 0, 0, new Integer(input), 1.5
2, 9022, -1.0, 1.0, -2.0, 1.0, 0, 0, new Integer(input), 2.0
2, 9023, -1.0, 1.0, -2.0, 1.5, 0, 0, new Integer(input), 2.5
2, 9024, -1.0, 1.0, -2.0, 2.0, 0, 0, new Integer(input), 3.0
2, 9025, -1.0, 1.0, -2.0, 2.5, 0, 0, new Integer(input), 3.5
2, 9026, -1.0, 1.0, -2.0, 3.0, 0, 0, new Integer(input), 4.0
2, 9027, -1.0, 1.0, -2.0, 3.5, 22, 2, new Integer(input.replace(input, input)), 6.5
2, 9028, -1.0, 1.0, -2.0, 4.0, 22, 7, new Integer(input.replace(input, input)), 8.0
2, 9029, -1.0, 1.0, -2.0, 4.5, 50, 5, input.replace(input, input).indexOf(input.replace(input, input)), 11.0
2, 9030, -1.0, 1.0, -2.0, 5.0, 50, 6, input.replace(input, input).indexOf(input.replace(input, input)), 14.0
2, 9031, -1.0, 1.0, -1.5, 0.0, 0, 1, new Integer(input), 1.0
2, 9032, -1.0, 1.0, -1.5, 0.5, 0, 0, new Integer(input), 1.5
2, 9033, -1.0, 1.0, -1.5, 1.0, 0, 0, new Integer(input), 2.0
2, 9034, -1.0, 1.0, -1.5, 1.5, 0, 0, new Integer(input), 2.5
2, 9035, -1.0, 1.0, -1.5, 2.0, 0, 0, new Integer(input), 3.0
2, 9036, -1.0, 1.0, -1.5, 2.5, 0, 0, new Integer(input), 3.5
2, 9037, -1.0, 1.0, -1.5, 3.0, 22, 2, new Integer(input.replace(input, input)), 5.5
2, 9038, -1.0, 1.0, -1.5, 3.5, 45, 9, Integer.decode(new Integer(input), input.replace(input, input)), 7.0
2, 9039, -1.0, 1.0, -1.5, 4.0, 50, 6, input.replace(input, input).indexOf(input.replace(input, input)), 10.0
2, 9040, -1.0, 1.0, -1.5, 4.5, 78, 9, input.replace(input, input).compareTo(System.arraycopy(input, output, input, output, output)), 15.5
2, 9041, -1.0, 1.0, -1.5, 5.0, 90, 0, input.replace(input, input).indexOf(input.replace(input, input), Integer.getInteger(output, input, output)), 23.5
2, 9042, -1.0, 1.0, -1.0, 0.0, 0, 1, new Integer(input), 1.0
2, 9043, -1.0, 1.0, -1.0, 0.5, 0, 0, new Integer(input), 1.5
2, 9044, -1.0, 1.0, -1.0, 1.0, 0, 0, new Integer(input), 2.0
2, 9045, -1.0, 1.0, -1.0, 1.5, 0, 0, new Integer(input), 2.5
2, 9046, -1.0, 1.0, -1.0, 2.0, 0, 0, new Integer(input), 3.0
2, 9047, -1.0, 1.0, -1.0, 2.5, 22, 2, new Integer(input.replace(input, input)), 4.5
2, 9048, -1.0, 1.0, -1.0, 3.0, 45, 4, input.replace(input, input).indexOf(new Integer(input), output), 6.0
2, 9049, -1.0, 1.0, -1.0, 3.5, 78, 9, input.replace(input, input).compareTo(System.arraycopy(input, output, input, output, output)), 11.0
2, 9050, -1.0, 1.0, -1.0, 4.0, 90, 0, input.replace(input, input).indexOf(input.replace(input, input), Integer.getInteger(output, input, output)), 18.0
2, 9051, -1.0, 1.0, -1.0, 4.5, 90, 2, input.replace(input, input).indexOf(input.replace(input, input), Integer.getInteger(output, input, output)), 22.5
2, 9052, -1.0, 1.0, -1.0, 5.0, 90, 5, input.replace(input, input).indexOf(input.replace(input, input), Integer.getInteger(output, input, output)), 27.0
2, 9053, -1.0, 1.0, -0.5, 0.0, 0, 1, new Integer(input), 1.0
2, 9054, -1.0, 1.0, -0.5, 0.5, 0, 0, new Integer(input), 1.5
2, 9055, -1.0, 1.0, -0.5, 1.0, 0, 0, new Integer(input), 2.0
2, 9056, -1.0, 1.0, -0.5, 1.5, 0, 0, new Integer(input), 2.5
2, 9057, -1.0, 1.0, -0.5, 2.0, 22, 2, new Integer(input.replace(input, input)), 3.5
2, 9058, -1.0, 1.0, -0.5, 2.5, 90, 0, input.replace(input, input).indexOf(input.replace(input, input), Integer.getInteger(output, input, output)), 8.0
2, 9059, -1.0, 1.0, -0.5, 3.0, 95, 2, new String(output, output, input).indexOf(input.replace(input, input), Integer.getInteger(output, input, output)), 12.5
2, 9060, -1.0, 1.0, -0.5, 3.5, 95, 7, new String(output, output, input).indexOf(input.replace(input, input), Integer.getInteger(output, input, output)), 17.0
2, 9061, -1.0, 1.0, -0.5, 4.0, 95, 8, new String(output, output, input).indexOf(input.replace(input, input), Integer.getInteger(output, input, output)), 21.5
2, 9062, -1.0, 1.0, -0.5, 4.5, 97, 7, input.regionMatches(output, input, output, output).compareTo(input.regionMatches(output, input, output, output)), 27.0
2, 9063, -1.0, 1.0, -0.5, 5.0, 97, 9, input.regionMatches(output, input, output, output).compareTo(input.regionMatches(output, input, output, output)), 32.0
2, 9064, -1.0, 1.0, 0.0, 0.0, 0, 1, new Integer(input), 1.0
2, 9065, -1.0, 1.0, 0.0, 0.5, 0, 0, new Integer(input), 1.5
2, 9066, -1.0, 1.0, 0.0, 1.0, 0, 0, new Integer(input), 2.0
2, 9067, -1.0, 1.0, 0.0, 1.5, 0, 3, new Integer(input), 2.5
2, 9068, -1.0, 1.0, 0.0, 2.0, 102, 8, Integer.getInteger(output, input, output).compareTo(input.regionMatches(new Boolean(), output, input, output, output)), 7.0
2, 9069, -1.0, 1.0, 0.0, 2.5, 130, 9, output.insert(input, output, output).lastIndexOf(new String(output, output, input), Character.offsetByCodePoints(output, output, output, output)), 14.5
2, 9070, -1.0, 1.0, 0.0, 3.0, 130, 9, output.insert(input, output, output).lastIndexOf(new String(output, output, input), Character.offsetByCodePoints(output, output, output, output)), 20.0
2, 9071, -1.0, 1.0, 0.0, 3.5, 161, 6, output.insert(input, output, output).codePointCount(Character.offsetByCodePoints(output, output, output, output), Character.offsetByCodePoints(output, output, output, output)), 27.0
2, 9072, -1.0, 1.0, 0.0, 4.0, 161, 6, output.insert(input, output, output).codePointCount(Character.offsetByCodePoints(output, output, output, output), Character.offsetByCodePoints(output, output, output, output)), 33.0
2, 9073, -1.0, 1.0, 0.0, 4.5, 161, 6, output.insert(input, output, output).codePointCount(Character.offsetByCodePoints(output, output, output, output), Character.offsetByCodePoints(output, output, output, output)), 39.0
2, 9074, -1.0, 1.0, 0.0, 5.0, 161, 6, output.insert(input, output, output).codePointCount(Character.offsetByCodePoints(output, output, output, output), Character.offsetByCodePoints(output, output, output, output)), 45.0
2, 9075, -0.5, 1.0, -5.0, 0.0, 0, 0, new Integer(input), 2.0
2, 9076, -0.5, 1.0, -5.0, 0.5, 0, 0, new Integer(input), 2.5
2, 9077, -0.5, 1.0, -5.0, 1.0, 0, 0, new Integer(input), 3.0
2, 9078, -0.5, 1.0, -5.0, 1.5, 0, 0, new Integer(input), 3.5
2, 9079, -0.5, 1.0, -5.0, 2.0, 0, 0, new Integer(input), 4.0
2, 9080, -0.5, 1.0, -5.0, 2.5, 0, 0, new Integer(input), 4.5
2, 9081, -0.5, 1.0, -5.0, 3.0, 0, 0, new Integer(input), 5.0
2, 9082, -0.5, 1.0, -5.0, 3.5, 0, 0, new Integer(input), 5.5
2, 9083, -0.5, 1.0, -5.0, 4.0, 0, 1, new Integer(input), 6.0
2, 9084, -0.5, 1.0, -5.0, 4.5, 0, 1, new Integer(input), 6.5
2, 9085, -0.5, 1.0, -5.0, 5.0, 0, 1, new Integer(input), 7.0
2, 9086, -0.5, 1.0, -4.5, 0.0, 0, 0, new Integer(input), 2.0
2, 9087, -0.5, 1.0, -4.5, 0.5, 0, 0, new Integer(input), 2.5
2, 9088, -0.5, 1.0, -4.5, 1.0, 0, 0, new Integer(input), 3.0
2, 9089, -0.5, 1.0, -4.5, 1.5, 0, 0, new Integer(input), 3.5
2, 9090, -0.5, 1.0, -4.5, 2.0, 0, 0, new Integer(input), 4.0
2, 9091, -0.5, 1.0, -4.5, 2.5, 0, 0, new Integer(input), 4.5
2, 9092, -0.5, 1.0, -4.5, 3.0, 0, 0, new Integer(input), 5.0
2, 9093, -0.5, 1.0, -4.5, 3.5, 0, 1, new Integer(input), 5.5
2, 9094, -0.5, 1.0, -4.5, 4.0, 0, 1, new Integer(input), 6.0
2, 9095, -0.5, 1.0, -4.5, 4.5, 0, 1, new Integer(input), 6.5
2, 9096, -0.5, 1.0, -4.5, 5.0, 13, 5, new Integer(new Integer(input)), 6.5
2, 9097, -0.5, 1.0, -4.0, 0.0, 0, 0, new Integer(input), 2.0
2, 9098, -0.5, 1.0, -4.0, 0.5, 0, 0, new Integer(input), 2.5
2, 9099, -0.5, 1.0, -4.0, 1.0, 0, 0, new Integer(input), 3.0
2, 9100, -0.5, 1.0, -4.0, 1.5, 0, 0, new Integer(input), 3.5
2, 9101, -0.5, 1.0, -4.0, 2.0, 0, 0, new Integer(input), 4.0
2, 9102, -0.5, 1.0, -4.0, 2.5, 0, 0, new Integer(input), 4.5
2, 9103, -0.5, 1.0, -4.0, 3.0, 0, 0, new Integer(input), 5.0
2, 9104, -0.5, 1.0, -4.0, 3.5, 0, 1, new Integer(input), 5.5
2, 9105, -0.5, 1.0, -4.0, 4.0, 0, 1, new Integer(input), 6.0
2, 9106, -0.5, 1.0, -4.0, 4.5, 13, 5, new Integer(new Integer(input)), 6.0
2, 9107, -0.5, 1.0, -4.0, 5.0, 22, 6, new Integer(input.replace(input, input)), 11.5
2, 9108, -0.5, 1.0, -3.5, 0.0, 0, 0, new Integer(input), 2.0
2, 9109, -0.5, 1.0, -3.5, 0.5, 0, 0, new Integer(input), 2.5
2, 9110, -0.5, 1.0, -3.5, 1.0, 0, 0, new Integer(input), 3.0
2, 9111, -0.5, 1.0, -3.5, 1.5, 0, 0, new Integer(input), 3.5
2, 9112, -0.5, 1.0, -3.5, 2.0, 0, 0, new Integer(input), 4.0
2, 9113, -0.5, 1.0, -3.5, 2.5, 0, 0, new Integer(input), 4.5
2, 9114, -0.5, 1.0, -3.5, 3.0, 0, 1, new Integer(input), 5.0
2, 9115, -0.5, 1.0, -3.5, 3.5, 0, 1, new Integer(input), 5.5
2, 9116, -0.5, 1.0, -3.5, 4.0, 13, 5, new Integer(new Integer(input)), 5.5
2, 9117, -0.5, 1.0, -3.5, 4.5, 22, 6, new Integer(input.replace(input, input)), 10.5
2, 9118, -0.5, 1.0, -3.5, 5.0, 22, 8, new Integer(input.replace(input, input)), 12.0
2, 9119, -0.5, 1.0, -3.0, 0.0, 0, 0, new Integer(input), 2.0
2, 9120, -0.5, 1.0, -3.0, 0.5, 0, 0, new Integer(input), 2.5
2, 9121, -0.5, 1.0, -3.0, 1.0, 0, 0, new Integer(input), 3.0
2, 9122, -0.5, 1.0, -3.0, 1.5, 0, 0, new Integer(input), 3.5
2, 9123, -0.5, 1.0, -3.0, 2.0, 0, 0, new Integer(input), 4.0
2, 9124, -0.5, 1.0, -3.0, 2.5, 0, 0, new Integer(input), 4.5
2, 9125, -0.5, 1.0, -3.0, 3.0, 0, 1, new Integer(input), 5.0
2, 9126, -0.5, 1.0, -3.0, 3.5, 13, 5, new Integer(new Integer(input)), 5.0
2, 9127, -0.5, 1.0, -3.0, 4.0, 22, 6, new Integer(input.replace(input, input)), 9.5
2, 9128, -0.5, 1.0, -3.0, 4.5, 22, 8, new Integer(input.replace(input, input)), 11.0
2, 9129, -0.5, 1.0, -3.0, 5.0, 49, 8, Integer.getInteger(new Integer(input), input.replace(input, input)), 13.5
2, 9130, -0.5, 1.0, -2.5, 0.0, 0, 0, new Integer(input), 2.0
2, 9131, -0.5, 1.0, -2.5, 0.5, 0, 0, new Integer(input), 2.5
2, 9132, -0.5, 1.0, -2.5, 1.0, 0, 0, new Integer(input), 3.0
2, 9133, -0.5, 1.0, -2.5, 1.5, 0, 0, new Integer(input), 3.5
2, 9134, -0.5, 1.0, -2.5, 2.0, 0, 0, new Integer(input), 4.0
2, 9135, -0.5, 1.0, -2.5, 2.5, 0, 1, new Integer(input), 4.5
2, 9136, -0.5, 1.0, -2.5, 3.0, 13, 5, new Integer(new Integer(input)), 4.5
2, 9137, -0.5, 1.0, -2.5, 3.5, 22, 6, new Integer(input.replace(input, input)), 8.5
2, 9138, -0.5, 1.0, -2.5, 4.0, 45, 9, Integer.decode(new Integer(input), input.replace(input, input)), 10.5
2, 9139, -0.5, 1.0, -2.5, 4.5, 50, 4, input.replace(input, input).indexOf(input.replace(input, input)), 13.5
2, 9140, -0.5, 1.0, -2.5, 5.0, 50, 6, input.replace(input, input).indexOf(input.replace(input, input)), 16.5
2, 9141, -0.5, 1.0, -2.0, 0.0, 0, 0, new Integer(input), 2.0
2, 9142, -0.5, 1.0, -2.0, 0.5, 0, 0, new Integer(input), 2.5
2, 9143, -0.5, 1.0, -2.0, 1.0, 0, 0, new Integer(input), 3.0
2, 9144, -0.5, 1.0, -2.0, 1.5, 0, 0, new Integer(input), 3.5
2, 9145, -0.5, 1.0, -2.0, 2.0, 0, 0, new Integer(input), 4.0
2, 9146, -0.5, 1.0, -2.0, 2.5, 13, 5, new Integer(new Integer(input)), 4.0
2, 9147, -0.5, 1.0, -2.0, 3.0, 22, 7, new Integer(input.replace(input, input)), 7.5
2, 9148, -0.5, 1.0, -2.0, 3.5, 49, 9, Integer.getInteger(new Integer(input), input.replace(input, input)), 9.5
2, 9149, -0.5, 1.0, -2.0, 4.0, 50, 5, input.replace(input, input).indexOf(input.replace(input, input)), 12.5
2, 9150, -0.5, 1.0, -2.0, 4.5, 78, 8, input.replace(input, input).compareTo(System.arraycopy(input, output, input, output, output)), 17.5
2, 9151, -0.5, 1.0, -2.0, 5.0, 78, 9, input.replace(input, input).compareTo(System.arraycopy(input, output, input, output, output)), 21.5
2, 9152, -0.5, 1.0, -1.5, 0.0, 0, 0, new Integer(input), 2.0
2, 9153, -0.5, 1.0, -1.5, 0.5, 0, 0, new Integer(input), 2.5
2, 9154, -0.5, 1.0, -1.5, 1.0, 0, 0, new Integer(input), 3.0
2, 9155, -0.5, 1.0, -1.5, 1.5, 0, 0, new Integer(input), 3.5
2, 9156, -0.5, 1.0, -1.5, 2.0, 13, 7, new Integer(new Integer(input)), 3.5
2, 9157, -0.5, 1.0, -1.5, 2.5, 22, 7, new Integer(input.replace(input, input)), 6.5
2, 9158, -0.5, 1.0, -1.5, 3.0, 49, 9, Integer.getInteger(new Integer(input), input.replace(input, input)), 8.5
2, 9159, -0.5, 1.0, -1.5, 3.5, 82, 7, input.replace(input, input).compareTo(System.arraycopy(input, new Integer(), input, output, output)), 13.0
2, 9160, -0.5, 1.0, -1.5, 4.0, 90, 0, input.replace(input, input).indexOf(input.replace(input, input), Integer.getInteger(output, input, output)), 21.0
2, 9161, -0.5, 1.0, -1.5, 4.5, 90, 0, input.replace(input, input).indexOf(input.replace(input, input), Integer.getInteger(output, input, output)), 25.5
2, 9162, -0.5, 1.0, -1.5, 5.0, 90, 0, input.replace(input, input).indexOf(input.replace(input, input), Integer.getInteger(output, input, output)), 30.0
2, 9163, -0.5, 1.0, -1.0, 0.0, 0, 0, new Integer(input), 2.0
2, 9164, -0.5, 1.0, -1.0, 0.5, 0, 0, new Integer(input), 2.5
2, 9165, -0.5, 1.0, -1.0, 1.0, 0, 0, new Integer(input), 3.0
2, 9166, -0.5, 1.0, -1.0, 1.5, 13, 5, new Integer(new Integer(input)), 3.0
2, 9167, -0.5, 1.0, -1.0, 2.0, 22, 9, new Integer(input.replace(input, input)), 5.5
2, 9168, -0.5, 1.0, -1.0, 2.5, 66, 0, input.replace(input, input).indexOf(input.replace(input, input), new Integer(input)), 11.0
2, 9169, -0.5, 1.0, -1.0, 3.0, 90, 0, input.replace(input, input).indexOf(input.replace(input, input), Integer.getInteger(output, input, output)), 15.5
2, 9170, -0.5, 1.0, -1.0, 3.5, 90, 0, input.replace(input, input).indexOf(input.replace(input, input), Integer.getInteger(output, input, output)), 20.0
2, 9171, -0.5, 1.0, -1.0, 4.0, 90, 3, input.replace(input, input).indexOf(input.replace(input, input), Integer.getInteger(output, input, output)), 24.5
2, 9172, -0.5, 1.0, -1.0, 4.5, 90, 6, input.replace(input, input).indexOf(input.replace(input, input), Integer.getInteger(output, input, output)), 29.0
2, 9173, -0.5, 1.0, -1.0, 5.0, 90, 6, input.replace(input, input).indexOf(input.replace(input, input), Integer.getInteger(output, input, output)), 33.5
2, 9174, -0.5, 1.0, -0.5, 0.0, 0, 0, new Integer(input), 2.0
2, 9175, -0.5, 1.0, -0.5, 0.5, 0, 0, new Integer(input), 2.5
2, 9176, -0.5, 1.0, -0.5, 1.0, 0, 0, new Integer(input), 3.0
2, 9177, -0.5, 1.0, -0.5, 1.5, 22, 7, new Integer(input.replace(input, input)), 4.5
2, 9178, -0.5, 1.0, -0.5, 2.0, 90, 0, input.replace(input, input).indexOf(input.replace(input, input), Integer.getInteger(output, input, output)), 10.0
2, 9179, -0.5, 1.0, -0.5, 2.5, 90, 2, input.replace(input, input).indexOf(input.replace(input, input), Integer.getInteger(output, input, output)), 14.5
2, 9180, -0.5, 1.0, -0.5, 3.0, 95, 6, new String(output, output, input).indexOf(input.replace(input, input), Integer.getInteger(output, input, output)), 19.0
2, 9181, -0.5, 1.0, -0.5, 3.5, 95, 7, new String(output, output, input).indexOf(input.replace(input, input), Integer.getInteger(output, input, output)), 23.5
2, 9182, -0.5, 1.0, -0.5, 4.0, 104, 4, output.insert(input, output, output).indexOf(new String(output, output, input), Integer.getInteger(output, input, output)), 30.0
2, 9183, -0.5, 1.0, -0.5, 4.5, 104, 4, output.insert(input, output, output).indexOf(new String(output, output, input), Integer.getInteger(output, input, output)), 35.0
2, 9184, -0.5, 1.0, -0.5, 5.0, 127, 4, output.insert(input, output, output).indexOf(new String(output, output, input), Character.offsetByCodePoints(output, output, output, output)), 40.5
2, 9185, -0.5, 1.0, 0.0, 0.0, 0, 0, new Integer(input), 2.0
2, 9186, -0.5, 1.0, 0.0, 0.5, 0, 0, new Integer(input), 2.5
2, 9187, -0.5, 1.0, 0.0, 1.0, 60, 7, new Integer().insert(input, output, output).offsetByCodePoints(output, output), 4.0
2, 9188, -0.5, 1.0, 0.0, 1.5, 126, 4, input.regionMatches(new Boolean(), output, input, output, output).compareTo(input.regionMatches(new Boolean(), output, input, output, output)), 9.5
2, 9189, -0.5, 1.0, 0.0, 2.0, 126, 4, input.regionMatches(new Boolean(), output, input, output, output).compareTo(input.regionMatches(new Boolean(), output, input, output, output)), 14.5
2, 9190, -0.5, 1.0, 0.0, 2.5, 130, 9, output.insert(input, output, output).lastIndexOf(new String(output, output, input), Character.offsetByCodePoints(output, output, output, output)), 22.0
2, 9191, -0.5, 1.0, 0.0, 3.0, 161, 6, output.insert(input, output, output).codePointCount(Character.offsetByCodePoints(output, output, output, output), Character.offsetByCodePoints(output, output, output, output)), 29.0
2, 9192, -0.5, 1.0, 0.0, 3.5, 161, 6, output.insert(input, output, output).codePointCount(Character.offsetByCodePoints(output, output, output, output), Character.offsetByCodePoints(output, output, output, output)), 35.0
2, 9193, -0.5, 1.0, 0.0, 4.0, 161, 6, output.insert(input, output, output).codePointCount(Character.offsetByCodePoints(output, output, output, output), Character.offsetByCodePoints(output, output, output, output)), 41.0
2, 9194, -0.5, 1.0, 0.0, 4.5, 161, 6, output.insert(input, output, output).codePointCount(Character.offsetByCodePoints(output, output, output, output), Character.offsetByCodePoints(output, output, output, output)), 47.0
2, 9195, -0.5, 1.0, 0.0, 5.0, 161, 6, output.insert(input, output, output).codePointCount(Character.offsetByCodePoints(output, output, output, output), Character.offsetByCodePoints(output, output, output, output)), 53.0
2, 9196, 0.0, 1.0, -5.0, 0.0, 0, 0, new Integer(input), 3.0
2, 9197, 0.0, 1.0, -5.0, 0.5, 0, 0, new Integer(input), 3.5
2, 9198, 0.0, 1.0, -5.0, 1.0, 0, 0, new Integer(input), 4.0
2, 9199, 0.0, 1.0, -5.0, 1.5, 0, 0, new Integer(input), 4.5
2, 9200, 0.0, 1.0, -5.0, 2.0, 0, 0, new Integer(input), 5.0
2, 9201, 0.0, 1.0, -5.0, 2.5, 0, 0, new Integer(input), 5.5
2, 9202, 0.0, 1.0, -5.0, 3.0, 0, 1, new Integer(input), 6.0
2, 9203, 0.0, 1.0, -5.0, 3.5, 0, 1, new Integer(input), 6.5
2, 9204, 0.0, 1.0, -5.0, 4.0, 0, 1, new Integer(input), 7.0
2, 9205, 0.0, 1.0, -5.0, 4.5, 13, 5, new Integer(new Integer(input)), 7.5
2, 9206, 0.0, 1.0, -5.0, 5.0, 22, 6, new Integer(input.replace(input, input)), 13.0
2, 9207, 0.0, 1.0, -4.5, 0.0, 0, 0, new Integer(input), 3.0
2, 9208, 0.0, 1.0, -4.5, 0.5, 0, 0, new Integer(input), 3.5
2, 9209, 0.0, 1.0, -4.5, 1.0, 0, 0, new Integer(input), 4.0
2, 9210, 0.0, 1.0, -4.5, 1.5, 0, 0, new Integer(input), 4.5
2, 9211, 0.0, 1.0, -4.5, 2.0, 0, 0, new Integer(input), 5.0
2, 9212, 0.0, 1.0, -4.5, 2.5, 0, 1, new Integer(input), 5.5
2, 9213, 0.0, 1.0, -4.5, 3.0, 0, 1, new Integer(input), 6.0
2, 9214, 0.0, 1.0, -4.5, 3.5, 0, 1, new Integer(input), 6.5
2, 9215, 0.0, 1.0, -4.5, 4.0, 13, 5, new Integer(new Integer(input)), 7.0
2, 9216, 0.0, 1.0, -4.5, 4.5, 22, 6, new Integer(input.replace(input, input)), 12.0
2, 9217, 0.0, 1.0, -4.5, 5.0, 22, 6, new Integer(input.replace(input, input)), 13.5
2, 9218, 0.0, 1.0, -4.0, 0.0, 0, 0, new Integer(input), 3.0
2, 9219, 0.0, 1.0, -4.0, 0.5, 0, 0, new Integer(input), 3.5
2, 9220, 0.0, 1.0, -4.0, 1.0, 0, 0, new Integer(input), 4.0
2, 9221, 0.0, 1.0, -4.0, 1.5, 0, 0, new Integer(input), 4.5
2, 9222, 0.0, 1.0, -4.0, 2.0, 0, 0, new Integer(input), 5.0
2, 9223, 0.0, 1.0, -4.0, 2.5, 0, 1, new Integer(input), 5.5
2, 9224, 0.0, 1.0, -4.0, 3.0, 0, 1, new Integer(input), 6.0
2, 9225, 0.0, 1.0, -4.0, 3.5, 13, 5, new Integer(new Integer(input)), 6.5
2, 9226, 0.0, 1.0, -4.0, 4.0, 22, 6, new Integer(input.replace(input, input)), 11.0
2, 9227, 0.0, 1.0, -4.0, 4.5, 22, 6, new Integer(input.replace(input, input)), 12.5
2, 9228, 0.0, 1.0, -4.0, 5.0, 22, 8, new Integer(input.replace(input, input)), 14.0
2, 9229, 0.0, 1.0, -3.5, 0.0, 0, 0, new Integer(input), 3.0
2, 9230, 0.0, 1.0, -3.5, 0.5, 0, 0, new Integer(input), 3.5
2, 9231, 0.0, 1.0, -3.5, 1.0, 0, 0, new Integer(input), 4.0
2, 9232, 0.0, 1.0, -3.5, 1.5, 0, 0, new Integer(input), 4.5
2, 9233, 0.0, 1.0, -3.5, 2.0, 0, 1, new Integer(input), 5.0
2, 9234, 0.0, 1.0, -3.5, 2.5, 0, 1, new Integer(input), 5.5
2, 9235, 0.0, 1.0, -3.5, 3.0, 13, 5, new Integer(new Integer(input)), 6.0
2, 9236, 0.0, 1.0, -3.5, 3.5, 22, 6, new Integer(input.replace(input, input)), 10.0
2, 9237, 0.0, 1.0, -3.5, 4.0, 22, 6, new Integer(input.replace(input, input)), 11.5
2, 9238, 0.0, 1.0, -3.5, 4.5, 45, 9, Integer.decode(new Integer(input), input.replace(input, input)), 14.0
2, 9239, 0.0, 1.0, -3.5, 5.0, 49, 9, Integer.getInteger(new Integer(input), input.replace(input, input)), 16.0
2, 9240, 0.0, 1.0, -3.0, 0.0, 0, 0, new Integer(input), 3.0
2, 9241, 0.0, 1.0, -3.0, 0.5, 0, 0, new Integer(input), 3.5
2, 9242, 0.0, 1.0, -3.0, 1.0, 0, 0, new Integer(input), 4.0
2, 9243, 0.0, 1.0, -3.0, 1.5, 0, 0, new Integer(input), 4.5
2, 9244, 0.0, 1.0, -3.0, 2.0, 0, 1, new Integer(input), 5.0
2, 9245, 0.0, 1.0, -3.0, 2.5, 13, 5, new Integer(new Integer(input)), 5.5
2, 9246, 0.0, 1.0, -3.0, 3.0, 22, 6, new Integer(input.replace(input, input)), 9.0
2, 9247, 0.0, 1.0, -3.0, 3.5, 22, 8, new Integer(input.replace(input, input)), 10.5
2, 9248, 0.0, 1.0, -3.0, 4.0, 45, 9, Integer.decode(new Integer(input), input.replace(input, input)), 13.0
2, 9249, 0.0, 1.0, -3.0, 4.5, 50, 8, input.replace(input, input).indexOf(input.replace(input, input)), 16.0
2, 9250, 0.0, 1.0, -3.0, 5.0, 50, 5, input.replace(input, input).indexOf(input.replace(input, input)), 19.0
2, 9251, 0.0, 1.0, -2.5, 0.0, 0, 0, new Integer(input), 3.0
2, 9252, 0.0, 1.0, -2.5, 0.5, 0, 0, new Integer(input), 3.5
2, 9253, 0.0, 1.0, -2.5, 1.0, 0, 0, new Integer(input), 4.0
2, 9254, 0.0, 1.0, -2.5, 1.5, 0, 1, new Integer(input), 4.5
2, 9255, 0.0, 1.0, -2.5, 2.0, 13, 5, new Integer(new Integer(input)), 5.0
2, 9256, 0.0, 1.0, -2.5, 2.5, 22, 7, new Integer(input.replace(input, input)), 8.0
2, 9257, 0.0, 1.0, -2.5, 3.0, 22, 8, new Integer(input.replace(input, input)), 9.5
2, 9258, 0.0, 1.0, -2.5, 3.5, 49, 9, Integer.getInteger(new Integer(input), input.replace(input, input)), 12.0
2, 9259, 0.0, 1.0, -2.5, 4.0, 50, 8, input.replace(input, input).indexOf(input.replace(input, input)), 15.0
2, 9260, 0.0, 1.0, -2.5, 4.5, 50, 9, input.replace(input, input).indexOf(input.replace(input, input)), 18.0
2, 9261, 0.0, 1.0, -2.5, 5.0, 78, 8, input.replace(input, input).compareTo(System.arraycopy(input, output, input, output, output)), 23.5
2, 9262, 0.0, 1.0, -2.0, 0.0, 0, 0, new Integer(input), 3.0
2, 9263, 0.0, 1.0, -2.0, 0.5, 0, 0, new Integer(input), 3.5
2, 9264, 0.0, 1.0, -2.0, 1.0, 0, 0, new Integer(input), 4.0
2, 9265, 0.0, 1.0, -2.0, 1.5, 13, 5, new Integer(new Integer(input)), 4.5
2, 9266, 0.0, 1.0, -2.0, 2.0, 22, 7, new Integer(input.replace(input, input)), 7.0
2, 9267, 0.0, 1.0, -2.0, 2.5, 45, 8, Integer.decode(new Integer(input), input.replace(input, input)), 9.0
2, 9268, 0.0, 1.0, -2.0, 3.0, 49, 9, Integer.getInteger(new Integer(input), input.replace(input, input)), 11.0
2, 9269, 0.0, 1.0, -2.0, 3.5, 50, 9, input.replace(input, input).indexOf(input.replace(input, input)), 14.0
2, 9270, 0.0, 1.0, -2.0, 4.0, 82, 8, input.replace(input, input).compareTo(System.arraycopy(input, new Integer(), input, output, output)), 19.0
2, 9271, 0.0, 1.0, -2.0, 4.5, 90, 0, input.replace(input, input).indexOf(input.replace(input, input), Integer.getInteger(output, input, output)), 28.5
2, 9272, 0.0, 1.0, -2.0, 5.0, 90, 0, input.replace(input, input).indexOf(input.replace(input, input), Integer.getInteger(output, input, output)), 33.0
2, 9273, 0.0, 1.0, -1.5, 0.0, 0, 0, new Integer(input), 3.0
2, 9274, 0.0, 1.0, -1.5, 0.5, 0, 0, new Integer(input), 3.5
2, 9275, 0.0, 1.0, -1.5, 1.0, 13, 3, new Integer(new Integer(input)), 4.0
2, 9276, 0.0, 1.0, -1.5, 1.5, 22, 7, new Integer(input.replace(input, input)), 6.0
2, 9277, 0.0, 1.0, -1.5, 2.0, 49, 8, Integer.getInteger(new Integer(input), input.replace(input, input)), 8.0
2, 9278, 0.0, 1.0, -1.5, 2.5, 50, 9, input.replace(input, input).indexOf(input.replace(input, input)), 10.0
2, 9279, 0.0, 1.0, -1.5, 3.0, 82, 8, input.replace(input, input).compareTo(System.arraycopy(input, new Integer(), input, output, output)), 15.0
2, 9280, 0.0, 1.0, -1.5, 3.5, 90, 0, input.replace(input, input).indexOf(input.replace(input, input), Integer.getInteger(output, input, output)), 23.0
2, 9281, 0.0, 1.0, -1.5, 4.0, 90, 0, input.replace(input, input).indexOf(input.replace(input, input), Integer.getInteger(output, input, output)), 27.5
2, 9282, 0.0, 1.0, -1.5, 4.5, 90, 2, input.replace(input, input).indexOf(input.replace(input, input), Integer.getInteger(output, input, output)), 32.0
2, 9283, 0.0, 1.0, -1.5, 5.0, 90, 4, input.replace(input, input).indexOf(input.replace(input, input), Integer.getInteger(output, input, output)), 36.5
2, 9284, 0.0, 1.0, -1.0, 0.0, 0, 0, new Integer(input), 3.0
2, 9285, 0.0, 1.0, -1.0, 0.5, 0, 0, new Integer(input), 3.5
2, 9286, 0.0, 1.0, -1.0, 1.0, 22, 5, new Integer(input.replace(input, input)), 5.0
2, 9287, 0.0, 1.0, -1.0, 1.5, 49, 8, Integer.getInteger(new Integer(input), input.replace(input, input)), 7.0
2, 9288, 0.0, 1.0, -1.0, 2.0, 57, 7, input.replace(input, input).indexOf(new Integer(input), new Integer(input)), 10.0
2, 9289, 0.0, 1.0, -1.0, 2.5, 90, 0, input.replace(input, input).indexOf(input.replace(input, input), Integer.getInteger(output, input, output)), 17.5
2, 9290, 0.0, 1.0, -1.0, 3.0, 90, 1, input.replace(input, input).indexOf(input.replace(input, input), Integer.getInteger(output, input, output)), 22.0
2, 9291, 0.0, 1.0, -1.0, 3.5, 90, 5, input.replace(input, input).indexOf(input.replace(input, input), Integer.getInteger(output, input, output)), 26.5
2, 9292, 0.0, 1.0, -1.0, 4.0, 90, 5, input.replace(input, input).indexOf(input.replace(input, input), Integer.getInteger(output, input, output)), 31.0
2, 9293, 0.0, 1.0, -1.0, 4.5, 90, 6, input.replace(input, input).indexOf(input.replace(input, input), Integer.getInteger(output, input, output)), 35.5
2, 9294, 0.0, 1.0, -1.0, 5.0, 90, 6, input.replace(input, input).indexOf(input.replace(input, input), Integer.getInteger(output, input, output)), 40.0
2, 9295, 0.0, 1.0, -0.5, 0.0, 0, 0, new Integer(input), 3.0
2, 9296, 0.0, 1.0, -0.5, 0.5, 22, 4, new Integer(input.replace(input, input)), 4.0
2, 9297, 0.0, 1.0, -0.5, 1.0, 49, 7, Integer.getInteger(new Integer(input), input.replace(input, input)), 6.0
2, 9298, 0.0, 1.0, -0.5, 1.5, 96, 6, new String(new Integer(), output, input).indexOf(input.replace(input, input), input.indexOf(input, new Integer())), 10.0
2, 9299, 0.0, 1.0, -0.5, 2.0, 90, 5, input.replace(input, input).indexOf(input.replace(input, input), Integer.getInteger(output, input, output)), 16.5
2, 9300, 0.0, 1.0, -0.5, 2.5, 90, 5, input.replace(input, input).indexOf(input.replace(input, input), Integer.getInteger(output, input, output)), 21.0
2, 9301, 0.0, 1.0, -0.5, 3.0, 95, 7, new String(output, output, input).indexOf(input.replace(input, input), Integer.getInteger(output, input, output)), 25.5
2, 9302, 0.0, 1.0, -0.5, 3.5, 104, 4, output.insert(input, output, output).indexOf(new String(output, output, input), Integer.getInteger(output, input, output)), 32.0
2, 9303, 0.0, 1.0, -0.5, 4.0, 104, 4, output.insert(input, output, output).indexOf(new String(output, output, input), Integer.getInteger(output, input, output)), 37.0
2, 9304, 0.0, 1.0, -0.5, 4.5, 127, 4, output.insert(input, output, output).indexOf(new String(output, output, input), Character.offsetByCodePoints(output, output, output, output)), 42.5
2, 9305, 0.0, 1.0, -0.5, 5.0, 127, 6, output.insert(input, output, output).indexOf(new String(output, output, input), Character.offsetByCodePoints(output, output, output, output)), 48.0
2, 9306, 0.0, 1.0, 0.0, 0.0, 45, 1, Math.max(Integer.parseInt(new Integer(), input), new Integer()), 3.0
2, 9307, 0.0, 1.0, 0.0, 0.5, 198, 4, new StringBuffer().insert(new Integer(), input, output, output).codePointCount(Character.offsetByCodePoints(new Integer(), output, output, output), Character.offsetByCodePoints(new Integer(), output, output, output)), 7.5
2, 9308, 0.0, 1.0, 0.0, 1.0, 152, 8, new StringBuilder().insert(new Integer(), input, output, output).indexOf(input.replace(input, input), Character.offsetByCodePoints(new Integer(), output, output, output)), 12.0
2, 9309, 0.0, 1.0, 0.0, 1.5, 146, 4, new StringBuffer().insert(output, input, output, output).indexOf(input.replace(input, input), Character.offsetByCodePoints(new Integer(), output, output, output)), 18.0
2, 9310, 0.0, 1.0, 0.0, 2.0, 146, 4, new StringBuffer().insert(output, input, output, output).indexOf(input.replace(input, input), Character.offsetByCodePoints(new Integer(), output, output, output)), 23.0
2, 9311, 0.0, 1.0, 0.0, 2.5, 213, 8, new StringBuffer().insert(output, input, output, output).codePointCount(Character.offsetByCodePoints(new Character(), output, output, output, output), Character.offsetByCodePoints(new Character(), output, output, output, output)), 32.0
2, 9312, 0.0, 1.0, 0.0, 3.0, 213, 8, new StringBuffer().insert(output, input, output, output).codePointCount(Character.offsetByCodePoints(new Character(), output, output, output, output), Character.offsetByCodePoints(new Character(), output, output, output, output)), 38.0
2, 9313, 0.0, 1.0, 0.0, 3.5, 213, 8, new StringBuffer().insert(output, input, output, output).codePointCount(Character.offsetByCodePoints(new Character(), output, output, output, output), Character.offsetByCodePoints(new Character(), output, output, output, output)), 44.0
2, 9314, 0.0, 1.0, 0.0, 4.0, 213, 8, new StringBuffer().insert(output, input, output, output).codePointCount(Character.offsetByCodePoints(new Character(), output, output, output, output), Character.offsetByCodePoints(new Character(), output, output, output, output)), 50.0
2, 9315, 0.0, 1.0, 0.0, 4.5, 213, 8, new StringBuffer().insert(output, input, output, output).codePointCount(Character.offsetByCodePoints(new Character(), output, output, output, output), Character.offsetByCodePoints(new Character(), output, output, output, output)), 56.0
2, 9316, 0.0, 1.0, 0.0, 5.0, 213, 8, new StringBuffer().insert(output, input, output, output).codePointCount(Character.offsetByCodePoints(new Character(), output, output, output, output), Character.offsetByCodePoints(new Character(), output, output, output, output)), 62.0
