7, 27951, -5.0, 1.0, -5.0, 0.0, 10, 0, x, -4.0
7, 27952, -5.0, 1.0, -5.0, 0.5, 10, 0, x, -3.5
7, 27953, -5.0, 1.0, -5.0, 1.0, 10, 0, x, -3.0
7, 27954, -5.0, 1.0, -5.0, 1.5, 10, 0, x, -2.5
7, 27955, -5.0, 1.0, -5.0, 2.0, 10, 0, x, -2.0
7, 27956, -5.0, 1.0, -5.0, 2.5, 10, 0, x, -1.5
7, 27957, -5.0, 1.0, -5.0, 3.0, 10, 0, x, -1.0
7, 27958, -5.0, 1.0, -5.0, 3.5, 10, 0, x, -0.5
7, 27959, -5.0, 1.0, -5.0, 4.0, 10, 0, x, 0.0
7, 27960, -5.0, 1.0, -5.0, 4.5, 10, 0, x, 0.5
7, 27961, -5.0, 1.0, -5.0, 5.0, 10, 0, x, 1.0
7, 27962, -5.0, 1.0, -4.5, 0.0, 10, 0, x, -4.0
7, 27963, -5.0, 1.0, -4.5, 0.5, 10, 0, x, -3.5
7, 27964, -5.0, 1.0, -4.5, 1.0, 10, 0, x, -3.0
7, 27965, -5.0, 1.0, -4.5, 1.5, 10, 0, x, -2.5
7, 27966, -5.0, 1.0, -4.5, 2.0, 10, 0, x, -2.0
7, 27967, -5.0, 1.0, -4.5, 2.5, 10, 0, x, -1.5
7, 27968, -5.0, 1.0, -4.5, 3.0, 10, 0, x, -1.0
7, 27969, -5.0, 1.0, -4.5, 3.5, 10, 0, x, -0.5
7, 27970, -5.0, 1.0, -4.5, 4.0, 10, 0, x, 0.0
7, 27971, -5.0, 1.0, -4.5, 4.5, 10, 0, x, 0.5
7, 27972, -5.0, 1.0, -4.5, 5.0, 10, 0, x, 1.0
7, 27973, -5.0, 1.0, -4.0, 0.0, 10, 0, x, -4.0
7, 27974, -5.0, 1.0, -4.0, 0.5, 10, 0, x, -3.5
7, 27975, -5.0, 1.0, -4.0, 1.0, 10, 0, x, -3.0
7, 27976, -5.0, 1.0, -4.0, 1.5, 10, 0, x, -2.5
7, 27977, -5.0, 1.0, -4.0, 2.0, 10, 0, x, -2.0
7, 27978, -5.0, 1.0, -4.0, 2.5, 10, 0, x, -1.5
7, 27979, -5.0, 1.0, -4.0, 3.0, 10, 0, x, -1.0
7, 27980, -5.0, 1.0, -4.0, 3.5, 10, 0, x, -0.5
7, 27981, -5.0, 1.0, -4.0, 4.0, 10, 0, x, 0.0
7, 27982, -5.0, 1.0, -4.0, 4.5, 10, 0, x, 0.5
7, 27983, -5.0, 1.0, -4.0, 5.0, 10, 0, x, 1.0
7, 27984, -5.0, 1.0, -3.5, 0.0, 10, 0, x, -4.0
7, 27985, -5.0, 1.0, -3.5, 0.5, 10, 0, x, -3.5
7, 27986, -5.0, 1.0, -3.5, 1.0, 10, 0, x, -3.0
7, 27987, -5.0, 1.0, -3.5, 1.5, 10, 0, x, -2.5
7, 27988, -5.0, 1.0, -3.5, 2.0, 10, 0, x, -2.0
7, 27989, -5.0, 1.0, -3.5, 2.5, 10, 0, x, -1.5
7, 27990, -5.0, 1.0, -3.5, 3.0, 10, 0, x, -1.0
7, 27991, -5.0, 1.0, -3.5, 3.5, 10, 0, x, -0.5
7, 27992, -5.0, 1.0, -3.5, 4.0, 10, 0, x, 0.0
7, 27993, -5.0, 1.0, -3.5, 4.5, 10, 0, x, 0.5
7, 27994, -5.0, 1.0, -3.5, 5.0, 10, 0, x, 1.0
7, 27995, -5.0, 1.0, -3.0, 0.0, 10, 0, x, -4.0
7, 27996, -5.0, 1.0, -3.0, 0.5, 10, 0, x, -3.5
7, 27997, -5.0, 1.0, -3.0, 1.0, 10, 0, x, -3.0
7, 27998, -5.0, 1.0, -3.0, 1.5, 10, 0, x, -2.5
7, 27999, -5.0, 1.0, -3.0, 2.0, 10, 0, x, -2.0
7, 28000, -5.0, 1.0, -3.0, 2.5, 10, 0, x, -1.5
7, 28001, -5.0, 1.0, -3.0, 3.0, 10, 0, x, -1.0
7, 28002, -5.0, 1.0, -3.0, 3.5, 10, 0, x, -0.5
7, 28003, -5.0, 1.0, -3.0, 4.0, 10, 0, x, 0.0
7, 28004, -5.0, 1.0, -3.0, 4.5, 10, 0, x, 0.5
7, 28005, -5.0, 1.0, -3.0, 5.0, 10, 0, x, 1.0
7, 28006, -5.0, 1.0, -2.5, 0.0, 10, 0, x, -4.0
7, 28007, -5.0, 1.0, -2.5, 0.5, 10, 0, x, -3.5
7, 28008, -5.0, 1.0, -2.5, 1.0, 10, 0, x, -3.0
7, 28009, -5.0, 1.0, -2.5, 1.5, 10, 0, x, -2.5
7, 28010, -5.0, 1.0, -2.5, 2.0, 10, 0, x, -2.0
7, 28011, -5.0, 1.0, -2.5, 2.5, 10, 0, x, -1.5
7, 28012, -5.0, 1.0, -2.5, 3.0, 10, 0, x, -1.0
7, 28013, -5.0, 1.0, -2.5, 3.5, 10, 0, x, -0.5
7, 28014, -5.0, 1.0, -2.5, 4.0, 10, 0, x, 0.0
7, 28015, -5.0, 1.0, -2.5, 4.5, 10, 0, x, 0.5
7, 28016, -5.0, 1.0, -2.5, 5.0, 10, 0, x, 1.0
7, 28017, -5.0, 1.0, -2.0, 0.0, 10, 0, x, -4.0
7, 28018, -5.0, 1.0, -2.0, 0.5, 10, 0, x, -3.5
7, 28019, -5.0, 1.0, -2.0, 1.0, 10, 0, x, -3.0
7, 28020, -5.0, 1.0, -2.0, 1.5, 10, 0, x, -2.5
7, 28021, -5.0, 1.0, -2.0, 2.0, 10, 0, x, -2.0
7, 28022, -5.0, 1.0, -2.0, 2.5, 10, 0, x, -1.5
7, 28023, -5.0, 1.0, -2.0, 3.0, 10, 0, x, -1.0
7, 28024, -5.0, 1.0, -2.0, 3.5, 10, 0, x, -0.5
7, 28025, -5.0, 1.0, -2.0, 4.0, 10, 0, x, 0.0
7, 28026, -5.0, 1.0, -2.0, 4.5, 10, 0, x, 0.5
7, 28027, -5.0, 1.0, -2.0, 5.0, 10, 0, x, 1.0
7, 28028, -5.0, 1.0, -1.5, 0.0, 10, 0, x, -4.0
7, 28029, -5.0, 1.0, -1.5, 0.5, 10, 0, x, -3.5
7, 28030, -5.0, 1.0, -1.5, 1.0, 10, 0, x, -3.0
7, 28031, -5.0, 1.0, -1.5, 1.5, 10, 0, x, -2.5
7, 28032, -5.0, 1.0, -1.5, 2.0, 10, 0, x, -2.0
7, 28033, -5.0, 1.0, -1.5, 2.5, 10, 0, x, -1.5
7, 28034, -5.0, 1.0, -1.5, 3.0, 10, 0, x, -1.0
7, 28035, -5.0, 1.0, -1.5, 3.5, 10, 0, x, -0.5
7, 28036, -5.0, 1.0, -1.5, 4.0, 10, 0, x, 0.0
7, 28037, -5.0, 1.0, -1.5, 4.5, 10, 0, x, 0.5
7, 28038, -5.0, 1.0, -1.5, 5.0, 10, 0, x, 1.0
7, 28039, -5.0, 1.0, -1.0, 0.0, 10, 0, x, -4.0
7, 28040, -5.0, 1.0, -1.0, 0.5, 10, 0, x, -3.5
7, 28041, -5.0, 1.0, -1.0, 1.0, 10, 0, x, -3.0
7, 28042, -5.0, 1.0, -1.0, 1.5, 10, 0, x, -2.5
7, 28043, -5.0, 1.0, -1.0, 2.0, 10, 0, x, -2.0
7, 28044, -5.0, 1.0, -1.0, 2.5, 10, 0, x, -1.5
7, 28045, -5.0, 1.0, -1.0, 3.0, 10, 0, x, -1.0
7, 28046, -5.0, 1.0, -1.0, 3.5, 10, 0, x, -0.5
7, 28047, -5.0, 1.0, -1.0, 4.0, 10, 0, x, 0.0
7, 28048, -5.0, 1.0, -1.0, 4.5, 10, 0, x, 0.5
7, 28049, -5.0, 1.0, -1.0, 5.0, 10, 0, x, 1.0
7, 28050, -5.0, 1.0, -0.5, 0.0, 10, 0, x, -4.0
7, 28051, -5.0, 1.0, -0.5, 0.5, 10, 0, x, -3.5
7, 28052, -5.0, 1.0, -0.5, 1.0, 10, 0, x, -3.0
7, 28053, -5.0, 1.0, -0.5, 1.5, 10, 0, x, -2.5
7, 28054, -5.0, 1.0, -0.5, 2.0, 10, 0, x, -2.0
7, 28055, -5.0, 1.0, -0.5, 2.5, 10, 0, x, -1.5
7, 28056, -5.0, 1.0, -0.5, 3.0, 10, 0, x, -1.0
7, 28057, -5.0, 1.0, -0.5, 3.5, 10, 0, x, -0.5
7, 28058, -5.0, 1.0, -0.5, 4.0, 10, 0, x, 0.0
7, 28059, -5.0, 1.0, -0.5, 4.5, 10, 0, x, 0.5
7, 28060, -5.0, 1.0, -0.5, 5.0, 10, 0, x, 1.0
7, 28061, -5.0, 1.0, 0.0, 0.0, 16, 0, Character.MIN_RADIX, -4.0
7, 28062, -5.0, 1.0, 0.0, 0.5, 10, 0, x, -3.5
7, 28063, -5.0, 1.0, 0.0, 1.0, 10, 0, x, -3.0
7, 28064, -5.0, 1.0, 0.0, 1.5, 10, 0, x, -2.5
7, 28065, -5.0, 1.0, 0.0, 2.0, 10, 0, x, -2.0
7, 28066, -5.0, 1.0, 0.0, 2.5, 10, 0, x, -1.5
7, 28067, -5.0, 1.0, 0.0, 3.0, 10, 0, x, -1.0
7, 28068, -5.0, 1.0, 0.0, 3.5, 10, 0, x, -0.5
7, 28069, -5.0, 1.0, 0.0, 4.0, 10, 0, x, 0.0
7, 28070, -5.0, 1.0, 0.0, 4.5, 10, 0, x, 0.5
7, 28071, -5.0, 1.0, 0.0, 5.0, 10, 0, x, 1.0
7, 28072, -4.5, 1.0, -5.0, 0.0, 10, 0, x, -3.5
7, 28073, -4.5, 1.0, -5.0, 0.5, 10, 0, x, -3.0
7, 28074, -4.5, 1.0, -5.0, 1.0, 10, 0, x, -2.5
7, 28075, -4.5, 1.0, -5.0, 1.5, 10, 0, x, -2.0
7, 28076, -4.5, 1.0, -5.0, 2.0, 10, 0, x, -1.5
7, 28077, -4.5, 1.0, -5.0, 2.5, 10, 0, x, -1.0
7, 28078, -4.5, 1.0, -5.0, 3.0, 10, 0, x, -0.5
7, 28079, -4.5, 1.0, -5.0, 3.5, 10, 0, x, 0.0
7, 28080, -4.5, 1.0, -5.0, 4.0, 10, 0, x, 0.5
7, 28081, -4.5, 1.0, -5.0, 4.5, 10, 0, x, 1.0
7, 28082, -4.5, 1.0, -5.0, 5.0, 10, 0, x, 1.5
7, 28083, -4.5, 1.0, -4.5, 0.0, 10, 0, x, -3.5
7, 28084, -4.5, 1.0, -4.5, 0.5, 10, 0, x, -3.0
7, 28085, -4.5, 1.0, -4.5, 1.0, 10, 0, x, -2.5
7, 28086, -4.5, 1.0, -4.5, 1.5, 10, 0, x, -2.0
7, 28087, -4.5, 1.0, -4.5, 2.0, 10, 0, x, -1.5
7, 28088, -4.5, 1.0, -4.5, 2.5, 10, 0, x, -1.0
7, 28089, -4.5, 1.0, -4.5, 3.0, 10, 0, x, -0.5
7, 28090, -4.5, 1.0, -4.5, 3.5, 10, 0, x, 0.0
7, 28091, -4.5, 1.0, -4.5, 4.0, 10, 0, x, 0.5
7, 28092, -4.5, 1.0, -4.5, 4.5, 10, 0, x, 1.0
7, 28093, -4.5, 1.0, -4.5, 5.0, 10, 0, x, 1.5
7, 28094, -4.5, 1.0, -4.0, 0.0, 10, 0, x, -3.5
7, 28095, -4.5, 1.0, -4.0, 0.5, 10, 0, x, -3.0
7, 28096, -4.5, 1.0, -4.0, 1.0, 10, 0, x, -2.5
7, 28097, -4.5, 1.0, -4.0, 1.5, 10, 0, x, -2.0
7, 28098, -4.5, 1.0, -4.0, 2.0, 10, 0, x, -1.5
7, 28099, -4.5, 1.0, -4.0, 2.5, 10, 0, x, -1.0
7, 28100, -4.5, 1.0, -4.0, 3.0, 10, 0, x, -0.5
7, 28101, -4.5, 1.0, -4.0, 3.5, 10, 0, x, 0.0
7, 28102, -4.5, 1.0, -4.0, 4.0, 10, 0, x, 0.5
7, 28103, -4.5, 1.0, -4.0, 4.5, 10, 0, x, 1.0
7, 28104, -4.5, 1.0, -4.0, 5.0, 10, 0, x, 1.5
7, 28105, -4.5, 1.0, -3.5, 0.0, 10, 0, x, -3.5
7, 28106, -4.5, 1.0, -3.5, 0.5, 10, 0, x, -3.0
7, 28107, -4.5, 1.0, -3.5, 1.0, 10, 0, x, -2.5
7, 28108, -4.5, 1.0, -3.5, 1.5, 10, 0, x, -2.0
7, 28109, -4.5, 1.0, -3.5, 2.0, 10, 0, x, -1.5
7, 28110, -4.5, 1.0, -3.5, 2.5, 10, 0, x, -1.0
7, 28111, -4.5, 1.0, -3.5, 3.0, 10, 0, x, -0.5
7, 28112, -4.5, 1.0, -3.5, 3.5, 10, 0, x, 0.0
7, 28113, -4.5, 1.0, -3.5, 4.0, 10, 0, x, 0.5
7, 28114, -4.5, 1.0, -3.5, 4.5, 10, 0, x, 1.0
7, 28115, -4.5, 1.0, -3.5, 5.0, 10, 0, x, 1.5
7, 28116, -4.5, 1.0, -3.0, 0.0, 10, 0, x, -3.5
7, 28117, -4.5, 1.0, -3.0, 0.5, 10, 0, x, -3.0
7, 28118, -4.5, 1.0, -3.0, 1.0, 10, 0, x, -2.5
7, 28119, -4.5, 1.0, -3.0, 1.5, 10, 0, x, -2.0
7, 28120, -4.5, 1.0, -3.0, 2.0, 10, 0, x, -1.5
7, 28121, -4.5, 1.0, -3.0, 2.5, 10, 0, x, -1.0
7, 28122, -4.5, 1.0, -3.0, 3.0, 10, 0, x, -0.5
7, 28123, -4.5, 1.0, -3.0, 3.5, 10, 0, x, 0.0
7, 28124, -4.5, 1.0, -3.0, 4.0, 10, 0, x, 0.5
7, 28125, -4.5, 1.0, -3.0, 4.5, 10, 0, x, 1.0
7, 28126, -4.5, 1.0, -3.0, 5.0, 10, 0, x, 1.5
7, 28127, -4.5, 1.0, -2.5, 0.0, 10, 0, x, -3.5
7, 28128, -4.5, 1.0, -2.5, 0.5, 10, 0, x, -3.0
7, 28129, -4.5, 1.0, -2.5, 1.0, 10, 0, x, -2.5
7, 28130, -4.5, 1.0, -2.5, 1.5, 10, 0, x, -2.0
7, 28131, -4.5, 1.0, -2.5, 2.0, 10, 0, x, -1.5
7, 28132, -4.5, 1.0, -2.5, 2.5, 10, 0, x, -1.0
7, 28133, -4.5, 1.0, -2.5, 3.0, 10, 0, x, -0.5
7, 28134, -4.5, 1.0, -2.5, 3.5, 10, 0, x, 0.0
7, 28135, -4.5, 1.0, -2.5, 4.0, 10, 0, x, 0.5
7, 28136, -4.5, 1.0, -2.5, 4.5, 10, 0, x, 1.0
7, 28137, -4.5, 1.0, -2.5, 5.0, 10, 0, x, 1.5
7, 28138, -4.5, 1.0, -2.0, 0.0, 10, 0, x, -3.5
7, 28139, -4.5, 1.0, -2.0, 0.5, 10, 0, x, -3.0
7, 28140, -4.5, 1.0, -2.0, 1.0, 10, 0, x, -2.5
7, 28141, -4.5, 1.0, -2.0, 1.5, 10, 0, x, -2.0
7, 28142, -4.5, 1.0, -2.0, 2.0, 10, 0, x, -1.5
7, 28143, -4.5, 1.0, -2.0, 2.5, 10, 0, x, -1.0
7, 28144, -4.5, 1.0, -2.0, 3.0, 10, 0, x, -0.5
7, 28145, -4.5, 1.0, -2.0, 3.5, 10, 0, x, 0.0
7, 28146, -4.5, 1.0, -2.0, 4.0, 10, 0, x, 0.5
7, 28147, -4.5, 1.0, -2.0, 4.5, 10, 0, x, 1.0
7, 28148, -4.5, 1.0, -2.0, 5.0, 10, 0, x, 1.5
7, 28149, -4.5, 1.0, -1.5, 0.0, 10, 0, x, -3.5
7, 28150, -4.5, 1.0, -1.5, 0.5, 10, 0, x, -3.0
7, 28151, -4.5, 1.0, -1.5, 1.0, 10, 0, x, -2.5
7, 28152, -4.5, 1.0, -1.5, 1.5, 10, 0, x, -2.0
7, 28153, -4.5, 1.0, -1.5, 2.0, 10, 0, x, -1.5
7, 28154, -4.5, 1.0, -1.5, 2.5, 10, 0, x, -1.0
7, 28155, -4.5, 1.0, -1.5, 3.0, 10, 0, x, -0.5
7, 28156, -4.5, 1.0, -1.5, 3.5, 10, 0, x, 0.0
7, 28157, -4.5, 1.0, -1.5, 4.0, 10, 0, x, 0.5
7, 28158, -4.5, 1.0, -1.5, 4.5, 10, 0, x, 1.0
7, 28159, -4.5, 1.0, -1.5, 5.0, 10, 0, x, 1.5
7, 28160, -4.5, 1.0, -1.0, 0.0, 10, 0, x, -3.5
7, 28161, -4.5, 1.0, -1.0, 0.5, 10, 0, x, -3.0
7, 28162, -4.5, 1.0, -1.0, 1.0, 10, 0, x, -2.5
7, 28163, -4.5, 1.0, -1.0, 1.5, 10, 0, x, -2.0
7, 28164, -4.5, 1.0, -1.0, 2.0, 10, 0, x, -1.5
7, 28165, -4.5, 1.0, -1.0, 2.5, 10, 0, x, -1.0
7, 28166, -4.5, 1.0, -1.0, 3.0, 10, 0, x, -0.5
7, 28167, -4.5, 1.0, -1.0, 3.5, 10, 0, x, 0.0
7, 28168, -4.5, 1.0, -1.0, 4.0, 10, 0, x, 0.5
7, 28169, -4.5, 1.0, -1.0, 4.5, 10, 0, x, 1.0
7, 28170, -4.5, 1.0, -1.0, 5.0, 10, 0, x, 1.5
7, 28171, -4.5, 1.0, -0.5, 0.0, 10, 0, x, -3.5
7, 28172, -4.5, 1.0, -0.5, 0.5, 10, 0, x, -3.0
7, 28173, -4.5, 1.0, -0.5, 1.0, 10, 0, x, -2.5
7, 28174, -4.5, 1.0, -0.5, 1.5, 10, 0, x, -2.0
7, 28175, -4.5, 1.0, -0.5, 2.0, 10, 0, x, -1.5
7, 28176, -4.5, 1.0, -0.5, 2.5, 10, 0, x, -1.0
7, 28177, -4.5, 1.0, -0.5, 3.0, 10, 0, x, -0.5
7, 28178, -4.5, 1.0, -0.5, 3.5, 10, 0, x, 0.0
7, 28179, -4.5, 1.0, -0.5, 4.0, 10, 0, x, 0.5
7, 28180, -4.5, 1.0, -0.5, 4.5, 10, 0, x, 1.0
7, 28181, -4.5, 1.0, -0.5, 5.0, 10, 0, x, 1.5
7, 28182, -4.5, 1.0, 0.0, 0.0, 16, 0, Character.MIN_RADIX, -3.5
7, 28183, -4.5, 1.0, 0.0, 0.5, 10, 0, x, -3.0
7, 28184, -4.5, 1.0, 0.0, 1.0, 10, 0, x, -2.5
7, 28185, -4.5, 1.0, 0.0, 1.5, 10, 0, x, -2.0
7, 28186, -4.5, 1.0, 0.0, 2.0, 10, 0, x, -1.5
7, 28187, -4.5, 1.0, 0.0, 2.5, 10, 0, x, -1.0
7, 28188, -4.5, 1.0, 0.0, 3.0, 10, 0, x, -0.5
7, 28189, -4.5, 1.0, 0.0, 3.5, 10, 0, x, 0.0
7, 28190, -4.5, 1.0, 0.0, 4.0, 10, 0, x, 0.5
7, 28191, -4.5, 1.0, 0.0, 4.5, 10, 0, x, 1.0
7, 28192, -4.5, 1.0, 0.0, 5.0, 10, 0, x, 1.5
7, 28193, -4.0, 1.0, -5.0, 0.0, 10, 0, x, -3.0
7, 28194, -4.0, 1.0, -5.0, 0.5, 10, 0, x, -2.5
7, 28195, -4.0, 1.0, -5.0, 1.0, 10, 0, x, -2.0
7, 28196, -4.0, 1.0, -5.0, 1.5, 10, 0, x, -1.5
7, 28197, -4.0, 1.0, -5.0, 2.0, 10, 0, x, -1.0
7, 28198, -4.0, 1.0, -5.0, 2.5, 10, 0, x, -0.5
7, 28199, -4.0, 1.0, -5.0, 3.0, 10, 0, x, 0.0
7, 28200, -4.0, 1.0, -5.0, 3.5, 10, 0, x, 0.5
7, 28201, -4.0, 1.0, -5.0, 4.0, 10, 0, x, 1.0
7, 28202, -4.0, 1.0, -5.0, 4.5, 10, 0, x, 1.5
7, 28203, -4.0, 1.0, -5.0, 5.0, 10, 0, x, 2.0
7, 28204, -4.0, 1.0, -4.5, 0.0, 10, 0, x, -3.0
7, 28205, -4.0, 1.0, -4.5, 0.5, 10, 0, x, -2.5
7, 28206, -4.0, 1.0, -4.5, 1.0, 10, 0, x, -2.0
7, 28207, -4.0, 1.0, -4.5, 1.5, 10, 0, x, -1.5
7, 28208, -4.0, 1.0, -4.5, 2.0, 10, 0, x, -1.0
7, 28209, -4.0, 1.0, -4.5, 2.5, 10, 0, x, -0.5
7, 28210, -4.0, 1.0, -4.5, 3.0, 10, 0, x, 0.0
7, 28211, -4.0, 1.0, -4.5, 3.5, 10, 0, x, 0.5
7, 28212, -4.0, 1.0, -4.5, 4.0, 10, 0, x, 1.0
7, 28213, -4.0, 1.0, -4.5, 4.5, 10, 0, x, 1.5
7, 28214, -4.0, 1.0, -4.5, 5.0, 10, 0, x, 2.0
7, 28215, -4.0, 1.0, -4.0, 0.0, 10, 0, x, -3.0
7, 28216, -4.0, 1.0, -4.0, 0.5, 10, 0, x, -2.5
7, 28217, -4.0, 1.0, -4.0, 1.0, 10, 0, x, -2.0
7, 28218, -4.0, 1.0, -4.0, 1.5, 10, 0, x, -1.5
7, 28219, -4.0, 1.0, -4.0, 2.0, 10, 0, x, -1.0
7, 28220, -4.0, 1.0, -4.0, 2.5, 10, 0, x, -0.5
7, 28221, -4.0, 1.0, -4.0, 3.0, 10, 0, x, 0.0
7, 28222, -4.0, 1.0, -4.0, 3.5, 10, 0, x, 0.5
7, 28223, -4.0, 1.0, -4.0, 4.0, 10, 0, x, 1.0
7, 28224, -4.0, 1.0, -4.0, 4.5, 10, 0, x, 1.5
7, 28225, -4.0, 1.0, -4.0, 5.0, 10, 0, x, 2.0
7, 28226, -4.0, 1.0, -3.5, 0.0, 10, 0, x, -3.0
7, 28227, -4.0, 1.0, -3.5, 0.5, 10, 0, x, -2.5
7, 28228, -4.0, 1.0, -3.5, 1.0, 10, 0, x, -2.0
7, 28229, -4.0, 1.0, -3.5, 1.5, 10, 0, x, -1.5
7, 28230, -4.0, 1.0, -3.5, 2.0, 10, 0, x, -1.0
7, 28231, -4.0, 1.0, -3.5, 2.5, 10, 0, x, -0.5
7, 28232, -4.0, 1.0, -3.5, 3.0, 10, 0, x, 0.0
7, 28233, -4.0, 1.0, -3.5, 3.5, 10, 0, x, 0.5
7, 28234, -4.0, 1.0, -3.5, 4.0, 10, 0, x, 1.0
7, 28235, -4.0, 1.0, -3.5, 4.5, 10, 0, x, 1.5
7, 28236, -4.0, 1.0, -3.5, 5.0, 10, 0, x, 2.0
7, 28237, -4.0, 1.0, -3.0, 0.0, 10, 0, x, -3.0
7, 28238, -4.0, 1.0, -3.0, 0.5, 10, 0, x, -2.5
7, 28239, -4.0, 1.0, -3.0, 1.0, 10, 0, x, -2.0
7, 28240, -4.0, 1.0, -3.0, 1.5, 10, 0, x, -1.5
7, 28241, -4.0, 1.0, -3.0, 2.0, 10, 0, x, -1.0
7, 28242, -4.0, 1.0, -3.0, 2.5, 10, 0, x, -0.5
7, 28243, -4.0, 1.0, -3.0, 3.0, 10, 0, x, 0.0
7, 28244, -4.0, 1.0, -3.0, 3.5, 10, 0, x, 0.5
7, 28245, -4.0, 1.0, -3.0, 4.0, 10, 0, x, 1.0
7, 28246, -4.0, 1.0, -3.0, 4.5, 10, 0, x, 1.5
7, 28247, -4.0, 1.0, -3.0, 5.0, 10, 0, x, 2.0
7, 28248, -4.0, 1.0, -2.5, 0.0, 10, 0, x, -3.0
7, 28249, -4.0, 1.0, -2.5, 0.5, 10, 0, x, -2.5
7, 28250, -4.0, 1.0, -2.5, 1.0, 10, 0, x, -2.0
7, 28251, -4.0, 1.0, -2.5, 1.5, 10, 0, x, -1.5
7, 28252, -4.0, 1.0, -2.5, 2.0, 10, 0, x, -1.0
7, 28253, -4.0, 1.0, -2.5, 2.5, 10, 0, x, -0.5
7, 28254, -4.0, 1.0, -2.5, 3.0, 10, 0, x, 0.0
7, 28255, -4.0, 1.0, -2.5, 3.5, 10, 0, x, 0.5
7, 28256, -4.0, 1.0, -2.5, 4.0, 10, 0, x, 1.0
7, 28257, -4.0, 1.0, -2.5, 4.5, 10, 0, x, 1.5
7, 28258, -4.0, 1.0, -2.5, 5.0, 10, 0, x, 2.0
7, 28259, -4.0, 1.0, -2.0, 0.0, 10, 0, x, -3.0
7, 28260, -4.0, 1.0, -2.0, 0.5, 10, 0, x, -2.5
7, 28261, -4.0, 1.0, -2.0, 1.0, 10, 0, x, -2.0
7, 28262, -4.0, 1.0, -2.0, 1.5, 10, 0, x, -1.5
7, 28263, -4.0, 1.0, -2.0, 2.0, 10, 0, x, -1.0
7, 28264, -4.0, 1.0, -2.0, 2.5, 10, 0, x, -0.5
7, 28265, -4.0, 1.0, -2.0, 3.0, 10, 0, x, 0.0
7, 28266, -4.0, 1.0, -2.0, 3.5, 10, 0, x, 0.5
7, 28267, -4.0, 1.0, -2.0, 4.0, 10, 0, x, 1.0
7, 28268, -4.0, 1.0, -2.0, 4.5, 10, 0, x, 1.5
7, 28269, -4.0, 1.0, -2.0, 5.0, 10, 0, x, 2.0
7, 28270, -4.0, 1.0, -1.5, 0.0, 10, 0, x, -3.0
7, 28271, -4.0, 1.0, -1.5, 0.5, 10, 0, x, -2.5
7, 28272, -4.0, 1.0, -1.5, 1.0, 10, 0, x, -2.0
7, 28273, -4.0, 1.0, -1.5, 1.5, 10, 0, x, -1.5
7, 28274, -4.0, 1.0, -1.5, 2.0, 10, 0, x, -1.0
7, 28275, -4.0, 1.0, -1.5, 2.5, 10, 0, x, -0.5
7, 28276, -4.0, 1.0, -1.5, 3.0, 10, 0, x, 0.0
7, 28277, -4.0, 1.0, -1.5, 3.5, 10, 0, x, 0.5
7, 28278, -4.0, 1.0, -1.5, 4.0, 10, 0, x, 1.0
7, 28279, -4.0, 1.0, -1.5, 4.5, 10, 0, x, 1.5
7, 28280, -4.0, 1.0, -1.5, 5.0, 10, 0, x, 2.0
7, 28281, -4.0, 1.0, -1.0, 0.0, 10, 0, x, -3.0
7, 28282, -4.0, 1.0, -1.0, 0.5, 10, 0, x, -2.5
7, 28283, -4.0, 1.0, -1.0, 1.0, 10, 0, x, -2.0
7, 28284, -4.0, 1.0, -1.0, 1.5, 10, 0, x, -1.5
7, 28285, -4.0, 1.0, -1.0, 2.0, 10, 0, x, -1.0
7, 28286, -4.0, 1.0, -1.0, 2.5, 10, 0, x, -0.5
7, 28287, -4.0, 1.0, -1.0, 3.0, 10, 0, x, 0.0
7, 28288, -4.0, 1.0, -1.0, 3.5, 10, 0, x, 0.5
7, 28289, -4.0, 1.0, -1.0, 4.0, 10, 0, x, 1.0
7, 28290, -4.0, 1.0, -1.0, 4.5, 10, 0, x, 1.5
7, 28291, -4.0, 1.0, -1.0, 5.0, 10, 0, x, 2.0
7, 28292, -4.0, 1.0, -0.5, 0.0, 10, 0, x, -3.0
7, 28293, -4.0, 1.0, -0.5, 0.5, 10, 0, x, -2.5
7, 28294, -4.0, 1.0, -0.5, 1.0, 10, 0, x, -2.0
7, 28295, -4.0, 1.0, -0.5, 1.5, 10, 0, x, -1.5
7, 28296, -4.0, 1.0, -0.5, 2.0, 10, 0, x, -1.0
7, 28297, -4.0, 1.0, -0.5, 2.5, 10, 0, x, -0.5
7, 28298, -4.0, 1.0, -0.5, 3.0, 10, 0, x, 0.0
7, 28299, -4.0, 1.0, -0.5, 3.5, 10, 0, x, 0.5
7, 28300, -4.0, 1.0, -0.5, 4.0, 10, 0, x, 1.0
7, 28301, -4.0, 1.0, -0.5, 4.5, 10, 0, x, 1.5
7, 28302, -4.0, 1.0, -0.5, 5.0, 10, 0, x, 2.0
7, 28303, -4.0, 1.0, 0.0, 0.0, 16, 0, Character.MIN_RADIX, -3.0
7, 28304, -4.0, 1.0, 0.0, 0.5, 10, 0, x, -2.5
7, 28305, -4.0, 1.0, 0.0, 1.0, 10, 0, x, -2.0
7, 28306, -4.0, 1.0, 0.0, 1.5, 10, 0, x, -1.5
7, 28307, -4.0, 1.0, 0.0, 2.0, 10, 0, x, -1.0
7, 28308, -4.0, 1.0, 0.0, 2.5, 10, 0, x, -0.5
7, 28309, -4.0, 1.0, 0.0, 3.0, 10, 0, x, 0.0
7, 28310, -4.0, 1.0, 0.0, 3.5, 10, 0, x, 0.5
7, 28311, -4.0, 1.0, 0.0, 4.0, 10, 0, x, 1.0
7, 28312, -4.0, 1.0, 0.0, 4.5, 10, 0, x, 1.5
7, 28313, -4.0, 1.0, 0.0, 5.0, 10, 0, x, 2.0
7, 28314, -3.5, 1.0, -5.0, 0.0, 10, 0, x, -2.5
7, 28315, -3.5, 1.0, -5.0, 0.5, 10, 0, x, -2.0
7, 28316, -3.5, 1.0, -5.0, 1.0, 10, 0, x, -1.5
7, 28317, -3.5, 1.0, -5.0, 1.5, 10, 0, x, -1.0
7, 28318, -3.5, 1.0, -5.0, 2.0, 10, 0, x, -0.5
7, 28319, -3.5, 1.0, -5.0, 2.5, 10, 0, x, 0.0
7, 28320, -3.5, 1.0, -5.0, 3.0, 10, 0, x, 0.5
7, 28321, -3.5, 1.0, -5.0, 3.5, 10, 0, x, 1.0
7, 28322, -3.5, 1.0, -5.0, 4.0, 10, 0, x, 1.5
7, 28323, -3.5, 1.0, -5.0, 4.5, 10, 0, x, 2.0
7, 28324, -3.5, 1.0, -5.0, 5.0, 10, 0, x, 2.5
7, 28325, -3.5, 1.0, -4.5, 0.0, 10, 0, x, -2.5
7, 28326, -3.5, 1.0, -4.5, 0.5, 10, 0, x, -2.0
7, 28327, -3.5, 1.0, -4.5, 1.0, 10, 0, x, -1.5
7, 28328, -3.5, 1.0, -4.5, 1.5, 10, 0, x, -1.0
7, 28329, -3.5, 1.0, -4.5, 2.0, 10, 0, x, -0.5
7, 28330, -3.5, 1.0, -4.5, 2.5, 10, 0, x, 0.0
7, 28331, -3.5, 1.0, -4.5, 3.0, 10, 0, x, 0.5
7, 28332, -3.5, 1.0, -4.5, 3.5, 10, 0, x, 1.0
7, 28333, -3.5, 1.0, -4.5, 4.0, 10, 0, x, 1.5
7, 28334, -3.5, 1.0, -4.5, 4.5, 10, 0, x, 2.0
7, 28335, -3.5, 1.0, -4.5, 5.0, 10, 0, x, 2.5
7, 28336, -3.5, 1.0, -4.0, 0.0, 10, 0, x, -2.5
7, 28337, -3.5, 1.0, -4.0, 0.5, 10, 0, x, -2.0
7, 28338, -3.5, 1.0, -4.0, 1.0, 10, 0, x, -1.5
7, 28339, -3.5, 1.0, -4.0, 1.5, 10, 0, x, -1.0
7, 28340, -3.5, 1.0, -4.0, 2.0, 10, 0, x, -0.5
7, 28341, -3.5, 1.0, -4.0, 2.5, 10, 0, x, 0.0
7, 28342, -3.5, 1.0, -4.0, 3.0, 10, 0, x, 0.5
7, 28343, -3.5, 1.0, -4.0, 3.5, 10, 0, x, 1.0
7, 28344, -3.5, 1.0, -4.0, 4.0, 10, 0, x, 1.5
7, 28345, -3.5, 1.0, -4.0, 4.5, 10, 0, x, 2.0
7, 28346, -3.5, 1.0, -4.0, 5.0, 10, 0, x, 2.5
7, 28347, -3.5, 1.0, -3.5, 0.0, 10, 0, x, -2.5
7, 28348, -3.5, 1.0, -3.5, 0.5, 10, 0, x, -2.0
7, 28349, -3.5, 1.0, -3.5, 1.0, 10, 0, x, -1.5
7, 28350, -3.5, 1.0, -3.5, 1.5, 10, 0, x, -1.0
7, 28351, -3.5, 1.0, -3.5, 2.0, 10, 0, x, -0.5
7, 28352, -3.5, 1.0, -3.5, 2.5, 10, 0, x, 0.0
7, 28353, -3.5, 1.0, -3.5, 3.0, 10, 0, x, 0.5
7, 28354, -3.5, 1.0, -3.5, 3.5, 10, 0, x, 1.0
7, 28355, -3.5, 1.0, -3.5, 4.0, 10, 0, x, 1.5
7, 28356, -3.5, 1.0, -3.5, 4.5, 10, 0, x, 2.0
7, 28357, -3.5, 1.0, -3.5, 5.0, 10, 0, x, 2.5
7, 28358, -3.5, 1.0, -3.0, 0.0, 10, 0, x, -2.5
7, 28359, -3.5, 1.0, -3.0, 0.5, 10, 0, x, -2.0
7, 28360, -3.5, 1.0, -3.0, 1.0, 10, 0, x, -1.5
7, 28361, -3.5, 1.0, -3.0, 1.5, 10, 0, x, -1.0
7, 28362, -3.5, 1.0, -3.0, 2.0, 10, 0, x, -0.5
7, 28363, -3.5, 1.0, -3.0, 2.5, 10, 0, x, 0.0
7, 28364, -3.5, 1.0, -3.0, 3.0, 10, 0, x, 0.5
7, 28365, -3.5, 1.0, -3.0, 3.5, 10, 0, x, 1.0
7, 28366, -3.5, 1.0, -3.0, 4.0, 10, 0, x, 1.5
7, 28367, -3.5, 1.0, -3.0, 4.5, 10, 0, x, 2.0
7, 28368, -3.5, 1.0, -3.0, 5.0, 10, 0, x, 2.5
7, 28369, -3.5, 1.0, -2.5, 0.0, 10, 0, x, -2.5
7, 28370, -3.5, 1.0, -2.5, 0.5, 10, 0, x, -2.0
7, 28371, -3.5, 1.0, -2.5, 1.0, 10, 0, x, -1.5
7, 28372, -3.5, 1.0, -2.5, 1.5, 10, 0, x, -1.0
7, 28373, -3.5, 1.0, -2.5, 2.0, 10, 0, x, -0.5
7, 28374, -3.5, 1.0, -2.5, 2.5, 10, 0, x, 0.0
7, 28375, -3.5, 1.0, -2.5, 3.0, 10, 0, x, 0.5
7, 28376, -3.5, 1.0, -2.5, 3.5, 10, 0, x, 1.0
7, 28377, -3.5, 1.0, -2.5, 4.0, 10, 0, x, 1.5
7, 28378, -3.5, 1.0, -2.5, 4.5, 10, 0, x, 2.0
7, 28379, -3.5, 1.0, -2.5, 5.0, 10, 0, x, 2.5
7, 28380, -3.5, 1.0, -2.0, 0.0, 10, 0, x, -2.5
7, 28381, -3.5, 1.0, -2.0, 0.5, 10, 0, x, -2.0
7, 28382, -3.5, 1.0, -2.0, 1.0, 10, 0, x, -1.5
7, 28383, -3.5, 1.0, -2.0, 1.5, 10, 0, x, -1.0
7, 28384, -3.5, 1.0, -2.0, 2.0, 10, 0, x, -0.5
7, 28385, -3.5, 1.0, -2.0, 2.5, 10, 0, x, 0.0
7, 28386, -3.5, 1.0, -2.0, 3.0, 10, 0, x, 0.5
7, 28387, -3.5, 1.0, -2.0, 3.5, 10, 0, x, 1.0
7, 28388, -3.5, 1.0, -2.0, 4.0, 10, 0, x, 1.5
7, 28389, -3.5, 1.0, -2.0, 4.5, 10, 0, x, 2.0
7, 28390, -3.5, 1.0, -2.0, 5.0, 10, 0, x, 2.5
7, 28391, -3.5, 1.0, -1.5, 0.0, 10, 0, x, -2.5
7, 28392, -3.5, 1.0, -1.5, 0.5, 10, 0, x, -2.0
7, 28393, -3.5, 1.0, -1.5, 1.0, 10, 0, x, -1.5
7, 28394, -3.5, 1.0, -1.5, 1.5, 10, 0, x, -1.0
7, 28395, -3.5, 1.0, -1.5, 2.0, 10, 0, x, -0.5
7, 28396, -3.5, 1.0, -1.5, 2.5, 10, 0, x, 0.0
7, 28397, -3.5, 1.0, -1.5, 3.0, 10, 0, x, 0.5
7, 28398, -3.5, 1.0, -1.5, 3.5, 10, 0, x, 1.0
7, 28399, -3.5, 1.0, -1.5, 4.0, 10, 0, x, 1.5
7, 28400, -3.5, 1.0, -1.5, 4.5, 10, 0, x, 2.0
7, 28401, -3.5, 1.0, -1.5, 5.0, 10, 0, x, 2.5
7, 28402, -3.5, 1.0, -1.0, 0.0, 10, 0, x, -2.5
7, 28403, -3.5, 1.0, -1.0, 0.5, 10, 0, x, -2.0
7, 28404, -3.5, 1.0, -1.0, 1.0, 10, 0, x, -1.5
7, 28405, -3.5, 1.0, -1.0, 1.5, 10, 0, x, -1.0
7, 28406, -3.5, 1.0, -1.0, 2.0, 10, 0, x, -0.5
7, 28407, -3.5, 1.0, -1.0, 2.5, 10, 0, x, 0.0
7, 28408, -3.5, 1.0, -1.0, 3.0, 10, 0, x, 0.5
7, 28409, -3.5, 1.0, -1.0, 3.5, 10, 0, x, 1.0
7, 28410, -3.5, 1.0, -1.0, 4.0, 10, 0, x, 1.5
7, 28411, -3.5, 1.0, -1.0, 4.5, 10, 0, x, 2.0
7, 28412, -3.5, 1.0, -1.0, 5.0, 10, 0, x, 2.5
7, 28413, -3.5, 1.0, -0.5, 0.0, 10, 0, x, -2.5
7, 28414, -3.5, 1.0, -0.5, 0.5, 10, 0, x, -2.0
7, 28415, -3.5, 1.0, -0.5, 1.0, 10, 0, x, -1.5
7, 28416, -3.5, 1.0, -0.5, 1.5, 10, 0, x, -1.0
7, 28417, -3.5, 1.0, -0.5, 2.0, 10, 0, x, -0.5
7, 28418, -3.5, 1.0, -0.5, 2.5, 10, 0, x, 0.0
7, 28419, -3.5, 1.0, -0.5, 3.0, 10, 0, x, 0.5
7, 28420, -3.5, 1.0, -0.5, 3.5, 10, 0, x, 1.0
7, 28421, -3.5, 1.0, -0.5, 4.0, 10, 0, x, 1.5
7, 28422, -3.5, 1.0, -0.5, 4.5, 10, 0, x, 2.0
7, 28423, -3.5, 1.0, -0.5, 5.0, 10, 0, x, 2.5
7, 28424, -3.5, 1.0, 0.0, 0.0, 16, 0, Character.MIN_RADIX, -2.5
7, 28425, -3.5, 1.0, 0.0, 0.5, 10, 0, x, -2.0
7, 28426, -3.5, 1.0, 0.0, 1.0, 10, 0, x, -1.5
7, 28427, -3.5, 1.0, 0.0, 1.5, 10, 0, x, -1.0
7, 28428, -3.5, 1.0, 0.0, 2.0, 10, 0, x, -0.5
7, 28429, -3.5, 1.0, 0.0, 2.5, 10, 0, x, 0.0
7, 28430, -3.5, 1.0, 0.0, 3.0, 10, 0, x, 0.5
7, 28431, -3.5, 1.0, 0.0, 3.5, 10, 0, x, 1.0
7, 28432, -3.5, 1.0, 0.0, 4.0, 10, 0, x, 1.5
7, 28433, -3.5, 1.0, 0.0, 4.5, 10, 0, x, 2.0
7, 28434, -3.5, 1.0, 0.0, 5.0, 187, 0, Character.offsetByCodePoints(Character.offsetByCodePoints(x, x, x, x), Character.offsetByCodePoints(x, x, x, x), Character.offsetByCodePoints(x, x, x, x), Character.offsetByCodePoints(x, x, x, x)), 7.5
7, 28435, -3.0, 1.0, -5.0, 0.0, 10, 0, x, -2.0
7, 28436, -3.0, 1.0, -5.0, 0.5, 10, 0, x, -1.5
7, 28437, -3.0, 1.0, -5.0, 1.0, 10, 0, x, -1.0
7, 28438, -3.0, 1.0, -5.0, 1.5, 10, 0, x, -0.5
7, 28439, -3.0, 1.0, -5.0, 2.0, 10, 0, x, 0.0
7, 28440, -3.0, 1.0, -5.0, 2.5, 10, 0, x, 0.5
7, 28441, -3.0, 1.0, -5.0, 3.0, 10, 0, x, 1.0
7, 28442, -3.0, 1.0, -5.0, 3.5, 10, 0, x, 1.5
7, 28443, -3.0, 1.0, -5.0, 4.0, 10, 0, x, 2.0
7, 28444, -3.0, 1.0, -5.0, 4.5, 10, 0, x, 2.5
7, 28445, -3.0, 1.0, -5.0, 5.0, 10, 0, x, 3.0
7, 28446, -3.0, 1.0, -4.5, 0.0, 10, 0, x, -2.0
7, 28447, -3.0, 1.0, -4.5, 0.5, 10, 0, x, -1.5
7, 28448, -3.0, 1.0, -4.5, 1.0, 10, 0, x, -1.0
7, 28449, -3.0, 1.0, -4.5, 1.5, 10, 0, x, -0.5
7, 28450, -3.0, 1.0, -4.5, 2.0, 10, 0, x, 0.0
7, 28451, -3.0, 1.0, -4.5, 2.5, 10, 0, x, 0.5
7, 28452, -3.0, 1.0, -4.5, 3.0, 10, 0, x, 1.0
7, 28453, -3.0, 1.0, -4.5, 3.5, 10, 0, x, 1.5
7, 28454, -3.0, 1.0, -4.5, 4.0, 10, 0, x, 2.0
7, 28455, -3.0, 1.0, -4.5, 4.5, 10, 0, x, 2.5
7, 28456, -3.0, 1.0, -4.5, 5.0, 10, 0, x, 3.0
7, 28457, -3.0, 1.0, -4.0, 0.0, 10, 0, x, -2.0
7, 28458, -3.0, 1.0, -4.0, 0.5, 10, 0, x, -1.5
7, 28459, -3.0, 1.0, -4.0, 1.0, 10, 0, x, -1.0
7, 28460, -3.0, 1.0, -4.0, 1.5, 10, 0, x, -0.5
7, 28461, -3.0, 1.0, -4.0, 2.0, 10, 0, x, 0.0
7, 28462, -3.0, 1.0, -4.0, 2.5, 10, 0, x, 0.5
7, 28463, -3.0, 1.0, -4.0, 3.0, 10, 0, x, 1.0
7, 28464, -3.0, 1.0, -4.0, 3.5, 10, 0, x, 1.5
7, 28465, -3.0, 1.0, -4.0, 4.0, 10, 0, x, 2.0
7, 28466, -3.0, 1.0, -4.0, 4.5, 10, 0, x, 2.5
7, 28467, -3.0, 1.0, -4.0, 5.0, 10, 0, x, 3.0
7, 28468, -3.0, 1.0, -3.5, 0.0, 10, 0, x, -2.0
7, 28469, -3.0, 1.0, -3.5, 0.5, 10, 0, x, -1.5
7, 28470, -3.0, 1.0, -3.5, 1.0, 10, 0, x, -1.0
7, 28471, -3.0, 1.0, -3.5, 1.5, 10, 0, x, -0.5
7, 28472, -3.0, 1.0, -3.5, 2.0, 10, 0, x, 0.0
7, 28473, -3.0, 1.0, -3.5, 2.5, 10, 0, x, 0.5
7, 28474, -3.0, 1.0, -3.5, 3.0, 10, 0, x, 1.0
7, 28475, -3.0, 1.0, -3.5, 3.5, 10, 0, x, 1.5
7, 28476, -3.0, 1.0, -3.5, 4.0, 10, 0, x, 2.0
7, 28477, -3.0, 1.0, -3.5, 4.5, 10, 0, x, 2.5
7, 28478, -3.0, 1.0, -3.5, 5.0, 10, 0, x, 3.0
7, 28479, -3.0, 1.0, -3.0, 0.0, 10, 0, x, -2.0
7, 28480, -3.0, 1.0, -3.0, 0.5, 10, 0, x, -1.5
7, 28481, -3.0, 1.0, -3.0, 1.0, 10, 0, x, -1.0
7, 28482, -3.0, 1.0, -3.0, 1.5, 10, 0, x, -0.5
7, 28483, -3.0, 1.0, -3.0, 2.0, 10, 0, x, 0.0
7, 28484, -3.0, 1.0, -3.0, 2.5, 10, 0, x, 0.5
7, 28485, -3.0, 1.0, -3.0, 3.0, 10, 0, x, 1.0
7, 28486, -3.0, 1.0, -3.0, 3.5, 10, 0, x, 1.5
7, 28487, -3.0, 1.0, -3.0, 4.0, 10, 0, x, 2.0
7, 28488, -3.0, 1.0, -3.0, 4.5, 10, 0, x, 2.5
7, 28489, -3.0, 1.0, -3.0, 5.0, 10, 0, x, 3.0
7, 28490, -3.0, 1.0, -2.5, 0.0, 10, 0, x, -2.0
7, 28491, -3.0, 1.0, -2.5, 0.5, 10, 0, x, -1.5
7, 28492, -3.0, 1.0, -2.5, 1.0, 10, 0, x, -1.0
7, 28493, -3.0, 1.0, -2.5, 1.5, 10, 0, x, -0.5
7, 28494, -3.0, 1.0, -2.5, 2.0, 10, 0, x, 0.0
7, 28495, -3.0, 1.0, -2.5, 2.5, 10, 0, x, 0.5
7, 28496, -3.0, 1.0, -2.5, 3.0, 10, 0, x, 1.0
7, 28497, -3.0, 1.0, -2.5, 3.5, 10, 0, x, 1.5
7, 28498, -3.0, 1.0, -2.5, 4.0, 10, 0, x, 2.0
7, 28499, -3.0, 1.0, -2.5, 4.5, 10, 0, x, 2.5
7, 28500, -3.0, 1.0, -2.5, 5.0, 10, 0, x, 3.0
7, 28501, -3.0, 1.0, -2.0, 0.0, 10, 0, x, -2.0
7, 28502, -3.0, 1.0, -2.0, 0.5, 10, 0, x, -1.5
7, 28503, -3.0, 1.0, -2.0, 1.0, 10, 0, x, -1.0
7, 28504, -3.0, 1.0, -2.0, 1.5, 10, 0, x, -0.5
7, 28505, -3.0, 1.0, -2.0, 2.0, 10, 0, x, 0.0
7, 28506, -3.0, 1.0, -2.0, 2.5, 10, 0, x, 0.5
7, 28507, -3.0, 1.0, -2.0, 3.0, 10, 0, x, 1.0
7, 28508, -3.0, 1.0, -2.0, 3.5, 10, 0, x, 1.5
7, 28509, -3.0, 1.0, -2.0, 4.0, 10, 0, x, 2.0
7, 28510, -3.0, 1.0, -2.0, 4.5, 10, 0, x, 2.5
7, 28511, -3.0, 1.0, -2.0, 5.0, 10, 0, x, 3.0
7, 28512, -3.0, 1.0, -1.5, 0.0, 10, 0, x, -2.0
7, 28513, -3.0, 1.0, -1.5, 0.5, 10, 0, x, -1.5
7, 28514, -3.0, 1.0, -1.5, 1.0, 10, 0, x, -1.0
7, 28515, -3.0, 1.0, -1.5, 1.5, 10, 0, x, -0.5
7, 28516, -3.0, 1.0, -1.5, 2.0, 10, 0, x, 0.0
7, 28517, -3.0, 1.0, -1.5, 2.5, 10, 0, x, 0.5
7, 28518, -3.0, 1.0, -1.5, 3.0, 10, 0, x, 1.0
7, 28519, -3.0, 1.0, -1.5, 3.5, 10, 0, x, 1.5
7, 28520, -3.0, 1.0, -1.5, 4.0, 10, 0, x, 2.0
7, 28521, -3.0, 1.0, -1.5, 4.5, 10, 0, x, 2.5
7, 28522, -3.0, 1.0, -1.5, 5.0, 10, 0, x, 3.0
7, 28523, -3.0, 1.0, -1.0, 0.0, 10, 0, x, -2.0
7, 28524, -3.0, 1.0, -1.0, 0.5, 10, 0, x, -1.5
7, 28525, -3.0, 1.0, -1.0, 1.0, 10, 0, x, -1.0
7, 28526, -3.0, 1.0, -1.0, 1.5, 10, 0, x, -0.5
7, 28527, -3.0, 1.0, -1.0, 2.0, 10, 0, x, 0.0
7, 28528, -3.0, 1.0, -1.0, 2.5, 10, 0, x, 0.5
7, 28529, -3.0, 1.0, -1.0, 3.0, 10, 0, x, 1.0
7, 28530, -3.0, 1.0, -1.0, 3.5, 10, 0, x, 1.5
7, 28531, -3.0, 1.0, -1.0, 4.0, 10, 0, x, 2.0
7, 28532, -3.0, 1.0, -1.0, 4.5, 10, 0, x, 2.5
7, 28533, -3.0, 1.0, -1.0, 5.0, 10, 0, x, 3.0
7, 28534, -3.0, 1.0, -0.5, 0.0, 10, 0, x, -2.0
7, 28535, -3.0, 1.0, -0.5, 0.5, 10, 0, x, -1.5
7, 28536, -3.0, 1.0, -0.5, 1.0, 10, 0, x, -1.0
7, 28537, -3.0, 1.0, -0.5, 1.5, 10, 0, x, -0.5
7, 28538, -3.0, 1.0, -0.5, 2.0, 10, 0, x, 0.0
7, 28539, -3.0, 1.0, -0.5, 2.5, 10, 0, x, 0.5
7, 28540, -3.0, 1.0, -0.5, 3.0, 10, 0, x, 1.0
7, 28541, -3.0, 1.0, -0.5, 3.5, 10, 0, x, 1.5
7, 28542, -3.0, 1.0, -0.5, 4.0, 10, 0, x, 2.0
7, 28543, -3.0, 1.0, -0.5, 4.5, 10, 0, x, 2.5
7, 28544, -3.0, 1.0, -0.5, 5.0, 187, 0, Character.offsetByCodePoints(Character.offsetByCodePoints(x, x, x, x), Character.offsetByCodePoints(x, x, x, x), Character.offsetByCodePoints(x, x, x, x), Character.offsetByCodePoints(x, x, x, x)), 5.5
7, 28545, -3.0, 1.0, 0.0, 0.0, 16, 0, Character.MIN_RADIX, -2.0
7, 28546, -3.0, 1.0, 0.0, 0.5, 10, 0, x, -1.5
7, 28547, -3.0, 1.0, 0.0, 1.0, 10, 0, x, -1.0
7, 28548, -3.0, 1.0, 0.0, 1.5, 10, 0, x, -0.5
7, 28549, -3.0, 1.0, 0.0, 2.0, 10, 0, x, 0.0
7, 28550, -3.0, 1.0, 0.0, 2.5, 10, 0, x, 0.5
7, 28551, -3.0, 1.0, 0.0, 3.0, 10, 0, x, 1.0
7, 28552, -3.0, 1.0, 0.0, 3.5, 10, 0, x, 1.5
7, 28553, -3.0, 1.0, 0.0, 4.0, 10, 0, x, 2.0
7, 28554, -3.0, 1.0, 0.0, 4.5, 187, 0, Character.offsetByCodePoints(Character.offsetByCodePoints(x, x, x, x), Character.offsetByCodePoints(x, x, x, x), Character.offsetByCodePoints(x, x, x, x), Character.offsetByCodePoints(x, x, x, x)), 10.0
7, 28555, -3.0, 1.0, 0.0, 5.0, 187, 0, Character.offsetByCodePoints(Character.offsetByCodePoints(x, x, x, x), Character.offsetByCodePoints(x, x, x, x), Character.offsetByCodePoints(x, x, x, x), Character.offsetByCodePoints(x, x, x, x)), 18.0
7, 28556, -2.5, 1.0, -5.0, 0.0, 10, 0, x, -1.5
7, 28557, -2.5, 1.0, -5.0, 0.5, 10, 0, x, -1.0
7, 28558, -2.5, 1.0, -5.0, 1.0, 10, 0, x, -0.5
7, 28559, -2.5, 1.0, -5.0, 1.5, 10, 0, x, 0.0
7, 28560, -2.5, 1.0, -5.0, 2.0, 10, 0, x, 0.5
7, 28561, -2.5, 1.0, -5.0, 2.5, 10, 0, x, 1.0
7, 28562, -2.5, 1.0, -5.0, 3.0, 10, 0, x, 1.5
7, 28563, -2.5, 1.0, -5.0, 3.5, 10, 0, x, 2.0
7, 28564, -2.5, 1.0, -5.0, 4.0, 10, 0, x, 2.5
7, 28565, -2.5, 1.0, -5.0, 4.5, 10, 0, x, 3.0
7, 28566, -2.5, 1.0, -5.0, 5.0, 10, 0, x, 3.5
7, 28567, -2.5, 1.0, -4.5, 0.0, 10, 0, x, -1.5
7, 28568, -2.5, 1.0, -4.5, 0.5, 10, 0, x, -1.0
7, 28569, -2.5, 1.0, -4.5, 1.0, 10, 0, x, -0.5
7, 28570, -2.5, 1.0, -4.5, 1.5, 10, 0, x, 0.0
7, 28571, -2.5, 1.0, -4.5, 2.0, 10, 0, x, 0.5
7, 28572, -2.5, 1.0, -4.5, 2.5, 10, 0, x, 1.0
7, 28573, -2.5, 1.0, -4.5, 3.0, 10, 0, x, 1.5
7, 28574, -2.5, 1.0, -4.5, 3.5, 10, 0, x, 2.0
7, 28575, -2.5, 1.0, -4.5, 4.0, 10, 0, x, 2.5
7, 28576, -2.5, 1.0, -4.5, 4.5, 10, 0, x, 3.0
7, 28577, -2.5, 1.0, -4.5, 5.0, 10, 0, x, 3.5
7, 28578, -2.5, 1.0, -4.0, 0.0, 10, 0, x, -1.5
7, 28579, -2.5, 1.0, -4.0, 0.5, 10, 0, x, -1.0
7, 28580, -2.5, 1.0, -4.0, 1.0, 10, 0, x, -0.5
7, 28581, -2.5, 1.0, -4.0, 1.5, 10, 0, x, 0.0
7, 28582, -2.5, 1.0, -4.0, 2.0, 10, 0, x, 0.5
7, 28583, -2.5, 1.0, -4.0, 2.5, 10, 0, x, 1.0
7, 28584, -2.5, 1.0, -4.0, 3.0, 10, 0, x, 1.5
7, 28585, -2.5, 1.0, -4.0, 3.5, 10, 0, x, 2.0
7, 28586, -2.5, 1.0, -4.0, 4.0, 10, 0, x, 2.5
7, 28587, -2.5, 1.0, -4.0, 4.5, 10, 0, x, 3.0
7, 28588, -2.5, 1.0, -4.0, 5.0, 10, 0, x, 3.5
7, 28589, -2.5, 1.0, -3.5, 0.0, 10, 0, x, -1.5
7, 28590, -2.5, 1.0, -3.5, 0.5, 10, 0, x, -1.0
7, 28591, -2.5, 1.0, -3.5, 1.0, 10, 0, x, -0.5
7, 28592, -2.5, 1.0, -3.5, 1.5, 10, 0, x, 0.0
7, 28593, -2.5, 1.0, -3.5, 2.0, 10, 0, x, 0.5
7, 28594, -2.5, 1.0, -3.5, 2.5, 10, 0, x, 1.0
7, 28595, -2.5, 1.0, -3.5, 3.0, 10, 0, x, 1.5
7, 28596, -2.5, 1.0, -3.5, 3.5, 10, 0, x, 2.0
7, 28597, -2.5, 1.0, -3.5, 4.0, 10, 0, x, 2.5
7, 28598, -2.5, 1.0, -3.5, 4.5, 10, 0, x, 3.0
7, 28599, -2.5, 1.0, -3.5, 5.0, 10, 0, x, 3.5
7, 28600, -2.5, 1.0, -3.0, 0.0, 10, 0, x, -1.5
7, 28601, -2.5, 1.0, -3.0, 0.5, 10, 0, x, -1.0
7, 28602, -2.5, 1.0, -3.0, 1.0, 10, 0, x, -0.5
7, 28603, -2.5, 1.0, -3.0, 1.5, 10, 0, x, 0.0
7, 28604, -2.5, 1.0, -3.0, 2.0, 10, 0, x, 0.5
7, 28605, -2.5, 1.0, -3.0, 2.5, 10, 0, x, 1.0
7, 28606, -2.5, 1.0, -3.0, 3.0, 10, 0, x, 1.5
7, 28607, -2.5, 1.0, -3.0, 3.5, 10, 0, x, 2.0
7, 28608, -2.5, 1.0, -3.0, 4.0, 10, 0, x, 2.5
7, 28609, -2.5, 1.0, -3.0, 4.5, 10, 0, x, 3.0
7, 28610, -2.5, 1.0, -3.0, 5.0, 10, 0, x, 3.5
7, 28611, -2.5, 1.0, -2.5, 0.0, 10, 0, x, -1.5
7, 28612, -2.5, 1.0, -2.5, 0.5, 10, 0, x, -1.0
7, 28613, -2.5, 1.0, -2.5, 1.0, 10, 0, x, -0.5
7, 28614, -2.5, 1.0, -2.5, 1.5, 10, 0, x, 0.0
7, 28615, -2.5, 1.0, -2.5, 2.0, 10, 0, x, 0.5
7, 28616, -2.5, 1.0, -2.5, 2.5, 10, 0, x, 1.0
7, 28617, -2.5, 1.0, -2.5, 3.0, 10, 0, x, 1.5
7, 28618, -2.5, 1.0, -2.5, 3.5, 10, 0, x, 2.0
7, 28619, -2.5, 1.0, -2.5, 4.0, 10, 0, x, 2.5
7, 28620, -2.5, 1.0, -2.5, 4.5, 10, 0, x, 3.0
7, 28621, -2.5, 1.0, -2.5, 5.0, 10, 0, x, 3.5
7, 28622, -2.5, 1.0, -2.0, 0.0, 10, 0, x, -1.5
7, 28623, -2.5, 1.0, -2.0, 0.5, 10, 0, x, -1.0
7, 28624, -2.5, 1.0, -2.0, 1.0, 10, 0, x, -0.5
7, 28625, -2.5, 1.0, -2.0, 1.5, 10, 0, x, 0.0
7, 28626, -2.5, 1.0, -2.0, 2.0, 10, 0, x, 0.5
7, 28627, -2.5, 1.0, -2.0, 2.5, 10, 0, x, 1.0
7, 28628, -2.5, 1.0, -2.0, 3.0, 10, 0, x, 1.5
7, 28629, -2.5, 1.0, -2.0, 3.5, 10, 0, x, 2.0
7, 28630, -2.5, 1.0, -2.0, 4.0, 10, 0, x, 2.5
7, 28631, -2.5, 1.0, -2.0, 4.5, 10, 0, x, 3.0
7, 28632, -2.5, 1.0, -2.0, 5.0, 10, 0, x, 3.5
7, 28633, -2.5, 1.0, -1.5, 0.0, 10, 0, x, -1.5
7, 28634, -2.5, 1.0, -1.5, 0.5, 10, 0, x, -1.0
7, 28635, -2.5, 1.0, -1.5, 1.0, 10, 0, x, -0.5
7, 28636, -2.5, 1.0, -1.5, 1.5, 10, 0, x, 0.0
7, 28637, -2.5, 1.0, -1.5, 2.0, 10, 0, x, 0.5
7, 28638, -2.5, 1.0, -1.5, 2.5, 10, 0, x, 1.0
7, 28639, -2.5, 1.0, -1.5, 3.0, 10, 0, x, 1.5
7, 28640, -2.5, 1.0, -1.5, 3.5, 10, 0, x, 2.0
7, 28641, -2.5, 1.0, -1.5, 4.0, 10, 0, x, 2.5
7, 28642, -2.5, 1.0, -1.5, 4.5, 10, 0, x, 3.0
7, 28643, -2.5, 1.0, -1.5, 5.0, 37, 0, System.arraycopy(x, x, x, x, x).compareTo(), 4.0
7, 28644, -2.5, 1.0, -1.0, 0.0, 10, 0, x, -1.5
7, 28645, -2.5, 1.0, -1.0, 0.5, 10, 0, x, -1.0
7, 28646, -2.5, 1.0, -1.0, 1.0, 10, 0, x, -0.5
7, 28647, -2.5, 1.0, -1.0, 1.5, 10, 0, x, 0.0
7, 28648, -2.5, 1.0, -1.0, 2.0, 10, 0, x, 0.5
7, 28649, -2.5, 1.0, -1.0, 2.5, 10, 0, x, 1.0
7, 28650, -2.5, 1.0, -1.0, 3.0, 10, 0, x, 1.5
7, 28651, -2.5, 1.0, -1.0, 3.5, 10, 0, x, 2.0
7, 28652, -2.5, 1.0, -1.0, 4.0, 10, 0, x, 2.5
7, 28653, -2.5, 1.0, -1.0, 4.5, 10, 0, x, 3.0
7, 28654, -2.5, 1.0, -1.0, 5.0, 41, 0, x.insert(x, x).indexOf(new String(x, x, x), x), 6.0
7, 28655, -2.5, 1.0, -0.5, 0.0, 10, 0, x, -1.5
7, 28656, -2.5, 1.0, -0.5, 0.5, 10, 0, x, -1.0
7, 28657, -2.5, 1.0, -0.5, 1.0, 10, 0, x, -0.5
7, 28658, -2.5, 1.0, -0.5, 1.5, 10, 0, x, 0.0
7, 28659, -2.5, 1.0, -0.5, 2.0, 10, 0, x, 0.5
7, 28660, -2.5, 1.0, -0.5, 2.5, 10, 0, x, 1.0
7, 28661, -2.5, 1.0, -0.5, 3.0, 10, 0, x, 1.5
7, 28662, -2.5, 1.0, -0.5, 3.5, 10, 0, x, 2.0
7, 28663, -2.5, 1.0, -0.5, 4.0, 10, 0, x, 2.5
7, 28664, -2.5, 1.0, -0.5, 4.5, 187, 0, Character.offsetByCodePoints(Character.offsetByCodePoints(x, x, x, x), Character.offsetByCodePoints(x, x, x, x), Character.offsetByCodePoints(x, x, x, x), Character.offsetByCodePoints(x, x, x, x)), 8.0
7, 28665, -2.5, 1.0, -0.5, 5.0, 187, 0, Character.offsetByCodePoints(Character.offsetByCodePoints(x, x, x, x), Character.offsetByCodePoints(x, x, x, x), Character.offsetByCodePoints(x, x, x, x), Character.offsetByCodePoints(x, x, x, x)), 16.0
7, 28666, -2.5, 1.0, 0.0, 0.0, 16, 0, Character.MIN_RADIX, -1.5
7, 28667, -2.5, 1.0, 0.0, 0.5, 10, 0, x, -1.0
7, 28668, -2.5, 1.0, 0.0, 1.0, 10, 0, x, -0.5
7, 28669, -2.5, 1.0, 0.0, 1.5, 10, 0, x, 0.0
7, 28670, -2.5, 1.0, 0.0, 2.0, 10, 0, x, 0.5
7, 28671, -2.5, 1.0, 0.0, 2.5, 10, 0, x, 1.0
7, 28672, -2.5, 1.0, 0.0, 3.0, 10, 0, x, 1.5
7, 28673, -2.5, 1.0, 0.0, 3.5, 187, 0, Character.offsetByCodePoints(Character.offsetByCodePoints(x, x, x, x), Character.offsetByCodePoints(x, x, x, x), Character.offsetByCodePoints(x, x, x, x), Character.offsetByCodePoints(x, x, x, x)), 4.5
7, 28674, -2.5, 1.0, 0.0, 4.0, 187, 0, Character.offsetByCodePoints(Character.offsetByCodePoints(x, x, x, x), Character.offsetByCodePoints(x, x, x, x), Character.offsetByCodePoints(x, x, x, x), Character.offsetByCodePoints(x, x, x, x)), 12.5
7, 28675, -2.5, 1.0, 0.0, 4.5, 187, 0, Character.offsetByCodePoints(Character.offsetByCodePoints(x, x, x, x), Character.offsetByCodePoints(x, x, x, x), Character.offsetByCodePoints(x, x, x, x), Character.offsetByCodePoints(x, x, x, x)), 20.5
7, 28676, -2.5, 1.0, 0.0, 5.0, 213, 0, Character.offsetByCodePoints(Character.forDigit(x, x), Character.offsetByCodePoints(x, x, x, x), Character.offsetByCodePoints(x, x, x, x), Character.offsetByCodePoints(x, x, x, x), Character.offsetByCodePoints(x, x, x, x)), 31.0
7, 28677, -2.0, 1.0, -5.0, 0.0, 10, 0, x, -1.0
7, 28678, -2.0, 1.0, -5.0, 0.5, 10, 0, x, -0.5
7, 28679, -2.0, 1.0, -5.0, 1.0, 10, 0, x, 0.0
7, 28680, -2.0, 1.0, -5.0, 1.5, 10, 0, x, 0.5
7, 28681, -2.0, 1.0, -5.0, 2.0, 10, 0, x, 1.0
7, 28682, -2.0, 1.0, -5.0, 2.5, 10, 0, x, 1.5
7, 28683, -2.0, 1.0, -5.0, 3.0, 10, 0, x, 2.0
7, 28684, -2.0, 1.0, -5.0, 3.5, 10, 0, x, 2.5
7, 28685, -2.0, 1.0, -5.0, 4.0, 10, 0, x, 3.0
7, 28686, -2.0, 1.0, -5.0, 4.5, 10, 0, x, 3.5
7, 28687, -2.0, 1.0, -5.0, 5.0, 10, 0, x, 4.0
7, 28688, -2.0, 1.0, -4.5, 0.0, 10, 0, x, -1.0
7, 28689, -2.0, 1.0, -4.5, 0.5, 10, 0, x, -0.5
7, 28690, -2.0, 1.0, -4.5, 1.0, 10, 0, x, 0.0
7, 28691, -2.0, 1.0, -4.5, 1.5, 10, 0, x, 0.5
7, 28692, -2.0, 1.0, -4.5, 2.0, 10, 0, x, 1.0
7, 28693, -2.0, 1.0, -4.5, 2.5, 10, 0, x, 1.5
7, 28694, -2.0, 1.0, -4.5, 3.0, 10, 0, x, 2.0
7, 28695, -2.0, 1.0, -4.5, 3.5, 10, 0, x, 2.5
7, 28696, -2.0, 1.0, -4.5, 4.0, 10, 0, x, 3.0
7, 28697, -2.0, 1.0, -4.5, 4.5, 10, 0, x, 3.5
7, 28698, -2.0, 1.0, -4.5, 5.0, 10, 0, x, 4.0
7, 28699, -2.0, 1.0, -4.0, 0.0, 10, 0, x, -1.0
7, 28700, -2.0, 1.0, -4.0, 0.5, 10, 0, x, -0.5
7, 28701, -2.0, 1.0, -4.0, 1.0, 10, 0, x, 0.0
7, 28702, -2.0, 1.0, -4.0, 1.5, 10, 0, x, 0.5
7, 28703, -2.0, 1.0, -4.0, 2.0, 10, 0, x, 1.0
7, 28704, -2.0, 1.0, -4.0, 2.5, 10, 0, x, 1.5
7, 28705, -2.0, 1.0, -4.0, 3.0, 10, 0, x, 2.0
7, 28706, -2.0, 1.0, -4.0, 3.5, 10, 0, x, 2.5
7, 28707, -2.0, 1.0, -4.0, 4.0, 10, 0, x, 3.0
7, 28708, -2.0, 1.0, -4.0, 4.5, 10, 0, x, 3.5
7, 28709, -2.0, 1.0, -4.0, 5.0, 10, 0, x, 4.0
7, 28710, -2.0, 1.0, -3.5, 0.0, 10, 0, x, -1.0
7, 28711, -2.0, 1.0, -3.5, 0.5, 10, 0, x, -0.5
7, 28712, -2.0, 1.0, -3.5, 1.0, 10, 0, x, 0.0
7, 28713, -2.0, 1.0, -3.5, 1.5, 10, 0, x, 0.5
7, 28714, -2.0, 1.0, -3.5, 2.0, 10, 0, x, 1.0
7, 28715, -2.0, 1.0, -3.5, 2.5, 10, 0, x, 1.5
7, 28716, -2.0, 1.0, -3.5, 3.0, 10, 0, x, 2.0
7, 28717, -2.0, 1.0, -3.5, 3.5, 10, 0, x, 2.5
7, 28718, -2.0, 1.0, -3.5, 4.0, 10, 0, x, 3.0
7, 28719, -2.0, 1.0, -3.5, 4.5, 10, 0, x, 3.5
7, 28720, -2.0, 1.0, -3.5, 5.0, 10, 0, x, 4.0
7, 28721, -2.0, 1.0, -3.0, 0.0, 10, 0, x, -1.0
7, 28722, -2.0, 1.0, -3.0, 0.5, 10, 0, x, -0.5
7, 28723, -2.0, 1.0, -3.0, 1.0, 10, 0, x, 0.0
7, 28724, -2.0, 1.0, -3.0, 1.5, 10, 0, x, 0.5
7, 28725, -2.0, 1.0, -3.0, 2.0, 10, 0, x, 1.0
7, 28726, -2.0, 1.0, -3.0, 2.5, 10, 0, x, 1.5
7, 28727, -2.0, 1.0, -3.0, 3.0, 10, 0, x, 2.0
7, 28728, -2.0, 1.0, -3.0, 3.5, 10, 0, x, 2.5
7, 28729, -2.0, 1.0, -3.0, 4.0, 10, 0, x, 3.0
7, 28730, -2.0, 1.0, -3.0, 4.5, 10, 0, x, 3.5
7, 28731, -2.0, 1.0, -3.0, 5.0, 10, 0, x, 4.0
7, 28732, -2.0, 1.0, -2.5, 0.0, 10, 0, x, -1.0
7, 28733, -2.0, 1.0, -2.5, 0.5, 10, 0, x, -0.5
7, 28734, -2.0, 1.0, -2.5, 1.0, 10, 0, x, 0.0
7, 28735, -2.0, 1.0, -2.5, 1.5, 10, 0, x, 0.5
7, 28736, -2.0, 1.0, -2.5, 2.0, 10, 0, x, 1.0
7, 28737, -2.0, 1.0, -2.5, 2.5, 10, 0, x, 1.5
7, 28738, -2.0, 1.0, -2.5, 3.0, 10, 0, x, 2.0
7, 28739, -2.0, 1.0, -2.5, 3.5, 10, 0, x, 2.5
7, 28740, -2.0, 1.0, -2.5, 4.0, 10, 0, x, 3.0
7, 28741, -2.0, 1.0, -2.5, 4.5, 10, 0, x, 3.5
7, 28742, -2.0, 1.0, -2.5, 5.0, 37, 0, System.arraycopy(x, x, x, x, x).compareTo(), 4.5
7, 28743, -2.0, 1.0, -2.0, 0.0, 10, 0, x, -1.0
7, 28744, -2.0, 1.0, -2.0, 0.5, 10, 0, x, -0.5
7, 28745, -2.0, 1.0, -2.0, 1.0, 10, 0, x, 0.0
7, 28746, -2.0, 1.0, -2.0, 1.5, 10, 0, x, 0.5
7, 28747, -2.0, 1.0, -2.0, 2.0, 10, 0, x, 1.0
7, 28748, -2.0, 1.0, -2.0, 2.5, 10, 0, x, 1.5
7, 28749, -2.0, 1.0, -2.0, 3.0, 10, 0, x, 2.0
7, 28750, -2.0, 1.0, -2.0, 3.5, 10, 0, x, 2.5
7, 28751, -2.0, 1.0, -2.0, 4.0, 10, 0, x, 3.0
7, 28752, -2.0, 1.0, -2.0, 4.5, 10, 0, x, 3.5
7, 28753, -2.0, 1.0, -2.0, 5.0, 37, 0, System.arraycopy(x, x, x, x, x).compareTo(), 6.0
7, 28754, -2.0, 1.0, -1.5, 0.0, 10, 0, x, -1.0
7, 28755, -2.0, 1.0, -1.5, 0.5, 10, 0, x, -0.5
7, 28756, -2.0, 1.0, -1.5, 1.0, 10, 0, x, 0.0
7, 28757, -2.0, 1.0, -1.5, 1.5, 10, 0, x, 0.5
7, 28758, -2.0, 1.0, -1.5, 2.0, 10, 0, x, 1.0
7, 28759, -2.0, 1.0, -1.5, 2.5, 10, 0, x, 1.5
7, 28760, -2.0, 1.0, -1.5, 3.0, 10, 0, x, 2.0
7, 28761, -2.0, 1.0, -1.5, 3.5, 10, 0, x, 2.5
7, 28762, -2.0, 1.0, -1.5, 4.0, 10, 0, x, 3.0
7, 28763, -2.0, 1.0, -1.5, 4.5, 37, 0, System.arraycopy(x, x, x, x, x).compareTo(), 5.0
7, 28764, -2.0, 1.0, -1.5, 5.0, 41, 0, x.insert(x, x).indexOf(new String(x, x, x), x), 8.5
7, 28765, -2.0, 1.0, -1.0, 0.0, 10, 0, x, -1.0
7, 28766, -2.0, 1.0, -1.0, 0.5, 10, 0, x, -0.5
7, 28767, -2.0, 1.0, -1.0, 1.0, 10, 0, x, 0.0
7, 28768, -2.0, 1.0, -1.0, 1.5, 10, 0, x, 0.5
7, 28769, -2.0, 1.0, -1.0, 2.0, 10, 0, x, 1.0
7, 28770, -2.0, 1.0, -1.0, 2.5, 10, 0, x, 1.5
7, 28771, -2.0, 1.0, -1.0, 3.0, 10, 0, x, 2.0
7, 28772, -2.0, 1.0, -1.0, 3.5, 10, 0, x, 2.5
7, 28773, -2.0, 1.0, -1.0, 4.0, 37, 0, System.arraycopy(x, x, x, x, x).compareTo(), 4.0
7, 28774, -2.0, 1.0, -1.0, 4.5, 55, 0, new String(x, x, x).compareTo(System.arraycopy(x, x, x, x, x)), 10.0
7, 28775, -2.0, 1.0, -1.0, 5.0, 187, 0, Character.offsetByCodePoints(Character.offsetByCodePoints(x, x, x, x), Character.offsetByCodePoints(x, x, x, x), Character.offsetByCodePoints(x, x, x, x), Character.offsetByCodePoints(x, x, x, x)), 14.0
7, 28776, -2.0, 1.0, -0.5, 0.0, 10, 0, x, -1.0
7, 28777, -2.0, 1.0, -0.5, 0.5, 10, 0, x, -0.5
7, 28778, -2.0, 1.0, -0.5, 1.0, 10, 0, x, 0.0
7, 28779, -2.0, 1.0, -0.5, 1.5, 10, 0, x, 0.5
7, 28780, -2.0, 1.0, -0.5, 2.0, 10, 0, x, 1.0
7, 28781, -2.0, 1.0, -0.5, 2.5, 10, 0, x, 1.5
7, 28782, -2.0, 1.0, -0.5, 3.0, 10, 0, x, 2.0
7, 28783, -2.0, 1.0, -0.5, 3.5, 37, 0, System.arraycopy(x, x, x, x, x).compareTo(), 3.0
7, 28784, -2.0, 1.0, -0.5, 4.0, 187, 0, Character.offsetByCodePoints(Character.offsetByCodePoints(x, x, x, x), Character.offsetByCodePoints(x, x, x, x), Character.offsetByCodePoints(x, x, x, x), Character.offsetByCodePoints(x, x, x, x)), 10.5
7, 28785, -2.0, 1.0, -0.5, 4.5, 187, 0, Character.offsetByCodePoints(Character.offsetByCodePoints(x, x, x, x), Character.offsetByCodePoints(x, x, x, x), Character.offsetByCodePoints(x, x, x, x), Character.offsetByCodePoints(x, x, x, x)), 18.5
7, 28786, -2.0, 1.0, -0.5, 5.0, 187, 0, Character.offsetByCodePoints(Character.offsetByCodePoints(x, x, x, x), Character.offsetByCodePoints(x, x, x, x), Character.offsetByCodePoints(x, x, x, x), Character.offsetByCodePoints(x, x, x, x)), 26.5
7, 28787, -2.0, 1.0, 0.0, 0.0, 16, 0, Character.MIN_RADIX, -1.0
7, 28788, -2.0, 1.0, 0.0, 0.5, 10, 0, x, -0.5
7, 28789, -2.0, 1.0, 0.0, 1.0, 10, 0, x, 0.0
7, 28790, -2.0, 1.0, 0.0, 1.5, 10, 0, x, 0.5
7, 28791, -2.0, 1.0, 0.0, 2.0, 10, 0, x, 1.0
7, 28792, -2.0, 1.0, 0.0, 2.5, 10, 0, x, 1.5
7, 28793, -2.0, 1.0, 0.0, 3.0, 187, 0, Character.offsetByCodePoints(Character.offsetByCodePoints(x, x, x, x), Character.offsetByCodePoints(x, x, x, x), Character.offsetByCodePoints(x, x, x, x), Character.offsetByCodePoints(x, x, x, x)), 7.0
7, 28794, -2.0, 1.0, 0.0, 3.5, 187, 0, Character.offsetByCodePoints(Character.offsetByCodePoints(x, x, x, x), Character.offsetByCodePoints(x, x, x, x), Character.offsetByCodePoints(x, x, x, x), Character.offsetByCodePoints(x, x, x, x)), 15.0
7, 28795, -2.0, 1.0, 0.0, 4.0, 213, 0, Character.offsetByCodePoints(Character.forDigit(x, x), Character.offsetByCodePoints(x, x, x, x), Character.offsetByCodePoints(x, x, x, x), Character.offsetByCodePoints(x, x, x, x), Character.offsetByCodePoints(x, x, x, x)), 25.0
7, 28796, -2.0, 1.0, 0.0, 4.5, 213, 0, Character.offsetByCodePoints(Character.forDigit(x, x), Character.offsetByCodePoints(x, x, x, x), Character.offsetByCodePoints(x, x, x, x), Character.offsetByCodePoints(x, x, x, x), Character.offsetByCodePoints(x, x, x, x)), 34.0
7, 28797, -2.0, 1.0, 0.0, 5.0, 213, 0, Character.offsetByCodePoints(Character.forDigit(x, x), Character.offsetByCodePoints(x, x, x, x), Character.offsetByCodePoints(x, x, x, x), Character.offsetByCodePoints(x, x, x, x), Character.offsetByCodePoints(x, x, x, x)), 43.0
7, 28798, -1.5, 1.0, -5.0, 0.0, 1, 0, Math.abs(), 0.5
7, 28799, -1.5, 1.0, -5.0, 0.5, 0, 0, Math.abs(x), 0.5
7, 28800, -1.5, 1.0, -5.0, 1.0, 0, 0, Math.abs(x), 1.0
7, 28801, -1.5, 1.0, -5.0, 1.5, 0, 0, Math.abs(x), 1.5
7, 28802, -1.5, 1.0, -5.0, 2.0, 0, 0, Math.abs(x), 2.0
7, 28803, -1.5, 1.0, -5.0, 2.5, 0, 0, Math.abs(x), 2.5
7, 28804, -1.5, 1.0, -5.0, 3.0, 0, 0, Math.abs(x), 3.0
7, 28805, -1.5, 1.0, -5.0, 3.5, 0, 0, Math.abs(x), 3.5
7, 28806, -1.5, 1.0, -5.0, 4.0, 0, 0, Math.abs(x), 4.0
7, 28807, -1.5, 1.0, -5.0, 4.5, 0, 0, Math.abs(x), 4.5
7, 28808, -1.5, 1.0, -5.0, 5.0, 0, 0, Math.abs(x), 5.0
7, 28809, -1.5, 1.0, -4.5, 0.0, 1, 0, Math.abs(), 0.5
7, 28810, -1.5, 1.0, -4.5, 0.5, 0, 0, Math.abs(x), 0.5
7, 28811, -1.5, 1.0, -4.5, 1.0, 0, 0, Math.abs(x), 1.0
7, 28812, -1.5, 1.0, -4.5, 1.5, 0, 0, Math.abs(x), 1.5
7, 28813, -1.5, 1.0, -4.5, 2.0, 0, 0, Math.abs(x), 2.0
7, 28814, -1.5, 1.0, -4.5, 2.5, 0, 0, Math.abs(x), 2.5
7, 28815, -1.5, 1.0, -4.5, 3.0, 0, 0, Math.abs(x), 3.0
7, 28816, -1.5, 1.0, -4.5, 3.5, 0, 0, Math.abs(x), 3.5
7, 28817, -1.5, 1.0, -4.5, 4.0, 0, 0, Math.abs(x), 4.0
7, 28818, -1.5, 1.0, -4.5, 4.5, 0, 0, Math.abs(x), 4.5
7, 28819, -1.5, 1.0, -4.5, 5.0, 0, 0, Math.abs(x), 5.0
7, 28820, -1.5, 1.0, -4.0, 0.0, 1, 0, Math.abs(), 0.5
7, 28821, -1.5, 1.0, -4.0, 0.5, 0, 0, Math.abs(x), 0.5
7, 28822, -1.5, 1.0, -4.0, 1.0, 0, 0, Math.abs(x), 1.0
7, 28823, -1.5, 1.0, -4.0, 1.5, 0, 0, Math.abs(x), 1.5
7, 28824, -1.5, 1.0, -4.0, 2.0, 0, 0, Math.abs(x), 2.0
7, 28825, -1.5, 1.0, -4.0, 2.5, 0, 0, Math.abs(x), 2.5
7, 28826, -1.5, 1.0, -4.0, 3.0, 0, 0, Math.abs(x), 3.0
7, 28827, -1.5, 1.0, -4.0, 3.5, 0, 0, Math.abs(x), 3.5
7, 28828, -1.5, 1.0, -4.0, 4.0, 0, 0, Math.abs(x), 4.0
7, 28829, -1.5, 1.0, -4.0, 4.5, 0, 0, Math.abs(x), 4.5
7, 28830, -1.5, 1.0, -4.0, 5.0, 0, 0, Math.abs(x), 5.0
7, 28831, -1.5, 1.0, -3.5, 0.0, 1, 0, Math.abs(), 0.5
7, 28832, -1.5, 1.0, -3.5, 0.5, 0, 0, Math.abs(x), 0.5
7, 28833, -1.5, 1.0, -3.5, 1.0, 0, 0, Math.abs(x), 1.0
7, 28834, -1.5, 1.0, -3.5, 1.5, 0, 0, Math.abs(x), 1.5
7, 28835, -1.5, 1.0, -3.5, 2.0, 0, 0, Math.abs(x), 2.0
7, 28836, -1.5, 1.0, -3.5, 2.5, 0, 0, Math.abs(x), 2.5
7, 28837, -1.5, 1.0, -3.5, 3.0, 0, 0, Math.abs(x), 3.0
7, 28838, -1.5, 1.0, -3.5, 3.5, 0, 0, Math.abs(x), 3.5
7, 28839, -1.5, 1.0, -3.5, 4.0, 0, 0, Math.abs(x), 4.0
7, 28840, -1.5, 1.0, -3.5, 4.5, 0, 0, Math.abs(x), 4.5
7, 28841, -1.5, 1.0, -3.5, 5.0, 37, 0, System.arraycopy(x, x, x, x, x).compareTo(), 5.0
7, 28842, -1.5, 1.0, -3.0, 0.0, 1, 0, Math.abs(), 0.5
7, 28843, -1.5, 1.0, -3.0, 0.5, 0, 0, Math.abs(x), 0.5
7, 28844, -1.5, 1.0, -3.0, 1.0, 0, 0, Math.abs(x), 1.0
7, 28845, -1.5, 1.0, -3.0, 1.5, 0, 0, Math.abs(x), 1.5
7, 28846, -1.5, 1.0, -3.0, 2.0, 0, 0, Math.abs(x), 2.0
7, 28847, -1.5, 1.0, -3.0, 2.5, 0, 0, Math.abs(x), 2.5
7, 28848, -1.5, 1.0, -3.0, 3.0, 0, 0, Math.abs(x), 3.0
7, 28849, -1.5, 1.0, -3.0, 3.5, 0, 0, Math.abs(x), 3.5
7, 28850, -1.5, 1.0, -3.0, 4.0, 0, 0, Math.abs(x), 4.0
7, 28851, -1.5, 1.0, -3.0, 4.5, 0, 0, Math.abs(x), 4.5
7, 28852, -1.5, 1.0, -3.0, 5.0, 37, 0, System.arraycopy(x, x, x, x, x).compareTo(), 6.5
7, 28853, -1.5, 1.0, -2.5, 0.0, 1, 0, Math.abs(), 0.5
7, 28854, -1.5, 1.0, -2.5, 0.5, 0, 0, Math.abs(x), 0.5
7, 28855, -1.5, 1.0, -2.5, 1.0, 0, 0, Math.abs(x), 1.0
7, 28856, -1.5, 1.0, -2.5, 1.5, 0, 0, Math.abs(x), 1.5
7, 28857, -1.5, 1.0, -2.5, 2.0, 0, 0, Math.abs(x), 2.0
7, 28858, -1.5, 1.0, -2.5, 2.5, 0, 0, Math.abs(x), 2.5
7, 28859, -1.5, 1.0, -2.5, 3.0, 0, 0, Math.abs(x), 3.0
7, 28860, -1.5, 1.0, -2.5, 3.5, 0, 0, Math.abs(x), 3.5
7, 28861, -1.5, 1.0, -2.5, 4.0, 0, 0, Math.abs(x), 4.0
7, 28862, -1.5, 1.0, -2.5, 4.5, 37, 0, System.arraycopy(x, x, x, x, x).compareTo(), 5.5
7, 28863, -1.5, 1.0, -2.5, 5.0, 45, 0, x.insert(x, x).indexOf(new String(x, x, x), Math.abs(x)), 9.0
7, 28864, -1.5, 1.0, -2.0, 0.0, 1, 0, Math.abs(), 0.5
7, 28865, -1.5, 1.0, -2.0, 0.5, 0, 0, Math.abs(x), 0.5
7, 28866, -1.5, 1.0, -2.0, 1.0, 0, 0, Math.abs(x), 1.0
7, 28867, -1.5, 1.0, -2.0, 1.5, 0, 0, Math.abs(x), 1.5
7, 28868, -1.5, 1.0, -2.0, 2.0, 0, 0, Math.abs(x), 2.0
7, 28869, -1.5, 1.0, -2.0, 2.5, 0, 0, Math.abs(x), 2.5
7, 28870, -1.5, 1.0, -2.0, 3.0, 0, 0, Math.abs(x), 3.0
7, 28871, -1.5, 1.0, -2.0, 3.5, 0, 0, Math.abs(x), 3.5
7, 28872, -1.5, 1.0, -2.0, 4.0, 37, 0, System.arraycopy(x, x, x, x, x).compareTo(), 4.5
7, 28873, -1.5, 1.0, -2.0, 4.5, 45, 0, x.insert(x, x).indexOf(new String(x, x, x), Math.abs(x)), 8.0
7, 28874, -1.5, 1.0, -2.0, 5.0, 55, 0, new String(x, x, x).compareTo(System.arraycopy(x, x, x, x, x)), 14.5
7, 28875, -1.5, 1.0, -1.5, 0.0, 1, 0, Math.abs(), 0.5
7, 28876, -1.5, 1.0, -1.5, 0.5, 0, 0, Math.abs(x), 0.5
7, 28877, -1.5, 1.0, -1.5, 1.0, 0, 0, Math.abs(x), 1.0
7, 28878, -1.5, 1.0, -1.5, 1.5, 0, 0, Math.abs(x), 1.5
7, 28879, -1.5, 1.0, -1.5, 2.0, 0, 0, Math.abs(x), 2.0
7, 28880, -1.5, 1.0, -1.5, 2.5, 0, 0, Math.abs(x), 2.5
7, 28881, -1.5, 1.0, -1.5, 3.0, 0, 0, Math.abs(x), 3.0
7, 28882, -1.5, 1.0, -1.5, 3.5, 37, 0, System.arraycopy(x, x, x, x, x).compareTo(), 3.5
7, 28883, -1.5, 1.0, -1.5, 4.0, 45, 0, x.insert(x, x).indexOf(new String(x, x, x), Math.abs(x)), 7.0
7, 28884, -1.5, 1.0, -1.5, 4.5, 55, 0, new String(x, x, x).compareTo(System.arraycopy(x, x, x, x, x)), 13.0
7, 28885, -1.5, 1.0, -1.5, 5.0, 55, 0, new String(x, x, x).compareTo(System.arraycopy(x, x, x, x, x)), 17.0
7, 28886, -1.5, 1.0, -1.0, 0.0, 1, 0, Math.abs(), 0.5
7, 28887, -1.5, 1.0, -1.0, 0.5, 0, 0, Math.abs(x), 0.5
7, 28888, -1.5, 1.0, -1.0, 1.0, 0, 0, Math.abs(x), 1.0
7, 28889, -1.5, 1.0, -1.0, 1.5, 0, 0, Math.abs(x), 1.5
7, 28890, -1.5, 1.0, -1.0, 2.0, 0, 0, Math.abs(x), 2.0
7, 28891, -1.5, 1.0, -1.0, 2.5, 0, 0, Math.abs(x), 2.5
7, 28892, -1.5, 1.0, -1.0, 3.0, 0, 0, Math.abs(x), 3.0
7, 28893, -1.5, 1.0, -1.0, 3.5, 45, 0, x.insert(x, x).indexOf(new String(x, x, x), Math.abs(x)), 6.0
7, 28894, -1.5, 1.0, -1.0, 4.0, 55, 0, new String(x, x, x).compareTo(System.arraycopy(x, x, x, x, x)), 11.5
7, 28895, -1.5, 1.0, -1.0, 4.5, 187, 0, Character.offsetByCodePoints(Character.offsetByCodePoints(x, x, x, x), Character.offsetByCodePoints(x, x, x, x), Character.offsetByCodePoints(x, x, x, x), Character.offsetByCodePoints(x, x, x, x)), 16.5
7, 28896, -1.5, 1.0, -1.0, 5.0, 187, 0, Character.offsetByCodePoints(Character.offsetByCodePoints(x, x, x, x), Character.offsetByCodePoints(x, x, x, x), Character.offsetByCodePoints(x, x, x, x), Character.offsetByCodePoints(x, x, x, x)), 24.5
7, 28897, -1.5, 1.0, -0.5, 0.0, 1, 0, Math.abs(), 0.5
7, 28898, -1.5, 1.0, -0.5, 0.5, 0, 0, Math.abs(x), 0.5
7, 28899, -1.5, 1.0, -0.5, 1.0, 0, 0, Math.abs(x), 1.0
7, 28900, -1.5, 1.0, -0.5, 1.5, 0, 0, Math.abs(x), 1.5
7, 28901, -1.5, 1.0, -0.5, 2.0, 0, 0, Math.abs(x), 2.0
7, 28902, -1.5, 1.0, -0.5, 2.5, 0, 0, Math.abs(x), 2.5
7, 28903, -1.5, 1.0, -0.5, 3.0, 55, 0, new String(x, x, x).compareTo(System.arraycopy(x, x, x, x, x)), 6.0
7, 28904, -1.5, 1.0, -0.5, 3.5, 187, 0, Character.offsetByCodePoints(Character.offsetByCodePoints(x, x, x, x), Character.offsetByCodePoints(x, x, x, x), Character.offsetByCodePoints(x, x, x, x), Character.offsetByCodePoints(x, x, x, x)), 13.0
7, 28905, -1.5, 1.0, -0.5, 4.0, 187, 0, Character.offsetByCodePoints(Character.offsetByCodePoints(x, x, x, x), Character.offsetByCodePoints(x, x, x, x), Character.offsetByCodePoints(x, x, x, x), Character.offsetByCodePoints(x, x, x, x)), 21.0
7, 28906, -1.5, 1.0, -0.5, 4.5, 213, 0, Character.offsetByCodePoints(Character.forDigit(x, x), Character.offsetByCodePoints(x, x, x, x), Character.offsetByCodePoints(x, x, x, x), Character.offsetByCodePoints(x, x, x, x), Character.offsetByCodePoints(x, x, x, x)), 33.0
7, 28907, -1.5, 1.0, -0.5, 5.0, 213, 0, Character.offsetByCodePoints(Character.forDigit(x, x), Character.offsetByCodePoints(x, x, x, x), Character.offsetByCodePoints(x, x, x, x), Character.offsetByCodePoints(x, x, x, x), Character.offsetByCodePoints(x, x, x, x)), 42.0
7, 28908, -1.5, 1.0, 0.0, 0.0, 7, 0, StrictMath.abs(), 0.5
7, 28909, -1.5, 1.0, 0.0, 0.5, 0, 0, Math.abs(x), 0.5
7, 28910, -1.5, 1.0, 0.0, 1.0, 0, 0, Math.abs(x), 1.0
7, 28911, -1.5, 1.0, 0.0, 1.5, 0, 0, Math.abs(x), 1.5
7, 28912, -1.5, 1.0, 0.0, 2.0, 39, 0, Character.offsetByCodePoints(Math.abs(x), x, x, x), 2.0
7, 28913, -1.5, 1.0, 0.0, 2.5, 187, 0, Character.offsetByCodePoints(Character.offsetByCodePoints(x, x, x, x), Character.offsetByCodePoints(x, x, x, x), Character.offsetByCodePoints(x, x, x, x), Character.offsetByCodePoints(x, x, x, x)), 9.5
7, 28914, -1.5, 1.0, 0.0, 3.0, 213, 0, Character.offsetByCodePoints(Character.forDigit(x, x), Character.offsetByCodePoints(x, x, x, x), Character.offsetByCodePoints(x, x, x, x), Character.offsetByCodePoints(x, x, x, x), Character.offsetByCodePoints(x, x, x, x)), 19.0
7, 28915, -1.5, 1.0, 0.0, 3.5, 213, 0, Character.offsetByCodePoints(Character.forDigit(x, x), Character.offsetByCodePoints(x, x, x, x), Character.offsetByCodePoints(x, x, x, x), Character.offsetByCodePoints(x, x, x, x), Character.offsetByCodePoints(x, x, x, x)), 28.0
7, 28916, -1.5, 1.0, 0.0, 4.0, 213, 0, Character.offsetByCodePoints(Character.forDigit(x, x), Character.offsetByCodePoints(x, x, x, x), Character.offsetByCodePoints(x, x, x, x), Character.offsetByCodePoints(x, x, x, x), Character.offsetByCodePoints(x, x, x, x)), 37.0
7, 28917, -1.5, 1.0, 0.0, 4.5, 213, 0, Character.offsetByCodePoints(Character.forDigit(x, x), Character.offsetByCodePoints(x, x, x, x), Character.offsetByCodePoints(x, x, x, x), Character.offsetByCodePoints(x, x, x, x), Character.offsetByCodePoints(x, x, x, x)), 46.0
7, 28918, -1.5, 1.0, 0.0, 5.0, 213, 0, Character.offsetByCodePoints(Character.forDigit(x, x), Character.offsetByCodePoints(x, x, x, x), Character.offsetByCodePoints(x, x, x, x), Character.offsetByCodePoints(x, x, x, x), Character.offsetByCodePoints(x, x, x, x)), 55.0
7, 28919, -1.0, 1.0, -5.0, 0.0, 0, 0, Math.abs(x), 1.0
7, 28920, -1.0, 1.0, -5.0, 0.5, 0, 0, Math.abs(x), 1.5
7, 28921, -1.0, 1.0, -5.0, 1.0, 0, 0, Math.abs(x), 2.0
7, 28922, -1.0, 1.0, -5.0, 1.5, 0, 0, Math.abs(x), 2.5
7, 28923, -1.0, 1.0, -5.0, 2.0, 0, 0, Math.abs(x), 3.0
7, 28924, -1.0, 1.0, -5.0, 2.5, 0, 0, Math.abs(x), 3.5
7, 28925, -1.0, 1.0, -5.0, 3.0, 0, 0, Math.abs(x), 4.0
7, 28926, -1.0, 1.0, -5.0, 3.5, 0, 0, Math.abs(x), 4.5
7, 28927, -1.0, 1.0, -5.0, 4.0, 0, 0, Math.abs(x), 5.0
7, 28928, -1.0, 1.0, -5.0, 4.5, 0, 0, Math.abs(x), 5.5
7, 28929, -1.0, 1.0, -5.0, 5.0, 0, 0, Math.abs(x), 6.0
7, 28930, -1.0, 1.0, -4.5, 0.0, 0, 0, Math.abs(x), 1.0
7, 28931, -1.0, 1.0, -4.5, 0.5, 0, 0, Math.abs(x), 1.5
7, 28932, -1.0, 1.0, -4.5, 1.0, 0, 0, Math.abs(x), 2.0
7, 28933, -1.0, 1.0, -4.5, 1.5, 0, 0, Math.abs(x), 2.5
7, 28934, -1.0, 1.0, -4.5, 2.0, 0, 0, Math.abs(x), 3.0
7, 28935, -1.0, 1.0, -4.5, 2.5, 0, 0, Math.abs(x), 3.5
7, 28936, -1.0, 1.0, -4.5, 3.0, 0, 0, Math.abs(x), 4.0
7, 28937, -1.0, 1.0, -4.5, 3.5, 0, 0, Math.abs(x), 4.5
7, 28938, -1.0, 1.0, -4.5, 4.0, 0, 0, Math.abs(x), 5.0
7, 28939, -1.0, 1.0, -4.5, 4.5, 0, 0, Math.abs(x), 5.5
7, 28940, -1.0, 1.0, -4.5, 5.0, 0, 0, Math.abs(x), 6.0
7, 28941, -1.0, 1.0, -4.0, 0.0, 0, 0, Math.abs(x), 1.0
7, 28942, -1.0, 1.0, -4.0, 0.5, 0, 0, Math.abs(x), 1.5
7, 28943, -1.0, 1.0, -4.0, 1.0, 0, 0, Math.abs(x), 2.0
7, 28944, -1.0, 1.0, -4.0, 1.5, 0, 0, Math.abs(x), 2.5
7, 28945, -1.0, 1.0, -4.0, 2.0, 0, 0, Math.abs(x), 3.0
7, 28946, -1.0, 1.0, -4.0, 2.5, 0, 0, Math.abs(x), 3.5
7, 28947, -1.0, 1.0, -4.0, 3.0, 0, 0, Math.abs(x), 4.0
7, 28948, -1.0, 1.0, -4.0, 3.5, 0, 0, Math.abs(x), 4.5
7, 28949, -1.0, 1.0, -4.0, 4.0, 0, 0, Math.abs(x), 5.0
7, 28950, -1.0, 1.0, -4.0, 4.5, 0, 0, Math.abs(x), 5.5
7, 28951, -1.0, 1.0, -4.0, 5.0, 37, 0, System.arraycopy(x, x, x, x, x).compareTo(), 7.0
7, 28952, -1.0, 1.0, -3.5, 0.0, 0, 0, Math.abs(x), 1.0
7, 28953, -1.0, 1.0, -3.5, 0.5, 0, 0, Math.abs(x), 1.5
7, 28954, -1.0, 1.0, -3.5, 1.0, 0, 0, Math.abs(x), 2.0
7, 28955, -1.0, 1.0, -3.5, 1.5, 0, 0, Math.abs(x), 2.5
7, 28956, -1.0, 1.0, -3.5, 2.0, 0, 0, Math.abs(x), 3.0
7, 28957, -1.0, 1.0, -3.5, 2.5, 0, 0, Math.abs(x), 3.5
7, 28958, -1.0, 1.0, -3.5, 3.0, 0, 0, Math.abs(x), 4.0
7, 28959, -1.0, 1.0, -3.5, 3.5, 0, 0, Math.abs(x), 4.5
7, 28960, -1.0, 1.0, -3.5, 4.0, 0, 0, Math.abs(x), 5.0
7, 28961, -1.0, 1.0, -3.5, 4.5, 37, 0, System.arraycopy(x, x, x, x, x).compareTo(), 6.0
7, 28962, -1.0, 1.0, -3.5, 5.0, 45, 0, x.insert(x, x).indexOf(new String(x, x, x), Math.abs(x)), 9.5
7, 28963, -1.0, 1.0, -3.0, 0.0, 0, 0, Math.abs(x), 1.0
7, 28964, -1.0, 1.0, -3.0, 0.5, 0, 0, Math.abs(x), 1.5
7, 28965, -1.0, 1.0, -3.0, 1.0, 0, 0, Math.abs(x), 2.0
7, 28966, -1.0, 1.0, -3.0, 1.5, 0, 0, Math.abs(x), 2.5
7, 28967, -1.0, 1.0, -3.0, 2.0, 0, 0, Math.abs(x), 3.0
7, 28968, -1.0, 1.0, -3.0, 2.5, 0, 0, Math.abs(x), 3.5
7, 28969, -1.0, 1.0, -3.0, 3.0, 0, 0, Math.abs(x), 4.0
7, 28970, -1.0, 1.0, -3.0, 3.5, 0, 0, Math.abs(x), 4.5
7, 28971, -1.0, 1.0, -3.0, 4.0, 37, 0, System.arraycopy(x, x, x, x, x).compareTo(), 5.0
7, 28972, -1.0, 1.0, -3.0, 4.5, 45, 0, x.insert(x, x).indexOf(new String(x, x, x), Math.abs(x)), 8.5
7, 28973, -1.0, 1.0, -3.0, 5.0, 45, 0, x.insert(x, x).indexOf(new String(x, x, x), Math.abs(x)), 12.0
7, 28974, -1.0, 1.0, -2.5, 0.0, 0, 0, Math.abs(x), 1.0
7, 28975, -1.0, 1.0, -2.5, 0.5, 0, 0, Math.abs(x), 1.5
7, 28976, -1.0, 1.0, -2.5, 1.0, 0, 0, Math.abs(x), 2.0
7, 28977, -1.0, 1.0, -2.5, 1.5, 0, 0, Math.abs(x), 2.5
7, 28978, -1.0, 1.0, -2.5, 2.0, 0, 0, Math.abs(x), 3.0
7, 28979, -1.0, 1.0, -2.5, 2.5, 0, 0, Math.abs(x), 3.5
7, 28980, -1.0, 1.0, -2.5, 3.0, 0, 0, Math.abs(x), 4.0
7, 28981, -1.0, 1.0, -2.5, 3.5, 0, 0, Math.abs(x), 4.5
7, 28982, -1.0, 1.0, -2.5, 4.0, 45, 0, x.insert(x, x).indexOf(new String(x, x, x), Math.abs(x)), 7.5
7, 28983, -1.0, 1.0, -2.5, 4.5, 45, 0, x.insert(x, x).indexOf(new String(x, x, x), Math.abs(x)), 11.0
7, 28984, -1.0, 1.0, -2.5, 5.0, 55, 0, new String(x, x, x).compareTo(System.arraycopy(x, x, x, x, x)), 17.5
7, 28985, -1.0, 1.0, -2.0, 0.0, 0, 0, Math.abs(x), 1.0
7, 28986, -1.0, 1.0, -2.0, 0.5, 0, 0, Math.abs(x), 1.5
7, 28987, -1.0, 1.0, -2.0, 1.0, 0, 0, Math.abs(x), 2.0
7, 28988, -1.0, 1.0, -2.0, 1.5, 0, 0, Math.abs(x), 2.5
7, 28989, -1.0, 1.0, -2.0, 2.0, 0, 0, Math.abs(x), 3.0
7, 28990, -1.0, 1.0, -2.0, 2.5, 0, 0, Math.abs(x), 3.5
7, 28991, -1.0, 1.0, -2.0, 3.0, 0, 0, Math.abs(x), 4.0
7, 28992, -1.0, 1.0, -2.0, 3.5, 45, 0, x.insert(x, x).indexOf(new String(x, x, x), Math.abs(x)), 6.5
7, 28993, -1.0, 1.0, -2.0, 4.0, 45, 0, x.insert(x, x).indexOf(new String(x, x, x), Math.abs(x)), 10.0
7, 28994, -1.0, 1.0, -2.0, 4.5, 55, 0, new String(x, x, x).compareTo(System.arraycopy(x, x, x, x, x)), 16.0
7, 28995, -1.0, 1.0, -2.0, 5.0, 55, 0, new String(x, x, x).compareTo(System.arraycopy(x, x, x, x, x)), 20.0
7, 28996, -1.0, 1.0, -1.5, 0.0, 0, 0, Math.abs(x), 1.0
7, 28997, -1.0, 1.0, -1.5, 0.5, 0, 0, Math.abs(x), 1.5
7, 28998, -1.0, 1.0, -1.5, 1.0, 0, 0, Math.abs(x), 2.0
7, 28999, -1.0, 1.0, -1.5, 1.5, 0, 0, Math.abs(x), 2.5
7, 29000, -1.0, 1.0, -1.5, 2.0, 0, 0, Math.abs(x), 3.0
7, 29001, -1.0, 1.0, -1.5, 2.5, 0, 0, Math.abs(x), 3.5
7, 29002, -1.0, 1.0, -1.5, 3.0, 45, 0, x.insert(x, x).indexOf(new String(x, x, x), Math.abs(x)), 5.5
7, 29003, -1.0, 1.0, -1.5, 3.5, 55, 0, new String(x, x, x).compareTo(System.arraycopy(x, x, x, x, x)), 10.5
7, 29004, -1.0, 1.0, -1.5, 4.0, 55, 0, new String(x, x, x).compareTo(System.arraycopy(x, x, x, x, x)), 14.5
7, 29005, -1.0, 1.0, -1.5, 4.5, 137, 0, Character.offsetByCodePoints(Integer.rotateLeft(x, x, x), Integer.rotateLeft(x, x, x), Integer.rotateLeft(x, x, x), Integer.rotateLeft(x, x, x)), 18.5
7, 29006, -1.0, 1.0, -1.5, 5.0, 137, 0, Character.offsetByCodePoints(Integer.rotateLeft(x, x, x), Integer.rotateLeft(x, x, x), Integer.rotateLeft(x, x, x), Integer.rotateLeft(x, x, x)), 24.5
7, 29007, -1.0, 1.0, -1.0, 0.0, 0, 0, Math.abs(x), 1.0
7, 29008, -1.0, 1.0, -1.0, 0.5, 0, 0, Math.abs(x), 1.5
7, 29009, -1.0, 1.0, -1.0, 1.0, 0, 0, Math.abs(x), 2.0
7, 29010, -1.0, 1.0, -1.0, 1.5, 0, 0, Math.abs(x), 2.5
7, 29011, -1.0, 1.0, -1.0, 2.0, 0, 0, Math.abs(x), 3.0
7, 29012, -1.0, 1.0, -1.0, 2.5, 43, 0, Math.abs(x).compareTo(System.arraycopy(x, x, x, x, x)), 6.0
7, 29013, -1.0, 1.0, -1.0, 3.0, 55, 0, new String(x, x, x).compareTo(System.arraycopy(x, x, x, x, x)), 9.0
7, 29014, -1.0, 1.0, -1.0, 3.5, 137, 0, Character.offsetByCodePoints(Integer.rotateLeft(x, x, x), Integer.rotateLeft(x, x, x), Integer.rotateLeft(x, x, x), Integer.rotateLeft(x, x, x)), 13.0
7, 29015, -1.0, 1.0, -1.0, 4.0, 187, 0, Character.offsetByCodePoints(Character.offsetByCodePoints(x, x, x, x), Character.offsetByCodePoints(x, x, x, x), Character.offsetByCodePoints(x, x, x, x), Character.offsetByCodePoints(x, x, x, x)), 19.0
7, 29016, -1.0, 1.0, -1.0, 4.5, 187, 0, Character.offsetByCodePoints(Character.offsetByCodePoints(x, x, x, x), Character.offsetByCodePoints(x, x, x, x), Character.offsetByCodePoints(x, x, x, x), Character.offsetByCodePoints(x, x, x, x)), 27.0
7, 29017, -1.0, 1.0, -1.0, 5.0, 213, 0, Character.offsetByCodePoints(Character.forDigit(x, x), Character.offsetByCodePoints(x, x, x, x), Character.offsetByCodePoints(x, x, x, x), Character.offsetByCodePoints(x, x, x, x), Character.offsetByCodePoints(x, x, x, x)), 41.0
7, 29018, -1.0, 1.0, -0.5, 0.0, 0, 0, Math.abs(x), 1.0
7, 29019, -1.0, 1.0, -0.5, 0.5, 0, 0, Math.abs(x), 1.5
7, 29020, -1.0, 1.0, -0.5, 1.0, 0, 0, Math.abs(x), 2.0
7, 29021, -1.0, 1.0, -0.5, 1.5, 0, 0, Math.abs(x), 2.5
7, 29022, -1.0, 1.0, -0.5, 2.0, 43, 0, Math.abs(x).compareTo(System.arraycopy(x, x, x, x, x)), 4.5
7, 29023, -1.0, 1.0, -0.5, 2.5, 187, 0, Character.offsetByCodePoints(Character.offsetByCodePoints(x, x, x, x), Character.offsetByCodePoints(x, x, x, x), Character.offsetByCodePoints(x, x, x, x), Character.offsetByCodePoints(x, x, x, x)), 7.5
7, 29024, -1.0, 1.0, -0.5, 3.0, 187, 0, Character.offsetByCodePoints(Character.offsetByCodePoints(x, x, x, x), Character.offsetByCodePoints(x, x, x, x), Character.offsetByCodePoints(x, x, x, x), Character.offsetByCodePoints(x, x, x, x)), 15.5
7, 29025, -1.0, 1.0, -0.5, 3.5, 213, 0, Character.offsetByCodePoints(Character.forDigit(x, x), Character.offsetByCodePoints(x, x, x, x), Character.offsetByCodePoints(x, x, x, x), Character.offsetByCodePoints(x, x, x, x), Character.offsetByCodePoints(x, x, x, x)), 27.0
7, 29026, -1.0, 1.0, -0.5, 4.0, 213, 0, Character.offsetByCodePoints(Character.forDigit(x, x), Character.offsetByCodePoints(x, x, x, x), Character.offsetByCodePoints(x, x, x, x), Character.offsetByCodePoints(x, x, x, x), Character.offsetByCodePoints(x, x, x, x)), 36.0
7, 29027, -1.0, 1.0, -0.5, 4.5, 213, 0, Character.offsetByCodePoints(Character.forDigit(x, x), Character.offsetByCodePoints(x, x, x, x), Character.offsetByCodePoints(x, x, x, x), Character.offsetByCodePoints(x, x, x, x), Character.offsetByCodePoints(x, x, x, x)), 45.0
7, 29028, -1.0, 1.0, -0.5, 5.0, 213, 0, Character.offsetByCodePoints(Character.forDigit(x, x), Character.offsetByCodePoints(x, x, x, x), Character.offsetByCodePoints(x, x, x, x), Character.offsetByCodePoints(x, x, x, x), Character.offsetByCodePoints(x, x, x, x)), 54.0
7, 29029, -1.0, 1.0, 0.0, 0.0, 19, 0, Math.abs(Character.MIN_RADIX), 1.0
7, 29030, -1.0, 1.0, 0.0, 0.5, 0, 0, Math.abs(x), 1.5
7, 29031, -1.0, 1.0, 0.0, 1.0, 0, 0, Math.abs(x), 2.0
7, 29032, -1.0, 1.0, 0.0, 1.5, 83, 0, Character.offsetByCodePoints(Character.offsetByCodePoints(x, StrictMath.abs(), x, x), x, x, x), 3.0
7, 29033, -1.0, 1.0, 0.0, 2.0, 213, 0, Character.offsetByCodePoints(Character.forDigit(x, x), Character.offsetByCodePoints(x, x, x, x), Character.offsetByCodePoints(x, x, x, x), Character.offsetByCodePoints(x, x, x, x), Character.offsetByCodePoints(x, x, x, x)), 13.0
7, 29034, -1.0, 1.0, 0.0, 2.5, 213, 0, Character.offsetByCodePoints(Character.forDigit(x, x), Character.offsetByCodePoints(x, x, x, x), Character.offsetByCodePoints(x, x, x, x), Character.offsetByCodePoints(x, x, x, x), Character.offsetByCodePoints(x, x, x, x)), 22.0
7, 29035, -1.0, 1.0, 0.0, 3.0, 213, 0, Character.offsetByCodePoints(Character.forDigit(x, x), Character.offsetByCodePoints(x, x, x, x), Character.offsetByCodePoints(x, x, x, x), Character.offsetByCodePoints(x, x, x, x), Character.offsetByCodePoints(x, x, x, x)), 31.0
7, 29036, -1.0, 1.0, 0.0, 3.5, 213, 0, Character.offsetByCodePoints(Character.forDigit(x, x), Character.offsetByCodePoints(x, x, x, x), Character.offsetByCodePoints(x, x, x, x), Character.offsetByCodePoints(x, x, x, x), Character.offsetByCodePoints(x, x, x, x)), 40.0
7, 29037, -1.0, 1.0, 0.0, 4.0, 213, 0, Character.offsetByCodePoints(Character.forDigit(x, x), Character.offsetByCodePoints(x, x, x, x), Character.offsetByCodePoints(x, x, x, x), Character.offsetByCodePoints(x, x, x, x), Character.offsetByCodePoints(x, x, x, x)), 49.0
7, 29038, -1.0, 1.0, 0.0, 4.5, 213, 0, Character.offsetByCodePoints(Character.forDigit(x, x), Character.offsetByCodePoints(x, x, x, x), Character.offsetByCodePoints(x, x, x, x), Character.offsetByCodePoints(x, x, x, x), Character.offsetByCodePoints(x, x, x, x)), 58.0
7, 29039, -1.0, 1.0, 0.0, 5.0, 213, 0, Character.offsetByCodePoints(Character.forDigit(x, x), Character.offsetByCodePoints(x, x, x, x), Character.offsetByCodePoints(x, x, x, x), Character.offsetByCodePoints(x, x, x, x), Character.offsetByCodePoints(x, x, x, x)), 67.0
7, 29040, -0.5, 1.0, -5.0, 0.0, 0, 0, Math.abs(x), 2.0
7, 29041, -0.5, 1.0, -5.0, 0.5, 0, 0, Math.abs(x), 2.5
7, 29042, -0.5, 1.0, -5.0, 1.0, 0, 0, Math.abs(x), 3.0
7, 29043, -0.5, 1.0, -5.0, 1.5, 0, 0, Math.abs(x), 3.5
7, 29044, -0.5, 1.0, -5.0, 2.0, 0, 0, Math.abs(x), 4.0
7, 29045, -0.5, 1.0, -5.0, 2.5, 0, 0, Math.abs(x), 4.5
7, 29046, -0.5, 1.0, -5.0, 3.0, 0, 0, Math.abs(x), 5.0
7, 29047, -0.5, 1.0, -5.0, 3.5, 0, 0, Math.abs(x), 5.5
7, 29048, -0.5, 1.0, -5.0, 4.0, 0, 0, Math.abs(x), 6.0
7, 29049, -0.5, 1.0, -5.0, 4.5, 0, 0, Math.abs(x), 6.5
7, 29050, -0.5, 1.0, -5.0, 5.0, 37, 0, System.arraycopy(x, x, x, x, x).compareTo(), 7.5
7, 29051, -0.5, 1.0, -4.5, 0.0, 0, 0, Math.abs(x), 2.0
7, 29052, -0.5, 1.0, -4.5, 0.5, 0, 0, Math.abs(x), 2.5
7, 29053, -0.5, 1.0, -4.5, 1.0, 0, 0, Math.abs(x), 3.0
7, 29054, -0.5, 1.0, -4.5, 1.5, 0, 0, Math.abs(x), 3.5
7, 29055, -0.5, 1.0, -4.5, 2.0, 0, 0, Math.abs(x), 4.0
7, 29056, -0.5, 1.0, -4.5, 2.5, 0, 0, Math.abs(x), 4.5
7, 29057, -0.5, 1.0, -4.5, 3.0, 0, 0, Math.abs(x), 5.0
7, 29058, -0.5, 1.0, -4.5, 3.5, 0, 0, Math.abs(x), 5.5
7, 29059, -0.5, 1.0, -4.5, 4.0, 0, 0, Math.abs(x), 6.0
7, 29060, -0.5, 1.0, -4.5, 4.5, 37, 0, System.arraycopy(x, x, x, x, x).compareTo(), 6.5
7, 29061, -0.5, 1.0, -4.5, 5.0, 37, 0, System.arraycopy(x, x, x, x, x).compareTo(), 9.0
7, 29062, -0.5, 1.0, -4.0, 0.0, 0, 0, Math.abs(x), 2.0
7, 29063, -0.5, 1.0, -4.0, 0.5, 0, 0, Math.abs(x), 2.5
7, 29064, -0.5, 1.0, -4.0, 1.0, 0, 0, Math.abs(x), 3.0
7, 29065, -0.5, 1.0, -4.0, 1.5, 0, 0, Math.abs(x), 3.5
7, 29066, -0.5, 1.0, -4.0, 2.0, 0, 0, Math.abs(x), 4.0
7, 29067, -0.5, 1.0, -4.0, 2.5, 0, 0, Math.abs(x), 4.5
7, 29068, -0.5, 1.0, -4.0, 3.0, 0, 0, Math.abs(x), 5.0
7, 29069, -0.5, 1.0, -4.0, 3.5, 0, 0, Math.abs(x), 5.5
7, 29070, -0.5, 1.0, -4.0, 4.0, 0, 0, Math.abs(x), 6.0
7, 29071, -0.5, 1.0, -4.0, 4.5, 37, 0, System.arraycopy(x, x, x, x, x).compareTo(), 8.0
7, 29072, -0.5, 1.0, -4.0, 5.0, 45, 0, x.insert(x, x).indexOf(new String(x, x, x), Math.abs(x)), 12.5
7, 29073, -0.5, 1.0, -3.5, 0.0, 0, 0, Math.abs(x), 2.0
7, 29074, -0.5, 1.0, -3.5, 0.5, 0, 0, Math.abs(x), 2.5
7, 29075, -0.5, 1.0, -3.5, 1.0, 0, 0, Math.abs(x), 3.0
7, 29076, -0.5, 1.0, -3.5, 1.5, 0, 0, Math.abs(x), 3.5
7, 29077, -0.5, 1.0, -3.5, 2.0, 0, 0, Math.abs(x), 4.0
7, 29078, -0.5, 1.0, -3.5, 2.5, 0, 0, Math.abs(x), 4.5
7, 29079, -0.5, 1.0, -3.5, 3.0, 0, 0, Math.abs(x), 5.0
7, 29080, -0.5, 1.0, -3.5, 3.5, 0, 0, Math.abs(x), 5.5
7, 29081, -0.5, 1.0, -3.5, 4.0, 37, 0, System.arraycopy(x, x, x, x, x).compareTo(), 7.0
7, 29082, -0.5, 1.0, -3.5, 4.5, 45, 0, x.insert(x, x).indexOf(new String(x, x, x), Math.abs(x)), 11.5
7, 29083, -0.5, 1.0, -3.5, 5.0, 45, 0, x.insert(x, x).indexOf(new String(x, x, x), Math.abs(x)), 15.0
7, 29084, -0.5, 1.0, -3.0, 0.0, 0, 0, Math.abs(x), 2.0
7, 29085, -0.5, 1.0, -3.0, 0.5, 0, 0, Math.abs(x), 2.5
7, 29086, -0.5, 1.0, -3.0, 1.0, 0, 0, Math.abs(x), 3.0
7, 29087, -0.5, 1.0, -3.0, 1.5, 0, 0, Math.abs(x), 3.5
7, 29088, -0.5, 1.0, -3.0, 2.0, 0, 0, Math.abs(x), 4.0
7, 29089, -0.5, 1.0, -3.0, 2.5, 0, 0, Math.abs(x), 4.5
7, 29090, -0.5, 1.0, -3.0, 3.0, 0, 0, Math.abs(x), 5.0
7, 29091, -0.5, 1.0, -3.0, 3.5, 37, 0, System.arraycopy(x, x, x, x, x).compareTo(), 6.0
7, 29092, -0.5, 1.0, -3.0, 4.0, 45, 0, x.insert(x, x).indexOf(new String(x, x, x), Math.abs(x)), 10.5
7, 29093, -0.5, 1.0, -3.0, 4.5, 45, 0, x.insert(x, x).indexOf(new String(x, x, x), Math.abs(x)), 14.0
7, 29094, -0.5, 1.0, -3.0, 5.0, 55, 0, new String(x, x, x).compareTo(System.arraycopy(x, x, x, x, x)), 20.5
7, 29095, -0.5, 1.0, -2.5, 0.0, 0, 0, Math.abs(x), 2.0
7, 29096, -0.5, 1.0, -2.5, 0.5, 0, 0, Math.abs(x), 2.5
7, 29097, -0.5, 1.0, -2.5, 1.0, 0, 0, Math.abs(x), 3.0
7, 29098, -0.5, 1.0, -2.5, 1.5, 0, 0, Math.abs(x), 3.5
7, 29099, -0.5, 1.0, -2.5, 2.0, 0, 0, Math.abs(x), 4.0
7, 29100, -0.5, 1.0, -2.5, 2.5, 0, 0, Math.abs(x), 4.5
7, 29101, -0.5, 1.0, -2.5, 3.0, 37, 0, System.arraycopy(x, x, x, x, x).compareTo(), 5.0
7, 29102, -0.5, 1.0, -2.5, 3.5, 45, 0, x.insert(x, x).indexOf(new String(x, x, x), Math.abs(x)), 9.5
7, 29103, -0.5, 1.0, -2.5, 4.0, 55, 0, new String(x, x, x).compareTo(System.arraycopy(x, x, x, x, x)), 15.0
7, 29104, -0.5, 1.0, -2.5, 4.5, 55, 0, new String(x, x, x).compareTo(System.arraycopy(x, x, x, x, x)), 19.0
7, 29105, -0.5, 1.0, -2.5, 5.0, 55, 0, new String(x, x, x).compareTo(System.arraycopy(x, x, x, x, x)), 23.0
7, 29106, -0.5, 1.0, -2.0, 0.0, 0, 0, Math.abs(x), 2.0
7, 29107, -0.5, 1.0, -2.0, 0.5, 0, 0, Math.abs(x), 2.5
7, 29108, -0.5, 1.0, -2.0, 1.0, 0, 0, Math.abs(x), 3.0
7, 29109, -0.5, 1.0, -2.0, 1.5, 0, 0, Math.abs(x), 3.5
7, 29110, -0.5, 1.0, -2.0, 2.0, 0, 0, Math.abs(x), 4.0
7, 29111, -0.5, 1.0, -2.0, 2.5, 0, 0, Math.abs(x), 4.5
7, 29112, -0.5, 1.0, -2.0, 3.0, 43, 0, Math.abs(x).compareTo(System.arraycopy(x, x, x, x, x)), 10.5
7, 29113, -0.5, 1.0, -2.0, 3.5, 55, 0, new String(x, x, x).compareTo(System.arraycopy(x, x, x, x, x)), 13.5
7, 29114, -0.5, 1.0, -2.0, 4.0, 55, 0, new String(x, x, x).compareTo(System.arraycopy(x, x, x, x, x)), 17.5
7, 29115, -0.5, 1.0, -2.0, 4.5, 137, 0, Character.offsetByCodePoints(Integer.rotateLeft(x, x, x), Integer.rotateLeft(x, x, x), Integer.rotateLeft(x, x, x), Integer.rotateLeft(x, x, x)), 20.5
7, 29116, -0.5, 1.0, -2.0, 5.0, 137, 0, Character.offsetByCodePoints(Integer.rotateLeft(x, x, x), Integer.rotateLeft(x, x, x), Integer.rotateLeft(x, x, x), Integer.rotateLeft(x, x, x)), 26.5
7, 29117, -0.5, 1.0, -1.5, 0.0, 0, 0, Math.abs(x), 2.0
7, 29118, -0.5, 1.0, -1.5, 0.5, 0, 0, Math.abs(x), 2.5
7, 29119, -0.5, 1.0, -1.5, 1.0, 0, 0, Math.abs(x), 3.0
7, 29120, -0.5, 1.0, -1.5, 1.5, 0, 0, Math.abs(x), 3.5
7, 29121, -0.5, 1.0, -1.5, 2.0, 43, 0, Math.abs(x).compareTo(System.arraycopy(x, x, x, x, x)), 6.0
7, 29122, -0.5, 1.0, -1.5, 2.5, 43, 0, Math.abs(x).compareTo(System.arraycopy(x, x, x, x, x)), 9.0
7, 29123, -0.5, 1.0, -1.5, 3.0, 55, 0, new String(x, x, x).compareTo(System.arraycopy(x, x, x, x, x)), 12.0
7, 29124, -0.5, 1.0, -1.5, 3.5, 137, 0, Character.offsetByCodePoints(Integer.rotateLeft(x, x, x), Integer.rotateLeft(x, x, x), Integer.rotateLeft(x, x, x), Integer.rotateLeft(x, x, x)), 15.0
7, 29125, -0.5, 1.0, -1.5, 4.0, 137, 0, Character.offsetByCodePoints(Integer.rotateLeft(x, x, x), Integer.rotateLeft(x, x, x), Integer.rotateLeft(x, x, x), Integer.rotateLeft(x, x, x)), 21.0
7, 29126, -0.5, 1.0, -1.5, 4.5, 137, 0, Character.offsetByCodePoints(Integer.rotateLeft(x, x, x), Integer.rotateLeft(x, x, x), Integer.rotateLeft(x, x, x), Integer.rotateLeft(x, x, x)), 27.0
7, 29127, -0.5, 1.0, -1.5, 5.0, 187, 0, Character.offsetByCodePoints(Character.offsetByCodePoints(x, x, x, x), Character.offsetByCodePoints(x, x, x, x), Character.offsetByCodePoints(x, x, x, x), Character.offsetByCodePoints(x, x, x, x)), 33.0
7, 29128, -0.5, 1.0, -1.0, 0.0, 0, 0, Math.abs(x), 2.0
7, 29129, -0.5, 1.0, -1.0, 0.5, 0, 0, Math.abs(x), 2.5
7, 29130, -0.5, 1.0, -1.0, 1.0, 0, 0, Math.abs(x), 3.0
7, 29131, -0.5, 1.0, -1.0, 1.5, 0, 0, Math.abs(x), 3.5
7, 29132, -0.5, 1.0, -1.0, 2.0, 43, 0, Math.abs(x).compareTo(System.arraycopy(x, x, x, x, x)), 7.5
7, 29133, -0.5, 1.0, -1.0, 2.5, 62, 0, Integer.rotateLeft(x, x, x).compareTo(System.arraycopy(x, x, x, x, x)), 10.5
7, 29134, -0.5, 1.0, -1.0, 3.0, 137, 0, Character.offsetByCodePoints(Integer.rotateLeft(x, x, x), Integer.rotateLeft(x, x, x), Integer.rotateLeft(x, x, x), Integer.rotateLeft(x, x, x)), 15.5
7, 29135, -0.5, 1.0, -1.0, 3.5, 187, 0, Character.offsetByCodePoints(Character.offsetByCodePoints(x, x, x, x), Character.offsetByCodePoints(x, x, x, x), Character.offsetByCodePoints(x, x, x, x), Character.offsetByCodePoints(x, x, x, x)), 21.5
7, 29136, -0.5, 1.0, -1.0, 4.0, 213, 0, Character.offsetByCodePoints(Character.forDigit(x, x), Character.offsetByCodePoints(x, x, x, x), Character.offsetByCodePoints(x, x, x, x), Character.offsetByCodePoints(x, x, x, x), Character.offsetByCodePoints(x, x, x, x)), 35.0
7, 29137, -0.5, 1.0, -1.0, 4.5, 213, 0, Character.offsetByCodePoints(Character.forDigit(x, x), Character.offsetByCodePoints(x, x, x, x), Character.offsetByCodePoints(x, x, x, x), Character.offsetByCodePoints(x, x, x, x), Character.offsetByCodePoints(x, x, x, x)), 44.0
7, 29138, -0.5, 1.0, -1.0, 5.0, 213, 0, Character.offsetByCodePoints(Character.forDigit(x, x), Character.offsetByCodePoints(x, x, x, x), Character.offsetByCodePoints(x, x, x, x), Character.offsetByCodePoints(x, x, x, x), Character.offsetByCodePoints(x, x, x, x)), 53.0
7, 29139, -0.5, 1.0, -0.5, 0.0, 0, 0, Math.abs(x), 2.0
7, 29140, -0.5, 1.0, -0.5, 0.5, 0, 0, Math.abs(x), 2.5
7, 29141, -0.5, 1.0, -0.5, 1.0, 0, 0, Math.abs(x), 3.0
7, 29142, -0.5, 1.0, -0.5, 1.5, 52, 0, Math.abs(x).compareTo(System.arraycopy(x, Math.abs(), x, x, x)), 4.5
7, 29143, -0.5, 1.0, -0.5, 2.0, 187, 0, Character.offsetByCodePoints(Character.offsetByCodePoints(x, x, x, x), Character.offsetByCodePoints(x, x, x, x), Character.offsetByCodePoints(x, x, x, x), Character.offsetByCodePoints(x, x, x, x)), 10.0
7, 29144, -0.5, 1.0, -0.5, 2.5, 213, 0, Character.offsetByCodePoints(Character.forDigit(x, x), Character.offsetByCodePoints(x, x, x, x), Character.offsetByCodePoints(x, x, x, x), Character.offsetByCodePoints(x, x, x, x), Character.offsetByCodePoints(x, x, x, x)), 21.0
7, 29145, -0.5, 1.0, -0.5, 3.0, 213, 0, Character.offsetByCodePoints(Character.forDigit(x, x), Character.offsetByCodePoints(x, x, x, x), Character.offsetByCodePoints(x, x, x, x), Character.offsetByCodePoints(x, x, x, x), Character.offsetByCodePoints(x, x, x, x)), 30.0
7, 29146, -0.5, 1.0, -0.5, 3.5, 213, 0, Character.offsetByCodePoints(Character.forDigit(x, x), Character.offsetByCodePoints(x, x, x, x), Character.offsetByCodePoints(x, x, x, x), Character.offsetByCodePoints(x, x, x, x), Character.offsetByCodePoints(x, x, x, x)), 39.0
7, 29147, -0.5, 1.0, -0.5, 4.0, 213, 0, Character.offsetByCodePoints(Character.forDigit(x, x), Character.offsetByCodePoints(x, x, x, x), Character.offsetByCodePoints(x, x, x, x), Character.offsetByCodePoints(x, x, x, x), Character.offsetByCodePoints(x, x, x, x)), 48.0
7, 29148, -0.5, 1.0, -0.5, 4.5, 213, 0, Character.offsetByCodePoints(Character.forDigit(x, x), Character.offsetByCodePoints(x, x, x, x), Character.offsetByCodePoints(x, x, x, x), Character.offsetByCodePoints(x, x, x, x), Character.offsetByCodePoints(x, x, x, x)), 57.0
7, 29149, -0.5, 1.0, -0.5, 5.0, 213, 0, Character.offsetByCodePoints(Character.forDigit(x, x), Character.offsetByCodePoints(x, x, x, x), Character.offsetByCodePoints(x, x, x, x), Character.offsetByCodePoints(x, x, x, x), Character.offsetByCodePoints(x, x, x, x)), 66.0
7, 29150, -0.5, 1.0, 0.0, 0.0, 19, 0, Math.abs(Character.MIN_RADIX), 2.0
7, 29151, -0.5, 1.0, 0.0, 0.5, 0, 0, Math.abs(x), 2.5
7, 29152, -0.5, 1.0, 0.0, 1.0, 83, 0, Character.offsetByCodePoints(Character.offsetByCodePoints(x, StrictMath.abs(), x, x), x, x, x), 4.5
7, 29153, -0.5, 1.0, 0.0, 1.5, 286, 0, Character.offsetByCodePoints(Character.forDigit(x, StrictMath.abs()), Character.offsetByCodePoints(x, StrictMath.abs(), x, x), Character.offsetByCodePoints(x, StrictMath.abs(), x, x), Character.offsetByCodePoints(x, StrictMath.abs(), x, x), Character.offsetByCodePoints(x, StrictMath.abs(), x, x)), 10.5
7, 29154, -0.5, 1.0, 0.0, 2.0, 213, 0, Character.offsetByCodePoints(Character.forDigit(x, x), Character.offsetByCodePoints(x, x, x, x), Character.offsetByCodePoints(x, x, x, x), Character.offsetByCodePoints(x, x, x, x), Character.offsetByCodePoints(x, x, x, x)), 25.0
7, 29155, -0.5, 1.0, 0.0, 2.5, 213, 0, Character.offsetByCodePoints(Character.forDigit(x, x), Character.offsetByCodePoints(x, x, x, x), Character.offsetByCodePoints(x, x, x, x), Character.offsetByCodePoints(x, x, x, x), Character.offsetByCodePoints(x, x, x, x)), 34.0
7, 29156, -0.5, 1.0, 0.0, 3.0, 213, 0, Character.offsetByCodePoints(Character.forDigit(x, x), Character.offsetByCodePoints(x, x, x, x), Character.offsetByCodePoints(x, x, x, x), Character.offsetByCodePoints(x, x, x, x), Character.offsetByCodePoints(x, x, x, x)), 43.0
7, 29157, -0.5, 1.0, 0.0, 3.5, 213, 0, Character.offsetByCodePoints(Character.forDigit(x, x), Character.offsetByCodePoints(x, x, x, x), Character.offsetByCodePoints(x, x, x, x), Character.offsetByCodePoints(x, x, x, x), Character.offsetByCodePoints(x, x, x, x)), 52.0
7, 29158, -0.5, 1.0, 0.0, 4.0, 213, 0, Character.offsetByCodePoints(Character.forDigit(x, x), Character.offsetByCodePoints(x, x, x, x), Character.offsetByCodePoints(x, x, x, x), Character.offsetByCodePoints(x, x, x, x), Character.offsetByCodePoints(x, x, x, x)), 61.0
7, 29159, -0.5, 1.0, 0.0, 4.5, 213, 0, Character.offsetByCodePoints(Character.forDigit(x, x), Character.offsetByCodePoints(x, x, x, x), Character.offsetByCodePoints(x, x, x, x), Character.offsetByCodePoints(x, x, x, x), Character.offsetByCodePoints(x, x, x, x)), 70.0
7, 29160, -0.5, 1.0, 0.0, 5.0, 213, 0, Character.offsetByCodePoints(Character.forDigit(x, x), Character.offsetByCodePoints(x, x, x, x), Character.offsetByCodePoints(x, x, x, x), Character.offsetByCodePoints(x, x, x, x), Character.offsetByCodePoints(x, x, x, x)), 79.0
7, 29161, 0.0, 1.0, -5.0, 0.0, 16, 0, StrictMath.abs(Math.abs(x)), 3.0
7, 29162, 0.0, 1.0, -5.0, 0.5, 16, 0, StrictMath.abs(Math.abs(x)), 3.5
7, 29163, 0.0, 1.0, -5.0, 1.0, 16, 0, StrictMath.abs(Math.abs(x)), 4.0
7, 29164, 0.0, 1.0, -5.0, 1.5, 16, 0, StrictMath.abs(Math.abs(x)), 4.5
7, 29165, 0.0, 1.0, -5.0, 2.0, 16, 0, StrictMath.abs(Math.abs(x)), 5.0
7, 29166, 0.0, 1.0, -5.0, 2.5, 16, 0, StrictMath.abs(Math.abs(x)), 5.5
7, 29167, 0.0, 1.0, -5.0, 3.0, 16, 0, StrictMath.abs(Math.abs(x)), 6.0
7, 29168, 0.0, 1.0, -5.0, 3.5, 16, 0, StrictMath.abs(Math.abs(x)), 6.5
7, 29169, 0.0, 1.0, -5.0, 4.0, 16, 0, StrictMath.abs(Math.abs(x)), 7.0
7, 29170, 0.0, 1.0, -5.0, 4.5, 37, 0, System.arraycopy(x, x, x, x, x).compareTo(), 8.5
7, 29171, 0.0, 1.0, -5.0, 5.0, 45, 0, x.insert(x, x).indexOf(new String(x, x, x), Math.abs(x)), 13.0
7, 29172, 0.0, 1.0, -4.5, 0.0, 16, 0, StrictMath.abs(Math.abs(x)), 3.0
7, 29173, 0.0, 1.0, -4.5, 0.5, 16, 0, StrictMath.abs(Math.abs(x)), 3.5
7, 29174, 0.0, 1.0, -4.5, 1.0, 16, 0, StrictMath.abs(Math.abs(x)), 4.0
7, 29175, 0.0, 1.0, -4.5, 1.5, 16, 0, StrictMath.abs(Math.abs(x)), 4.5
7, 29176, 0.0, 1.0, -4.5, 2.0, 16, 0, StrictMath.abs(Math.abs(x)), 5.0
7, 29177, 0.0, 1.0, -4.5, 2.5, 16, 0, StrictMath.abs(Math.abs(x)), 5.5
7, 29178, 0.0, 1.0, -4.5, 3.0, 16, 0, StrictMath.abs(Math.abs(x)), 6.0
7, 29179, 0.0, 1.0, -4.5, 3.5, 16, 0, StrictMath.abs(Math.abs(x)), 6.5
7, 29180, 0.0, 1.0, -4.5, 4.0, 37, 0, System.arraycopy(x, x, x, x, x).compareTo(), 7.5
7, 29181, 0.0, 1.0, -4.5, 4.5, 45, 0, x.insert(x, x).indexOf(new String(x, x, x), Math.abs(x)), 12.0
7, 29182, 0.0, 1.0, -4.5, 5.0, 45, 0, x.insert(x, x).indexOf(new String(x, x, x), Math.abs(x)), 15.5
7, 29183, 0.0, 1.0, -4.0, 0.0, 16, 0, StrictMath.abs(Math.abs(x)), 3.0
7, 29184, 0.0, 1.0, -4.0, 0.5, 16, 0, StrictMath.abs(Math.abs(x)), 3.5
7, 29185, 0.0, 1.0, -4.0, 1.0, 16, 0, StrictMath.abs(Math.abs(x)), 4.0
7, 29186, 0.0, 1.0, -4.0, 1.5, 16, 0, StrictMath.abs(Math.abs(x)), 4.5
7, 29187, 0.0, 1.0, -4.0, 2.0, 16, 0, StrictMath.abs(Math.abs(x)), 5.0
7, 29188, 0.0, 1.0, -4.0, 2.5, 16, 0, StrictMath.abs(Math.abs(x)), 5.5
7, 29189, 0.0, 1.0, -4.0, 3.0, 16, 0, StrictMath.abs(Math.abs(x)), 6.0
7, 29190, 0.0, 1.0, -4.0, 3.5, 16, 0, StrictMath.abs(Math.abs(x)), 6.5
7, 29191, 0.0, 1.0, -4.0, 4.0, 45, 0, x.insert(x, x).indexOf(new String(x, x, x), Math.abs(x)), 11.0
7, 29192, 0.0, 1.0, -4.0, 4.5, 45, 0, x.insert(x, x).indexOf(new String(x, x, x), Math.abs(x)), 14.5
7, 29193, 0.0, 1.0, -4.0, 5.0, 45, 0, x.insert(x, x).indexOf(new String(x, x, x), Math.abs(x)), 18.0
7, 29194, 0.0, 1.0, -3.5, 0.0, 16, 0, StrictMath.abs(Math.abs(x)), 3.0
7, 29195, 0.0, 1.0, -3.5, 0.5, 16, 0, StrictMath.abs(Math.abs(x)), 3.5
7, 29196, 0.0, 1.0, -3.5, 1.0, 16, 0, StrictMath.abs(Math.abs(x)), 4.0
7, 29197, 0.0, 1.0, -3.5, 1.5, 16, 0, StrictMath.abs(Math.abs(x)), 4.5
7, 29198, 0.0, 1.0, -3.5, 2.0, 16, 0, StrictMath.abs(Math.abs(x)), 5.0
7, 29199, 0.0, 1.0, -3.5, 2.5, 16, 0, StrictMath.abs(Math.abs(x)), 5.5
7, 29200, 0.0, 1.0, -3.5, 3.0, 16, 0, StrictMath.abs(Math.abs(x)), 6.0
7, 29201, 0.0, 1.0, -3.5, 3.5, 45, 0, x.insert(x, x).indexOf(new String(x, x, x), Math.abs(x)), 10.0
7, 29202, 0.0, 1.0, -3.5, 4.0, 45, 0, x.insert(x, x).indexOf(new String(x, x, x), Math.abs(x)), 13.5
7, 29203, 0.0, 1.0, -3.5, 4.5, 55, 0, new String(x, x, x).compareTo(System.arraycopy(x, x, x, x, x)), 19.5
7, 29204, 0.0, 1.0, -3.5, 5.0, 55, 0, new String(x, x, x).compareTo(System.arraycopy(x, x, x, x, x)), 23.5
7, 29205, 0.0, 1.0, -3.0, 0.0, 16, 0, StrictMath.abs(Math.abs(x)), 3.0
7, 29206, 0.0, 1.0, -3.0, 0.5, 16, 0, StrictMath.abs(Math.abs(x)), 3.5
7, 29207, 0.0, 1.0, -3.0, 1.0, 16, 0, StrictMath.abs(Math.abs(x)), 4.0
7, 29208, 0.0, 1.0, -3.0, 1.5, 16, 0, StrictMath.abs(Math.abs(x)), 4.5
7, 29209, 0.0, 1.0, -3.0, 2.0, 16, 0, StrictMath.abs(Math.abs(x)), 5.0
7, 29210, 0.0, 1.0, -3.0, 2.5, 16, 0, StrictMath.abs(Math.abs(x)), 5.5
7, 29211, 0.0, 1.0, -3.0, 3.0, 45, 0, x.insert(x, x).indexOf(new String(x, x, x), Math.abs(x)), 9.0
7, 29212, 0.0, 1.0, -3.0, 3.5, 43, 0, Math.abs(x).compareTo(System.arraycopy(x, x, x, x, x)), 15.0
7, 29213, 0.0, 1.0, -3.0, 4.0, 55, 0, new String(x, x, x).compareTo(System.arraycopy(x, x, x, x, x)), 18.0
7, 29214, 0.0, 1.0, -3.0, 4.5, 55, 0, new String(x, x, x).compareTo(System.arraycopy(x, x, x, x, x)), 22.0
7, 29215, 0.0, 1.0, -3.0, 5.0, 55, 0, new String(x, x, x).compareTo(System.arraycopy(x, x, x, x, x)), 26.0
7, 29216, 0.0, 1.0, -2.5, 0.0, 16, 0, StrictMath.abs(Math.abs(x)), 3.0
7, 29217, 0.0, 1.0, -2.5, 0.5, 16, 0, StrictMath.abs(Math.abs(x)), 3.5
7, 29218, 0.0, 1.0, -2.5, 1.0, 16, 0, StrictMath.abs(Math.abs(x)), 4.0
7, 29219, 0.0, 1.0, -2.5, 1.5, 16, 0, StrictMath.abs(Math.abs(x)), 4.5
7, 29220, 0.0, 1.0, -2.5, 2.0, 16, 0, StrictMath.abs(Math.abs(x)), 5.0
7, 29221, 0.0, 1.0, -2.5, 2.5, 43, 0, Math.abs(x).compareTo(System.arraycopy(x, x, x, x, x)), 10.5
7, 29222, 0.0, 1.0, -2.5, 3.0, 43, 0, Math.abs(x).compareTo(System.arraycopy(x, x, x, x, x)), 13.5
7, 29223, 0.0, 1.0, -2.5, 3.5, 55, 0, new String(x, x, x).compareTo(System.arraycopy(x, x, x, x, x)), 16.5
7, 29224, 0.0, 1.0, -2.5, 4.0, 55, 0, new String(x, x, x).compareTo(System.arraycopy(x, x, x, x, x)), 20.5
7, 29225, 0.0, 1.0, -2.5, 4.5, 137, 0, Character.offsetByCodePoints(Integer.rotateLeft(x, x, x), Integer.rotateLeft(x, x, x), Integer.rotateLeft(x, x, x), Integer.rotateLeft(x, x, x)), 22.5
7, 29226, 0.0, 1.0, -2.5, 5.0, 137, 0, Character.offsetByCodePoints(Integer.rotateLeft(x, x, x), Integer.rotateLeft(x, x, x), Integer.rotateLeft(x, x, x), Integer.rotateLeft(x, x, x)), 28.5
7, 29227, 0.0, 1.0, -2.0, 0.0, 16, 0, StrictMath.abs(Math.abs(x)), 3.0
7, 29228, 0.0, 1.0, -2.0, 0.5, 16, 0, StrictMath.abs(Math.abs(x)), 3.5
7, 29229, 0.0, 1.0, -2.0, 1.0, 16, 0, StrictMath.abs(Math.abs(x)), 4.0
7, 29230, 0.0, 1.0, -2.0, 1.5, 52, 0, Math.abs(x).compareTo(System.arraycopy(x, Math.abs(), x, x, x)), 4.5
7, 29231, 0.0, 1.0, -2.0, 2.0, 43, 0, Math.abs(x).compareTo(System.arraycopy(x, x, x, x, x)), 9.0
7, 29232, 0.0, 1.0, -2.0, 2.5, 43, 0, Math.abs(x).compareTo(System.arraycopy(x, x, x, x, x)), 12.0
7, 29233, 0.0, 1.0, -2.0, 3.0, 55, 0, new String(x, x, x).compareTo(System.arraycopy(x, x, x, x, x)), 15.0
7, 29234, 0.0, 1.0, -2.0, 3.5, 62, 0, Integer.rotateLeft(x, x, x).compareTo(System.arraycopy(x, x, x, x, x)), 19.0
7, 29235, 0.0, 1.0, -2.0, 4.0, 137, 0, Character.offsetByCodePoints(Integer.rotateLeft(x, x, x), Integer.rotateLeft(x, x, x), Integer.rotateLeft(x, x, x), Integer.rotateLeft(x, x, x)), 23.0
7, 29236, 0.0, 1.0, -2.0, 4.5, 137, 0, Character.offsetByCodePoints(Integer.rotateLeft(x, x, x), Integer.rotateLeft(x, x, x), Integer.rotateLeft(x, x, x), Integer.rotateLeft(x, x, x)), 29.0
7, 29237, 0.0, 1.0, -2.0, 5.0, 137, 0, Character.offsetByCodePoints(Integer.rotateLeft(x, x, x), Integer.rotateLeft(x, x, x), Integer.rotateLeft(x, x, x), Integer.rotateLeft(x, x, x)), 35.0
7, 29238, 0.0, 1.0, -1.5, 0.0, 16, 0, StrictMath.abs(Math.abs(x)), 3.0
7, 29239, 0.0, 1.0, -1.5, 0.5, 16, 0, StrictMath.abs(Math.abs(x)), 3.5
7, 29240, 0.0, 1.0, -1.5, 1.0, 16, 0, StrictMath.abs(Math.abs(x)), 4.0
7, 29241, 0.0, 1.0, -1.5, 1.5, 52, 0, Math.abs(x).compareTo(System.arraycopy(x, Math.abs(), x, x, x)), 6.0
7, 29242, 0.0, 1.0, -1.5, 2.0, 43, 0, Math.abs(x).compareTo(System.arraycopy(x, x, x, x, x)), 10.5
7, 29243, 0.0, 1.0, -1.5, 2.5, 62, 0, Integer.rotateLeft(x, x, x).compareTo(System.arraycopy(x, x, x, x, x)), 13.5
7, 29244, 0.0, 1.0, -1.5, 3.0, 137, 0, Character.offsetByCodePoints(Integer.rotateLeft(x, x, x), Integer.rotateLeft(x, x, x), Integer.rotateLeft(x, x, x), Integer.rotateLeft(x, x, x)), 17.5
7, 29245, 0.0, 1.0, -1.5, 3.5, 137, 0, Character.offsetByCodePoints(Integer.rotateLeft(x, x, x), Integer.rotateLeft(x, x, x), Integer.rotateLeft(x, x, x), Integer.rotateLeft(x, x, x)), 23.5
7, 29246, 0.0, 1.0, -1.5, 4.0, 137, 0, Character.offsetByCodePoints(Integer.rotateLeft(x, x, x), Integer.rotateLeft(x, x, x), Integer.rotateLeft(x, x, x), Integer.rotateLeft(x, x, x)), 29.5
7, 29247, 0.0, 1.0, -1.5, 4.5, 213, 0, Character.offsetByCodePoints(Character.forDigit(x, x), Character.offsetByCodePoints(x, x, x, x), Character.offsetByCodePoints(x, x, x, x), Character.offsetByCodePoints(x, x, x, x), Character.offsetByCodePoints(x, x, x, x)), 43.0
7, 29248, 0.0, 1.0, -1.5, 5.0, 213, 0, Character.offsetByCodePoints(Character.forDigit(x, x), Character.offsetByCodePoints(x, x, x, x), Character.offsetByCodePoints(x, x, x, x), Character.offsetByCodePoints(x, x, x, x), Character.offsetByCodePoints(x, x, x, x)), 52.0
7, 29249, 0.0, 1.0, -1.0, 0.0, 16, 0, StrictMath.abs(Math.abs(x)), 3.0
7, 29250, 0.0, 1.0, -1.0, 0.5, 16, 0, StrictMath.abs(Math.abs(x)), 3.5
7, 29251, 0.0, 1.0, -1.0, 1.0, 52, 0, Math.abs(x).compareTo(System.arraycopy(x, Math.abs(), x, x, x)), 5.0
7, 29252, 0.0, 1.0, -1.0, 1.5, 52, 0, Math.abs(x).compareTo(System.arraycopy(x, Math.abs(), x, x, x)), 7.5
7, 29253, 0.0, 1.0, -1.0, 2.0, 137, 0, Character.offsetByCodePoints(Integer.rotateLeft(x, x, x), Integer.rotateLeft(x, x, x), Integer.rotateLeft(x, x, x), Integer.rotateLeft(x, x, x)), 12.0
7, 29254, 0.0, 1.0, -1.0, 2.5, 137, 0, Character.offsetByCodePoints(Integer.rotateLeft(x, x, x), Integer.rotateLeft(x, x, x), Integer.rotateLeft(x, x, x), Integer.rotateLeft(x, x, x)), 18.0
7, 29255, 0.0, 1.0, -1.0, 3.0, 213, 0, Character.offsetByCodePoints(Character.forDigit(x, x), Character.offsetByCodePoints(x, x, x, x), Character.offsetByCodePoints(x, x, x, x), Character.offsetByCodePoints(x, x, x, x), Character.offsetByCodePoints(x, x, x, x)), 29.0
7, 29256, 0.0, 1.0, -1.0, 3.5, 213, 0, Character.offsetByCodePoints(Character.forDigit(x, x), Character.offsetByCodePoints(x, x, x, x), Character.offsetByCodePoints(x, x, x, x), Character.offsetByCodePoints(x, x, x, x), Character.offsetByCodePoints(x, x, x, x)), 38.0
7, 29257, 0.0, 1.0, -1.0, 4.0, 213, 0, Character.offsetByCodePoints(Character.forDigit(x, x), Character.offsetByCodePoints(x, x, x, x), Character.offsetByCodePoints(x, x, x, x), Character.offsetByCodePoints(x, x, x, x), Character.offsetByCodePoints(x, x, x, x)), 47.0
7, 29258, 0.0, 1.0, -1.0, 4.5, 213, 0, Character.offsetByCodePoints(Character.forDigit(x, x), Character.offsetByCodePoints(x, x, x, x), Character.offsetByCodePoints(x, x, x, x), Character.offsetByCodePoints(x, x, x, x), Character.offsetByCodePoints(x, x, x, x)), 56.0
7, 29259, 0.0, 1.0, -1.0, 5.0, 213, 0, Character.offsetByCodePoints(Character.forDigit(x, x), Character.offsetByCodePoints(x, x, x, x), Character.offsetByCodePoints(x, x, x, x), Character.offsetByCodePoints(x, x, x, x), Character.offsetByCodePoints(x, x, x, x)), 65.0
7, 29260, 0.0, 1.0, -0.5, 0.0, 16, 0, StrictMath.abs(Math.abs(x)), 3.0
7, 29261, 0.0, 1.0, -0.5, 0.5, 52, 0, Math.abs(x).compareTo(System.arraycopy(x, Math.abs(), x, x, x)), 4.0
7, 29262, 0.0, 1.0, -0.5, 1.0, 75, 0, Integer.toString(x, Math.abs(), x).compareTo(System.arraycopy(x, Math.abs(), x, x, x)), 6.5
7, 29263, 0.0, 1.0, -0.5, 1.5, 151, 0, Character.offsetByCodePoints(Character.forDigit(x, Math.abs()), Character.offsetByCodePoints(x, Math.abs(), x, x), Math.max(x, x), Math.max(x, x), Math.max(x, x)), 11.0
7, 29264, 0.0, 1.0, -0.5, 2.0, 213, 0, Character.offsetByCodePoints(Character.forDigit(x, x), Character.offsetByCodePoints(x, x, x, x), Character.offsetByCodePoints(x, x, x, x), Character.offsetByCodePoints(x, x, x, x), Character.offsetByCodePoints(x, x, x, x)), 24.0
7, 29265, 0.0, 1.0, -0.5, 2.5, 213, 0, Character.offsetByCodePoints(Character.forDigit(x, x), Character.offsetByCodePoints(x, x, x, x), Character.offsetByCodePoints(x, x, x, x), Character.offsetByCodePoints(x, x, x, x), Character.offsetByCodePoints(x, x, x, x)), 33.0
7, 29266, 0.0, 1.0, -0.5, 3.0, 213, 0, Character.offsetByCodePoints(Character.forDigit(x, x), Character.offsetByCodePoints(x, x, x, x), Character.offsetByCodePoints(x, x, x, x), Character.offsetByCodePoints(x, x, x, x), Character.offsetByCodePoints(x, x, x, x)), 42.0
7, 29267, 0.0, 1.0, -0.5, 3.5, 213, 0, Character.offsetByCodePoints(Character.forDigit(x, x), Character.offsetByCodePoints(x, x, x, x), Character.offsetByCodePoints(x, x, x, x), Character.offsetByCodePoints(x, x, x, x), Character.offsetByCodePoints(x, x, x, x)), 51.0
7, 29268, 0.0, 1.0, -0.5, 4.0, 213, 0, Character.offsetByCodePoints(Character.forDigit(x, x), Character.offsetByCodePoints(x, x, x, x), Character.offsetByCodePoints(x, x, x, x), Character.offsetByCodePoints(x, x, x, x), Character.offsetByCodePoints(x, x, x, x)), 60.0
7, 29269, 0.0, 1.0, -0.5, 4.5, 213, 0, Character.offsetByCodePoints(Character.forDigit(x, x), Character.offsetByCodePoints(x, x, x, x), Character.offsetByCodePoints(x, x, x, x), Character.offsetByCodePoints(x, x, x, x), Character.offsetByCodePoints(x, x, x, x)), 69.0
7, 29270, 0.0, 1.0, -0.5, 5.0, 213, 0, Character.offsetByCodePoints(Character.forDigit(x, x), Character.offsetByCodePoints(x, x, x, x), Character.offsetByCodePoints(x, x, x, x), Character.offsetByCodePoints(x, x, x, x), Character.offsetByCodePoints(x, x, x, x)), 78.0
7, 29271, 0.0, 1.0, 0.0, 0.0, 85, 0, Character.digit(Character.forDigit(StrictMath.abs(), Character.MIN_RADIX), Character.MIN_RADIX), 3.0
7, 29272, 0.0, 1.0, 0.0, 0.5, 286, 0, Character.offsetByCodePoints(Character.forDigit(StrictMath.abs(), x), Character.offsetByCodePoints(StrictMath.abs(), x, x, x), Character.offsetByCodePoints(StrictMath.abs(), x, x, x), Character.offsetByCodePoints(StrictMath.abs(), x, x, x), Character.offsetByCodePoints(StrictMath.abs(), x, x, x)), 9.5
7, 29273, 0.0, 1.0, 0.0, 1.0, 286, 0, Character.offsetByCodePoints(Character.forDigit(x, StrictMath.abs()), Character.offsetByCodePoints(x, StrictMath.abs(), x, x), Character.offsetByCodePoints(x, StrictMath.abs(), x, x), Character.offsetByCodePoints(x, StrictMath.abs(), x, x), Character.offsetByCodePoints(x, StrictMath.abs(), x, x)), 16.0
7, 29274, 0.0, 1.0, 0.0, 1.5, 286, 0, Character.offsetByCodePoints(Character.forDigit(x, StrictMath.abs()), Character.offsetByCodePoints(x, StrictMath.abs(), x, x), Character.offsetByCodePoints(x, StrictMath.abs(), x, x), Character.offsetByCodePoints(x, StrictMath.abs(), x, x), Character.offsetByCodePoints(x, StrictMath.abs(), x, x)), 22.5
7, 29275, 0.0, 1.0, 0.0, 2.0, 213, 0, Character.offsetByCodePoints(Character.forDigit(x, x), Character.offsetByCodePoints(x, x, x, x), Character.offsetByCodePoints(x, x, x, x), Character.offsetByCodePoints(x, x, x, x), Character.offsetByCodePoints(x, x, x, x)), 37.0
7, 29276, 0.0, 1.0, 0.0, 2.5, 213, 0, Character.offsetByCodePoints(Character.forDigit(x, x), Character.offsetByCodePoints(x, x, x, x), Character.offsetByCodePoints(x, x, x, x), Character.offsetByCodePoints(x, x, x, x), Character.offsetByCodePoints(x, x, x, x)), 46.0
7, 29277, 0.0, 1.0, 0.0, 3.0, 213, 0, Character.offsetByCodePoints(Character.forDigit(x, x), Character.offsetByCodePoints(x, x, x, x), Character.offsetByCodePoints(x, x, x, x), Character.offsetByCodePoints(x, x, x, x), Character.offsetByCodePoints(x, x, x, x)), 55.0
7, 29278, 0.0, 1.0, 0.0, 3.5, 213, 0, Character.offsetByCodePoints(Character.forDigit(x, x), Character.offsetByCodePoints(x, x, x, x), Character.offsetByCodePoints(x, x, x, x), Character.offsetByCodePoints(x, x, x, x), Character.offsetByCodePoints(x, x, x, x)), 64.0
7, 29279, 0.0, 1.0, 0.0, 4.0, 213, 0, Character.offsetByCodePoints(Character.forDigit(x, x), Character.offsetByCodePoints(x, x, x, x), Character.offsetByCodePoints(x, x, x, x), Character.offsetByCodePoints(x, x, x, x), Character.offsetByCodePoints(x, x, x, x)), 73.0
7, 29280, 0.0, 1.0, 0.0, 4.5, 213, 0, Character.offsetByCodePoints(Character.forDigit(x, x), Character.offsetByCodePoints(x, x, x, x), Character.offsetByCodePoints(x, x, x, x), Character.offsetByCodePoints(x, x, x, x), Character.offsetByCodePoints(x, x, x, x)), 82.0
7, 29281, 0.0, 1.0, 0.0, 5.0, 213, 0, Character.offsetByCodePoints(Character.forDigit(x, x), Character.offsetByCodePoints(x, x, x, x), Character.offsetByCodePoints(x, x, x, x), Character.offsetByCodePoints(x, x, x, x), Character.offsetByCodePoints(x, x, x, x)), 91.0
