3, 1800, 9, -1.0, 0.0, -0.5, 0.0, Math.tan()
3, 1801, 8, -1.0, 0.0, -0.5, 0.2, list.hashCode()
3, 1802, 8, -1.0, 0.0, -0.5, 0.4, list.hashCode()
3, 1803, 8, -1.0, 0.0, -0.5, 0.6000000000000001, list.hashCode()
3, 1804, 8, -1.0, 0.0, -0.5, 0.8, list.hashCode()
3, 1805, 7, -1.0, 0.0, -0.4, 0.0, list().wait()
3, 1806, 5, -1.0, 0.0, -0.4, 0.2, list.clear()
3, 1807, 5, -1.0, 0.0, -0.4, 0.4, list.clear()
3, 1808, 5, -1.0, 0.0, -0.4, 0.6000000000000001, list.clear()
3, 1809, 5, -1.0, 0.0, -0.4, 0.8, list.clear()
3, 1810, 7, -1.0, 0.0, -0.30000000000000004, 0.0, list().wait()
3, 1811, 5, -1.0, 0.0, -0.30000000000000004, 0.2, list.clear()
3, 1812, 5, -1.0, 0.0, -0.30000000000000004, 0.4, list.clear()
3, 1813, 5, -1.0, 0.0, -0.30000000000000004, 0.6000000000000001, list.clear()
3, 1814, 5, -1.0, 0.0, -0.30000000000000004, 0.8, list.clear()
3, 1815, 7, -1.0, 0.0, -0.20000000000000004, 0.0, list().wait()
3, 1816, 7, -1.0, 0.0, -0.20000000000000004, 0.2, list().wait()
3, 1817, 7, -1.0, 0.0, -0.20000000000000004, 0.4, delete().length()
3, 1818, 8, -1.0, 0.0, -0.20000000000000004, 0.6000000000000001, list.hashCode()
3, 1819, 8, -1.0, 0.0, -0.20000000000000004, 0.8, list.hashCode()
3, 1820, 7, -1.0, 0.0, -0.10000000000000003, 0.0, list().wait()
3, 1821, 5, -1.0, 0.0, -0.10000000000000003, 0.2, list.clear()
3, 1822, 8, -1.0, 0.0, -0.10000000000000003, 0.4, list.hashCode()
3, 1823, 5, -1.0, 0.0, -0.10000000000000003, 0.6000000000000001, list.clear()
3, 1824, 7, -1.0, 0.0, -0.10000000000000003, 0.8, delete().length()
3, 1825, 9, -1.0, 0.0, -2.7755575615628914E-17, 0.0, Math.tan()
3, 1826, 9, -1.0, 0.0, -2.7755575615628914E-17, 0.2, Math.tan()
3, 1827, 9, -1.0, 0.0, -2.7755575615628914E-17, 0.4, Math.tan()
3, 1828, 9, -1.0, 0.0, -2.7755575615628914E-17, 0.6000000000000001, Math.tan()
3, 1829, 9, -1.0, 0.0, -2.7755575615628914E-17, 0.8, Math.tan()
3, 1830, 7, -1.0, 0.4, -0.5, 0.0, list().wait()
3, 1831, 5, -1.0, 0.4, -0.5, 0.2, list.clear()
3, 1832, 5, -1.0, 0.4, -0.5, 0.4, list.clear()
3, 1833, 7, -1.0, 0.4, -0.5, 0.6000000000000001, list().wait()
3, 1834, 5, -1.0, 0.4, -0.5, 0.8, list.clear()
3, 1835, 7, -1.0, 0.4, -0.4, 0.0, list().wait()
3, 1836, 8, -1.0, 0.4, -0.4, 0.2, list.equals(length())
3, 1837, 5, -1.0, 0.4, -0.4, 0.4, list.clear()
3, 1838, 7, -1.0, 0.4, -0.4, 0.6000000000000001, list().wait()
3, 1839, 5, -1.0, 0.4, -0.4, 0.8, list.clear()
3, 1840, 9, -1.0, 0.4, -0.30000000000000004, 0.0, Math.tan()
3, 1841, 8, -1.0, 0.4, -0.30000000000000004, 0.2, list.hashCode()
3, 1842, 8, -1.0, 0.4, -0.30000000000000004, 0.4, list.hashCode()
3, 1843, 8, -1.0, 0.4, -0.30000000000000004, 0.6000000000000001, list.equals(length())
3, 1844, 8, -1.0, 0.4, -0.30000000000000004, 0.8, list.trimSize()
3, 1845, 7, -1.0, 0.4, -0.20000000000000004, 0.0, list().wait()
3, 1846, 7, -1.0, 0.4, -0.20000000000000004, 0.2, list().wait()
3, 1847, 5, -1.0, 0.4, -0.20000000000000004, 0.4, list.clear()
3, 1848, 7, -1.0, 0.4, -0.20000000000000004, 0.6000000000000001, list().wait()
3, 1849, 5, -1.0, 0.4, -0.20000000000000004, 0.8, list.clear()
3, 1850, 7, -1.0, 0.4, -0.10000000000000003, 0.0, list().wait()
3, 1851, 7, -1.0, 0.4, -0.10000000000000003, 0.2, list().wait()
3, 1852, 5, -1.0, 0.4, -0.10000000000000003, 0.4, list.clear()
3, 1853, 7, -1.0, 0.4, -0.10000000000000003, 0.6000000000000001, list().wait()
3, 1854, 5, -1.0, 0.4, -0.10000000000000003, 0.8, list.clear()
3, 1855, 9, -1.0, 0.4, -2.7755575615628914E-17, 0.0, Math.tan()
3, 1856, 5, -1.0, 0.4, -2.7755575615628914E-17, 0.2, list.clear()
3, 1857, 5, -1.0, 0.4, -2.7755575615628914E-17, 0.4, list.clear()
3, 1858, 9, -1.0, 0.4, -2.7755575615628914E-17, 0.6000000000000001, Math.tan()
3, 1859, 5, -1.0, 0.4, -2.7755575615628914E-17, 0.8, list.clear()
3, 1860, 7, -1.0, 0.8, -0.5, 0.0, list().wait()
3, 1861, 7, -1.0, 0.8, -0.5, 0.2, list().wait()
3, 1862, 5, -1.0, 0.8, -0.5, 0.4, list.clear()
3, 1863, 5, -1.0, 0.8, -0.5, 0.6000000000000001, list.clear()
3, 1864, 5, -1.0, 0.8, -0.5, 0.8, list.clear()
3, 1865, 7, -1.0, 0.8, -0.4, 0.0, list().wait()
3, 1866, 5, -1.0, 0.8, -0.4, 0.2, list.clear()
3, 1867, 5, -1.0, 0.8, -0.4, 0.4, list.clear()
3, 1868, 5, -1.0, 0.8, -0.4, 0.6000000000000001, list.clear()
3, 1869, 5, -1.0, 0.8, -0.4, 0.8, list.clear()
3, 1870, 7, -1.0, 0.8, -0.30000000000000004, 0.0, list().wait()
3, 1871, 7, -1.0, 0.8, -0.30000000000000004, 0.2, list().wait()
3, 1872, 5, -1.0, 0.8, -0.30000000000000004, 0.4, list.clear()
3, 1873, 5, -1.0, 0.8, -0.30000000000000004, 0.6000000000000001, list.clear()
3, 1874, 5, -1.0, 0.8, -0.30000000000000004, 0.8, list.clear()
3, 1875, 7, -1.0, 0.8, -0.20000000000000004, 0.0, list().wait()
3, 1876, 7, -1.0, 0.8, -0.20000000000000004, 0.2, list().wait()
3, 1877, 5, -1.0, 0.8, -0.20000000000000004, 0.4, list.clear()
3, 1878, 5, -1.0, 0.8, -0.20000000000000004, 0.6000000000000001, list.clear()
3, 1879, 5, -1.0, 0.8, -0.20000000000000004, 0.8, list.clear()
3, 1880, 9, -1.0, 0.8, -0.10000000000000003, 0.0, Math.tan()
3, 1881, 8, -1.0, 0.8, -0.10000000000000003, 0.2, list.hashCode()
3, 1882, 8, -1.0, 0.8, -0.10000000000000003, 0.4, list.trimSize()
3, 1883, 8, -1.0, 0.8, -0.10000000000000003, 0.6000000000000001, list.trimSize()
3, 1884, 8, -1.0, 0.8, -0.10000000000000003, 0.8, list.trimSize()
3, 1885, 8, -1.0, 0.8, -2.7755575615628914E-17, 0.0, list.equals(length())
3, 1886, 9, -1.0, 0.8, -2.7755575615628914E-17, 0.2, Math.tan()
3, 1887, 5, -1.0, 0.8, -2.7755575615628914E-17, 0.4, list.clear()
3, 1888, 5, -1.0, 0.8, -2.7755575615628914E-17, 0.6000000000000001, list.clear()
3, 1889, 5, -1.0, 0.8, -2.7755575615628914E-17, 0.8, list.clear()
3, 1890, 8, -1.0, 1.2000000000000002, -0.5, 0.0, list.equals(length())
3, 1891, 5, -1.0, 1.2000000000000002, -0.5, 0.2, list.clear()
3, 1892, 5, -1.0, 1.2000000000000002, -0.5, 0.4, list.clear()
3, 1893, 5, -1.0, 1.2000000000000002, -0.5, 0.6000000000000001, list.clear()
3, 1894, 5, -1.0, 1.2000000000000002, -0.5, 0.8, list.clear()
3, 1895, 8, -1.0, 1.2000000000000002, -0.4, 0.0, list.equals(length())
3, 1896, 5, -1.0, 1.2000000000000002, -0.4, 0.2, list.clear()
3, 1897, 5, -1.0, 1.2000000000000002, -0.4, 0.4, list.clear()
3, 1898, 5, -1.0, 1.2000000000000002, -0.4, 0.6000000000000001, list.clear()
3, 1899, 5, -1.0, 1.2000000000000002, -0.4, 0.8, list.clear()
3, 1900, 8, -1.0, 1.2000000000000002, -0.30000000000000004, 0.0, list.equals(length())
3, 1901, 5, -1.0, 1.2000000000000002, -0.30000000000000004, 0.2, list.clear()
3, 1902, 5, -1.0, 1.2000000000000002, -0.30000000000000004, 0.4, list.clear()
3, 1903, 5, -1.0, 1.2000000000000002, -0.30000000000000004, 0.6000000000000001, list.clear()
3, 1904, 5, -1.0, 1.2000000000000002, -0.30000000000000004, 0.8, list.clear()
3, 1905, 8, -1.0, 1.2000000000000002, -0.20000000000000004, 0.0, list.equals(length())
3, 1906, 8, -1.0, 1.2000000000000002, -0.20000000000000004, 0.2, list.equals(length())
3, 1907, 5, -1.0, 1.2000000000000002, -0.20000000000000004, 0.4, list.clear()
3, 1908, 5, -1.0, 1.2000000000000002, -0.20000000000000004, 0.6000000000000001, list.clear()
3, 1909, 5, -1.0, 1.2000000000000002, -0.20000000000000004, 0.8, list.clear()
3, 1910, 8, -1.0, 1.2000000000000002, -0.10000000000000003, 0.0, list.equals(length())
3, 1911, 5, -1.0, 1.2000000000000002, -0.10000000000000003, 0.2, list.clear()
3, 1912, 5, -1.0, 1.2000000000000002, -0.10000000000000003, 0.4, list.clear()
3, 1913, 5, -1.0, 1.2000000000000002, -0.10000000000000003, 0.6000000000000001, list.set(length())
3, 1914, 5, -1.0, 1.2000000000000002, -0.10000000000000003, 0.8, list.clear()
3, 1915, 8, -1.0, 1.2000000000000002, -2.7755575615628914E-17, 0.0, list.equals(length())
3, 1916, 5, -1.0, 1.2000000000000002, -2.7755575615628914E-17, 0.2, list.clear()
3, 1917, 5, -1.0, 1.2000000000000002, -2.7755575615628914E-17, 0.4, list.clear()
3, 1918, 5, -1.0, 1.2000000000000002, -2.7755575615628914E-17, 0.6000000000000001, list.clear()
3, 1919, 5, -1.0, 1.2000000000000002, -2.7755575615628914E-17, 0.8, list.clear()
3, 1920, 8, -1.0, 1.6, -0.5, 0.0, list.equals(length())
3, 1921, 5, -1.0, 1.6, -0.5, 0.2, list.clear()
3, 1922, 5, -1.0, 1.6, -0.5, 0.4, list.clear()
3, 1923, 5, -1.0, 1.6, -0.5, 0.6000000000000001, list.clear()
3, 1924, 5, -1.0, 1.6, -0.5, 0.8, list.clear()
3, 1925, 8, -1.0, 1.6, -0.4, 0.0, list.equals(length())
3, 1926, 5, -1.0, 1.6, -0.4, 0.2, list.clear()
3, 1927, 5, -1.0, 1.6, -0.4, 0.4, list.clear()
3, 1928, 5, -1.0, 1.6, -0.4, 0.6000000000000001, list.clear()
3, 1929, 5, -1.0, 1.6, -0.4, 0.8, list.set(length())
3, 1930, 8, -1.0, 1.6, -0.30000000000000004, 0.0, list.equals(length())
3, 1931, 5, -1.0, 1.6, -0.30000000000000004, 0.2, list.clear()
3, 1932, 5, -1.0, 1.6, -0.30000000000000004, 0.4, list.clear()
3, 1933, 5, -1.0, 1.6, -0.30000000000000004, 0.6000000000000001, list.clear()
3, 1934, 5, -1.0, 1.6, -0.30000000000000004, 0.8, list.clear()
3, 1935, 8, -1.0, 1.6, -0.20000000000000004, 0.0, list.equals(length())
3, 1936, 5, -1.0, 1.6, -0.20000000000000004, 0.2, list.clear()
3, 1937, 5, -1.0, 1.6, -0.20000000000000004, 0.4, list.clear()
3, 1938, 5, -1.0, 1.6, -0.20000000000000004, 0.6000000000000001, list.set(length())
3, 1939, 5, -1.0, 1.6, -0.20000000000000004, 0.8, list.clear()
3, 1940, 8, -1.0, 1.6, -0.10000000000000003, 0.0, list.equals(length())
3, 1941, 5, -1.0, 1.6, -0.10000000000000003, 0.2, list.clear()
3, 1942, 5, -1.0, 1.6, -0.10000000000000003, 0.4, list.clear()
3, 1943, 5, -1.0, 1.6, -0.10000000000000003, 0.6000000000000001, list.clear()
3, 1944, 5, -1.0, 1.6, -0.10000000000000003, 0.8, list.clear()
3, 1945, 9, -1.0, 1.6, -2.7755575615628914E-17, 0.0, Math.abs(length())
3, 1946, 5, -1.0, 1.6, -2.7755575615628914E-17, 0.2, list.clear()
3, 1947, 5, -1.0, 1.6, -2.7755575615628914E-17, 0.4, list.clear()
3, 1948, 5, -1.0, 1.6, -2.7755575615628914E-17, 0.6000000000000001, list.clear()
3, 1949, 5, -1.0, 1.6, -2.7755575615628914E-17, 0.8, list.clear()
3, 1950, 7, -0.8, 0.0, -0.5, 0.0, list().wait()
3, 1951, 5, -0.8, 0.0, -0.5, 0.2, list.clear()
3, 1952, 5, -0.8, 0.0, -0.5, 0.4, list.clear()
3, 1953, 5, -0.8, 0.0, -0.5, 0.6000000000000001, list.clear()
3, 1954, 7, -0.8, 0.0, -0.5, 0.8, list().wait()
3, 1955, 9, -0.8, 0.0, -0.4, 0.0, Math.tan()
3, 1956, 8, -0.8, 0.0, -0.4, 0.2, list.hashCode()
3, 1957, 8, -0.8, 0.0, -0.4, 0.4, list.hashCode()
3, 1958, 8, -0.8, 0.0, -0.4, 0.6000000000000001, list.hashCode()
3, 1959, 8, -0.8, 0.0, -0.4, 0.8, list.hashCode()
3, 1960, 7, -0.8, 0.0, -0.30000000000000004, 0.0, list().wait()
3, 1961, 7, -0.8, 0.0, -0.30000000000000004, 0.2, list().wait()
3, 1962, 5, -0.8, 0.0, -0.30000000000000004, 0.4, list.clear()
3, 1963, 5, -0.8, 0.0, -0.30000000000000004, 0.6000000000000001, list.clear()
3, 1964, 7, -0.8, 0.0, -0.30000000000000004, 0.8, delete().length()
3, 1965, 7, -0.8, 0.0, -0.20000000000000004, 0.0, list().wait()
3, 1966, 7, -0.8, 0.0, -0.20000000000000004, 0.2, list().wait()
3, 1967, 5, -0.8, 0.0, -0.20000000000000004, 0.4, list.clear()
3, 1968, 5, -0.8, 0.0, -0.20000000000000004, 0.6000000000000001, list.clear()
3, 1969, 7, -0.8, 0.0, -0.20000000000000004, 0.8, delete().length()
3, 1970, 7, -0.8, 0.0, -0.10000000000000003, 0.0, list().wait()
3, 1971, 7, -0.8, 0.0, -0.10000000000000003, 0.2, delete().length()
3, 1972, 7, -0.8, 0.0, -0.10000000000000003, 0.4, delete().length()
3, 1973, 9, -0.8, 0.0, -0.10000000000000003, 0.6000000000000001, Math.tan()
3, 1974, 7, -0.8, 0.0, -0.10000000000000003, 0.8, delete().length()
3, 1975, 9, -0.8, 0.0, -2.7755575615628914E-17, 0.0, Math.tan()
3, 1976, 9, -0.8, 0.0, -2.7755575615628914E-17, 0.2, Math.tan()
3, 1977, 9, -0.8, 0.0, -2.7755575615628914E-17, 0.4, Math.tan()
3, 1978, 9, -0.8, 0.0, -2.7755575615628914E-17, 0.6000000000000001, Math.tan()
3, 1979, 9, -0.8, 0.0, -2.7755575615628914E-17, 0.8, Math.tan()
3, 1980, 7, -0.8, 0.4, -0.5, 0.0, list().wait()
3, 1981, 5, -0.8, 0.4, -0.5, 0.2, list.clear()
3, 1982, 5, -0.8, 0.4, -0.5, 0.4, list.clear()
3, 1983, 5, -0.8, 0.4, -0.5, 0.6000000000000001, list.clear()
3, 1984, 5, -0.8, 0.4, -0.5, 0.8, list.clear()
3, 1985, 8, -0.8, 0.4, -0.4, 0.0, list.equals(length())
3, 1986, 8, -0.8, 0.4, -0.4, 0.2, list.equals(length())
3, 1987, 8, -0.8, 0.4, -0.4, 0.4, list.equals(length())
3, 1988, 5, -0.8, 0.4, -0.4, 0.6000000000000001, list.clear()
3, 1989, 5, -0.8, 0.4, -0.4, 0.8, list.clear()
3, 1990, 7, -0.8, 0.4, -0.30000000000000004, 0.0, list().wait()
3, 1991, 5, -0.8, 0.4, -0.30000000000000004, 0.2, list.clear()
3, 1992, 7, -0.8, 0.4, -0.30000000000000004, 0.4, list().wait()
3, 1993, 5, -0.8, 0.4, -0.30000000000000004, 0.6000000000000001, list.clear()
3, 1994, 5, -0.8, 0.4, -0.30000000000000004, 0.8, list.clear()
3, 1995, 9, -0.8, 0.4, -0.20000000000000004, 0.0, Math.tan()
3, 1996, 8, -0.8, 0.4, -0.20000000000000004, 0.2, list.hashCode()
3, 1997, 8, -0.8, 0.4, -0.20000000000000004, 0.4, list.equals(length())
3, 1998, 8, -0.8, 0.4, -0.20000000000000004, 0.6000000000000001, list.trimSize()
3, 1999, 8, -0.8, 0.4, -0.20000000000000004, 0.8, list.trimSize()
3, 2000, 9, -0.8, 0.4, -0.10000000000000003, 0.0, Math.tan()
3, 2001, 5, -0.8, 0.4, -0.10000000000000003, 0.2, list.clear()
3, 2002, 5, -0.8, 0.4, -0.10000000000000003, 0.4, list.clear()
3, 2003, 5, -0.8, 0.4, -0.10000000000000003, 0.6000000000000001, list.clear()
3, 2004, 5, -0.8, 0.4, -0.10000000000000003, 0.8, list.clear()
3, 2005, 9, -0.8, 0.4, -2.7755575615628914E-17, 0.0, Math.tan()
3, 2006, 5, -0.8, 0.4, -2.7755575615628914E-17, 0.2, list.clear()
3, 2007, 9, -0.8, 0.4, -2.7755575615628914E-17, 0.4, Math.tan()
3, 2008, 5, -0.8, 0.4, -2.7755575615628914E-17, 0.6000000000000001, list.clear()
3, 2009, 5, -0.8, 0.4, -2.7755575615628914E-17, 0.8, list.clear()
3, 2010, 8, -0.8, 0.8, -0.5, 0.0, list.equals(length())
3, 2011, 5, -0.8, 0.8, -0.5, 0.2, list.clear()
3, 2012, 5, -0.8, 0.8, -0.5, 0.4, list.clear()
3, 2013, 5, -0.8, 0.8, -0.5, 0.6000000000000001, list.clear()
3, 2014, 5, -0.8, 0.8, -0.5, 0.8, list.clear()
3, 2015, 9, -0.8, 0.8, -0.4, 0.0, Math.tan()
3, 2016, 8, -0.8, 0.8, -0.4, 0.2, list.equals(length())
3, 2017, 8, -0.8, 0.8, -0.4, 0.4, list.trimSize()
3, 2018, 8, -0.8, 0.8, -0.4, 0.6000000000000001, list.trimSize()
3, 2019, 8, -0.8, 0.8, -0.4, 0.8, list.trimSize()
3, 2020, 8, -0.8, 0.8, -0.30000000000000004, 0.0, list.equals(length())
3, 2021, 5, -0.8, 0.8, -0.30000000000000004, 0.2, list.clear()
3, 2022, 5, -0.8, 0.8, -0.30000000000000004, 0.4, list.clear()
3, 2023, 5, -0.8, 0.8, -0.30000000000000004, 0.6000000000000001, list.clear()
3, 2024, 5, -0.8, 0.8, -0.30000000000000004, 0.8, list.clear()
3, 2025, 8, -0.8, 0.8, -0.20000000000000004, 0.0, list.equals(length())
3, 2026, 5, -0.8, 0.8, -0.20000000000000004, 0.2, list.clear()
3, 2027, 5, -0.8, 0.8, -0.20000000000000004, 0.4, list.clear()
3, 2028, 5, -0.8, 0.8, -0.20000000000000004, 0.6000000000000001, list.clear()
3, 2029, 5, -0.8, 0.8, -0.20000000000000004, 0.8, list.clear()
3, 2030, 8, -0.8, 0.8, -0.10000000000000003, 0.0, list.equals(length())
3, 2031, 5, -0.8, 0.8, -0.10000000000000003, 0.2, list.clear()
3, 2032, 5, -0.8, 0.8, -0.10000000000000003, 0.4, list.clear()
3, 2033, 5, -0.8, 0.8, -0.10000000000000003, 0.6000000000000001, list.clear()
3, 2034, 5, -0.8, 0.8, -0.10000000000000003, 0.8, list.clear()
3, 2035, 9, -0.8, 0.8, -2.7755575615628914E-17, 0.0, Math.tan()
3, 2036, 8, -0.8, 0.8, -2.7755575615628914E-17, 0.2, list.trimSize()
3, 2037, 5, -0.8, 0.8, -2.7755575615628914E-17, 0.4, list.clear()
3, 2038, 5, -0.8, 0.8, -2.7755575615628914E-17, 0.6000000000000001, list.clear()
3, 2039, 8, -0.8, 0.8, -2.7755575615628914E-17, 0.8, list.trimSize()
3, 2040, 8, -0.8, 1.2000000000000002, -0.5, 0.0, list.equals(length())
3, 2041, 5, -0.8, 1.2000000000000002, -0.5, 0.2, list.clear()
3, 2042, 5, -0.8, 1.2000000000000002, -0.5, 0.4, list.clear()
3, 2043, 5, -0.8, 1.2000000000000002, -0.5, 0.6000000000000001, list.clear()
3, 2044, 5, -0.8, 1.2000000000000002, -0.5, 0.8, list.clear()
3, 2045, 8, -0.8, 1.2000000000000002, -0.4, 0.0, list.equals(length())
3, 2046, 5, -0.8, 1.2000000000000002, -0.4, 0.2, list.clear()
3, 2047, 5, -0.8, 1.2000000000000002, -0.4, 0.4, list.clear()
3, 2048, 5, -0.8, 1.2000000000000002, -0.4, 0.6000000000000001, list.clear()
3, 2049, 5, -0.8, 1.2000000000000002, -0.4, 0.8, list.clear()
3, 2050, 8, -0.8, 1.2000000000000002, -0.30000000000000004, 0.0, list.equals(length())
3, 2051, 5, -0.8, 1.2000000000000002, -0.30000000000000004, 0.2, list.clear()
3, 2052, 5, -0.8, 1.2000000000000002, -0.30000000000000004, 0.4, list.clear()
3, 2053, 5, -0.8, 1.2000000000000002, -0.30000000000000004, 0.6000000000000001, list.clear()
3, 2054, 5, -0.8, 1.2000000000000002, -0.30000000000000004, 0.8, list.clear()
3, 2055, 8, -0.8, 1.2000000000000002, -0.20000000000000004, 0.0, list.equals(length())
3, 2056, 5, -0.8, 1.2000000000000002, -0.20000000000000004, 0.2, list.clear()
3, 2057, 5, -0.8, 1.2000000000000002, -0.20000000000000004, 0.4, list.clear()
3, 2058, 5, -0.8, 1.2000000000000002, -0.20000000000000004, 0.6000000000000001, list.clear()
3, 2059, 5, -0.8, 1.2000000000000002, -0.20000000000000004, 0.8, list.clear()
3, 2060, 8, -0.8, 1.2000000000000002, -0.10000000000000003, 0.0, list.equals(length())
3, 2061, 5, -0.8, 1.2000000000000002, -0.10000000000000003, 0.2, list.clear()
3, 2062, 5, -0.8, 1.2000000000000002, -0.10000000000000003, 0.4, list.clear()
3, 2063, 5, -0.8, 1.2000000000000002, -0.10000000000000003, 0.6000000000000001, list.clear()
3, 2064, 5, -0.8, 1.2000000000000002, -0.10000000000000003, 0.8, list.clear()
3, 2065, 9, -0.8, 1.2000000000000002, -2.7755575615628914E-17, 0.0, Math.abs(length())
3, 2066, 5, -0.8, 1.2000000000000002, -2.7755575615628914E-17, 0.2, list.clear()
3, 2067, 5, -0.8, 1.2000000000000002, -2.7755575615628914E-17, 0.4, list.clear()
3, 2068, 5, -0.8, 1.2000000000000002, -2.7755575615628914E-17, 0.6000000000000001, list.clear()
3, 2069, 5, -0.8, 1.2000000000000002, -2.7755575615628914E-17, 0.8, list.clear()
3, 2070, 8, -0.8, 1.6, -0.5, 0.0, list.equals(length())
3, 2071, 5, -0.8, 1.6, -0.5, 0.2, list.clear()
3, 2072, 5, -0.8, 1.6, -0.5, 0.4, list.clear()
3, 2073, 5, -0.8, 1.6, -0.5, 0.6000000000000001, list.clear()
3, 2074, 5, -0.8, 1.6, -0.5, 0.8, list.clear()
3, 2075, 8, -0.8, 1.6, -0.4, 0.0, list.equals(length())
3, 2076, 5, -0.8, 1.6, -0.4, 0.2, list.clear()
3, 2077, 5, -0.8, 1.6, -0.4, 0.4, list.clear()
3, 2078, 5, -0.8, 1.6, -0.4, 0.6000000000000001, list.clear()
3, 2079, 5, -0.8, 1.6, -0.4, 0.8, list.clear()
3, 2080, 8, -0.8, 1.6, -0.30000000000000004, 0.0, list.equals(length())
3, 2081, 5, -0.8, 1.6, -0.30000000000000004, 0.2, list.clear()
3, 2082, 5, -0.8, 1.6, -0.30000000000000004, 0.4, list.clear()
3, 2083, 5, -0.8, 1.6, -0.30000000000000004, 0.6000000000000001, list.clear()
3, 2084, 5, -0.8, 1.6, -0.30000000000000004, 0.8, list.clear()
3, 2085, 8, -0.8, 1.6, -0.20000000000000004, 0.0, list.equals(length())
3, 2086, 5, -0.8, 1.6, -0.20000000000000004, 0.2, list.clear()
3, 2087, 5, -0.8, 1.6, -0.20000000000000004, 0.4, list.clear()
3, 2088, 5, -0.8, 1.6, -0.20000000000000004, 0.6000000000000001, list.clear()
3, 2089, 5, -0.8, 1.6, -0.20000000000000004, 0.8, list.clear()
3, 2090, 8, -0.8, 1.6, -0.10000000000000003, 0.0, list.equals(length())
3, 2091, 5, -0.8, 1.6, -0.10000000000000003, 0.2, list.clear()
3, 2092, 5, -0.8, 1.6, -0.10000000000000003, 0.4, list.clear()
3, 2093, 5, -0.8, 1.6, -0.10000000000000003, 0.6000000000000001, list.clear()
3, 2094, 5, -0.8, 1.6, -0.10000000000000003, 0.8, list.clear()
3, 2095, 9, -0.8, 1.6, -2.7755575615628914E-17, 0.0, Math.abs(length())
3, 2096, 5, -0.8, 1.6, -2.7755575615628914E-17, 0.2, list.clear()
3, 2097, 5, -0.8, 1.6, -2.7755575615628914E-17, 0.4, list.clear()
3, 2098, 5, -0.8, 1.6, -2.7755575615628914E-17, 0.6000000000000001, list.clear()
3, 2099, 8, -0.8, 1.6, -2.7755575615628914E-17, 0.8, list.trimSize()
3, 2100, 7, -0.6000000000000001, 0.0, -0.5, 0.0, list().wait()
3, 2101, 5, -0.6000000000000001, 0.0, -0.5, 0.2, list.clear()
3, 2102, 5, -0.6000000000000001, 0.0, -0.5, 0.4, list.clear()
3, 2103, 7, -0.6000000000000001, 0.0, -0.5, 0.6000000000000001, list().wait()
3, 2104, 5, -0.6000000000000001, 0.0, -0.5, 0.8, list.clear()
3, 2105, 7, -0.6000000000000001, 0.0, -0.4, 0.0, list().wait()
3, 2106, 7, -0.6000000000000001, 0.0, -0.4, 0.2, list().wait()
3, 2107, 5, -0.6000000000000001, 0.0, -0.4, 0.4, list.clear()
3, 2108, 7, -0.6000000000000001, 0.0, -0.4, 0.6000000000000001, list().wait()
3, 2109, 5, -0.6000000000000001, 0.0, -0.4, 0.8, list.clear()
3, 2110, 9, -0.6000000000000001, 0.0, -0.30000000000000004, 0.0, Math.tan()
3, 2111, 8, -0.6000000000000001, 0.0, -0.30000000000000004, 0.2, list.hashCode()
3, 2112, 8, -0.6000000000000001, 0.0, -0.30000000000000004, 0.4, list.hashCode()
3, 2113, 8, -0.6000000000000001, 0.0, -0.30000000000000004, 0.6000000000000001, list.equals(length())
3, 2114, 8, -0.6000000000000001, 0.0, -0.30000000000000004, 0.8, list.trimSize()
3, 2115, 7, -0.6000000000000001, 0.0, -0.20000000000000004, 0.0, list().wait()
3, 2116, 7, -0.6000000000000001, 0.0, -0.20000000000000004, 0.2, list().wait()
3, 2117, 5, -0.6000000000000001, 0.0, -0.20000000000000004, 0.4, list.clear()
3, 2118, 5, -0.6000000000000001, 0.0, -0.20000000000000004, 0.6000000000000001, list.clear()
3, 2119, 5, -0.6000000000000001, 0.0, -0.20000000000000004, 0.8, list.clear()
3, 2120, 7, -0.6000000000000001, 0.0, -0.10000000000000003, 0.0, list().wait()
3, 2121, 7, -0.6000000000000001, 0.0, -0.10000000000000003, 0.2, delete().length()
3, 2122, 5, -0.6000000000000001, 0.0, -0.10000000000000003, 0.4, list.clear()
3, 2123, 8, -0.6000000000000001, 0.0, -0.10000000000000003, 0.6000000000000001, list.hashCode()
3, 2124, 5, -0.6000000000000001, 0.0, -0.10000000000000003, 0.8, list.clear()
3, 2125, 9, -0.6000000000000001, 0.0, -2.7755575615628914E-17, 0.0, Math.tan()
3, 2126, 9, -0.6000000000000001, 0.0, -2.7755575615628914E-17, 0.2, Math.tan()
3, 2127, 9, -0.6000000000000001, 0.0, -2.7755575615628914E-17, 0.4, Math.tan()
3, 2128, 9, -0.6000000000000001, 0.0, -2.7755575615628914E-17, 0.6000000000000001, Math.tan()
3, 2129, 8, -0.6000000000000001, 0.0, -2.7755575615628914E-17, 0.8, list.trimSize()
3, 2130, 7, -0.6000000000000001, 0.4, -0.5, 0.0, list().wait()
3, 2131, 5, -0.6000000000000001, 0.4, -0.5, 0.2, list.clear()
3, 2132, 5, -0.6000000000000001, 0.4, -0.5, 0.4, list.clear()
3, 2133, 5, -0.6000000000000001, 0.4, -0.5, 0.6000000000000001, list.clear()
3, 2134, 5, -0.6000000000000001, 0.4, -0.5, 0.8, list.clear()
3, 2135, 7, -0.6000000000000001, 0.4, -0.4, 0.0, list().wait()
3, 2136, 5, -0.6000000000000001, 0.4, -0.4, 0.2, list.clear()
3, 2137, 5, -0.6000000000000001, 0.4, -0.4, 0.4, list.clear()
3, 2138, 5, -0.6000000000000001, 0.4, -0.4, 0.6000000000000001, list.clear()
3, 2139, 5, -0.6000000000000001, 0.4, -0.4, 0.8, list.clear()
3, 2140, 7, -0.6000000000000001, 0.4, -0.30000000000000004, 0.0, list().wait()
3, 2141, 7, -0.6000000000000001, 0.4, -0.30000000000000004, 0.2, list().wait()
3, 2142, 5, -0.6000000000000001, 0.4, -0.30000000000000004, 0.4, list.clear()
3, 2143, 5, -0.6000000000000001, 0.4, -0.30000000000000004, 0.6000000000000001, list.clear()
3, 2144, 5, -0.6000000000000001, 0.4, -0.30000000000000004, 0.8, list.clear()
3, 2145, 9, -0.6000000000000001, 0.4, -0.20000000000000004, 0.0, Math.tan()
3, 2146, 9, -0.6000000000000001, 0.4, -0.20000000000000004, 0.2, Math.tan()
3, 2147, 5, -0.6000000000000001, 0.4, -0.20000000000000004, 0.4, list.clear()
3, 2148, 5, -0.6000000000000001, 0.4, -0.20000000000000004, 0.6000000000000001, list.clear()
3, 2149, 8, -0.6000000000000001, 0.4, -0.20000000000000004, 0.8, list.trimSize()
3, 2150, 9, -0.6000000000000001, 0.4, -0.10000000000000003, 0.0, Math.tan()
3, 2151, 8, -0.6000000000000001, 0.4, -0.10000000000000003, 0.2, list.hashCode()
3, 2152, 8, -0.6000000000000001, 0.4, -0.10000000000000003, 0.4, list.trimSize()
3, 2153, 8, -0.6000000000000001, 0.4, -0.10000000000000003, 0.6000000000000001, list.trimSize()
3, 2154, 8, -0.6000000000000001, 0.4, -0.10000000000000003, 0.8, list.trimSize()
3, 2155, 7, -0.6000000000000001, 0.4, -2.7755575615628914E-17, 0.0, list().wait()
3, 2156, 7, -0.6000000000000001, 0.4, -2.7755575615628914E-17, 0.2, list().wait()
3, 2157, 5, -0.6000000000000001, 0.4, -2.7755575615628914E-17, 0.4, list.clear()
3, 2158, 5, -0.6000000000000001, 0.4, -2.7755575615628914E-17, 0.6000000000000001, list.clear()
3, 2159, 5, -0.6000000000000001, 0.4, -2.7755575615628914E-17, 0.8, list.clear()
3, 2160, 8, -0.6000000000000001, 0.8, -0.5, 0.0, list.equals(length())
3, 2161, 5, -0.6000000000000001, 0.8, -0.5, 0.2, list.clear()
3, 2162, 5, -0.6000000000000001, 0.8, -0.5, 0.4, list.clear()
3, 2163, 5, -0.6000000000000001, 0.8, -0.5, 0.6000000000000001, list.clear()
3, 2164, 5, -0.6000000000000001, 0.8, -0.5, 0.8, list.clear()
3, 2165, 8, -0.6000000000000001, 0.8, -0.4, 0.0, list.equals(length())
3, 2166, 5, -0.6000000000000001, 0.8, -0.4, 0.2, list.clear()
3, 2167, 5, -0.6000000000000001, 0.8, -0.4, 0.4, list.clear()
3, 2168, 5, -0.6000000000000001, 0.8, -0.4, 0.6000000000000001, list.clear()
3, 2169, 5, -0.6000000000000001, 0.8, -0.4, 0.8, list.clear()
3, 2170, 8, -0.6000000000000001, 0.8, -0.30000000000000004, 0.0, list.equals(length())
3, 2171, 5, -0.6000000000000001, 0.8, -0.30000000000000004, 0.2, list.clear()
3, 2172, 5, -0.6000000000000001, 0.8, -0.30000000000000004, 0.4, list.clear()
3, 2173, 5, -0.6000000000000001, 0.8, -0.30000000000000004, 0.6000000000000001, list.clear()
3, 2174, 5, -0.6000000000000001, 0.8, -0.30000000000000004, 0.8, list.clear()
3, 2175, 8, -0.6000000000000001, 0.8, -0.20000000000000004, 0.0, list.equals(length())
3, 2176, 5, -0.6000000000000001, 0.8, -0.20000000000000004, 0.2, list.clear()
3, 2177, 5, -0.6000000000000001, 0.8, -0.20000000000000004, 0.4, list.clear()
3, 2178, 5, -0.6000000000000001, 0.8, -0.20000000000000004, 0.6000000000000001, list.clear()
3, 2179, 5, -0.6000000000000001, 0.8, -0.20000000000000004, 0.8, list.clear()
3, 2180, 8, -0.6000000000000001, 0.8, -0.10000000000000003, 0.0, list.equals(length())
3, 2181, 5, -0.6000000000000001, 0.8, -0.10000000000000003, 0.2, list.clear()
3, 2182, 5, -0.6000000000000001, 0.8, -0.10000000000000003, 0.4, list.clear()
3, 2183, 8, -0.6000000000000001, 0.8, -0.10000000000000003, 0.6000000000000001, list.trimSize()
3, 2184, 8, -0.6000000000000001, 0.8, -0.10000000000000003, 0.8, list.trimSize()
3, 2185, 8, -0.6000000000000001, 0.8, -2.7755575615628914E-17, 0.0, list.equals(length())
3, 2186, 5, -0.6000000000000001, 0.8, -2.7755575615628914E-17, 0.2, list.clear()
3, 2187, 5, -0.6000000000000001, 0.8, -2.7755575615628914E-17, 0.4, list.clear()
3, 2188, 8, -0.6000000000000001, 0.8, -2.7755575615628914E-17, 0.6000000000000001, list.trimSize()
3, 2189, 5, -0.6000000000000001, 0.8, -2.7755575615628914E-17, 0.8, list.clear()
3, 2190, 8, -0.6000000000000001, 1.2000000000000002, -0.5, 0.0, list.equals(length())
3, 2191, 5, -0.6000000000000001, 1.2000000000000002, -0.5, 0.2, list.clear()
3, 2192, 5, -0.6000000000000001, 1.2000000000000002, -0.5, 0.4, list.clear()
3, 2193, 5, -0.6000000000000001, 1.2000000000000002, -0.5, 0.6000000000000001, list.clear()
3, 2194, 5, -0.6000000000000001, 1.2000000000000002, -0.5, 0.8, list.clear()
3, 2195, 8, -0.6000000000000001, 1.2000000000000002, -0.4, 0.0, list.equals(length())
3, 2196, 5, -0.6000000000000001, 1.2000000000000002, -0.4, 0.2, list.clear()
3, 2197, 5, -0.6000000000000001, 1.2000000000000002, -0.4, 0.4, list.clear()
3, 2198, 5, -0.6000000000000001, 1.2000000000000002, -0.4, 0.6000000000000001, list.clear()
3, 2199, 5, -0.6000000000000001, 1.2000000000000002, -0.4, 0.8, list.clear()
3, 2200, 8, -0.6000000000000001, 1.2000000000000002, -0.30000000000000004, 0.0, list.equals(length())
3, 2201, 5, -0.6000000000000001, 1.2000000000000002, -0.30000000000000004, 0.2, list.clear()
3, 2202, 5, -0.6000000000000001, 1.2000000000000002, -0.30000000000000004, 0.4, list.clear()
3, 2203, 5, -0.6000000000000001, 1.2000000000000002, -0.30000000000000004, 0.6000000000000001, list.clear()
3, 2204, 5, -0.6000000000000001, 1.2000000000000002, -0.30000000000000004, 0.8, list.clear()
3, 2205, 8, -0.6000000000000001, 1.2000000000000002, -0.20000000000000004, 0.0, list.equals(length())
3, 2206, 5, -0.6000000000000001, 1.2000000000000002, -0.20000000000000004, 0.2, list.clear()
3, 2207, 5, -0.6000000000000001, 1.2000000000000002, -0.20000000000000004, 0.4, list.clear()
3, 2208, 5, -0.6000000000000001, 1.2000000000000002, -0.20000000000000004, 0.6000000000000001, list.clear()
3, 2209, 5, -0.6000000000000001, 1.2000000000000002, -0.20000000000000004, 0.8, list.clear()
3, 2210, 8, -0.6000000000000001, 1.2000000000000002, -0.10000000000000003, 0.0, list.equals(length())
3, 2211, 5, -0.6000000000000001, 1.2000000000000002, -0.10000000000000003, 0.2, list.clear()
3, 2212, 5, -0.6000000000000001, 1.2000000000000002, -0.10000000000000003, 0.4, list.clear()
3, 2213, 5, -0.6000000000000001, 1.2000000000000002, -0.10000000000000003, 0.6000000000000001, list.clear()
3, 2214, 8, -0.6000000000000001, 1.2000000000000002, -0.10000000000000003, 0.8, list.trimSize()
3, 2215, 9, -0.6000000000000001, 1.2000000000000002, -2.7755575615628914E-17, 0.0, Math.abs(length())
3, 2216, 5, -0.6000000000000001, 1.2000000000000002, -2.7755575615628914E-17, 0.2, list.clear()
3, 2217, 5, -0.6000000000000001, 1.2000000000000002, -2.7755575615628914E-17, 0.4, list.clear()
3, 2218, 5, -0.6000000000000001, 1.2000000000000002, -2.7755575615628914E-17, 0.6000000000000001, list.clear()
3, 2219, 5, -0.6000000000000001, 1.2000000000000002, -2.7755575615628914E-17, 0.8, list.clear()
3, 2220, 8, -0.6000000000000001, 1.6, -0.5, 0.0, list.equals(length())
3, 2221, 5, -0.6000000000000001, 1.6, -0.5, 0.2, list.clear()
3, 2222, 5, -0.6000000000000001, 1.6, -0.5, 0.4, list.clear()
3, 2223, 5, -0.6000000000000001, 1.6, -0.5, 0.6000000000000001, list.clear()
3, 2224, 5, -0.6000000000000001, 1.6, -0.5, 0.8, list.clear()
3, 2225, 8, -0.6000000000000001, 1.6, -0.4, 0.0, list.equals(length())
3, 2226, 5, -0.6000000000000001, 1.6, -0.4, 0.2, list.clear()
3, 2227, 5, -0.6000000000000001, 1.6, -0.4, 0.4, list.clear()
3, 2228, 5, -0.6000000000000001, 1.6, -0.4, 0.6000000000000001, list.clear()
3, 2229, 5, -0.6000000000000001, 1.6, -0.4, 0.8, list.clear()
3, 2230, 9, -0.6000000000000001, 1.6, -0.30000000000000004, 0.0, Math.abs(length())
3, 2231, 5, -0.6000000000000001, 1.6, -0.30000000000000004, 0.2, list.clear()
3, 2232, 5, -0.6000000000000001, 1.6, -0.30000000000000004, 0.4, list.clear()
3, 2233, 5, -0.6000000000000001, 1.6, -0.30000000000000004, 0.6000000000000001, list.clear()
3, 2234, 5, -0.6000000000000001, 1.6, -0.30000000000000004, 0.8, list.clear()
3, 2235, 9, -0.6000000000000001, 1.6, -0.20000000000000004, 0.0, Math.abs(length())
3, 2236, 5, -0.6000000000000001, 1.6, -0.20000000000000004, 0.2, list.clear()
3, 2237, 5, -0.6000000000000001, 1.6, -0.20000000000000004, 0.4, list.clear()
3, 2238, 5, -0.6000000000000001, 1.6, -0.20000000000000004, 0.6000000000000001, list.clear()
3, 2239, 5, -0.6000000000000001, 1.6, -0.20000000000000004, 0.8, list.clear()
3, 2240, 5, -0.6000000000000001, 1.6, -0.10000000000000003, 0.0, list.clear()
3, 2241, 5, -0.6000000000000001, 1.6, -0.10000000000000003, 0.2, list.clear()
3, 2242, 5, -0.6000000000000001, 1.6, -0.10000000000000003, 0.4, list.clear()
3, 2243, 5, -0.6000000000000001, 1.6, -0.10000000000000003, 0.6000000000000001, list.clear()
3, 2244, 5, -0.6000000000000001, 1.6, -0.10000000000000003, 0.8, list.clear()
3, 2245, 10, -0.6000000000000001, 1.6, -2.7755575615628914E-17, 0.0, wait()
3, 2246, 5, -0.6000000000000001, 1.6, -2.7755575615628914E-17, 0.2, list.clear()
3, 2247, 5, -0.6000000000000001, 1.6, -2.7755575615628914E-17, 0.4, list.clear()
3, 2248, 5, -0.6000000000000001, 1.6, -2.7755575615628914E-17, 0.6000000000000001, list.clear()
3, 2249, 5, -0.6000000000000001, 1.6, -2.7755575615628914E-17, 0.8, list.clear()
3, 2250, 7, -0.4000000000000001, 0.0, -0.5, 0.0, list().wait()
3, 2251, 5, -0.4000000000000001, 0.0, -0.5, 0.2, list.clear()
3, 2252, 5, -0.4000000000000001, 0.0, -0.5, 0.4, list.clear()
3, 2253, 5, -0.4000000000000001, 0.0, -0.5, 0.6000000000000001, list.clear()
3, 2254, 5, -0.4000000000000001, 0.0, -0.5, 0.8, list.clear()
3, 2255, 9, -0.4000000000000001, 0.0, -0.4, 0.0, Math.tan()
3, 2256, 8, -0.4000000000000001, 0.0, -0.4, 0.2, list.equals(length())
3, 2257, 9, -0.4000000000000001, 0.0, -0.4, 0.4, Math.tan()
3, 2258, 5, -0.4000000000000001, 0.0, -0.4, 0.6000000000000001, list.clear()
3, 2259, 5, -0.4000000000000001, 0.0, -0.4, 0.8, list.clear()
3, 2260, 7, -0.4000000000000001, 0.0, -0.30000000000000004, 0.0, list().wait()
3, 2261, 5, -0.4000000000000001, 0.0, -0.30000000000000004, 0.2, list.clear()
3, 2262, 5, -0.4000000000000001, 0.0, -0.30000000000000004, 0.4, list.clear()
3, 2263, 5, -0.4000000000000001, 0.0, -0.30000000000000004, 0.6000000000000001, list.clear()
3, 2264, 5, -0.4000000000000001, 0.0, -0.30000000000000004, 0.8, list.clear()
3, 2265, 9, -0.4000000000000001, 0.0, -0.20000000000000004, 0.0, Math.tan()
3, 2266, 9, -0.4000000000000001, 0.0, -0.20000000000000004, 0.2, Math.tan()
3, 2267, 8, -0.4000000000000001, 0.0, -0.20000000000000004, 0.4, list.equals(length())
3, 2268, 8, -0.4000000000000001, 0.0, -0.20000000000000004, 0.6000000000000001, list.trimSize()
3, 2269, 8, -0.4000000000000001, 0.0, -0.20000000000000004, 0.8, list.trimSize()
3, 2270, 7, -0.4000000000000001, 0.0, -0.10000000000000003, 0.0, list().wait()
3, 2271, 7, -0.4000000000000001, 0.0, -0.10000000000000003, 0.2, delete().length()
3, 2272, 7, -0.4000000000000001, 0.0, -0.10000000000000003, 0.4, delete().length()
3, 2273, 8, -0.4000000000000001, 0.0, -0.10000000000000003, 0.6000000000000001, list.trimSize()
3, 2274, 5, -0.4000000000000001, 0.0, -0.10000000000000003, 0.8, list.clear()
3, 2275, 7, -0.4000000000000001, 0.0, -2.7755575615628914E-17, 0.0, list().wait()
3, 2276, 5, -0.4000000000000001, 0.0, -2.7755575615628914E-17, 0.2, list.clear()
3, 2277, 9, -0.4000000000000001, 0.0, -2.7755575615628914E-17, 0.4, Math.tan()
3, 2278, 5, -0.4000000000000001, 0.0, -2.7755575615628914E-17, 0.6000000000000001, list.clear()
3, 2279, 5, -0.4000000000000001, 0.0, -2.7755575615628914E-17, 0.8, list.clear()
3, 2280, 9, -0.4000000000000001, 0.4, -0.5, 0.0, Math.tan()
3, 2281, 8, -0.4000000000000001, 0.4, -0.5, 0.2, list.equals(length())
3, 2282, 8, -0.4000000000000001, 0.4, -0.5, 0.4, list.equals(length())
3, 2283, 8, -0.4000000000000001, 0.4, -0.5, 0.6000000000000001, list.trimSize()
3, 2284, 5, -0.4000000000000001, 0.4, -0.5, 0.8, list.clear()
3, 2285, 7, -0.4000000000000001, 0.4, -0.4, 0.0, list().wait()
3, 2286, 7, -0.4000000000000001, 0.4, -0.4, 0.2, list().wait()
3, 2287, 7, -0.4000000000000001, 0.4, -0.4, 0.4, list().wait()
3, 2288, 5, -0.4000000000000001, 0.4, -0.4, 0.6000000000000001, list.clear()
3, 2289, 5, -0.4000000000000001, 0.4, -0.4, 0.8, list.clear()
3, 2290, 9, -0.4000000000000001, 0.4, -0.30000000000000004, 0.0, Math.tan()
3, 2291, 8, -0.4000000000000001, 0.4, -0.30000000000000004, 0.2, list.equals(length())
3, 2292, 8, -0.4000000000000001, 0.4, -0.30000000000000004, 0.4, list.trimSize()
3, 2293, 5, -0.4000000000000001, 0.4, -0.30000000000000004, 0.6000000000000001, list.clear()
3, 2294, 5, -0.4000000000000001, 0.4, -0.30000000000000004, 0.8, list.clear()
3, 2295, 7, -0.4000000000000001, 0.4, -0.20000000000000004, 0.0, list().wait()
3, 2296, 7, -0.4000000000000001, 0.4, -0.20000000000000004, 0.2, list().wait()
3, 2297, 8, -0.4000000000000001, 0.4, -0.20000000000000004, 0.4, list.trimSize()
3, 2298, 5, -0.4000000000000001, 0.4, -0.20000000000000004, 0.6000000000000001, list.clear()
3, 2299, 5, -0.4000000000000001, 0.4, -0.20000000000000004, 0.8, list.clear()
3, 2300, 7, -0.4000000000000001, 0.4, -0.10000000000000003, 0.0, list().wait()
3, 2301, 8, -0.4000000000000001, 0.4, -0.10000000000000003, 0.2, list.trimSize()
3, 2302, 5, -0.4000000000000001, 0.4, -0.10000000000000003, 0.4, list.clear()
3, 2303, 8, -0.4000000000000001, 0.4, -0.10000000000000003, 0.6000000000000001, list.trimSize()
3, 2304, 5, -0.4000000000000001, 0.4, -0.10000000000000003, 0.8, list.clear()
3, 2305, 9, -0.4000000000000001, 0.4, -2.7755575615628914E-17, 0.0, Math.tan()
3, 2306, 8, -0.4000000000000001, 0.4, -2.7755575615628914E-17, 0.2, list.trimSize()
3, 2307, 8, -0.4000000000000001, 0.4, -2.7755575615628914E-17, 0.4, list.trimSize()
3, 2308, 8, -0.4000000000000001, 0.4, -2.7755575615628914E-17, 0.6000000000000001, list.trimSize()
3, 2309, 8, -0.4000000000000001, 0.4, -2.7755575615628914E-17, 0.8, list.trimSize()
3, 2310, 8, -0.4000000000000001, 0.8, -0.5, 0.0, list.equals(length())
3, 2311, 5, -0.4000000000000001, 0.8, -0.5, 0.2, list.clear()
3, 2312, 5, -0.4000000000000001, 0.8, -0.5, 0.4, list.clear()
3, 2313, 5, -0.4000000000000001, 0.8, -0.5, 0.6000000000000001, list.clear()
3, 2314, 5, -0.4000000000000001, 0.8, -0.5, 0.8, list.clear()
3, 2315, 8, -0.4000000000000001, 0.8, -0.4, 0.0, list.equals(length())
3, 2316, 8, -0.4000000000000001, 0.8, -0.4, 0.2, list.equals(length())
3, 2317, 8, -0.4000000000000001, 0.8, -0.4, 0.4, list.equals(length())
3, 2318, 5, -0.4000000000000001, 0.8, -0.4, 0.6000000000000001, list.clear()
3, 2319, 5, -0.4000000000000001, 0.8, -0.4, 0.8, list.clear()
3, 2320, 8, -0.4000000000000001, 0.8, -0.30000000000000004, 0.0, list.equals(length())
3, 2321, 5, -0.4000000000000001, 0.8, -0.30000000000000004, 0.2, list.clear()
3, 2322, 5, -0.4000000000000001, 0.8, -0.30000000000000004, 0.4, list.clear()
3, 2323, 5, -0.4000000000000001, 0.8, -0.30000000000000004, 0.6000000000000001, list.clear()
3, 2324, 5, -0.4000000000000001, 0.8, -0.30000000000000004, 0.8, list.clear()
3, 2325, 8, -0.4000000000000001, 0.8, -0.20000000000000004, 0.0, list.equals(length())
3, 2326, 5, -0.4000000000000001, 0.8, -0.20000000000000004, 0.2, list.clear()
3, 2327, 5, -0.4000000000000001, 0.8, -0.20000000000000004, 0.4, list.clear()
3, 2328, 7, -0.4000000000000001, 0.8, -0.20000000000000004, 0.6000000000000001, delete().length()
3, 2329, 7, -0.4000000000000001, 0.8, -0.20000000000000004, 0.8, delete().length()
3, 2330, 8, -0.4000000000000001, 0.8, -0.10000000000000003, 0.0, list.equals(length())
3, 2331, 5, -0.4000000000000001, 0.8, -0.10000000000000003, 0.2, list.clear()
3, 2332, 5, -0.4000000000000001, 0.8, -0.10000000000000003, 0.4, list.clear()
3, 2333, 5, -0.4000000000000001, 0.8, -0.10000000000000003, 0.6000000000000001, list.clear()
3, 2334, 5, -0.4000000000000001, 0.8, -0.10000000000000003, 0.8, list.clear()
3, 2335, 8, -0.4000000000000001, 0.8, -2.7755575615628914E-17, 0.0, list.equals(length())
3, 2336, 5, -0.4000000000000001, 0.8, -2.7755575615628914E-17, 0.2, list.clear()
3, 2337, 5, -0.4000000000000001, 0.8, -2.7755575615628914E-17, 0.4, list.clear()
3, 2338, 5, -0.4000000000000001, 0.8, -2.7755575615628914E-17, 0.6000000000000001, list.clear()
3, 2339, 5, -0.4000000000000001, 0.8, -2.7755575615628914E-17, 0.8, list.clear()
3, 2340, 8, -0.4000000000000001, 1.2000000000000002, -0.5, 0.0, list.equals(length())
3, 2341, 5, -0.4000000000000001, 1.2000000000000002, -0.5, 0.2, list.clear()
3, 2342, 5, -0.4000000000000001, 1.2000000000000002, -0.5, 0.4, list.clear()
3, 2343, 5, -0.4000000000000001, 1.2000000000000002, -0.5, 0.6000000000000001, list.clear()
3, 2344, 5, -0.4000000000000001, 1.2000000000000002, -0.5, 0.8, list.clear()
3, 2345, 5, -0.4000000000000001, 1.2000000000000002, -0.4, 0.0, list.set(length())
3, 2346, 8, -0.4000000000000001, 1.2000000000000002, -0.4, 0.2, list.hashCode()
3, 2347, 9, -0.4000000000000001, 1.2000000000000002, -0.4, 0.4, Math.abs(length())
3, 2348, 7, -0.4000000000000001, 1.2000000000000002, -0.4, 0.6000000000000001, delete().length()
3, 2349, 8, -0.4000000000000001, 1.2000000000000002, -0.4, 0.8, list.trimSize()
3, 2350, 9, -0.4000000000000001, 1.2000000000000002, -0.30000000000000004, 0.0, Math.abs(length())
3, 2351, 5, -0.4000000000000001, 1.2000000000000002, -0.30000000000000004, 0.2, list.clear()
3, 2352, 5, -0.4000000000000001, 1.2000000000000002, -0.30000000000000004, 0.4, list.clear()
3, 2353, 5, -0.4000000000000001, 1.2000000000000002, -0.30000000000000004, 0.6000000000000001, list.clear()
3, 2354, 5, -0.4000000000000001, 1.2000000000000002, -0.30000000000000004, 0.8, list.clear()
3, 2355, 9, -0.4000000000000001, 1.2000000000000002, -0.20000000000000004, 0.0, Math.abs(length())
3, 2356, 5, -0.4000000000000001, 1.2000000000000002, -0.20000000000000004, 0.2, list.clear()
3, 2357, 8, -0.4000000000000001, 1.2000000000000002, -0.20000000000000004, 0.4, list.hashCode()
3, 2358, 8, -0.4000000000000001, 1.2000000000000002, -0.20000000000000004, 0.6000000000000001, list.trimSize()
3, 2359, 8, -0.4000000000000001, 1.2000000000000002, -0.20000000000000004, 0.8, list.trimSize()
3, 2360, 5, -0.4000000000000001, 1.2000000000000002, -0.10000000000000003, 0.0, list.clear()
3, 2361, 5, -0.4000000000000001, 1.2000000000000002, -0.10000000000000003, 0.2, list.clear()
3, 2362, 5, -0.4000000000000001, 1.2000000000000002, -0.10000000000000003, 0.4, list.clear()
3, 2363, 5, -0.4000000000000001, 1.2000000000000002, -0.10000000000000003, 0.6000000000000001, list.clear()
3, 2364, 5, -0.4000000000000001, 1.2000000000000002, -0.10000000000000003, 0.8, list.clear()
3, 2365, 11, -0.4000000000000001, 1.2000000000000002, -2.7755575615628914E-17, 0.0, subList().remove()
3, 2366, 5, -0.4000000000000001, 1.2000000000000002, -2.7755575615628914E-17, 0.2, list.clear()
3, 2367, 5, -0.4000000000000001, 1.2000000000000002, -2.7755575615628914E-17, 0.4, list.clear()
3, 2368, 5, -0.4000000000000001, 1.2000000000000002, -2.7755575615628914E-17, 0.6000000000000001, list.clear()
3, 2369, 5, -0.4000000000000001, 1.2000000000000002, -2.7755575615628914E-17, 0.8, list.clear()
3, 2370, 9, -0.4000000000000001, 1.6, -0.5, 0.0, Math.abs(length())
3, 2371, 5, -0.4000000000000001, 1.6, -0.5, 0.2, list.clear()
3, 2372, 5, -0.4000000000000001, 1.6, -0.5, 0.4, list.clear()
3, 2373, 5, -0.4000000000000001, 1.6, -0.5, 0.6000000000000001, list.clear()
3, 2374, 5, -0.4000000000000001, 1.6, -0.5, 0.8, list.clear()
3, 2375, 9, -0.4000000000000001, 1.6, -0.4, 0.0, Math.abs(length())
3, 2376, 5, -0.4000000000000001, 1.6, -0.4, 0.2, list.clear()
3, 2377, 5, -0.4000000000000001, 1.6, -0.4, 0.4, list.clear()
3, 2378, 5, -0.4000000000000001, 1.6, -0.4, 0.6000000000000001, list.clear()
3, 2379, 5, -0.4000000000000001, 1.6, -0.4, 0.8, list.clear()
3, 2380, 5, -0.4000000000000001, 1.6, -0.30000000000000004, 0.0, list.clear()
3, 2381, 5, -0.4000000000000001, 1.6, -0.30000000000000004, 0.2, list.clear()
3, 2382, 5, -0.4000000000000001, 1.6, -0.30000000000000004, 0.4, list.clear()
3, 2383, 5, -0.4000000000000001, 1.6, -0.30000000000000004, 0.6000000000000001, list.clear()
3, 2384, 5, -0.4000000000000001, 1.6, -0.30000000000000004, 0.8, list.clear()
3, 2385, 5, -0.4000000000000001, 1.6, -0.20000000000000004, 0.0, list.clear()
3, 2386, 5, -0.4000000000000001, 1.6, -0.20000000000000004, 0.2, list.clear()
3, 2387, 5, -0.4000000000000001, 1.6, -0.20000000000000004, 0.4, list.clear()
3, 2388, 5, -0.4000000000000001, 1.6, -0.20000000000000004, 0.6000000000000001, list.clear()
3, 2389, 5, -0.4000000000000001, 1.6, -0.20000000000000004, 0.8, list.clear()
3, 2390, 5, -0.4000000000000001, 1.6, -0.10000000000000003, 0.0, list.clear()
3, 2391, 5, -0.4000000000000001, 1.6, -0.10000000000000003, 0.2, list.clear()
3, 2392, 5, -0.4000000000000001, 1.6, -0.10000000000000003, 0.4, list.clear()
3, 2393, 5, -0.4000000000000001, 1.6, -0.10000000000000003, 0.6000000000000001, list.clear()
3, 2394, 5, -0.4000000000000001, 1.6, -0.10000000000000003, 0.8, list.clear()
3, 2395, 11, -0.4000000000000001, 1.6, -2.7755575615628914E-17, 0.0, subList().remove()
3, 2396, 5, -0.4000000000000001, 1.6, -2.7755575615628914E-17, 0.2, list.clear()
3, 2397, 5, -0.4000000000000001, 1.6, -2.7755575615628914E-17, 0.4, list.clear()
3, 2398, 8, -0.4000000000000001, 1.6, -2.7755575615628914E-17, 0.6000000000000001, list.trimSize()
3, 2399, 5, -0.4000000000000001, 1.6, -2.7755575615628914E-17, 0.8, list.clear()
3, 2400, 7, -0.20000000000000007, 0.0, -0.5, 0.0, list().wait()
3, 2401, 5, -0.20000000000000007, 0.0, -0.5, 0.2, list.clear()
3, 2402, 5, -0.20000000000000007, 0.0, -0.5, 0.4, list.clear()
3, 2403, 5, -0.20000000000000007, 0.0, -0.5, 0.6000000000000001, list.clear()
3, 2404, 5, -0.20000000000000007, 0.0, -0.5, 0.8, list.clear()
3, 2405, 7, -0.20000000000000007, 0.0, -0.4, 0.0, list().wait()
3, 2406, 7, -0.20000000000000007, 0.0, -0.4, 0.2, list().wait()
3, 2407, 5, -0.20000000000000007, 0.0, -0.4, 0.4, list.clear()
3, 2408, 5, -0.20000000000000007, 0.0, -0.4, 0.6000000000000001, list.clear()
3, 2409, 5, -0.20000000000000007, 0.0, -0.4, 0.8, list.clear()
3, 2410, 7, -0.20000000000000007, 0.0, -0.30000000000000004, 0.0, list().wait()
3, 2411, 5, -0.20000000000000007, 0.0, -0.30000000000000004, 0.2, list.clear()
3, 2412, 5, -0.20000000000000007, 0.0, -0.30000000000000004, 0.4, list.clear()
3, 2413, 5, -0.20000000000000007, 0.0, -0.30000000000000004, 0.6000000000000001, list.clear()
3, 2414, 5, -0.20000000000000007, 0.0, -0.30000000000000004, 0.8, list.clear()
3, 2415, 7, -0.20000000000000007, 0.0, -0.20000000000000004, 0.0, list().wait()
3, 2416, 5, -0.20000000000000007, 0.0, -0.20000000000000004, 0.2, list.clear()
3, 2417, 5, -0.20000000000000007, 0.0, -0.20000000000000004, 0.4, list.clear()
3, 2418, 5, -0.20000000000000007, 0.0, -0.20000000000000004, 0.6000000000000001, list.clear()
3, 2419, 5, -0.20000000000000007, 0.0, -0.20000000000000004, 0.8, list.clear()
3, 2420, 9, -0.20000000000000007, 0.0, -0.10000000000000003, 0.0, Math.tan()
3, 2421, 8, -0.20000000000000007, 0.0, -0.10000000000000003, 0.2, list.hashCode()
3, 2422, 8, -0.20000000000000007, 0.0, -0.10000000000000003, 0.4, list.trimSize()
3, 2423, 8, -0.20000000000000007, 0.0, -0.10000000000000003, 0.6000000000000001, list.trimSize()
3, 2424, 8, -0.20000000000000007, 0.0, -0.10000000000000003, 0.8, list.trimSize()
3, 2425, 7, -0.20000000000000007, 0.0, -2.7755575615628914E-17, 0.0, list().wait()
3, 2426, 7, -0.20000000000000007, 0.0, -2.7755575615628914E-17, 0.2, delete().length()
3, 2427, 5, -0.20000000000000007, 0.0, -2.7755575615628914E-17, 0.4, list.clear()
3, 2428, 5, -0.20000000000000007, 0.0, -2.7755575615628914E-17, 0.6000000000000001, list.clear()
3, 2429, 5, -0.20000000000000007, 0.0, -2.7755575615628914E-17, 0.8, list.clear()
3, 2430, 8, -0.20000000000000007, 0.4, -0.5, 0.0, list.equals(length())
3, 2431, 5, -0.20000000000000007, 0.4, -0.5, 0.2, list.clear()
3, 2432, 5, -0.20000000000000007, 0.4, -0.5, 0.4, list.clear()
3, 2433, 5, -0.20000000000000007, 0.4, -0.5, 0.6000000000000001, list.clear()
3, 2434, 5, -0.20000000000000007, 0.4, -0.5, 0.8, list.clear()
3, 2435, 8, -0.20000000000000007, 0.4, -0.4, 0.0, list.equals(length())
3, 2436, 5, -0.20000000000000007, 0.4, -0.4, 0.2, list.clear()
3, 2437, 5, -0.20000000000000007, 0.4, -0.4, 0.4, list.clear()
3, 2438, 5, -0.20000000000000007, 0.4, -0.4, 0.6000000000000001, list.clear()
3, 2439, 7, -0.20000000000000007, 0.4, -0.4, 0.8, delete().length()
3, 2440, 8, -0.20000000000000007, 0.4, -0.30000000000000004, 0.0, list.equals(length())
3, 2441, 5, -0.20000000000000007, 0.4, -0.30000000000000004, 0.2, list.clear()
3, 2442, 5, -0.20000000000000007, 0.4, -0.30000000000000004, 0.4, list.clear()
3, 2443, 5, -0.20000000000000007, 0.4, -0.30000000000000004, 0.6000000000000001, list.clear()
3, 2444, 5, -0.20000000000000007, 0.4, -0.30000000000000004, 0.8, list.clear()
3, 2445, 8, -0.20000000000000007, 0.4, -0.20000000000000004, 0.0, list.equals(length())
3, 2446, 5, -0.20000000000000007, 0.4, -0.20000000000000004, 0.2, list.clear()
3, 2447, 5, -0.20000000000000007, 0.4, -0.20000000000000004, 0.4, list.clear()
3, 2448, 7, -0.20000000000000007, 0.4, -0.20000000000000004, 0.6000000000000001, delete().length()
3, 2449, 7, -0.20000000000000007, 0.4, -0.20000000000000004, 0.8, delete().length()
3, 2450, 8, -0.20000000000000007, 0.4, -0.10000000000000003, 0.0, list.equals(length())
3, 2451, 5, -0.20000000000000007, 0.4, -0.10000000000000003, 0.2, list.clear()
3, 2452, 5, -0.20000000000000007, 0.4, -0.10000000000000003, 0.4, list.clear()
3, 2453, 5, -0.20000000000000007, 0.4, -0.10000000000000003, 0.6000000000000001, list.clear()
3, 2454, 5, -0.20000000000000007, 0.4, -0.10000000000000003, 0.8, list.clear()
3, 2455, 8, -0.20000000000000007, 0.4, -2.7755575615628914E-17, 0.0, list.equals(length())
3, 2456, 5, -0.20000000000000007, 0.4, -2.7755575615628914E-17, 0.2, list.clear()
3, 2457, 5, -0.20000000000000007, 0.4, -2.7755575615628914E-17, 0.4, list.clear()
3, 2458, 5, -0.20000000000000007, 0.4, -2.7755575615628914E-17, 0.6000000000000001, list.clear()
3, 2459, 5, -0.20000000000000007, 0.4, -2.7755575615628914E-17, 0.8, list.clear()
3, 2460, 8, -0.20000000000000007, 0.8, -0.5, 0.0, list.equals(length())
3, 2461, 5, -0.20000000000000007, 0.8, -0.5, 0.2, list.clear()
3, 2462, 5, -0.20000000000000007, 0.8, -0.5, 0.4, list.clear()
3, 2463, 5, -0.20000000000000007, 0.8, -0.5, 0.6000000000000001, list.clear()
3, 2464, 5, -0.20000000000000007, 0.8, -0.5, 0.8, list.clear()
3, 2465, 8, -0.20000000000000007, 0.8, -0.4, 0.0, list.equals(length())
3, 2466, 5, -0.20000000000000007, 0.8, -0.4, 0.2, list.clear()
3, 2467, 5, -0.20000000000000007, 0.8, -0.4, 0.4, list.clear()
3, 2468, 5, -0.20000000000000007, 0.8, -0.4, 0.6000000000000001, list.clear()
3, 2469, 5, -0.20000000000000007, 0.8, -0.4, 0.8, list.clear()
3, 2470, 9, -0.20000000000000007, 0.8, -0.30000000000000004, 0.0, Math.abs(length())
3, 2471, 5, -0.20000000000000007, 0.8, -0.30000000000000004, 0.2, list.clear()
3, 2472, 5, -0.20000000000000007, 0.8, -0.30000000000000004, 0.4, list.clear()
3, 2473, 5, -0.20000000000000007, 0.8, -0.30000000000000004, 0.6000000000000001, list.clear()
3, 2474, 5, -0.20000000000000007, 0.8, -0.30000000000000004, 0.8, list.clear()
3, 2475, 9, -0.20000000000000007, 0.8, -0.20000000000000004, 0.0, Math.abs(length())
3, 2476, 5, -0.20000000000000007, 0.8, -0.20000000000000004, 0.2, list.clear()
3, 2477, 5, -0.20000000000000007, 0.8, -0.20000000000000004, 0.4, list.clear()
3, 2478, 5, -0.20000000000000007, 0.8, -0.20000000000000004, 0.6000000000000001, list.clear()
3, 2479, 5, -0.20000000000000007, 0.8, -0.20000000000000004, 0.8, list.clear()
3, 2480, 5, -0.20000000000000007, 0.8, -0.10000000000000003, 0.0, list.clear()
3, 2481, 5, -0.20000000000000007, 0.8, -0.10000000000000003, 0.2, list.clear()
3, 2482, 5, -0.20000000000000007, 0.8, -0.10000000000000003, 0.4, list.clear()
3, 2483, 5, -0.20000000000000007, 0.8, -0.10000000000000003, 0.6000000000000001, list.clear()
3, 2484, 5, -0.20000000000000007, 0.8, -0.10000000000000003, 0.8, list.clear()
3, 2485, 10, -0.20000000000000007, 0.8, -2.7755575615628914E-17, 0.0, wait()
3, 2486, 5, -0.20000000000000007, 0.8, -2.7755575615628914E-17, 0.2, list.clear()
3, 2487, 5, -0.20000000000000007, 0.8, -2.7755575615628914E-17, 0.4, list.clear()
3, 2488, 5, -0.20000000000000007, 0.8, -2.7755575615628914E-17, 0.6000000000000001, list.clear()
3, 2489, 5, -0.20000000000000007, 0.8, -2.7755575615628914E-17, 0.8, list.clear()
3, 2490, 9, -0.20000000000000007, 1.2000000000000002, -0.5, 0.0, Math.abs(length())
3, 2491, 5, -0.20000000000000007, 1.2000000000000002, -0.5, 0.2, list.clear()
3, 2492, 5, -0.20000000000000007, 1.2000000000000002, -0.5, 0.4, list.clear()
3, 2493, 5, -0.20000000000000007, 1.2000000000000002, -0.5, 0.6000000000000001, list.clear()
3, 2494, 11, -0.20000000000000007, 1.2000000000000002, -0.5, 0.8, noMoreThan
3, 2495, 9, -0.20000000000000007, 1.2000000000000002, -0.4, 0.0, Math.abs(length())
3, 2496, 5, -0.20000000000000007, 1.2000000000000002, -0.4, 0.2, list.clear()
3, 2497, 5, -0.20000000000000007, 1.2000000000000002, -0.4, 0.4, list.clear()
3, 2498, 8, -0.20000000000000007, 1.2000000000000002, -0.4, 0.6000000000000001, list.trimSize()
3, 2499, 5, -0.20000000000000007, 1.2000000000000002, -0.4, 0.8, list.clear()
3, 2500, 5, -0.20000000000000007, 1.2000000000000002, -0.30000000000000004, 0.0, list.clear()
3, 2501, 5, -0.20000000000000007, 1.2000000000000002, -0.30000000000000004, 0.2, list.clear()
3, 2502, 5, -0.20000000000000007, 1.2000000000000002, -0.30000000000000004, 0.4, list.clear()
3, 2503, 5, -0.20000000000000007, 1.2000000000000002, -0.30000000000000004, 0.6000000000000001, list.clear()
3, 2504, 5, -0.20000000000000007, 1.2000000000000002, -0.30000000000000004, 0.8, list.clear()
3, 2505, 5, -0.20000000000000007, 1.2000000000000002, -0.20000000000000004, 0.0, list.clear()
3, 2506, 5, -0.20000000000000007, 1.2000000000000002, -0.20000000000000004, 0.2, list.clear()
3, 2507, 5, -0.20000000000000007, 1.2000000000000002, -0.20000000000000004, 0.4, list.clear()
3, 2508, 5, -0.20000000000000007, 1.2000000000000002, -0.20000000000000004, 0.6000000000000001, list.clear()
3, 2509, 10, -0.20000000000000007, 1.2000000000000002, -0.20000000000000004, 0.8, wait()
3, 2510, 8, -0.20000000000000007, 1.2000000000000002, -0.10000000000000003, 0.0, list.trimSize()
3, 2511, 5, -0.20000000000000007, 1.2000000000000002, -0.10000000000000003, 0.2, list.clear()
3, 2512, 5, -0.20000000000000007, 1.2000000000000002, -0.10000000000000003, 0.4, list.clear()
3, 2513, 5, -0.20000000000000007, 1.2000000000000002, -0.10000000000000003, 0.6000000000000001, list.clear()
3, 2514, 5, -0.20000000000000007, 1.2000000000000002, -0.10000000000000003, 0.8, list.clear()
3, 2515, 10, -0.20000000000000007, 1.2000000000000002, -2.7755575615628914E-17, 0.0, wait()
3, 2516, 5, -0.20000000000000007, 1.2000000000000002, -2.7755575615628914E-17, 0.2, list.clear()
3, 2517, 5, -0.20000000000000007, 1.2000000000000002, -2.7755575615628914E-17, 0.4, list.clear()
3, 2518, 5, -0.20000000000000007, 1.2000000000000002, -2.7755575615628914E-17, 0.6000000000000001, list.clear()
3, 2519, 5, -0.20000000000000007, 1.2000000000000002, -2.7755575615628914E-17, 0.8, list.clear()
3, 2520, 5, -0.20000000000000007, 1.6, -0.5, 0.0, list.clear()
3, 2521, 5, -0.20000000000000007, 1.6, -0.5, 0.2, list.clear()
3, 2522, 5, -0.20000000000000007, 1.6, -0.5, 0.4, list.clear()
3, 2523, 5, -0.20000000000000007, 1.6, -0.5, 0.6000000000000001, list.clear()
3, 2524, 5, -0.20000000000000007, 1.6, -0.5, 0.8, list.clear()
3, 2525, 5, -0.20000000000000007, 1.6, -0.4, 0.0, list.clear()
3, 2526, 5, -0.20000000000000007, 1.6, -0.4, 0.2, list.clear()
3, 2527, 5, -0.20000000000000007, 1.6, -0.4, 0.4, list.clear()
3, 2528, 8, -0.20000000000000007, 1.6, -0.4, 0.6000000000000001, list.trimSize()
3, 2529, 5, -0.20000000000000007, 1.6, -0.4, 0.8, list.clear()
3, 2530, 5, -0.20000000000000007, 1.6, -0.30000000000000004, 0.0, list.clear()
3, 2531, 5, -0.20000000000000007, 1.6, -0.30000000000000004, 0.2, list.clear()
3, 2532, 8, -0.20000000000000007, 1.6, -0.30000000000000004, 0.4, list.trimSize()
3, 2533, 5, -0.20000000000000007, 1.6, -0.30000000000000004, 0.6000000000000001, list.clear()
3, 2534, 5, -0.20000000000000007, 1.6, -0.30000000000000004, 0.8, list.clear()
3, 2535, 5, -0.20000000000000007, 1.6, -0.20000000000000004, 0.0, list.clear()
3, 2536, 5, -0.20000000000000007, 1.6, -0.20000000000000004, 0.2, list.clear()
3, 2537, 5, -0.20000000000000007, 1.6, -0.20000000000000004, 0.4, list.clear()
3, 2538, 5, -0.20000000000000007, 1.6, -0.20000000000000004, 0.6000000000000001, list.clear()
3, 2539, 8, -0.20000000000000007, 1.6, -0.20000000000000004, 0.8, list.trimSize()
3, 2540, 5, -0.20000000000000007, 1.6, -0.10000000000000003, 0.0, list.clear()
3, 2541, 5, -0.20000000000000007, 1.6, -0.10000000000000003, 0.2, list.clear()
3, 2542, 5, -0.20000000000000007, 1.6, -0.10000000000000003, 0.4, list.clear()
3, 2543, 5, -0.20000000000000007, 1.6, -0.10000000000000003, 0.6000000000000001, list.clear()
3, 2544, 5, -0.20000000000000007, 1.6, -0.10000000000000003, 0.8, list.clear()
3, 2545, 10, -0.20000000000000007, 1.6, -2.7755575615628914E-17, 0.0, wait()
3, 2546, 5, -0.20000000000000007, 1.6, -2.7755575615628914E-17, 0.2, list.clear()
3, 2547, 5, -0.20000000000000007, 1.6, -2.7755575615628914E-17, 0.4, list.clear()
3, 2548, 5, -0.20000000000000007, 1.6, -2.7755575615628914E-17, 0.6000000000000001, list.clear()
3, 2549, 5, -0.20000000000000007, 1.6, -2.7755575615628914E-17, 0.8, list.clear()
3, 2550, 7, -5.551115123125783E-17, 0.0, -0.5, 0.0, list().wait()
3, 2551, 5, -5.551115123125783E-17, 0.0, -0.5, 0.2, list.clear()
3, 2552, 5, -5.551115123125783E-17, 0.0, -0.5, 0.4, list.clear()
3, 2553, 5, -5.551115123125783E-17, 0.0, -0.5, 0.6000000000000001, list.clear()
3, 2554, 5, -5.551115123125783E-17, 0.0, -0.5, 0.8, list.clear()
3, 2555, 7, -5.551115123125783E-17, 0.0, -0.4, 0.0, list().wait()
3, 2556, 5, -5.551115123125783E-17, 0.0, -0.4, 0.2, list.clear()
3, 2557, 5, -5.551115123125783E-17, 0.0, -0.4, 0.4, list.clear()
3, 2558, 8, -5.551115123125783E-17, 0.0, -0.4, 0.6000000000000001, list.trimSize()
3, 2559, 8, -5.551115123125783E-17, 0.0, -0.4, 0.8, list.trimSize()
3, 2560, 7, -5.551115123125783E-17, 0.0, -0.30000000000000004, 0.0, list().wait()
3, 2561, 5, -5.551115123125783E-17, 0.0, -0.30000000000000004, 0.2, list.clear()
3, 2562, 5, -5.551115123125783E-17, 0.0, -0.30000000000000004, 0.4, list.clear()
3, 2563, 5, -5.551115123125783E-17, 0.0, -0.30000000000000004, 0.6000000000000001, list.clear()
3, 2564, 5, -5.551115123125783E-17, 0.0, -0.30000000000000004, 0.8, list.clear()
3, 2565, 7, -5.551115123125783E-17, 0.0, -0.20000000000000004, 0.0, list().wait()
3, 2566, 5, -5.551115123125783E-17, 0.0, -0.20000000000000004, 0.2, list.clear()
3, 2567, 5, -5.551115123125783E-17, 0.0, -0.20