7, 7986, -5.0, 1.0, -5.0, 0.0, 1, Math.abs()
7, 7987, -5.0, 1.0, -5.0, 0.5, 1, Math.abs()
7, 7988, -5.0, 1.0, -5.0, 1.0, 1, Math.abs()
7, 7989, -5.0, 1.0, -5.0, 1.5, 1, Math.abs()
7, 7990, -5.0, 1.0, -5.0, 2.0, 1, Math.abs()
7, 7991, -5.0, 1.0, -5.0, 2.5, 1, Math.abs()
7, 7992, -5.0, 1.0, -5.0, 3.0, 1, Math.abs()
7, 7993, -5.0, 1.0, -5.0, 3.5, 1, Math.abs()
7, 7994, -5.0, 1.0, -5.0, 4.0, 1, Math.abs()
7, 7995, -5.0, 1.0, -5.0, 4.5, 0, Math.abs(x)
7, 7996, -5.0, 1.0, -5.0, 5.0, 0, Math.abs(x)
7, 7997, -5.0, 1.0, -4.5, 0.0, 1, Math.abs()
7, 7998, -5.0, 1.0, -4.5, 0.5, 1, Math.abs()
7, 7999, -5.0, 1.0, -4.5, 1.0, 1, Math.abs()
7, 8000, -5.0, 1.0, -4.5, 1.5, 1, Math.abs()
7, 8001, -5.0, 1.0, -4.5, 2.0, 1, Math.abs()
7, 8002, -5.0, 1.0, -4.5, 2.5, 1, Math.abs()
7, 8003, -5.0, 1.0, -4.5, 3.0, 1, Math.abs()
7, 8004, -5.0, 1.0, -4.5, 3.5, 1, Math.abs()
7, 8005, -5.0, 1.0, -4.5, 4.0, 1, Math.abs()
7, 8006, -5.0, 1.0, -4.5, 4.5, 0, Math.abs(x)
7, 8007, -5.0, 1.0, -4.5, 5.0, 0, Math.abs(x)
7, 8008, -5.0, 1.0, -4.0, 0.0, 1, Math.abs()
7, 8009, -5.0, 1.0, -4.0, 0.5, 1, Math.abs()
7, 8010, -5.0, 1.0, -4.0, 1.0, 1, Math.abs()
7, 8011, -5.0, 1.0, -4.0, 1.5, 1, Math.abs()
7, 8012, -5.0, 1.0, -4.0, 2.0, 1, Math.abs()
7, 8013, -5.0, 1.0, -4.0, 2.5, 1, Math.abs()
7, 8014, -5.0, 1.0, -4.0, 3.0, 1, Math.abs()
7, 8015, -5.0, 1.0, -4.0, 3.5, 1, Math.abs()
7, 8016, -5.0, 1.0, -4.0, 4.0, 1, Math.abs()
7, 8017, -5.0, 1.0, -4.0, 4.5, 0, Math.abs(x)
7, 8018, -5.0, 1.0, -4.0, 5.0, 0, Math.abs(x)
7, 8019, -5.0, 1.0, -3.5, 0.0, 1, Math.abs()
7, 8020, -5.0, 1.0, -3.5, 0.5, 1, Math.abs()
7, 8021, -5.0, 1.0, -3.5, 1.0, 1, Math.abs()
7, 8022, -5.0, 1.0, -3.5, 1.5, 1, Math.abs()
7, 8023, -5.0, 1.0, -3.5, 2.0, 1, Math.abs()
7, 8024, -5.0, 1.0, -3.5, 2.5, 1, Math.abs()
7, 8025, -5.0, 1.0, -3.5, 3.0, 1, Math.abs()
7, 8026, -5.0, 1.0, -3.5, 3.5, 1, Math.abs()
7, 8027, -5.0, 1.0, -3.5, 4.0, 1, Math.abs()
7, 8028, -5.0, 1.0, -3.5, 4.5, 0, Math.abs(x)
7, 8029, -5.0, 1.0, -3.5, 5.0, 0, Math.abs(x)
7, 8030, -5.0, 1.0, -3.0, 0.0, 1, Math.abs()
7, 8031, -5.0, 1.0, -3.0, 0.5, 1, Math.abs()
7, 8032, -5.0, 1.0, -3.0, 1.0, 1, Math.abs()
7, 8033, -5.0, 1.0, -3.0, 1.5, 1, Math.abs()
7, 8034, -5.0, 1.0, -3.0, 2.0, 1, Math.abs()
7, 8035, -5.0, 1.0, -3.0, 2.5, 1, Math.abs()
7, 8036, -5.0, 1.0, -3.0, 3.0, 1, Math.abs()
7, 8037, -5.0, 1.0, -3.0, 3.5, 1, Math.abs()
7, 8038, -5.0, 1.0, -3.0, 4.0, 1, Math.abs()
7, 8039, -5.0, 1.0, -3.0, 4.5, 0, Math.abs(x)
7, 8040, -5.0, 1.0, -3.0, 5.0, 0, Math.abs(x)
7, 8041, -5.0, 1.0, -2.5, 0.0, 1, Math.abs()
7, 8042, -5.0, 1.0, -2.5, 0.5, 1, Math.abs()
7, 8043, -5.0, 1.0, -2.5, 1.0, 1, Math.abs()
7, 8044, -5.0, 1.0, -2.5, 1.5, 1, Math.abs()
7, 8045, -5.0, 1.0, -2.5, 2.0, 1, Math.abs()
7, 8046, -5.0, 1.0, -2.5, 2.5, 1, Math.abs()
7, 8047, -5.0, 1.0, -2.5, 3.0, 1, Math.abs()
7, 8048, -5.0, 1.0, -2.5, 3.5, 1, Math.abs()
7, 8049, -5.0, 1.0, -2.5, 4.0, 1, Math.abs()
7, 8050, -5.0, 1.0, -2.5, 4.5, 0, Math.abs(x)
7, 8051, -5.0, 1.0, -2.5, 5.0, 0, Math.abs(x)
7, 8052, -5.0, 1.0, -2.0, 0.0, 1, Math.abs()
7, 8053, -5.0, 1.0, -2.0, 0.5, 1, Math.abs()
7, 8054, -5.0, 1.0, -2.0, 1.0, 1, Math.abs()
7, 8055, -5.0, 1.0, -2.0, 1.5, 1, Math.abs()
7, 8056, -5.0, 1.0, -2.0, 2.0, 1, Math.abs()
7, 8057, -5.0, 1.0, -2.0, 2.5, 1, Math.abs()
7, 8058, -5.0, 1.0, -2.0, 3.0, 1, Math.abs()
7, 8059, -5.0, 1.0, -2.0, 3.5, 1, Math.abs()
7, 8060, -5.0, 1.0, -2.0, 4.0, 1, Math.abs()
7, 8061, -5.0, 1.0, -2.0, 4.5, 0, Math.abs(x)
7, 8062, -5.0, 1.0, -2.0, 5.0, 0, Math.abs(x)
7, 8063, -5.0, 1.0, -1.5, 0.0, 1, Math.abs()
7, 8064, -5.0, 1.0, -1.5, 0.5, 1, Math.abs()
7, 8065, -5.0, 1.0, -1.5, 1.0, 1, Math.abs()
7, 8066, -5.0, 1.0, -1.5, 1.5, 1, Math.abs()
7, 8067, -5.0, 1.0, -1.5, 2.0, 1, Math.abs()
7, 8068, -5.0, 1.0, -1.5, 2.5, 1, Math.abs()
7, 8069, -5.0, 1.0, -1.5, 3.0, 1, Math.abs()
7, 8070, -5.0, 1.0, -1.5, 3.5, 1, Math.abs()
7, 8071, -5.0, 1.0, -1.5, 4.0, 1, Math.abs()
7, 8072, -5.0, 1.0, -1.5, 4.5, 0, Math.abs(x)
7, 8073, -5.0, 1.0, -1.5, 5.0, 0, Math.abs(x)
7, 8074, -5.0, 1.0, -1.0, 0.0, 1, Math.abs()
7, 8075, -5.0, 1.0, -1.0, 0.5, 1, Math.abs()
7, 8076, -5.0, 1.0, -1.0, 1.0, 1, Math.abs()
7, 8077, -5.0, 1.0, -1.0, 1.5, 1, Math.abs()
7, 8078, -5.0, 1.0, -1.0, 2.0, 1, Math.abs()
7, 8079, -5.0, 1.0, -1.0, 2.5, 1, Math.abs()
7, 8080, -5.0, 1.0, -1.0, 3.0, 1, Math.abs()
7, 8081, -5.0, 1.0, -1.0, 3.5, 1, Math.abs()
7, 8082, -5.0, 1.0, -1.0, 4.0, 1, Math.abs()
7, 8083, -5.0, 1.0, -1.0, 4.5, 0, Math.abs(x)
7, 8084, -5.0, 1.0, -1.0, 5.0, 0, Math.abs(x)
7, 8085, -5.0, 1.0, -0.5, 0.0, 1, Math.abs()
7, 8086, -5.0, 1.0, -0.5, 0.5, 1, Math.abs()
7, 8087, -5.0, 1.0, -0.5, 1.0, 1, Math.abs()
7, 8088, -5.0, 1.0, -0.5, 1.5, 1, Math.abs()
7, 8089, -5.0, 1.0, -0.5, 2.0, 1, Math.abs()
7, 8090, -5.0, 1.0, -0.5, 2.5, 1, Math.abs()
7, 8091, -5.0, 1.0, -0.5, 3.0, 1, Math.abs()
7, 8092, -5.0, 1.0, -0.5, 3.5, 1, Math.abs()
7, 8093, -5.0, 1.0, -0.5, 4.0, 1, Math.abs()
7, 8094, -5.0, 1.0, -0.5, 4.5, 0, Math.abs(x)
7, 8095, -5.0, 1.0, -0.5, 5.0, 0, Math.abs(x)
7, 8096, -5.0, 1.0, 0.0, 0.0, 1, Math.abs()
7, 8097, -5.0, 1.0, 0.0, 0.5, 1, Math.abs()
7, 8098, -5.0, 1.0, 0.0, 1.0, 1, Math.abs()
7, 8099, -5.0, 1.0, 0.0, 1.5, 1, Math.abs()
7, 8100, -5.0, 1.0, 0.0, 2.0, 1, Math.abs()
7, 8101, -5.0, 1.0, 0.0, 2.5, 1, Math.abs()
7, 8102, -5.0, 1.0, 0.0, 3.0, 1, Math.abs()
7, 8103, -5.0, 1.0, 0.0, 3.5, 1, Math.abs()
7, 8104, -5.0, 1.0, 0.0, 4.0, 1, Math.abs()
7, 8105, -5.0, 1.0, 0.0, 4.5, 0, Math.abs(x)
7, 8106, -5.0, 1.0, 0.0, 5.0, 0, Math.abs(x)
7, 8107, -4.5, 1.0, -5.0, 0.0, 1, Math.abs()
7, 8108, -4.5, 1.0, -5.0, 0.5, 1, Math.abs()
7, 8109, -4.5, 1.0, -5.0, 1.0, 1, Math.abs()
7, 8110, -4.5, 1.0, -5.0, 1.5, 1, Math.abs()
7, 8111, -4.5, 1.0, -5.0, 2.0, 1, Math.abs()
7, 8112, -4.5, 1.0, -5.0, 2.5, 1, Math.abs()
7, 8113, -4.5, 1.0, -5.0, 3.0, 1, Math.abs()
7, 8114, -4.5, 1.0, -5.0, 3.5, 1, Math.abs()
7, 8115, -4.5, 1.0, -5.0, 4.0, 0, Math.abs(x)
7, 8116, -4.5, 1.0, -5.0, 4.5, 0, Math.abs(x)
7, 8117, -4.5, 1.0, -5.0, 5.0, 0, Math.abs(x)
7, 8118, -4.5, 1.0, -4.5, 0.0, 1, Math.abs()
7, 8119, -4.5, 1.0, -4.5, 0.5, 1, Math.abs()
7, 8120, -4.5, 1.0, -4.5, 1.0, 1, Math.abs()
7, 8121, -4.5, 1.0, -4.5, 1.5, 1, Math.abs()
7, 8122, -4.5, 1.0, -4.5, 2.0, 1, Math.abs()
7, 8123, -4.5, 1.0, -4.5, 2.5, 1, Math.abs()
7, 8124, -4.5, 1.0, -4.5, 3.0, 1, Math.abs()
7, 8125, -4.5, 1.0, -4.5, 3.5, 1, Math.abs()
7, 8126, -4.5, 1.0, -4.5, 4.0, 0, Math.abs(x)
7, 8127, -4.5, 1.0, -4.5, 4.5, 0, Math.abs(x)
7, 8128, -4.5, 1.0, -4.5, 5.0, 0, Math.abs(x)
7, 8129, -4.5, 1.0, -4.0, 0.0, 1, Math.abs()
7, 8130, -4.5, 1.0, -4.0, 0.5, 1, Math.abs()
7, 8131, -4.5, 1.0, -4.0, 1.0, 1, Math.abs()
7, 8132, -4.5, 1.0, -4.0, 1.5, 1, Math.abs()
7, 8133, -4.5, 1.0, -4.0, 2.0, 1, Math.abs()
7, 8134, -4.5, 1.0, -4.0, 2.5, 1, Math.abs()
7, 8135, -4.5, 1.0, -4.0, 3.0, 1, Math.abs()
7, 8136, -4.5, 1.0, -4.0, 3.5, 1, Math.abs()
7, 8137, -4.5, 1.0, -4.0, 4.0, 0, Math.abs(x)
7, 8138, -4.5, 1.0, -4.0, 4.5, 0, Math.abs(x)
7, 8139, -4.5, 1.0, -4.0, 5.0, 0, Math.abs(x)
7, 8140, -4.5, 1.0, -3.5, 0.0, 1, Math.abs()
7, 8141, -4.5, 1.0, -3.5, 0.5, 1, Math.abs()
7, 8142, -4.5, 1.0, -3.5, 1.0, 1, Math.abs()
7, 8143, -4.5, 1.0, -3.5, 1.5, 1, Math.abs()
7, 8144, -4.5, 1.0, -3.5, 2.0, 1, Math.abs()
7, 8145, -4.5, 1.0, -3.5, 2.5, 1, Math.abs()
7, 8146, -4.5, 1.0, -3.5, 3.0, 1, Math.abs()
7, 8147, -4.5, 1.0, -3.5, 3.5, 1, Math.abs()
7, 8148, -4.5, 1.0, -3.5, 4.0, 0, Math.abs(x)
7, 8149, -4.5, 1.0, -3.5, 4.5, 0, Math.abs(x)
7, 8150, -4.5, 1.0, -3.5, 5.0, 0, Math.abs(x)
7, 8151, -4.5, 1.0, -3.0, 0.0, 1, Math.abs()
7, 8152, -4.5, 1.0, -3.0, 0.5, 1, Math.abs()
7, 8153, -4.5, 1.0, -3.0, 1.0, 1, Math.abs()
7, 8154, -4.5, 1.0, -3.0, 1.5, 1, Math.abs()
7, 8155, -4.5, 1.0, -3.0, 2.0, 1, Math.abs()
7, 8156, -4.5, 1.0, -3.0, 2.5, 1, Math.abs()
7, 8157, -4.5, 1.0, -3.0, 3.0, 1, Math.abs()
7, 8158, -4.5, 1.0, -3.0, 3.5, 1, Math.abs()
7, 8159, -4.5, 1.0, -3.0, 4.0, 0, Math.abs(x)
7, 8160, -4.5, 1.0, -3.0, 4.5, 0, Math.abs(x)
7, 8161, -4.5, 1.0, -3.0, 5.0, 0, Math.abs(x)
7, 8162, -4.5, 1.0, -2.5, 0.0, 1, Math.abs()
7, 8163, -4.5, 1.0, -2.5, 0.5, 1, Math.abs()
7, 8164, -4.5, 1.0, -2.5, 1.0, 1, Math.abs()
7, 8165, -4.5, 1.0, -2.5, 1.5, 1, Math.abs()
7, 8166, -4.5, 1.0, -2.5, 2.0, 1, Math.abs()
7, 8167, -4.5, 1.0, -2.5, 2.5, 1, Math.abs()
7, 8168, -4.5, 1.0, -2.5, 3.0, 1, Math.abs()
7, 8169, -4.5, 1.0, -2.5, 3.5, 1, Math.abs()
7, 8170, -4.5, 1.0, -2.5, 4.0, 0, Math.abs(x)
7, 8171, -4.5, 1.0, -2.5, 4.5, 0, Math.abs(x)
7, 8172, -4.5, 1.0, -2.5, 5.0, 0, Math.abs(x)
7, 8173, -4.5, 1.0, -2.0, 0.0, 1, Math.abs()
7, 8174, -4.5, 1.0, -2.0, 0.5, 1, Math.abs()
7, 8175, -4.5, 1.0, -2.0, 1.0, 1, Math.abs()
7, 8176, -4.5, 1.0, -2.0, 1.5, 1, Math.abs()
7, 8177, -4.5, 1.0, -2.0, 2.0, 1, Math.abs()
7, 8178, -4.5, 1.0, -2.0, 2.5, 1, Math.abs()
7, 8179, -4.5, 1.0, -2.0, 3.0, 1, Math.abs()
7, 8180, -4.5, 1.0, -2.0, 3.5, 1, Math.abs()
7, 8181, -4.5, 1.0, -2.0, 4.0, 0, Math.abs(x)
7, 8182, -4.5, 1.0, -2.0, 4.5, 0, Math.abs(x)
7, 8183, -4.5, 1.0, -2.0, 5.0, 0, Math.abs(x)
7, 8184, -4.5, 1.0, -1.5, 0.0, 1, Math.abs()
7, 8185, -4.5, 1.0, -1.5, 0.5, 1, Math.abs()
7, 8186, -4.5, 1.0, -1.5, 1.0, 1, Math.abs()
7, 8187, -4.5, 1.0, -1.5, 1.5, 1, Math.abs()
7, 8188, -4.5, 1.0, -1.5, 2.0, 1, Math.abs()
7, 8189, -4.5, 1.0, -1.5, 2.5, 1, Math.abs()
7, 8190, -4.5, 1.0, -1.5, 3.0, 1, Math.abs()
7, 8191, -4.5, 1.0, -1.5, 3.5, 1, Math.abs()
7, 8192, -4.5, 1.0, -1.5, 4.0, 0, Math.abs(x)
7, 8193, -4.5, 1.0, -1.5, 4.5, 0, Math.abs(x)
7, 8194, -4.5, 1.0, -1.5, 5.0, 0, Math.abs(x)
7, 8195, -4.5, 1.0, -1.0, 0.0, 1, Math.abs()
7, 8196, -4.5, 1.0, -1.0, 0.5, 1, Math.abs()
7, 8197, -4.5, 1.0, -1.0, 1.0, 1, Math.abs()
7, 8198, -4.5, 1.0, -1.0, 1.5, 1, Math.abs()
7, 8199, -4.5, 1.0, -1.0, 2.0, 1, Math.abs()
7, 8200, -4.5, 1.0, -1.0, 2.5, 1, Math.abs()
7, 8201, -4.5, 1.0, -1.0, 3.0, 1, Math.abs()
7, 8202, -4.5, 1.0, -1.0, 3.5, 1, Math.abs()
7, 8203, -4.5, 1.0, -1.0, 4.0, 0, Math.abs(x)
7, 8204, -4.5, 1.0, -1.0, 4.5, 0, Math.abs(x)
7, 8205, -4.5, 1.0, -1.0, 5.0, 0, Math.abs(x)
7, 8206, -4.5, 1.0, -0.5, 0.0, 1, Math.abs()
7, 8207, -4.5, 1.0, -0.5, 0.5, 1, Math.abs()
7, 8208, -4.5, 1.0, -0.5, 1.0, 1, Math.abs()
7, 8209, -4.5, 1.0, -0.5, 1.5, 1, Math.abs()
7, 8210, -4.5, 1.0, -0.5, 2.0, 1, Math.abs()
7, 8211, -4.5, 1.0, -0.5, 2.5, 1, Math.abs()
7, 8212, -4.5, 1.0, -0.5, 3.0, 1, Math.abs()
7, 8213, -4.5, 1.0, -0.5, 3.5, 1, Math.abs()
7, 8214, -4.5, 1.0, -0.5, 4.0, 0, Math.abs(x)
7, 8215, -4.5, 1.0, -0.5, 4.5, 0, Math.abs(x)
7, 8216, -4.5, 1.0, -0.5, 5.0, 0, Math.abs(x)
7, 8217, -4.5, 1.0, 0.0, 0.0, 1, Math.abs()
7, 8218, -4.5, 1.0, 0.0, 0.5, 1, Math.abs()
7, 8219, -4.5, 1.0, 0.0, 1.0, 1, Math.abs()
7, 8220, -4.5, 1.0, 0.0, 1.5, 1, Math.abs()
7, 8221, -4.5, 1.0, 0.0, 2.0, 1, Math.abs()
7, 8222, -4.5, 1.0, 0.0, 2.5, 1, Math.abs()
7, 8223, -4.5, 1.0, 0.0, 3.0, 1, Math.abs()
7, 8224, -4.5, 1.0, 0.0, 3.5, 1, Math.abs()
7, 8225, -4.5, 1.0, 0.0, 4.0, 0, Math.abs(x)
7, 8226, -4.5, 1.0, 0.0, 4.5, 0, Math.abs(x)
7, 8227, -4.5, 1.0, 0.0, 5.0, 0, Math.abs(x)
7, 8228, -4.0, 1.0, -5.0, 0.0, 1, Math.abs()
7, 8229, -4.0, 1.0, -5.0, 0.5, 1, Math.abs()
7, 8230, -4.0, 1.0, -5.0, 1.0, 1, Math.abs()
7, 8231, -4.0, 1.0, -5.0, 1.5, 1, Math.abs()
7, 8232, -4.0, 1.0, -5.0, 2.0, 1, Math.abs()
7, 8233, -4.0, 1.0, -5.0, 2.5, 1, Math.abs()
7, 8234, -4.0, 1.0, -5.0, 3.0, 1, Math.abs()
7, 8235, -4.0, 1.0, -5.0, 3.5, 0, Math.abs(x)
7, 8236, -4.0, 1.0, -5.0, 4.0, 0, Math.abs(x)
7, 8237, -4.0, 1.0, -5.0, 4.5, 0, Math.abs(x)
7, 8238, -4.0, 1.0, -5.0, 5.0, 0, Math.abs(x)
7, 8239, -4.0, 1.0, -4.5, 0.0, 1, Math.abs()
7, 8240, -4.0, 1.0, -4.5, 0.5, 1, Math.abs()
7, 8241, -4.0, 1.0, -4.5, 1.0, 1, Math.abs()
7, 8242, -4.0, 1.0, -4.5, 1.5, 1, Math.abs()
7, 8243, -4.0, 1.0, -4.5, 2.0, 1, Math.abs()
7, 8244, -4.0, 1.0, -4.5, 2.5, 1, Math.abs()
7, 8245, -4.0, 1.0, -4.5, 3.0, 1, Math.abs()
7, 8246, -4.0, 1.0, -4.5, 3.5, 0, Math.abs(x)
7, 8247, -4.0, 1.0, -4.5, 4.0, 0, Math.abs(x)
7, 8248, -4.0, 1.0, -4.5, 4.5, 0, Math.abs(x)
7, 8249, -4.0, 1.0, -4.5, 5.0, 0, Math.abs(x)
7, 8250, -4.0, 1.0, -4.0, 0.0, 1, Math.abs()
7, 8251, -4.0, 1.0, -4.0, 0.5, 1, Math.abs()
7, 8252, -4.0, 1.0, -4.0, 1.0, 1, Math.abs()
7, 8253, -4.0, 1.0, -4.0, 1.5, 1, Math.abs()
7, 8254, -4.0, 1.0, -4.0, 2.0, 1, Math.abs()
7, 8255, -4.0, 1.0, -4.0, 2.5, 1, Math.abs()
7, 8256, -4.0, 1.0, -4.0, 3.0, 1, Math.abs()
7, 8257, -4.0, 1.0, -4.0, 3.5, 0, Math.abs(x)
7, 8258, -4.0, 1.0, -4.0, 4.0, 0, Math.abs(x)
7, 8259, -4.0, 1.0, -4.0, 4.5, 0, Math.abs(x)
7, 8260, -4.0, 1.0, -4.0, 5.0, 0, Math.abs(x)
7, 8261, -4.0, 1.0, -3.5, 0.0, 1, Math.abs()
7, 8262, -4.0, 1.0, -3.5, 0.5, 1, Math.abs()
7, 8263, -4.0, 1.0, -3.5, 1.0, 1, Math.abs()
7, 8264, -4.0, 1.0, -3.5, 1.5, 1, Math.abs()
7, 8265, -4.0, 1.0, -3.5, 2.0, 1, Math.abs()
7, 8266, -4.0, 1.0, -3.5, 2.5, 1, Math.abs()
7, 8267, -4.0, 1.0, -3.5, 3.0, 1, Math.abs()
7, 8268, -4.0, 1.0, -3.5, 3.5, 0, Math.abs(x)
7, 8269, -4.0, 1.0, -3.5, 4.0, 0, Math.abs(x)
7, 8270, -4.0, 1.0, -3.5, 4.5, 0, Math.abs(x)
7, 8271, -4.0, 1.0, -3.5, 5.0, 0, Math.abs(x)
7, 8272, -4.0, 1.0, -3.0, 0.0, 1, Math.abs()
7, 8273, -4.0, 1.0, -3.0, 0.5, 1, Math.abs()
7, 8274, -4.0, 1.0, -3.0, 1.0, 1, Math.abs()
7, 8275, -4.0, 1.0, -3.0, 1.5, 1, Math.abs()
7, 8276, -4.0, 1.0, -3.0, 2.0, 1, Math.abs()
7, 8277, -4.0, 1.0, -3.0, 2.5, 1, Math.abs()
7, 8278, -4.0, 1.0, -3.0, 3.0, 1, Math.abs()
7, 8279, -4.0, 1.0, -3.0, 3.5, 0, Math.abs(x)
7, 8280, -4.0, 1.0, -3.0, 4.0, 0, Math.abs(x)
7, 8281, -4.0, 1.0, -3.0, 4.5, 0, Math.abs(x)
7, 8282, -4.0, 1.0, -3.0, 5.0, 0, Math.abs(x)
7, 8283, -4.0, 1.0, -2.5, 0.0, 1, Math.abs()
7, 8284, -4.0, 1.0, -2.5, 0.5, 1, Math.abs()
7, 8285, -4.0, 1.0, -2.5, 1.0, 1, Math.abs()
7, 8286, -4.0, 1.0, -2.5, 1.5, 1, Math.abs()
7, 8287, -4.0, 1.0, -2.5, 2.0, 1, Math.abs()
7, 8288, -4.0, 1.0, -2.5, 2.5, 1, Math.abs()
7, 8289, -4.0, 1.0, -2.5, 3.0, 1, Math.abs()
7, 8290, -4.0, 1.0, -2.5, 3.5, 0, Math.abs(x)
7, 8291, -4.0, 1.0, -2.5, 4.0, 0, Math.abs(x)
7, 8292, -4.0, 1.0, -2.5, 4.5, 0, Math.abs(x)
7, 8293, -4.0, 1.0, -2.5, 5.0, 0, Math.abs(x)
7, 8294, -4.0, 1.0, -2.0, 0.0, 1, Math.abs()
7, 8295, -4.0, 1.0, -2.0, 0.5, 1, Math.abs()
7, 8296, -4.0, 1.0, -2.0, 1.0, 1, Math.abs()
7, 8297, -4.0, 1.0, -2.0, 1.5, 1, Math.abs()
7, 8298, -4.0, 1.0, -2.0, 2.0, 1, Math.abs()
7, 8299, -4.0, 1.0, -2.0, 2.5, 1, Math.abs()
7, 8300, -4.0, 1.0, -2.0, 3.0, 1, Math.abs()
7, 8301, -4.0, 1.0, -2.0, 3.5, 0, Math.abs(x)
7, 8302, -4.0, 1.0, -2.0, 4.0, 0, Math.abs(x)
7, 8303, -4.0, 1.0, -2.0, 4.5, 0, Math.abs(x)
7, 8304, -4.0, 1.0, -2.0, 5.0, 0, Math.abs(x)
7, 8305, -4.0, 1.0, -1.5, 0.0, 1, Math.abs()
7, 8306, -4.0, 1.0, -1.5, 0.5, 1, Math.abs()
7, 8307, -4.0, 1.0, -1.5, 1.0, 1, Math.abs()
7, 8308, -4.0, 1.0, -1.5, 1.5, 1, Math.abs()
7, 8309, -4.0, 1.0, -1.5, 2.0, 1, Math.abs()
7, 8310, -4.0, 1.0, -1.5, 2.5, 1, Math.abs()
7, 8311, -4.0, 1.0, -1.5, 3.0, 1, Math.abs()
7, 8312, -4.0, 1.0, -1.5, 3.5, 0, Math.abs(x)
7, 8313, -4.0, 1.0, -1.5, 4.0, 0, Math.abs(x)
7, 8314, -4.0, 1.0, -1.5, 4.5, 0, Math.abs(x)
7, 8315, -4.0, 1.0, -1.5, 5.0, 0, Math.abs(x)
7, 8316, -4.0, 1.0, -1.0, 0.0, 1, Math.abs()
7, 8317, -4.0, 1.0, -1.0, 0.5, 1, Math.abs()
7, 8318, -4.0, 1.0, -1.0, 1.0, 1, Math.abs()
7, 8319, -4.0, 1.0, -1.0, 1.5, 1, Math.abs()
7, 8320, -4.0, 1.0, -1.0, 2.0, 1, Math.abs()
7, 8321, -4.0, 1.0, -1.0, 2.5, 1, Math.abs()
7, 8322, -4.0, 1.0, -1.0, 3.0, 1, Math.abs()
7, 8323, -4.0, 1.0, -1.0, 3.5, 0, Math.abs(x)
7, 8324, -4.0, 1.0, -1.0, 4.0, 0, Math.abs(x)
7, 8325, -4.0, 1.0, -1.0, 4.5, 0, Math.abs(x)
7, 8326, -4.0, 1.0, -1.0, 5.0, 0, Math.abs(x)
7, 8327, -4.0, 1.0, -0.5, 0.0, 1, Math.abs()
7, 8328, -4.0, 1.0, -0.5, 0.5, 1, Math.abs()
7, 8329, -4.0, 1.0, -0.5, 1.0, 1, Math.abs()
7, 8330, -4.0, 1.0, -0.5, 1.5, 1, Math.abs()
7, 8331, -4.0, 1.0, -0.5, 2.0, 1, Math.abs()
7, 8332, -4.0, 1.0, -0.5, 2.5, 1, Math.abs()
7, 8333, -4.0, 1.0, -0.5, 3.0, 1, Math.abs()
7, 8334, -4.0, 1.0, -0.5, 3.5, 0, Math.abs(x)
7, 8335, -4.0, 1.0, -0.5, 4.0, 0, Math.abs(x)
7, 8336, -4.0, 1.0, -0.5, 4.5, 0, Math.abs(x)
7, 8337, -4.0, 1.0, -0.5, 5.0, 0, Math.abs(x)
7, 8338, -4.0, 1.0, 0.0, 0.0, 1, Math.abs()
7, 8339, -4.0, 1.0, 0.0, 0.5, 1, Math.abs()
7, 8340, -4.0, 1.0, 0.0, 1.0, 1, Math.abs()
7, 8341, -4.0, 1.0, 0.0, 1.5, 1, Math.abs()
7, 8342, -4.0, 1.0, 0.0, 2.0, 1, Math.abs()
7, 8343, -4.0, 1.0, 0.0, 2.5, 1, Math.abs()
7, 8344, -4.0, 1.0, 0.0, 3.0, 1, Math.abs()
7, 8345, -4.0, 1.0, 0.0, 3.5, 0, Math.abs(x)
7, 8346, -4.0, 1.0, 0.0, 4.0, 0, Math.abs(x)
7, 8347, -4.0, 1.0, 0.0, 4.5, 0, Math.abs(x)
7, 8348, -4.0, 1.0, 0.0, 5.0, 0, Math.abs(x)
7, 8349, -3.5, 1.0, -5.0, 0.0, 1, Math.abs()
7, 8350, -3.5, 1.0, -5.0, 0.5, 1, Math.abs()
7, 8351, -3.5, 1.0, -5.0, 1.0, 1, Math.abs()
7, 8352, -3.5, 1.0, -5.0, 1.5, 1, Math.abs()
7, 8353, -3.5, 1.0, -5.0, 2.0, 1, Math.abs()
7, 8354, -3.5, 1.0, -5.0, 2.5, 1, Math.abs()
7, 8355, -3.5, 1.0, -5.0, 3.0, 0, Math.abs(x)
7, 8356, -3.5, 1.0, -5.0, 3.5, 0, Math.abs(x)
7, 8357, -3.5, 1.0, -5.0, 4.0, 0, Math.abs(x)
7, 8358, -3.5, 1.0, -5.0, 4.5, 0, Math.abs(x)
7, 8359, -3.5, 1.0, -5.0, 5.0, 0, Math.abs(x)
7, 8360, -3.5, 1.0, -4.5, 0.0, 1, Math.abs()
7, 8361, -3.5, 1.0, -4.5, 0.5, 1, Math.abs()
7, 8362, -3.5, 1.0, -4.5, 1.0, 1, Math.abs()
7, 8363, -3.5, 1.0, -4.5, 1.5, 1, Math.abs()
7, 8364, -3.5, 1.0, -4.5, 2.0, 1, Math.abs()
7, 8365, -3.5, 1.0, -4.5, 2.5, 1, Math.abs()
7, 8366, -3.5, 1.0, -4.5, 3.0, 0, Math.abs(x)
7, 8367, -3.5, 1.0, -4.5, 3.5, 0, Math.abs(x)
7, 8368, -3.5, 1.0, -4.5, 4.0, 0, Math.abs(x)
7, 8369, -3.5, 1.0, -4.5, 4.5, 0, Math.abs(x)
7, 8370, -3.5, 1.0, -4.5, 5.0, 0, Math.abs(x)
7, 8371, -3.5, 1.0, -4.0, 0.0, 1, Math.abs()
7, 8372, -3.5, 1.0, -4.0, 0.5, 1, Math.abs()
7, 8373, -3.5, 1.0, -4.0, 1.0, 1, Math.abs()
7, 8374, -3.5, 1.0, -4.0, 1.5, 1, Math.abs()
7, 8375, -3.5, 1.0, -4.0, 2.0, 1, Math.abs()
7, 8376, -3.5, 1.0, -4.0, 2.5, 1, Math.abs()
7, 8377, -3.5, 1.0, -4.0, 3.0, 0, Math.abs(x)
7, 8378, -3.5, 1.0, -4.0, 3.5, 0, Math.abs(x)
7, 8379, -3.5, 1.0, -4.0, 4.0, 0, Math.abs(x)
7, 8380, -3.5, 1.0, -4.0, 4.5, 0, Math.abs(x)
7, 8381, -3.5, 1.0, -4.0, 5.0, 0, Math.abs(x)
7, 8382, -3.5, 1.0, -3.5, 0.0, 1, Math.abs()
7, 8383, -3.5, 1.0, -3.5, 0.5, 1, Math.abs()
7, 8384, -3.5, 1.0, -3.5, 1.0, 1, Math.abs()
7, 8385, -3.5, 1.0, -3.5, 1.5, 1, Math.abs()
7, 8386, -3.5, 1.0, -3.5, 2.0, 1, Math.abs()
7, 8387, -3.5, 1.0, -3.5, 2.5, 1, Math.abs()
7, 8388, -3.5, 1.0, -3.5, 3.0, 0, Math.abs(x)
7, 8389, -3.5, 1.0, -3.5, 3.5, 0, Math.abs(x)
7, 8390, -3.5, 1.0, -3.5, 4.0, 0, Math.abs(x)
7, 8391, -3.5, 1.0, -3.5, 4.5, 0, Math.abs(x)
7, 8392, -3.5, 1.0, -3.5, 5.0, 0, Math.abs(x)
7, 8393, -3.5, 1.0, -3.0, 0.0, 1, Math.abs()
7, 8394, -3.5, 1.0, -3.0, 0.5, 1, Math.abs()
7, 8395, -3.5, 1.0, -3.0, 1.0, 1, Math.abs()
7, 8396, -3.5, 1.0, -3.0, 1.5, 1, Math.abs()
7, 8397, -3.5, 1.0, -3.0, 2.0, 1, Math.abs()
7, 8398, -3.5, 1.0, -3.0, 2.5, 1, Math.abs()
7, 8399, -3.5, 1.0, -3.0, 3.0, 0, Math.abs(x)
7, 8400, -3.5, 1.0, -3.0, 3.5, 0, Math.abs(x)
7, 8401, -3.5, 1.0, -3.0, 4.0, 0, Math.abs(x)
7, 8402, -3.5, 1.0, -3.0, 4.5, 0, Math.abs(x)
7, 8403, -3.5, 1.0, -3.0, 5.0, 0, Math.abs(x)
7, 8404, -3.5, 1.0, -2.5, 0.0, 1, Math.abs()
7, 8405, -3.5, 1.0, -2.5, 0.5, 1, Math.abs()
7, 8406, -3.5, 1.0, -2.5, 1.0, 1, Math.abs()
7, 8407, -3.5, 1.0, -2.5, 1.5, 1, Math.abs()
7, 8408, -3.5, 1.0, -2.5, 2.0, 1, Math.abs()
7, 8409, -3.5, 1.0, -2.5, 2.5, 1, Math.abs()
7, 8410, -3.5, 1.0, -2.5, 3.0, 0, Math.abs(x)
7, 8411, -3.5, 1.0, -2.5, 3.5, 0, Math.abs(x)
7, 8412, -3.5, 1.0, -2.5, 4.0, 0, Math.abs(x)
7, 8413, -3.5, 1.0, -2.5, 4.5, 0, Math.abs(x)
7, 8414, -3.5, 1.0, -2.5, 5.0, 0, Math.abs(x)
7, 8415, -3.5, 1.0, -2.0, 0.0, 1, Math.abs()
7, 8416, -3.5, 1.0, -2.0, 0.5, 1, Math.abs()
7, 8417, -3.5, 1.0, -2.0, 1.0, 1, Math.abs()
7, 8418, -3.5, 1.0, -2.0, 1.5, 1, Math.abs()
7, 8419, -3.5, 1.0, -2.0, 2.0, 1, Math.abs()
7, 8420, -3.5, 1.0, -2.0, 2.5, 1, Math.abs()
7, 8421, -3.5, 1.0, -2.0, 3.0, 0, Math.abs(x)
7, 8422, -3.5, 1.0, -2.0, 3.5, 0, Math.abs(x)
7, 8423, -3.5, 1.0, -2.0, 4.0, 0, Math.abs(x)
7, 8424, -3.5, 1.0, -2.0, 4.5, 0, Math.abs(x)
7, 8425, -3.5, 1.0, -2.0, 5.0, 0, Math.abs(x)
7, 8426, -3.5, 1.0, -1.5, 0.0, 1, Math.abs()
7, 8427, -3.5, 1.0, -1.5, 0.5, 1, Math.abs()
7, 8428, -3.5, 1.0, -1.5, 1.0, 1, Math.abs()
7, 8429, -3.5, 1.0, -1.5, 1.5, 1, Math.abs()
7, 8430, -3.5, 1.0, -1.5, 2.0, 1, Math.abs()
7, 8431, -3.5, 1.0, -1.5, 2.5, 1, Math.abs()
7, 8432, -3.5, 1.0, -1.5, 3.0, 0, Math.abs(x)
7, 8433, -3.5, 1.0, -1.5, 3.5, 0, Math.abs(x)
7, 8434, -3.5, 1.0, -1.5, 4.0, 0, Math.abs(x)
7, 8435, -3.5, 1.0, -1.5, 4.5, 0, Math.abs(x)
7, 8436, -3.5, 1.0, -1.5, 5.0, 0, Math.abs(x)
7, 8437, -3.5, 1.0, -1.0, 0.0, 1, Math.abs()
7, 8438, -3.5, 1.0, -1.0, 0.5, 1, Math.abs()
7, 8439, -3.5, 1.0, -1.0, 1.0, 1, Math.abs()
7, 8440, -3.5, 1.0, -1.0, 1.5, 1, Math.abs()
7, 8441, -3.5, 1.0, -1.0, 2.0, 1, Math.abs()
7, 8442, -3.5, 1.0, -1.0, 2.5, 1, Math.abs()
7, 8443, -3.5, 1.0, -1.0, 3.0, 0, Math.abs(x)
7, 8444, -3.5, 1.0, -1.0, 3.5, 0, Math.abs(x)
7, 8445, -3.5, 1.0, -1.0, 4.0, 0, Math.abs(x)
7, 8446, -3.5, 1.0, -1.0, 4.5, 0, Math.abs(x)
7, 8447, -3.5, 1.0, -1.0, 5.0, 0, Math.abs(x)
7, 8448, -3.5, 1.0, -0.5, 0.0, 1, Math.abs()
7, 8449, -3.5, 1.0, -0.5, 0.5, 1, Math.abs()
7, 8450, -3.5, 1.0, -0.5, 1.0, 1, Math.abs()
7, 8451, -3.5, 1.0, -0.5, 1.5, 1, Math.abs()
7, 8452, -3.5, 1.0, -0.5, 2.0, 1, Math.abs()
7, 8453, -3.5, 1.0, -0.5, 2.5, 1, Math.abs()
7, 8454, -3.5, 1.0, -0.5, 3.0, 0, Math.abs(x)
7, 8455, -3.5, 1.0, -0.5, 3.5, 0, Math.abs(x)
7, 8456, -3.5, 1.0, -0.5, 4.0, 0, Math.abs(x)
7, 8457, -3.5, 1.0, -0.5, 4.5, 0, Math.abs(x)
7, 8458, -3.5, 1.0, -0.5, 5.0, 0, Math.abs(x)
7, 8459, -3.5, 1.0, 0.0, 0.0, 1, Math.abs()
7, 8460, -3.5, 1.0, 0.0, 0.5, 1, Math.abs()
7, 8461, -3.5, 1.0, 0.0, 1.0, 1, Math.abs()
7, 8462, -3.5, 1.0, 0.0, 1.5, 1, Math.abs()
7, 8463, -3.5, 1.0, 0.0, 2.0, 1, Math.abs()
7, 8464, -3.5, 1.0, 0.0, 2.5, 1, Math.abs()
7, 8465, -3.5, 1.0, 0.0, 3.0, 0, Math.abs(x)
7, 8466, -3.5, 1.0, 0.0, 3.5, 0, Math.abs(x)
7, 8467, -3.5, 1.0, 0.0, 4.0, 0, Math.abs(x)
7, 8468, -3.5, 1.0, 0.0, 4.5, 0, Math.abs(x)
7, 8469, -3.5, 1.0, 0.0, 5.0, 6, Math.round()
7, 8470, -3.0, 1.0, -5.0, 0.0, 1, Math.abs()
7, 8471, -3.0, 1.0, -5.0, 0.5, 1, Math.abs()
7, 8472, -3.0, 1.0, -5.0, 1.0, 1, Math.abs()
7, 8473, -3.0, 1.0, -5.0, 1.5, 1, Math.abs()
7, 8474, -3.0, 1.0, -5.0, 2.0, 1, Math.abs()
7, 8475, -3.0, 1.0, -5.0, 2.5, 0, Math.abs(x)
7, 8476, -3.0, 1.0, -5.0, 3.0, 0, Math.abs(x)
7, 8477, -3.0, 1.0, -5.0, 3.5, 0, Math.abs(x)
7, 8478, -3.0, 1.0, -5.0, 4.0, 0, Math.abs(x)
7, 8479, -3.0, 1.0, -5.0, 4.5, 0, Math.abs(x)
7, 8480, -3.0, 1.0, -5.0, 5.0, 0, Math.abs(x)
7, 8481, -3.0, 1.0, -4.5, 0.0, 1, Math.abs()
7, 8482, -3.0, 1.0, -4.5, 0.5, 1, Math.abs()
7, 8483, -3.0, 1.0, -4.5, 1.0, 1, Math.abs()
7, 8484, -3.0, 1.0, -4.5, 1.5, 1, Math.abs()
7, 8485, -3.0, 1.0, -4.5, 2.0, 1, Math.abs()
7, 8486, -3.0, 1.0, -4.5, 2.5, 0, Math.abs(x)
7, 8487, -3.0, 1.0, -4.5, 3.0, 0, Math.abs(x)
7, 8488, -3.0, 1.0, -4.5, 3.5, 0, Math.abs(x)
7, 8489, -3.0, 1.0, -4.5, 4.0, 0, Math.abs(x)
7, 8490, -3.0, 1.0, -4.5, 4.5, 0, Math.abs(x)
7, 8491, -3.0, 1.0, -4.5, 5.0, 0, Math.abs(x)
7, 8492, -3.0, 1.0, -4.0, 0.0, 1, Math.abs()
7, 8493, -3.0, 1.0, -4.0, 0.5, 1, Math.abs()
7, 8494, -3.0, 1.0, -4.0, 1.0, 1, Math.abs()
7, 8495, -3.0, 1.0, -4.0, 1.5, 1, Math.abs()
7, 8496, -3.0, 1.0, -4.0, 2.0, 1, Math.abs()
7, 8497, -3.0, 1.0, -4.0, 2.5, 0, Math.abs(x)
7, 8498, -3.0, 1.0, -4.0, 3.0, 0, Math.abs(x)
7, 8499, -3.0, 1.0, -4.0, 3.5, 0, Math.abs(x)
7, 8500, -3.0, 1.0, -4.0, 4.0, 0, Math.abs(x)
7, 8501, -3.0, 1.0, -4.0, 4.5, 0, Math.abs(x)
7, 8502, -3.0, 1.0, -4.0, 5.0, 0, Math.abs(x)
7, 8503, -3.0, 1.0, -3.5, 0.0, 1, Math.abs()
7, 8504, -3.0, 1.0, -3.5, 0.5, 1, Math.abs()
7, 8505, -3.0, 1.0, -3.5, 1.0, 1, Math.abs()
7, 8506, -3.0, 1.0, -3.5, 1.5, 1, Math.abs()
7, 8507, -3.0, 1.0, -3.5, 2.0, 1, Math.abs()
7, 8508, -3.0, 1.0, -3.5, 2.5, 0, Math.abs(x)
7, 8509, -3.0, 1.0, -3.5, 3.0, 0, Math.abs(x)
7, 8510, -3.0, 1.0, -3.5, 3.5, 0, Math.abs(x)
7, 8511, -3.0, 1.0, -3.5, 4.0, 0, Math.abs(x)
7, 8512, -3.0, 1.0, -3.5, 4.5, 0, Math.abs(x)
7, 8513, -3.0, 1.0, -3.5, 5.0, 0, Math.abs(x)
7, 8514, -3.0, 1.0, -3.0, 0.0, 1, Math.abs()
7, 8515, -3.0, 1.0, -3.0, 0.5, 1, Math.abs()
7, 8516, -3.0, 1.0, -3.0, 1.0, 1, Math.abs()
7, 8517, -3.0, 1.0, -3.0, 1.5, 1, Math.abs()
7, 8518, -3.0, 1.0, -3.0, 2.0, 1, Math.abs()
7, 8519, -3.0, 1.0, -3.0, 2.5, 0, Math.abs(x)
7, 8520, -3.0, 1.0, -3.0, 3.0, 0, Math.abs(x)
7, 8521, -3.0, 1.0, -3.0, 3.5, 0, Math.abs(x)
7, 8522, -3.0, 1.0, -3.0, 4.0, 0, Math.abs(x)
7, 8523, -3.0, 1.0, -3.0, 4.5, 0, Math.abs(x)
7, 8524, -3.0, 1.0, -3.0, 5.0, 0, Math.abs(x)
7, 8525, -3.0, 1.0, -2.5, 0.0, 1, Math.abs()
7, 8526, -3.0, 1.0, -2.5, 0.5, 1, Math.abs()
7, 8527, -3.0, 1.0, -2.5, 1.0, 1, Math.abs()
7, 8528, -3.0, 1.0, -2.5, 1.5, 1, Math.abs()
7, 8529, -3.0, 1.0, -2.5, 2.0, 1, Math.abs()
7, 8530, -3.0, 1.0, -2.5, 2.5, 0, Math.abs(x)
7, 8531, -3.0, 1.0, -2.5, 3.0, 0, Math.abs(x)
7, 8532, -3.0, 1.0, -2.5, 3.5, 0, Math.abs(x)
7, 8533, -3.0, 1.0, -2.5, 4.0, 0, Math.abs(x)
7, 8534, -3.0, 1.0, -2.5, 4.5, 0, Math.abs(x)
7, 8535, -3.0, 1.0, -2.5, 5.0, 0, Math.abs(x)
7, 8536, -3.0, 1.0, -2.0, 0.0, 1, Math.abs()
7, 8537, -3.0, 1.0, -2.0, 0.5, 1, Math.abs()
7, 8538, -3.0, 1.0, -2.0, 1.0, 1, Math.abs()
7, 8539, -3.0, 1.0, -2.0, 1.5, 1, Math.abs()
7, 8540, -3.0, 1.0, -2.0, 2.0, 1, Math.abs()
7, 8541, -3.0, 1.0, -2.0, 2.5, 0, Math.abs(x)
7, 8542, -3.0, 1.0, -2.0, 3.0, 0, Math.abs(x)
7, 8543, -3.0, 1.0, -2.0, 3.5, 0, Math.abs(x)
7, 8544, -3.0, 1.0, -2.0, 4.0, 0, Math.abs(x)
7, 8545, -3.0, 1.0, -2.0, 4.5, 0, Math.abs(x)
7, 8546, -3.0, 1.0, -2.0, 5.0, 0, Math.abs(x)
7, 8547, -3.0, 1.0, -1.5, 0.0, 1, Math.abs()
7, 8548, -3.0, 1.0, -1.5, 0.5, 1, Math.abs()
7, 8549, -3.0, 1.0, -1.5, 1.0, 1, Math.abs()
7, 8550, -3.0, 1.0, -1.5, 1.5, 1, Math.abs()
7, 8551, -3.0, 1.0, -1.5, 2.0, 1, Math.abs()
7, 8552, -3.0, 1.0, -1.5, 2.5, 0, Math.abs(x)
7, 8553, -3.0, 1.0, -1.5, 3.0, 0, Math.abs(x)
7, 8554, -3.0, 1.0, -1.5, 3.5, 0, Math.abs(x)
7, 8555, -3.0, 1.0, -1.5, 4.0, 0, Math.abs(x)
7, 8556, -3.0, 1.0, -1.5, 4.5, 0, Math.abs(x)
7, 8557, -3.0, 1.0, -1.5, 5.0, 0, Math.abs(x)
7, 8558, -3.0, 1.0, -1.0, 0.0, 1, Math.abs()
7, 8559, -3.0, 1.0, -1.0, 0.5, 1, Math.abs()
7, 8560, -3.0, 1.0, -1.0, 1.0, 1, Math.abs()
7, 8561, -3.0, 1.0, -1.0, 1.5, 1, Math.abs()
7, 8562, -3.0, 1.0, -1.0, 2.0, 1, Math.abs()
7, 8563, -3.0, 1.0, -1.0, 2.5, 0, Math.abs(x)
7, 8564, -3.0, 1.0, -1.0, 3.0, 0, Math.abs(x)
7, 8565, -3.0, 1.0, -1.0, 3.5, 0, Math.abs(x)
7, 8566, -3.0, 1.0, -1.0, 4.0, 0, Math.abs(x)
7, 8567, -3.0, 1.0, -1.0, 4.5, 0, Math.abs(x)
7, 8568, -3.0, 1.0, -1.0, 5.0, 0, Math.abs(x)
7, 8569, -3.0, 1.0, -0.5, 0.0, 1, Math.abs()
7, 8570, -3.0, 1.0, -0.5, 0.5, 1, Math.abs()
7, 8571, -3.0, 1.0, -0.5, 1.0, 1, Math.abs()
7, 8572, -3.0, 1.0, -0.5, 1.5, 1, Math.abs()
7, 8573, -3.0, 1.0, -0.5, 2.0, 1, Math.abs()
7, 8574, -3.0, 1.0, -0.5, 2.5, 0, Math.abs(x)
7, 8575, -3.0, 1.0, -0.5, 3.0, 0, Math.abs(x)
7, 8576, -3.0, 1.0, -0.5, 3.5, 0, Math.abs(x)
7, 8577, -3.0, 1.0, -0.5, 4.0, 0, Math.abs(x)
7, 8578, -3.0, 1.0, -0.5, 4.5, 0, Math.abs(x)
7, 8579, -3.0, 1.0, -0.5, 5.0, 6, Math.round()
7, 8580, -3.0, 1.0, 0.0, 0.0, 1, Math.abs()
7, 8581, -3.0, 1.0, 0.0, 0.5, 1, Math.abs()
7, 8582, -3.0, 1.0, 0.0, 1.0, 1, Math.abs()
7, 8583, -3.0, 1.0, 0.0, 1.5, 1, Math.abs()
7, 8584, -3.0, 1.0, 0.0, 2.0, 1, Math.abs()
7, 8585, -3.0, 1.0, 0.0, 2.5, 0, Math.abs(x)
7, 8586, -3.0, 1.0, 0.0, 3.0, 0, Math.abs(x)
7, 8587, -3.0, 1.0, 0.0, 3.5, 0, Math.abs(x)
7, 8588, -3.0, 1.0, 0.0, 4.0, 0, Math.abs(x)
7, 8589, -3.0, 1.0, 0.0, 4.5, 6, Math.round()
7, 8590, -3.0, 1.0, 0.0, 5.0, 6, Math.round()
7, 8591, -2.5, 1.0, -5.0, 0.0, 1, Math.abs()
7, 8592, -2.5, 1.0, -5.0, 0.5, 1, Math.abs()
7, 8593, -2.5, 1.0, -5.0, 1.0, 1, Math.abs()
7, 8594, -2.5, 1.0, -5.0, 1.5, 1, Math.abs()
7, 8595, -2.5, 1.0, -5.0, 2.0, 0, Math.abs(x)
7, 8596, -2.5, 1.0, -5.0, 2.5, 0, Math.abs(x)
7, 8597, -2.5, 1.0, -5.0, 3.0, 0, Math.abs(x)
7, 8598, -2.5, 1.0, -5.0, 3.5, 0, Math.abs(x)
7, 8599, -2.5, 1.0, -5.0, 4.0, 0, Math.abs(x)
7, 8600, -2.5, 1.0, -5.0, 4.5, 0, Math.abs(x)
7, 8601, -2.5, 1.0, -5.0, 5.0, 0, Math.abs(x)
7, 8602, -2.5, 1.0, -4.5, 0.0, 1, Math.abs()
7, 8603, -2.5, 1.0, -4.5, 0.5, 1, Math.abs()
7, 8604, -2.5, 1.0, -4.5, 1.0, 1, Math.abs()
7, 8605, -2.5, 1.0, -4.5, 1.5, 1, Math.abs()
7, 8606, -2.5, 1.0, -4.5, 2.0, 0, Math.abs(x)
7, 8607, -2.5, 1.0, -4.5, 2.5, 0, Math.abs(x)
7, 8608, -2.5, 1.0, -4.5, 3.0, 0, Math.abs(x)
7, 8609, -2.5, 1.0, -4.5, 3.5, 0, Math.abs(x)
7, 8610, -2.5, 1.0, -4.5, 4.0, 0, Math.abs(x)
7, 8611, -2.5, 1.0, -4.5, 4.5, 0, Math.abs(x)
7, 8612, -2.5, 1.0, -4.5, 5.0, 0, Math.abs(x)
7, 8613, -2.5, 1.0, -4.0, 0.0, 1, Math.abs()
7, 8614, -2.5, 1.0, -4.0, 0.5, 1, Math.abs()
7, 8615, -2.5, 1.0, -4.0, 1.0, 1, Math.abs()
7, 8616, -2.5, 1.0, -4.0, 1.5, 1, Math.abs()
7, 8617, -2.5, 1.0, -4.0, 2.0, 0, Math.abs(x)
7, 8618, -2.5, 1.0, -4.0, 2.5, 0, Math.abs(x)
7, 8619, -2.5, 1.0, -4.0, 3.0, 0, Math.abs(x)
7, 8620, -2.5, 1.0, -4.0, 3.5, 0, Math.abs(x)
7, 8621, -2.5, 1.0, -4.0, 4.0, 0, Math.abs(x)
7, 8622, -2.5, 1.0, -4.0, 4.5, 0, Math.abs(x)
7, 8623, -2.5, 1.0, -4.0, 5.0, 0, Math.abs(x)
7, 8624, -2.5, 1.0, -3.5, 0.0, 1, Math.abs()
7, 8625, -2.5, 1.0, -3.5, 0.5, 1, Math.abs()
7, 8626, -2.5, 1.0, -3.5, 1.0, 1, Math.abs()
7, 8627, -2.5, 1.0, -3.5, 1.5, 1, Math.abs()
7, 8628, -2.5, 1.0, -3.5, 2.0, 0, Math.abs(x)
7, 8629, -2.5, 1.0, -3.5, 2.5, 0, Math.abs(x)
7, 8630, -2.5, 1.0, -3.5, 3.0, 0, Math.abs(x)
7, 8631, -2.5, 1.0, -3.5, 3.5, 0, Math.abs(x)
7, 8632, -2.5, 1.0, -3.5, 4.0, 0, Math.abs(x)
7, 8633, -2.5, 1.0, -3.5, 4.5, 0, Math.abs(x)
7, 8634, -2.5, 1.0, -3.5, 5.0, 0, Math.abs(x)
7, 8635, -2.5, 1.0, -3.0, 0.0, 1, Math.abs()
7, 8636, -2.5, 1.0, -3.0, 0.5, 1, Math.abs()
7, 8637, -2.5, 1.0, -3.0, 1.0, 1, Math.abs()
7, 8638, -2.5, 1.0, -3.0, 1.5, 1, Math.abs()
7, 8639, -2.5, 1.0, -3.0, 2.0, 0, Math.abs(x)
7, 8640, -2.5, 1.0, -3.0, 2.5, 0, Math.abs(x)
7, 8641, -2.5, 1.0, -3.0, 3.0, 0, Math.abs(x)
7, 8642, -2.5, 1.0, -3.0, 3.5, 0, Math.abs(x)
7, 8643, -2.5, 1.0, -3.0, 4.0, 0, Math.abs(x)
7, 8644, -2.5, 1.0, -3.0, 4.5, 0, Math.abs(x)
7, 8645, -2.5, 1.0, -3.0, 5.0, 0, Math.abs(x)
7, 8646, -2.5, 1.0, -2.5, 0.0, 1, Math.abs()
7, 8647, -2.5, 1.0, -2.5, 0.5, 1, Math.abs()
7, 8648, -2.5, 1.0, -2.5, 1.0, 1, Math.abs()
7, 8649, -2.5, 1.0, -2.5, 1.5, 1, Math.abs()
7, 8650, -2.5, 1.0, -2.5, 2.0, 0, Math.abs(x)
7, 8651, -2.5, 1.0, -2.5, 2.5, 0, Math.abs(x)
7, 8652, -2.5, 1.0, -2.5, 3.0, 0, Math.abs(x)
7, 8653, -2.5, 1.0, -2.5, 3.5, 0, Math.abs(x)
7, 8654, -2.5, 1.0, -2.5, 4.0, 0, Math.abs(x)
7, 8655, -2.5, 1.0, -2.5, 4.5, 0, Math.abs(x)
7, 8656, -2.5, 1.0, -2.5, 5.0, 0, Math.abs(x)
7, 8657, -2.5, 1.0, -2.0, 0.0, 1, Math.abs()
7, 8658, -2.5, 1.0, -2.0, 0.5, 1, Math.abs()
7, 8659, -2.5, 1.0, -2.0, 1.0, 1, Math.abs()
7, 8660, -2.5, 1.0, -2.0, 1.5, 1, Math.abs()
7, 8661, -2.5, 1.0, -2.0, 2.0, 0, Math.abs(x)
7, 8662, -2.5, 1.0, -2.0, 2.5, 0, Math.abs(x)
7, 8663, -2.5, 1.0, -2.0, 3.0, 0, Math.abs(x)
7, 8664, -2.5, 1.0, -2.0, 3.5, 0, Math.abs(x)
7, 8665, -2.5, 1.0, -2.0, 4.0, 0, Math.abs(x)
7, 8666, -2.5, 1.0, -2.0, 4.5, 0, Math.abs(x)
7, 8667, -2.5, 1.0, -2.0, 5.0, 0, Math.abs(x)
7, 8668, -2.5, 1.0, -1.5, 0.0, 1, Math.abs()
7, 8669, -2.5, 1.0, -1.5, 0.5, 1, Math.abs()
7, 8670, -2.5, 1.0, -1.5, 1.0, 1, Math.abs()
7, 8671, -2.5, 1.0, -1.5, 1.5, 1, Math.abs()
7, 8672, -2.5, 1.0, -1.5, 2.0, 0, Math.abs(x)
7, 8673, -2.5, 1.0, -1.5, 2.5, 0, Math.abs(x)
7, 8674, -2.5, 1.0, -1.5, 3.0, 0, Math.abs(x)
7, 8675, -2.5, 1.0, -1.5, 3.5, 0, Math.abs(x)
7, 8676, -2.5, 1.0, -1.5, 4.0, 0, Math.abs(x)
7, 8677, -2.5, 1.0, -1.5, 4.5, 0, Math.abs(x)
7, 8678, -2.5, 1.0, -1.5, 5.0, 0, Math.abs(x)
7, 8679, -2.5, 1.0, -1.0, 0.0, 1, Math.abs()
7, 8680, -2.5, 1.0, -1.0, 0.5, 1, Math.abs()
7, 8681, -2.5, 1.0, -1.0, 1.0, 1, Math.abs()
7, 8682, -2.5, 1.0, -1.0, 1.5, 1, Math.abs()
7, 8683, -2.5, 1.0, -1.0, 2.0, 0, Math.abs(x)
7, 8684, -2.5, 1.0, -1.0, 2.5, 0, Math.abs(x)
7, 8685, -2.5, 1.0, -1.0, 3.0, 0, Math.abs(x)
7, 8686, -2.5, 1.0, -1.0, 3.5, 0, Math.abs(x)
7, 8687, -2.5, 1.0, -1.0, 4.0, 0, Math.abs(x)
7, 8688, -2.5, 1.0, -1.0, 4.5, 0, Math.abs(x)
7, 8689, -2.5, 1.0, -1.0, 5.0, 6, Math.round()
7, 8690, -2.5, 1.0, -0.5, 0.0, 1, Math.abs()
7, 8691, -2.5, 1.0, -0.5, 0.5, 1, Math.abs()
7, 8692, -2.5, 1.0, -0.5, 1.0, 1, Math.abs()
7, 8693, -2.5, 1.0, -0.5, 1.5, 1, Math.abs()
7, 8694, -2.5, 1.0, -0.5, 2.0, 0, Math.abs(x)
7, 8695, -2.5, 1.0, -0.5, 2.5, 0, Math.abs(x)
7, 8696, -2.5, 1.0, -0.5, 3.0, 0, Math.abs(x)
7, 8697, -2.5, 1.0, -0.5, 3.5, 0, Math.abs(x)
7, 8698, -2.5, 1.0, -0.5, 4.0, 0, Math.abs(x)
7, 8699, -2.5, 1.0, -0.5, 4.5, 6, Math.round()
7, 8700, -2.5, 1.0, -0.5, 5.0, 6, Math.round()
7, 8701, -2.5, 1.0, 0.0, 0.0, 1, Math.abs()
7, 8702, -2.5, 1.0, 0.0, 0.5, 1, Math.abs()
7, 8703, -2.5, 1.0, 0.0, 1.0, 1, Math.abs()
7, 8704, -2.5, 1.0, 0.0, 1.5, 1, Math.abs()
7, 8705, -2.5, 1.0, 0.0, 2.0, 0, Math.abs(x)
7, 8706, -2.5, 1.0, 0.0, 2.5, 0, Math.abs(x)
7, 8707, -2.5, 1.0, 0.0, 3.0, 0, Math.abs(x)
7, 8708, -2.5, 1.0, 0.0, 3.5, 6, Math.round()
7, 8709, -2.5, 1.0, 0.0, 4.0, 6, Math.round()
7, 8710, -2.5, 1.0, 0.0, 4.5, 6, Math.round()
7, 8711, -2.5, 1.0, 0.0, 5.0, 6, Math.round()
7, 8712, -2.0, 1.0, -5.0, 0.0, 1, Math.abs()
7, 8713, -2.0, 1.0, -5.0, 0.5, 1, Math.abs()
7, 8714, -2.0, 1.0, -5.0, 1.0, 1, Math.abs()
7, 8715, -2.0, 1.0, -5.0, 1.5, 0, Math.abs(x)
7, 8716, -2.0, 1.0, -5.0, 2.0, 0, Math.abs(x)
7, 8717, -2.0, 1.0, -5.0, 2.5, 0, Math.abs(x)
7, 8718, -2.0, 1.0, -5.0, 3.0, 0, Math.abs(x)
7, 8719, -2.0, 1.0, -5.0, 3.5, 0, Math.abs(x)
7, 8720, -2.0, 1.0, -5.0, 4.0, 0, Math.abs(x)
7, 8721, -2.0, 1.0, -5.0, 4.5, 0, Math.abs(x)
7, 8722, -2.0, 1.0, -5.0, 5.0, 0, Math.abs(x)
7, 8723, -2.0, 1.0, -4.5, 0.0, 1, Math.abs()
7, 8724, -2.0, 1.0, -4.5, 0.5, 1, Math.abs()
7, 8725, -2.0, 1.0, -4.5, 1.0, 1, Math.abs()
7, 8726, -2.0, 1.0, -4.5, 1.5, 0, Math.abs(x)
7, 8727, -2.0, 1.0, -4.5, 2.0, 0, Math.abs(x)
7, 8728, -2.0, 1.0, -4.5, 2.5, 0, Math.abs(x)
7, 8729, -2.0, 1.0, -4.5, 3.0, 0, Math.abs(x)
7, 8730, -2.0, 1.0, -4.5, 3.5, 0, Math.abs(x)
7, 8731, -2.0, 1.0, -4.5, 4.0, 0, Math.abs(x)
7, 8732, -2.0, 1.0, -4.5, 4.5, 0, Math.abs(x)
7, 8733, -2.0, 1.0, -4.5, 5.0, 0, Math.abs(x)
7, 8734, -2.0, 1.0, -4.0, 0.0, 1, Math.abs()
7, 8735, -2.0, 1.0, -4.0, 0.5, 1, Math.abs()
7, 8736, -2.0, 1.0, -4.0, 1.0, 1, Math.abs()
7, 8737, -2.0, 1.0, -4.0, 1.5, 0, Math.abs(x)
7, 8738, -2.0, 1.0, -4.0, 2.0, 0, Math.abs(x)
7, 8739, -2.0, 1.0, -4.0, 2.5, 0, Math.abs(x)
7, 8740, -2.0, 1.0, -4.0, 3.0, 0, Math.abs(x)
7, 8741, -2.0, 1.0, -4.0, 3.5, 0, Math.abs(x)
7, 8742, -2.0, 1.0, -4.0, 4.0, 0, Math.abs(x)
7, 8743, -2.0, 1.0, -4.0, 4.5, 0, Math.abs(x)
7, 8744, -2.0, 1.0, -4.0, 5.0, 0, Math.abs(x)
7, 8745, -2.0, 1.0, -3.5, 0.0, 1, Math.abs()
7, 8746, -2.0, 1.0, -3.5, 0.5, 1, Math.abs()
7, 8747, -2.0, 1.0, -3.5, 1.0, 1, Math.abs()
7, 8748, -2.0, 1.0, -3.5, 1.5, 0, Math.abs(x)
7, 8749, -2.0, 1.0, -3.5, 2.0, 0, Math.abs(x)
7, 8750, -2.0, 1.0, -3.5, 2.5, 0, Math.abs(x)
7, 8751, -2.0, 1.0, -3.5, 3.0, 0, Math.abs(x)
7, 8752, -2.0, 1.0, -3.5, 3.5, 0, Math.abs(x)
7, 8753, -2.0, 1.0, -3.5, 4.0, 0, Math.abs(x)
7, 8754, -2.0, 1.0, -3.5, 4.5, 0, Math.abs(x)
7, 8755, -2.0, 1.0, -3.5, 5.0, 0, Math.abs(x)
7, 8756, -2.0, 1.0, -3.0, 0.0, 1, Math.abs()
7, 8757, -2.0, 1.0, -3.0, 0.5, 1, Math.abs()
7, 8758, -2.0, 1.0, -3.0, 1.0, 1, Math.abs()
7, 8759, -2.0, 1.0, -3.0, 1.5, 0, Math.abs(x)
7, 8760, -2.0, 1.0, -3.0, 2.0, 0, Math.abs(x)
7, 8761, -2.0, 1.0, -3.0, 2.5, 0, Math.abs(x)
7, 8762, -2.0, 1.0, -3.0, 3.0, 0, Math.abs(x)
7, 8763, -2.0, 1.0, -3.0, 3.5, 0, Math.abs(x)
7, 8764, -2.0, 1.0, -3.0, 4.0, 0, Math.abs(x)
7, 8765, -2.0, 1.0, -3.0, 4.5, 0, Math.abs(x)
7, 8766, -2.0, 1.0, -3.0, 5.0, 0, Math.abs(x)
7, 8767, -2.0, 1.0, -2.5, 0.0, 1, Math.abs()
7, 8768, -2.0, 1.0, -2.5, 0.5, 1, Math.abs()
7, 8769, -2.0, 1.0, -2.5, 1.0, 1, Math.abs()
7, 8770, -2.0, 1.0, -2.5, 1.5, 0, Math.abs(x)
7, 8771, -2.0, 1.0, -2.5, 2.0, 0, Math.abs(x)
7, 8772, -2.0, 1.0, -2.5, 2.5, 0, Math.abs(x)
7, 8773, -2.0, 1.0, -2.5, 3.0, 0, Math.abs(x)
7, 8774, -2.0, 1.0, -2.5, 3.5, 0, Math.abs(x)
7, 8775, -2.0, 1.0, -2.5, 4.0, 0, Math.abs(x)
7, 8776, -2.0, 1.0, -2.5, 4.5, 0, Math.abs(x)
7, 8777, -2.0, 1.0, -2.5, 5.0, 0, Math.abs(x)
7, 8778, -2.0, 1.0, -2.0, 0.0, 1, Math.abs()
7, 8779, -2.0, 1.0, -2.0, 0.5, 1, Math.abs()
7, 8780, -2.0, 1.0, -2.0, 1.0, 1, Math.abs()
7, 8781, -2.0, 1.0, -2.0, 1.5, 0, Math.abs(x)
7, 8782, -2.0, 1.0, -2.0, 2.0, 0, Math.abs(x)
7, 8783, -2.0, 1.0, -2.0, 2.5, 0, Math.abs(x)
7, 8784, -2.0, 1.0, -2.0, 3.0, 0, Math.abs(x)
7, 8785, -2.0, 1.0, -2.0, 3.5, 0, Math.abs(x)
7, 8786, -2.0, 1.0, -2.0, 4.0, 0, Math.abs(x)
7, 8787, -2.0, 1.0, -2.0, 4.5, 0, Math.abs(x)
7, 8788, -2.0, 1.0, -2.0, 5.0, 0, Math.abs(x)
7, 8789, -2.0, 1.0, -1.5, 0.0, 1, Math.abs()
7, 8790, -2.0, 1.0, -1.5, 0.5, 1, Math.abs()
7, 8791, -2.0, 1.0, -1.5, 1.0, 1, Math.abs()
7, 8792, -2.0, 1.0, -1.5, 1.5, 0, Math.abs(x)
7, 8793, -2.0, 1.0, -1.5, 2.0, 0, Math.abs(x)
7, 8794, -2.0, 1.0, -1.5, 2.5, 0, Math.abs(x)
7, 8795, -2.0, 1.0, -1.5, 3.0, 0, Math.abs(x)
7, 8796, -2.0, 1.0, -1.5, 3.5, 0, Math.abs(x)
7, 8797, -2.0, 1.0, -1.5, 4.0, 0, Math.abs(x)
7, 8798, -2.0, 1.0, -1.5, 4.5, 0, Math.abs(x)
7, 8799, -2.0, 1.0, -1.5, 5.0, 6, Math.round()
7, 8800, -2.0, 1.0, -1.0, 0.0, 1, Math.abs()
7, 8801, -2.0, 1.0, -1.0, 0.5, 1, Math.abs()
7, 8802, -2.0, 1.0, -1.0, 1.0, 1, Math.abs()
7, 8803, -2.0, 1.0, -1.0, 1.5, 0, Math.abs(x)
7, 8804, -2.0, 1.0, -1.0, 2.0, 0, Math.abs(x)
7, 8805, -2.0, 1.0, -1.0, 2.5, 0, Math.abs(x)
7, 8806, -2.0, 1.0, -1.0, 3.0, 0, Math.abs(x)
7, 8807, -2.0, 1.0, -1.0, 3.5, 0, Math.abs(x)
7, 8808, -2.0, 1.0, -1.0, 4.0, 0, Math.abs(x)
7, 8809, -2.0, 1.0, -1.0, 4.5, 6, Math.round()
7, 8810, -2.0, 1.0, -1.0, 5.0, 6, Math.round()
7, 8811, -2.0, 1.0, -0.5, 0.0, 1, Math.abs()
7, 8812, -2.0, 1.0, -0.5, 0.5, 1, Math.abs()
7, 8813, -2.0, 1.0, -0.5, 1.0, 1, Math.abs()
7, 8814, -2.0, 1.0, -0.5, 1.5, 0, Math.abs(x)
7, 8815, -2.0, 1.0, -0.5, 2.0, 0, Math.abs(x)
7, 8816, -2.0, 1.0, -0.5, 2.5, 0, Math.abs(x)
7, 8817, -2.0, 1.0, -0.5, 3.0, 0, Math.abs(x)
7, 8818, -2.0, 1.0, -0.5, 3.5, 6, Math.round()
7, 8819, -2.0, 1.0, -0.5, 4.0, 6, Math.round()
7, 8820, -2.0, 1.0, -0.5, 4.5, 6, Math.round()
7, 8821, -2.0, 1.0, -0.5, 5.0, 6, Math.round()
7, 8822, -2.0, 1.0, 0.0, 0.0, 1, Math.abs()
7, 8823, -2.0, 1.0, 0.0, 0.5, 1, Math.abs()
7, 8824, -2.0, 1.0, 0.0, 1.0, 1, Math.abs()
7, 8825, -2.0, 1.0, 0.0, 1.5, 0, Math.abs(x)
7, 8826, -2.0, 1.0, 0.0, 2.0, 0, Math.abs(x)
7, 8827, -2.0, 1.0, 0.0, 2.5, 0, Math.abs(x)
7, 8828, -2.0, 1.0, 0.0, 3.0, 6, Math.round()
7, 8829, -2.0, 1.0, 0.0, 3.5, 6, Math.round()
7, 8830, -2.0, 1.0, 0.0, 4.0, 6, Math.round()
7, 8831, -2.0, 1.0, 0.0, 4.5, 7, hashCode()
7, 8832, -2.0, 1.0, 0.0, 5.0, 7, hashCode()
7, 8833, -1.5, 1.0, -5.0, 0.0, 1, Math.abs()
7, 8834, -1.5, 1.0, -5.0, 0.5, 0, Math.abs(x)
7, 8835, -1.5, 1.0, -5.0, 1.0, 0, Math.abs(x)
7, 8836, -1.5, 1.0, -5.0, 1.5, 0, Math.abs(x)
7, 8837, -1.5, 1.0, -5.0, 2.0, 0, Math.abs(x)
7, 8838, -1.5, 1.0, -5.0, 2.5, 0, Math.abs(x)
7, 8839, -1.5, 1.0, -5.0, 3.0, 0, Math.abs(x)
7, 8840, -1.5, 1.0, -5.0, 3.5, 0, Math.abs(x)
7, 8841, -1.5, 1.0, -5.0, 4.0, 0, Math.abs(x)
7, 8842, -1.5, 1.0, -5.0, 4.5, 0, Math.abs(x)
7, 8843, -1.5, 1.0, -5.0, 5.0, 0, Math.abs(x)
7, 8844, -1.5, 1.0, -4.5, 0.0, 1, Math.abs()
7, 8845, -1.5, 1.0, -4.5, 0.5, 0, Math.abs(x)
7, 8846, -1.5, 1.0, -4.5, 1.0, 0, Math.abs(x)
7, 8847, -1.5, 1.0, -4.5, 1.5, 0, Math.abs(x)
7, 8848, -1.5, 1.0, -4.5, 2.0, 0, Math.abs(x)
7, 8849, -1.5, 1.0, -4.5, 2.5, 0, Math.abs(x)
7, 8850, -1.5, 1.0, -4.5, 3.0, 0, Math.abs(x)
7, 8851, -1.5, 1.0, -4.5, 3.5, 0, Math.abs(x)
7, 8852, -1.5, 1.0, -4.5, 4.0, 0, Math.abs(x)
7, 8853, -1.5, 1.0, -4.5, 4.5, 0, Math.abs(x)
7, 8854, -1.5, 1.0, -4.5, 5.0, 0, Math.abs(x)
7, 8855, -1.5, 1.0, -4.0, 0.0, 1, Math.abs()
7, 8856, -1.5, 1.0, -4.0, 0.5, 0, Math.abs(x)
7, 8857, -1.5, 1.0, -4.0, 1.0, 0, Math.abs(x)
7, 8858, -1.5, 1.0, -4.0, 1.5, 0, Math.abs(x)
7, 8859, -1.5, 1.0, -4.0, 2.0, 0, Math.abs(x)
7, 8860, -1.5, 1.0, -4.0, 2.5, 0, Math.abs(x)
7, 8861, -1.5, 1.0, -4.0, 3.0, 0, Math.abs(x)
7, 8862, -1.5, 1.0, -4.0, 3.5, 0, Math.abs(x)
7, 8863, -1.5, 1.0, -4.0, 4.0, 0, Math.abs(x)
7, 8864, -1.5, 1.0, -4.0, 4.5, 0, Math.abs(x)
7, 8865, -1.5, 1.0, -4.0, 5.0, 0, Math.abs(x)
7, 8866, -1.5, 1.0, -3.5, 0.0, 1, Math.abs()
7, 8867, -1.5, 1.0, -3.5, 0.5, 0, Math.abs(x)
7, 8868, -1.5, 1.0, -3.5, 1.0, 0, Math.abs(x)
7, 8869, -1.5, 1.0, -3.5, 1.5, 0, Math.abs(x)
7, 8870, -1.5, 1.0, -3.5, 2.0, 0, Math.abs(x)
7, 8871, -1.5, 1.0, -3.5, 2.5, 0, Math.abs(x)
7, 8872, -1.5, 1.0, -3.5, 3.0, 0, Math.abs(x)
7, 8873, -1.5, 1.0, -3.5, 3.5, 0, Math.abs(x)
7, 8874, -1.5, 1.0, -3.5, 4.0, 0, Math.abs(x)
7, 8875, -1.5, 1.0, -3.5, 4.5, 0, Math.abs(x)
7, 8876, -1.5, 1.0, -3.5, 5.0, 0, Math.abs(x)
7, 8877, -1.5, 1.0, -3.0, 0.0, 1, Math.abs()
7, 8878, -1.5, 1.0, -3.0, 0.5, 0, Math.abs(x)
7, 8879, -1.5, 1.0, -3.0, 1.0, 0, Math.abs(x)
7, 8880, -1.5, 1.0, -3.0, 1.5, 0, Math.abs(x)
7, 8881, -1.5, 1.0, -3.0, 2.0, 0, Math.abs(x)
7, 8882, -1.5, 1.0, -3.0, 2.5, 0, Math.abs(x)
7, 8883, -1.5, 1.0, -3.0, 3.0, 0, Math.abs(x)
7, 8884, -1.5, 1.0, -3.0, 3.5, 0, Math.abs(x)
7, 8885, -1.5, 1.0, -3.0, 4.0, 0, Math.abs(x)
7, 8886, -1.5, 1.0, -3.0, 4.5, 0, Math.abs(x)
7, 8887, -1.5, 1.0, -3.0, 5.0, 0, Math.abs(x)
7, 8888, -1.5, 1.0, -2.5, 0.0, 1, Math.abs()
7, 8889, -1.5, 1.0, -2.5, 0.5, 0, Math.abs(x)
7, 8890, -1.5, 1.0, -2.5, 1.0, 0, Math.abs(x)
7, 8891, -1.5, 1.0, -2.5, 1.5, 0, Math.abs(x)
7, 8892, -1.5, 1.0, -2.5, 2.0, 0, Math.abs(x)
7, 8893, -1.5, 1.0, -2.5, 2.5, 0, Math.abs(x)
7, 8894, -1.5, 1.0, -2.5, 3.0, 0, Math.abs(x)
7, 8895, -1.5, 1.0, -2.5, 3.5, 0, Math.abs(x)
7, 8896, -1.5, 1.0, -2.5, 4.0, 0, Math.abs(x)
7, 8897, -1.5, 1.0, -2.5, 4.5, 0, Math.abs(x)
7, 8898, -1.5, 1.0, -2.5, 5.0, 0, Math.abs(x)
7, 8899, -1.5, 1.0, -2.0, 0.0, 1, Math.abs()
7, 8900, -1.5, 1.0, -2.0, 0.5, 0, Math.abs(x)
7, 8901, -1.5, 1.0, -2.0, 1.0, 0, Math.abs(x)
7, 8902, -1.5, 1.0, -2.0, 1.5, 0, Math.abs(x)
7, 8903, -1.5, 1.0, -2.0, 2.0, 0, Math.abs(x)
7, 8904, -1.5, 1.0, -2.0, 2.5, 0, Math.abs(x)
7, 8905, -1.5, 1.0, -2.0, 3.0, 0, Math.abs(x)
7, 8906, -1.5, 1.0, -2.0, 3.5, 0, Math.abs(x)
7, 8907, -1.5, 1.0, -2.0, 4.0, 0, Math.abs(x)
7, 8908, -1.5, 1.0, -2.0, 4.5, 0, Math.abs(x)
7, 8909, -1.5, 1.0, -2.0, 5.0, 6, Math.round()
7, 8910, -1.5, 1.0, -1.5, 0.0, 1, Math.abs()
7, 8911, -1.5, 1.0, -1.5, 0.5, 0, Math.abs(x)
7, 8912, -1.5, 1.0, -1.5, 1.0, 0, Math.abs(x)
7, 8913, -1.5, 1.0, -1.5, 1.5, 0, Math.abs(x)
7, 8914, -1.5, 1.0, -1.5, 2.0, 0, Math.abs(x)
7, 8915, -1.5, 1.0, -1.5, 2.5, 0, Math.abs(x)
7, 8916, -1.5, 1.0, -1.5, 3.0, 0, Math.abs(x)
7, 8917, -1.5, 1.0, -1.5, 3.5, 0, Math.abs(x)
7, 8918, -1.5, 1.0, -1.5, 4.0, 0, Math.abs(x)
7, 8919, -1.5, 1.0, -1.5, 4.5, 6, Math.round()
7, 8920, -1.5, 1.0, -1.5, 5.0, 6, Math.round()
7, 8921, -1.5, 1.0, -1.0, 0.0, 1, Math.abs()
7, 8922, -1.5, 1.0, -1.0, 0.5, 0, Math.abs(x)
7, 8923, -1.5, 1.0, -1.0, 1.0, 0, Math.abs(x)
7, 8924, -1.5, 1.0, -1.0, 1.5, 0, Math.abs(x)
7, 8925, -1.5, 1.0, -1.0, 2.0, 0, Math.abs(x)
7, 8926, -1.5, 1.0, -1.0, 2.5, 0, Math.abs(x)
7, 8927, -1.5, 1.0, -1.0, 3.0, 0, Math.abs(x)
7, 8928, -1.5, 1.0, -1.0, 3.5, 6, Math.round()
7, 8929, -1.5, 1.0, -1.0, 4.0, 6, Math.round()
7, 8930, -1.5, 1.0, -1.0, 4.5, 6, Math.round()
7, 8931, -1.5, 1.0, -1.0, 5.0, 7, hashCode()
7, 8932, -1.5, 1.0, -0.5, 0.0, 1, Math.abs()
7, 8933, -1.5, 1.0, -0.5, 0.5, 0, Math.abs(x)
7, 8934, -1.5, 1.0, -0.5, 1.0, 0, Math.abs(x)
7, 8935, -1.5, 1.0, -0.5, 1.5, 0, Math.abs(x)
7, 8936, -1.5, 1.0, -0.5, 2.0, 0, Math.abs(x)
7, 8937, -1.5, 1.0, -0.5, 2.5, 0, Math.abs(x)
7, 8938, -1.5, 1.0, -0.5, 3.0, 6, Math.round()
7, 8939, -1.5, 1.0, -0.5, 3.5, 6, Math.round()
7, 8940, -1.5, 1.0, -0.5, 4.0, 7, hashCode()
7, 8941, -1.5, 1.0, -0.5, 4.5, 7, hashCode()
7, 8942, -1.5, 1.0, -0.5, 5.0, 7, hashCode()
7, 8943, -1.5, 1.0, 0.0, 0.0, 1, Math.abs()
7, 8944, -1.5, 1.0, 0.0, 0.5, 0, Math.abs(x)
7, 8945, -1.5, 1.0, 0.0, 1.0, 0, Math.abs(x)
7, 8946, -1.5, 1.0, 0.0, 1.5, 0, Math.abs(x)
7, 8947, -1.5, 1.0, 0.0, 2.0, 0, Math.abs(x)
7, 8948, -1.5, 1.0, 0.0, 2.5, 6, Math.round()
7, 8949, -1.5, 1.0, 0.0, 3.0, 7, hashCode()
7, 8950, -1.5, 1.0, 0.0, 3.5, 7, hashCode()
7, 8951, -1.5, 1.0, 0.0, 4.0, 7, hashCode()
7, 8952, -1.5, 1.0, 0.0, 4.5, 7, hashCode()
7, 8953, -1.5, 1.0, 0.0, 5.0, 7, hashCode()
7, 8954, -1.0, 1.0, -5.0, 0.0, 0, Math.abs(x)
7, 8955, -1.0, 1.0, -5.0, 0.5, 0, Math.abs(x)
7, 8956, -1.0, 1.0, -5.0, 1.0, 0, Math.abs(x)
7, 8957, -1.0, 1.0, -5.0, 1.5, 0, Math.abs(x)
7, 8958, -1.0, 1.0, -5.0, 2.0, 0, Math.abs(x)
7, 8959, -1.0, 1.0, -5.0, 2.5, 0, Math.abs(x)
7, 8960, -1.0, 1.0, -5.0, 3.0, 0, Math.abs(x)
7, 8961, -1.0, 1.0, -5.0, 3.5, 0, Math.abs(x)
7, 8962, -1.0, 1.0, -5.0, 4.0, 0, Math.abs(x)
7, 8963, -1.0, 1.0, -5.0, 4.5, 0, Math.abs(x)
7, 8964, -1.0, 1.0, -5.0, 5.0, 0, Math.abs(x)
7, 8965, -1.0, 1.0, -4.5, 0.0, 0, Math.abs(x)
7, 8966, -1.0, 1.0, -4.5, 0.5, 0, Math.abs(x)
7, 8967, -1.0, 1.0, -4.5, 1.0, 0, Math.abs(x)
7, 8968, -1.0, 1.0, -4.5, 1.5, 0, Math.abs(x)
7, 8969, -1.0, 1.0, -4.5, 2.0, 0, Math.abs(x)
7, 8970, -1.0, 1.0, -4.5, 2.5, 0, Math.abs(x)
7, 8971, -1.0, 1.0, -4.5, 3.0, 0, Math.abs(x)
7, 8972, -1.0, 1.0, -4.5, 3.5, 0, Math.abs(x)
7, 8973, -1.0, 1.0, -4.5, 4.0, 0, Math.abs(x)
7, 8974, -1.0, 1.0, -4.5, 4.5, 0, Math.abs(x)
7, 8975, -1.0, 1.0, -4.5, 5.0, 0, Math.abs(x)
7, 8976, -1.0, 1.0, -4.0, 0.0, 0, Math.abs(x)
7, 8977, -1.0, 1.0, -4.0, 0.5, 0, Math.abs(x)
7, 8978, -1.0, 1.0, -4.0, 1.0, 0, Math.abs(x)
7, 8979, -1.0, 1.0, -4.0, 1.5, 0, Math.abs(x)
7, 8980, -1.0, 1.0, -4.0, 2.0, 0, Math.abs(x)
7, 8981, -1.0, 1.0, -4.0, 2.5, 0, Math.abs(x)
7, 8982, -1.0, 1.0, -4.0, 3.0, 0, Math.abs(x)
7, 8983, -1.0, 1.0, -4.0, 3.5, 0, Math.abs(x)
7, 8984, -1.0, 1.0, -4.0, 4.0, 0, Math.abs(x)
7, 8985, -1.0, 1.0, -4.0, 4.5, 0, Math.abs(x)
7, 8986, -1.0, 1.0, -4.0, 5.0, 0, Math.abs(x)
7, 8987, -1.0, 1.0, -3.5, 0.0, 0, Math.abs(x)
7, 8988, -1.0, 1.0, -3.5, 0.5, 0, Math.abs(x)
7, 8989, -1.0, 1.0, -3.5, 1.0, 0, Math.abs(x)
7, 8990, -1.0, 1.0, -3.5, 1.5, 0, Math.abs(x)
7, 8991, -1.0, 1.0, -3.5, 2.0, 0, Math.abs(x)
7, 8992, -1.0, 1.0, -3.5, 2.5, 0, Math.abs(x)
7, 8993, -1.0, 1.0, -3.5, 3.0, 0, Math.abs(x)
7, 8994, -1.0, 1.0, -3.5, 3.5, 0, Math.abs(x)
7, 8995, -1.0, 1.0, -3.5, 4.0, 0, Math.abs(x)
7, 8996, -1.0, 1.0, -3.5, 4.5, 0, Math.abs(x)
7, 8997, -1.0, 1.0, -3.5, 5.0, 0, Math.abs(x)
7, 8998, -1.0, 1.0, -3.0, 0.0, 0, Math.abs(x)
7, 8999, -1.0, 1.0, -3.0, 0.5, 0, Math.abs(x)
7, 9000, -1.0, 1.0, -3.0, 1.0, 0, Math.abs(x)
7, 9001, -1.0, 1.0, -3.0, 1.5, 0, Math.abs(x)
7, 9002, -1.0, 1.0, -3.0, 2.0, 0, Math.abs(x)
7, 9003, -1.0, 1.0, -3.0, 2.5, 0, Math.abs(x)
7, 9004, -1.0, 1.0, -3.0, 3.0, 0, Math.abs(x)
7, 9005, -1.0, 1.0, -3.0, 3.5, 0, Math.abs(x)
7, 9006, -1.0, 1.0, -3.0, 4.0, 0, Math.abs(x)
7, 9007, -1.0, 1.0, -3.0, 4.5, 0, Math.abs(x)
7, 9008, -1.0, 1.0, -3.0, 5.0, 0, Math.abs(x)
7, 9009, -1.0, 1.0, -2.5, 0.0, 0, Math.abs(x)
7, 9010, -1.0, 1.0, -2.5, 0.5, 0, Math.abs(x)
7, 9011, -1.0, 1.0, -2.5, 1.0, 0, Math.abs(x)
7, 9012, -1.0, 1.0, -2.5, 1.5, 0, Math.abs(x)
7, 9013, -1.0, 1.0, -2.5, 2.0, 0, Math.abs(x)
7, 9014, -1.0, 1.0, -2.5, 2.5, 0, Math.abs(x)
7, 9015, -1.0, 1.0, -2.5, 3.0, 0, Math.abs(x)
7, 9016, -1.0, 1.0, -2.5, 3.5, 0, Math.abs(x)
7, 9017, -1.0, 1.0, -2.5, 4.0, 0, Math.abs(x)
7, 9018, -1.0, 1.0, -2.5, 4.5, 0, Math.abs(x)
7, 9019, -1.0, 1.0, -2.5, 5.0, 6, Math.round()
7, 9020, -1.0, 1.0, -2.0, 0.0, 0, Math.abs(x)
7, 9021, -1.0, 1.0, -2.0, 0.5, 0, Math.abs(x)
7, 9022, -1.0, 1.0, -2.0, 1.0, 0, Math.abs(x)
7, 9023, -1.0, 1.0, -2.0, 1.5, 0, Math.abs(x)
7, 9024, -1.0, 1.0, -2.0, 2.0, 0, Math.abs(x)
7, 9025, -1.0, 1.0, -2.0, 2.5, 0, Math.abs(x)
7, 9026, -1.0, 1.0, -2.0, 3.0, 0, Math.abs(x)
7, 9027, -1.0, 1.0, -2.0, 3.5, 0, Math.abs(x)
7, 9028, -1.0, 1.0, -2.0, 4.0, 0, Math.abs(x)
7, 9029, -1.0, 1.0, -2.0, 4.5, 6, Math.round()
7, 9030, -1.0, 1.0, -2.0, 5.0, 6, Math.round()
7, 9031, -1.0, 1.0, -1.5, 0.0, 0, Math.abs(x)
7, 9032, -1.0, 1.0, -1.5, 0.5, 0, Math.abs(x)
7, 9033, -1.0, 1.0, -1.5, 1.0, 0, Math.abs(x)
7, 9034, -1.0, 1.0, -1.5, 1.5, 0, Math.abs(x)
7, 9035, -1.0, 1.0, -1.5, 2.0, 0, Math.abs(x)
7, 9036, -1.0, 1.0, -1.5, 2.5, 0, Math.abs(x)
7, 9037, -1.0, 1.0, -1.5, 3.0, 0, Math.abs(x)
7, 9038, -1.0, 1.0, -1.5, 3.5, 6, Math.round()
7, 9039, -1.0, 1.0, -1.5, 4.0, 6, Math.round()
7, 9040, -1.0, 1.0, -1.5, 4.5, 7, hashCode()
7, 9041, -1.0, 1.0, -1.5, 5.0, 7, hashCode()
7, 9042, -1.0, 1.0, -1.0, 0.0, 0, Math.abs(x)
7, 9043, -1.0, 1.0, -1.0, 0.5, 0, Math.abs(x)
7, 9044, -1.0, 1.0, -1.0, 1.0, 0, Math.abs(x)
7, 9045, -1.0, 1.0, -1.0, 1.5, 0, Math.abs(x)
7, 9046, -1.0, 1.0, -1.0, 2.0, 0, Math.abs(x)
7, 9047, -1.0, 1.0, -1.0, 2.5, 0, Math.abs(x)
7, 9048, -1.0, 1.0, -1.0, 3.0, 6, Math.round()
7, 9049, -1.0, 1.0, -1.0, 3.5, 7, hashCode()
7, 9050, -1.0, 1.0, -1.0, 4.0, 7, hashCode()
7, 9051, -1.0, 1.0, -1.0, 4.5, 7, hashCode()
7, 9052, -1.0, 1.0, -1.0, 5.0, 7, hashCode()
7, 9053, -1.0, 1.0, -0.5, 0.0, 0, Math.abs(x)
7, 9054, -1.0, 1.0, -0.5, 0.5, 0, Math.abs(x)
7, 9055, -1.0, 1.0, -0.5, 1.0, 0, Math.abs(x)
7, 9056, -1.0, 1.0, -0.5, 1.5, 0, Math.abs(x)
7, 9057, -1.0, 1.0, -0.5, 2.0, 0, Math.abs(x)
7, 9058, -1.0, 1.0, -0.5, 2.5, 7, hashCode()
7, 9059, -1.0, 1.0, -0.5, 3.0, 7, hashCode()
7, 9060, -1.0, 1.0, -0.5, 3.5, 7, hashCode()
7, 9061, -1.0, 1.0, -0.5, 4.0, 7, hashCode()
7, 9062, -1.0, 1.0, -0.5, 4.5, 7, hashCode()
7, 9063, -1.0, 1.0, -0.5, 5.0, 7, hashCode()
7, 9064, -1.0, 1.0, 0.0, 0.0, 6, Math.round()
7, 9065, -1.0, 1.0, 0.0, 0.5, 0, Math.abs(x)
7, 9066, -1.0, 1.0, 0.0, 1.0, 0, Math.abs(x)
7, 9067, -1.0, 1.0, 0.0, 1.5, 7, hashCode()
7, 9068, -1.0, 1.0, 0.0, 2.0, 7, hashCode()
7, 9069, -1.0, 1.0, 0.0, 2.5, 7, hashCode()
7, 9070, -1.0, 1.0, 0.0, 3.0, 7, hashCode()
7, 9071, -1.0, 1.0, 0.0, 3.5, 7, hashCode()
7, 9072, -1.0, 1.0, 0.0, 4.0, 7, hashCode()
7, 9073, -1.0, 1.0, 0.0, 4.5, 7, hashCode()
7, 9074, -1.0, 1.0, 0.0, 5.0, 7, hashCode()
7, 9075, -0.5, 1.0, -5.0, 0.0, 0, Math.abs(x)
7, 9076, -0.5, 1.0, -5.0, 0.5, 0, Math.abs(x)
7, 9077, -0.5, 1.0, -5.0, 1.0, 0, Math.abs(x)
7, 9078, -0.5, 1.0, -5.0, 1.5, 0, Math.abs(x)
7, 9079, -0.5, 1.0, -5.0, 2.0, 0, Math.abs(x)
7, 9080, -0.5, 1.0, -5.0, 2.5, 0, Math.abs(x)
7, 9081, -0.5, 1.0, -5.0, 3.0, 0, Math.abs(x)
7, 9082, -0.5, 1.0, -5.0, 3.5, 0, Math.abs(x)
7, 9083, -0.5, 1.0, -5.0, 4.0, 0, Math.abs(x)
7, 9084, -0.5, 1.0, -5.0, 4.5, 0, Math.abs(x)
7, 9085, -0.5, 1.0, -5.0, 5.0, 0, Math.abs(x)
7, 9086, -0.5, 1.0, -4.5, 0.0, 0, Math.abs(x)
7, 9087, -0.5, 1.0, -4.5, 0.5, 0, Math.abs(x)
7, 9088, -0.5, 1.0, -4.5, 1.0, 0, Math.abs(x)
7, 9089, -0.5, 1.0, -4.5, 1.5, 0, Math.abs(x)
7, 9090, -0.5, 1.0, -4.5, 2.0, 0, Math.abs(x)
7, 9091, -0.5, 1.0, -4.5, 2.5, 0, Math.abs(x)
7, 9092, -0.5, 1.0, -4.5, 3.0, 0, Math.abs(x)
7, 9093, -0.5, 1.0, -4.5, 3.5, 0, Math.abs(x)
7, 9094, -0.5, 1.0, -4.5, 4.0, 0, Math.abs(x)
7, 9095, -0.5, 1.0, -4.5, 4.5, 0, Math.abs(x)
7, 9096, -0.5, 1.0, -4.5, 5.0, 0, Math.abs(x)
7, 9097, -0.5, 1.0, -4.0, 0.0, 0, Math.abs(x)
7, 9098, -0.5, 1.0, -4.0, 0.5, 0, Math.abs(x)
7, 9099, -0.5, 1.0, -4.0, 1.0, 0, Math.abs(x)
7, 9100, -0.5, 1.0, -4.0, 1.5, 0, Math.abs(x)
7, 9101, -0.5, 1.0, -4.0, 2.0, 0, Math.abs(x)
7, 9102, -0.5, 1.0, -4.0, 2.5, 0, Math.abs(x)
7, 9103, -0.5, 1.0, -4.0, 3.0, 0, Math.abs(x)
7, 9104, -0.5, 1.0, -4.0, 3.5, 0, Math.abs(x)
7, 9105, -0.5, 1.0, -4.0, 4.0, 0, Math.abs(x)
7, 9106, -0.5, 1.0, -4.0, 4.5, 0, Math.abs(x)
7, 9107, -0.5, 1.0, -4.0, 5.0, 0, Math.abs(x)
7, 9108, -0.5, 1.0, -3.5, 0.0, 0, Math.abs(x)
7, 9109, -0.5, 1.0, -3.5, 0.5, 0, Math.abs(x)
7, 9110, -0.5, 1.0, -3.5, 1.0, 0, Math.abs(x)
7, 9111, -0.5, 1.0, -3.5, 1.5, 0, Math.abs(x)
7, 9112, -0.5, 1.0, -3.5, 2.0, 0, Math.abs(x)
7, 9113, -0.5, 1.0, -3.5, 2.5, 0, Math.abs(x)
7, 9114, -0.5, 1.0, -3.5, 3.0, 0, Math.abs(x)
7, 9115, -0.5, 1.0, -3.5, 3.5, 0, Math.abs(x)
7, 9116, -0.5, 1.0, -3.5, 4.0, 0, Math.abs(x)
7, 9117, -0.5, 1.0, -3.5, 4.5, 0, Math.abs(x)
7, 9118, -0.5, 1.0, -3.5, 5.0, 6, Math.round()
7, 9119, -0.5, 1.0, -3.0, 0.0, 0, Math.abs(x)
7, 9120, -0.5, 1.0, -3.0, 0.5, 0, Math.abs(x)
7, 9121, -0.5, 1.0, -3.0, 1.0, 0, Math.abs(x)
7, 9122, -0.5, 1.0, -3.0, 1.5, 0, Math.abs(x)
7, 9123, -0.5, 1.0, -3.0, 2.0, 0, Math.abs(x)
7, 9124, -0.5, 1.0, -3.0, 2.5, 0, Math.abs(x)
7, 9125, -0.5, 1.0, -3.0, 3.0, 0, Math.abs(x)
7, 9126, -0.5, 1.0, -3.0, 3.5, 0, Math.abs(x)
7, 9127, -0.5, 1.0, -3.0, 4.0, 0, Math.abs(x)
7, 9128, -0.5, 1.0, -3.0, 4.5, 6, Math.round()
7, 9129, -0.5, 1.0, -3.0, 5.0, 6, Math.round()
7, 9130, -0.5, 1.0, -2.5, 0.0, 0, Math.abs(x)
7, 9131, -0.5, 1.0, -2.5, 0.5, 0, Math.abs(x)
7, 9132, -0.5, 1.0, -2.5, 1.0, 0, Math.abs(x)
7, 9133, -0.5, 1.0, -2.5, 1.5, 0, Math.abs(x)
7, 9134, -0.5, 1.0, -2.5, 2.0, 0, Math.abs(x)
7, 9135, -0.5, 1.0, -2.5, 2.5, 0, Math.abs(x)
7, 9136, -0.5, 1.0, -2.5, 3.0, 0, Math.abs(x)
7, 9137, -0.5, 1.0, -2.5, 3.5, 0, Math.abs(x)
7, 9138, -0.5, 1.0, -2.5, 4.0, 6, Math.round()
7, 9139, -0.5, 1.0, -2.5, 4.5, 7, hashCode()
7, 9140, -0.5, 1.0, -2.5, 5.0, 7, hashCode()
7, 9141, -0.5, 1.0, -2.0, 0.0, 0, Math.abs(x)
7, 9142, -0.5, 1.0, -2.0, 0.5, 0, Math.abs(x)
7, 9143, -0.5, 1.0, -2.0, 1.0, 0, Math.abs(x)
7, 9144, -0.5, 1.0, -2.0, 1.5, 0, Math.abs(x)
7, 9145, -0.5, 1.0, -2.0, 2.0, 0, Math.abs(x)
7, 9146, -0.5, 1.0, -2.0, 2.5, 0, Math.abs(x)
7, 9147, -0.5, 1.0, -2.0, 3.0, 0, Math.abs(x)
7, 9148, -0.5, 1.0, -2.0, 3.5, 7, hashCode()
7, 9149, -0.5, 1.0, -2.0, 4.0, 7, hashCode()
7, 9150, -0.5, 1.0, -2.0, 4.5, 7, hashCode()
7, 9151, -0.5, 1.0, -2.0, 5.0, 7, hashCode()
7, 9152, -0.5, 1.0, -1.5, 0.0, 0, Math.abs(x)
7, 9153, -0.5, 1.0, -1.5, 0.5, 0, Math.abs(x)
7, 9154, -0.5, 1.0, -1.5, 1.0, 0, Math.abs(x)
7, 9155, -0.5, 1.0, -1.5, 1.5, 0, Math.abs(x)
7, 9156, -0.5, 1.0, -1.5, 2.0, 0, Math.abs(x)
7, 9157, -0.5, 1.0, -1.5, 2.5, 0, Math.abs(x)
7, 9158, -0.5, 1.0, -1.5, 3.0, 7, hashCode()
7, 9159, -0.5, 1.0, -1.5, 3.5, 7, hashCode()
7, 9160, -0.5, 1.0, -1.5, 4.0, 7, hashCode()
7, 9161, -0.5, 1.0, -1.5, 4.5, 7, hashCode()
7, 9162, -0.5, 1.0, -1.5, 5.0, 7, hashCode()
7, 9163, -0.5, 1.0, -1.0, 0.0, 0, Math.abs(x)
7, 9164, -0.5, 1.0, -1.0, 0.5, 0, Math.abs(x)
7, 9165, -0.5, 1.0, -1.0, 1.0, 0, Math.abs(x)
7, 9166, -0.5, 1.0, -1.0, 1.5, 0, Math.abs(x)
7, 9167, -0.5, 1.0, -1.0, 2.0, 0, Math.abs(x)
7, 9168, -0.5, 1.0, -1.0, 2.5, 7, hashCode()
7, 9169, -0.5, 1.0, -1.0, 3.0, 7, hashCode()
7, 9170, -0.5, 1.0, -1.0, 3.5, 7, hashCode()
7, 9171, -0.5, 1.0, -1.0, 4.0, 7, hashCode()
7, 9172, -0.5, 1.0, -1.0, 4.5, 7, hashCode()
7, 9173, -0.5, 1.0, -1.0, 5.0, 7, hashCode()
7, 9174, -0.5, 1.0, -0.5, 0.0, 0, Math.abs(x)
7, 9175, -0.5, 1.0, -0.5, 0.5, 0, Math.abs(x)
7, 9176, -0.5, 1.0, -0.5, 1.0, 0, Math.abs(x)
7, 9177, -0.5, 1.0, -0.5, 1.5, 7, hashCode()
7, 9178, -0.5, 1.0, -0.5, 2.0, 7, hashCode()
7, 9179, -0.5, 1.0, -0.5, 2.5, 7, hashCode()
7, 9180, -0.5, 1.0, -0.5, 3.0, 7, hashCode()
7, 9181, -0.5, 1.0, -0.5, 3.5, 7, hashCode()
7, 9182, -0.5, 1.0, -0.5, 4.0, 7, hashCode()
7, 9183, -0.5, 1.0, -0.5, 4.5, 7, hashCode()
7, 9184, -0.5, 1.0, -0.5, 5.0, 7, hashCode()
7, 9185, -0.5, 1.0, 0.0, 0.0, 7, hashCode()
7, 9186, -0.5, 1.0, 0.0, 0.5, 0, Math.abs(x)
7, 9187, -0.5, 1.0, 0.0, 1.0, 7, hashCode()
7, 9188, -0.5, 1.0, 0.0, 1.5, 7, hashCode()
7, 9189, -0.5, 1.0, 0.0, 2.0, 7, hashCode()
7, 9190, -0.5, 1.0, 0.0, 2.5, 7, hashCode()
7, 9191, -0.5, 1.0, 0.0, 3.0, 7, hashCode()
7, 9192, -0.5, 1.0, 0.0, 3.5, 7, hashCode()
7, 9193, -0.5, 1.0, 0.0, 4.0, 7, hashCode()
7, 9194, -0.5, 1.0, 0.0, 4.5, 7, hashCode()
7, 9195, -0.5, 1.0, 0.0, 5.0, 7, hashCode()
7, 9196, 0.0, 1.0, -5.0, 0.0, 0, Math.abs(x)
7, 9197, 0.0, 1.0, -5.0, 0.5, 0, Math.abs(x)
7, 9198, 0.0, 1.0, -5.0, 1.0, 0, Math.abs(x)
7, 9199, 0.0, 1.0, -5.0, 1.5, 0, Math.abs(x)
7, 9200, 0.0, 1.0, -5.0, 2.0, 0, Math.abs(x)
7, 9201, 0.0, 1.0, -5.0, 2.5, 0, Math.abs(x)
7, 9202, 0.0, 1.0, -5.0, 3.0, 0, Math.abs(x)
7, 9203, 0.0, 1.0, -5.0, 3.5, 0, Math.abs(x)
7, 9204, 0.0, 1.0, -5.0, 4.0, 0, Math.abs(x)
7, 9205, 0.0, 1.0, -5.0, 4.5, 0, Math.abs(x)
7, 9206, 0.0, 1.0, -5.0, 5.0, 0, Math.abs(x)
7, 9207, 0.0, 1.0, -4.5, 0.0, 0, Math.abs(x)
7, 9208, 0.0, 1.0, -4.5, 0.5, 0, Math.abs(x)
7, 9209, 0.0, 1.0, -4.5, 1.0, 0, Math.abs(x)
7, 9210, 0.0, 1.0, -4.5, 1.5, 0, Math.abs(x)
7, 9211, 0.0, 1.0, -4.5, 2.0, 0, Math.abs(x)
7, 9212, 0.0, 1.0, -4.5, 2.5, 0, Math.abs(x)
7, 9213, 0.0, 1.0, -4.5, 3.0, 0, Math.abs(x)
7, 9214, 0.0, 1.0, -4.5, 3.5, 0, Math.abs(x)
7, 9215, 0.0, 1.0, -4.5, 4.0, 0, Math.abs(x)
7, 9216, 0.0, 1.0, -4.5, 4.5, 0, Math.abs(x)
7, 9217, 0.0, 1.0, -4.5, 5.0, 6, Math.round()
7, 9218, 0.0, 1.0, -4.0, 0.0, 0, Math.abs(x)
7, 9219, 0.0, 1.0, -4.0, 0.5, 0, Math.abs(x)
7, 9220, 0.0, 1.0, -4.0, 1.0, 0, Math.abs(x)
7, 9221, 0.0, 1.0, -4.0, 1.5, 0, Math.abs(x)
7, 9222, 0.0, 1.0, -4.0, 2.0, 0, Math.abs(x)
7, 9223, 0.0, 1.0, -4.0, 2.5, 0, Math.abs(x)
7, 9224, 0.0, 1.0, -4.0, 3.0, 0, Math.abs(x)
7, 9225, 0.0, 1.0, -4.0, 3.5, 0, Math.abs(x)
7, 9226, 0.0, 1.0, -4.0, 4.0, 0, Math.abs(x)
7, 9227, 0.0, 1.0, -4.0, 4.5, 6, Math.round()
7, 9228, 0.0, 1.0, -4.0, 5.0, 6, Math.round()
7, 9229, 0.0, 1.0, -3.5, 0.0, 0, Math.abs(x)
7, 9230, 0.0, 1.0, -3.5, 0.5, 0, Math.abs(x)
7, 9231, 0.0, 1.0, -3.5, 1.0, 0, Math.abs(x)
7, 9232, 0.0, 1.0, -3.5, 1.5, 0, Math.abs(x)
7, 9233, 0.0, 1.0, -3.5, 2.0, 0, Math.abs(x)
7, 9234, 0.0, 1.0, -3.5, 2.5, 0, Math.abs(x)
7, 9235, 0.0, 1.0, -3.5, 3.0, 0, Math.abs(x)
7, 9236, 0.0, 1.0, -3.5, 3.5, 0, Math.abs(x)
7, 9237, 0.0, 1.0, -3.5, 4.0, 6, Math.round()
7, 9238, 0.0, 1.0, -3.5, 4.5, 7, hashCode()
7, 9239, 0.0, 1.0, -3.5, 5.0, 7, hashCode()
7, 9240, 0.0, 1.0, -3.0, 0.0, 0, Math.abs(x)
7, 9241, 0.0, 1.0, -3.0, 0.5, 0, Math.abs(x)
7, 9242, 0.0, 1.0, -3.0, 1.0, 0, Math.abs(x)
7, 9243, 0.0, 1.0, -3.0, 1.5, 0, Math.abs(x)
7, 9244, 0.0, 1.0, -3.0, 2.0, 0, Math.abs(x)
7, 9245, 0.0, 1.0, -3.0, 2.5, 0, Math.abs(x)
7, 9246, 0.0, 1.0, -3.0, 3.0, 0, Math.abs(x)
7, 9247, 0.0, 1.0, -3.0, 3.5, 7, hashCode()
7, 9248, 0.0, 1.0, -3.0, 4.0, 7, hashCode()
7, 9249, 0.0, 1.0, -3.0, 4.5, 7, hashCode()
7, 9250, 0.0, 1.0, -3.0, 5.0, 7, hashCode()
7, 9251, 0.0, 1.0, -2.5, 0.0, 0, Math.abs(x)
7, 9252, 0.0, 1.0, -2.5, 0.5, 0, Math.abs(x)
7, 9253, 0.0, 1.0, -2.5, 1.0, 0, Math.abs(x)
7, 9254, 0.0, 1.0, -2.5, 1.5, 0, Math.abs(x)
7, 9255, 0.0, 1.0, -2.5, 2.0, 0, Math.abs(x)
7, 9256, 0.0, 1.0, -2.5, 2.5, 0, Math.abs(x)
7, 9257, 0.0, 1.0, -2.5, 3.0, 7, hashCode()
7, 9258, 0.0, 1.0, -2.5, 3.5, 7, hashCode()
7, 9259, 0.0, 1.0, -2.5, 4.0, 7, hashCode()
7, 9260, 0.0, 1.0, -2.5, 4.5, 7, hashCode()
7, 9261, 0.0, 1.0, -2.5, 5.0, 7, hashCode()
7, 9262, 0.0, 1.0, -2.0, 0.0, 0, Math.abs(x)
7, 9263, 0.0, 1.0, -2.0, 0.5, 0, Math.abs(x)
7, 9264, 0.0, 1.0, -2.0, 1.0, 0, Math.abs(x)
7, 9265, 0.0, 1.0, -2.0, 1.5, 0, Math.abs(x)
7, 9266, 0.0, 1.0, -2.0, 2.0, 0, Math.abs(x)
7, 9267, 0.0, 1.0, -2.0, 2.5, 7, hashCode()
7, 9268, 0.0, 1.0, -2.0, 3.0, 7, hashCode()
7, 9269, 0.0, 1.0, -2.0, 3.5, 7, hashCode()
7, 9270, 0.0, 1.0, -2.0, 4.0, 7, hashCode()
7, 9271, 0.0, 1.0, -2.0, 4.5, 7, hashCode()
7, 9272, 0.0, 1.0, -2.0, 5.0, 7, hashCode()
7, 9273, 0.0, 1.0, -1.5, 0.0, 0, Math.abs(x)
7, 9274, 0.0, 1.0, -1.5, 0.5, 0, Math.abs(x)
7, 9275, 0.0, 1.0, -1.5, 1.0, 0, Math.abs(x)
7, 9276, 0.0, 1.0, -1.5, 1.5, 0, Math.abs(x)
7, 9277, 0.0, 1.0, -1.5, 2.0, 7, hashCode()
7, 9278, 0.0, 1.0, -1.5, 2.5, 7, hashCode()
7, 9279, 0.0, 1.0, -1.5, 3.0, 7, hashCode()
7, 9280, 0.0, 1.0, -1.5, 3.5, 7, hashCode()
7, 9281, 0.0, 1.0, -1.5, 4.0, 7, hashCode()
7, 9282, 0.0, 1.0, -1.5, 4.5, 7, hashCode()
7, 9283, 0.0, 1.0, -1.5, 5.0, 7, hashCode()
7, 9284, 0.0, 1.0, -1.0, 0.0, 0, Math.abs(x)
7, 9285, 0.0, 1.0, -1.0, 0.5, 0, Math.abs(x)
7, 9286, 0.0, 1.0, -1.0, 1.0, 0, Math.abs(x)
7, 9287, 0.0, 1.0, -1.0, 1.5, 7, hashCode()
7, 9288, 0.0, 1.0, -1.0, 2.0, 7, hashCode()
7, 9289, 0.0, 1.0, -1.0, 2.5, 7, hashCode()
7, 9290, 0.0, 1.0, -1.0, 3.0, 7, hashCode()
7, 9291, 0.0, 1.0, -1.0, 3.5, 7, hashCode()
7, 9292, 0.0, 1.0, -1.0, 4.0, 7, hashCode()
7, 9293, 0.0, 1.0, -1.0, 4.5, 7, hashCode()
7, 9294, 0.0, 1.0, -1.0, 5.0, 7, hashCode()
7, 9295, 0.0, 1.0, -0.5, 0.0, 0, Math.abs(x)
7, 9296, 0.0, 1.0, -0.5, 0.5, 0, Math.abs(x)
7, 9297, 0.0, 1.0, -0.5, 1.0, 7, hashCode()
7, 9298, 0.0, 1.0, -0.5, 1.5, 7, hashCode()
7, 9299, 0.0, 1.0, -0.5, 2.0, 7, hashCode()
7, 9300, 0.0, 1.0, -0.5, 2.5, 7, hashCode()
7, 9301, 0.0, 1.0, -0.5, 3.0, 7, hashCode()
7, 9302, 0.0, 1.0, -0.5, 3.5, 7, hashCode()
7, 9303, 0.0, 1.0, -0.5, 4.0, 7, hashCode()
7, 9304, 0.0, 1.0, -0.5, 4.5, 7, hashCode()
7, 9305, 0.0, 1.0, -0.5, 5.0, 7, hashCode()
7, 9306, 0.0, 1.0, 0.0, 0.0, 7, hashCode()
7, 9307, 0.0, 1.0, 0.0, 0.5, 7, hashCode()
7, 9308, 0.0, 1.0, 0.0, 1.0, 7, hashCode()
7, 9309, 0.0, 1.0, 0.0, 1.5, 7, hashCode()
7, 9310, 0.0, 1.0, 0.0, 2.0, 7, hashCode()
7, 9311, 0.0, 1.0, 0.0, 2.5, 7, hashCode()
7, 9312, 0.0, 1.0, 0.0, 3.0, 7, hashCode()
7, 9313, 0.0, 1.0, 0.0, 3.5, 7, hashCode()
7, 9314, 0.0, 1.0, 0.0, 4.0, 7, hashCode()
7, 9315, 0.0, 1.0, 0.0, 4.5, 7, hashCode()
7, 9316, 0.0, 1.0, 0.0, 5.0, 7, hashCode()
