6, 5324, -5.0, 1.0, -5.0, 0.0, 19, 52, enumerate(), -10.0
6, 5325, -5.0, 1.0, -5.0, 0.5, 19, 52, enumerate(), -10.0
6, 5326, -5.0, 1.0, -5.0, 1.0, 19, 52, enumerate(), -10.0
6, 5327, -5.0, 1.0, -5.0, 1.5, 19, 52, enumerate(), -10.0
6, 5328, -5.0, 1.0, -5.0, 2.0, 19, 52, enumerate(), -10.0
6, 5329, -5.0, 1.0, -5.0, 2.5, 19, 52, enumerate(), -10.0
6, 5330, -5.0, 1.0, -5.0, 3.0, 19, 52, enumerate(), -10.0
6, 5331, -5.0, 1.0, -5.0, 3.5, 19, 52, enumerate(), -10.0
6, 5332, -5.0, 1.0, -5.0, 4.0, 19, 52, enumerate(), -10.0
6, 5333, -5.0, 1.0, -5.0, 4.5, 13, 162, new String(key, value), -14.0
6, 5334, -5.0, 1.0, -5.0, 5.0, 13, 10, key.replace(key, value), -8.0
6, 5335, -5.0, 1.0, -4.5, 0.0, 19, 52, enumerate(), -9.5
6, 5336, -5.0, 1.0, -4.5, 0.5, 19, 52, enumerate(), -9.5
6, 5337, -5.0, 1.0, -4.5, 1.0, 19, 52, enumerate(), -9.5
6, 5338, -5.0, 1.0, -4.5, 1.5, 19, 52, enumerate(), -9.5
6, 5339, -5.0, 1.0, -4.5, 2.0, 19, 52, enumerate(), -9.5
6, 5340, -5.0, 1.0, -4.5, 2.5, 19, 52, enumerate(), -9.5
6, 5341, -5.0, 1.0, -4.5, 3.0, 19, 52, enumerate(), -9.5
6, 5342, -5.0, 1.0, -4.5, 3.5, 19, 52, enumerate(), -9.5
6, 5343, -5.0, 1.0, -4.5, 4.0, 19, 52, enumerate(), -9.5
6, 5344, -5.0, 1.0, -4.5, 4.5, 13, 162, new String(key, value), -13.0
6, 5345, -5.0, 1.0, -4.5, 5.0, 13, 10, key.replace(key, value), -7.5
6, 5346, -5.0, 1.0, -4.0, 0.0, 19, 52, enumerate(), -9.0
6, 5347, -5.0, 1.0, -4.0, 0.5, 19, 52, enumerate(), -9.0
6, 5348, -5.0, 1.0, -4.0, 1.0, 19, 52, enumerate(), -9.0
6, 5349, -5.0, 1.0, -4.0, 1.5, 19, 52, enumerate(), -9.0
6, 5350, -5.0, 1.0, -4.0, 2.0, 19, 52, enumerate(), -9.0
6, 5351, -5.0, 1.0, -4.0, 2.5, 19, 52, enumerate(), -9.0
6, 5352, -5.0, 1.0, -4.0, 3.0, 19, 52, enumerate(), -9.0
6, 5353, -5.0, 1.0, -4.0, 3.5, 19, 52, enumerate(), -9.0
6, 5354, -5.0, 1.0, -4.0, 4.0, 19, 52, enumerate(), -9.0
6, 5355, -5.0, 1.0, -4.0, 4.5, 13, 162, new String(key, value), -12.0
6, 5356, -5.0, 1.0, -4.0, 5.0, 13, 10, key.replace(key, value), -7.0
6, 5357, -5.0, 1.0, -3.5, 0.0, 19, 52, enumerate(), -8.5
6, 5358, -5.0, 1.0, -3.5, 0.5, 19, 52, enumerate(), -8.5
6, 5359, -5.0, 1.0, -3.5, 1.0, 19, 52, enumerate(), -8.5
6, 5360, -5.0, 1.0, -3.5, 1.5, 19, 52, enumerate(), -8.5
6, 5361, -5.0, 1.0, -3.5, 2.0, 19, 52, enumerate(), -8.5
6, 5362, -5.0, 1.0, -3.5, 2.5, 19, 52, enumerate(), -8.5
6, 5363, -5.0, 1.0, -3.5, 3.0, 19, 52, enumerate(), -8.5
6, 5364, -5.0, 1.0, -3.5, 3.5, 19, 52, enumerate(), -8.5
6, 5365, -5.0, 1.0, -3.5, 4.0, 19, 52, enumerate(), -8.5
6, 5366, -5.0, 1.0, -3.5, 4.5, 13, 162, new String(key, value), -11.0
6, 5367, -5.0, 1.0, -3.5, 5.0, 13, 10, key.replace(key, value), -6.5
6, 5368, -5.0, 1.0, -3.0, 0.0, 19, 52, enumerate(), -8.0
6, 5369, -5.0, 1.0, -3.0, 0.5, 19, 52, enumerate(), -8.0
6, 5370, -5.0, 1.0, -3.0, 1.0, 19, 52, enumerate(), -8.0
6, 5371, -5.0, 1.0, -3.0, 1.5, 19, 52, enumerate(), -8.0
6, 5372, -5.0, 1.0, -3.0, 2.0, 19, 52, enumerate(), -8.0
6, 5373, -5.0, 1.0, -3.0, 2.5, 19, 52, enumerate(), -8.0
6, 5374, -5.0, 1.0, -3.0, 3.0, 19, 52, enumerate(), -8.0
6, 5375, -5.0, 1.0, -3.0, 3.5, 19, 52, enumerate(), -8.0
6, 5376, -5.0, 1.0, -3.0, 4.0, 19, 52, enumerate(), -8.0
6, 5377, -5.0, 1.0, -3.0, 4.5, 13, 162, new String(key, value), -10.0
6, 5378, -5.0, 1.0, -3.0, 5.0, 13, 10, key.replace(key, value), -6.0
6, 5379, -5.0, 1.0, -2.5, 0.0, 19, 52, enumerate(), -7.5
6, 5380, -5.0, 1.0, -2.5, 0.5, 19, 52, enumerate(), -7.5
6, 5381, -5.0, 1.0, -2.5, 1.0, 19, 52, enumerate(), -7.5
6, 5382, -5.0, 1.0, -2.5, 1.5, 19, 52, enumerate(), -7.5
6, 5383, -5.0, 1.0, -2.5, 2.0, 19, 52, enumerate(), -7.5
6, 5384, -5.0, 1.0, -2.5, 2.5, 19, 52, enumerate(), -7.5
6, 5385, -5.0, 1.0, -2.5, 3.0, 19, 52, enumerate(), -7.5
6, 5386, -5.0, 1.0, -2.5, 3.5, 19, 52, enumerate(), -7.5
6, 5387, -5.0, 1.0, -2.5, 4.0, 19, 52, enumerate(), -7.5
6, 5388, -5.0, 1.0, -2.5, 4.5, 13, 162, new String(key, value), -9.0
6, 5389, -5.0, 1.0, -2.5, 5.0, 13, 10, key.replace(key, value), -5.5
6, 5390, -5.0, 1.0, -2.0, 0.0, 19, 52, enumerate(), -7.0
6, 5391, -5.0, 1.0, -2.0, 0.5, 19, 52, enumerate(), -7.0
6, 5392, -5.0, 1.0, -2.0, 1.0, 19, 52, enumerate(), -7.0
6, 5393, -5.0, 1.0, -2.0, 1.5, 19, 52, enumerate(), -7.0
6, 5394, -5.0, 1.0, -2.0, 2.0, 19, 52, enumerate(), -7.0
6, 5395, -5.0, 1.0, -2.0, 2.5, 19, 52, enumerate(), -7.0
6, 5396, -5.0, 1.0, -2.0, 3.0, 19, 52, enumerate(), -7.0
6, 5397, -5.0, 1.0, -2.0, 3.5, 19, 52, enumerate(), -7.0
6, 5398, -5.0, 1.0, -2.0, 4.0, 19, 52, enumerate(), -7.0
6, 5399, -5.0, 1.0, -2.0, 4.5, 13, 162, new String(key, value), -8.0
6, 5400, -5.0, 1.0, -2.0, 5.0, 13, 10, key.replace(key, value), -5.0
6, 5401, -5.0, 1.0, -1.5, 0.0, 19, 52, enumerate(), -6.5
6, 5402, -5.0, 1.0, -1.5, 0.5, 19, 52, enumerate(), -6.5
6, 5403, -5.0, 1.0, -1.5, 1.0, 19, 52, enumerate(), -6.5
6, 5404, -5.0, 1.0, -1.5, 1.5, 19, 52, enumerate(), -6.5
6, 5405, -5.0, 1.0, -1.5, 2.0, 19, 52, enumerate(), -6.5
6, 5406, -5.0, 1.0, -1.5, 2.5, 19, 52, enumerate(), -6.5
6, 5407, -5.0, 1.0, -1.5, 3.0, 19, 52, enumerate(), -6.5
6, 5408, -5.0, 1.0, -1.5, 3.5, 19, 52, enumerate(), -6.5
6, 5409, -5.0, 1.0, -1.5, 4.0, 19, 52, enumerate(), -6.5
6, 5410, -5.0, 1.0, -1.5, 4.5, 13, 162, new String(key, value), -7.0
6, 5411, -5.0, 1.0, -1.5, 5.0, 13, 10, key.replace(key, value), -4.5
6, 5412, -5.0, 1.0, -1.0, 0.0, 19, 54, enumerate(), -6.0
6, 5413, -5.0, 1.0, -1.0, 0.5, 19, 54, enumerate(), -6.0
6, 5414, -5.0, 1.0, -1.0, 1.0, 19, 54, enumerate(), -6.0
6, 5415, -5.0, 1.0, -1.0, 1.5, 19, 54, enumerate(), -6.0
6, 5416, -5.0, 1.0, -1.0, 2.0, 19, 54, enumerate(), -6.0
6, 5417, -5.0, 1.0, -1.0, 2.5, 19, 54, enumerate(), -6.0
6, 5418, -5.0, 1.0, -1.0, 3.0, 19, 54, enumerate(), -6.0
6, 5419, -5.0, 1.0, -1.0, 3.5, 19, 54, enumerate(), -6.0
6, 5420, -5.0, 1.0, -1.0, 4.0, 19, 54, enumerate(), -6.0
6, 5421, -5.0, 1.0, -1.0, 4.5, 13, 130, new String(key, value), -6.0
6, 5422, -5.0, 1.0, -1.0, 5.0, 13, 10, key.replace(key, value), -4.0
6, 5423, -5.0, 1.0, -0.5, 0.0, 19, 59, enumerate(), -5.5
6, 5424, -5.0, 1.0, -0.5, 0.5, 19, 59, enumerate(), -5.5
6, 5425, -5.0, 1.0, -0.5, 1.0, 19, 59, enumerate(), -5.5
6, 5426, -5.0, 1.0, -0.5, 1.5, 19, 59, enumerate(), -5.5
6, 5427, -5.0, 1.0, -0.5, 2.0, 19, 59, enumerate(), -5.5
6, 5428, -5.0, 1.0, -0.5, 2.5, 19, 59, enumerate(), -5.5
6, 5429, -5.0, 1.0, -0.5, 3.0, 19, 59, enumerate(), -5.5
6, 5430, -5.0, 1.0, -0.5, 3.5, 19, 59, enumerate(), -5.5
6, 5431, -5.0, 1.0, -0.5, 4.0, 19, 59, enumerate(), -5.5
6, 5432, -5.0, 1.0, -0.5, 4.5, 13, 79, new String(key, value), -5.0
6, 5433, -5.0, 1.0, -0.5, 5.0, 13, 10, key.replace(key, value), -3.5
6, 5434, -5.0, 1.0, 0.0, 0.0, 19, 31, Character.getNumericValue(), -4.0
6, 5435, -5.0, 1.0, 0.0, 0.5, 19, 31, Character.getNumericValue(), -4.0
6, 5436, -5.0, 1.0, 0.0, 1.0, 19, 32, Character.getNumericValue(), -4.0
6, 5437, -5.0, 1.0, 0.0, 1.5, 19, 32, Character.getNumericValue(), -4.0
6, 5438, -5.0, 1.0, 0.0, 2.0, 19, 32, Character.getNumericValue(), -4.0
6, 5439, -5.0, 1.0, 0.0, 2.5, 19, 32, Character.getNumericValue(), -4.0
6, 5440, -5.0, 1.0, 0.0, 3.0, 19, 32, Character.getNumericValue(), -4.0
6, 5441, -5.0, 1.0, 0.0, 3.5, 19, 32, Character.getNumericValue(), -4.0
6, 5442, -5.0, 1.0, 0.0, 4.0, 19, 32, Character.getNumericValue(), -4.0
6, 5443, -5.0, 1.0, 0.0, 4.5, 13, 46, new String(key, value), -4.0
6, 5444, -5.0, 1.0, 0.0, 5.0, 13, 24, key.replace(key, value), -3.0
6, 5445, -4.5, 1.0, -5.0, 0.0, 19, 52, enumerate(), -9.5
6, 5446, -4.5, 1.0, -5.0, 0.5, 19, 52, enumerate(), -9.5
6, 5447, -4.5, 1.0, -5.0, 1.0, 19, 52, enumerate(), -9.5
6, 5448, -4.5, 1.0, -5.0, 1.5, 19, 52, enumerate(), -9.5
6, 5449, -4.5, 1.0, -5.0, 2.0, 19, 52, enumerate(), -9.5
6, 5450, -4.5, 1.0, -5.0, 2.5, 19, 52, enumerate(), -9.5
6, 5451, -4.5, 1.0, -5.0, 3.0, 19, 52, enumerate(), -9.5
6, 5452, -4.5, 1.0, -5.0, 3.5, 19, 52, enumerate(), -9.5
6, 5453, -4.5, 1.0, -5.0, 4.0, 13, 162, new String(key, value), -13.5
6, 5454, -4.5, 1.0, -5.0, 4.5, 13, 10, key.replace(key, value), -7.5
6, 5455, -4.5, 1.0, -5.0, 5.0, 13, 8, key.replace(key, value), -6.0
6, 5456, -4.5, 1.0, -4.5, 0.0, 19, 52, enumerate(), -9.0
6, 5457, -4.5, 1.0, -4.5, 0.5, 19, 52, enumerate(), -9.0
6, 5458, -4.5, 1.0, -4.5, 1.0, 19, 52, enumerate(), -9.0
6, 5459, -4.5, 1.0, -4.5, 1.5, 19, 52, enumerate(), -9.0
6, 5460, -4.5, 1.0, -4.5, 2.0, 19, 52, enumerate(), -9.0
6, 5461, -4.5, 1.0, -4.5, 2.5, 19, 52, enumerate(), -9.0
6, 5462, -4.5, 1.0, -4.5, 3.0, 19, 52, enumerate(), -9.0
6, 5463, -4.5, 1.0, -4.5, 3.5, 19, 52, enumerate(), -9.0
6, 5464, -4.5, 1.0, -4.5, 4.0, 13, 162, new String(key, value), -12.5
6, 5465, -4.5, 1.0, -4.5, 4.5, 13, 10, key.replace(key, value), -7.0
6, 5466, -4.5, 1.0, -4.5, 5.0, 13, 8, key.replace(key, value), -5.5
6, 5467, -4.5, 1.0, -4.0, 0.0, 19, 52, enumerate(), -8.5
6, 5468, -4.5, 1.0, -4.0, 0.5, 19, 52, enumerate(), -8.5
6, 5469, -4.5, 1.0, -4.0, 1.0, 19, 52, enumerate(), -8.5
6, 5470, -4.5, 1.0, -4.0, 1.5, 19, 52, enumerate(), -8.5
6, 5471, -4.5, 1.0, -4.0, 2.0, 19, 52, enumerate(), -8.5
6, 5472, -4.5, 1.0, -4.0, 2.5, 19, 52, enumerate(), -8.5
6, 5473, -4.5, 1.0, -4.0, 3.0, 19, 52, enumerate(), -8.5
6, 5474, -4.5, 1.0, -4.0, 3.5, 19, 52, enumerate(), -8.5
6, 5475, -4.5, 1.0, -4.0, 4.0, 13, 162, new String(key, value), -11.5
6, 5476, -4.5, 1.0, -4.0, 4.5, 13, 10, key.replace(key, value), -6.5
6, 5477, -4.5, 1.0, -4.0, 5.0, 13, 8, key.replace(key, value), -5.0
6, 5478, -4.5, 1.0, -3.5, 0.0, 19, 52, enumerate(), -8.0
6, 5479, -4.5, 1.0, -3.5, 0.5, 19, 52, enumerate(), -8.0
6, 5480, -4.5, 1.0, -3.5, 1.0, 19, 52, enumerate(), -8.0
6, 5481, -4.5, 1.0, -3.5, 1.5, 19, 52, enumerate(), -8.0
6, 5482, -4.5, 1.0, -3.5, 2.0, 19, 52, enumerate(), -8.0
6, 5483, -4.5, 1.0, -3.5, 2.5, 19, 52, enumerate(), -8.0
6, 5484, -4.5, 1.0, -3.5, 3.0, 19, 52, enumerate(), -8.0
6, 5485, -4.5, 1.0, -3.5, 3.5, 19, 52, enumerate(), -8.0
6, 5486, -4.5, 1.0, -3.5, 4.0, 13, 162, new String(key, value), -10.5
6, 5487, -4.5, 1.0, -3.5, 4.5, 13, 10, key.replace(key, value), -6.0
6, 5488, -4.5, 1.0, -3.5, 5.0, 13, 8, key.replace(key, value), -4.5
6, 5489, -4.5, 1.0, -3.0, 0.0, 19, 52, enumerate(), -7.5
6, 5490, -4.5, 1.0, -3.0, 0.5, 19, 52, enumerate(), -7.5
6, 5491, -4.5, 1.0, -3.0, 1.0, 19, 52, enumerate(), -7.5
6, 5492, -4.5, 1.0, -3.0, 1.5, 19, 52, enumerate(), -7.5
6, 5493, -4.5, 1.0, -3.0, 2.0, 19, 52, enumerate(), -7.5
6, 5494, -4.5, 1.0, -3.0, 2.5, 19, 52, enumerate(), -7.5
6, 5495, -4.5, 1.0, -3.0, 3.0, 19, 52, enumerate(), -7.5
6, 5496, -4.5, 1.0, -3.0, 3.5, 19, 52, enumerate(), -7.5
6, 5497, -4.5, 1.0, -3.0, 4.0, 13, 162, new String(key, value), -9.5
6, 5498, -4.5, 1.0, -3.0, 4.5, 13, 10, key.replace(key, value), -5.5
6, 5499, -4.5, 1.0, -3.0, 5.0, 13, 8, key.replace(key, value), -4.0
6, 5500, -4.5, 1.0, -2.5, 0.0, 19, 52, enumerate(), -7.0
6, 5501, -4.5, 1.0, -2.5, 0.5, 19, 52, enumerate(), -7.0
6, 5502, -4.5, 1.0, -2.5, 1.0, 19, 52, enumerate(), -7.0
6, 5503, -4.5, 1.0, -2.5, 1.5, 19, 52, enumerate(), -7.0
6, 5504, -4.5, 1.0, -2.5, 2.0, 19, 52, enumerate(), -7.0
6, 5505, -4.5, 1.0, -2.5, 2.5, 19, 52, enumerate(), -7.0
6, 5506, -4.5, 1.0, -2.5, 3.0, 19, 52, enumerate(), -7.0
6, 5507, -4.5, 1.0, -2.5, 3.5, 19, 52, enumerate(), -7.0
6, 5508, -4.5, 1.0, -2.5, 4.0, 13, 162, new String(key, value), -8.5
6, 5509, -4.5, 1.0, -2.5, 4.5, 13, 10, key.replace(key, value), -5.0
6, 5510, -4.5, 1.0, -2.5, 5.0, 13, 8, key.replace(key, value), -3.5
6, 5511, -4.5, 1.0, -2.0, 0.0, 19, 52, enumerate(), -6.5
6, 5512, -4.5, 1.0, -2.0, 0.5, 19, 52, enumerate(), -6.5
6, 5513, -4.5, 1.0, -2.0, 1.0, 19, 52, enumerate(), -6.5
6, 5514, -4.5, 1.0, -2.0, 1.5, 19, 52, enumerate(), -6.5
6, 5515, -4.5, 1.0, -2.0, 2.0, 19, 52, enumerate(), -6.5
6, 5516, -4.5, 1.0, -2.0, 2.5, 19, 52, enumerate(), -6.5
6, 5517, -4.5, 1.0, -2.0, 3.0, 19, 52, enumerate(), -6.5
6, 5518, -4.5, 1.0, -2.0, 3.5, 19, 52, enumerate(), -6.5
6, 5519, -4.5, 1.0, -2.0, 4.0, 13, 162, new String(key, value), -7.5
6, 5520, -4.5, 1.0, -2.0, 4.5, 13, 10, key.replace(key, value), -4.5
6, 5521, -4.5, 1.0, -2.0, 5.0, 13, 8, key.replace(key, value), -3.0
6, 5522, -4.5, 1.0, -1.5, 0.0, 19, 52, enumerate(), -6.0
6, 5523, -4.5, 1.0, -1.5, 0.5, 19, 52, enumerate(), -6.0
6, 5524, -4.5, 1.0, -1.5, 1.0, 19, 52, enumerate(), -6.0
6, 5525, -4.5, 1.0, -1.5, 1.5, 19, 52, enumerate(), -6.0
6, 5526, -4.5, 1.0, -1.5, 2.0, 19, 52, enumerate(), -6.0
6, 5527, -4.5, 1.0, -1.5, 2.5, 19, 52, enumerate(), -6.0
6, 5528, -4.5, 1.0, -1.5, 3.0, 19, 52, enumerate(), -6.0
6, 5529, -4.5, 1.0, -1.5, 3.5, 19, 52, enumerate(), -6.0
6, 5530, -4.5, 1.0, -1.5, 4.0, 13, 162, new String(key, value), -6.5
6, 5531, -4.5, 1.0, -1.5, 4.5, 13, 10, key.replace(key, value), -4.0
6, 5532, -4.5, 1.0, -1.5, 5.0, 13, 8, key.replace(key, value), -2.5
6, 5533, -4.5, 1.0, -1.0, 0.0, 19, 54, enumerate(), -5.5
6, 5534, -4.5, 1.0, -1.0, 0.5, 19, 54, enumerate(), -5.5
6, 5535, -4.5, 1.0, -1.0, 1.0, 19, 54, enumerate(), -5.5
6, 5536, -4.5, 1.0, -1.0, 1.5, 19, 54, enumerate(), -5.5
6, 5537, -4.5, 1.0, -1.0, 2.0, 19, 54, enumerate(), -5.5
6, 5538, -4.5, 1.0, -1.0, 2.5, 19, 54, enumerate(), -5.5
6, 5539, -4.5, 1.0, -1.0, 3.0, 19, 54, enumerate(), -5.5
6, 5540, -4.5, 1.0, -1.0, 3.5, 19, 54, enumerate(), -5.5
6, 5541, -4.5, 1.0, -1.0, 4.0, 13, 130, new String(key, value), -5.5
6, 5542, -4.5, 1.0, -1.0, 4.5, 13, 10, key.replace(key, value), -3.5
6, 5543, -4.5, 1.0, -1.0, 5.0, 13, 8, key.replace(key, value), -2.0
6, 5544, -4.5, 1.0, -0.5, 0.0, 19, 59, enumerate(), -5.0
6, 5545, -4.5, 1.0, -0.5, 0.5, 19, 59, enumerate(), -5.0
6, 5546, -4.5, 1.0, -0.5, 1.0, 19, 59, enumerate(), -5.0
6, 5547, -4.5, 1.0, -0.5, 1.5, 19, 59, enumerate(), -5.0
6, 5548, -4.5, 1.0, -0.5, 2.0, 19, 59, enumerate(), -5.0
6, 5549, -4.5, 1.0, -0.5, 2.5, 19, 59, enumerate(), -5.0
6, 5550, -4.5, 1.0, -0.5, 3.0, 19, 59, enumerate(), -5.0
6, 5551, -4.5, 1.0, -0.5, 3.5, 19, 59, enumerate(), -5.0
6, 5552, -4.5, 1.0, -0.5, 4.0, 13, 79, new String(key, value), -4.5
6, 5553, -4.5, 1.0, -0.5, 4.5, 13, 10, key.replace(key, value), -3.0
6, 5554, -4.5, 1.0, -0.5, 5.0, 13, 9, key.replace(key, value), -1.5
6, 5555, -4.5, 1.0, 0.0, 0.0, 19, 31, Character.getNumericValue(), -3.5
6, 5556, -4.5, 1.0, 0.0, 0.5, 19, 31, Character.getNumericValue(), -3.5
6, 5557, -4.5, 1.0, 0.0, 1.0, 19, 32, Character.getNumericValue(), -3.5
6, 5558, -4.5, 1.0, 0.0, 1.5, 19, 32, Character.getNumericValue(), -3.5
6, 5559, -4.5, 1.0, 0.0, 2.0, 19, 32, Character.getNumericValue(), -3.5
6, 5560, -4.5, 1.0, 0.0, 2.5, 19, 32, Character.getNumericValue(), -3.5
6, 5561, -4.5, 1.0, 0.0, 3.0, 19, 32, Character.getNumericValue(), -3.5
6, 5562, -4.5, 1.0, 0.0, 3.5, 19, 32, Character.getNumericValue(), -3.5
6, 5563, -4.5, 1.0, 0.0, 4.0, 13, 46, new String(key, value), -3.5
6, 5564, -4.5, 1.0, 0.0, 4.5, 13, 24, key.replace(key, value), -2.5
6, 5565, -4.5, 1.0, 0.0, 5.0, 13, 11, key.replace(key, value), -1.0
6, 5566, -4.0, 1.0, -5.0, 0.0, 19, 52, enumerate(), -9.0
6, 5567, -4.0, 1.0, -5.0, 0.5, 19, 52, enumerate(), -9.0
6, 5568, -4.0, 1.0, -5.0, 1.0, 19, 52, enumerate(), -9.0
6, 5569, -4.0, 1.0, -5.0, 1.5, 19, 52, enumerate(), -9.0
6, 5570, -4.0, 1.0, -5.0, 2.0, 19, 52, enumerate(), -9.0
6, 5571, -4.0, 1.0, -5.0, 2.5, 19, 52, enumerate(), -9.0
6, 5572, -4.0, 1.0, -5.0, 3.0, 19, 52, enumerate(), -9.0
6, 5573, -4.0, 1.0, -5.0, 3.5, 13, 162, new String(key, value), -13.0
6, 5574, -4.0, 1.0, -5.0, 4.0, 13, 10, key.replace(key, value), -7.0
6, 5575, -4.0, 1.0, -5.0, 4.5, 13, 8, key.replace(key, value), -5.5
6, 5576, -4.0, 1.0, -5.0, 5.0, 13, 8, key.replace(key, value), -4.0
6, 5577, -4.0, 1.0, -4.5, 0.0, 19, 52, enumerate(), -8.5
6, 5578, -4.0, 1.0, -4.5, 0.5, 19, 52, enumerate(), -8.5
6, 5579, -4.0, 1.0, -4.5, 1.0, 19, 52, enumerate(), -8.5
6, 5580, -4.0, 1.0, -4.5, 1.5, 19, 52, enumerate(), -8.5
6, 5581, -4.0, 1.0, -4.5, 2.0, 19, 52, enumerate(), -8.5
6, 5582, -4.0, 1.0, -4.5, 2.5, 19, 52, enumerate(), -8.5
6, 5583, -4.0, 1.0, -4.5, 3.0, 19, 52, enumerate(), -8.5
6, 5584, -4.0, 1.0, -4.5, 3.5, 13, 162, new String(key, value), -12.0
6, 5585, -4.0, 1.0, -4.5, 4.0, 13, 10, key.replace(key, value), -6.5
6, 5586, -4.0, 1.0, -4.5, 4.5, 13, 8, key.replace(key, value), -5.0
6, 5587, -4.0, 1.0, -4.5, 5.0, 13, 8, key.replace(key, value), -3.5
6, 5588, -4.0, 1.0, -4.0, 0.0, 19, 52, enumerate(), -8.0
6, 5589, -4.0, 1.0, -4.0, 0.5, 19, 52, enumerate(), -8.0
6, 5590, -4.0, 1.0, -4.0, 1.0, 19, 52, enumerate(), -8.0
6, 5591, -4.0, 1.0, -4.0, 1.5, 19, 52, enumerate(), -8.0
6, 5592, -4.0, 1.0, -4.0, 2.0, 19, 52, enumerate(), -8.0
6, 5593, -4.0, 1.0, -4.0, 2.5, 19, 52, enumerate(), -8.0
6, 5594, -4.0, 1.0, -4.0, 3.0, 19, 52, enumerate(), -8.0
6, 5595, -4.0, 1.0, -4.0, 3.5, 13, 162, new String(key, value), -11.0
6, 5596, -4.0, 1.0, -4.0, 4.0, 13, 10, key.replace(key, value), -6.0
6, 5597, -4.0, 1.0, -4.0, 4.5, 13, 8, key.replace(key, value), -4.5
6, 5598, -4.0, 1.0, -4.0, 5.0, 13, 8, key.replace(key, value), -3.0
6, 5599, -4.0, 1.0, -3.5, 0.0, 19, 52, enumerate(), -7.5
6, 5600, -4.0, 1.0, -3.5, 0.5, 19, 52, enumerate(), -7.5
6, 5601, -4.0, 1.0, -3.5, 1.0, 19, 52, enumerate(), -7.5
6, 5602, -4.0, 1.0, -3.5, 1.5, 19, 52, enumerate(), -7.5
6, 5603, -4.0, 1.0, -3.5, 2.0, 19, 52, enumerate(), -7.5
6, 5604, -4.0, 1.0, -3.5, 2.5, 19, 52, enumerate(), -7.5
6, 5605, -4.0, 1.0, -3.5, 3.0, 19, 52, enumerate(), -7.5
6, 5606, -4.0, 1.0, -3.5, 3.5, 13, 162, new String(key, value), -10.0
6, 5607, -4.0, 1.0, -3.5, 4.0, 13, 10, key.replace(key, value), -5.5
6, 5608, -4.0, 1.0, -3.5, 4.5, 13, 8, key.replace(key, value), -4.0
6, 5609, -4.0, 1.0, -3.5, 5.0, 13, 8, key.replace(key, value), -2.5
6, 5610, -4.0, 1.0, -3.0, 0.0, 19, 52, enumerate(), -7.0
6, 5611, -4.0, 1.0, -3.0, 0.5, 19, 52, enumerate(), -7.0
6, 5612, -4.0, 1.0, -3.0, 1.0, 19, 52, enumerate(), -7.0
6, 5613, -4.0, 1.0, -3.0, 1.5, 19, 52, enumerate(), -7.0
6, 5614, -4.0, 1.0, -3.0, 2.0, 19, 52, enumerate(), -7.0
6, 5615, -4.0, 1.0, -3.0, 2.5, 19, 52, enumerate(), -7.0
6, 5616, -4.0, 1.0, -3.0, 3.0, 19, 52, enumerate(), -7.0
6, 5617, -4.0, 1.0, -3.0, 3.5, 13, 162, new String(key, value), -9.0
6, 5618, -4.0, 1.0, -3.0, 4.0, 13, 10, key.replace(key, value), -5.0
6, 5619, -4.0, 1.0, -3.0, 4.5, 13, 8, key.replace(key, value), -3.5
6, 5620, -4.0, 1.0, -3.0, 5.0, 13, 8, key.replace(key, value), -2.0
6, 5621, -4.0, 1.0, -2.5, 0.0, 19, 52, enumerate(), -6.5
6, 5622, -4.0, 1.0, -2.5, 0.5, 19, 52, enumerate(), -6.5
6, 5623, -4.0, 1.0, -2.5, 1.0, 19, 52, enumerate(), -6.5
6, 5624, -4.0, 1.0, -2.5, 1.5, 19, 52, enumerate(), -6.5
6, 5625, -4.0, 1.0, -2.5, 2.0, 19, 52, enumerate(), -6.5
6, 5626, -4.0, 1.0, -2.5, 2.5, 19, 52, enumerate(), -6.5
6, 5627, -4.0, 1.0, -2.5, 3.0, 19, 52, enumerate(), -6.5
6, 5628, -4.0, 1.0, -2.5, 3.5, 13, 162, new String(key, value), -8.0
6, 5629, -4.0, 1.0, -2.5, 4.0, 13, 10, key.replace(key, value), -4.5
6, 5630, -4.0, 1.0, -2.5, 4.5, 13, 8, key.replace(key, value), -3.0
6, 5631, -4.0, 1.0, -2.5, 5.0, 13, 8, key.replace(key, value), -1.5
6, 5632, -4.0, 1.0, -2.0, 0.0, 19, 52, enumerate(), -6.0
6, 5633, -4.0, 1.0, -2.0, 0.5, 19, 52, enumerate(), -6.0
6, 5634, -4.0, 1.0, -2.0, 1.0, 19, 52, enumerate(), -6.0
6, 5635, -4.0, 1.0, -2.0, 1.5, 19, 52, enumerate(), -6.0
6, 5636, -4.0, 1.0, -2.0, 2.0, 19, 52, enumerate(), -6.0
6, 5637, -4.0, 1.0, -2.0, 2.5, 19, 52, enumerate(), -6.0
6, 5638, -4.0, 1.0, -2.0, 3.0, 19, 52, enumerate(), -6.0
6, 5639, -4.0, 1.0, -2.0, 3.5, 13, 162, new String(key, value), -7.0
6, 5640, -4.0, 1.0, -2.0, 4.0, 13, 10, key.replace(key, value), -4.0
6, 5641, -4.0, 1.0, -2.0, 4.5, 13, 8, key.replace(key, value), -2.5
6, 5642, -4.0, 1.0, -2.0, 5.0, 13, 8, key.replace(key, value), -1.0
6, 5643, -4.0, 1.0, -1.5, 0.0, 19, 52, enumerate(), -5.5
6, 5644, -4.0, 1.0, -1.5, 0.5, 19, 52, enumerate(), -5.5
6, 5645, -4.0, 1.0, -1.5, 1.0, 19, 52, enumerate(), -5.5
6, 5646, -4.0, 1.0, -1.5, 1.5, 19, 52, enumerate(), -5.5
6, 5647, -4.0, 1.0, -1.5, 2.0, 19, 52, enumerate(), -5.5
6, 5648, -4.0, 1.0, -1.5, 2.5, 19, 52, enumerate(), -5.5
6, 5649, -4.0, 1.0, -1.5, 3.0, 19, 52, enumerate(), -5.5
6, 5650, -4.0, 1.0, -1.5, 3.5, 13, 162, new String(key, value), -6.0
6, 5651, -4.0, 1.0, -1.5, 4.0, 13, 10, key.replace(key, value), -3.5
6, 5652, -4.0, 1.0, -1.5, 4.5, 13, 8, key.replace(key, value), -2.0
6, 5653, -4.0, 1.0, -1.5, 5.0, 13, 8, key.replace(key, value), -0.5
6, 5654, -4.0, 1.0, -1.0, 0.0, 19, 54, enumerate(), -5.0
6, 5655, -4.0, 1.0, -1.0, 0.5, 19, 54, enumerate(), -5.0
6, 5656, -4.0, 1.0, -1.0, 1.0, 19, 54, enumerate(), -5.0
6, 5657, -4.0, 1.0, -1.0, 1.5, 19, 54, enumerate(), -5.0
6, 5658, -4.0, 1.0, -1.0, 2.0, 19, 54, enumerate(), -5.0
6, 5659, -4.0, 1.0, -1.0, 2.5, 19, 54, enumerate(), -5.0
6, 5660, -4.0, 1.0, -1.0, 3.0, 19, 54, enumerate(), -5.0
6, 5661, -4.0, 1.0, -1.0, 3.5, 13, 130, new String(key, value), -5.0
6, 5662, -4.0, 1.0, -1.0, 4.0, 13, 10, key.replace(key, value), -3.0
6, 5663, -4.0, 1.0, -1.0, 4.5, 13, 8, key.replace(key, value), -1.5
6, 5664, -4.0, 1.0, -1.0, 5.0, 13, 9, key.replace(key, value), 0.0
6, 5665, -4.0, 1.0, -0.5, 0.0, 19, 59, enumerate(), -4.5
6, 5666, -4.0, 1.0, -0.5, 0.5, 19, 59, enumerate(), -4.5
6, 5667, -4.0, 1.0, -0.5, 1.0, 19, 59, enumerate(), -4.5
6, 5668, -4.0, 1.0, -0.5, 1.5, 19, 59, enumerate(), -4.5
6, 5669, -4.0, 1.0, -0.5, 2.0, 19, 59, enumerate(), -4.5
6, 5670, -4.0, 1.0, -0.5, 2.5, 19, 59, enumerate(), -4.5
6, 5671, -4.0, 1.0, -0.5, 3.0, 19, 59, enumerate(), -4.5
6, 5672, -4.0, 1.0, -0.5, 3.5, 13, 79, new String(key, value), -4.0
6, 5673, -4.0, 1.0, -0.5, 4.0, 13, 10, key.replace(key, value), -2.5
6, 5674, -4.0, 1.0, -0.5, 4.5, 13, 9, key.replace(key, value), -1.0
6, 5675, -4.0, 1.0, -0.5, 5.0, 13, 8, key.replace(key, value), 0.5
6, 5676, -4.0, 1.0, 0.0, 0.0, 19, 31, Character.getNumericValue(), -3.0
6, 5677, -4.0, 1.0, 0.0, 0.5, 19, 31, Character.getNumericValue(), -3.0
6, 5678, -4.0, 1.0, 0.0, 1.0, 19, 32, Character.getNumericValue(), -3.0
6, 5679, -4.0, 1.0, 0.0, 1.5, 19, 32, Character.getNumericValue(), -3.0
6, 5680, -4.0, 1.0, 0.0, 2.0, 19, 32, Character.getNumericValue(), -3.0
6, 5681, -4.0, 1.0, 0.0, 2.5, 19, 32, Character.getNumericValue(), -3.0
6, 5682, -4.0, 1.0, 0.0, 3.0, 19, 32, Character.getNumericValue(), -3.0
6, 5683, -4.0, 1.0, 0.0, 3.5, 13, 46, new String(key, value), -3.0
6, 5684, -4.0, 1.0, 0.0, 4.0, 13, 24, key.replace(key, value), -2.0
6, 5685, -4.0, 1.0, 0.0, 4.5, 13, 11, key.replace(key, value), -0.5
6, 5686, -4.0, 1.0, 0.0, 5.0, 13, 12, key.replace(key, value), 1.0
6, 5687, -3.5, 1.0, -5.0, 0.0, 19, 52, enumerate(), -8.5
6, 5688, -3.5, 1.0, -5.0, 0.5, 19, 52, enumerate(), -8.5
6, 5689, -3.5, 1.0, -5.0, 1.0, 19, 52, enumerate(), -8.5
6, 5690, -3.5, 1.0, -5.0, 1.5, 19, 52, enumerate(), -8.5
6, 5691, -3.5, 1.0, -5.0, 2.0, 19, 52, enumerate(), -8.5
6, 5692, -3.5, 1.0, -5.0, 2.5, 19, 52, enumerate(), -8.5
6, 5693, -3.5, 1.0, -5.0, 3.0, 13, 162, new String(key, value), -12.5
6, 5694, -3.5, 1.0, -5.0, 3.5, 13, 10, key.replace(key, value), -6.5
6, 5695, -3.5, 1.0, -5.0, 4.0, 13, 8, key.replace(key, value), -5.0
6, 5696, -3.5, 1.0, -5.0, 4.5, 0, 0, numberNames.put(key, value), 4.5
6, 5697, -3.5, 1.0, -5.0, 5.0, 0, 0, numberNames.put(key, value), 6.0
6, 5698, -3.5, 1.0, -4.5, 0.0, 19, 52, enumerate(), -8.0
6, 5699, -3.5, 1.0, -4.5, 0.5, 19, 52, enumerate(), -8.0
6, 5700, -3.5, 1.0, -4.5, 1.0, 19, 52, enumerate(), -8.0
6, 5701, -3.5, 1.0, -4.5, 1.5, 19, 52, enumerate(), -8.0
6, 5702, -3.5, 1.0, -4.5, 2.0, 19, 52, enumerate(), -8.0
6, 5703, -3.5, 1.0, -4.5, 2.5, 19, 52, enumerate(), -8.0
6, 5704, -3.5, 1.0, -4.5, 3.0, 13, 162, new String(key, value), -11.5
6, 5705, -3.5, 1.0, -4.5, 3.5, 13, 10, key.replace(key, value), -6.0
6, 5706, -3.5, 1.0, -4.5, 4.0, 13, 8, key.replace(key, value), -4.5
6, 5707, -3.5, 1.0, -4.5, 4.5, 0, 0, numberNames.put(key, value), 4.5
6, 5708, -3.5, 1.0, -4.5, 5.0, 0, 0, numberNames.put(key, value), 6.0
6, 5709, -3.5, 1.0, -4.0, 0.0, 19, 52, enumerate(), -7.5
6, 5710, -3.5, 1.0, -4.0, 0.5, 19, 52, enumerate(), -7.5
6, 5711, -3.5, 1.0, -4.0, 1.0, 19, 52, enumerate(), -7.5
6, 5712, -3.5, 1.0, -4.0, 1.5, 19, 52, enumerate(), -7.5
6, 5713, -3.5, 1.0, -4.0, 2.0, 19, 52, enumerate(), -7.5
6, 5714, -3.5, 1.0, -4.0, 2.5, 19, 52, enumerate(), -7.5
6, 5715, -3.5, 1.0, -4.0, 3.0, 13, 162, new String(key, value), -10.5
6, 5716, -3.5, 1.0, -4.0, 3.5, 13, 10, key.replace(key, value), -5.5
6, 5717, -3.5, 1.0, -4.0, 4.0, 13, 8, key.replace(key, value), -4.0
6, 5718, -3.5, 1.0, -4.0, 4.5, 0, 0, numberNames.put(key, value), 4.5
6, 5719, -3.5, 1.0, -4.0, 5.0, 0, 0, numberNames.put(key, value), 6.0
6, 5720, -3.5, 1.0, -3.5, 0.0, 19, 52, enumerate(), -7.0
6, 5721, -3.5, 1.0, -3.5, 0.5, 19, 52, enumerate(), -7.0
6, 5722, -3.5, 1.0, -3.5, 1.0, 19, 52, enumerate(), -7.0
6, 5723, -3.5, 1.0, -3.5, 1.5, 19, 52, enumerate(), -7.0
6, 5724, -3.5, 1.0, -3.5, 2.0, 19, 52, enumerate(), -7.0
6, 5725, -3.5, 1.0, -3.5, 2.5, 19, 52, enumerate(), -7.0
6, 5726, -3.5, 1.0, -3.5, 3.0, 13, 162, new String(key, value), -9.5
6, 5727, -3.5, 1.0, -3.5, 3.5, 13, 10, key.replace(key, value), -5.0
6, 5728, -3.5, 1.0, -3.5, 4.0, 13, 8, key.replace(key, value), -3.5
6, 5729, -3.5, 1.0, -3.5, 4.5, 0, 0, numberNames.put(key, value), 4.5
6, 5730, -3.5, 1.0, -3.5, 5.0, 0, 0, numberNames.put(key, value), 6.0
6, 5731, -3.5, 1.0, -3.0, 0.0, 19, 52, enumerate(), -6.5
6, 5732, -3.5, 1.0, -3.0, 0.5, 19, 52, enumerate(), -6.5
6, 5733, -3.5, 1.0, -3.0, 1.0, 19, 52, enumerate(), -6.5
6, 5734, -3.5, 1.0, -3.0, 1.5, 19, 52, enumerate(), -6.5
6, 5735, -3.5, 1.0, -3.0, 2.0, 19, 52, enumerate(), -6.5
6, 5736, -3.5, 1.0, -3.0, 2.5, 19, 52, enumerate(), -6.5
6, 5737, -3.5, 1.0, -3.0, 3.0, 13, 162, new String(key, value), -8.5
6, 5738, -3.5, 1.0, -3.0, 3.5, 13, 10, key.replace(key, value), -4.5
6, 5739, -3.5, 1.0, -3.0, 4.0, 13, 8, key.replace(key, value), -3.0
6, 5740, -3.5, 1.0, -3.0, 4.5, 0, 0, numberNames.put(key, value), 4.5
6, 5741, -3.5, 1.0, -3.0, 5.0, 0, 0, numberNames.put(key, value), 6.0
6, 5742, -3.5, 1.0, -2.5, 0.0, 19, 52, enumerate(), -6.0
6, 5743, -3.5, 1.0, -2.5, 0.5, 19, 52, enumerate(), -6.0
6, 5744, -3.5, 1.0, -2.5, 1.0, 19, 52, enumerate(), -6.0
6, 5745, -3.5, 1.0, -2.5, 1.5, 19, 52, enumerate(), -6.0
6, 5746, -3.5, 1.0, -2.5, 2.0, 19, 52, enumerate(), -6.0
6, 5747, -3.5, 1.0, -2.5, 2.5, 19, 52, enumerate(), -6.0
6, 5748, -3.5, 1.0, -2.5, 3.0, 13, 162, new String(key, value), -7.5
6, 5749, -3.5, 1.0, -2.5, 3.5, 13, 10, key.replace(key, value), -4.0
6, 5750, -3.5, 1.0, -2.5, 4.0, 13, 8, key.replace(key, value), -2.5
6, 5751, -3.5, 1.0, -2.5, 4.5, 0, 0, numberNames.put(key, value), 4.5
6, 5752, -3.5, 1.0, -2.5, 5.0, 0, 1, numberNames.put(key, value), 6.0
6, 5753, -3.5, 1.0, -2.0, 0.0, 19, 52, enumerate(), -5.5
6, 5754, -3.5, 1.0, -2.0, 0.5, 19, 52, enumerate(), -5.5
6, 5755, -3.5, 1.0, -2.0, 1.0, 19, 52, enumerate(), -5.5
6, 5756, -3.5, 1.0, -2.0, 1.5, 19, 52, enumerate(), -5.5
6, 5757, -3.5, 1.0, -2.0, 2.0, 19, 52, enumerate(), -5.5
6, 5758, -3.5, 1.0, -2.0, 2.5, 19, 52, enumerate(), -5.5
6, 5759, -3.5, 1.0, -2.0, 3.0, 13, 162, new String(key, value), -6.5
6, 5760, -3.5, 1.0, -2.0, 3.5, 13, 10, key.replace(key, value), -3.5
6, 5761, -3.5, 1.0, -2.0, 4.0, 13, 8, key.replace(key, value), -2.0
6, 5762, -3.5, 1.0, -2.0, 4.5, 0, 0, numberNames.put(key, value), 4.5
6, 5763, -3.5, 1.0, -2.0, 5.0, 0, 1, numberNames.put(key, value), 6.0
6, 5764, -3.5, 1.0, -1.5, 0.0, 19, 52, enumerate(), -5.0
6, 5765, -3.5, 1.0, -1.5, 0.5, 19, 52, enumerate(), -5.0
6, 5766, -3.5, 1.0, -1.5, 1.0, 19, 52, enumerate(), -5.0
6, 5767, -3.5, 1.0, -1.5, 1.5, 19, 52, enumerate(), -5.0
6, 5768, -3.5, 1.0, -1.5, 2.0, 19, 52, enumerate(), -5.0
6, 5769, -3.5, 1.0, -1.5, 2.5, 19, 52, enumerate(), -5.0
6, 5770, -3.5, 1.0, -1.5, 3.0, 13, 162, new String(key, value), -5.5
6, 5771, -3.5, 1.0, -1.5, 3.5, 13, 10, key.replace(key, value), -3.0
6, 5772, -3.5, 1.0, -1.5, 4.0, 13, 8, key.replace(key, value), -1.5
6, 5773, -3.5, 1.0, -1.5, 4.5, 0, 0, numberNames.put(key, value), 4.5
6, 5774, -3.5, 1.0, -1.5, 5.0, 0, 1, numberNames.put(key, value), 6.0
6, 5775, -3.5, 1.0, -1.0, 0.0, 19, 54, enumerate(), -4.5
6, 5776, -3.5, 1.0, -1.0, 0.5, 19, 54, enumerate(), -4.5
6, 5777, -3.5, 1.0, -1.0, 1.0, 19, 54, enumerate(), -4.5
6, 5778, -3.5, 1.0, -1.0, 1.5, 19, 54, enumerate(), -4.5
6, 5779, -3.5, 1.0, -1.0, 2.0, 19, 54, enumerate(), -4.5
6, 5780, -3.5, 1.0, -1.0, 2.5, 19, 54, enumerate(), -4.5
6, 5781, -3.5, 1.0, -1.0, 3.0, 13, 130, new String(key, value), -4.5
6, 5782, -3.5, 1.0, -1.0, 3.5, 13, 10, key.replace(key, value), -2.5
6, 5783, -3.5, 1.0, -1.0, 4.0, 13, 8, key.replace(key, value), -1.0
6, 5784, -3.5, 1.0, -1.0, 4.5, 0, 0, numberNames.put(key, value), 4.5
6, 5785, -3.5, 1.0, -1.0, 5.0, 0, 3, numberNames.put(key, value), 6.0
6, 5786, -3.5, 1.0, -0.5, 0.0, 19, 59, enumerate(), -4.0
6, 5787, -3.5, 1.0, -0.5, 0.5, 19, 59, enumerate(), -4.0
6, 5788, -3.5, 1.0, -0.5, 1.0, 19, 59, enumerate(), -4.0
6, 5789, -3.5, 1.0, -0.5, 1.5, 19, 59, enumerate(), -4.0
6, 5790, -3.5, 1.0, -0.5, 2.0, 19, 59, enumerate(), -4.0
6, 5791, -3.5, 1.0, -0.5, 2.5, 19, 59, enumerate(), -4.0
6, 5792, -3.5, 1.0, -0.5, 3.0, 13, 79, new String(key, value), -3.5
6, 5793, -3.5, 1.0, -0.5, 3.5, 13, 10, key.replace(key, value), -2.0
6, 5794, -3.5, 1.0, -0.5, 4.0, 13, 9, key.replace(key, value), -0.5
6, 5795, -3.5, 1.0, -0.5, 4.5, 0, 1, numberNames.put(key, value), 4.5
6, 5796, -3.5, 1.0, -0.5, 5.0, 0, 8, numberNames.put(key, value), 6.0
6, 5797, -3.5, 1.0, 0.0, 0.0, 19, 31, Character.getNumericValue(), -2.5
6, 5798, -3.5, 1.0, 0.0, 0.5, 19, 31, Character.getNumericValue(), -2.5
6, 5799, -3.5, 1.0, 0.0, 1.0, 19, 32, Character.getNumericValue(), -2.5
6, 5800, -3.5, 1.0, 0.0, 1.5, 19, 32, Character.getNumericValue(), -2.5
6, 5801, -3.5, 1.0, 0.0, 2.0, 19, 32, Character.getNumericValue(), -2.5
6, 5802, -3.5, 1.0, 0.0, 2.5, 19, 32, Character.getNumericValue(), -2.5
6, 5803, -3.5, 1.0, 0.0, 3.0, 13, 46, new String(key, value), -2.5
6, 5804, -3.5, 1.0, 0.0, 3.5, 13, 24, key.replace(key, value), -1.5
6, 5805, -3.5, 1.0, 0.0, 4.0, 13, 11, key.replace(key, value), 0.0
6, 5806, -3.5, 1.0, 0.0, 4.5, 0, 3, numberNames.put(key, value), 4.5
6, 5807, -3.5, 1.0, 0.0, 5.0, 6, 136, numberNames.put(key, value).set(), 2.5
6, 5808, -3.0, 1.0, -5.0, 0.0, 19, 52, enumerate(), -8.0
6, 5809, -3.0, 1.0, -5.0, 0.5, 19, 52, enumerate(), -8.0
6, 5810, -3.0, 1.0, -5.0, 1.0, 19, 52, enumerate(), -8.0
6, 5811, -3.0, 1.0, -5.0, 1.5, 19, 52, enumerate(), -8.0
6, 5812, -3.0, 1.0, -5.0, 2.0, 19, 52, enumerate(), -8.0
6, 5813, -3.0, 1.0, -5.0, 2.5, 13, 162, new String(key, value), -12.0
6, 5814, -3.0, 1.0, -5.0, 3.0, 13, 10, key.replace(key, value), -6.0
6, 5815, -3.0, 1.0, -5.0, 3.5, 0, 0, numberNames.put(key, value), 3.5
6, 5816, -3.0, 1.0, -5.0, 4.0, 0, 0, numberNames.put(key, value), 5.0
6, 5817, -3.0, 1.0, -5.0, 4.5, 0, 0, numberNames.put(key, value), 6.5
6, 5818, -3.0, 1.0, -5.0, 5.0, 6, 16, numberNames.put(key, value).set(), 0.0
6, 5819, -3.0, 1.0, -4.5, 0.0, 19, 52, enumerate(), -7.5
6, 5820, -3.0, 1.0, -4.5, 0.5, 19, 52, enumerate(), -7.5
6, 5821, -3.0, 1.0, -4.5, 1.0, 19, 52, enumerate(), -7.5
6, 5822, -3.0, 1.0, -4.5, 1.5, 19, 52, enumerate(), -7.5
6, 5823, -3.0, 1.0, -4.5, 2.0, 19, 52, enumerate(), -7.5
6, 5824, -3.0, 1.0, -4.5, 2.5, 13, 162, new String(key, value), -11.0
6, 5825, -3.0, 1.0, -4.5, 3.0, 13, 10, key.replace(key, value), -5.5
6, 5826, -3.0, 1.0, -4.5, 3.5, 0, 0, numberNames.put(key, value), 3.5
6, 5827, -3.0, 1.0, -4.5, 4.0, 0, 0, numberNames.put(key, value), 5.0
6, 5828, -3.0, 1.0, -4.5, 4.5, 0, 0, numberNames.put(key, value), 6.5
6, 5829, -3.0, 1.0, -4.5, 5.0, 6, 29, numberNames.put(key, value).set(), 0.5
6, 5830, -3.0, 1.0, -4.0, 0.0, 19, 52, enumerate(), -7.0
6, 5831, -3.0, 1.0, -4.0, 0.5, 19, 52, enumerate(), -7.0
6, 5832, -3.0, 1.0, -4.0, 1.0, 19, 52, enumerate(), -7.0
6, 5833, -3.0, 1.0, -4.0, 1.5, 19, 52, enumerate(), -7.0
6, 5834, -3.0, 1.0, -4.0, 2.0, 19, 52, enumerate(), -7.0
6, 5835, -3.0, 1.0, -4.0, 2.5, 13, 162, new String(key, value), -10.0
6, 5836, -3.0, 1.0, -4.0, 3.0, 13, 10, key.replace(key, value), -5.0
6, 5837, -3.0, 1.0, -4.0, 3.5, 0, 0, numberNames.put(key, value), 3.5
6, 5838, -3.0, 1.0, -4.0, 4.0, 0, 0, numberNames.put(key, value), 5.0
6, 5839, -3.0, 1.0, -4.0, 4.5, 0, 0, numberNames.put(key, value), 6.5
6, 5840, -3.0, 1.0, -4.0, 5.0, 6, 29, numberNames.put(key, value).set(), 1.0
6, 5841, -3.0, 1.0, -3.5, 0.0, 19, 52, enumerate(), -6.5
6, 5842, -3.0, 1.0, -3.5, 0.5, 19, 52, enumerate(), -6.5
6, 5843, -3.0, 1.0, -3.5, 1.0, 19, 52, enumerate(), -6.5
6, 5844, -3.0, 1.0, -3.5, 1.5, 19, 52, enumerate(), -6.5
6, 5845, -3.0, 1.0, -3.5, 2.0, 19, 52, enumerate(), -6.5
6, 5846, -3.0, 1.0, -3.5, 2.5, 13, 162, new String(key, value), -9.0
6, 5847, -3.0, 1.0, -3.5, 3.0, 13, 10, key.replace(key, value), -4.5
6, 5848, -3.0, 1.0, -3.5, 3.5, 0, 0, numberNames.put(key, value), 3.5
6, 5849, -3.0, 1.0, -3.5, 4.0, 0, 0, numberNames.put(key, value), 5.0
6, 5850, -3.0, 1.0, -3.5, 4.5, 0, 0, numberNames.put(key, value), 6.5
6, 5851, -3.0, 1.0, -3.5, 5.0, 6, 31, numberNames.put(key, value).set(), 1.5
6, 5852, -3.0, 1.0, -3.0, 0.0, 19, 52, enumerate(), -6.0
6, 5853, -3.0, 1.0, -3.0, 0.5, 19, 52, enumerate(), -6.0
6, 5854, -3.0, 1.0, -3.0, 1.0, 19, 52, enumerate(), -6.0
6, 5855, -3.0, 1.0, -3.0, 1.5, 19, 52, enumerate(), -6.0
6, 5856, -3.0, 1.0, -3.0, 2.0, 19, 52, enumerate(), -6.0
6, 5857, -3.0, 1.0, -3.0, 2.5, 13, 162, new String(key, value), -8.0
6, 5858, -3.0, 1.0, -3.0, 3.0, 13, 10, key.replace(key, value), -4.0
6, 5859, -3.0, 1.0, -3.0, 3.5, 0, 0, numberNames.put(key, value), 3.5
6, 5860, -3.0, 1.0, -3.0, 4.0, 0, 0, numberNames.put(key, value), 5.0
6, 5861, -3.0, 1.0, -3.0, 4.5, 0, 1, numberNames.put(key, value), 6.5
6, 5862, -3.0, 1.0, -3.0, 5.0, 6, 33, numberNames.put(key, value).set(), 2.0
6, 5863, -3.0, 1.0, -2.5, 0.0, 19, 52, enumerate(), -5.5
6, 5864, -3.0, 1.0, -2.5, 0.5, 19, 52, enumerate(), -5.5
6, 5865, -3.0, 1.0, -2.5, 1.0, 19, 52, enumerate(), -5.5
6, 5866, -3.0, 1.0, -2.5, 1.5, 19, 52, enumerate(), -5.5
6, 5867, -3.0, 1.0, -2.5, 2.0, 19, 52, enumerate(), -5.5
6, 5868, -3.0, 1.0, -2.5, 2.5, 13, 162, new String(key, value), -7.0
6, 5869, -3.0, 1.0, -2.5, 3.0, 13, 10, key.replace(key, value), -3.5
6, 5870, -3.0, 1.0, -2.5, 3.5, 0, 0, numberNames.put(key, value), 3.5
6, 5871, -3.0, 1.0, -2.5, 4.0, 0, 0, numberNames.put(key, value), 5.0
6, 5872, -3.0, 1.0, -2.5, 4.5, 0, 1, numberNames.put(key, value), 6.5
6, 5873, -3.0, 1.0, -2.5, 5.0, 6, 39, numberNames.put(key, value).set(), 2.5
6, 5874, -3.0, 1.0, -2.0, 0.0, 19, 52, enumerate(), -5.0
6, 5875, -3.0, 1.0, -2.0, 0.5, 19, 52, enumerate(), -5.0
6, 5876, -3.0, 1.0, -2.0, 1.0, 19, 52, enumerate(), -5.0
6, 5877, -3.0, 1.0, -2.0, 1.5, 19, 52, enumerate(), -5.0
6, 5878, -3.0, 1.0, -2.0, 2.0, 19, 52, enumerate(), -5.0
6, 5879, -3.0, 1.0, -2.0, 2.5, 13, 162, new String(key, value), -6.0
6, 5880, -3.0, 1.0, -2.0, 3.0, 13, 10, key.replace(key, value), -3.0
6, 5881, -3.0, 1.0, -2.0, 3.5, 0, 0, numberNames.put(key, value), 3.5
6, 5882, -3.0, 1.0, -2.0, 4.0, 0, 0, numberNames.put(key, value), 5.0
6, 5883, -3.0, 1.0, -2.0, 4.5, 0, 1, numberNames.put(key, value), 6.5
6, 5884, -3.0, 1.0, -2.0, 5.0, 6, 47, numberNames.put(key, value).set(), 3.0
6, 5885, -3.0, 1.0, -1.5, 0.0, 19, 52, enumerate(), -4.5
6, 5886, -3.0, 1.0, -1.5, 0.5, 19, 52, enumerate(), -4.5
6, 5887, -3.0, 1.0, -1.5, 1.0, 19, 52, enumerate(), -4.5
6, 5888, -3.0, 1.0, -1.5, 1.5, 19, 52, enumerate(), -4.5
6, 5889, -3.0, 1.0, -1.5, 2.0, 19, 52, enumerate(), -4.5
6, 5890, -3.0, 1.0, -1.5, 2.5, 13, 162, new String(key, value), -5.0
6, 5891, -3.0, 1.0, -1.5, 3.0, 13, 10, key.replace(key, value), -2.5
6, 5892, -3.0, 1.0, -1.5, 3.5, 0, 0, numberNames.put(key, value), 3.5
6, 5893, -3.0, 1.0, -1.5, 4.0, 0, 0, numberNames.put(key, value), 5.0
6, 5894, -3.0, 1.0, -1.5, 4.5, 0, 3, numberNames.put(key, value), 6.5
6, 5895, -3.0, 1.0, -1.5, 5.0, 6, 71, numberNames.put(key, value).set(), 3.5
6, 5896, -3.0, 1.0, -1.0, 0.0, 19, 54, enumerate(), -4.0
6, 5897, -3.0, 1.0, -1.0, 0.5, 19, 54, enumerate(), -4.0
6, 5898, -3.0, 1.0, -1.0, 1.0, 19, 54, enumerate(), -4.0
6, 5899, -3.0, 1.0, -1.0, 1.5, 19, 54, enumerate(), -4.0
6, 5900, -3.0, 1.0, -1.0, 2.0, 19, 54, enumerate(), -4.0
6, 5901, -3.0, 1.0, -1.0, 2.5, 13, 130, new String(key, value), -4.0
6, 5902, -3.0, 1.0, -1.0, 3.0, 13, 10, key.replace(key, value), -2.0
6, 5903, -3.0, 1.0, -1.0, 3.5, 0, 0, numberNames.put(key, value), 3.5
6, 5904, -3.0, 1.0, -1.0, 4.0, 0, 1, numberNames.put(key, value), 5.0
6, 5905, -3.0, 1.0, -1.0, 4.5, 0, 7, numberNames.put(key, value), 6.5
6, 5906, -3.0, 1.0, -1.0, 5.0, 6, 85, numberNames.put(key, value).set(), 4.0
6, 5907, -3.0, 1.0, -0.5, 0.0, 19, 59, enumerate(), -3.5
6, 5908, -3.0, 1.0, -0.5, 0.5, 19, 59, enumerate(), -3.5
6, 5909, -3.0, 1.0, -0.5, 1.0, 19, 59, enumerate(), -3.5
6, 5910, -3.0, 1.0, -0.5, 1.5, 19, 59, enumerate(), -3.5
6, 5911, -3.0, 1.0, -0.5, 2.0, 19, 59, enumerate(), -3.5
6, 5912, -3.0, 1.0, -0.5, 2.5, 13, 79, new String(key, value), -3.0
6, 5913, -3.0, 1.0, -0.5, 3.0, 13, 10, key.replace(key, value), -1.5
6, 5914, -3.0, 1.0, -0.5, 3.5, 0, 0, numberNames.put(key, value), 3.5
6, 5915, -3.0, 1.0, -0.5, 4.0, 0, 2, numberNames.put(key, value), 5.0
6, 5916, -3.0, 1.0, -0.5, 4.5, 0, 15, numberNames.put(key, value), 6.5
6, 5917, -3.0, 1.0, -0.5, 5.0, 7, 151, numberNames.put(key, value).load(), 4.5
6, 5918, -3.0, 1.0, 0.0, 0.0, 19, 31, Character.getNumericValue(), -2.0
6, 5919, -3.0, 1.0, 0.0, 0.5, 19, 31, Character.getNumericValue(), -2.0
6, 5920, -3.0, 1.0, 0.0, 1.0, 19, 32, Character.getNumericValue(), -2.0
6, 5921, -3.0, 1.0, 0.0, 1.5, 19, 32, Character.getNumericValue(), -2.0
6, 5922, -3.0, 1.0, 0.0, 2.0, 19, 32, Character.getNumericValue(), -2.0
6, 5923, -3.0, 1.0, 0.0, 2.5, 13, 46, new String(key, value), -2.0
6, 5924, -3.0, 1.0, 0.0, 3.0, 13, 24, key.replace(key, value), -1.0
6, 5925, -3.0, 1.0, 0.0, 3.5, 0, 0, numberNames.put(key, value), 3.5
6, 5926, -3.0, 1.0, 0.0, 4.0, 0, 6, numberNames.put(key, value), 5.0
6, 5927, -3.0, 1.0, 0.0, 4.5, 6, 174, numberNames.put(key, value).set(), 3.5
6, 5928, -3.0, 1.0, 0.0, 5.0, 7, 228, numberNames.put(key, value).load(), 5.0
6, 5929, -2.5, 1.0, -5.0, 0.0, 19, 52, enumerate(), -7.5
6, 5930, -2.5, 1.0, -5.0, 0.5, 19, 52, enumerate(), -7.5
6, 5931, -2.5, 1.0, -5.0, 1.0, 19, 52, enumerate(), -7.5
6, 5932, -2.5, 1.0, -5.0, 1.5, 19, 52, enumerate(), -7.5
6, 5933, -2.5, 1.0, -5.0, 2.0, 13, 162, new String(key, value), -11.5
6, 5934, -2.5, 1.0, -5.0, 2.5, 0, 0, numberNames.put(key, value), 2.5
6, 5935, -2.5, 1.0, -5.0, 3.0, 0, 0, numberNames.put(key, value), 4.0
6, 5936, -2.5, 1.0, -5.0, 3.5, 0, 0, numberNames.put(key, value), 5.5
6, 5937, -2.5, 1.0, -5.0, 4.0, 6, 14, numberNames.put(key, value).set(), -0.5
6, 5938, -2.5, 1.0, -5.0, 4.5, 6, 29, numberNames.put(key, value).set(), 1.0
6, 5939, -2.5, 1.0, -5.0, 5.0, 6, 29, numberNames.put(key, value).set(), 2.5
6, 5940, -2.5, 1.0, -4.5, 0.0, 19, 52, enumerate(), -7.0
6, 5941, -2.5, 1.0, -4.5, 0.5, 19, 52, enumerate(), -7.0
6, 5942, -2.5, 1.0, -4.5, 1.0, 19, 52, enumerate(), -7.0
6, 5943, -2.5, 1.0, -4.5, 1.5, 19, 52, enumerate(), -7.0
6, 5944, -2.5, 1.0, -4.5, 2.0, 13, 162, new String(key, value), -10.5
6, 5945, -2.5, 1.0, -4.5, 2.5, 0, 0, numberNames.put(key, value), 2.5
6, 5946, -2.5, 1.0, -4.5, 3.0, 0, 0, numberNames.put(key, value), 4.0
6, 5947, -2.5, 1.0, -4.5, 3.5, 0, 0, numberNames.put(key, value), 5.5
6, 5948, -2.5, 1.0, -4.5, 4.0, 6, 14, numberNames.put(key, value).set(), 0.0
6, 5949, -2.5, 1.0, -4.5, 4.5, 6, 29, numberNames.put(key, value).set(), 1.5
6, 5950, -2.5, 1.0, -4.5, 5.0, 6, 38, numberNames.put(key, value).set(), 3.0
6, 5951, -2.5, 1.0, -4.0, 0.0, 19, 52, enumerate(), -6.5
6, 5952, -2.5, 1.0, -4.0, 0.5, 19, 52, enumerate(), -6.5
6, 5953, -2.5, 1.0, -4.0, 1.0, 19, 52, enumerate(), -6.5
6, 5954, -2.5, 1.0, -4.0, 1.5, 19, 52, enumerate(), -6.5
6, 5955, -2.5, 1.0, -4.0, 2.0, 13, 162, new String(key, value), -9.5
6, 5956, -2.5, 1.0, -4.0, 2.5, 0, 0, numberNames.put(key, value), 2.5
6, 5957, -2.5, 1.0, -4.0, 3.0, 0, 0, numberNames.put(key, value), 4.0
6, 5958, -2.5, 1.0, -4.0, 3.5, 0, 0, numberNames.put(key, value), 5.5
6, 5959, -2.5, 1.0, -4.0, 4.0, 6, 28, numberNames.put(key, value).set(), 0.5
6, 5960, -2.5, 1.0, -4.0, 4.5, 6, 29, numberNames.put(key, value).set(), 2.0
6, 5961, -2.5, 1.0, -4.0, 5.0, 6, 37, numberNames.put(key, value).set(), 3.5
6, 5962, -2.5, 1.0, -3.5, 0.0, 19, 52, enumerate(), -6.0
6, 5963, -2.5, 1.0, -3.5, 0.5, 19, 52, enumerate(), -6.0
6, 5964, -2.5, 1.0, -3.5, 1.0, 19, 52, enumerate(), -6.0
6, 5965, -2.5, 1.0, -3.5, 1.5, 19, 52, enumerate(), -6.0
6, 5966, -2.5, 1.0, -3.5, 2.0, 13, 162, new String(key, value), -8.5
6, 5967, -2.5, 1.0, -3.5, 2.5, 0, 0, numberNames.put(key, value), 2.5
6, 5968, -2.5, 1.0, -3.5, 3.0, 0, 0, numberNames.put(key, value), 4.0
6, 5969, -2.5, 1.0, -3.5, 3.5, 0, 0, numberNames.put(key, value), 5.5
6, 5970, -2.5, 1.0, -3.5, 4.0, 6, 28, numberNames.put(key, value).set(), 1.0
6, 5971, -2.5, 1.0, -3.5, 4.5, 6, 32, numberNames.put(key, value).set(), 2.5
6, 5972, -2.5, 1.0, -3.5, 5.0, 6, 47, numberNames.put(key, value).set(), 4.0
6, 5973, -2.5, 1.0, -3.0, 0.0, 19, 52, enumerate(), -5.5
6, 5974, -2.5, 1.0, -3.0, 0.5, 19, 52, enumerate(), -5.5
6, 5975, -2.5, 1.0, -3.0, 1.0, 19, 52, enumerate(), -5.5
6, 5976, -2.5, 1.0, -3.0, 1.5, 19, 52, enumerate(), -5.5
6, 5977, -2.5, 1.0, -3.0, 2.0, 13, 162, new String(key, value), -7.5
6, 5978, -2.5, 1.0, -3.0, 2.5, 0, 0, numberNames.put(key, value), 2.5
6, 5979, -2.5, 1.0, -3.0, 3.0, 0, 0, numberNames.put(key, value), 4.0
6, 5980, -2.5, 1.0, -3.0, 3.5, 0, 0, numberNames.put(key, value), 5.5
6, 5981, -2.5, 1.0, -3.0, 4.0, 6, 29, numberNames.put(key, value).set(), 1.5
6, 5982, -2.5, 1.0, -3.0, 4.5, 6, 36, numberNames.put(key, value).set(), 3.0
6, 5983, -2.5, 1.0, -3.0, 5.0, 6, 57, numberNames.put(key, value).set(), 4.5
6, 5984, -2.5, 1.0, -2.5, 0.0, 19, 52, enumerate(), -5.0
6, 5985, -2.5, 1.0, -2.5, 0.5, 19, 52, enumerate(), -5.0
6, 5986, -2.5, 1.0, -2.5, 1.0, 19, 52, enumerate(), -5.0
6, 5987, -2.5, 1.0, -2.5, 1.5, 19, 52, enumerate(), -5.0
6, 5988, -2.5, 1.0, -2.5, 2.0, 13, 162, new String(key, value), -6.5
6, 5989, -2.5, 1.0, -2.5, 2.5, 0, 0, numberNames.put(key, value), 2.5
6, 5990, -2.5, 1.0, -2.5, 3.0, 0, 0, numberNames.put(key, value), 4.0
6, 5991, -2.5, 1.0, -2.5, 3.5, 0, 0, numberNames.put(key, value), 5.5
6, 5992, -2.5, 1.0, -2.5, 4.0, 6, 32, numberNames.put(key, value).set(), 2.0
6, 5993, -2.5, 1.0, -2.5, 4.5, 6, 47, numberNames.put(key, value).set(), 3.5
6, 5994, -2.5, 1.0, -2.5, 5.0, 6, 59, numberNames.put(key, value).set(), 5.0
6, 5995, -2.5, 1.0, -2.0, 0.0, 19, 52, enumerate(), -4.5
6, 5996, -2.5, 1.0, -2.0, 0.5, 19, 52, enumerate(), -4.5
6, 5997, -2.5, 1.0, -2.0, 1.0, 19, 52, enumerate(), -4.5
6, 5998, -2.5, 1.0, -2.0, 1.5, 19, 52, enumerate(), -4.5
6, 5999, -2.5, 1.0, -2.0, 2.0, 13, 162, new String(key, value), -5.5
6, 6000, -2.5, 1.0, -2.0, 2.5, 0, 0, numberNames.put(key, value), 2.5
6, 6001, -2.5, 1.0, -2.0, 3.0, 0, 0, numberNames.put(key, value), 4.0
6, 6002, -2.5, 1.0, -2.0, 3.5, 0, 0, numberNames.put(key, value), 5.5
6, 6003, -2.5, 1.0, -2.0, 4.0, 6, 37, numberNames.put(key, value).set(), 2.5
6, 6004, -2.5, 1.0, -2.0, 4.5, 6, 59, numberNames.put(key, value).set(), 4.0
6, 6005, -2.5, 1.0, -2.0, 5.0, 6, 87, numberNames.put(key, value).set(), 5.5
6, 6006, -2.5, 1.0, -1.5, 0.0, 19, 52, enumerate(), -4.0
6, 6007, -2.5, 1.0, -1.5, 0.5, 19, 52, enumerate(), -4.0
6, 6008, -2.5, 1.0, -1.5, 1.0, 19, 52, enumerate(), -4.0
6, 6009, -2.5, 1.0, -1.5, 1.5, 19, 52, enumerate(), -4.0
6, 6010, -2.5, 1.0, -1.5, 2.0, 13, 162, new String(key, value), -4.5
6, 6011, -2.5, 1.0, -1.5, 2.5, 0, 0, numberNames.put(key, value), 2.5
6, 6012, -2.5, 1.0, -1.5, 3.0, 0, 0, numberNames.put(key, value), 4.0
6, 6013, -2.5, 1.0, -1.5, 3.5, 0, 1, numberNames.put(key, value), 5.5
6, 6014, -2.5, 1.0, -1.5, 4.0, 6, 49, numberNames.put(key, value).set(), 3.0
6, 6015, -2.5, 1.0, -1.5, 4.5, 6, 80, numberNames.put(key, value).set(), 4.5
6, 6016, -2.5, 1.0, -1.5, 5.0, 7, 129, numberNames.put(key, value).load(), 6.0
6, 6017, -2.5, 1.0, -1.0, 0.0, 19, 54, enumerate(), -3.5
6, 6018, -2.5, 1.0, -1.0, 0.5, 19, 54, enumerate(), -3.5
6, 6019, -2.5, 1.0, -1.0, 1.0, 19, 54, enumerate(), -3.5
6, 6020, -2.5, 1.0, -1.0, 1.5, 19, 54, enumerate(), -3.5
6, 6021, -2.5, 1.0, -1.0, 2.0, 13, 130, new String(key, value), -3.5
6, 6022, -2.5, 1.0, -1.0, 2.5, 0, 0, numberNames.put(key, value), 2.5
6, 6023, -2.5, 1.0, -1.0, 3.0, 0, 0, numberNames.put(key, value), 4.0
6, 6024, -2.5, 1.0, -1.0, 3.5, 0, 0, numberNames.put(key, value), 5.5
6, 6025, -2.5, 1.0, -1.0, 4.0, 6, 68, numberNames.put(key, value).set(), 3.5
6, 6026, -2.5, 1.0, -1.0, 4.5, 6, 116, numberNames.put(key, value).set(), 5.0
6, 6027, -2.5, 1.0, -1.0, 5.0, 7, 162, numberNames.put(key, value).load(), 6.5
6, 6028, -2.5, 1.0, -0.5, 0.0, 19, 59, enumerate(), -3.0
6, 6029, -2.5, 1.0, -0.5, 0.5, 19, 59, enumerate(), -3.0
6, 6030, -2.5, 1.0, -0.5, 1.0, 19, 59, enumerate(), -3.0
6, 6031, -2.5, 1.0, -0.5, 1.5, 19, 59, enumerate(), -3.0
6, 6032, -2.5, 1.0, -0.5, 2.0, 13, 79, new String(key, value), -2.5
6, 6033, -2.5, 1.0, -0.5, 2.5, 0, 0, numberNames.put(key, value), 2.5
6, 6034, -2.5, 1.0, -0.5, 3.0, 0, 0, numberNames.put(key, value), 4.0
6, 6035, -2.5, 1.0, -0.5, 3.5, 0, 3, numberNames.put(key, value), 5.5
6, 6036, -2.5, 1.0, -0.5, 4.0, 6, 105, numberNames.put(key, value).set(), 4.0
6, 6037, -2.5, 1.0, -0.5, 4.5, 7, 161, numberNames.put(key, value).load(), 5.5
6, 6038, -2.5, 1.0, -0.5, 5.0, 7, 236, numberNames.put(key, value).load(), 7.0
6, 6039, -2.5, 1.0, 0.0, 0.0, 19, 31, Character.getNumericValue(), -1.5
6, 6040, -2.5, 1.0, 0.0, 0.5, 19, 31, Character.getNumericValue(), -1.5
6, 6041, -2.5, 1.0, 0.0, 1.0, 19, 32, Character.getNumericValue(), -1.5
6, 6042, -2.5, 1.0, 0.0, 1.5, 19, 32, Character.getNumericValue(), -1.5
6, 6043, -2.5, 1.0, 0.0, 2.0, 13, 46, new String(key, value), -1.5
6, 6044, -2.5, 1.0, 0.0, 2.5, 0, 0, numberNames.put(key, value), 2.5
6, 6045, -2.5, 1.0, 0.0, 3.0, 0, 0, numberNames.put(key, value), 4.0
6, 6046, -2.5, 1.0, 0.0, 3.5, 6, 107, numberNames.put(key, value).set(), 3.0
6, 6047, -2.5, 1.0, 0.0, 4.0, 6, 184, numberNames.put(key, value).set(), 4.5
6, 6048, -2.5, 1.0, 0.0, 4.5, 26, 236, Void.TYPE, -2.5
6, 6049, -2.5, 1.0, 0.0, 5.0, 26, 249, Void.TYPE, -2.5
6, 6050, -2.0, 1.0, -5.0, 0.0, 19, 52, enumerate(), -7.0
6, 6051, -2.0, 1.0, -5.0, 0.5, 19, 52, enumerate(), -7.0
6, 6052, -2.0, 1.0, -5.0, 1.0, 19, 52, enumerate(), -7.0
6, 6053, -2.0, 1.0, -5.0, 1.5, 0, 0, numberNames.put(key, value), 1.5
6, 6054, -2.0, 1.0, -5.0, 2.0, 0, 0, numberNames.put(key, value), 3.0
6, 6055, -2.0, 1.0, -5.0, 2.5, 0, 0, numberNames.put(key, value), 4.5
6, 6056, -2.0, 1.0, -5.0, 3.0, 0, 0, numberNames.put(key, value), 6.0
6, 6057, -2.0, 1.0, -5.0, 3.5, 6, 26, numberNames.put(key, value).set(), 0.5
6, 6058, -2.0, 1.0, -5.0, 4.0, 6, 29, numberNames.put(key, value).set(), 2.0
6, 6059, -2.0, 1.0, -5.0, 4.5, 6, 33, numberNames.put(key, value).set(), 3.5
6, 6060, -2.0, 1.0, -5.0, 5.0, 6, 36, numberNames.put(key, value).set(), 5.0
6, 6061, -2.0, 1.0, -4.5, 0.0, 19, 52, enumerate(), -6.5
6, 6062, -2.0, 1.0, -4.5, 0.5, 19, 52, enumerate(), -6.5
6, 6063, -2.0, 1.0, -4.5, 1.0, 19, 52, enumerate(), -6.5
6, 6064, -2.0, 1.0, -4.5, 1.5, 0, 0, numberNames.put(key, value), 1.5
6, 6065, -2.0, 1.0, -4.5, 2.0, 0, 0, numberNames.put(key, value), 3.0
6, 6066, -2.0, 1.0, -4.5, 2.5, 0, 0, numberNames.put(key, value), 4.5
6, 6067, -2.0, 1.0, -4.5, 3.0, 0, 0, numberNames.put(key, value), 6.0
6, 6068, -2.0, 1.0, -4.5, 3.5, 6, 26, numberNames.put(key, value).set(), 1.0
6, 6069, -2.0, 1.0, -4.5, 4.0, 6, 29, numberNames.put(key, value).set(), 2.5
6, 6070, -2.0, 1.0, -4.5, 4.5, 6, 36, numberNames.put(key, value).set(), 4.0
6, 6071, -2.0, 1.0, -4.5, 5.0, 6, 56, numberNames.put(key, value).set(), 5.5
6, 6072, -2.0, 1.0, -4.0, 0.0, 19, 52, enumerate(), -6.0
6, 6073, -2.0, 1.0, -4.0, 0.5, 19, 52, enumerate(), -6.0
6, 6074, -2.0, 1.0, -4.0, 1.0, 19, 52, enumerate(), -6.0
6, 6075, -2.0, 1.0, -4.0, 1.5, 0, 0, numberNames.put(key, value), 1.5
6, 6076, -2.0, 1.0, -4.0, 2.0, 0, 0, numberNames.put(key, value), 3.0
6, 6077, -2.0, 1.0, -4.0, 2.5, 0, 0, numberNames.put(key, value), 4.5
6, 6078, -2.0, 1.0, -4.0, 3.0, 0, 0, numberNames.put(key, value), 6.0
6, 6079, -2.0, 1.0, -4.0, 3.5, 6, 28, numberNames.put(key, value).set(), 1.5
6, 6080, -2.0, 1.0, -4.0, 4.0, 6, 26, numberNames.put(key, value).set(), 3.0
6, 6081, -2.0, 1.0, -4.0, 4.5, 6, 45, numberNames.put(key, value).set(), 4.5
6, 6082, -2.0, 1.0, -4.0, 5.0, 6, 57, numberNames.put(key, value).set(), 6.0
6, 6083, -2.0, 1.0, -3.5, 0.0, 19, 52, enumerate(), -5.5
6, 6084, -2.0, 1.0, -3.5, 0.5, 19, 52, enumerate(), -5.5
6, 6085, -2.0, 1.0, -3.5, 1.0, 19, 52, enumerate(), -5.5
6, 6086, -2.0, 1.0, -3.5, 1.5, 0, 0, numberNames.put(key, value), 1.5
6, 6087, -2.0, 1.0, -3.5, 2.0, 0, 0, numberNames.put(key, value), 3.0
6, 6088, -2.0, 1.0, -3.5, 2.5, 0, 0, numberNames.put(key, value), 4.5
6, 6089, -2.0, 1.0, -3.5, 3.0, 0, 0, numberNames.put(key, value), 6.0
6, 6090, -2.0, 1.0, -3.5, 3.5, 6, 29, numberNames.put(key, value).set(), 2.0
6, 6091, -2.0, 1.0, -3.5, 4.0, 6, 36, numberNames.put(key, value).set(), 3.5
6, 6092, -2.0, 1.0, -3.5, 4.5, 6, 56, numberNames.put(key, value).set(), 5.0
6, 6093, -2.0, 1.0, -3.5, 5.0, 6, 61, numberNames.put(key, value).set(), 6.5
6, 6094, -2.0, 1.0, -3.0, 0.0, 19, 52, enumerate(), -5.0
6, 6095, -2.0, 1.0, -3.0, 0.5, 19, 52, enumerate(), -5.0
6, 6096, -2.0, 1.0, -3.0, 1.0, 19, 52, enumerate(), -5.0
6, 6097, -2.0, 1.0, -3.0, 1.5, 0, 0, numberNames.put(key, value), 1.5
6, 6098, -2.0, 1.0, -3.0, 2.0, 0, 0, numberNames.put(key, value), 3.0
6, 6099, -2.0, 1.0, -3.0, 2.5, 0, 0, numberNames.put(key, value), 4.5
6, 6100, -2.0, 1.0, -3.0, 3.0, 0, 0, numberNames.put(key, value), 6.0
6, 6101, -2.0, 1.0, -3.0, 3.5, 6, 26, numberNames.put(key, value).set(), 2.5
6, 6102, -2.0, 1.0, -3.0, 4.0, 6, 45, numberNames.put(key, value).set(), 4.0
6, 6103, -2.0, 1.0, -3.0, 4.5, 6, 59, numberNames.put(key, value).set(), 5.5
6, 6104, -2.0, 1.0, -3.0, 5.0, 6, 76, numberNames.put(key, value).set(), 7.0
6, 6105, -2.0, 1.0, -2.5, 0.0, 19, 52, enumerate(), -4.5
6, 6106, -2.0, 1.0, -2.5, 0.5, 19, 52, enumerate(), -4.5
6, 6107, -2.0, 1.0, -2.5, 1.0, 19, 52, enumerate(), -4.5
6, 6108, -2.0, 1.0, -2.5, 1.5, 0, 0, numberNames.put(key, value), 1.5
6, 6109, -2.0, 1.0, -2.5, 2.0, 0, 0, numberNames.put(key, value), 3.0
6, 6110, -2.0, 1.0, -2.5, 2.5, 0, 0, numberNames.put(key, value), 4.5
6, 6111, -2.0, 1.0, -2.5, 3.0, 0, 0, numberNames.put(key, value), 6.0
6, 6112, -2.0, 1.0, -2.5, 3.5, 6, 37, numberNames.put(key, value).set(), 3.0
6, 6113, -2.0, 1.0, -2.5, 4.0, 6, 56, numberNames.put(key, value).set(), 4.5
6, 6114, -2.0, 1.0, -2.5, 4.5, 6, 72, numberNames.put(key, value).set(), 6.0
6, 6115, -2.0, 1.0, -2.5, 5.0, 7, 116, numberNames.put(key, value).load(), 7.5
6, 6116, -2.0, 1.0, -2.0, 0.0, 19, 52, enumerate(), -4.0
6, 6117, -2.0, 1.0, -2.0, 0.5, 19, 52, enumerate(), -4.0
6, 6118, -2.0, 1.0, -2.0, 1.0, 19, 52, enumerate(), -4.0
6, 6119, -2.0, 1.0, -2.0, 1.5, 0, 0, numberNames.put(key, value), 1.5
6, 6120, -2.0, 1.0, -2.0, 2.0, 0, 0, numberNames.put(key, value), 3.0
6, 6121, -2.0, 1.0, -2.0, 2.5, 0, 0, numberNames.put(key, value), 4.5
6, 6122, -2.0, 1.0, -2.0, 3.0, 0, 1, numberNames.put(key, value), 6.0
6, 6123, -2.0, 1.0, -2.0, 3.5, 6, 47, numberNames.put(key, value).set(), 3.5
6, 6124, -2.0, 1.0, -2.0, 4.0, 6, 60, numberNames.put(key, value).set(), 5.0
6, 6125, -2.0, 1.0, -2.0, 4.5, 6, 99, numberNames.put(key, value).set(), 6.5
6, 6126, -2.0, 1.0, -2.0, 5.0, 7, 146, numberNames.put(key, value).load(), 8.0
6, 6127, -2.0, 1.0, -1.5, 0.0, 19, 52, enumerate(), -3.5
6, 6128, -2.0, 1.0, -1.5, 0.5, 19, 52, enumerate(), -3.5
6, 6129, -2.0, 1.0, -1.5, 1.0, 19, 52, enumerate(), -3.5
6, 6130, -2.0, 1.0, -1.5, 1.5, 0, 0, numberNames.put(key, value), 1.5
6, 6131, -2.0, 1.0, -1.5, 2.0, 0, 0, numberNames.put(key, value), 3.0
6, 6132, -2.0, 1.0, -1.5, 2.5, 0, 0, numberNames.put(key, value), 4.5
6, 6133, -2.0, 1.0, -1.5, 3.0, 0, 0, numberNames.put(key, value), 6.0
6, 6134, -2.0, 1.0, -1.5, 3.5, 6, 53, numberNames.put(key, value).set(), 4.0
6, 6135, -2.0, 1.0, -1.5, 4.0, 6, 95, numberNames.put(key, value).set(), 5.5
6, 6136, -2.0, 1.0, -1.5, 4.5, 7, 147, numberNames.put(key, value).load(), 7.0
6, 6137, -2.0, 1.0, -1.5, 5.0, 7, 181, numberNames.put(key, value).load(), 8.5
6, 6138, -2.0, 1.0, -1.0, 0.0, 19, 54, enumerate(), -3.0
6, 6139, -2.0, 1.0, -1.0, 0.5, 19, 54, enumerate(), -3.0
6, 6140, -2.0, 1.0, -1.0, 1.0, 19, 54, enumerate(), -3.0
6, 6141, -2.0, 1.0, -1.0, 1.5, 0, 0, numberNames.put(key, value), 1.5
6, 6142, -2.0, 1.0, -1.0, 2.0, 0, 0, numberNames.put(key, value), 3.0
6, 6143, -2.0, 1.0, -1.0, 2.5, 0, 0, numberNames.put(key, value), 4.5
6, 6144, -2.0, 1.0, -1.0, 3.0, 0, 3, numberNames.put(key, value), 6.0
6, 6145, -2.0, 1.0, -1.0, 3.5, 6, 85, numberNames.put(key, value).set(), 4.5
6, 6146, -2.0, 1.0, -1.0, 4.0, 6, 128, numberNames.put(key, value).set(), 6.0
6, 6147, -2.0, 1.0, -1.0, 4.5, 7, 180, numberNames.put(key, value).load(), 7.5
6, 6148, -2.0, 1.0, -1.0, 5.0, 7, 222, numberNames.put(key, value).load(), 9.0
6, 6149, -2.0, 1.0, -0.5, 0.0, 19, 59, enumerate(), -2.5
6, 6150, -2.0, 1.0, -0.5, 0.5, 19, 59, enumerate(), -2.5
6, 6151, -2.0, 1.0, -0.5, 1.0, 19, 59, enumerate(), -2.5
6, 6152, -2.0, 1.0, -0.5, 1.5, 0, 0, numberNames.put(key, value), 1.5
6, 6153, -2.0, 1.0, -0.5, 2.0, 0, 0, numberNames.put(key, value), 3.0
6, 6154, -2.0, 1.0, -0.5, 2.5, 0, 0, numberNames.put(key, value), 4.5
6, 6155, -2.0, 1.0, -0.5, 3.0, 6, 72, numberNames.put(key, value).set(), 3.5
6, 6156, -2.0, 1.0, -0.5, 3.5, 6, 120, numberNames.put(key, value).set(), 5.0
6, 6157, -2.0, 1.0, -0.5, 4.0, 7, 188, numberNames.put(key, value).load(), 6.5
6, 6158, -2.0, 1.0, -0.5, 4.5, 31, 180, numberNames.put(key, value).wait(Long.valueOf(value, key)), 10.0
6, 6159, -2.0, 1.0, -0.5, 5.0, 31, 209, numberNames.put(key, value).wait(Long.valueOf(value, key)), 12.5
6, 6160, -2.0, 1.0, 0.0, 0.0, 19, 31, Character.getNumericValue(), -1.0
6, 6161, -2.0, 1.0, 0.0, 0.5, 19, 31, Character.getNumericValue(), -1.0
6, 6162, -2.0, 1.0, 0.0, 1.0, 19, 32, Character.getNumericValue(), -1.0
6, 6163, -2.0, 1.0, 0.0, 1.5, 0, 0, numberNames.put(key, value), 1.5
6, 6164, -2.0, 1.0, 0.0, 2.0, 0, 0, numberNames.put(key, value), 3.0
6, 6165, -2.0, 1.0, 0.0, 2.5, 0, 2, numberNames.put(key, value), 4.5
6, 6166, -2.0, 1.0, 0.0, 3.0, 6, 121, numberNames.put(key, value).set(), 4.0
6, 6167, -2.0, 1.0, 0.0, 3.5, 9, 221, numberNames.put(key, value).length(), 5.5
6, 6168, -2.0, 1.0, 0.0, 4.0, 26, 249, Void.TYPE, -2.0
6, 6169, -2.0, 1.0, 0.0, 4.5, 32, 153, numberNames.get(value.regionMatches(key, value, key, key)), 15.0
6, 6170, -2.0, 1.0, 0.0, 5.0, 32, 170, numberNames.get(value.regionMatches(key, value, key, key)), 18.0
6, 6171, -1.5, 1.0, -5.0, 0.0, 19, 52, enumerate(), -6.5
6, 6172, -1.5, 1.0, -5.0, 0.5, 0, 0, numberNames.put(key, value), 0.5
6, 6173, -1.5, 1.0, -5.0, 1.0, 0, 0, numberNames.put(key, value), 2.0
6, 6174, -1.5, 1.0, -5.0, 1.5, 0, 0, numberNames.put(key, value), 3.5
6, 6175, -1.5, 1.0, -5.0, 2.0, 0, 0, numberNames.put(key, value), 5.0
6, 6176, -1.5, 1.0, -5.0, 2.5, 6, 14, numberNames.put(key, value).set(), 0.0
6, 6177, -1.5, 1.0, -5.0, 3.0, 6, 26, numberNames.put(key, value).set(), 1.5
6, 6178, -1.5, 1.0, -5.0, 3.5, 6, 26, numberNames.put(key, value).set(), 3.0
6, 6179, -1.5, 1.0, -5.0, 4.0, 6, 34, numberNames.put(key, value).set(), 4.5
6, 6180, -1.5, 1.0, -5.0, 4.5, 6, 56, numberNames.put(key, value).set(), 6.0
6, 6181, -1.5, 1.0, -5.0, 5.0, 6, 59, numberNames.put(key, value).set(), 7.5
6, 6182, -1.5, 1.0, -4.5, 0.0, 19, 52, enumerate(), -6.0
6, 6183, -1.5, 1.0, -4.5, 0.5, 0, 0, numberNames.put(key, value), 0.5
6, 6184, -1.5, 1.0, -4.5, 1.0, 0, 0, numberNames.put(key, value), 2.0
6, 6185, -1.5, 1.0, -4.5, 1.5, 0, 0, numberNames.put(key, value), 3.5
6, 6186, -1.5, 1.0, -4.5, 2.0, 0, 0, numberNames.put(key, value), 5.0
6, 6187, -1.5, 1.0, -4.5, 2.5, 6, 26, numberNames.put(key, value).set(), 0.5
6, 6188, -1.5, 1.0, -4.5, 3.0, 6, 26, numberNames.put(key, value).set(), 2.0
6, 6189, -1.5, 1.0, -4.5, 3.5, 6, 26, numberNames.put(key, value).set(), 3.5
6, 6190, -1.5, 1.0, -4.5, 4.0, 6, 44, numberNames.put(key, value).set(), 5.0
6, 6191, -1.5, 1.0, -4.5, 4.5, 6, 56, numberNames.put(key, value).set(), 6.5
6, 6192, -1.5, 1.0, -4.5, 5.0, 6, 64, numberNames.put(key, value).set(), 8.0
6, 6193, -1.5, 1.0, -4.0, 0.0, 19, 52, enumerate(), -5.5
6, 6194, -1.5, 1.0, -4.0, 0.5, 0, 0, numberNames.put(key, value), 0.5
6, 6195, -1.5, 1.0, -4.0, 1.0, 0, 0, numberNames.put(key, value), 2.0
6, 6196, -1.5, 1.0, -4.0, 1.5, 0, 0, numberNames.put(key, value), 3.5
6, 6197, -1.5, 1.0, -4.0, 2.0, 0, 0, numberNames.put(key, value), 5.0
6, 6198, -1.5, 1.0, -4.0, 2.5, 6, 26, numberNames.put(key, value).set(), 1.0
6, 6199, -1.5, 1.0, -4.0, 3.0, 6, 27, numberNames.put(key, value).set(), 2.5
6, 6200, -1.5, 1.0, -4.0, 3.5, 6, 34, numberNames.put(key, value).set(), 4.0
6, 6201, -1.5, 1.0, -4.0, 4.0, 6, 54, numberNames.put(key, value).set(), 5.5
6, 6202, -1.5, 1.0, -4.0, 4.5, 6, 61, numberNames.put(key, value).set(), 7.0
6, 6203, -1.5, 1.0, -4.0, 5.0, 6, 75, numberNames.put(key, value).set(), 8.5
6, 6204, -1.5, 1.0, -3.5, 0.0, 19, 52, enumerate(), -5.0
6, 6205, -1.5, 1.0, -3.5, 0.5, 0, 0, numberNames.put(key, value), 0.5
6, 6206, -1.5, 1.0, -3.5, 1.0, 0, 0, numberNames.put(key, value), 2.0
6, 6207, -1.5, 1.0, -3.5, 1.5, 0, 0, numberNames.put(key, value), 3.5
6, 6208, -1.5, 1.0, -3.5, 2.0, 0, 0, numberNames.put(key, value), 5.0
6, 6209, -1.5, 1.0, -3.5, 2.5, 6, 26, numberNames.put(key, value).set(), 1.5
6, 6210, -1.5, 1.0, -3.5, 3.0, 6, 26, numberNames.put(key, value).set(), 3.0
6, 6211, -1.5, 1.0, -3.5, 3.5, 6, 45, numberNames.put(key, value).set(), 4.5
6, 6212, -1.5, 1.0, -3.5, 4.0, 6, 59, numberNames.put(key, value).set(), 6.0
6, 6213, -1.5, 1.0, -3.5, 4.5, 6, 73, numberNames.put(key, value).set(), 7.5
6, 6214, -1.5, 1.0, -3.5, 5.0, 7, 116, numberNames.put(key, value).load(), 9.0
6, 6215, -1.5, 1.0, -3.0, 0.0, 19, 52, enumerate(), -4.5
6, 6216, -1.5, 1.0, -3.0, 0.5, 0, 0, numberNames.put(key, value), 0.5
6, 6217, -1.5, 1.0, -3.0, 1.0, 0, 0, numberNames.put(key, value), 2.0
6, 6218, -1.5, 1.0, -3.0, 1.5, 0, 0, numberNames.put(key, value), 3.5
6, 6219, -1.5, 1.0, -3.0, 2.0, 0, 0, numberNames.put(key, value), 5.0
6, 6220, -1.5, 1.0, -3.0, 2.5, 6, 24, numberNames.put(key, value).set(), 2.0
6, 6221, -1.5, 1.0, -3.0, 3.0, 6, 30, numberNames.put(key, value).set(), 3.5
6, 6222, -1.5, 1.0, -3.0, 3.5, 6, 52, numberNames.put(key, value).set(), 5.0
6, 6223, -1.5, 1.0, -3.0, 4.0, 6, 61, numberNames.put(key, value).set(), 6.5
6, 6224, -1.5, 1.0, -3.0, 4.5, 6, 98, numberNames.put(key, value).set(), 8.0
6, 6225, -1.5, 1.0, -3.0, 5.0, 7, 138, numberNames.put(key, value).load(), 9.5
6, 6226, -1.5, 1.0, -2.5, 0.0, 19, 52, enumerate(), -4.0
6, 6227, -1.5, 1.0, -2.5, 0.5, 0, 0, numberNames.put(key, value), 0.5
6, 6228, -1.5, 1.0, -2.5, 1.0, 0, 0, numberNames.put(key, value), 2.0
6, 6229, -1.5, 1.0, -2.5, 1.5, 0, 0, numberNames.put(key, value), 3.5
6, 6230, -1.5, 1.0, -2.5, 2.0, 0, 0, numberNames.put(key, value), 5.0
6, 6231, -1.5, 1.0, -2.5, 2.5, 6, 25, numberNames.put(key, value).set(), 2.5
6, 6232, -1.5, 1.0, -2.5, 3.0, 6, 47, numberNames.put(key, value).set(), 4.0
6, 6233, -1.5, 1.0, -2.5, 3.5, 6, 59, numberNames.put(key, value).set(), 5.5
6, 6234, -1.5, 1.0, -2.5, 4.0, 6, 98, numberNames.put(key, value).set(), 7.0
6, 6235, -1.5, 1.0, -2.5, 4.5, 7, 134, numberNames.put(key, value).load(), 8.5
6, 6236, -1.5, 1.0, -2.5, 5.0, 7, 172, numberNames.put(key, value).load(), 10.0
6, 6237, -1.5, 1.0, -2.0, 0.0, 19, 52, enumerate(), -3.5
6, 6238, -1.5, 1.0, -2.0, 0.5, 0, 0, numberNames.put(key, value), 0.5
6, 6239, -1.5, 1.0, -2.0, 1.0, 0, 0, numberNames.put(key, value), 2.0
6, 6240, -1.5, 1.0, -2.0, 1.5, 0, 0, numberNames.put(key, value), 3.5
6, 6241, -1.5, 1.0, -2.0, 2.0, 0, 0, numberNames.put(key, value), 5.0
6, 6242, -1.5, 1.0, -2.0, 2.5, 6, 30, numberNames.put(key, value).set(), 3.0
6, 6243, -1.5, 1.0, -2.0, 3.0, 6, 52, numberNames.put(key, value).set(), 4.5
6, 6244, -1.5, 1.0, -2.0, 3.5, 6, 90, numberNames.put(key, value).set(), 6.0
6, 6245, -1.5, 1.0, -2.0, 4.0, 6, 119, numberNames.put(key, value).set(), 7.5
6, 6246, -1.5, 1.0, -2.0, 4.5, 7, 172, numberNames.put(key, value).load(), 9.0
6, 6247, -1.5, 1.0, -2.0, 5.0, 7, 185, numberNames.put(key, value).load(), 10.5
6, 6248, -1.5, 1.0, -1.5, 0.0, 19, 52, enumerate(), -3.0
6, 6249, -1.5, 1.0, -1.5, 0.5, 0, 0, numberNames.put(key, value), 0.5
6, 6250, -1.5, 1.0, -1.5, 1.0, 0, 0, numberNames.put(key, value), 2.0
6, 6251, -1.5, 1.0, -1.5, 1.5, 0, 0, numberNames.put(key, value), 3.5
6, 6252, -1.5, 1.0, -1.5, 2.0, 0, 0, numberNames.put(key, value), 5.0
6, 6253, -1.5, 1.0, -1.5, 2.5, 6, 40, numberNames.put(key, value).set(), 3.5
6, 6254, -1.5, 1.0, -1.5, 3.0, 6, 65, numberNames.put(key, value).set(), 5.0
6, 6255, -1.5, 1.0, -1.5, 3.5, 6, 108, numberNames.put(key, value).set(), 6.5
6, 6256, -1.5, 1.0, -1.5, 4.0, 7, 166, numberNames.put(key, value).load(), 8.0
6, 6257, -1.5, 1.0, -1.5, 4.5, 7, 197, numberNames.put(key, value).load(), 9.5
6, 6258, -1.5, 1.0, -1.5, 5.0, 7, 227, numberNames.put(key, value).load(), 11.0
6, 6259, -1.5, 1.0, -1.0, 0.0, 19, 54, enumerate(), -2.5
6, 6260, -1.5, 1.0, -1.0, 0.5, 0, 0, numberNames.put(key, value), 0.5
6, 6261, -1.5, 1.0, -1.0, 1.0, 0, 0, numberNames.put(key, value), 2.0
6, 6262, -1.5, 1.0, -1.0, 1.5, 0, 0, numberNames.put(key, value), 3.5
6, 6263, -1.5, 1.0, -1.0, 2.0, 0, 0, numberNames.put(key, value), 5.0
6, 6264, -1.5, 1.0, -1.0, 2.5, 6, 58, numberNames.put(key, value).set(), 4.0
6, 6265, -1.5, 1.0, -1.0, 3.0, 6, 98, numberNames.put(key, value).set(), 5.5
6, 6266, -1.5, 1.0, -1.0, 3.5, 6, 153, numberNames.put(key, value).set(), 7.0
6, 6267, -1.5, 1.0, -1.0, 4.0, 7, 200, numberNames.put(key, value).load(), 8.5
6, 6268, -1.5, 1.0, -1.0, 4.5, 7, 245, numberNames.put(key, value).load(), 10.0
6, 6269, -1.5, 1.0, -1.0, 5.0, 31, 184, numberNames.put(key, value).wait(Long.valueOf(value, key)), 15.0
6, 6270, -1.5, 1.0, -0.5, 0.0, 19, 59, enumerate(), -2.0
6, 6271, -1.5, 1.0, -0.5, 0.5, 0, 0, numberNames.put(key, value), 0.5
6, 6272, -1.5, 1.0, -0.5, 1.0, 0, 0, numberNames.put(key, value), 2.0
6, 6273, -1.5, 1.0, -0.5, 1.5, 0, 0, numberNames.put(key, value), 3.5
6, 6274, -1.5, 1.0, -0.5, 2.0, 0, 0, numberNames.put(key, value), 5.0
6, 6275, -1.5, 1.0, -0.5, 2.5, 6, 86, numberNames.put(key, value).set(), 4.5
6, 6276, -1.5, 1.0, -0.5, 3.0, 6, 159, numberNames.put(key, value).set(), 6.0
6, 6277, -1.5, 1.0, -0.5, 3.5, 7, 210, numberNames.put(key, value).load(), 7.5
6, 6278, -1.5, 1.0, -0.5, 4.0, 31, 186, numberNames.put(key, value).wait(Long.valueOf(value, key)), 11.5
6, 6279, -1.5, 1.0, -0.5, 4.5, 31, 213, numberNames.put(key, value).wait(Long.valueOf(value, key)), 14.0
6, 6280, -1.5, 1.0, -0.5, 5.0, 31, 227, numberNames.put(key, value).wait(Long.valueOf(value, key)), 16.5
6, 6281, -1.5, 1.0, 0.0, 0.0, 19, 31, Character.getNumericValue(), -0.5
6, 6282, -1.5, 1.0, 0.0, 0.5, 0, 3, numberNames.put(key, value), 0.5
6, 6283, -1.5, 1.0, 0.0, 1.0, 0, 0, numberNames.put(key, value), 2.0
6, 6284, -1.5, 1.0, 0.0, 1.5, 0, 0, numberNames.put(key, value), 3.5
6, 6285, -1.5, 1.0, 0.0, 2.0, 6, 91, numberNames.put(key, value).set(), 3.5
6, 6286, -1.5, 1.0, 0.0, 2.5, 6, 184, numberNames.put(key, value).set(), 5.0
6, 6287, -1.5, 1.0, 0.0, 3.0, 9, 226, numberNames.put(key, value).length(), 6.5
6, 6288, -1.5, 1.0, 0.0, 3.5, 32, 143, numberNames.get(value.regionMatches(key, value, key, key)), 13.0
6, 6289, -1.5, 1.0, 0.0, 4.0, 32, 170, numberNames.get(value.regionMatches(key, value, key, key)), 16.0
6, 6290, -1.5, 1.0, 0.0, 4.5, 32, 180, numberNames.get(value.regionMatches(key, value, key, key)), 19.0
6, 6291, -1.5, 1.0, 0.0, 5.0, 32, 181, numberNames.get(value.regionMatches(key, value, key, key)), 22.0
6, 6292, -1.0, 1.0, -5.0, 0.0, 0, 0, numberNames.put(key, value), 1.0
6, 6293, -1.0, 1.0, -5.0, 0.5, 0, 0, numberNames.put(key, value), 2.5
6, 6294, -1.0, 1.0, -5.0, 1.0, 0, 0, numberNames.put(key, value), 4.0
6, 6295, -1.0, 1.0, -5.0, 1.5, 0, 0, numberNames.put(key, value), 5.5
6, 6296, -1.0, 1.0, -5.0, 2.0, 6, 26, numberNames.put(key, value).set(), 1.0
6, 6297, -1.0, 1.0, -5.0, 2.5, 6, 24, numberNames.put(key, value).set(), 2.5
6, 6298, -1.0, 1.0, -5.0, 3.0, 6, 26, numberNames.put(key, value).set(), 4.0
6, 6299, -1.0, 1.0, -5.0, 3.5, 6, 38, numberNames.put(key, value).set(), 5.5
6, 6300, -1.0, 1.0, -5.0, 4.0, 6, 56, numberNames.put(key, value).set(), 7.0
6, 6301, -1.0, 1.0, -5.0, 4.5, 6, 61, numberNames.put(key, value).set(), 8.5
6, 6302, -1.0, 1.0, -5.0, 5.0, 6, 70, numberNames.put(key, value).set(), 10.0
6, 6303, -1.0, 1.0, -4.5, 0.0, 0, 0, numberNames.put(key, value), 1.0
6, 6304, -1.0, 1.0, -4.5, 0.5, 0, 0, numberNames.put(key, value), 2.5
6, 6305, -1.0, 1.0, -4.5, 1.0, 0, 0, numberNames.put(key, value), 4.0
6, 6306, -1.0, 1.0, -4.5, 1.5, 0, 0, numberNames.put(key, value), 5.5
6, 6307, -1.0, 1.0, -4.5, 2.0, 6, 26, numberNames.put(key, value).set(), 1.5
6, 6308, -1.0, 1.0, -4.5, 2.5, 6, 24, numberNames.put(key, value).set(), 3.0
6, 6309, -1.0, 1.0, -4.5, 3.0, 6, 33, numberNames.put(key, value).set(), 4.5
6, 6310, -1.0, 1.0, -4.5, 3.5, 6, 48, numberNames.put(key, value).set(), 6.0
6, 6311, -1.0, 1.0, -4.5, 4.0, 6, 61, numberNames.put(key, value).set(), 7.5
6, 6312, -1.0, 1.0, -4.5, 4.5, 6, 69, numberNames.put(key, value).set(), 9.0
6, 6313, -1.0, 1.0, -4.5, 5.0, 7, 115, numberNames.put(key, value).load(), 10.5
6, 6314, -1.0, 1.0, -4.0, 0.0, 0, 0, numberNames.put(key, value), 1.0
6, 6315, -1.0, 1.0, -4.0, 0.5, 0, 0, numberNames.put(key, value), 2.5
6, 6316, -1.0, 1.0, -4.0, 1.0, 0, 0, numberNames.put(key, value), 4.0
6, 6317, -1.0, 1.0, -4.0, 1.5, 0, 0, numberNames.put(key, value), 5.5
6, 6318, -1.0, 1.0, -4.0, 2.0, 6, 24, numberNames.put(key, value).set(), 2.0
6, 6319, -1.0, 1.0, -4.0, 2.5, 6, 26, numberNames.put(key, value).set(), 3.5
6, 6320, -1.0, 1.0, -4.0, 3.0, 6, 38, numberNames.put(key, value).set(), 5.0
6, 6321, -1.0, 1.0, -4.0, 3.5, 6, 58, numberNames.put(key, value).set(), 6.5
6, 6322, -1.0, 1.0, -4.0, 4.0, 6, 61, numberNames.put(key, value).set(), 8.0
6, 6323, -1.0, 1.0, -4.0, 4.5, 6, 101, numberNames.put(key, value).set(), 9.5
6, 6324, -1.0, 1.0, -4.0, 5.0, 7, 120, numberNames.put(key, value).load(), 11.0
6, 6325, -1.0, 1.0, -3.5, 0.0, 0, 0, numberNames.put(key, value), 1.0
6, 6326, -1.0, 1.0, -3.5, 0.5, 0, 0, numberNames.put(key, value), 2.5
6, 6327, -1.0, 1.0, -3.5, 1.0, 0, 0, numberNames.put(key, value), 4.0
6, 6328, -1.0, 1.0, -3.5, 1.5, 0, 0, numberNames.put(key, value), 5.5
6, 6329, -1.0, 1.0, -3.5, 2.0, 6, 24, numberNames.put(key, value).set(), 2.5
6, 6330, -1.0, 1.0, -3.5, 2.5, 6, 30, numberNames.put(key, value).set(), 4.0
6, 6331, -1.0, 1.0, -3.5, 3.0, 6, 50, numberNames.put(key, value).set(), 5.5
6, 6332, -1.0, 1.0, -3.5, 3.5, 6, 61, numberNames.put(key, value).set(), 7.0
6, 6333, -1.0, 1.0, -3.5, 4.0, 6, 98, numberNames.put(key, value).set(), 8.5
6, 6334, -1.0, 1.0, -3.5, 4.5, 7, 117, numberNames.put(key, value).load(), 10.0
6, 6335, -1.0, 1.0, -3.5, 5.0, 7, 166, numberNames.put(key, value).load(), 11.5
6, 6336, -1.0, 1.0, -3.0, 0.0, 0, 0, numberNames.put(key, value), 1.0
6, 6337, -1.0, 1.0, -3.0, 0.5, 0, 0, numberNames.put(key, value), 2.5
6, 6338, -1.0, 1.0, -3.0, 1.0, 0, 0, numberNames.put(key, value), 4.0
6, 6339, -1.0, 1.0, -3.0, 1.5, 0, 0, numberNames.put(key, value), 5.5
6, 6340, -1.0, 1.0, -3.0, 2.0, 6, 23, numberNames.put(key, value).set(), 3.0
6, 6341, -1.0, 1.0, -3.0, 2.5, 6, 41, numberNames.put(key, value).set(), 4.5
6, 6342, -1.0, 1.0, -3.0, 3.0, 6, 52, numberNames.put(key, value).set(), 6.0
6, 6343, -1.0, 1.0, -3.0, 3.5, 6, 93, numberNames.put(key, value).set(), 7.5
6, 6344, -1.0, 1.0, -3.0, 4.0, 6, 105, numberNames.put(key, value).set(), 9.0
6, 6345, -1.0, 1.0, -3.0, 4.5, 7, 164, numberNames.put(key, value).load(), 10.5
6, 6346, -1.0, 1.0, -3.0, 5.0, 7, 173, numberNames.put(key, value).load(), 12.0
6, 6347, -1.0, 1.0, -2.5, 0.0, 0, 0, numberNames.put(key, value), 1.0
6, 6348, -1.0, 1.0, -2.5, 0.5, 0, 0, numberNames.put(key, value), 2.5
6, 6349, -1.0, 1.0, -2.5, 1.0, 0, 0, numberNames.put(key, value), 4.0
6, 6350, -1.0, 1.0, -2.5, 1.5, 0, 0, numberNames.put(key, value), 5.5
6, 6351, -1.0, 1.0, -2.5, 2.0, 6, 30, numberNames.put(key, value).set(), 3.5
6, 6352, -1.0, 1.0, -2.5, 2.5, 6, 50, numberNames.put(key, value).set(), 5.0
6, 6353, -1.0, 1.0, -2.5, 3.0, 6, 73, numberNames.put(key, value).set(), 6.5
6, 6354, -1.0, 1.0, -2.5, 3.5, 6, 100, numberNames.put(key, value).set(), 8.0
6, 6355, -1.0, 1.0, -2.5, 4.0, 7, 157, numberNames.put(key, value).load(), 9.5
6, 6356, -1.0, 1.0, -2.5, 4.5, 7, 173, numberNames.put(key, value).load(), 11.0
6, 6357, -1.0, 1.0, -2.5, 5.0, 7, 208, numberNames.put(key, value).load(), 12.5
6, 6358, -1.0, 1.0, -2.0, 0.0, 0, 0, numberNames.put(key, value), 1.0
6, 6359, -1.0, 1.0, -2.0, 0.5, 0, 0, numberNames.put(key, value), 2.5
6, 6360, -1.0, 1.0, -2.0, 1.0, 0, 0, numberNames.put(key, value), 4.0
6, 6361, -1.0, 1.0, -2.0, 1.5, 0, 0, numberNames.put(key, value), 5.5
6, 6362, -1.0, 1.0, -2.0, 2.0, 6, 33, numberNames.put(key, value).set(), 4.0
6, 6363, -1.0, 1.0, -2.0, 2.5, 6, 59, numberNames.put(key, value).set(), 5.5
6, 6364, -1.0, 1.0, -2.0, 3.0, 6, 92, numberNames.put(key, value).set(), 7.0
6, 6365, -1.0, 1.0, -2.0, 3.5, 6, 140, numberNames.put(key, value).set(), 8.5
6, 6366, -1.0, 1.0, -2.0, 4.0, 7, 174, numberNames.put(key, value).load(), 10.0
6, 6367, -1.0, 1.0, -2.0, 4.5, 7, 210, numberNames.put(key, value).load(), 11.5
6, 6368, -1.0, 1.0, -2.0, 5.0, 7, 229, numberNames.put(key, value).load(), 13.0
6, 6369, -1.0, 1.0, -1.5, 0.0, 0, 0, numberNames.put(key, value), 1.0
6, 6370, -1.0, 1.0, -1.5, 0.5, 0, 0, numberNames.put(key, value), 2.5
6, 6371, -1.0, 1.0, -1.5, 1.0, 0, 0, numberNames.put(key, value), 4.0
6, 6372, -1.0, 1.0, -1.5, 1.5, 0, 0, numberNames.put(key, value), 5.5
6, 6373, -1.0, 1.0, -1.5, 2.0, 6, 51, numberNames.put(key, value).set(), 4.5
6, 6374, -1.0, 1.0, -1.5, 2.5, 6, 89, numberNames.put(key, value).set(), 6.0
6, 6375, -1.0, 1.0, -1.5, 3.0, 6, 139, numberNames.put(key, value).set(), 7.5
6, 6376, -1.0, 1.0, -1.5, 3.5, 7, 186, numberNames.put(key, value).load(), 9.0
6, 6377, -1.0, 1.0, -1.5, 4.0, 7, 215, numberNames.put(key, value).load(), 10.5
6, 6378, -1.0, 1.0, -1.5, 4.5, 7, 248, numberNames.put(key, value).load(), 12.0
6, 6379, -1.0, 1.0, -1.5, 5.0, 31, 184, numberNames.put(key, value).wait(Long.valueOf(value, key)), 17.5
6, 6380, -1.0, 1.0, -1.0, 0.0, 0, 0, numberNames.put(key, value), 1.0
6, 6381, -1.0, 1.0, -1.0, 0.5, 0, 0, numberNames.put(key, value), 2.5
6, 6382, -1.0, 1.0, -1.0, 1.0, 0, 0, numberNames.put(key, value), 4.0
6, 6383, -1.0, 1.0, -1.0, 1.5, 0, 0, numberNames.put(key, value), 5.5
6, 6384, -1.0, 1.0, -1.0, 2.0, 6, 62, numberNames.put(key, value).set(), 5.0
6, 6385, -1.0, 1.0, -1.0, 2.5, 6, 124, numberNames.put(key, value).set(), 6.5
6, 6386, -1.0, 1.0, -1.0, 3.0, 6, 166, numberNames.put(key, value).set(), 8.0
6, 6387, -1.0, 1.0, -1.0, 3.5, 7, 218, numberNames.put(key, value).load(), 9.5
6, 6388, -1.0, 1.0, -1.0, 4.0, 31, 180, numberNames.put(key, value).wait(Long.valueOf(value, key)), 14.0
6, 6389, -1.0, 1.0, -1.0, 4.5, 31, 191, numberNames.put(key, value).wait(Long.valueOf(value, key)), 16.5
6, 6390, -1.0, 1.0, -1.0, 5.0, 31, 201, numberNames.put(key, value).wait(Long.valueOf(value, key)), 19.0
6, 6391, -1.0, 1.0, -0.5, 0.0, 0, 0, numberNames.put(key, value), 1.0
6, 6392, -1.0, 1.0, -0.5, 0.5, 0, 0, numberNames.put(key, value), 2.5
6, 6393, -1.0, 1.0, -0.5, 1.0, 0, 0, numberNames.put(key, value), 4.0
6, 6394, -1.0, 1.0, -0.5, 1.5, 6, 44, numberNames.put(key, value).set(), 4.0
6, 6395, -1.0, 1.0, -0.5, 2.0, 6, 123, numberNames.put(key, value).set(), 5.5
6, 6396, -1.0, 1.0, -0.5, 2.5, 6, 172, numberNames.put(key, value).set(), 7.0
6, 6397, -1.0, 1.0, -0.5, 3.0, 7, 235, numberNames.put(key, value).load(), 8.5
6, 6398, -1.0, 1.0, -0.5, 3.5, 31, 186, numberNames.put(key, value).wait(Long.valueOf(value, key)), 13.0
6, 6399, -1.0, 1.0, -0.5, 4.0, 31, 215, numberNames.put(key, value).wait(Long.valueOf(value, key)), 15.5
6, 6400, -1.0, 1.0, -0.5, 4.5, 31, 231, numberNames.put(key, value).wait(Long.valueOf(value, key)), 18.0
6, 6401, -1.0, 1.0, -0.5, 5.0, 33, 141, numberNames.put(key, value).put(numberNames.put(key, value)), 26.0
6, 6402, -1.0, 1.0, 0.0, 0.0, 10, 2, numberNames.putAll(), 1.0
6, 6403, -1.0, 1.0, 0.0, 0.5, 0, 0, numberNames.put(key, value), 2.5
6, 6404, -1.0, 1.0, 0.0, 1.0, 0, 0, numberNames.put(key, value), 4.0
6, 6405, -1.0, 1.0, 0.0, 1.5, 6, 115, numberNames.put(key, value).set(), 4.5
6, 6406, -1.0, 1.0, 0.0, 2.0, 6, 195, numberNames.put(key, value).set(), 6.0
6, 6407, -1.0, 1.0, 0.0, 2.5, 32, 131, numberNames.get(value.regionMatches(key, value, key, key)), 11.0
6, 6408, -1.0, 1.0, 0.0, 3.0, 32, 152, numberNames.get(value.regionMatches(key, value, key, key)), 14.0
6, 6409, -1.0, 1.0, 0.0, 3.5, 32, 181, numberNames.get(value.regionMatches(key, value, key, key)), 17.0
6, 6410, -1.0, 1.0, 0.0, 4.0, 32, 183, numberNames.get(value.regionMatches(key, value, key, key)), 20.0
6, 6411, -1.0, 1.0, 0.0, 4.5, 32, 195, numberNames.get(value.regionMatches(key, value, key, key)), 23.0
6, 6412, -1.0, 1.0, 0.0, 5.0, 32, 200, numberNames.get(value.regionMatches(key, value, key, key)), 26.0
6, 6413, -0.5, 1.0, -5.0, 0.0, 0, 0, numberNames.put(key, value), 3.0
6, 6414, -0.5, 1.0, -5.0, 0.5, 0, 0, numberNames.put(key, value), 4.5
6, 6415, -0.5, 1.0, -5.0, 1.0, 6, 26, numberNames.put(key, value).set(), 0.5
6, 6416, -0.5, 1.0, -5.0, 1.5, 6, 24, numberNames.put(key, value).set(), 2.0
6, 6417, -0.5, 1.0, -5.0, 2.0, 6, 24, numberNames.put(key, value).set(), 3.5
6, 6418, -0.5, 1.0, -5.0, 2.5, 6, 33, numberNames.put(key, value).set(), 5.0
6, 6419, -0.5, 1.0, -5.0, 3.0, 6, 42, numberNames.put(key, value).set(), 6.5
6, 6420, -0.5, 1.0, -5.0, 3.5, 6, 61, numberNames.put(key, value).set(), 8.0
6, 6421, -0.5, 1.0, -5.0, 4.0, 6, 64, numberNames.put(key, value).set(), 9.5
6, 6422, -0.5, 1.0, -5.0, 4.5, 6, 101, numberNames.put(key, value).set(), 11.0
6, 6423, -0.5, 1.0, -5.0, 5.0, 7, 119, numberNames.put(key, value).load(), 12.5
6, 6424, -0.5, 1.0, -4.5, 0.0, 0, 0, numberNames.put(key, value), 3.0
6, 6425, -0.5, 1.0, -4.5, 0.5, 0, 0, numberNames.put(key, value), 4.5
6, 6426, -0.5, 1.0, -4.5, 1.0, 6, 26, numberNames.put(key, value).set(), 1.0
6, 6427, -0.5, 1.0, -4.5, 1.5, 6, 24, numberNames.put(key, value).set(), 2.5
6, 6428, -0.5, 1.0, -4.5, 2.0, 6, 24, numberNames.put(key, value).set(), 4.0
6, 6429, -0.5, 1.0, -4.5, 2.5, 6, 38, numberNames.put(key, value).set(), 5.5
6, 6430, -0.5, 1.0, -4.5, 3.0, 6, 52, numberNames.put(key, value).set(), 7.0
6, 6431, -0.5, 1.0, -4.5, 3.5, 6, 61, numberNames.put(key, value).set(), 8.5
6, 6432, -0.5, 1.0, -4.5, 4.0, 6, 98, numberNames.put(key, value).set(), 10.0
6, 6433, -0.5, 1.0, -4.5, 4.5, 7, 116, numberNames.put(key, value).load(), 11.5
6, 6434, -0.5, 1.0, -4.5, 5.0, 7, 157, numberNames.put(key, value).load(), 13.0
6, 6435, -0.5, 1.0, -4.0, 0.0, 0, 0, numberNames.put(key, value), 3.0
6, 6436, -0.5, 1.0, -4.0, 0.5, 0, 0, numberNames.put(key, value), 4.5
6, 6437, -0.5, 1.0, -4.0, 1.0, 6, 24, numberNames.put(key, value).set(), 1.5
6, 6438, -0.5, 1.0, -4.0, 1.5, 6, 23, numberNames.put(key, value).set(), 3.0
6, 6439, -0.5, 1.0, -4.0, 2.0, 6, 30, numberNames.put(key, value).set(), 4.5
6, 6440, -0.5, 1.0, -4.0, 2.5, 6, 44, numberNames.put(key, value).set(), 6.0
6, 6441, -0.5, 1.0, -4.0, 3.0, 6, 61, numberNames.put(key, value).set(), 7.5
6, 6442, -0.5, 1.0, -4.0, 3.5, 6, 97, numberNames.put(key, value).set(), 9.0
6, 6443, -0.5, 1.0, -4.0, 4.0, 6, 104, numberNames.put(key, value).set(), 10.5
6, 6444, -0.5, 1.0, -4.0, 4.5, 7, 155, numberNames.put(key, value).load(), 12.0
6, 6445, -0.5, 1.0, -4.0, 5.0, 7, 169, numberNames.put(key, value).load(), 13.5
6, 6446, -0.5, 1.0, -3.5, 0.0, 0, 0, numberNames.put(key, value), 3.0
6, 6447, -0.5, 1.0, -3.5, 0.5, 0, 0, numberNames.put(key, value), 4.5
6, 6448, -0.5, 1.0, -3.5, 1.0, 6, 24, numberNames.put(key, value).set(), 2.0
6, 6449, -0.5, 1.0, -3.5, 1.5, 6, 23, numberNames.put(key, value).set(), 3.5
6, 6450, -0.5, 1.0, -3.5, 2.0, 6, 41, numberNames.put(key, value).set(), 5.0
6, 6451, -0.5, 1.0, -3.5, 2.5, 6, 52, numberNames.put(key, value).set(), 6.5
6, 6452, -0.5, 1.0, -3.5, 3.0, 6, 75, numberNames.put(key, value).set(), 8.0
6, 6453, -0.5, 1.0, -3.5, 3.5, 6, 101, numberNames.put(key, value).set(), 9.5
6, 6454, -0.5, 1.0, -3.5, 4.0, 7, 146, numberNames.put(key, value).load(), 11.0
6, 6455, -0.5, 1.0, -3.5, 4.5, 7, 169, numberNames.put(key, value).load(), 12.5
6, 6456, -0.5, 1.0, -3.5, 5.0, 7, 176, numberNames.put(key, value).load(), 14.0
6, 6457, -0.5, 1.0, -3.0, 0.0, 0, 0, numberNames.put(key, value), 3.0
6, 6458, -0.5, 1.0, -3.0, 0.5, 0, 0, numberNames.put(key, value), 4.5
6, 6459, -0.5, 1.0, -3.0, 1.0, 6, 24, numberNames.put(key, value).set(), 2.5
6, 6460, -0.5, 1.0, -3.0, 1.5, 6, 28, numberNames.put(key, value).set(), 4.0
6, 6461, -0.5, 1.0, -3.0, 2.0, 6, 43, numberNames.put(key, value).set(), 5.5
6, 6462, -0.5, 1.0, -3.0, 2.5, 6, 70, numberNames.put(key, value).set(), 7.0
6, 6463, -0.5, 1.0, -3.0, 3.0, 6, 97, numberNames.put(key, value).set(), 8.5
6, 6464, -0.5, 1.0, -3.0, 3.5, 6, 132, numberNames.put(key, value).set(), 10.0
6, 6465, -0.5, 1.0, -3.0, 4.0, 7, 169, numberNames.put(key, value).load(), 11.5
6, 6466, -0.5, 1.0, -3.0, 4.5, 7, 178, numberNames.put(key, value).load(), 13.0
6, 6467, -0.5, 1.0, -3.0, 5.0, 7, 208, numberNames.put(key, value).load(), 14.5
6, 6468, -0.5, 1.0, -2.5, 0.0, 0, 0, numberNames.put(key, value), 3.0
6, 6469, -0.5, 1.0, -2.5, 0.5, 0, 0, numberNames.put(key, value), 4.5
6, 6470, -0.5, 1.0, -2.5, 1.0, 6, 21, numberNames.put(key, value).set(), 3.0
6, 6471, -0.5, 1.0, -2.5, 1.5, 6, 33, numberNames.put(key, value).set(), 4.5
6, 6472, -0.5, 1.0, -2.5, 2.0, 6, 59, numberNames.put(key, value).set(), 6.0
6, 6473, -0.5, 1.0, -2.5, 2.5, 6, 92, numberNames.put(key, value).set(), 7.5
6, 6474, -0.5, 1.0, -2.5, 3.0, 6, 132, numberNames.put(key, value).set(), 9.0
6, 6475, -0.5, 1.0, -2.5, 3.5, 7, 170, numberNames.put(key, value).load(), 10.5
6, 6476, -0.5, 1.0, -2.5, 4.0, 7, 190, numberNames.put(key, value).load(), 12.0
6, 6477, -0.5, 1.0, -2.5, 4.5, 7, 213, numberNames.put(key, value).load(), 13.5
6, 6478, -0.5, 1.0, -2.5, 5.0, 7, 239, numberNames.put(key, value).load(), 15.0
6, 6479, -0.5, 1.0, -2.0, 0.0, 0, 0, numberNames.put(key, value), 3.0
6, 6480, -0.5, 1.0, -2.0, 0.5, 0, 0, numberNames.put(key, value), 4.5
6, 6481, -0.5, 1.0, -2.0, 1.0, 6, 23, numberNames.put(key, value).set(), 3.5
6, 6482, -0.5, 1.0, -2.0, 1.5, 6, 47, numberNames.put(key, value).set(), 5.0
6, 6483, -0.5, 1.0, -2.0, 2.0, 6, 73, numberNames.put(key, value).set(), 6.5
6, 6484, -0.5, 1.0, -2.0, 2.5, 6, 119, numberNames.put(key, value).set(), 8.0
6, 6485, -0.5, 1.0, -2.0, 3.0, 6, 147, numberNames.put(key, value).set(), 9.5
6, 6486, -0.5, 1.0, -2.0, 3.5, 7, 191, numberNames.put(key, value).load(), 11.0
6, 6487, -0.5, 1.0, -2.0, 4.0, 7, 221, numberNames.put(key, value).load(), 12.5
6, 6488, -0.5, 1.0, -2.0, 4.5, 7, 248, numberNames.put(key, value).load(), 14.0
6, 6489, -0.5, 1.0, -2.0, 5.0, 31, 178, numberNames.put(key, value).wait(Long.valueOf(value, key)), 20.0
6, 6490, -0.5, 1.0, -1.5, 0.0, 0, 0, numberNames.put(key, value), 3.0
6, 6491, -0.5, 1.0, -1.5, 0.5, 0, 0, numberNames.put(key, value), 4.5
6, 6492, -0.5, 1.0, -1.5, 1.0, 6, 31, numberNames.put(key, value).set(), 4.0
6, 6493, -0.5, 1.0, -1.5, 1.5, 6, 61, numberNames.put(key, value).set(), 5.5
6, 6494, -0.5, 1.0, -1.5, 2.0, 6, 112, numberNames.put(key, value).set(), 7.0
6, 6495, -0.5, 1.0, -1.5, 2.5, 6, 155, numberNames.put(key, value).set(), 8.5
6, 6496, -0.5, 1.0, -1.5, 3.0, 7, 197, numberNames.put(key, value).load(), 10.0
6, 6497, -0.5, 1.0, -1.5, 3.5, 7, 221, numberNames.put(key, value).load(), 11.5
6, 6498, -0.5, 1.0, -1.5, 4.0, 31, 184, numberNames.put(key, value).wait(Long.valueOf(value, key)), 16.5
6, 6499, -0.5, 1.0, -1.5, 4.5, 31, 187, numberNames.put(key, value).wait(Long.valueOf(value, key)), 19.0
6, 6500, -0.5, 1.0, -1.5, 5.0, 31, 200, numberNames.put(key, value).wait(Long.valueOf(value, key)), 21.5
6, 6501, -0.5, 1.0, -1.0, 0.0, 0, 0, numberNames.put(key, value), 3.0
6, 6502, -0.5, 1.0, -1.0, 0.5, 0, 0, numberNames.put(key, value), 4.5
6, 6503, -0.5, 1.0, -1.0, 1.0, 6, 35, numberNames.put(key, value).set(), 4.5
6, 6504, -0.5, 1.0, -1.0, 1.5, 6, 101, numberNames.put(key, value).set(), 6.0
6, 6505, -0.5, 1.0, -1.0, 2.0, 6, 156, numberNames.put(key, value).set(), 7.5
6, 6506, -0.5, 1.0, -1.0, 2.5, 6, 185, numberNames.put(key, value).set(), 9.0
6, 6507, -0.5, 1.0, -1.0, 3.0, 7, 232, numberNames.put(key, value).load(), 10.5
6, 6508, -0.5, 1.0, -1.0, 3.5, 31, 184, numberNames.put(key, value).wait(Long.valueOf(value, key)), 15.5
6, 6509, -0.5, 1.0, -1.0, 4.0, 31, 192, numberNames.put(key, value).wait(Long.valueOf(value, key)), 18.0
6, 6510, -0.5, 1.0, -1.0, 4.5, 31, 210, numberNames.put(key, value).wait(Long.valueOf(value, key)), 20.5
6, 6511, -0.5, 1.0, -1.0, 5.0, 31, 227, numberNames.put(key, value).wait(Long.valueOf(value, key)), 23.0
6, 6512, -0.5, 1.0, -0.5, 0.0, 0, 0, numberNames.put(key, value), 3.0
6, 6513, -0.5, 1.0, -0.5, 0.5, 0, 0, numberNames.put(key, value), 4.5
6, 6514, -0.5, 1.0, -0.5, 1.0, 6, 65, numberNames.put(key, value).set(), 5.0
6, 6515, -0.5, 1.0, -0.5, 1.5, 6, 148, numberNames.put(key, value).set(), 6.5
6, 6516, -0.5, 1.0, -0.5, 2.0, 6, 195, numberNames.put(key, value).set(), 8.0
6, 6517, -0.5, 1.0, -0.5, 2.5, 31, 175, numberNames.put(key, value).wait(Long.valueOf(value, key)), 12.0
6, 6518, -0.5, 1.0, -0.5, 3.0, 31, 192, numberNames.put(key, value).wait(Long.valueOf(value, key)), 14.5
6, 6519, -0.5, 1.0, -0.5, 3.5, 31, 216, numberNames.put(key, value).wait(Long.valueOf(value, key)), 17.0
6, 6520, -0.5, 1.0, -0.5, 4.0, 31, 234, numberNames.put(key, value).wait(Long.valueOf(value, key)), 19.5
6, 6521, -0.5, 1.0, -0.5, 4.5, 33, 143, numberNames.put(key, value).put(numberNames.put(key, value)), 27.5
6, 6522, -0.5, 1.0, -0.5, 5.0, 33, 156, numberNames.put(key, value).put(numberNames.put(key, value)), 30.5
6, 6523, -0.5, 1.0, 0.0, 0.0, 10, 86, numberNames.putAll(), 2.0
6, 6524, -0.5, 1.0, 0.0, 0.5, 6, 8, numberNames.put(key, value).set(), 4.0
6, 6525, -0.5, 1.0, 0.0, 1.0, 6, 164, numberNames.put(key, value).set(), 5.5
6, 6526, -0.5, 1.0, 0.0, 1.5, 26, 166, value.charAt(key).equals(numberNames.put(key, value)), 8.5
6, 6527, -0.5, 1.0, 0.0, 2.0, 32, 161, numberNames.get(value.regionMatches(key, value, key, key)), 12.0
6, 6528, -0.5, 1.0, 0.0, 2.5, 32, 194, numberNames.get(value.regionMatches(key, value, key, key)), 15.0
6, 6529, -0.5, 1.0, 0.0, 3.0, 32, 196, numberNames.get(value.regionMatches(key, value, key, key)), 18.0
6, 6530, -0.5, 1.0, 0.0, 3.5, 32, 213, numberNames.get(value.regionMatches(key, value, key, key)), 21.0
6, 6531, -0.5, 1.0, 0.0, 4.0, 33, 228, numberNames.put(key, value).put(numberNames.put(key, value)), 24.5
6, 6532, -0.5, 1.0, 0.0, 4.5, 36, 175, key.insert(value, key, key).append(numberNames.put(key, value)), 31.5
6, 6533, -0.5, 1.0, 0.0, 5.0, 36, 176, key.insert(value, key, key).append(numberNames.put(key, value)), 35.0
6, 6534, 0.0, 1.0, -5.0, 0.0, 0, 1, numberNames.put(key, value), 5.0
6, 6535, 0.0, 1.0, -5.0, 0.5, 6, 24, numberNames.put(key, value).set(), 1.5
6, 6536, 0.0, 1.0, -5.0, 1.0, 6, 24, numberNames.put(key, value).set(), 3.0
6, 6537, 0.0, 1.0, -5.0, 1.5, 6, 24, numberNames.put(key, value).set(), 4.5
6, 6538, 0.0, 1.0, -5.0, 2.0, 6, 38, numberNames.put(key, value).set(), 6.0
6, 6539, 0.0, 1.0, -5.0, 2.5, 6, 44, numberNames.put(key, value).set(), 7.5
6, 6540, 0.0, 1.0, -5.0, 3.0, 6, 61, numberNames.put(key, value).set(), 9.0
6, 6541, 0.0, 1.0, -5.0, 3.5, 6, 97, numberNames.put(key, value).set(), 10.5
6, 6542, 0.0, 1.0, -5.0, 4.0, 6, 104, numberNames.put(key, value).set(), 12.0
6, 6543, 0.0, 1.0, -5.0, 4.5, 7, 146, numberNames.put(key, value).load(), 13.5
6, 6544, 0.0, 1.0, -5.0, 5.0, 7, 161, numberNames.put(key, value).load(), 15.0
6, 6545, 0.0, 1.0, -4.5, 0.0, 0, 1, numberNames.put(key, value), 5.0
6, 6546, 0.0, 1.0, -4.5, 0.5, 6, 24, numberNames.put(key, value).set(), 2.0
6, 6547, 0.0, 1.0, -4.5, 1.0, 6, 23, numberNames.put(key, value).set(), 3.5
6, 6548, 0.0, 1.0, -4.5, 1.5, 6, 28, numberNames.put(key, value).set(), 5.0
6, 6549, 0.0, 1.0, -4.5, 2.0, 6, 44, numberNames.put(key, value).set(), 6.5
6, 6550, 0.0, 1.0, -4.5, 2.5, 6, 56, numberNames.put(key, value).set(), 8.0
6, 6551, 0.0, 1.0, -4.5, 3.0, 6, 75, numberNames.put(key, value).set(), 9.5
6, 6552, 0.0, 1.0, -4.5, 3.5, 6, 101, numberNames.put(key, value).set(), 11.0
6, 6553, 0.0, 1.0, -4.5, 4.0, 7, 138, numberNames.put(key, value).load(), 12.5
6, 6554, 0.0, 1.0, -4.5, 4.5, 7, 162, numberNames.put(key, value).load(), 14.0
6, 6555, 0.0, 1.0, -4.5, 5.0, 7, 171, numberNames.put(key, value).load(), 15.5
6, 6556, 0.0, 1.0, -4.0, 0.0, 0, 1, numberNames.put(key, value), 5.0
6, 6557, 0.0, 1.0, -4.0, 0.5, 6, 24, numberNames.put(key, value).set(), 2.5
6, 6558, 0.0, 1.0, -4.0, 1.0, 6, 23, numberNames.put(key, value).set(), 4.0
6, 6559, 0.0, 1.0, -4.0, 1.5, 6, 41, numberNames.put(key, value).set(), 5.5
6, 6560, 0.0, 1.0, -4.0, 2.0, 6, 44, numberNames.put(key, value).set(), 7.0
6, 6561, 0.0, 1.0, -4.0, 2.5, 6, 70, numberNames.put(key, value).set(), 8.5
6, 6562, 0.0, 1.0, -4.0, 3.0, 6, 97, numberNames.put(key, value).set(), 10.0
6, 6563, 0.0, 1.0, -4.0, 3.5, 6, 125, numberNames.put(key, value).set(), 11.5
6, 6564, 0.0, 1.0, -4.0, 4.0, 7, 162, numberNames.put(key, value).load(), 13.0
6, 6565, 0.0, 1.0, -4.0, 4.5, 7, 171, numberNames.put(key, value).load(), 14.5
6, 6566, 0.0, 1.0, -4.0, 5.0, 7, 179, numberNames.put(key, value).load(), 16.0
6, 6567, 0.0, 1.0, -3.5, 0.0, 0, 1, numberNames.put(key, value), 5.0
6, 6568, 0.0, 1.0, -3.5, 0.5, 6, 23, numberNames.put(key, value).set(), 3.0
6, 6569, 0.0, 1.0, -3.5, 1.0, 6, 28, numberNames.put(key, value).set(), 4.5
6, 6570, 0.0, 1.0, -3.5, 1.5, 6, 43, numberNames.put(key, value).set(), 6.0
6, 6571, 0.0, 1.0, -3.5, 2.0, 6, 69, numberNames.put(key, value).set(), 7.5
6, 6572, 0.0, 1.0, -3.5, 2.5, 6, 93, numberNames.put(key, value).set(), 9.0
6, 6573, 0.0, 1.0, -3.5, 3.0, 6, 124, numberNames.put(key, value).set(), 10.5
6, 6574, 0.0, 1.0, -3.5, 3.5, 7, 162, numberNames.put(key, value).load(), 12.0
6, 6575, 0.0, 1.0, -3.5, 4.0, 7, 172, numberNames.put(key, value).load(), 13.5
6, 6576, 0.0, 1.0, -3.5, 4.5, 7, 195, numberNames.put(key, value).load(), 15.0
6, 6577, 0.0, 1.0, -3.5, 5.0, 7, 213, numberNames.put(key, value).load(), 16.5
6, 6578, 0.0, 1.0, -3.0, 0.0, 0, 1, numberNames.put(key, value), 5.0
6, 6579, 0.0, 1.0, -3.0, 0.5, 6, 21, numberNames.put(key, value).set(), 3.5
6, 6580, 0.0, 1.0, -3.0, 1.0, 6, 31, numberNames.put(key, value).set(), 5.0
6, 6581, 0.0, 1.0, -3.0, 1.5, 6, 49, numberNames.put(key, value).set(), 6.5
6, 6582, 0.0, 1.0, -3.0, 2.0, 6, 73, numberNames.put(key, value).set(), 8.0
6, 6583, 0.0, 1.0, -3.0, 2.5, 6, 116, numberNames.put(key, value).set(), 9.5
6, 6584, 0.0, 1.0, -3.0, 3.0, 6, 132, numberNames.put(key, value).set(), 11.0
6, 6585, 0.0, 1.0, -3.0, 3.5, 7, 170, numberNames.put(key, value).load(), 12.5
6, 6586, 0.0, 1.0, -3.0, 4.0, 7, 196, numberNames.put(key, value).load(), 14.0
6, 6587, 0.0, 1.0, -3.0, 4.5, 7, 221, numberNames.put(key, value).load(), 15.5
6, 6588, 0.0, 1.0, -3.0, 5.0, 7, 239, numberNames.put(key, value).load(), 17.0
6, 6589, 0.0, 1.0, -2.5, 0.0, 0, 1, numberNames.put(key, value), 5.0
6, 6590, 0.0, 1.0, -2.5, 0.5, 6, 25, numberNames.put(key, value).set(), 4.0
6, 6591, 0.0, 1.0, -2.5, 1.0, 6, 45, numberNames.put(key, value).set(), 5.5
6, 6592, 0.0, 1.0, -2.5, 1.5, 6, 66, numberNames.put(key, value).set(), 7.0
6, 6593, 0.0, 1.0, -2.5, 2.0, 6, 108, numberNames.put(key, value).set(), 8.5
6, 6594, 0.0, 1.0, -2.5, 2.5, 6, 132, numberNames.put(key, value).set(), 10.0
6, 6595, 0.0, 1.0, -2.5, 3.0, 7, 181, numberNames.put(key, value).load(), 11.5
6, 6596, 0.0, 1.0, -2.5, 3.5, 7, 204, numberNames.put(key, value).load(), 13.0
6, 6597, 0.0, 1.0, -2.5, 4.0, 7, 224, numberNames.put(key, value).load(), 14.5
6, 6598, 0.0, 1.0, -2.5, 4.5, 31, 176, numberNames.put(key, value).wait(Long.valueOf(value, key)), 20.0
6, 6599, 0.0, 1.0, -2.5, 5.0, 31, 177, numberNames.put(key, value).wait(Long.valueOf(value, key)), 22.5
6, 6600, 0.0, 1.0, -2.0, 0.0, 0, 1, numberNames.put(key, value), 5.0
6, 6601, 0.0, 1.0, -2.0, 0.5, 6, 27, numberNames.put(key, value).set(), 4.5
6, 6602, 0.0, 1.0, -2.0, 1.0, 6, 49, numberNames.put(key, value).set(), 6.0
6, 6603, 0.0, 1.0, -2.0, 1.5, 6, 105, numberNames.put(key, value).set(), 7.5
6, 6604, 0.0, 1.0, -2.0, 2.0, 6, 129, numberNames.put(key, value).set(), 9.0
6, 6605, 0.0, 1.0, -2.0, 2.5, 6, 173, numberNames.put(key, value).set(), 10.5
6, 6606, 0.0, 1.0, -2.0, 3.0, 7, 205, numberNames.put(key, value).load(), 12.0
6, 6607, 0.0, 1.0, -2.0, 3.5, 7, 224, numberNames.put(key, value).load(), 13.5
6, 6608, 0.0, 1.0, -2.0, 4.0, 31, 177, numberNames.put(key, value).wait(Long.valueOf(value, key)), 19.0
6, 6609, 0.0, 1.0, -2.0, 4.5, 31, 187, numberNames.put(key, value).wait(Long.valueOf(value, key)), 21.5
6, 6610, 0.0, 1.0, -2.0, 5.0, 31, 196, numberNames.put(key, value).wait(Long.valueOf(value, key)), 24.0
6, 6611, 0.0, 1.0, -1.5, 0.0, 0, 1, numberNames.put(key, value), 5.0
6, 6612, 0.0, 1.0, -1.5, 0.5, 6, 35, numberNames.put(key, value).set(), 5.0
6, 6613, 0.0, 1.0, -1.5, 1.0, 6, 80, numberNames.put(key, value).set(), 6.5
6, 6614, 0.0, 1.0, -1.5, 1.5, 6, 118, numberNames.put(key, value).set(), 8.0
6, 6615, 0.0, 1.0, -1.5, 2.0, 6, 171, numberNames.put(key, value).set(), 9.5
6, 6616, 0.0, 1.0, -1.5, 2.5, 7, 202, numberNames.put(key, value).load(), 11.0
6, 6617, 0.0, 1.0, -1.5, 3.0, 7, 233, numberNames.put(key, value).load(), 12.5
6, 6618, 0.0, 1.0, -1.5, 3.5, 31, 184, numberNames.put(key, value).wait(Long.valueOf(value, key)), 18.0
6, 6619, 0.0, 1.0, -1.5, 4.0, 31, 192, numberNames.put(key, value).wait(Long.valueOf(value, key)), 20.5
6, 6620, 0.0, 1.0, -1.5, 4.5, 31, 203, numberNames.put(key, value).wait(Long.valueOf(value, key)), 23.0
6, 6621, 0.0, 1.0, -1.5, 5.0, 31, 220, numberNames.put(key, value).wait(Long.valueOf(value, key)), 25.5
6, 6622, 0.0, 1.0, -1.0, 0.0, 0, 1, numberNames.put(key, value), 5.0
6, 6623, 0.0, 1.0, -1.0, 0.5, 6, 48, numberNames.put(key, value).set(), 5.5
6, 6624, 0.0, 1.0, -1.0, 1.0, 6, 111, numberNames.put(key, value).set(), 7.0
6, 6625, 0.0, 1.0, -1.0, 1.5, 6, 167, numberNames.put(key, value).set(), 8.5
6, 6626, 0.0, 1.0, -1.0, 2.0, 6, 195, numberNames.put(key, value).set(), 10.0
6, 6627, 0.0, 1.0, -1.0, 2.5, 31, 176, numberNames.put(key, value).wait(Long.valueOf(value, key)), 14.5
6, 6628, 0.0, 1.0, -1.0, 3.0, 31, 186, numberNames.put(key, value).wait(Long.valueOf(value, key)), 17.0
6, 6629, 0.0, 1.0, -1.0, 3.5, 31, 194, numberNames.put(key, value).wait(Long.valueOf(value, key)), 19.5
6, 6630, 0.0, 1.0, -1.0, 4.0, 31, 211, numberNames.put(key, value).wait(Long.valueOf(value, key)), 22.0
6, 6631, 0.0, 1.0, -1.0, 4.5, 31, 224, numberNames.put(key, value).wait(Long.valueOf(value, key)), 24.5
6, 6632, 0.0, 1.0, -1.0, 5.0, 31, 244, numberNames.put(key, value).wait(Long.valueOf(value, key)), 27.0
6, 6633, 0.0, 1.0, -0.5, 0.0, 6, 3, numberNames.put(key, value).set(), 4.5
6, 6634, 0.0, 1.0, -0.5, 0.5, 6, 90, numberNames.put(key, value).set(), 6.0
6, 6635, 0.0, 1.0, -0.5, 1.0, 6, 174, numberNames.put(key, value).set(), 7.5
6, 6636, 0.0, 1.0, -0.5, 1.5, 6, 220, numberNames.put(key, value).set(), 9.0
6, 6637, 0.0, 1.0, -0.5, 2.0, 31, 180, numberNames.put(key, value).wait(Long.valueOf(value, key)), 13.5
6, 6638, 0.0, 1.0, -0.5, 2.5, 31, 195, numberNames.put(key, value).wait(Long.valueOf(value, key)), 16.0
6, 6639, 0.0, 1.0, -0.5, 3.0, 31, 213, numberNames.put(key, value).wait(Long.valueOf(value, key)), 18.5
6, 6640, 0.0, 1.0, -0.5, 3.5, 31, 244, numberNames.put(key, value).wait(Long.valueOf(value, key)), 21.0
6, 6641, 0.0, 1.0, -0.5, 4.0, 33, 146, numberNames.put(key, value).put(numberNames.put(key, value)), 29.0
6, 6642, 0.0, 1.0, -0.5, 4.5, 33, 159, numberNames.put(key, value).put(numberNames.put(key, value)), 32.0
6, 6643, 0.0, 1.0, -0.5, 5.0, 33, 172, numberNames.put(key, value).put(numberNames.put(key, value)), 35.0
6, 6644, 0.0, 1.0, 0.0, 0.0, 34, 47, numberNames.containsKey(Double.valueOf()).equals(put()), 5.0
6, 6645, 0.0, 1.0, 0.0, 0.5, 17, 207, numberNames.get(numberNames.put(key, value)), 7.0
6, 6646, 0.0, 1.0, 0.0, 1.0, 26, 199, value.charAt(key).equals(numberNames.put(key, value)), 10.0
6, 6647, 0.0, 1.0, 0.0, 1.5, 32, 197, numberNames.get(value.regionMatches(key, value, key, key)), 13.0
6, 6648, 0.0, 1.0, 0.0, 2.0, 32, 201, numberNames.get(value.regionMatches(key, value, key, key)), 16.0
6, 6649, 0.0, 1.0, 0.0, 2.5, 33, 191, numberNames.put(key, value).put(numberNames.put(key, value)), 20.0
6, 6650, 0.0, 1.0, 0.0, 3.0, 33, 213, numberNames.put(key, value).put(numberNames.put(key, value)), 23.0
6, 6651, 0.0, 1.0, 0.0, 3.5, 36, 182, key.insert(value, key, key).append(numberNames.put(key, value)), 29.5
6, 6652, 0.0, 1.0, 0.0, 4.0, 36, 182, key.insert(value, key, key).append(numberNames.put(key, value)), 33.0
6, 6653, 0.0, 1.0, 0.0, 4.5, 36, 182, key.insert(value, key, key).append(numberNames.put(key, value)), 36.5
6, 6654, 0.0, 1.0, 0.0, 5.0, 36, 182, key.insert(value, key, key).append(numberNames.put(key, value)), 40.0
