9, 9317, -5.0, 1.0, -5.0, 0.0, 9, 0, charAt(), -3.0
9, 9318, -5.0, 1.0, -5.0, 0.5, 9, 0, charAt(), -3.0
9, 9319, -5.0, 1.0, -5.0, 1.0, 9, 0, charAt(), -3.0
9, 9320, -5.0, 1.0, -5.0, 1.5, 9, 0, charAt(), -3.0
9, 9321, -5.0, 1.0, -5.0, 2.0, 9, 0, charAt(), -3.0
9, 9322, -5.0, 1.0, -5.0, 2.5, 9, 0, charAt(), -3.0
9, 9323, -5.0, 1.0, -5.0, 3.0, 9, 0, charAt(), -3.0
9, 9324, -5.0, 1.0, -5.0, 3.5, 9, 0, charAt(), -3.0
9, 9325, -5.0, 1.0, -5.0, 4.0, 9, 0, charAt(), -3.0
9, 9326, -5.0, 1.0, -5.0, 4.5, 8, 0, i.charAt(), -2.5
9, 9327, -5.0, 1.0, -5.0, 5.0, 8, 0, i.charAt(), -2.0
9, 9328, -5.0, 1.0, -4.5, 0.0, 9, 0, charAt(), -3.0
9, 9329, -5.0, 1.0, -4.5, 0.5, 9, 0, charAt(), -3.0
9, 9330, -5.0, 1.0, -4.5, 1.0, 9, 0, charAt(), -3.0
9, 9331, -5.0, 1.0, -4.5, 1.5, 9, 0, charAt(), -3.0
9, 9332, -5.0, 1.0, -4.5, 2.0, 9, 0, charAt(), -3.0
9, 9333, -5.0, 1.0, -4.5, 2.5, 9, 0, charAt(), -3.0
9, 9334, -5.0, 1.0, -4.5, 3.0, 9, 0, charAt(), -3.0
9, 9335, -5.0, 1.0, -4.5, 3.5, 9, 0, charAt(), -3.0
9, 9336, -5.0, 1.0, -4.5, 4.0, 9, 0, charAt(), -3.0
9, 9337, -5.0, 1.0, -4.5, 4.5, 8, 0, i.charAt(), -2.5
9, 9338, -5.0, 1.0, -4.5, 5.0, 8, 0, i.charAt(), -2.0
9, 9339, -5.0, 1.0, -4.0, 0.0, 9, 0, charAt(), -3.0
9, 9340, -5.0, 1.0, -4.0, 0.5, 9, 0, charAt(), -3.0
9, 9341, -5.0, 1.0, -4.0, 1.0, 9, 0, charAt(), -3.0
9, 9342, -5.0, 1.0, -4.0, 1.5, 9, 0, charAt(), -3.0
9, 9343, -5.0, 1.0, -4.0, 2.0, 9, 0, charAt(), -3.0
9, 9344, -5.0, 1.0, -4.0, 2.5, 9, 0, charAt(), -3.0
9, 9345, -5.0, 1.0, -4.0, 3.0, 9, 0, charAt(), -3.0
9, 9346, -5.0, 1.0, -4.0, 3.5, 9, 0, charAt(), -3.0
9, 9347, -5.0, 1.0, -4.0, 4.0, 9, 0, charAt(), -3.0
9, 9348, -5.0, 1.0, -4.0, 4.5, 8, 0, i.charAt(), -2.5
9, 9349, -5.0, 1.0, -4.0, 5.0, 8, 0, i.charAt(), -2.0
9, 9350, -5.0, 1.0, -3.5, 0.0, 9, 0, charAt(), -3.0
9, 9351, -5.0, 1.0, -3.5, 0.5, 9, 0, charAt(), -3.0
9, 9352, -5.0, 1.0, -3.5, 1.0, 9, 0, charAt(), -3.0
9, 9353, -5.0, 1.0, -3.5, 1.5, 9, 0, charAt(), -3.0
9, 9354, -5.0, 1.0, -3.5, 2.0, 9, 0, charAt(), -3.0
9, 9355, -5.0, 1.0, -3.5, 2.5, 9, 0, charAt(), -3.0
9, 9356, -5.0, 1.0, -3.5, 3.0, 9, 0, charAt(), -3.0
9, 9357, -5.0, 1.0, -3.5, 3.5, 9, 0, charAt(), -3.0
9, 9358, -5.0, 1.0, -3.5, 4.0, 9, 0, charAt(), -3.0
9, 9359, -5.0, 1.0, -3.5, 4.5, 8, 0, i.charAt(), -2.5
9, 9360, -5.0, 1.0, -3.5, 5.0, 8, 0, i.charAt(), -2.0
9, 9361, -5.0, 1.0, -3.0, 0.0, 9, 0, charAt(), -3.0
9, 9362, -5.0, 1.0, -3.0, 0.5, 9, 0, charAt(), -3.0
9, 9363, -5.0, 1.0, -3.0, 1.0, 9, 0, charAt(), -3.0
9, 9364, -5.0, 1.0, -3.0, 1.5, 9, 0, charAt(), -3.0
9, 9365, -5.0, 1.0, -3.0, 2.0, 9, 0, charAt(), -3.0
9, 9366, -5.0, 1.0, -3.0, 2.5, 9, 0, charAt(), -3.0
9, 9367, -5.0, 1.0, -3.0, 3.0, 9, 0, charAt(), -3.0
9, 9368, -5.0, 1.0, -3.0, 3.5, 9, 0, charAt(), -3.0
9, 9369, -5.0, 1.0, -3.0, 4.0, 9, 0, charAt(), -3.0
9, 9370, -5.0, 1.0, -3.0, 4.5, 8, 0, i.charAt(), -2.5
9, 9371, -5.0, 1.0, -3.0, 5.0, 8, 0, i.charAt(), -2.0
9, 9372, -5.0, 1.0, -2.5, 0.0, 9, 0, charAt(), -3.0
9, 9373, -5.0, 1.0, -2.5, 0.5, 9, 0, charAt(), -3.0
9, 9374, -5.0, 1.0, -2.5, 1.0, 9, 0, charAt(), -3.0
9, 9375, -5.0, 1.0, -2.5, 1.5, 9, 0, charAt(), -3.0
9, 9376, -5.0, 1.0, -2.5, 2.0, 9, 0, charAt(), -3.0
9, 9377, -5.0, 1.0, -2.5, 2.5, 9, 0, charAt(), -3.0
9, 9378, -5.0, 1.0, -2.5, 3.0, 9, 0, charAt(), -3.0
9, 9379, -5.0, 1.0, -2.5, 3.5, 9, 0, charAt(), -3.0
9, 9380, -5.0, 1.0, -2.5, 4.0, 9, 0, charAt(), -3.0
9, 9381, -5.0, 1.0, -2.5, 4.5, 8, 0, i.charAt(), -2.5
9, 9382, -5.0, 1.0, -2.5, 5.0, 8, 0, i.charAt(), -2.0
9, 9383, -5.0, 1.0, -2.0, 0.0, 9, 0, charAt(), -3.0
9, 9384, -5.0, 1.0, -2.0, 0.5, 9, 0, charAt(), -3.0
9, 9385, -5.0, 1.0, -2.0, 1.0, 9, 0, charAt(), -3.0
9, 9386, -5.0, 1.0, -2.0, 1.5, 9, 0, charAt(), -3.0
9, 9387, -5.0, 1.0, -2.0, 2.0, 9, 0, charAt(), -3.0
9, 9388, -5.0, 1.0, -2.0, 2.5, 9, 0, charAt(), -3.0
9, 9389, -5.0, 1.0, -2.0, 3.0, 9, 0, charAt(), -3.0
9, 9390, -5.0, 1.0, -2.0, 3.5, 9, 0, charAt(), -3.0
9, 9391, -5.0, 1.0, -2.0, 4.0, 9, 0, charAt(), -3.0
9, 9392, -5.0, 1.0, -2.0, 4.5, 8, 0, i.charAt(), -2.5
9, 9393, -5.0, 1.0, -2.0, 5.0, 8, 0, i.charAt(), -2.0
9, 9394, -5.0, 1.0, -1.5, 0.0, 9, 0, charAt(), -3.0
9, 9395, -5.0, 1.0, -1.5, 0.5, 9, 0, charAt(), -3.0
9, 9396, -5.0, 1.0, -1.5, 1.0, 9, 0, charAt(), -3.0
9, 9397, -5.0, 1.0, -1.5, 1.5, 9, 0, charAt(), -3.0
9, 9398, -5.0, 1.0, -1.5, 2.0, 9, 0, charAt(), -3.0
9, 9399, -5.0, 1.0, -1.5, 2.5, 9, 0, charAt(), -3.0
9, 9400, -5.0, 1.0, -1.5, 3.0, 9, 0, charAt(), -3.0
9, 9401, -5.0, 1.0, -1.5, 3.5, 9, 0, charAt(), -3.0
9, 9402, -5.0, 1.0, -1.5, 4.0, 9, 0, charAt(), -3.0
9, 9403, -5.0, 1.0, -1.5, 4.5, 8, 0, i.charAt(), -2.5
9, 9404, -5.0, 1.0, -1.5, 5.0, 8, 0, i.charAt(), -2.0
9, 9405, -5.0, 1.0, -1.0, 0.0, 9, 0, charAt(), -3.0
9, 9406, -5.0, 1.0, -1.0, 0.5, 9, 0, charAt(), -3.0
9, 9407, -5.0, 1.0, -1.0, 1.0, 9, 0, charAt(), -3.0
9, 9408, -5.0, 1.0, -1.0, 1.5, 9, 0, charAt(), -3.0
9, 9409, -5.0, 1.0, -1.0, 2.0, 9, 0, charAt(), -3.0
9, 9410, -5.0, 1.0, -1.0, 2.5, 9, 0, charAt(), -3.0
9, 9411, -5.0, 1.0, -1.0, 3.0, 9, 0, charAt(), -3.0
9, 9412, -5.0, 1.0, -1.0, 3.5, 9, 0, charAt(), -3.0
9, 9413, -5.0, 1.0, -1.0, 4.0, 9, 0, charAt(), -3.0
9, 9414, -5.0, 1.0, -1.0, 4.5, 8, 0, i.charAt(), -2.5
9, 9415, -5.0, 1.0, -1.0, 5.0, 8, 0, i.charAt(), -2.0
9, 9416, -5.0, 1.0, -0.5, 0.0, 9, 0, charAt(), -3.0
9, 9417, -5.0, 1.0, -0.5, 0.5, 9, 0, charAt(), -3.0
9, 9418, -5.0, 1.0, -0.5, 1.0, 9, 0, charAt(), -3.0
9, 9419, -5.0, 1.0, -0.5, 1.5, 9, 0, charAt(), -3.0
9, 9420, -5.0, 1.0, -0.5, 2.0, 9, 0, charAt(), -3.0
9, 9421, -5.0, 1.0, -0.5, 2.5, 9, 0, charAt(), -3.0
9, 9422, -5.0, 1.0, -0.5, 3.0, 9, 0, charAt(), -3.0
9, 9423, -5.0, 1.0, -0.5, 3.5, 9, 0, charAt(), -3.0
9, 9424, -5.0, 1.0, -0.5, 4.0, 9, 0, charAt(), -3.0
9, 9425, -5.0, 1.0, -0.5, 4.5, 8, 0, i.charAt(), -2.5
9, 9426, -5.0, 1.0, -0.5, 5.0, 8, 0, i.charAt(), -2.0
9, 9427, -5.0, 1.0, 0.0, 0.0, 9, 0, charAt(), -3.0
9, 9428, -5.0, 1.0, 0.0, 0.5, 9, 0, charAt(), -3.0
9, 9429, -5.0, 1.0, 0.0, 1.0, 9, 0, charAt(), -3.0
9, 9430, -5.0, 1.0, 0.0, 1.5, 9, 0, charAt(), -3.0
9, 9431, -5.0, 1.0, 0.0, 2.0, 9, 0, charAt(), -3.0
9, 9432, -5.0, 1.0, 0.0, 2.5, 9, 0, charAt(), -3.0
9, 9433, -5.0, 1.0, 0.0, 3.0, 9, 0, charAt(), -3.0
9, 9434, -5.0, 1.0, 0.0, 3.5, 9, 0, charAt(), -3.0
9, 9435, -5.0, 1.0, 0.0, 4.0, 9, 0, charAt(), -3.0
9, 9436, -5.0, 1.0, 0.0, 4.5, 8, 0, i.charAt(), -2.5
9, 9437, -5.0, 1.0, 0.0, 5.0, 8, 0, i.charAt(), -2.0
9, 9438, -4.5, 1.0, -5.0, 0.0, 9, 0, charAt(), -2.5
9, 9439, -4.5, 1.0, -5.0, 0.5, 9, 0, charAt(), -2.5
9, 9440, -4.5, 1.0, -5.0, 1.0, 9, 0, charAt(), -2.5
9, 9441, -4.5, 1.0, -5.0, 1.5, 9, 0, charAt(), -2.5
9, 9442, -4.5, 1.0, -5.0, 2.0, 9, 0, charAt(), -2.5
9, 9443, -4.5, 1.0, -5.0, 2.5, 9, 0, charAt(), -2.5
9, 9444, -4.5, 1.0, -5.0, 3.0, 9, 0, charAt(), -2.5
9, 9445, -4.5, 1.0, -5.0, 3.5, 9, 0, charAt(), -2.5
9, 9446, -4.5, 1.0, -5.0, 4.0, 8, 0, i.charAt(), -2.0
9, 9447, -4.5, 1.0, -5.0, 4.5, 8, 0, i.charAt(), -1.5
9, 9448, -4.5, 1.0, -5.0, 5.0, 8, 0, i.charAt(), -1.0
9, 9449, -4.5, 1.0, -4.5, 0.0, 9, 0, charAt(), -2.5
9, 9450, -4.5, 1.0, -4.5, 0.5, 9, 0, charAt(), -2.5
9, 9451, -4.5, 1.0, -4.5, 1.0, 9, 0, charAt(), -2.5
9, 9452, -4.5, 1.0, -4.5, 1.5, 9, 0, charAt(), -2.5
9, 9453, -4.5, 1.0, -4.5, 2.0, 9, 0, charAt(), -2.5
9, 9454, -4.5, 1.0, -4.5, 2.5, 9, 0, charAt(), -2.5
9, 9455, -4.5, 1.0, -4.5, 3.0, 9, 0, charAt(), -2.5
9, 9456, -4.5, 1.0, -4.5, 3.5, 9, 0, charAt(), -2.5
9, 9457, -4.5, 1.0, -4.5, 4.0, 8, 0, i.charAt(), -2.0
9, 9458, -4.5, 1.0, -4.5, 4.5, 8, 0, i.charAt(), -1.5
9, 9459, -4.5, 1.0, -4.5, 5.0, 8, 0, i.charAt(), -1.0
9, 9460, -4.5, 1.0, -4.0, 0.0, 9, 0, charAt(), -2.5
9, 9461, -4.5, 1.0, -4.0, 0.5, 9, 0, charAt(), -2.5
9, 9462, -4.5, 1.0, -4.0, 1.0, 9, 0, charAt(), -2.5
9, 9463, -4.5, 1.0, -4.0, 1.5, 9, 0, charAt(), -2.5
9, 9464, -4.5, 1.0, -4.0, 2.0, 9, 0, charAt(), -2.5
9, 9465, -4.5, 1.0, -4.0, 2.5, 9, 0, charAt(), -2.5
9, 9466, -4.5, 1.0, -4.0, 3.0, 9, 0, charAt(), -2.5
9, 9467, -4.5, 1.0, -4.0, 3.5, 9, 0, charAt(), -2.5
9, 9468, -4.5, 1.0, -4.0, 4.0, 8, 0, i.charAt(), -2.0
9, 9469, -4.5, 1.0, -4.0, 4.5, 8, 0, i.charAt(), -1.5
9, 9470, -4.5, 1.0, -4.0, 5.0, 8, 0, i.charAt(), -1.0
9, 9471, -4.5, 1.0, -3.5, 0.0, 9, 0, charAt(), -2.5
9, 9472, -4.5, 1.0, -3.5, 0.5, 9, 0, charAt(), -2.5
9, 9473, -4.5, 1.0, -3.5, 1.0, 9, 0, charAt(), -2.5
9, 9474, -4.5, 1.0, -3.5, 1.5, 9, 0, charAt(), -2.5
9, 9475, -4.5, 1.0, -3.5, 2.0, 9, 0, charAt(), -2.5
9, 9476, -4.5, 1.0, -3.5, 2.5, 9, 0, charAt(), -2.5
9, 9477, -4.5, 1.0, -3.5, 3.0, 9, 0, charAt(), -2.5
9, 9478, -4.5, 1.0, -3.5, 3.5, 9, 0, charAt(), -2.5
9, 9479, -4.5, 1.0, -3.5, 4.0, 8, 0, i.charAt(), -2.0
9, 9480, -4.5, 1.0, -3.5, 4.5, 8, 0, i.charAt(), -1.5
9, 9481, -4.5, 1.0, -3.5, 5.0, 8, 0, i.charAt(), -1.0
9, 9482, -4.5, 1.0, -3.0, 0.0, 9, 0, charAt(), -2.5
9, 9483, -4.5, 1.0, -3.0, 0.5, 9, 0, charAt(), -2.5
9, 9484, -4.5, 1.0, -3.0, 1.0, 9, 0, charAt(), -2.5
9, 9485, -4.5, 1.0, -3.0, 1.5, 9, 0, charAt(), -2.5
9, 9486, -4.5, 1.0, -3.0, 2.0, 9, 0, charAt(), -2.5
9, 9487, -4.5, 1.0, -3.0, 2.5, 9, 0, charAt(), -2.5
9, 9488, -4.5, 1.0, -3.0, 3.0, 9, 0, charAt(), -2.5
9, 9489, -4.5, 1.0, -3.0, 3.5, 9, 0, charAt(), -2.5
9, 9490, -4.5, 1.0, -3.0, 4.0, 8, 0, i.charAt(), -2.0
9, 9491, -4.5, 1.0, -3.0, 4.5, 8, 0, i.charAt(), -1.5
9, 9492, -4.5, 1.0, -3.0, 5.0, 8, 0, i.charAt(), -1.0
9, 9493, -4.5, 1.0, -2.5, 0.0, 9, 0, charAt(), -2.5
9, 9494, -4.5, 1.0, -2.5, 0.5, 9, 0, charAt(), -2.5
9, 9495, -4.5, 1.0, -2.5, 1.0, 9, 0, charAt(), -2.5
9, 9496, -4.5, 1.0, -2.5, 1.5, 9, 0, charAt(), -2.5
9, 9497, -4.5, 1.0, -2.5, 2.0, 9, 0, charAt(), -2.5
9, 9498, -4.5, 1.0, -2.5, 2.5, 9, 0, charAt(), -2.5
9, 9499, -4.5, 1.0, -2.5, 3.0, 9, 0, charAt(), -2.5
9, 9500, -4.5, 1.0, -2.5, 3.5, 9, 0, charAt(), -2.5
9, 9501, -4.5, 1.0, -2.5, 4.0, 8, 0, i.charAt(), -2.0
9, 9502, -4.5, 1.0, -2.5, 4.5, 8, 0, i.charAt(), -1.5
9, 9503, -4.5, 1.0, -2.5, 5.0, 8, 0, i.charAt(), -1.0
9, 9504, -4.5, 1.0, -2.0, 0.0, 9, 0, charAt(), -2.5
9, 9505, -4.5, 1.0, -2.0, 0.5, 9, 0, charAt(), -2.5
9, 9506, -4.5, 1.0, -2.0, 1.0, 9, 0, charAt(), -2.5
9, 9507, -4.5, 1.0, -2.0, 1.5, 9, 0, charAt(), -2.5
9, 9508, -4.5, 1.0, -2.0, 2.0, 9, 0, charAt(), -2.5
9, 9509, -4.5, 1.0, -2.0, 2.5, 9, 0, charAt(), -2.5
9, 9510, -4.5, 1.0, -2.0, 3.0, 9, 0, charAt(), -2.5
9, 9511, -4.5, 1.0, -2.0, 3.5, 9, 0, charAt(), -2.5
9, 9512, -4.5, 1.0, -2.0, 4.0, 8, 0, i.charAt(), -2.0
9, 9513, -4.5, 1.0, -2.0, 4.5, 8, 0, i.charAt(), -1.5
9, 9514, -4.5, 1.0, -2.0, 5.0, 8, 0, i.charAt(), -1.0
9, 9515, -4.5, 1.0, -1.5, 0.0, 9, 0, charAt(), -2.5
9, 9516, -4.5, 1.0, -1.5, 0.5, 9, 0, charAt(), -2.5
9, 9517, -4.5, 1.0, -1.5, 1.0, 9, 0, charAt(), -2.5
9, 9518, -4.5, 1.0, -1.5, 1.5, 9, 0, charAt(), -2.5
9, 9519, -4.5, 1.0, -1.5, 2.0, 9, 0, charAt(), -2.5
9, 9520, -4.5, 1.0, -1.5, 2.5, 9, 0, charAt(), -2.5
9, 9521, -4.5, 1.0, -1.5, 3.0, 9, 0, charAt(), -2.5
9, 9522, -4.5, 1.0, -1.5, 3.5, 9, 0, charAt(), -2.5
9, 9523, -4.5, 1.0, -1.5, 4.0, 8, 0, i.charAt(), -2.0
9, 9524, -4.5, 1.0, -1.5, 4.5, 8, 0, i.charAt(), -1.5
9, 9525, -4.5, 1.0, -1.5, 5.0, 8, 0, i.charAt(), -1.0
9, 9526, -4.5, 1.0, -1.0, 0.0, 9, 0, charAt(), -2.5
9, 9527, -4.5, 1.0, -1.0, 0.5, 9, 0, charAt(), -2.5
9, 9528, -4.5, 1.0, -1.0, 1.0, 9, 0, charAt(), -2.5
9, 9529, -4.5, 1.0, -1.0, 1.5, 9, 0, charAt(), -2.5
9, 9530, -4.5, 1.0, -1.0, 2.0, 9, 0, charAt(), -2.5
9, 9531, -4.5, 1.0, -1.0, 2.5, 9, 0, charAt(), -2.5
9, 9532, -4.5, 1.0, -1.0, 3.0, 9, 0, charAt(), -2.5
9, 9533, -4.5, 1.0, -1.0, 3.5, 9, 0, charAt(), -2.5
9, 9534, -4.5, 1.0, -1.0, 4.0, 8, 0, i.charAt(), -2.0
9, 9535, -4.5, 1.0, -1.0, 4.5, 8, 0, i.charAt(), -1.5
9, 9536, -4.5, 1.0, -1.0, 5.0, 8, 0, i.charAt(), -1.0
9, 9537, -4.5, 1.0, -0.5, 0.0, 9, 0, charAt(), -2.5
9, 9538, -4.5, 1.0, -0.5, 0.5, 9, 0, charAt(), -2.5
9, 9539, -4.5, 1.0, -0.5, 1.0, 9, 0, charAt(), -2.5
9, 9540, -4.5, 1.0, -0.5, 1.5, 9, 0, charAt(), -2.5
9, 9541, -4.5, 1.0, -0.5, 2.0, 9, 0, charAt(), -2.5
9, 9542, -4.5, 1.0, -0.5, 2.5, 9, 0, charAt(), -2.5
9, 9543, -4.5, 1.0, -0.5, 3.0, 9, 0, charAt(), -2.5
9, 9544, -4.5, 1.0, -0.5, 3.5, 9, 0, charAt(), -2.5
9, 9545, -4.5, 1.0, -0.5, 4.0, 8, 0, i.charAt(), -2.0
9, 9546, -4.5, 1.0, -0.5, 4.5, 8, 0, i.charAt(), -1.5
9, 9547, -4.5, 1.0, -0.5, 5.0, 8, 0, i.charAt(), -1.0
9, 9548, -4.5, 1.0, 0.0, 0.0, 9, 0, charAt(), -2.5
9, 9549, -4.5, 1.0, 0.0, 0.5, 9, 0, charAt(), -2.5
9, 9550, -4.5, 1.0, 0.0, 1.0, 9, 0, charAt(), -2.5
9, 9551, -4.5, 1.0, 0.0, 1.5, 9, 0, charAt(), -2.5
9, 9552, -4.5, 1.0, 0.0, 2.0, 9, 0, charAt(), -2.5
9, 9553, -4.5, 1.0, 0.0, 2.5, 9, 0, charAt(), -2.5
9, 9554, -4.5, 1.0, 0.0, 3.0, 9, 0, charAt(), -2.5
9, 9555, -4.5, 1.0, 0.0, 3.5, 9, 0, charAt(), -2.5
9, 9556, -4.5, 1.0, 0.0, 4.0, 8, 0, i.charAt(), -2.0
9, 9557, -4.5, 1.0, 0.0, 4.5, 8, 0, i.charAt(), -1.5
9, 9558, -4.5, 1.0, 0.0, 5.0, 8, 0, i.charAt(), -1.0
9, 9559, -4.0, 1.0, -5.0, 0.0, 9, 0, charAt(), -2.0
9, 9560, -4.0, 1.0, -5.0, 0.5, 9, 0, charAt(), -2.0
9, 9561, -4.0, 1.0, -5.0, 1.0, 9, 0, charAt(), -2.0
9, 9562, -4.0, 1.0, -5.0, 1.5, 9, 0, charAt(), -2.0
9, 9563, -4.0, 1.0, -5.0, 2.0, 9, 0, charAt(), -2.0
9, 9564, -4.0, 1.0, -5.0, 2.5, 9, 0, charAt(), -2.0
9, 9565, -4.0, 1.0, -5.0, 3.0, 9, 0, charAt(), -2.0
9, 9566, -4.0, 1.0, -5.0, 3.5, 8, 0, i.charAt(), -1.5
9, 9567, -4.0, 1.0, -5.0, 4.0, 8, 0, i.charAt(), -1.0
9, 9568, -4.0, 1.0, -5.0, 4.5, 8, 0, i.charAt(), -0.5
9, 9569, -4.0, 1.0, -5.0, 5.0, 8, 0, i.charAt(), 0.0
9, 9570, -4.0, 1.0, -4.5, 0.0, 9, 0, charAt(), -2.0
9, 9571, -4.0, 1.0, -4.5, 0.5, 9, 0, charAt(), -2.0
9, 9572, -4.0, 1.0, -4.5, 1.0, 9, 0, charAt(), -2.0
9, 9573, -4.0, 1.0, -4.5, 1.5, 9, 0, charAt(), -2.0
9, 9574, -4.0, 1.0, -4.5, 2.0, 9, 0, charAt(), -2.0
9, 9575, -4.0, 1.0, -4.5, 2.5, 9, 0, charAt(), -2.0
9, 9576, -4.0, 1.0, -4.5, 3.0, 9, 0, charAt(), -2.0
9, 9577, -4.0, 1.0, -4.5, 3.5, 8, 0, i.charAt(), -1.5
9, 9578, -4.0, 1.0, -4.5, 4.0, 8, 0, i.charAt(), -1.0
9, 9579, -4.0, 1.0, -4.5, 4.5, 8, 0, i.charAt(), -0.5
9, 9580, -4.0, 1.0, -4.5, 5.0, 8, 0, i.charAt(), 0.0
9, 9581, -4.0, 1.0, -4.0, 0.0, 9, 0, charAt(), -2.0
9, 9582, -4.0, 1.0, -4.0, 0.5, 9, 0, charAt(), -2.0
9, 9583, -4.0, 1.0, -4.0, 1.0, 9, 0, charAt(), -2.0
9, 9584, -4.0, 1.0, -4.0, 1.5, 9, 0, charAt(), -2.0
9, 9585, -4.0, 1.0, -4.0, 2.0, 9, 0, charAt(), -2.0
9, 9586, -4.0, 1.0, -4.0, 2.5, 9, 0, charAt(), -2.0
9, 9587, -4.0, 1.0, -4.0, 3.0, 9, 0, charAt(), -2.0
9, 9588, -4.0, 1.0, -4.0, 3.5, 8, 0, i.charAt(), -1.5
9, 9589, -4.0, 1.0, -4.0, 4.0, 8, 0, i.charAt(), -1.0
9, 9590, -4.0, 1.0, -4.0, 4.5, 8, 0, i.charAt(), -0.5
9, 9591, -4.0, 1.0, -4.0, 5.0, 8, 0, i.charAt(), 0.0
9, 9592, -4.0, 1.0, -3.5, 0.0, 9, 0, charAt(), -2.0
9, 9593, -4.0, 1.0, -3.5, 0.5, 9, 0, charAt(), -2.0
9, 9594, -4.0, 1.0, -3.5, 1.0, 9, 0, charAt(), -2.0
9, 9595, -4.0, 1.0, -3.5, 1.5, 9, 0, charAt(), -2.0
9, 9596, -4.0, 1.0, -3.5, 2.0, 9, 0, charAt(), -2.0
9, 9597, -4.0, 1.0, -3.5, 2.5, 9, 0, charAt(), -2.0
9, 9598, -4.0, 1.0, -3.5, 3.0, 9, 0, charAt(), -2.0
9, 9599, -4.0, 1.0, -3.5, 3.5, 8, 0, i.charAt(), -1.5
9, 9600, -4.0, 1.0, -3.5, 4.0, 8, 0, i.charAt(), -1.0
9, 9601, -4.0, 1.0, -3.5, 4.5, 8, 0, i.charAt(), -0.5
9, 9602, -4.0, 1.0, -3.5, 5.0, 8, 0, i.charAt(), 0.0
9, 9603, -4.0, 1.0, -3.0, 0.0, 9, 0, charAt(), -2.0
9, 9604, -4.0, 1.0, -3.0, 0.5, 9, 0, charAt(), -2.0
9, 9605, -4.0, 1.0, -3.0, 1.0, 9, 0, charAt(), -2.0
9, 9606, -4.0, 1.0, -3.0, 1.5, 9, 0, charAt(), -2.0
9, 9607, -4.0, 1.0, -3.0, 2.0, 9, 0, charAt(), -2.0
9, 9608, -4.0, 1.0, -3.0, 2.5, 9, 0, charAt(), -2.0
9, 9609, -4.0, 1.0, -3.0, 3.0, 9, 0, charAt(), -2.0
9, 9610, -4.0, 1.0, -3.0, 3.5, 8, 0, i.charAt(), -1.5
9, 9611, -4.0, 1.0, -3.0, 4.0, 8, 0, i.charAt(), -1.0
9, 9612, -4.0, 1.0, -3.0, 4.5, 8, 0, i.charAt(), -0.5
9, 9613, -4.0, 1.0, -3.0, 5.0, 8, 0, i.charAt(), 0.0
9, 9614, -4.0, 1.0, -2.5, 0.0, 9, 0, charAt(), -2.0
9, 9615, -4.0, 1.0, -2.5, 0.5, 9, 0, charAt(), -2.0
9, 9616, -4.0, 1.0, -2.5, 1.0, 9, 0, charAt(), -2.0
9, 9617, -4.0, 1.0, -2.5, 1.5, 9, 0, charAt(), -2.0
9, 9618, -4.0, 1.0, -2.5, 2.0, 9, 0, charAt(), -2.0
9, 9619, -4.0, 1.0, -2.5, 2.5, 9, 0, charAt(), -2.0
9, 9620, -4.0, 1.0, -2.5, 3.0, 9, 0, charAt(), -2.0
9, 9621, -4.0, 1.0, -2.5, 3.5, 8, 0, i.charAt(), -1.5
9, 9622, -4.0, 1.0, -2.5, 4.0, 8, 0, i.charAt(), -1.0
9, 9623, -4.0, 1.0, -2.5, 4.5, 8, 0, i.charAt(), -0.5
9, 9624, -4.0, 1.0, -2.5, 5.0, 8, 0, i.charAt(), 0.0
9, 9625, -4.0, 1.0, -2.0, 0.0, 9, 0, charAt(), -2.0
9, 9626, -4.0, 1.0, -2.0, 0.5, 9, 0, charAt(), -2.0
9, 9627, -4.0, 1.0, -2.0, 1.0, 9, 0, charAt(), -2.0
9, 9628, -4.0, 1.0, -2.0, 1.5, 9, 0, charAt(), -2.0
9, 9629, -4.0, 1.0, -2.0, 2.0, 9, 0, charAt(), -2.0
9, 9630, -4.0, 1.0, -2.0, 2.5, 9, 0, charAt(), -2.0
9, 9631, -4.0, 1.0, -2.0, 3.0, 9, 0, charAt(), -2.0
9, 9632, -4.0, 1.0, -2.0, 3.5, 8, 0, i.charAt(), -1.5
9, 9633, -4.0, 1.0, -2.0, 4.0, 8, 0, i.charAt(), -1.0
9, 9634, -4.0, 1.0, -2.0, 4.5, 8, 0, i.charAt(), -0.5
9, 9635, -4.0, 1.0, -2.0, 5.0, 8, 0, i.charAt(), 0.0
9, 9636, -4.0, 1.0, -1.5, 0.0, 9, 0, charAt(), -2.0
9, 9637, -4.0, 1.0, -1.5, 0.5, 9, 0, charAt(), -2.0
9, 9638, -4.0, 1.0, -1.5, 1.0, 9, 0, charAt(), -2.0
9, 9639, -4.0, 1.0, -1.5, 1.5, 9, 0, charAt(), -2.0
9, 9640, -4.0, 1.0, -1.5, 2.0, 9, 0, charAt(), -2.0
9, 9641, -4.0, 1.0, -1.5, 2.5, 9, 0, charAt(), -2.0
9, 9642, -4.0, 1.0, -1.5, 3.0, 9, 0, charAt(), -2.0
9, 9643, -4.0, 1.0, -1.5, 3.5, 8, 0, i.charAt(), -1.5
9, 9644, -4.0, 1.0, -1.5, 4.0, 8, 0, i.charAt(), -1.0
9, 9645, -4.0, 1.0, -1.5, 4.5, 8, 0, i.charAt(), -0.5
9, 9646, -4.0, 1.0, -1.5, 5.0, 8, 0, i.charAt(), 0.0
9, 9647, -4.0, 1.0, -1.0, 0.0, 9, 0, charAt(), -2.0
9, 9648, -4.0, 1.0, -1.0, 0.5, 9, 0, charAt(), -2.0
9, 9649, -4.0, 1.0, -1.0, 1.0, 9, 0, charAt(), -2.0
9, 9650, -4.0, 1.0, -1.0, 1.5, 9, 0, charAt(), -2.0
9, 9651, -4.0, 1.0, -1.0, 2.0, 9, 0, charAt(), -2.0
9, 9652, -4.0, 1.0, -1.0, 2.5, 9, 0, charAt(), -2.0
9, 9653, -4.0, 1.0, -1.0, 3.0, 9, 0, charAt(), -2.0
9, 9654, -4.0, 1.0, -1.0, 3.5, 8, 0, i.charAt(), -1.5
9, 9655, -4.0, 1.0, -1.0, 4.0, 8, 0, i.charAt(), -1.0
9, 9656, -4.0, 1.0, -1.0, 4.5, 8, 0, i.charAt(), -0.5
9, 9657, -4.0, 1.0, -1.0, 5.0, 8, 0, i.charAt(), 0.0
9, 9658, -4.0, 1.0, -0.5, 0.0, 9, 0, charAt(), -2.0
9, 9659, -4.0, 1.0, -0.5, 0.5, 9, 0, charAt(), -2.0
9, 9660, -4.0, 1.0, -0.5, 1.0, 9, 0, charAt(), -2.0
9, 9661, -4.0, 1.0, -0.5, 1.5, 9, 0, charAt(), -2.0
9, 9662, -4.0, 1.0, -0.5, 2.0, 9, 0, charAt(), -2.0
9, 9663, -4.0, 1.0, -0.5, 2.5, 9, 0, charAt(), -2.0
9, 9664, -4.0, 1.0, -0.5, 3.0, 9, 0, charAt(), -2.0
9, 9665, -4.0, 1.0, -0.5, 3.5, 8, 0, i.charAt(), -1.5
9, 9666, -4.0, 1.0, -0.5, 4.0, 8, 0, i.charAt(), -1.0
9, 9667, -4.0, 1.0, -0.5, 4.5, 8, 0, i.charAt(), -0.5
9, 9668, -4.0, 1.0, -0.5, 5.0, 8, 0, i.charAt(), 0.0
9, 9669, -4.0, 1.0, 0.0, 0.0, 9, 0, charAt(), -2.0
9, 9670, -4.0, 1.0, 0.0, 0.5, 9, 0, charAt(), -2.0
9, 9671, -4.0, 1.0, 0.0, 1.0, 9, 0, charAt(), -2.0
9, 9672, -4.0, 1.0, 0.0, 1.5, 9, 0, charAt(), -2.0
9, 9673, -4.0, 1.0, 0.0, 2.0, 9, 0, charAt(), -2.0
9, 9674, -4.0, 1.0, 0.0, 2.5, 9, 0, charAt(), -2.0
9, 9675, -4.0, 1.0, 0.0, 3.0, 9, 0, charAt(), -2.0
9, 9676, -4.0, 1.0, 0.0, 3.5, 8, 0, i.charAt(), -1.5
9, 9677, -4.0, 1.0, 0.0, 4.0, 8, 0, i.charAt(), -1.0
9, 9678, -4.0, 1.0, 0.0, 4.5, 8, 0, i.charAt(), -0.5
9, 9679, -4.0, 1.0, 0.0, 5.0, 8, 0, i.charAt(), 0.0
9, 9680, -3.5, 1.0, -5.0, 0.0, 9, 0, charAt(), -1.5
9, 9681, -3.5, 1.0, -5.0, 0.5, 9, 0, charAt(), -1.5
9, 9682, -3.5, 1.0, -5.0, 1.0, 9, 0, charAt(), -1.5
9, 9683, -3.5, 1.0, -5.0, 1.5, 9, 0, charAt(), -1.5
9, 9684, -3.5, 1.0, -5.0, 2.0, 9, 0, charAt(), -1.5
9, 9685, -3.5, 1.0, -5.0, 2.5, 9, 0, charAt(), -1.5
9, 9686, -3.5, 1.0, -5.0, 3.0, 8, 0, i.charAt(), -1.0
9, 9687, -3.5, 1.0, -5.0, 3.5, 8, 0, i.charAt(), -0.5
9, 9688, -3.5, 1.0, -5.0, 4.0, 8, 0, i.charAt(), 0.0
9, 9689, -3.5, 1.0, -5.0, 4.5, 0, 0, message.charAt(i), 2.5
9, 9690, -3.5, 1.0, -5.0, 5.0, 0, 0, message.charAt(i), 3.5
9, 9691, -3.5, 1.0, -4.5, 0.0, 9, 0, charAt(), -1.5
9, 9692, -3.5, 1.0, -4.5, 0.5, 9, 0, charAt(), -1.5
9, 9693, -3.5, 1.0, -4.5, 1.0, 9, 0, charAt(), -1.5
9, 9694, -3.5, 1.0, -4.5, 1.5, 9, 0, charAt(), -1.5
9, 9695, -3.5, 1.0, -4.5, 2.0, 9, 0, charAt(), -1.5
9, 9696, -3.5, 1.0, -4.5, 2.5, 9, 0, charAt(), -1.5
9, 9697, -3.5, 1.0, -4.5, 3.0, 8, 0, i.charAt(), -1.0
9, 9698, -3.5, 1.0, -4.5, 3.5, 8, 0, i.charAt(), -0.5
9, 9699, -3.5, 1.0, -4.5, 4.0, 8, 0, i.charAt(), 0.0
9, 9700, -3.5, 1.0, -4.5, 4.5, 0, 0, message.charAt(i), 2.5
9, 9701, -3.5, 1.0, -4.5, 5.0, 0, 0, message.charAt(i), 3.5
9, 9702, -3.5, 1.0, -4.0, 0.0, 9, 0, charAt(), -1.5
9, 9703, -3.5, 1.0, -4.0, 0.5, 9, 0, charAt(), -1.5
9, 9704, -3.5, 1.0, -4.0, 1.0, 9, 0, charAt(), -1.5
9, 9705, -3.5, 1.0, -4.0, 1.5, 9, 0, charAt(), -1.5
9, 9706, -3.5, 1.0, -4.0, 2.0, 9, 0, charAt(), -1.5
9, 9707, -3.5, 1.0, -4.0, 2.5, 9, 0, charAt(), -1.5
9, 9708, -3.5, 1.0, -4.0, 3.0, 8, 0, i.charAt(), -1.0
9, 9709, -3.5, 1.0, -4.0, 3.5, 8, 0, i.charAt(), -0.5
9, 9710, -3.5, 1.0, -4.0, 4.0, 8, 0, i.charAt(), 0.0
9, 9711, -3.5, 1.0, -4.0, 4.5, 0, 0, message.charAt(i), 2.5
9, 9712, -3.5, 1.0, -4.0, 5.0, 0, 0, message.charAt(i), 3.5
9, 9713, -3.5, 1.0, -3.5, 0.0, 9, 0, charAt(), -1.5
9, 9714, -3.5, 1.0, -3.5, 0.5, 9, 0, charAt(), -1.5
9, 9715, -3.5, 1.0, -3.5, 1.0, 9, 0, charAt(), -1.5
9, 9716, -3.5, 1.0, -3.5, 1.5, 9, 0, charAt(), -1.5
9, 9717, -3.5, 1.0, -3.5, 2.0, 9, 0, charAt(), -1.5
9, 9718, -3.5, 1.0, -3.5, 2.5, 9, 0, charAt(), -1.5
9, 9719, -3.5, 1.0, -3.5, 3.0, 8, 0, i.charAt(), -1.0
9, 9720, -3.5, 1.0, -3.5, 3.5, 8, 0, i.charAt(), -0.5
9, 9721, -3.5, 1.0, -3.5, 4.0, 8, 0, i.charAt(), 0.0
9, 9722, -3.5, 1.0, -3.5, 4.5, 0, 0, message.charAt(i), 2.5
9, 9723, -3.5, 1.0, -3.5, 5.0, 0, 0, message.charAt(i), 3.5
9, 9724, -3.5, 1.0, -3.0, 0.0, 9, 0, charAt(), -1.5
9, 9725, -3.5, 1.0, -3.0, 0.5, 9, 0, charAt(), -1.5
9, 9726, -3.5, 1.0, -3.0, 1.0, 9, 0, charAt(), -1.5
9, 9727, -3.5, 1.0, -3.0, 1.5, 9, 0, charAt(), -1.5
9, 9728, -3.5, 1.0, -3.0, 2.0, 9, 0, charAt(), -1.5
9, 9729, -3.5, 1.0, -3.0, 2.5, 9, 0, charAt(), -1.5
9, 9730, -3.5, 1.0, -3.0, 3.0, 8, 0, i.charAt(), -1.0
9, 9731, -3.5, 1.0, -3.0, 3.5, 8, 0, i.charAt(), -0.5
9, 9732, -3.5, 1.0, -3.0, 4.0, 8, 0, i.charAt(), 0.0
9, 9733, -3.5, 1.0, -3.0, 4.5, 0, 0, message.charAt(i), 2.5
9, 9734, -3.5, 1.0, -3.0, 5.0, 0, 0, message.charAt(i), 3.5
9, 9735, -3.5, 1.0, -2.5, 0.0, 9, 0, charAt(), -1.5
9, 9736, -3.5, 1.0, -2.5, 0.5, 9, 0, charAt(), -1.5
9, 9737, -3.5, 1.0, -2.5, 1.0, 9, 0, charAt(), -1.5
9, 9738, -3.5, 1.0, -2.5, 1.5, 9, 0, charAt(), -1.5
9, 9739, -3.5, 1.0, -2.5, 2.0, 9, 0, charAt(), -1.5
9, 9740, -3.5, 1.0, -2.5, 2.5, 9, 0, charAt(), -1.5
9, 9741, -3.5, 1.0, -2.5, 3.0, 8, 0, i.charAt(), -1.0
9, 9742, -3.5, 1.0, -2.5, 3.5, 8, 0, i.charAt(), -0.5
9, 9743, -3.5, 1.0, -2.5, 4.0, 8, 0, i.charAt(), 0.0
9, 9744, -3.5, 1.0, -2.5, 4.5, 0, 0, message.charAt(i), 2.5
9, 9745, -3.5, 1.0, -2.5, 5.0, 0, 0, message.charAt(i), 3.5
9, 9746, -3.5, 1.0, -2.0, 0.0, 9, 0, charAt(), -1.5
9, 9747, -3.5, 1.0, -2.0, 0.5, 9, 0, charAt(), -1.5
9, 9748, -3.5, 1.0, -2.0, 1.0, 9, 0, charAt(), -1.5
9, 9749, -3.5, 1.0, -2.0, 1.5, 9, 0, charAt(), -1.5
9, 9750, -3.5, 1.0, -2.0, 2.0, 9, 0, charAt(), -1.5
9, 9751, -3.5, 1.0, -2.0, 2.5, 9, 0, charAt(), -1.5
9, 9752, -3.5, 1.0, -2.0, 3.0, 8, 0, i.charAt(), -1.0
9, 9753, -3.5, 1.0, -2.0, 3.5, 8, 0, i.charAt(), -0.5
9, 9754, -3.5, 1.0, -2.0, 4.0, 8, 0, i.charAt(), 0.0
9, 9755, -3.5, 1.0, -2.0, 4.5, 0, 0, message.charAt(i), 2.5
9, 9756, -3.5, 1.0, -2.0, 5.0, 0, 0, message.charAt(i), 3.5
9, 9757, -3.5, 1.0, -1.5, 0.0, 9, 0, charAt(), -1.5
9, 9758, -3.5, 1.0, -1.5, 0.5, 9, 0, charAt(), -1.5
9, 9759, -3.5, 1.0, -1.5, 1.0, 9, 0, charAt(), -1.5
9, 9760, -3.5, 1.0, -1.5, 1.5, 9, 0, charAt(), -1.5
9, 9761, -3.5, 1.0, -1.5, 2.0, 9, 0, charAt(), -1.5
9, 9762, -3.5, 1.0, -1.5, 2.5, 9, 0, charAt(), -1.5
9, 9763, -3.5, 1.0, -1.5, 3.0, 8, 0, i.charAt(), -1.0
9, 9764, -3.5, 1.0, -1.5, 3.5, 8, 0, i.charAt(), -0.5
9, 9765, -3.5, 1.0, -1.5, 4.0, 8, 0, i.charAt(), 0.0
9, 9766, -3.5, 1.0, -1.5, 4.5, 0, 0, message.charAt(i), 2.5
9, 9767, -3.5, 1.0, -1.5, 5.0, 0, 0, message.charAt(i), 3.5
9, 9768, -3.5, 1.0, -1.0, 0.0, 9, 0, charAt(), -1.5
9, 9769, -3.5, 1.0, -1.0, 0.5, 9, 0, charAt(), -1.5
9, 9770, -3.5, 1.0, -1.0, 1.0, 9, 0, charAt(), -1.5
9, 9771, -3.5, 1.0, -1.0, 1.5, 9, 0, charAt(), -1.5
9, 9772, -3.5, 1.0, -1.0, 2.0, 9, 0, charAt(), -1.5
9, 9773, -3.5, 1.0, -1.0, 2.5, 9, 0, charAt(), -1.5
9, 9774, -3.5, 1.0, -1.0, 3.0, 8, 0, i.charAt(), -1.0
9, 9775, -3.5, 1.0, -1.0, 3.5, 8, 0, i.charAt(), -0.5
9, 9776, -3.5, 1.0, -1.0, 4.0, 8, 0, i.charAt(), 0.0
9, 9777, -3.5, 1.0, -1.0, 4.5, 0, 0, message.charAt(i), 2.5
9, 9778, -3.5, 1.0, -1.0, 5.0, 0, 0, message.charAt(i), 3.5
9, 9779, -3.5, 1.0, -0.5, 0.0, 9, 0, charAt(), -1.5
9, 9780, -3.5, 1.0, -0.5, 0.5, 9, 0, charAt(), -1.5
9, 9781, -3.5, 1.0, -0.5, 1.0, 9, 0, charAt(), -1.5
9, 9782, -3.5, 1.0, -0.5, 1.5, 9, 0, charAt(), -1.5
9, 9783, -3.5, 1.0, -0.5, 2.0, 9, 0, charAt(), -1.5
9, 9784, -3.5, 1.0, -0.5, 2.5, 9, 0, charAt(), -1.5
9, 9785, -3.5, 1.0, -0.5, 3.0, 8, 0, i.charAt(), -1.0
9, 9786, -3.5, 1.0, -0.5, 3.5, 8, 0, i.charAt(), -0.5
9, 9787, -3.5, 1.0, -0.5, 4.0, 8, 0, i.charAt(), 0.0
9, 9788, -3.5, 1.0, -0.5, 4.5, 0, 0, message.charAt(i), 2.5
9, 9789, -3.5, 1.0, -0.5, 5.0, 0, 1, message.charAt(i), 3.5
9, 9790, -3.5, 1.0, 0.0, 0.0, 9, 0, charAt(), -1.5
9, 9791, -3.5, 1.0, 0.0, 0.5, 9, 0, charAt(), -1.5
9, 9792, -3.5, 1.0, 0.0, 1.0, 9, 0, charAt(), -1.5
9, 9793, -3.5, 1.0, 0.0, 1.5, 9, 0, charAt(), -1.5
9, 9794, -3.5, 1.0, 0.0, 2.0, 9, 0, charAt(), -1.5
9, 9795, -3.5, 1.0, 0.0, 2.5, 9, 0, charAt(), -1.5
9, 9796, -3.5, 1.0, 0.0, 3.0, 8, 0, i.charAt(), -1.0
9, 9797, -3.5, 1.0, 0.0, 3.5, 8, 0, i.charAt(), -0.5
9, 9798, -3.5, 1.0, 0.0, 4.0, 8, 0, i.charAt(), 0.0
9, 9799, -3.5, 1.0, 0.0, 4.5, 0, 0, message.charAt(i), 2.5
9, 9800, -3.5, 1.0, 0.0, 5.0, 13, 13, charValue(), -2.5
9, 9801, -3.0, 1.0, -5.0, 0.0, 9, 0, charAt(), -1.0
9, 9802, -3.0, 1.0, -5.0, 0.5, 9, 0, charAt(), -1.0
9, 9803, -3.0, 1.0, -5.0, 1.0, 9, 0, charAt(), -1.0
9, 9804, -3.0, 1.0, -5.0, 1.5, 9, 0, charAt(), -1.0
9, 9805, -3.0, 1.0, -5.0, 2.0, 9, 0, charAt(), -1.0
9, 9806, -3.0, 1.0, -5.0, 2.5, 8, 0, i.charAt(), -0.5
9, 9807, -3.0, 1.0, -5.0, 3.0, 8, 0, i.charAt(), 0.0
9, 9808, -3.0, 1.0, -5.0, 3.5, 0, 0, message.charAt(i), 2.0
9, 9809, -3.0, 1.0, -5.0, 4.0, 0, 0, message.charAt(i), 3.0
9, 9810, -3.0, 1.0, -5.0, 4.5, 0, 0, message.charAt(i), 4.0
9, 9811, -3.0, 1.0, -5.0, 5.0, 0, 0, message.charAt(i), 5.0
9, 9812, -3.0, 1.0, -4.5, 0.0, 9, 0, charAt(), -1.0
9, 9813, -3.0, 1.0, -4.5, 0.5, 9, 0, charAt(), -1.0
9, 9814, -3.0, 1.0, -4.5, 1.0, 9, 0, charAt(), -1.0
9, 9815, -3.0, 1.0, -4.5, 1.5, 9, 0, charAt(), -1.0
9, 9816, -3.0, 1.0, -4.5, 2.0, 9, 0, charAt(), -1.0
9, 9817, -3.0, 1.0, -4.5, 2.5, 8, 0, i.charAt(), -0.5
9, 9818, -3.0, 1.0, -4.5, 3.0, 8, 0, i.charAt(), 0.0
9, 9819, -3.0, 1.0, -4.5, 3.5, 0, 0, message.charAt(i), 2.0
9, 9820, -3.0, 1.0, -4.5, 4.0, 0, 0, message.charAt(i), 3.0
9, 9821, -3.0, 1.0, -4.5, 4.5, 0, 0, message.charAt(i), 4.0
9, 9822, -3.0, 1.0, -4.5, 5.0, 0, 0, message.charAt(i), 5.0
9, 9823, -3.0, 1.0, -4.0, 0.0, 9, 0, charAt(), -1.0
9, 9824, -3.0, 1.0, -4.0, 0.5, 9, 0, charAt(), -1.0
9, 9825, -3.0, 1.0, -4.0, 1.0, 9, 0, charAt(), -1.0
9, 9826, -3.0, 1.0, -4.0, 1.5, 9, 0, charAt(), -1.0
9, 9827, -3.0, 1.0, -4.0, 2.0, 9, 0, charAt(), -1.0
9, 9828, -3.0, 1.0, -4.0, 2.5, 8, 0, i.charAt(), -0.5
9, 9829, -3.0, 1.0, -4.0, 3.0, 8, 0, i.charAt(), 0.0
9, 9830, -3.0, 1.0, -4.0, 3.5, 0, 0, message.charAt(i), 2.0
9, 9831, -3.0, 1.0, -4.0, 4.0, 0, 0, message.charAt(i), 3.0
9, 9832, -3.0, 1.0, -4.0, 4.5, 0, 0, message.charAt(i), 4.0
9, 9833, -3.0, 1.0, -4.0, 5.0, 0, 0, message.charAt(i), 5.0
9, 9834, -3.0, 1.0, -3.5, 0.0, 9, 0, charAt(), -1.0
9, 9835, -3.0, 1.0, -3.5, 0.5, 9, 0, charAt(), -1.0
9, 9836, -3.0, 1.0, -3.5, 1.0, 9, 0, charAt(), -1.0
9, 9837, -3.0, 1.0, -3.5, 1.5, 9, 0, charAt(), -1.0
9, 9838, -3.0, 1.0, -3.5, 2.0, 9, 0, charAt(), -1.0
9, 9839, -3.0, 1.0, -3.5, 2.5, 8, 0, i.charAt(), -0.5
9, 9840, -3.0, 1.0, -3.5, 3.0, 8, 0, i.charAt(), 0.0
9, 9841, -3.0, 1.0, -3.5, 3.5, 0, 0, message.charAt(i), 2.0
9, 9842, -3.0, 1.0, -3.5, 4.0, 0, 0, message.charAt(i), 3.0
9, 9843, -3.0, 1.0, -3.5, 4.5, 0, 0, message.charAt(i), 4.0
9, 9844, -3.0, 1.0, -3.5, 5.0, 0, 0, message.charAt(i), 5.0
9, 9845, -3.0, 1.0, -3.0, 0.0, 9, 0, charAt(), -1.0
9, 9846, -3.0, 1.0, -3.0, 0.5, 9, 0, charAt(), -1.0
9, 9847, -3.0, 1.0, -3.0, 1.0, 9, 0, charAt(), -1.0
9, 9848, -3.0, 1.0, -3.0, 1.5, 9, 0, charAt(), -1.0
9, 9849, -3.0, 1.0, -3.0, 2.0, 9, 0, charAt(), -1.0
9, 9850, -3.0, 1.0, -3.0, 2.5, 8, 0, i.charAt(), -0.5
9, 9851, -3.0, 1.0, -3.0, 3.0, 8, 0, i.charAt(), 0.0
9, 9852, -3.0, 1.0, -3.0, 3.5, 0, 0, message.charAt(i), 2.0
9, 9853, -3.0, 1.0, -3.0, 4.0, 0, 0, message.charAt(i), 3.0
9, 9854, -3.0, 1.0, -3.0, 4.5, 0, 0, message.charAt(i), 4.0
9, 9855, -3.0, 1.0, -3.0, 5.0, 0, 0, message.charAt(i), 5.0
9, 9856, -3.0, 1.0, -2.5, 0.0, 9, 0, charAt(), -1.0
9, 9857, -3.0, 1.0, -2.5, 0.5, 9, 0, charAt(), -1.0
9, 9858, -3.0, 1.0, -2.5, 1.0, 9, 0, charAt(), -1.0
9, 9859, -3.0, 1.0, -2.5, 1.5, 9, 0, charAt(), -1.0
9, 9860, -3.0, 1.0, -2.5, 2.0, 9, 0, charAt(), -1.0
9, 9861, -3.0, 1.0, -2.5, 2.5, 8, 0, i.charAt(), -0.5
9, 9862, -3.0, 1.0, -2.5, 3.0, 8, 0, i.charAt(), 0.0
9, 9863, -3.0, 1.0, -2.5, 3.5, 0, 0, message.charAt(i), 2.0
9, 9864, -3.0, 1.0, -2.5, 4.0, 0, 0, message.charAt(i), 3.0
9, 9865, -3.0, 1.0, -2.5, 4.5, 0, 0, message.charAt(i), 4.0
9, 9866, -3.0, 1.0, -2.5, 5.0, 0, 1, message.charAt(i), 5.0
9, 9867, -3.0, 1.0, -2.0, 0.0, 9, 0, charAt(), -1.0
9, 9868, -3.0, 1.0, -2.0, 0.5, 9, 0, charAt(), -1.0
9, 9869, -3.0, 1.0, -2.0, 1.0, 9, 0, charAt(), -1.0
9, 9870, -3.0, 1.0, -2.0, 1.5, 9, 0, charAt(), -1.0
9, 9871, -3.0, 1.0, -2.0, 2.0, 9, 0, charAt(), -1.0
9, 9872, -3.0, 1.0, -2.0, 2.5, 8, 0, i.charAt(), -0.5
9, 9873, -3.0, 1.0, -2.0, 3.0, 8, 0, i.charAt(), 0.0
9, 9874, -3.0, 1.0, -2.0, 3.5, 0, 0, message.charAt(i), 2.0
9, 9875, -3.0, 1.0, -2.0, 4.0, 0, 0, message.charAt(i), 3.0
9, 9876, -3.0, 1.0, -2.0, 4.5, 0, 0, message.charAt(i), 4.0
9, 9877, -3.0, 1.0, -2.0, 5.0, 0, 1, message.charAt(i), 5.0
9, 9878, -3.0, 1.0, -1.5, 0.0, 9, 0, charAt(), -1.0
9, 9879, -3.0, 1.0, -1.5, 0.5, 9, 0, charAt(), -1.0
9, 9880, -3.0, 1.0, -1.5, 1.0, 9, 0, charAt(), -1.0
9, 9881, -3.0, 1.0, -1.5, 1.5, 9, 0, charAt(), -1.0
9, 9882, -3.0, 1.0, -1.5, 2.0, 9, 0, charAt(), -1.0
9, 9883, -3.0, 1.0, -1.5, 2.5, 8, 0, i.charAt(), -0.5
9, 9884, -3.0, 1.0, -1.5, 3.0, 8, 0, i.charAt(), 0.0
9, 9885, -3.0, 1.0, -1.5, 3.5, 0, 0, message.charAt(i), 2.0
9, 9886, -3.0, 1.0, -1.5, 4.0, 0, 0, message.charAt(i), 3.0
9, 9887, -3.0, 1.0, -1.5, 4.5, 0, 0, message.charAt(i), 4.0
9, 9888, -3.0, 1.0, -1.5, 5.0, 0, 1, message.charAt(i), 5.0
9, 9889, -3.0, 1.0, -1.0, 0.0, 9, 0, charAt(), -1.0
9, 9890, -3.0, 1.0, -1.0, 0.5, 9, 0, charAt(), -1.0
9, 9891, -3.0, 1.0, -1.0, 1.0, 9, 0, charAt(), -1.0
9, 9892, -3.0, 1.0, -1.0, 1.5, 9, 0, charAt(), -1.0
9, 9893, -3.0, 1.0, -1.0, 2.0, 9, 0, charAt(), -1.0
9, 9894, -3.0, 1.0, -1.0, 2.5, 8, 0, i.charAt(), -0.5
9, 9895, -3.0, 1.0, -1.0, 3.0, 8, 0, i.charAt(), 0.0
9, 9896, -3.0, 1.0, -1.0, 3.5, 0, 0, message.charAt(i), 2.0
9, 9897, -3.0, 1.0, -1.0, 4.0, 0, 0, message.charAt(i), 3.0
9, 9898, -3.0, 1.0, -1.0, 4.5, 0, 1, message.charAt(i), 4.0
9, 9899, -3.0, 1.0, -1.0, 5.0, 0, 1, message.charAt(i), 5.0
9, 9900, -3.0, 1.0, -0.5, 0.0, 9, 0, charAt(), -1.0
9, 9901, -3.0, 1.0, -0.5, 0.5, 9, 0, charAt(), -1.0
9, 9902, -3.0, 1.0, -0.5, 1.0, 9, 0, charAt(), -1.0
9, 9903, -3.0, 1.0, -0.5, 1.5, 9, 0, charAt(), -1.0
9, 9904, -3.0, 1.0, -0.5, 2.0, 9, 0, charAt(), -1.0
9, 9905, -3.0, 1.0, -0.5, 2.5, 8, 0, i.charAt(), -0.5
9, 9906, -3.0, 1.0, -0.5, 3.0, 8, 0, i.charAt(), 0.0
9, 9907, -3.0, 1.0, -0.5, 3.5, 0, 0, message.charAt(i), 2.0
9, 9908, -3.0, 1.0, -0.5, 4.0, 0, 0, message.charAt(i), 3.0
9, 9909, -3.0, 1.0, -0.5, 4.5, 0, 1, message.charAt(i), 4.0
9, 9910, -3.0, 1.0, -0.5, 5.0, 12, 6, message.charAt(i).charValue(), 1.5
9, 9911, -3.0, 1.0, 0.0, 0.0, 9, 0, charAt(), -1.0
9, 9912, -3.0, 1.0, 0.0, 0.5, 9, 0, charAt(), -1.0
9, 9913, -3.0, 1.0, 0.0, 1.0, 9, 0, charAt(), -1.0
9, 9914, -3.0, 1.0, 0.0, 1.5, 9, 0, charAt(), -1.0
9, 9915, -3.0, 1.0, 0.0, 2.0, 9, 0, charAt(), -1.0
9, 9916, -3.0, 1.0, 0.0, 2.5, 8, 0, i.charAt(), -0.5
9, 9917, -3.0, 1.0, 0.0, 3.0, 8, 0, i.charAt(), 0.0
9, 9918, -3.0, 1.0, 0.0, 3.5, 0, 0, message.charAt(i), 2.0
9, 9919, -3.0, 1.0, 0.0, 4.0, 0, 0, message.charAt(i), 3.0
9, 9920, -3.0, 1.0, 0.0, 4.5, 12, 10, message.charAt(i).charValue(), 1.0
9, 9921, -3.0, 1.0, 0.0, 5.0, 12, 14, message.charAt(i).charValue(), 2.0
9, 9922, -2.5, 1.0, -5.0, 0.0, 9, 0, charAt(), -0.5
9, 9923, -2.5, 1.0, -5.0, 0.5, 9, 0, charAt(), -0.5
9, 9924, -2.5, 1.0, -5.0, 1.0, 9, 0, charAt(), -0.5
9, 9925, -2.5, 1.0, -5.0, 1.5, 9, 0, charAt(), -0.5
9, 9926, -2.5, 1.0, -5.0, 2.0, 8, 0, i.charAt(), 0.0
9, 9927, -2.5, 1.0, -5.0, 2.5, 0, 0, message.charAt(i), 1.5
9, 9928, -2.5, 1.0, -5.0, 3.0, 0, 0, message.charAt(i), 2.5
9, 9929, -2.5, 1.0, -5.0, 3.5, 0, 0, message.charAt(i), 3.5
9, 9930, -2.5, 1.0, -5.0, 4.0, 0, 0, message.charAt(i), 4.5
9, 9931, -2.5, 1.0, -5.0, 4.5, 0, 0, message.charAt(i), 5.5
9, 9932, -2.5, 1.0, -5.0, 5.0, 0, 0, message.charAt(i), 6.5
9, 9933, -2.5, 1.0, -4.5, 0.0, 9, 0, charAt(), -0.5
9, 9934, -2.5, 1.0, -4.5, 0.5, 9, 0, charAt(), -0.5
9, 9935, -2.5, 1.0, -4.5, 1.0, 9, 0, charAt(), -0.5
9, 9936, -2.5, 1.0, -4.5, 1.5, 9, 0, charAt(), -0.5
9, 9937, -2.5, 1.0, -4.5, 2.0, 8, 0, i.charAt(), 0.0
9, 9938, -2.5, 1.0, -4.5, 2.5, 0, 0, message.charAt(i), 1.5
9, 9939, -2.5, 1.0, -4.5, 3.0, 0, 0, message.charAt(i), 2.5
9, 9940, -2.5, 1.0, -4.5, 3.5, 0, 0, message.charAt(i), 3.5
9, 9941, -2.5, 1.0, -4.5, 4.0, 0, 0, message.charAt(i), 4.5
9, 9942, -2.5, 1.0, -4.5, 4.5, 0, 0, message.charAt(i), 5.5
9, 9943, -2.5, 1.0, -4.5, 5.0, 0, 1, message.charAt(i), 6.5
9, 9944, -2.5, 1.0, -4.0, 0.0, 9, 0, charAt(), -0.5
9, 9945, -2.5, 1.0, -4.0, 0.5, 9, 0, charAt(), -0.5
9, 9946, -2.5, 1.0, -4.0, 1.0, 9, 0, charAt(), -0.5
9, 9947, -2.5, 1.0, -4.0, 1.5, 9, 0, charAt(), -0.5
9, 9948, -2.5, 1.0, -4.0, 2.0, 8, 0, i.charAt(), 0.0
9, 9949, -2.5, 1.0, -4.0, 2.5, 0, 0, message.charAt(i), 1.5
9, 9950, -2.5, 1.0, -4.0, 3.0, 0, 0, message.charAt(i), 2.5
9, 9951, -2.5, 1.0, -4.0, 3.5, 0, 0, message.charAt(i), 3.5
9, 9952, -2.5, 1.0, -4.0, 4.0, 0, 0, message.charAt(i), 4.5
9, 9953, -2.5, 1.0, -4.0, 4.5, 0, 0, message.charAt(i), 5.5
9, 9954, -2.5, 1.0, -4.0, 5.0, 0, 1, message.charAt(i), 6.5
9, 9955, -2.5, 1.0, -3.5, 0.0, 9, 0, charAt(), -0.5
9, 9956, -2.5, 1.0, -3.5, 0.5, 9, 0, charAt(), -0.5
9, 9957, -2.5, 1.0, -3.5, 1.0, 9, 0, charAt(), -0.5
9, 9958, -2.5, 1.0, -3.5, 1.5, 9, 0, charAt(), -0.5
9, 9959, -2.5, 1.0, -3.5, 2.0, 8, 0, i.charAt(), 0.0
9, 9960, -2.5, 1.0, -3.5, 2.5, 0, 0, message.charAt(i), 1.5
9, 9961, -2.5, 1.0, -3.5, 3.0, 0, 0, message.charAt(i), 2.5
9, 9962, -2.5, 1.0, -3.5, 3.5, 0, 0, message.charAt(i), 3.5
9, 9963, -2.5, 1.0, -3.5, 4.0, 0, 0, message.charAt(i), 4.5
9, 9964, -2.5, 1.0, -3.5, 4.5, 0, 0, message.charAt(i), 5.5
9, 9965, -2.5, 1.0, -3.5, 5.0, 0, 1, message.charAt(i), 6.5
9, 9966, -2.5, 1.0, -3.0, 0.0, 9, 0, charAt(), -0.5
9, 9967, -2.5, 1.0, -3.0, 0.5, 9, 0, charAt(), -0.5
9, 9968, -2.5, 1.0, -3.0, 1.0, 9, 0, charAt(), -0.5
9, 9969, -2.5, 1.0, -3.0, 1.5, 9, 0, charAt(), -0.5
9, 9970, -2.5, 1.0, -3.0, 2.0, 8, 0, i.charAt(), 0.0
9, 9971, -2.5, 1.0, -3.0, 2.5, 0, 0, message.charAt(i), 1.5
9, 9972, -2.5, 1.0, -3.0, 3.0, 0, 0, message.charAt(i), 2.5
9, 9973, -2.5, 1.0, -3.0, 3.5, 0, 0, message.charAt(i), 3.5
9, 9974, -2.5, 1.0, -3.0, 4.0, 0, 0, message.charAt(i), 4.5
9, 9975, -2.5, 1.0, -3.0, 4.5, 0, 1, message.charAt(i), 5.5
9, 9976, -2.5, 1.0, -3.0, 5.0, 0, 1, message.charAt(i), 6.5
9, 9977, -2.5, 1.0, -2.5, 0.0, 9, 0, charAt(), -0.5
9, 9978, -2.5, 1.0, -2.5, 0.5, 9, 0, charAt(), -0.5
9, 9979, -2.5, 1.0, -2.5, 1.0, 9, 0, charAt(), -0.5
9, 9980, -2.5, 1.0, -2.5, 1.5, 9, 0, charAt(), -0.5
9, 9981, -2.5, 1.0, -2.5, 2.0, 8, 0, i.charAt(), 0.0
9, 9982, -2.5, 1.0, -2.5, 2.5, 0, 0, message.charAt(i), 1.5
9, 9983, -2.5, 1.0, -2.5, 3.0, 0, 0, message.charAt(i), 2.5
9, 9984, -2.5, 1.0, -2.5, 3.5, 0, 0, message.charAt(i), 3.5
9, 9985, -2.5, 1.0, -2.5, 4.0, 0, 0, message.charAt(i), 4.5
9, 9986, -2.5, 1.0, -2.5, 4.5, 0, 1, message.charAt(i), 5.5
9, 9987, -2.5, 1.0, -2.5, 5.0, 0, 1, message.charAt(i), 6.5
9, 9988, -2.5, 1.0, -2.0, 0.0, 9, 0, charAt(), -0.5
9, 9989, -2.5, 1.0, -2.0, 0.5, 9, 0, charAt(), -0.5
9, 9990, -2.5, 1.0, -2.0, 1.0, 9, 0, charAt(), -0.5
9, 9991, -2.5, 1.0, -2.0, 1.5, 9, 0, charAt(), -0.5
9, 9992, -2.5, 1.0, -2.0, 2.0, 8, 0, i.charAt(), 0.0
9, 9993, -2.5, 1.0, -2.0, 2.5, 0, 0, message.charAt(i), 1.5
9, 9994, -2.5, 1.0, -2.0, 3.0, 0, 0, message.charAt(i), 2.5
9, 9995, -2.5, 1.0, -2.0, 3.5, 0, 0, message.charAt(i), 3.5
9, 9996, -2.5, 1.0, -2.0, 4.0, 0, 0, message.charAt(i), 4.5
9, 9997, -2.5, 1.0, -2.0, 4.5, 0, 1, message.charAt(i), 5.5
9, 9998, -2.5, 1.0, -2.0, 5.0, 0, 1, message.charAt(i), 6.5
9, 9999, -2.5, 1.0, -1.5, 0.0, 9, 0, charAt(), -0.5
9, 10000, -2.5, 1.0, -1.5, 0.5, 9, 0, charAt(), -0.5
9, 10001, -2.5, 1.0, -1.5, 1.0, 9, 0, charAt(), -0.5
9, 10002, -2.5, 1.0, -1.5, 1.5, 9, 0, charAt(), -0.5
9, 10003, -2.5, 1.0, -1.5, 2.0, 8, 0, i.charAt(), 0.0
9, 10004, -2.5, 1.0, -1.5, 2.5, 0, 0, message.charAt(i), 1.5
9, 10005, -2.5, 1.0, -1.5, 3.0, 0, 0, message.charAt(i), 2.5
9, 10006, -2.5, 1.0, -1.5, 3.5, 0, 0, message.charAt(i), 3.5
9, 10007, -2.5, 1.0, -1.5, 4.0, 0, 1, message.charAt(i), 4.5
9, 10008, -2.5, 1.0, -1.5, 4.5, 0, 1, message.charAt(i), 5.5
9, 10009, -2.5, 1.0, -1.5, 5.0, 12, 5, message.charAt(i).charValue(), 2.5
9, 10010, -2.5, 1.0, -1.0, 0.0, 9, 0, charAt(), -0.5
9, 10011, -2.5, 1.0, -1.0, 0.5, 9, 0, charAt(), -0.5
9, 10012, -2.5, 1.0, -1.0, 1.0, 9, 0, charAt(), -0.5
9, 10013, -2.5, 1.0, -1.0, 1.5, 9, 0, charAt(), -0.5
9, 10014, -2.5, 1.0, -1.0, 2.0, 8, 0, i.charAt(), 0.0
9, 10015, -2.5, 1.0, -1.0, 2.5, 0, 0, message.charAt(i), 1.5
9, 10016, -2.5, 1.0, -1.0, 3.0, 0, 0, message.charAt(i), 2.5
9, 10017, -2.5, 1.0, -1.0, 3.5, 0, 0, message.charAt(i), 3.5
9, 10018, -2.5, 1.0, -1.0, 4.0, 0, 1, message.charAt(i), 4.5
9, 10019, -2.5, 1.0, -1.0, 4.5, 12, 5, message.charAt(i).charValue(), 2.0
9, 10020, -2.5, 1.0, -1.0, 5.0, 12, 8, message.charAt(i).charValue(), 3.0
9, 10021, -2.5, 1.0, -0.5, 0.0, 9, 0, charAt(), -0.5
9, 10022, -2.5, 1.0, -0.5, 0.5, 9, 0, charAt(), -0.5
9, 10023, -2.5, 1.0, -0.5, 1.0, 9, 0, charAt(), -0.5
9, 10024, -2.5, 1.0, -0.5, 1.5, 9, 0, charAt(), -0.5
9, 10025, -2.5, 1.0, -0.5, 2.0, 8, 0, i.charAt(), 0.0
9, 10026, -2.5, 1.0, -0.5, 2.5, 0, 0, message.charAt(i), 1.5
9, 10027, -2.5, 1.0, -0.5, 3.0, 0, 0, message.charAt(i), 2.5
9, 10028, -2.5, 1.0, -0.5, 3.5, 0, 0, message.charAt(i), 3.5
9, 10029, -2.5, 1.0, -0.5, 4.0, 12, 3, message.charAt(i).charValue(), 1.5
9, 10030, -2.5, 1.0, -0.5, 4.5, 12, 8, message.charAt(i).charValue(), 2.5
9, 10031, -2.5, 1.0, -0.5, 5.0, 12, 9, message.charAt(i).charValue(), 3.5
9, 10032, -2.5, 1.0, 0.0, 0.0, 9, 0, charAt(), -0.5
9, 10033, -2.5, 1.0, 0.0, 0.5, 9, 0, charAt(), -0.5
9, 10034, -2.5, 1.0, 0.0, 1.0, 9, 0, charAt(), -0.5
9, 10035, -2.5, 1.0, 0.0, 1.5, 9, 0, charAt(), -0.5
9, 10036, -2.5, 1.0, 0.0, 2.0, 8, 0, i.charAt(), 0.0
9, 10037, -2.5, 1.0, 0.0, 2.5, 0, 0, message.charAt(i), 1.5
9, 10038, -2.5, 1.0, 0.0, 3.0, 0, 0, message.charAt(i), 2.5
9, 10039, -2.5, 1.0, 0.0, 3.5, 12, 8, message.charAt(i).charValue(), 1.0
9, 10040, -2.5, 1.0, 0.0, 4.0, 12, 14, message.charAt(i).charValue(), 2.0
9, 10041, -2.5, 1.0, 0.0, 4.5, 12, 14, message.charAt(i).charValue(), 3.0
9, 10042, -2.5, 1.0, 0.0, 5.0, 12, 14, message.charAt(i).charValue(), 4.0
9, 10043, -2.0, 1.0, -5.0, 0.0, 9, 0, charAt(), 0.0
9, 10044, -2.0, 1.0, -5.0, 0.5, 9, 0, charAt(), 0.0
9, 10045, -2.0, 1.0, -5.0, 1.0, 9, 0, charAt(), 0.0
9, 10046, -2.0, 1.0, -5.0, 1.5, 0, 0, message.charAt(i), 1.0
9, 10047, -2.0, 1.0, -5.0, 2.0, 0, 0, message.charAt(i), 2.0
9, 10048, -2.0, 1.0, -5.0, 2.5, 0, 0, message.charAt(i), 3.0
9, 10049, -2.0, 1.0, -5.0, 3.0, 0, 0, message.charAt(i), 4.0
9, 10050, -2.0, 1.0, -5.0, 3.5, 0, 0, message.charAt(i), 5.0
9, 10051, -2.0, 1.0, -5.0, 4.0, 0, 0, message.charAt(i), 6.0
9, 10052, -2.0, 1.0, -5.0, 4.5, 0, 1, message.charAt(i), 7.0
9, 10053, -2.0, 1.0, -5.0, 5.0, 0, 1, message.charAt(i), 8.0
9, 10054, -2.0, 1.0, -4.5, 0.0, 9, 0, charAt(), 0.0
9, 10055, -2.0, 1.0, -4.5, 0.5, 9, 0, charAt(), 0.0
9, 10056, -2.0, 1.0, -4.5, 1.0, 9, 0, charAt(), 0.0
9, 10057, -2.0, 1.0, -4.5, 1.5, 0, 0, message.charAt(i), 1.0
9, 10058, -2.0, 1.0, -4.5, 2.0, 0, 0, message.charAt(i), 2.0
9, 10059, -2.0, 1.0, -4.5, 2.5, 0, 0, message.charAt(i), 3.0
9, 10060, -2.0, 1.0, -4.5, 3.0, 0, 0, message.charAt(i), 4.0
9, 10061, -2.0, 1.0, -4.5, 3.5, 0, 0, message.charAt(i), 5.0
9, 10062, -2.0, 1.0, -4.5, 4.0, 0, 0, message.charAt(i), 6.0
9, 10063, -2.0, 1.0, -4.5, 4.5, 0, 1, message.charAt(i), 7.0
9, 10064, -2.0, 1.0, -4.5, 5.0, 0, 1, message.charAt(i), 8.0
9, 10065, -2.0, 1.0, -4.0, 0.0, 9, 0, charAt(), 0.0
9, 10066, -2.0, 1.0, -4.0, 0.5, 9, 0, charAt(), 0.0
9, 10067, -2.0, 1.0, -4.0, 1.0, 9, 0, charAt(), 0.0
9, 10068, -2.0, 1.0, -4.0, 1.5, 0, 0, message.charAt(i), 1.0
9, 10069, -2.0, 1.0, -4.0, 2.0, 0, 0, message.charAt(i), 2.0
9, 10070, -2.0, 1.0, -4.0, 2.5, 0, 0, message.charAt(i), 3.0
9, 10071, -2.0, 1.0, -4.0, 3.0, 0, 0, message.charAt(i), 4.0
9, 10072, -2.0, 1.0, -4.0, 3.5, 0, 0, message.charAt(i), 5.0
9, 10073, -2.0, 1.0, -4.0, 4.0, 0, 0, message.charAt(i), 6.0
9, 10074, -2.0, 1.0, -4.0, 4.5, 0, 1, message.charAt(i), 7.0
9, 10075, -2.0, 1.0, -4.0, 5.0, 0, 1, message.charAt(i), 8.0
9, 10076, -2.0, 1.0, -3.5, 0.0, 9, 0, charAt(), 0.0
9, 10077, -2.0, 1.0, -3.5, 0.5, 9, 0, charAt(), 0.0
9, 10078, -2.0, 1.0, -3.5, 1.0, 9, 0, charAt(), 0.0
9, 10079, -2.0, 1.0, -3.5, 1.5, 0, 0, message.charAt(i), 1.0
9, 10080, -2.0, 1.0, -3.5, 2.0, 0, 0, message.charAt(i), 2.0
9, 10081, -2.0, 1.0, -3.5, 2.5, 0, 0, message.charAt(i), 3.0
9, 10082, -2.0, 1.0, -3.5, 3.0, 0, 0, message.charAt(i), 4.0
9, 10083, -2.0, 1.0, -3.5, 3.5, 0, 0, message.charAt(i), 5.0
9, 10084, -2.0, 1.0, -3.5, 4.0, 0, 1, message.charAt(i), 6.0
9, 10085, -2.0, 1.0, -3.5, 4.5, 0, 1, message.charAt(i), 7.0
9, 10086, -2.0, 1.0, -3.5, 5.0, 0, 1, message.charAt(i), 8.0
9, 10087, -2.0, 1.0, -3.0, 0.0, 9, 0, charAt(), 0.0
9, 10088, -2.0, 1.0, -3.0, 0.5, 9, 0, charAt(), 0.0
9, 10089, -2.0, 1.0, -3.0, 1.0, 9, 0, charAt(), 0.0
9, 10090, -2.0, 1.0, -3.0, 1.5, 0, 0, message.charAt(i), 1.0
9, 10091, -2.0, 1.0, -3.0, 2.0, 0, 0, message.charAt(i), 2.0
9, 10092, -2.0, 1.0, -3.0, 2.5, 0, 0, message.charAt(i), 3.0
9, 10093, -2.0, 1.0, -3.0, 3.0, 0, 0, message.charAt(i), 4.0
9, 10094, -2.0, 1.0, -3.0, 3.5, 0, 0, message.charAt(i), 5.0
9, 10095, -2.0, 1.0, -3.0, 4.0, 0, 1, message.charAt(i), 6.0
9, 10096, -2.0, 1.0, -3.0, 4.5, 0, 1, message.charAt(i), 7.0
9, 10097, -2.0, 1.0, -3.0, 5.0, 0, 1, message.charAt(i), 8.0
9, 10098, -2.0, 1.0, -2.5, 0.0, 9, 0, charAt(), 0.0
9, 10099, -2.0, 1.0, -2.5, 0.5, 9, 0, charAt(), 0.0
9, 10100, -2.0, 1.0, -2.5, 1.0, 9, 0, charAt(), 0.0
9, 10101, -2.0, 1.0, -2.5, 1.5, 0, 0, message.charAt(i), 1.0
9, 10102, -2.0, 1.0, -2.5, 2.0, 0, 0, message.charAt(i), 2.0
9, 10103, -2.0, 1.0, -2.5, 2.5, 0, 0, message.charAt(i), 3.0
9, 10104, -2.0, 1.0, -2.5, 3.0, 0, 0, message.charAt(i), 4.0
9, 10105, -2.0, 1.0, -2.5, 3.5, 0, 0, message.charAt(i), 5.0
9, 10106, -2.0, 1.0, -2.5, 4.0, 0, 1, message.charAt(i), 6.0
9, 10107, -2.0, 1.0, -2.5, 4.5, 0, 1, message.charAt(i), 7.0
9, 10108, -2.0, 1.0, -2.5, 5.0, 0, 1, message.charAt(i), 8.0
9, 10109, -2.0, 1.0, -2.0, 0.0, 9, 0, charAt(), 0.0
9, 10110, -2.0, 1.0, -2.0, 0.5, 9, 0, charAt(), 0.0
9, 10111, -2.0, 1.0, -2.0, 1.0, 9, 0, charAt(), 0.0
9, 10112, -2.0, 1.0, -2.0, 1.5, 0, 0, message.charAt(i), 1.0
9, 10113, -2.0, 1.0, -2.0, 2.0, 0, 0, message.charAt(i), 2.0
9, 10114, -2.0, 1.0, -2.0, 2.5, 0, 0, message.charAt(i), 3.0
9, 10115, -2.0, 1.0, -2.0, 3.0, 0, 0, message.charAt(i), 4.0
9, 10116, -2.0, 1.0, -2.0, 3.5, 0, 1, message.charAt(i), 5.0
9, 10117, -2.0, 1.0, -2.0, 4.0, 0, 1, message.charAt(i), 6.0
9, 10118, -2.0, 1.0, -2.0, 4.5, 0, 1, message.charAt(i), 7.0
9, 10119, -2.0, 1.0, -2.0, 5.0, 12, 5, message.charAt(i).charValue(), 4.0
9, 10120, -2.0, 1.0, -1.5, 0.0, 9, 0, charAt(), 0.0
9, 10121, -2.0, 1.0, -1.5, 0.5, 9, 0, charAt(), 0.0
9, 10122, -2.0, 1.0, -1.5, 1.0, 9, 0, charAt(), 0.0
9, 10123, -2.0, 1.0, -1.5, 1.5, 0, 0, message.charAt(i), 1.0
9, 10124, -2.0, 1.0, -1.5, 2.0, 0, 0, message.charAt(i), 2.0
9, 10125, -2.0, 1.0, -1.5, 2.5, 0, 0, message.charAt(i), 3.0
9, 10126, -2.0, 1.0, -1.5, 3.0, 0, 0, message.charAt(i), 4.0
9, 10127, -2.0, 1.0, -1.5, 3.5, 0, 1, message.charAt(i), 5.0
9, 10128, -2.0, 1.0, -1.5, 4.0, 0, 1, message.charAt(i), 6.0
9, 10129, -2.0, 1.0, -1.5, 4.5, 12, 6, message.charAt(i).charValue(), 3.5
9, 10130, -2.0, 1.0, -1.5, 5.0, 12, 8, message.charAt(i).charValue(), 4.5
9, 10131, -2.0, 1.0, -1.0, 0.0, 9, 0, charAt(), 0.0
9, 10132, -2.0, 1.0, -1.0, 0.5, 9, 0, charAt(), 0.0
9, 10133, -2.0, 1.0, -1.0, 1.0, 9, 0, charAt(), 0.0
9, 10134, -2.0, 1.0, -1.0, 1.5, 0, 0, message.charAt(i), 1.0
9, 10135, -2.0, 1.0, -1.0, 2.0, 0, 0, message.charAt(i), 2.0
9, 10136, -2.0, 1.0, -1.0, 2.5, 0, 0, message.charAt(i), 3.0
9, 10137, -2.0, 1.0, -1.0, 3.0, 0, 0, message.charAt(i), 4.0
9, 10138, -2.0, 1.0, -1.0, 3.5, 0, 1, message.charAt(i), 5.0
9, 10139, -2.0, 1.0, -1.0, 4.0, 12, 6, message.charAt(i).charValue(), 3.0
9, 10140, -2.0, 1.0, -1.0, 4.5, 12, 8, message.charAt(i).charValue(), 4.0
9, 10141, -2.0, 1.0, -1.0, 5.0, 12, 9, message.charAt(i).charValue(), 5.0
9, 10142, -2.0, 1.0, -0.5, 0.0, 9, 0, charAt(), 0.0
9, 10143, -2.0, 1.0, -0.5, 0.5, 9, 0, charAt(), 0.0
9, 10144, -2.0, 1.0, -0.5, 1.0, 9, 0, charAt(), 0.0
9, 10145, -2.0, 1.0, -0.5, 1.5, 0, 0, message.charAt(i), 1.0
9, 10146, -2.0, 1.0, -0.5, 2.0, 0, 0, message.charAt(i), 2.0
9, 10147, -2.0, 1.0, -0.5, 2.5, 0, 0, message.charAt(i), 3.0
9, 10148, -2.0, 1.0, -0.5, 3.0, 0, 1, message.charAt(i), 4.0
9, 10149, -2.0, 1.0, -0.5, 3.5, 12, 6, message.charAt(i).charValue(), 2.5
9, 10150, -2.0, 1.0, -0.5, 4.0, 12, 9, message.charAt(i).charValue(), 3.5
9, 10151, -2.0, 1.0, -0.5, 4.5, 12, 9, message.charAt(i).charValue(), 4.5
9, 10152, -2.0, 1.0, -0.5, 5.0, 12, 9, message.charAt(i).charValue(), 5.5
9, 10153, -2.0, 1.0, 0.0, 0.0, 9, 0, charAt(), 0.0
9, 10154, -2.0, 1.0, 0.0, 0.5, 9, 0, charAt(), 0.0
9, 10155, -2.0, 1.0, 0.0, 1.0, 9, 0, charAt(), 0.0
9, 10156, -2.0, 1.0, 0.0, 1.5, 0, 0, message.charAt(i), 1.0
9, 10157, -2.0, 1.0, 0.0, 2.0, 0, 0, message.charAt(i), 2.0
9, 10158, -2.0, 1.0, 0.0, 2.5, 0, 0, message.charAt(i), 3.0
9, 10159, -2.0, 1.0, 0.0, 3.0, 12, 10, message.charAt(i).charValue(), 2.0
9, 10160, -2.0, 1.0, 0.0, 3.5, 12, 14, message.charAt(i).charValue(), 3.0
9, 10161, -2.0, 1.0, 0.0, 4.0, 12, 14, message.charAt(i).charValue(), 4.0
9, 10162, -2.0, 1.0, 0.0, 4.5, 12, 14, message.charAt(i).charValue(), 5.0
9, 10163, -2.0, 1.0, 0.0, 5.0, 12, 14, message.charAt(i).charValue(), 6.0
9, 10164, -1.5, 1.0, -5.0, 0.0, 9, 0, charAt(), 0.5
9, 10165, -1.5, 1.0, -5.0, 0.5, 0, 0, message.charAt(i), 0.5
9, 10166, -1.5, 1.0, -5.0, 1.0, 0, 0, message.charAt(i), 1.5
9, 10167, -1.5, 1.0, -5.0, 1.5, 0, 0, message.charAt(i), 2.5
9, 10168, -1.5, 1.0, -5.0, 2.0, 0, 0, message.charAt(i), 3.5
9, 10169, -1.5, 1.0, -5.0, 2.5, 0, 0, message.charAt(i), 4.5
9, 10170, -1.5, 1.0, -5.0, 3.0, 0, 0, message.charAt(i), 5.5
9, 10171, -1.5, 1.0, -5.0, 3.5, 0, 0, message.charAt(i), 6.5
9, 10172, -1.5, 1.0, -5.0, 4.0, 0, 1, message.charAt(i), 7.5
9, 10173, -1.5, 1.0, -5.0, 4.5, 0, 1, message.charAt(i), 8.5
9, 10174, -1.5, 1.0, -5.0, 5.0, 0, 1, message.charAt(i), 9.5
9, 10175, -1.5, 1.0, -4.5, 0.0, 9, 0, charAt(), 0.5
9, 10176, -1.5, 1.0, -4.5, 0.5, 0, 0, message.charAt(i), 0.5
9, 10177, -1.5, 1.0, -4.5, 1.0, 0, 0, message.charAt(i), 1.5
9, 10178, -1.5, 1.0, -4.5, 1.5, 0, 0, message.charAt(i), 2.5
9, 10179, -1.5, 1.0, -4.5, 2.0, 0, 0, message.charAt(i), 3.5
9, 10180, -1.5, 1.0, -4.5, 2.5, 0, 0, message.charAt(i), 4.5
9, 10181, -1.5, 1.0, -4.5, 3.0, 0, 0, message.charAt(i), 5.5
9, 10182, -1.5, 1.0, -4.5, 3.5, 0, 0, message.charAt(i), 6.5
9, 10183, -1.5, 1.0, -4.5, 4.0, 0, 1, message.charAt(i), 7.5
9, 10184, -1.5, 1.0, -4.5, 4.5, 0, 1, message.charAt(i), 8.5
9, 10185, -1.5, 1.0, -4.5, 5.0, 0, 1, message.charAt(i), 9.5
9, 10186, -1.5, 1.0, -4.0, 0.0, 9, 0, charAt(), 0.5
9, 10187, -1.5, 1.0, -4.0, 0.5, 0, 0, message.charAt(i), 0.5
9, 10188, -1.5, 1.0, -4.0, 1.0, 0, 0, message.charAt(i), 1.5
9, 10189, -1.5, 1.0, -4.0, 1.5, 0, 0, message.charAt(i), 2.5
9, 10190, -1.5, 1.0, -4.0, 2.0, 0, 0, message.charAt(i), 3.5
9, 10191, -1.5, 1.0, -4.0, 2.5, 0, 0, message.charAt(i), 4.5
9, 10192, -1.5, 1.0, -4.0, 3.0, 0, 0, message.charAt(i), 5.5
9, 10193, -1.5, 1.0, -4.0, 3.5, 0, 1, message.charAt(i), 6.5
9, 10194, -1.5, 1.0, -4.0, 4.0, 0, 1, message.charAt(i), 7.5
9, 10195, -1.5, 1.0, -4.0, 4.5, 0, 1, message.charAt(i), 8.5
9, 10196, -1.5, 1.0, -4.0, 5.0, 0, 1, message.charAt(i), 9.5
9, 10197, -1.5, 1.0, -3.5, 0.0, 9, 0, charAt(), 0.5
9, 10198, -1.5, 1.0, -3.5, 0.5, 0, 0, message.charAt(i), 0.5
9, 10199, -1.5, 1.0, -3.5, 1.0, 0, 0, message.charAt(i), 1.5
9, 10200, -1.5, 1.0, -3.5, 1.5, 0, 0, message.charAt(i), 2.5
9, 10201, -1.5, 1.0, -3.5, 2.0, 0, 0, message.charAt(i), 3.5
9, 10202, -1.5, 1.0, -3.5, 2.5, 0, 0, message.charAt(i), 4.5
9, 10203, -1.5, 1.0, -3.5, 3.0, 0, 0, message.charAt(i), 5.5
9, 10204, -1.5, 1.0, -3.5, 3.5, 0, 1, message.charAt(i), 6.5
9, 10205, -1.5, 1.0, -3.5, 4.0, 0, 1, message.charAt(i), 7.5
9, 10206, -1.5, 1.0, -3.5, 4.5, 0, 1, message.charAt(i), 8.5
9, 10207, -1.5, 1.0, -3.5, 5.0, 0, 1, message.charAt(i), 9.5
9, 10208, -1.5, 1.0, -3.0, 0.0, 9, 0, charAt(), 0.5
9, 10209, -1.5, 1.0, -3.0, 0.5, 0, 0, message.charAt(i), 0.5
9, 10210, -1.5, 1.0, -3.0, 1.0, 0, 0, message.charAt(i), 1.5
9, 10211, -1.5, 1.0, -3.0, 1.5, 0, 0, message.charAt(i), 2.5
9, 10212, -1.5, 1.0, -3.0, 2.0, 0, 0, message.charAt(i), 3.5
9, 10213, -1.5, 1.0, -3.0, 2.5, 0, 0, message.charAt(i), 4.5
9, 10214, -1.5, 1.0, -3.0, 3.0, 0, 0, message.charAt(i), 5.5
9, 10215, -1.5, 1.0, -3.0, 3.5, 0, 1, message.charAt(i), 6.5
9, 10216, -1.5, 1.0, -3.0, 4.0, 0, 1, message.charAt(i), 7.5
9, 10217, -1.5, 1.0, -3.0, 4.5, 0, 1, message.charAt(i), 8.5
9, 10218, -1.5, 1.0, -3.0, 5.0, 12, 5, message.charAt(i).charValue(), 5.0
9, 10219, -1.5, 1.0, -2.5, 0.0, 9, 0, charAt(), 0.5
9, 10220, -1.5, 1.0, -2.5, 0.5, 0, 0, message.charAt(i), 0.5
9, 10221, -1.5, 1.0, -2.5, 1.0, 0, 0, message.charAt(i), 1.5
9, 10222, -1.5, 1.0, -2.5, 1.5, 0, 0, message.charAt(i), 2.5
9, 10223, -1.5, 1.0, -2.5, 2.0, 0, 0, message.charAt(i), 3.5
9, 10224, -1.5, 1.0, -2.5, 2.5, 0, 0, message.charAt(i), 4.5
9, 10225, -1.5, 1.0, -2.5, 3.0, 0, 1, message.charAt(i), 5.5
9, 10226, -1.5, 1.0, -2.5, 3.5, 0, 1, message.charAt(i), 6.5
9, 10227, -1.5, 1.0, -2.5, 4.0, 0, 1, message.charAt(i), 7.5
9, 10228, -1.5, 1.0, -2.5, 4.5, 12, 5, message.charAt(i).charValue(), 4.5
9, 10229, -1.5, 1.0, -2.5, 5.0, 12, 8, message.charAt(i).charValue(), 5.5
9, 10230, -1.5, 1.0, -2.0, 0.0, 9, 0, charAt(), 0.5
9, 10231, -1.5, 1.0, -2.0, 0.5, 0, 0, message.charAt(i), 0.5
9, 10232, -1.5, 1.0, -2.0, 1.0, 0, 0, message.charAt(i), 1.5
9, 10233, -1.5, 1.0, -2.0, 1.5, 0, 0, message.charAt(i), 2.5
9, 10234, -1.5, 1.0, -2.0, 2.0, 0, 0, message.charAt(i), 3.5
9, 10235, -1.5, 1.0, -2.0, 2.5, 0, 0, message.charAt(i), 4.5
9, 10236, -1.5, 1.0, -2.0, 3.0, 0, 1, message.charAt(i), 5.5
9, 10237, -1.5, 1.0, -2.0, 3.5, 0, 1, message.charAt(i), 6.5
9, 10238, -1.5, 1.0, -2.0, 4.0, 12, 5, message.charAt(i).charValue(), 4.0
9, 10239, -1.5, 1.0, -2.0, 4.5, 12, 8, message.charAt(i).charValue(), 5.0
9, 10240, -1.5, 1.0, -2.0, 5.0, 12, 8, message.charAt(i).charValue(), 6.0
9, 10241, -1.5, 1.0, -1.5, 0.0, 9, 0, charAt(), 0.5
9, 10242, -1.5, 1.0, -1.5, 0.5, 0, 0, message.charAt(i), 0.5
9, 10243, -1.5, 1.0, -1.5, 1.0, 0, 0, message.charAt(i), 1.5
9, 10244, -1.5, 1.0, -1.5, 1.5, 0, 0, message.charAt(i), 2.5
9, 10245, -1.5, 1.0, -1.5, 2.0, 0, 0, message.charAt(i), 3.5
9, 10246, -1.5, 1.0, -1.5, 2.5, 0, 0, message.charAt(i), 4.5
9, 10247, -1.5, 1.0, -1.5, 3.0, 0, 1, message.charAt(i), 5.5
9, 10248, -1.5, 1.0, -1.5, 3.5, 12, 5, message.charAt(i).charValue(), 3.5
9, 10249, -1.5, 1.0, -1.5, 4.0, 12, 8, message.charAt(i).charValue(), 4.5
9, 10250, -1.5, 1.0, -1.5, 4.5, 12, 8, message.charAt(i).charValue(), 5.5
9, 10251, -1.5, 1.0, -1.5, 5.0, 12, 8, message.charAt(i).charValue(), 6.5
9, 10252, -1.5, 1.0, -1.0, 0.0, 9, 0, charAt(), 0.5
9, 10253, -1.5, 1.0, -1.0, 0.5, 0, 0, message.charAt(i), 0.5
9, 10254, -1.5, 1.0, -1.0, 1.0, 0, 0, message.charAt(i), 1.5
9, 10255, -1.5, 1.0, -1.0, 1.5, 0, 0, message.charAt(i), 2.5
9, 10256, -1.5, 1.0, -1.0, 2.0, 0, 0, message.charAt(i), 3.5
9, 10257, -1.5, 1.0, -1.0, 2.5, 0, 1, message.charAt(i), 4.5
9, 10258, -1.5, 1.0, -1.0, 3.0, 12, 5, message.charAt(i).charValue(), 3.0
9, 10259, -1.5, 1.0, -1.0, 3.5, 12, 8, message.charAt(i).charValue(), 4.0
9, 10260, -1.5, 1.0, -1.0, 4.0, 12, 8, message.charAt(i).charValue(), 5.0
9, 10261, -1.5, 1.0, -1.0, 4.5, 12, 9, message.charAt(i).charValue(), 6.0
9, 10262, -1.5, 1.0, -1.0, 5.0, 12, 9, message.charAt(i).charValue(), 7.0
9, 10263, -1.5, 1.0, -0.5, 0.0, 9, 0, charAt(), 0.5
9, 10264, -1.5, 1.0, -0.5, 0.5, 0, 0, message.charAt(i), 0.5
9, 10265, -1.5, 1.0, -0.5, 1.0, 0, 0, message.charAt(i), 1.5
9, 10266, -1.5, 1.0, -0.5, 1.5, 0, 0, message.charAt(i), 2.5
9, 10267, -1.5, 1.0, -0.5, 2.0, 0, 0, message.charAt(i), 3.5
9, 10268, -1.5, 1.0, -0.5, 2.5, 12, 3, message.charAt(i).charValue(), 2.5
9, 10269, -1.5, 1.0, -0.5, 3.0, 12, 8, message.charAt(i).charValue(), 3.5
9, 10270, -1.5, 1.0, -0.5, 3.5, 12, 9, message.charAt(i).charValue(), 4.5
9, 10271, -1.5, 1.0, -0.5, 4.0, 12, 9, message.charAt(i).charValue(), 5.5
9, 10272, -1.5, 1.0, -0.5, 4.5, 12, 9, message.charAt(i).charValue(), 6.5
9, 10273, -1.5, 1.0, -0.5, 5.0, 12, 9, message.charAt(i).charValue(), 7.5
9, 10274, -1.5, 1.0, 0.0, 0.0, 9, 0, charAt(), 0.5
9, 10275, -1.5, 1.0, 0.0, 0.5, 0, 0, message.charAt(i), 0.5
9, 10276, -1.5, 1.0, 0.0, 1.0, 0, 0, message.charAt(i), 1.5
9, 10277, -1.5, 1.0, 0.0, 1.5, 0, 0, message.charAt(i), 2.5
9, 10278, -1.5, 1.0, 0.0, 2.0, 12, 8, message.charAt(i).charValue(), 2.0
9, 10279, -1.5, 1.0, 0.0, 2.5, 12, 14, message.charAt(i).charValue(), 3.0
9, 10280, -1.5, 1.0, 0.0, 3.0, 12, 14, message.charAt(i).charValue(), 4.0
9, 10281, -1.5, 1.0, 0.0, 3.5, 12, 14, message.charAt(i).charValue(), 5.0
9, 10282, -1.5, 1.0, 0.0, 4.0, 12, 14, message.charAt(i).charValue(), 6.0
9, 10283, -1.5, 1.0, 0.0, 4.5, 12, 14, message.charAt(i).charValue(), 7.0
9, 10284, -1.5, 1.0, 0.0, 5.0, 12, 14, message.charAt(i).charValue(), 8.0
9, 10285, -1.0, 1.0, -5.0, 0.0, 0, 0, message.charAt(i), 1.0
9, 10286, -1.0, 1.0, -5.0, 0.5, 0, 0, message.charAt(i), 2.0
9, 10287, -1.0, 1.0, -5.0, 1.0, 0, 0, message.charAt(i), 3.0
9, 10288, -1.0, 1.0, -5.0, 1.5, 0, 0, message.charAt(i), 4.0
9, 10289, -1.0, 1.0, -5.0, 2.0, 0, 0, message.charAt(i), 5.0
9, 10290, -1.0, 1.0, -5.0, 2.5, 0, 0, message.charAt(i), 6.0
9, 10291, -1.0, 1.0, -5.0, 3.0, 0, 0, message.charAt(i), 7.0
9, 10292, -1.0, 1.0, -5.0, 3.5, 0, 1, message.charAt(i), 8.0
9, 10293, -1.0, 1.0, -5.0, 4.0, 0, 1, message.charAt(i), 9.0
9, 10294, -1.0, 1.0, -5.0, 4.5, 0, 1, message.charAt(i), 10.0
9, 10295, -1.0, 1.0, -5.0, 5.0, 0, 1, message.charAt(i), 11.0
9, 10296, -1.0, 1.0, -4.5, 0.0, 0, 0, message.charAt(i), 1.0
9, 10297, -1.0, 1.0, -4.5, 0.5, 0, 0, message.charAt(i), 2.0
9, 10298, -1.0, 1.0, -4.5, 1.0, 0, 0, message.charAt(i), 3.0
9, 10299, -1.0, 1.0, -4.5, 1.5, 0, 0, message.charAt(i), 4.0
9, 10300, -1.0, 1.0, -4.5, 2.0, 0, 0, message.charAt(i), 5.0
9, 10301, -1.0, 1.0, -4.5, 2.5, 0, 0, message.charAt(i), 6.0
9, 10302, -1.0, 1.0, -4.5, 3.0, 0, 1, message.charAt(i), 7.0
9, 10303, -1.0, 1.0, -4.5, 3.5, 0, 1, message.charAt(i), 8.0
9, 10304, -1.0, 1.0, -4.5, 4.0, 0, 1, message.charAt(i), 9.0
9, 10305, -1.0, 1.0, -4.5, 4.5, 0, 1, message.charAt(i), 10.0
9, 10306, -1.0, 1.0, -4.5, 5.0, 0, 1, message.charAt(i), 11.0
9, 10307, -1.0, 1.0, -4.0, 0.0, 0, 0, message.charAt(i), 1.0
9, 10308, -1.0, 1.0, -4.0, 0.5, 0, 0, message.charAt(i), 2.0
9, 10309, -1.0, 1.0, -4.0, 1.0, 0, 0, message.charAt(i), 3.0
9, 10310, -1.0, 1.0, -4.0, 1.5, 0, 0, message.charAt(i), 4.0
9, 10311, -1.0, 1.0, -4.0, 2.0, 0, 0, message.charAt(i), 5.0
9, 10312, -1.0, 1.0, -4.0, 2.5, 0, 0, message.charAt(i), 6.0
9, 10313, -1.0, 1.0, -4.0, 3.0, 0, 1, message.charAt(i), 7.0
9, 10314, -1.0, 1.0, -4.0, 3.5, 0, 1, message.charAt(i), 8.0
9, 10315, -1.0, 1.0, -4.0, 4.0, 0, 1, message.charAt(i), 9.0
9, 10316, -1.0, 1.0, -4.0, 4.5, 0, 1, message.charAt(i), 10.0
9, 10317, -1.0, 1.0, -4.0, 5.0, 0, 1, message.charAt(i), 11.0
9, 10318, -1.0, 1.0, -3.5, 0.0, 0, 0, message.charAt(i), 1.0
9, 10319, -1.0, 1.0, -3.5, 0.5, 0, 0, message.charAt(i), 2.0
9, 10320, -1.0, 1.0, -3.5, 1.0, 0, 0, message.charAt(i), 3.0
9, 10321, -1.0, 1.0, -3.5, 1.5, 0, 0, message.charAt(i), 4.0
9, 10322, -1.0, 1.0, -3.5, 2.0, 0, 0, message.charAt(i), 5.0
9, 10323, -1.0, 1.0, -3.5, 2.5, 0, 0, message.charAt(i), 6.0
9, 10324, -1.0, 1.0, -3.5, 3.0, 0, 1, message.charAt(i), 7.0
9, 10325, -1.0, 1.0, -3.5, 3.5, 0, 1, message.charAt(i), 8.0
9, 10326, -1.0, 1.0, -3.5, 4.0, 0, 1, message.charAt(i), 9.0
9, 10327, -1.0, 1.0, -3.5, 4.5, 0, 1, message.charAt(i), 10.0
9, 10328, -1.0, 1.0, -3.5, 5.0, 12, 5, message.charAt(i).charValue(), 6.5
9, 10329, -1.0, 1.0, -3.0, 0.0, 0, 0, message.charAt(i), 1.0
9, 10330, -1.0, 1.0, -3.0, 0.5, 0, 0, message.charAt(i), 2.0
9, 10331, -1.0, 1.0, -3.0, 1.0, 0, 0, message.charAt(i), 3.0
9, 10332, -1.0, 1.0, -3.0, 1.5, 0, 0, message.charAt(i), 4.0
9, 10333, -1.0, 1.0, -3.0, 2.0, 0, 0, message.charAt(i), 5.0
9, 10334, -1.0, 1.0, -3.0, 2.5, 0, 1, message.charAt(i), 6.0
9, 10335, -1.0, 1.0, -3.0, 3.0, 0, 1, message.charAt(i), 7.0
9, 10336, -1.0, 1.0, -3.0, 3.5, 0, 1, message.charAt(i), 8.0
9, 10337, -1.0, 1.0, -3.0, 4.0, 0, 1, message.charAt(i), 9.0
9, 10338, -1.0, 1.0, -3.0, 4.5, 12, 5, message.charAt(i).charValue(), 6.0
9, 10339, -1.0, 1.0, -3.0, 5.0, 12, 8, message.charAt(i).charValue(), 7.0
9, 10340, -1.0, 1.0, -2.5, 0.0, 0, 0, message.charAt(i), 1.0
9, 10341, -1.0, 1.0, -2.5, 0.5, 0, 0, message.charAt(i), 2.0
9, 10342, -1.0, 1.0, -2.5, 1.0, 0, 0, message.charAt(i), 3.0
9, 10343, -1.0, 1.0, -2.5, 1.5, 0, 0, message.charAt(i), 4.0
9, 10344, -1.0, 1.0, -2.5, 2.0, 0, 0, message.charAt(i), 5.0
9, 10345, -1.0, 1.0, -2.5, 2.5, 0, 1, message.charAt(i), 6.0
9, 10346, -1.0, 1.0, -2.5, 3.0, 0, 1, message.charAt(i), 7.0
9, 10347, -1.0, 1.0, -2.5, 3.5, 0, 1, message.charAt(i), 8.0
9, 10348, -1.0, 1.0, -2.5, 4.0, 12, 6, message.charAt(i).charValue(), 5.5
9, 10349, -1.0, 1.0, -2.5, 4.5, 12, 8, message.charAt(i).charValue(), 6.5
9, 10350, -1.0, 1.0, -2.5, 5.0, 12, 8, message.charAt(i).charValue(), 7.5
9, 10351, -1.0, 1.0, -2.0, 0.0, 0, 0, message.charAt(i), 1.0
9, 10352, -1.0, 1.0, -2.0, 0.5, 0, 0, message.charAt(i), 2.0
9, 10353, -1.0, 1.0, -2.0, 1.0, 0, 0, message.charAt(i), 3.0
9, 10354, -1.0, 1.0, -2.0, 1.5, 0, 0, message.charAt(i), 4.0
9, 10355, -1.0, 1.0, -2.0, 2.0, 0, 0, message.charAt(i), 5.0
9, 10356, -1.0, 1.0, -2.0, 2.5, 0, 1, message.charAt(i), 6.0
9, 10357, -1.0, 1.0, -2.0, 3.0, 0, 1, message.charAt(i), 7.0
9, 10358, -1.0, 1.0, -2.0, 3.5, 12, 6, message.charAt(i).charValue(), 5.0
9, 10359, -1.0, 1.0, -2.0, 4.0, 12, 8, message.charAt(i).charValue(), 6.0
9, 10360, -1.0, 1.0, -2.0, 4.5, 12, 8, message.charAt(i).charValue(), 7.0
9, 10361, -1.0, 1.0, -2.0, 5.0, 12, 8, message.charAt(i).charValue(), 8.0
9, 10362, -1.0, 1.0, -1.5, 0.0, 0, 0, message.charAt(i), 1.0
9, 10363, -1.0, 1.0, -1.5, 0.5, 0, 0, message.charAt(i), 2.0
9, 10364, -1.0, 1.0, -1.5, 1.0, 0, 0, message.charAt(i), 3.0
9, 10365, -1.0, 1.0, -1.5, 1.5, 0, 0, message.charAt(i), 4.0
9, 10366, -1.0, 1.0, -1.5, 2.0, 0, 1, message.charAt(i), 5.0
9, 10367, -1.0, 1.0, -1.5, 2.5, 0, 1, message.charAt(i), 6.0
9, 10368, -1.0, 1.0, -1.5, 3.0, 12, 6, message.charAt(i).charValue(), 4.5
9, 10369, -1.0, 1.0, -1.5, 3.5, 12, 8, message.charAt(i).charValue(), 5.5
9, 10370, -1.0, 1.0, -1.5, 4.0, 12, 8, message.charAt(i).charValue(), 6.5
9, 10371, -1.0, 1.0, -1.5, 4.5, 12, 9, message.charAt(i).charValue(), 7.5
9, 10372, -1.0, 1.0, -1.5, 5.0, 12, 9, message.charAt(i).charValue(), 8.5
9, 10373, -1.0, 1.0, -1.0, 0.0, 0, 0, message.charAt(i), 1.0
9, 10374, -1.0, 1.0, -1.0, 0.5, 0, 0, message.charAt(i), 2.0
9, 10375, -1.0, 1.0, -1.0, 1.0, 0, 0, message.charAt(i), 3.0
9, 10376, -1.0, 1.0, -1.0, 1.5, 0, 0, message.charAt(i), 4.0
9, 10377, -1.0, 1.0, -1.0, 2.0, 0, 1, message.charAt(i), 5.0
9, 10378, -1.0, 1.0, -1.0, 2.5, 12, 6, message.charAt(i).charValue(), 4.0
9, 10379, -1.0, 1.0, -1.0, 3.0, 12, 8, message.charAt(i).charValue(), 5.0
9, 10380, -1.0, 1.0, -1.0, 3.5, 12, 9, message.charAt(i).charValue(), 6.0
9, 10381, -1.0, 1.0, -1.0, 4.0, 12, 9, message.charAt(i).charValue(), 7.0
9, 10382, -1.0, 1.0, -1.0, 4.5, 12, 9, message.charAt(i).charValue(), 8.0
9, 10383, -1.0, 1.0, -1.0, 5.0, 12, 9, message.charAt(i).charValue(), 9.0
9, 10384, -1.0, 1.0, -0.5, 0.0, 0, 0, message.charAt(i), 1.0
9, 10385, -1.0, 1.0, -0.5, 0.5, 0, 0, message.charAt(i), 2.0
9, 10386, -1.0, 1.0, -0.5, 1.0, 0, 0, message.charAt(i), 3.0
9, 10387, -1.0, 1.0, -0.5, 1.5, 0, 0, message.charAt(i), 4.0
9, 10388, -1.0, 1.0, -0.5, 2.0, 12, 6, message.charAt(i).charValue(), 3.5
9, 10389, -1.0, 1.0, -0.5, 2.5, 12, 8, message.charAt(i).charValue(), 4.5
9, 10390, -1.0, 1.0, -0.5, 3.0, 12, 9, message.charAt(i).charValue(), 5.5
9, 10391, -1.0, 1.0, -0.5, 3.5, 12, 9, message.charAt(i).charValue(), 6.5
9, 10392, -1.0, 1.0, -0.5, 4.0, 12, 9, message.charAt(i).charValue(), 7.5
9, 10393, -1.0, 1.0, -0.5, 4.5, 12, 9, message.charAt(i).charValue(), 8.5
9, 10394, -1.0, 1.0, -0.5, 5.0, 12, 9, message.charAt(i).charValue(), 9.5
9, 10395, -1.0, 1.0, 0.0, 0.0, 13, 11, charValue(), 0.0
9, 10396, -1.0, 1.0, 0.0, 0.5, 0, 0, message.charAt(i), 2.0
9, 10397, -1.0, 1.0, 0.0, 1.0, 0, 0, message.charAt(i), 3.0
9, 10398, -1.0, 1.0, 0.0, 1.5, 12, 9, message.charAt(i).charValue(), 3.0
9, 10399, -1.0, 1.0, 0.0, 2.0, 12, 14, message.charAt(i).charValue(), 4.0
9, 10400, -1.0, 1.0, 0.0, 2.5, 12, 14, message.charAt(i).charValue(), 5.0
9, 10401, -1.0, 1.0, 0.0, 3.0, 12, 14, message.charAt(i).charValue(), 6.0
9, 10402, -1.0, 1.0, 0.0, 3.5, 12, 14, message.charAt(i).charValue(), 7.0
9, 10403, -1.0, 1.0, 0.0, 4.0, 12, 14, message.charAt(i).charValue(), 8.0
9, 10404, -1.0, 1.0, 0.0, 4.5, 12, 14, message.charAt(i).charValue(), 9.0
9, 10405, -1.0, 1.0, 0.0, 5.0, 12, 14, message.charAt(i).charValue(), 10.0
9, 10406, -0.5, 1.0, -5.0, 0.0, 0, 0, message.charAt(i), 2.5
9, 10407, -0.5, 1.0, -5.0, 0.5, 0, 0, message.charAt(i), 3.5
9, 10408, -0.5, 1.0, -5.0, 1.0, 0, 0, message.charAt(i), 4.5
9, 10409, -0.5, 1.0, -5.0, 1.5, 0, 0, message.charAt(i), 5.5
9, 10410, -0.5, 1.0, -5.0, 2.0, 0, 0, message.charAt(i), 6.5
9, 10411, -0.5, 1.0, -5.0, 2.5, 0, 1, message.charAt(i), 7.5
9, 10412, -0.5, 1.0, -5.0, 3.0, 0, 1, message.charAt(i), 8.5
9, 10413, -0.5, 1.0, -5.0, 3.5, 0, 1, message.charAt(i), 9.5
9, 10414, -0.5, 1.0, -5.0, 4.0, 0, 1, message.charAt(i), 10.5
9, 10415, -0.5, 1.0, -5.0, 4.5, 0, 1, message.charAt(i), 11.5
9, 10416, -0.5, 1.0, -5.0, 5.0, 0, 1, message.charAt(i), 12.5
9, 10417, -0.5, 1.0, -4.5, 0.0, 0, 0, message.charAt(i), 2.5
9, 10418, -0.5, 1.0, -4.5, 0.5, 0, 0, message.charAt(i), 3.5
9, 10419, -0.5, 1.0, -4.5, 1.0, 0, 0, message.charAt(i), 4.5
9, 10420, -0.5, 1.0, -4.5, 1.5, 0, 0, message.charAt(i), 5.5
9, 10421, -0.5, 1.0, -4.5, 2.0, 0, 0, message.charAt(i), 6.5
9, 10422, -0.5, 1.0, -4.5, 2.5, 0, 1, message.charAt(i), 7.5
9, 10423, -0.5, 1.0, -4.5, 3.0, 0, 1, message.charAt(i), 8.5
9, 10424, -0.5, 1.0, -4.5, 3.5, 0, 1, message.charAt(i), 9.5
9, 10425, -0.5, 1.0, -4.5, 4.0, 0, 1, message.charAt(i), 10.5
9, 10426, -0.5, 1.0, -4.5, 4.5, 0, 1, message.charAt(i), 11.5
9, 10427, -0.5, 1.0, -4.5, 5.0, 12, 5, message.charAt(i).charValue(), 7.5
9, 10428, -0.5, 1.0, -4.0, 0.0, 0, 0, message.charAt(i), 2.5
9, 10429, -0.5, 1.0, -4.0, 0.5, 0, 0, message.charAt(i), 3.5
9, 10430, -0.5, 1.0, -4.0, 1.0, 0, 0, message.charAt(i), 4.5
9, 10431, -0.5, 1.0, -4.0, 1.5, 0, 0, message.charAt(i), 5.5
9, 10432, -0.5, 1.0, -4.0, 2.0, 0, 0, message.charAt(i), 6.5
9, 10433, -0.5, 1.0, -4.0, 2.5, 0, 1, message.charAt(i), 7.5
9, 10434, -0.5, 1.0, -4.0, 3.0, 0, 1, message.charAt(i), 8.5
9, 10435, -0.5, 1.0, -4.0, 3.5, 0, 1, message.charAt(i), 9.5
9, 10436, -0.5, 1.0, -4.0, 4.0, 0, 1, message.charAt(i), 10.5
9, 10437, -0.5, 1.0, -4.0, 4.5, 12, 5, message.charAt(i).charValue(), 7.0
9, 10438, -0.5, 1.0, -4.0, 5.0, 12, 5, message.charAt(i).charValue(), 8.0
9, 10439, -0.5, 1.0, -3.5, 0.0, 0, 0, message.charAt(i), 2.5
9, 10440, -0.5, 1.0, -3.5, 0.5, 0, 0, message.charAt(i), 3.5
9, 10441, -0.5, 1.0, -3.5, 1.0, 0, 0, message.charAt(i), 4.5
9, 10442, -0.5, 1.0, -3.5, 1.5, 0, 0, message.charAt(i), 5.5
9, 10443, -0.5, 1.0, -3.5, 2.0, 0, 1, message.charAt(i), 6.5
9, 10444, -0.5, 1.0, -3.5, 2.5, 0, 1, message.charAt(i), 7.5
9, 10445, -0.5, 1.0, -3.5, 3.0, 0, 1, message.charAt(i), 8.5
9, 10446, -0.5, 1.0, -3.5, 3.5, 0, 1, message.charAt(i), 9.5
9, 10447, -0.5, 1.0, -3.5, 4.0, 12, 5, message.charAt(i).charValue(), 6.5
9, 10448, -0.5, 1.0, -3.5, 4.5, 12, 8, message.charAt(i).charValue(), 7.5
9, 10449, -0.5, 1.0, -3.5, 5.0, 12, 8, message.charAt(i).charValue(), 8.5
9, 10450, -0.5, 1.0, -3.0, 0.0, 0, 0, message.charAt(i), 2.5
9, 10451, -0.5, 1.0, -3.0, 0.5, 0, 0, message.charAt(i), 3.5
9, 10452, -0.5, 1.0, -3.0, 1.0, 0, 0, message.charAt(i), 4.5
9, 10453, -0.5, 1.0, -3.0, 1.5, 0, 0, message.charAt(i), 5.5
9, 10454, -0.5, 1.0, -3.0, 2.0, 0, 1, message.charAt(i), 6.5
9, 10455, -0.5, 1.0, -3.0, 2.5, 0, 1, message.charAt(i), 7.5
9, 10456, -0.5, 1.0, -3.0, 3.0, 0, 1, message.charAt(i), 8.5
9, 10457, -0.5, 1.0, -3.0, 3.5, 12, 5, message.charAt(i).charValue(), 6.0
9, 10458, -0.5, 1.0, -3.0, 4.0, 12, 8, message.charAt(i).charValue(), 7.0
9, 10459, -0.5, 1.0, -3.0, 4.5, 12, 8, message.charAt(i).charValue(), 8.0
9, 10460, -0.5, 1.0, -3.0, 5.0, 12, 8, message.charAt(i).charValue(), 9.0
9, 10461, -0.5, 1.0, -2.5, 0.0, 0, 0, message.charAt(i), 2.5
9, 10462, -0.5, 1.0, -2.5, 0.5, 0, 0, message.charAt(i), 3.5
9, 10463, -0.5, 1.0, -2.5, 1.0, 0, 0, message.charAt(i), 4.5
9, 10464, -0.5, 1.0, -2.5, 1.5, 0, 0, message.charAt(i), 5.5
9, 10465, -0.5, 1.0, -2.5, 2.0, 0, 1, message.charAt(i), 6.5
9, 10466, -0.5, 1.0, -2.5, 2.5, 0, 1, message.charAt(i), 7.5
9, 10467, -0.5, 1.0, -2.5, 3.0, 12, 5, message.charAt(i).charValue(), 5.5
9, 10468, -0.5, 1.0, -2.5, 3.5, 12, 8, message.charAt(i).charValue(), 6.5
9, 10469, -0.5, 1.0, -2.5, 4.0, 12, 8, message.charAt(i).charValue(), 7.5
9, 10470, -0.5, 1.0, -2.5, 4.5, 12, 8, message.charAt(i).charValue(), 8.5
9, 10471, -0.5, 1.0, -2.5, 5.0, 12, 8, message.charAt(i).charValue(), 9.5
9, 10472, -0.5, 1.0, -2.0, 0.0, 0, 0, message.charAt(i), 2.5
9, 10473, -0.5, 1.0, -2.0, 0.5, 0, 0, message.charAt(i), 3.5
9, 10474, -0.5, 1.0, -2.0, 1.0, 0, 0, message.charAt(i), 4.5
9, 10475, -0.5, 1.0, -2.0, 1.5, 0, 1, message.charAt(i), 5.5
9, 10476, -0.5, 1.0, -2.0, 2.0, 0, 1, message.charAt(i), 6.5
9, 10477, -0.5, 1.0, -2.0, 2.5, 12, 5, message.charAt(i).charValue(), 5.0
9, 10478, -0.5, 1.0, -2.0, 3.0, 12, 8, message.charAt(i).charValue(), 6.0
9, 10479, -0.5, 1.0, -2.0, 3.5, 12, 8, message.charAt(i).charValue(), 7.0
9, 10480, -0.5, 1.0, -2.0, 4.0, 12, 8, message.charAt(i).charValue(), 8.0
9, 10481, -0.5, 1.0, -2.0, 4.5, 12, 9, message.charAt(i).charValue(), 9.0
9, 10482, -0.5, 1.0, -2.0, 5.0, 12, 9, message.charAt(i).charValue(), 10.0
9, 10483, -0.5, 1.0, -1.5, 0.0, 0, 0, message.charAt(i), 2.5
9, 10484, -0.5, 1.0, -1.5, 0.5, 0, 0, message.charAt(i), 3.5
9, 10485, -0.5, 1.0, -1.5, 1.0, 0, 0, message.charAt(i), 4.5
9, 10486, -0.5, 1.0, -1.5, 1.5, 0, 1, message.charAt(i), 5.5
9, 10487, -0.5, 1.0, -1.5, 2.0, 12, 5, message.charAt(i).charValue(), 4.5
9, 10488, -0.5, 1.0, -1.5, 2.5, 12, 8, message.charAt(i).charValue(), 5.5
9, 10489, -0.5, 1.0, -1.5, 3.0, 12, 8, message.charAt(i).charValue(), 6.5
9, 10490, -0.5, 1.0, -1.5, 3.5, 12, 9, message.charAt(i).charValue(), 7.5
9, 10491, -0.5, 1.0, -1.5, 4.0, 12, 9, message.charAt(i).charValue(), 8.5
9, 10492, -0.5, 1.0, -1.5, 4.5, 12, 9, message.charAt(i).charValue(), 9.5
9, 10493, -0.5, 1.0, -1.5, 5.0, 12, 9, message.charAt(i).charValue(), 10.5
9, 10494, -0.5, 1.0, -1.0, 0.0, 0, 0, message.charAt(i), 2.5
9, 10495, -0.5, 1.0, -1.0, 0.5, 0, 0, message.charAt(i), 3.5
9, 10496, -0.5, 1.0, -1.0, 1.0, 0, 0, message.charAt(i), 4.5
9, 10497, -0.5, 1.0, -1.0, 1.5, 12, 5, message.charAt(i).charValue(), 4.0
9, 10498, -0.5, 1.0, -1.0, 2.0, 12, 8, message.charAt(i).charValue(), 5.0
9, 10499, -0.5, 1.0, -1.0, 2.5, 12, 8, message.charAt(i).charValue(), 6.0
9, 10500, -0.5, 1.0, -1.0, 3.0, 12, 9, message.charAt(i).charValue(), 7.0
9, 10501, -0.5, 1.0, -1.0, 3.5, 12, 9, message.charAt(i).charValue(), 8.0
9, 10502, -0.5, 1.0, -1.0, 4.0, 12, 9, message.charAt(i).charValue(), 9.0
9, 10503, -0.5, 1.0, -1.0, 4.5, 12, 9, message.charAt(i).charValue(), 10.0
9, 10504, -0.5, 1.0, -1.0, 5.0, 12, 9, message.charAt(i).charValue(), 11.0
9, 10505, -0.5, 1.0, -0.5, 0.0, 0, 0, message.charAt(i), 2.5
9, 10506, -0.5, 1.0, -0.5, 0.5, 0, 0, message.charAt(i), 3.5
9, 10507, -0.5, 1.0, -0.5, 1.0, 12, 3, message.charAt(i).charValue(), 3.5
9, 10508, -0.5, 1.0, -0.5, 1.5, 12, 8, message.charAt(i).charValue(), 4.5
9, 10509, -0.5, 1.0, -0.5, 2.0, 12, 9, message.charAt(i).charValue(), 5.5
9, 10510, -0.5, 1.0, -0.5, 2.5, 12, 9, message.charAt(i).charValue(), 6.5
9, 10511, -0.5, 1.0, -0.5, 3.0, 12, 9, message.charAt(i).charValue(), 7.5
9, 10512, -0.5, 1.0, -0.5, 3.5, 12, 9, message.charAt(i).charValue(), 8.5
9, 10513, -0.5, 1.0, -0.5, 4.0, 12, 9, message.charAt(i).charValue(), 9.5
9, 10514, -0.5, 1.0, -0.5, 4.5, 12, 9, message.charAt(i).charValue(), 10.5
9, 10515, -0.5, 1.0, -0.5, 5.0, 12, 9, message.charAt(i).charValue(), 11.5
9, 10516, -0.5, 1.0, 0.0, 0.0, 16, 1, Character.MIN_VALUE, 0.5
9, 10517, -0.5, 1.0, 0.0, 0.5, 12, 6, message.charAt(i).charValue(), 3.0
9, 10518, -0.5, 1.0, 0.0, 1.0, 12, 14, message.charAt(i).charValue(), 4.0
9, 10519, -0.5, 1.0, 0.0, 1.5, 12, 14, message.charAt(i).charValue(), 5.0
9, 10520, -0.5, 1.0, 0.0, 2.0, 12, 14, message.charAt(i).charValue(), 6.0
9, 10521, -0.5, 1.0, 0.0, 2.5, 12, 14, message.charAt(i).charValue(), 7.0
9, 10522, -0.5, 1.0, 0.0, 3.0, 12, 14, message.charAt(i).charValue(), 8.0
9, 10523, -0.5, 1.0, 0.0, 3.5, 12, 14, message.charAt(i).charValue(), 9.0
9, 10524, -0.5, 1.0, 0.0, 4.0, 12, 14, message.charAt(i).charValue(), 10.0
9, 10525, -0.5, 1.0, 0.0, 4.5, 12, 14, message.charAt(i).charValue(), 11.0
9, 10526, -0.5, 1.0, 0.0, 5.0, 12, 14, message.charAt(i).charValue(), 12.0
9, 10527, 0.0, 1.0, -5.0, 0.0, 0, 0, message.charAt(i), 4.0
9, 10528, 0.0, 1.0, -5.0, 0.5, 0, 0, message.charAt(i), 5.0
9, 10529, 0.0, 1.0, -5.0, 1.0, 0, 0, message.charAt(i), 6.0
9, 10530, 0.0, 1.0, -5.0, 1.5, 0, 0, message.charAt(i), 7.0
9, 10531, 0.0, 1.0, -5.0, 2.0, 0, 1, message.charAt(i), 8.0
9, 10532, 0.0, 1.0, -5.0, 2.5, 0, 1, message.charAt(i), 9.0
9, 10533, 0.0, 1.0, -5.0, 3.0, 0, 1, message.charAt(i), 10.0
9, 10534, 0.0, 1.0, -5.0, 3.5, 0, 1, message.charAt(i), 11.0
9, 10535, 0.0, 1.0, -5.0, 4.0, 0, 1, message.charAt(i), 12.0
9, 10536, 0.0, 1.0, -5.0, 4.5, 12, 5, message.charAt(i).charValue(), 8.0
9, 10537, 0.0, 1.0, -5.0, 5.0, 12, 5, message.charAt(i).charValue(), 9.0
9, 10538, 0.0, 1.0, -4.5, 0.0, 0, 0, message.charAt(i), 4.0
9, 10539, 0.0, 1.0, -4.5, 0.5, 0, 0, message.charAt(i), 5.0
9, 10540, 0.0, 1.0, -4.5, 1.0, 0, 0, message.charAt(i), 6.0
9, 10541, 0.0, 1.0, -4.5, 1.5, 0, 0, message.charAt(i), 7.0
9, 10542, 0.0, 1.0, -4.5, 2.0, 0, 1, message.charAt(i), 8.0
9, 10543, 0.0, 1.0, -4.5, 2.5, 0, 1, message.charAt(i), 9.0
9, 10544, 0.0, 1.0, -4.5, 3.0, 0, 1, message.charAt(i), 10.0
9, 10545, 0.0, 1.0, -4.5, 3.5, 0, 1, message.charAt(i), 11.0
9, 10546, 0.0, 1.0, -4.5, 4.0, 12, 5, message.charAt(i).charValue(), 7.5
9, 10547, 0.0, 1.0, -4.5, 4.5, 12, 5, message.charAt(i).charValue(), 8.5
9, 10548, 0.0, 1.0, -4.5, 5.0, 12, 8, message.charAt(i).charValue(), 9.5
9, 10549, 0.0, 1.0, -4.0, 0.0, 0, 0, message.charAt(i), 4.0
9, 10550, 0.0, 1.0, -4.0, 0.5, 0, 0, message.charAt(i), 5.0
9, 10551, 0.0, 1.0, -4.0, 1.0, 0, 0, message.charAt(i), 6.0
9, 10552, 0.0, 1.0, -4.0, 1.5, 0, 1, message.charAt(i), 7.0
9, 10553, 0.0, 1.0, -4.0, 2.0, 0, 1, message.charAt(i), 8.0
9, 10554, 0.0, 1.0, -4.0, 2.5, 0, 1, message.charAt(i), 9.0
9, 10555, 0.0, 1.0, -4.0, 3.0, 0, 1, message.charAt(i), 10.0
9, 10556, 0.0, 1.0, -4.0, 3.5, 12, 5, message.charAt(i).charValue(), 7.0
9, 10557, 0.0, 1.0, -4.0, 4.0, 12, 5, message.charAt(i).charValue(), 8.0
9, 10558, 0.0, 1.0, -4.0, 4.5, 12, 8, message.charAt(i).charValue(), 9.0
9, 10559, 0.0, 1.0, -4.0, 5.0, 12, 8, message.charAt(i).charValue(), 10.0
9, 10560, 0.0, 1.0, -3.5, 0.0, 0, 0, message.charAt(i), 4.0
9, 10561, 0.0, 1.0, -3.5, 0.5, 0, 0, message.charAt(i), 5.0
9, 10562, 0.0, 1.0, -3.5, 1.0, 0, 0, message.charAt(i), 6.0
9, 10563, 0.0, 1.0, -3.5, 1.5, 0, 1, message.charAt(i), 7.0
9, 10564, 0.0, 1.0, -3.5, 2.0, 0, 1, message.charAt(i), 8.0
9, 10565, 0.0, 1.0, -3.5, 2.5, 0, 1, message.charAt(i), 9.0
9, 10566, 0.0, 1.0, -3.5, 3.0, 12, 5, message.charAt(i).charValue(), 6.5
9, 10567, 0.0, 1.0, -3.5, 3.5, 12, 6, message.charAt(i).charValue(), 7.5
9, 10568, 0.0, 1.0, -3.5, 4.0, 12, 8, message.charAt(i).charValue(), 8.5
9, 10569, 0.0, 1.0, -3.5, 4.5, 12, 8, message.charAt(i).charValue(), 9.5
9, 10570, 0.0, 1.0, -3.5, 5.0, 12, 8, message.charAt(i).charValue(), 10.5
9, 10571, 0.0, 1.0, -3.0, 0.0, 0, 0, message.charAt(i), 4.0
9, 10572, 0.0, 1.0, -3.0, 0.5, 0, 0, message.charAt(i), 5.0
9, 10573, 0.0, 1.0, -3.0, 1.0, 0, 0, message.charAt(i), 6.0
9, 10574, 0.0, 1.0, -3.0, 1.5, 0, 1, message.charAt(i), 7.0
9, 10575, 0.0, 1.0, -3.0, 2.0, 0, 1, message.charAt(i), 8.0
9, 10576, 0.0, 1.0, -3.0, 2.5, 12, 5, message.charAt(i).charValue(), 6.0
9, 10577, 0.0, 1.0, -3.0, 3.0, 12, 6, message.charAt(i).charValue(), 7.0
9, 10578, 0.0, 1.0, -3.0, 3.5, 12, 8, message.charAt(i).charValue(), 8.0
9, 10579, 0.0, 1.0, -3.0, 4.0, 12, 8, message.charAt(i).charValue(), 9.0
9, 10580, 0.0, 1.0, -3.0, 4.5, 12, 8, message.charAt(i).charValue(), 10.0
9, 10581, 0.0, 1.0, -3.0, 5.0, 12, 8, message.charAt(i).charValue(), 11.0
9, 10582, 0.0, 1.0, -2.5, 0.0, 0, 0, message.charAt(i), 4.0
9, 10583, 0.0, 1.0, -2.5, 0.5, 0, 0, message.charAt(i), 5.0
9, 10584, 0.0, 1.0, -2.5, 1.0, 0, 1, message.charAt(i), 6.0
9, 10585, 0.0, 1.0, -2.5, 1.5, 0, 1, message.charAt(i), 7.0
9, 10586, 0.0, 1.0, -2.5, 2.0, 12, 5, message.charAt(i).charValue(), 5.5
9, 10587, 0.0, 1.0, -2.5, 2.5, 12, 6, message.charAt(i).charValue(), 6.5
9, 10588, 0.0, 1.0, -2.5, 3.0, 12, 8, message.charAt(i).charValue(), 7.5
9, 10589, 0.0, 1.0, -2.5, 3.5, 12, 8, message.charAt(i).charValue(), 8.5
9, 10590, 0.0, 1.0, -2.5, 4.0, 12, 8, message.charAt(i).charValue(), 9.5
9, 10591, 0.0, 1.0, -2.5, 4.5, 12, 9, message.charAt(i).charValue(), 10.5
9, 10592, 0.0, 1.0, -2.5, 5.0, 12, 9, message.charAt(i).charValue(), 11.5
9, 10593, 0.0, 1.0, -2.0, 0.0, 0, 0, message.charAt(i), 4.0
9, 10594, 0.0, 1.0, -2.0, 0.5, 0, 0, message.charAt(i), 5.0
9, 10595, 0.0, 1.0, -2.0, 1.0, 0, 1, message.charAt(i), 6.0
9, 10596, 0.0, 1.0, -2.0, 1.5, 12, 5, message.charAt(i).charValue(), 5.0
9, 10597, 0.0, 1.0, -2.0, 2.0, 12, 6, message.charAt(i).charValue(), 6.0
9, 10598, 0.0, 1.0, -2.0, 2.5, 12, 8, message.charAt(i).charValue(), 7.0
9, 10599, 0.0, 1.0, -2.0, 3.0, 12, 8, message.charAt(i).charValue(), 8.0
9, 10600, 0.0, 1.0, -2.0, 3.5, 12, 8, message.charAt(i).charValue(), 9.0
9, 10601, 0.0, 1.0, -2.0, 4.0, 12, 9, message.charAt(i).charValue(), 10.0
9, 10602, 0.0, 1.0, -2.0, 4.5, 12, 9, message.charAt(i).charValue(), 11.0
9, 10603, 0.0, 1.0, -2.0, 5.0, 12, 9, message.charAt(i).charValue(), 12.0
9, 10604, 0.0, 1.0, -1.5, 0.0, 0, 0, message.charAt(i), 4.0
9, 10605, 0.0, 1.0, -1.5, 0.5, 0, 0, message.charAt(i), 5.0
9, 10606, 0.0, 1.0, -1.5, 1.0, 12, 5, message.charAt(i).charValue(), 4.5
9, 10607, 0.0, 1.0, -1.5, 1.5, 12, 6, message.charAt(i).charValue(), 5.5
9, 10608, 0.0, 1.0, -1.5, 2.0, 12, 8, message.charAt(i).charValue(), 6.5
9, 10609, 0.0, 1.0, -1.5, 2.5, 12, 8, message.charAt(i).charValue(), 7.5
9, 10610, 0.0, 1.0, -1.5, 3.0, 12, 9, message.charAt(i).charValue(), 8.5
9, 10611, 0.0, 1.0, -1.5, 3.5, 12, 9, message.charAt(i).charValue(), 9.5
9, 10612, 0.0, 1.0, -1.5, 4.0, 12, 9, message.charAt(i).charValue(), 10.5
9, 10613, 0.0, 1.0, -1.5, 4.5, 12, 9, message.charAt(i).charValue(), 11.5
9, 10614, 0.0, 1.0, -1.5, 5.0, 12, 9, message.charAt(i).charValue(), 12.5
9, 10615, 0.0, 1.0, -1.0, 0.0, 0, 0, message.charAt(i), 4.0
9, 10616, 0.0, 1.0, -1.0, 0.5, 12, 2, message.charAt(i).charValue(), 4.0
9, 10617, 0.0, 1.0, -1.0, 1.0, 12, 6, message.charAt(i).charValue(), 5.0
9, 10618, 0.0, 1.0, -1.0, 1.5, 12, 8, message.charAt(i).charValue(), 6.0
9, 10619, 0.0, 1.0, -1.0, 2.0, 12, 9, message.charAt(i).charValue(), 7.0
9, 10620, 0.0, 1.0, -1.0, 2.5, 12, 9, message.charAt(i).charValue(), 8.0
9, 10621, 0.0, 1.0, -1.0, 3.0, 12, 9, message.charAt(i).charValue(), 9.0
9, 10622, 0.0, 1.0, -1.0, 3.5, 12, 9, message.charAt(i).charValue(), 10.0
9, 10623, 0.0, 1.0, -1.0, 4.0, 12, 9, message.charAt(i).charValue(), 11.0
9, 10624, 0.0, 1.0, -1.0, 4.5, 12, 9, message.charAt(i).charValue(), 12.0
9, 10625, 0.0, 1.0, -1.0, 5.0, 12, 9, message.charAt(i).charValue(), 13.0
9, 10626, 0.0, 1.0, -0.5, 0.0, 12, 0, message.charAt(i).charValue(), 3.5
9, 10627, 0.0, 1.0, -0.5, 0.5, 12, 6, message.charAt(i).charValue(), 4.5
9, 10628, 0.0, 1.0, -0.5, 1.0, 12, 9, message.charAt(i).charValue(), 5.5
9, 10629, 0.0, 1.0, -0.5, 1.5, 12, 9, message.charAt(i).charValue(), 6.5
9, 10630, 0.0, 1.0, -0.5, 2.0, 12, 9, message.charAt(i).charValue(), 7.5
9, 10631, 0.0, 1.0, -0.5, 2.5, 12, 9, message.charAt(i).charValue(), 8.5
9, 10632, 0.0, 1.0, -0.5, 3.0, 12, 9, message.charAt(i).charValue(), 9.5
9, 10633, 0.0, 1.0, -0.5, 3.5, 12, 9, message.charAt(i).charValue(), 10.5
9, 10634, 0.0, 1.0, -0.5, 4.0, 12, 9, message.charAt(i).charValue(), 11.5
9, 10635, 0.0, 1.0, -0.5, 4.5, 12, 9, message.charAt(i).charValue(), 12.5
9, 10636, 0.0, 1.0, -0.5, 5.0, 12, 9, message.charAt(i).charValue(), 13.5
9, 10637, 0.0, 1.0, 0.0, 0.0, 16, 0, Character.MIN_VALUE, 1.0
9, 10638, 0.0, 1.0, 0.0, 0.5, 12, 14, message.charAt(i).charValue(), 5.0
9, 10639, 0.0, 1.0, 0.0, 1.0, 12, 14, message.charAt(i).charValue(), 6.0
9, 10640, 0.0, 1.0, 0.0, 1.5, 12, 14, message.charAt(i).charValue(), 7.0
9, 10641, 0.0, 1.0, 0.0, 2.0, 12, 14, message.charAt(i).charValue(), 8.0
9, 10642, 0.0, 1.0, 0.0, 2.5, 12, 14, message.charAt(i).charValue(), 9.0
9, 10643, 0.0, 1.0, 0.0, 3.0, 12, 14, message.charAt(i).charValue(), 10.0
9, 10644, 0.0, 1.0, 0.0, 3.5, 12, 14, message.charAt(i).charValue(), 11.0
9, 10645, 0.0, 1.0, 0.0, 4.0, 12, 14, message.charAt(i).charValue(), 12.0
9, 10646, 0.0, 1.0, 0.0, 4.5, 12, 14, message.charAt(i).charValue(), 13.0
9, 10647, 0.0, 1.0, 0.0, 5.0, 12, 14, message.charAt(i).charValue(), 14.0
