5, 3993, -5.0, 1.0, -5.0, 0.0, 8, 0, indexOf(), -3.0
5, 3994, -5.0, 1.0, -5.0, 0.5, 8, 0, indexOf(), -3.0
5, 3995, -5.0, 1.0, -5.0, 1.0, 8, 1, indexOf(), -3.0
5, 3996, -5.0, 1.0, -5.0, 1.5, 8, 1, indexOf(), -3.0
5, 3997, -5.0, 1.0, -5.0, 2.0, 8, 1, indexOf(), -3.0
5, 3998, -5.0, 1.0, -5.0, 2.5, 8, 1, indexOf(), -3.0
5, 3999, -5.0, 1.0, -5.0, 3.0, 8, 1, indexOf(), -3.0
5, 4000, -5.0, 1.0, -5.0, 3.5, 8, 1, indexOf(), -3.0
5, 4001, -5.0, 1.0, -5.0, 4.0, 8, 1, indexOf(), -3.0
5, 4002, -5.0, 1.0, -5.0, 4.5, 0, 1, vowels.indexOf(c), -2.0
5, 4003, -5.0, 1.0, -5.0, 5.0, 0, 1, vowels.indexOf(c), -1.0
5, 4004, -5.0, 1.0, -4.5, 0.0, 8, 0, indexOf(), -3.0
5, 4005, -5.0, 1.0, -4.5, 0.5, 8, 0, indexOf(), -3.0
5, 4006, -5.0, 1.0, -4.5, 1.0, 8, 1, indexOf(), -3.0
5, 4007, -5.0, 1.0, -4.5, 1.5, 8, 1, indexOf(), -3.0
5, 4008, -5.0, 1.0, -4.5, 2.0, 8, 1, indexOf(), -3.0
5, 4009, -5.0, 1.0, -4.5, 2.5, 8, 1, indexOf(), -3.0
5, 4010, -5.0, 1.0, -4.5, 3.0, 8, 1, indexOf(), -3.0
5, 4011, -5.0, 1.0, -4.5, 3.5, 8, 1, indexOf(), -3.0
5, 4012, -5.0, 1.0, -4.5, 4.0, 8, 1, indexOf(), -3.0
5, 4013, -5.0, 1.0, -4.5, 4.5, 0, 1, vowels.indexOf(c), -2.0
5, 4014, -5.0, 1.0, -4.5, 5.0, 0, 1, vowels.indexOf(c), -1.0
5, 4015, -5.0, 1.0, -4.0, 0.0, 8, 0, indexOf(), -3.0
5, 4016, -5.0, 1.0, -4.0, 0.5, 8, 0, indexOf(), -3.0
5, 4017, -5.0, 1.0, -4.0, 1.0, 8, 1, indexOf(), -3.0
5, 4018, -5.0, 1.0, -4.0, 1.5, 8, 1, indexOf(), -3.0
5, 4019, -5.0, 1.0, -4.0, 2.0, 8, 1, indexOf(), -3.0
5, 4020, -5.0, 1.0, -4.0, 2.5, 8, 1, indexOf(), -3.0
5, 4021, -5.0, 1.0, -4.0, 3.0, 8, 1, indexOf(), -3.0
5, 4022, -5.0, 1.0, -4.0, 3.5, 8, 1, indexOf(), -3.0
5, 4023, -5.0, 1.0, -4.0, 4.0, 8, 1, indexOf(), -3.0
5, 4024, -5.0, 1.0, -4.0, 4.5, 0, 1, vowels.indexOf(c), -2.0
5, 4025, -5.0, 1.0, -4.0, 5.0, 0, 1, vowels.indexOf(c), -1.0
5, 4026, -5.0, 1.0, -3.5, 0.0, 8, 0, indexOf(), -3.0
5, 4027, -5.0, 1.0, -3.5, 0.5, 8, 0, indexOf(), -3.0
5, 4028, -5.0, 1.0, -3.5, 1.0, 8, 1, indexOf(), -3.0
5, 4029, -5.0, 1.0, -3.5, 1.5, 8, 1, indexOf(), -3.0
5, 4030, -5.0, 1.0, -3.5, 2.0, 8, 1, indexOf(), -3.0
5, 4031, -5.0, 1.0, -3.5, 2.5, 8, 1, indexOf(), -3.0
5, 4032, -5.0, 1.0, -3.5, 3.0, 8, 1, indexOf(), -3.0
5, 4033, -5.0, 1.0, -3.5, 3.5, 8, 1, indexOf(), -3.0
5, 4034, -5.0, 1.0, -3.5, 4.0, 8, 1, indexOf(), -3.0
5, 4035, -5.0, 1.0, -3.5, 4.5, 0, 1, vowels.indexOf(c), -2.0
5, 4036, -5.0, 1.0, -3.5, 5.0, 0, 1, vowels.indexOf(c), -1.0
5, 4037, -5.0, 1.0, -3.0, 0.0, 8, 0, indexOf(), -3.0
5, 4038, -5.0, 1.0, -3.0, 0.5, 8, 0, indexOf(), -3.0
5, 4039, -5.0, 1.0, -3.0, 1.0, 8, 1, indexOf(), -3.0
5, 4040, -5.0, 1.0, -3.0, 1.5, 8, 1, indexOf(), -3.0
5, 4041, -5.0, 1.0, -3.0, 2.0, 8, 1, indexOf(), -3.0
5, 4042, -5.0, 1.0, -3.0, 2.5, 8, 1, indexOf(), -3.0
5, 4043, -5.0, 1.0, -3.0, 3.0, 8, 1, indexOf(), -3.0
5, 4044, -5.0, 1.0, -3.0, 3.5, 8, 1, indexOf(), -3.0
5, 4045, -5.0, 1.0, -3.0, 4.0, 8, 1, indexOf(), -3.0
5, 4046, -5.0, 1.0, -3.0, 4.5, 0, 1, vowels.indexOf(c), -2.0
5, 4047, -5.0, 1.0, -3.0, 5.0, 0, 1, vowels.indexOf(c), -1.0
5, 4048, -5.0, 1.0, -2.5, 0.0, 8, 0, indexOf(), -3.0
5, 4049, -5.0, 1.0, -2.5, 0.5, 8, 0, indexOf(), -3.0
5, 4050, -5.0, 1.0, -2.5, 1.0, 8, 1, indexOf(), -3.0
5, 4051, -5.0, 1.0, -2.5, 1.5, 8, 1, indexOf(), -3.0
5, 4052, -5.0, 1.0, -2.5, 2.0, 8, 1, indexOf(), -3.0
5, 4053, -5.0, 1.0, -2.5, 2.5, 8, 1, indexOf(), -3.0
5, 4054, -5.0, 1.0, -2.5, 3.0, 8, 1, indexOf(), -3.0
5, 4055, -5.0, 1.0, -2.5, 3.5, 8, 1, indexOf(), -3.0
5, 4056, -5.0, 1.0, -2.5, 4.0, 8, 1, indexOf(), -3.0
5, 4057, -5.0, 1.0, -2.5, 4.5, 0, 1, vowels.indexOf(c), -2.0
5, 4058, -5.0, 1.0, -2.5, 5.0, 0, 1, vowels.indexOf(c), -1.0
5, 4059, -5.0, 1.0, -2.0, 0.0, 8, 0, indexOf(), -3.0
5, 4060, -5.0, 1.0, -2.0, 0.5, 8, 0, indexOf(), -3.0
5, 4061, -5.0, 1.0, -2.0, 1.0, 8, 1, indexOf(), -3.0
5, 4062, -5.0, 1.0, -2.0, 1.5, 8, 1, indexOf(), -3.0
5, 4063, -5.0, 1.0, -2.0, 2.0, 8, 1, indexOf(), -3.0
5, 4064, -5.0, 1.0, -2.0, 2.5, 8, 1, indexOf(), -3.0
5, 4065, -5.0, 1.0, -2.0, 3.0, 8, 1, indexOf(), -3.0
5, 4066, -5.0, 1.0, -2.0, 3.5, 8, 1, indexOf(), -3.0
5, 4067, -5.0, 1.0, -2.0, 4.0, 8, 1, indexOf(), -3.0
5, 4068, -5.0, 1.0, -2.0, 4.5, 0, 1, vowels.indexOf(c), -2.0
5, 4069, -5.0, 1.0, -2.0, 5.0, 0, 1, vowels.indexOf(c), -1.0
5, 4070, -5.0, 1.0, -1.5, 0.0, 8, 0, indexOf(), -3.0
5, 4071, -5.0, 1.0, -1.5, 0.5, 8, 0, indexOf(), -3.0
5, 4072, -5.0, 1.0, -1.5, 1.0, 8, 1, indexOf(), -3.0
5, 4073, -5.0, 1.0, -1.5, 1.5, 8, 1, indexOf(), -3.0
5, 4074, -5.0, 1.0, -1.5, 2.0, 8, 1, indexOf(), -3.0
5, 4075, -5.0, 1.0, -1.5, 2.5, 8, 1, indexOf(), -3.0
5, 4076, -5.0, 1.0, -1.5, 3.0, 8, 1, indexOf(), -3.0
5, 4077, -5.0, 1.0, -1.5, 3.5, 8, 1, indexOf(), -3.0
5, 4078, -5.0, 1.0, -1.5, 4.0, 8, 1, indexOf(), -3.0
5, 4079, -5.0, 1.0, -1.5, 4.5, 0, 1, vowels.indexOf(c), -2.0
5, 4080, -5.0, 1.0, -1.5, 5.0, 0, 1, vowels.indexOf(c), -1.0
5, 4081, -5.0, 1.0, -1.0, 0.0, 8, 0, indexOf(), -3.0
5, 4082, -5.0, 1.0, -1.0, 0.5, 8, 0, indexOf(), -3.0
5, 4083, -5.0, 1.0, -1.0, 1.0, 8, 1, indexOf(), -3.0
5, 4084, -5.0, 1.0, -1.0, 1.5, 8, 1, indexOf(), -3.0
5, 4085, -5.0, 1.0, -1.0, 2.0, 8, 1, indexOf(), -3.0
5, 4086, -5.0, 1.0, -1.0, 2.5, 8, 1, indexOf(), -3.0
5, 4087, -5.0, 1.0, -1.0, 3.0, 8, 1, indexOf(), -3.0
5, 4088, -5.0, 1.0, -1.0, 3.5, 8, 1, indexOf(), -3.0
5, 4089, -5.0, 1.0, -1.0, 4.0, 8, 1, indexOf(), -3.0
5, 4090, -5.0, 1.0, -1.0, 4.5, 0, 1, vowels.indexOf(c), -2.0
5, 4091, -5.0, 1.0, -1.0, 5.0, 0, 1, vowels.indexOf(c), -1.0
5, 4092, -5.0, 1.0, -0.5, 0.0, 8, 0, indexOf(), -3.0
5, 4093, -5.0, 1.0, -0.5, 0.5, 8, 0, indexOf(), -3.0
5, 4094, -5.0, 1.0, -0.5, 1.0, 8, 1, indexOf(), -3.0
5, 4095, -5.0, 1.0, -0.5, 1.5, 8, 1, indexOf(), -3.0
5, 4096, -5.0, 1.0, -0.5, 2.0, 8, 1, indexOf(), -3.0
5, 4097, -5.0, 1.0, -0.5, 2.5, 8, 1, indexOf(), -3.0
5, 4098, -5.0, 1.0, -0.5, 3.0, 8, 1, indexOf(), -3.0
5, 4099, -5.0, 1.0, -0.5, 3.5, 8, 1, indexOf(), -3.0
5, 4100, -5.0, 1.0, -0.5, 4.0, 8, 1, indexOf(), -3.0
5, 4101, -5.0, 1.0, -0.5, 4.5, 0, 1, vowels.indexOf(c), -2.0
5, 4102, -5.0, 1.0, -0.5, 5.0, 0, 1, vowels.indexOf(c), -1.0
5, 4103, -5.0, 1.0, 0.0, 0.0, 8, 0, indexOf(), -3.0
5, 4104, -5.0, 1.0, 0.0, 0.5, 8, 0, indexOf(), -3.0
5, 4105, -5.0, 1.0, 0.0, 1.0, 8, 1, indexOf(), -3.0
5, 4106, -5.0, 1.0, 0.0, 1.5, 8, 1, indexOf(), -3.0
5, 4107, -5.0, 1.0, 0.0, 2.0, 8, 1, indexOf(), -3.0
5, 4108, -5.0, 1.0, 0.0, 2.5, 8, 1, indexOf(), -3.0
5, 4109, -5.0, 1.0, 0.0, 3.0, 8, 1, indexOf(), -3.0
5, 4110, -5.0, 1.0, 0.0, 3.5, 8, 1, indexOf(), -3.0
5, 4111, -5.0, 1.0, 0.0, 4.0, 8, 1, indexOf(), -3.0
5, 4112, -5.0, 1.0, 0.0, 4.5, 0, 2, vowels.indexOf(c), -2.0
5, 4113, -5.0, 1.0, 0.0, 5.0, 0, 2, vowels.indexOf(c), -1.0
5, 4114, -4.5, 1.0, -5.0, 0.0, 8, 0, indexOf(), -2.5
5, 4115, -4.5, 1.0, -5.0, 0.5, 8, 0, indexOf(), -2.5
5, 4116, -4.5, 1.0, -5.0, 1.0, 8, 1, indexOf(), -2.5
5, 4117, -4.5, 1.0, -5.0, 1.5, 8, 1, indexOf(), -2.5
5, 4118, -4.5, 1.0, -5.0, 2.0, 8, 1, indexOf(), -2.5
5, 4119, -4.5, 1.0, -5.0, 2.5, 8, 1, indexOf(), -2.5
5, 4120, -4.5, 1.0, -5.0, 3.0, 8, 1, indexOf(), -2.5
5, 4121, -4.5, 1.0, -5.0, 3.5, 8, 1, indexOf(), -2.5
5, 4122, -4.5, 1.0, -5.0, 4.0, 0, 1, vowels.indexOf(c), -1.5
5, 4123, -4.5, 1.0, -5.0, 4.5, 0, 1, vowels.indexOf(c), -0.5
5, 4124, -4.5, 1.0, -5.0, 5.0, 0, 1, vowels.indexOf(c), 0.5
5, 4125, -4.5, 1.0, -4.5, 0.0, 8, 0, indexOf(), -2.5
5, 4126, -4.5, 1.0, -4.5, 0.5, 8, 0, indexOf(), -2.5
5, 4127, -4.5, 1.0, -4.5, 1.0, 8, 1, indexOf(), -2.5
5, 4128, -4.5, 1.0, -4.5, 1.5, 8, 1, indexOf(), -2.5
5, 4129, -4.5, 1.0, -4.5, 2.0, 8, 1, indexOf(), -2.5
5, 4130, -4.5, 1.0, -4.5, 2.5, 8, 1, indexOf(), -2.5
5, 4131, -4.5, 1.0, -4.5, 3.0, 8, 1, indexOf(), -2.5
5, 4132, -4.5, 1.0, -4.5, 3.5, 8, 1, indexOf(), -2.5
5, 4133, -4.5, 1.0, -4.5, 4.0, 0, 1, vowels.indexOf(c), -1.5
5, 4134, -4.5, 1.0, -4.5, 4.5, 0, 1, vowels.indexOf(c), -0.5
5, 4135, -4.5, 1.0, -4.5, 5.0, 0, 1, vowels.indexOf(c), 0.5
5, 4136, -4.5, 1.0, -4.0, 0.0, 8, 0, indexOf(), -2.5
5, 4137, -4.5, 1.0, -4.0, 0.5, 8, 0, indexOf(), -2.5
5, 4138, -4.5, 1.0, -4.0, 1.0, 8, 1, indexOf(), -2.5
5, 4139, -4.5, 1.0, -4.0, 1.5, 8, 1, indexOf(), -2.5
5, 4140, -4.5, 1.0, -4.0, 2.0, 8, 1, indexOf(), -2.5
5, 4141, -4.5, 1.0, -4.0, 2.5, 8, 1, indexOf(), -2.5
5, 4142, -4.5, 1.0, -4.0, 3.0, 8, 1, indexOf(), -2.5
5, 4143, -4.5, 1.0, -4.0, 3.5, 8, 1, indexOf(), -2.5
5, 4144, -4.5, 1.0, -4.0, 4.0, 0, 1, vowels.indexOf(c), -1.5
5, 4145, -4.5, 1.0, -4.0, 4.5, 0, 1, vowels.indexOf(c), -0.5
5, 4146, -4.5, 1.0, -4.0, 5.0, 0, 1, vowels.indexOf(c), 0.5
5, 4147, -4.5, 1.0, -3.5, 0.0, 8, 0, indexOf(), -2.5
5, 4148, -4.5, 1.0, -3.5, 0.5, 8, 0, indexOf(), -2.5
5, 4149, -4.5, 1.0, -3.5, 1.0, 8, 1, indexOf(), -2.5
5, 4150, -4.5, 1.0, -3.5, 1.5, 8, 1, indexOf(), -2.5
5, 4151, -4.5, 1.0, -3.5, 2.0, 8, 1, indexOf(), -2.5
5, 4152, -4.5, 1.0, -3.5, 2.5, 8, 1, indexOf(), -2.5
5, 4153, -4.5, 1.0, -3.5, 3.0, 8, 1, indexOf(), -2.5
5, 4154, -4.5, 1.0, -3.5, 3.5, 8, 1, indexOf(), -2.5
5, 4155, -4.5, 1.0, -3.5, 4.0, 0, 1, vowels.indexOf(c), -1.5
5, 4156, -4.5, 1.0, -3.5, 4.5, 0, 1, vowels.indexOf(c), -0.5
5, 4157, -4.5, 1.0, -3.5, 5.0, 0, 1, vowels.indexOf(c), 0.5
5, 4158, -4.5, 1.0, -3.0, 0.0, 8, 0, indexOf(), -2.5
5, 4159, -4.5, 1.0, -3.0, 0.5, 8, 0, indexOf(), -2.5
5, 4160, -4.5, 1.0, -3.0, 1.0, 8, 1, indexOf(), -2.5
5, 4161, -4.5, 1.0, -3.0, 1.5, 8, 1, indexOf(), -2.5
5, 4162, -4.5, 1.0, -3.0, 2.0, 8, 1, indexOf(), -2.5
5, 4163, -4.5, 1.0, -3.0, 2.5, 8, 1, indexOf(), -2.5
5, 4164, -4.5, 1.0, -3.0, 3.0, 8, 1, indexOf(), -2.5
5, 4165, -4.5, 1.0, -3.0, 3.5, 8, 1, indexOf(), -2.5
5, 4166, -4.5, 1.0, -3.0, 4.0, 0, 1, vowels.indexOf(c), -1.5
5, 4167, -4.5, 1.0, -3.0, 4.5, 0, 1, vowels.indexOf(c), -0.5
5, 4168, -4.5, 1.0, -3.0, 5.0, 0, 1, vowels.indexOf(c), 0.5
5, 4169, -4.5, 1.0, -2.5, 0.0, 8, 0, indexOf(), -2.5
5, 4170, -4.5, 1.0, -2.5, 0.5, 8, 0, indexOf(), -2.5
5, 4171, -4.5, 1.0, -2.5, 1.0, 8, 1, indexOf(), -2.5
5, 4172, -4.5, 1.0, -2.5, 1.5, 8, 1, indexOf(), -2.5
5, 4173, -4.5, 1.0, -2.5, 2.0, 8, 1, indexOf(), -2.5
5, 4174, -4.5, 1.0, -2.5, 2.5, 8, 1, indexOf(), -2.5
5, 4175, -4.5, 1.0, -2.5, 3.0, 8, 1, indexOf(), -2.5
5, 4176, -4.5, 1.0, -2.5, 3.5, 8, 1, indexOf(), -2.5
5, 4177, -4.5, 1.0, -2.5, 4.0, 0, 1, vowels.indexOf(c), -1.5
5, 4178, -4.5, 1.0, -2.5, 4.5, 0, 1, vowels.indexOf(c), -0.5
5, 4179, -4.5, 1.0, -2.5, 5.0, 0, 1, vowels.indexOf(c), 0.5
5, 4180, -4.5, 1.0, -2.0, 0.0, 8, 0, indexOf(), -2.5
5, 4181, -4.5, 1.0, -2.0, 0.5, 8, 0, indexOf(), -2.5
5, 4182, -4.5, 1.0, -2.0, 1.0, 8, 1, indexOf(), -2.5
5, 4183, -4.5, 1.0, -2.0, 1.5, 8, 1, indexOf(), -2.5
5, 4184, -4.5, 1.0, -2.0, 2.0, 8, 1, indexOf(), -2.5
5, 4185, -4.5, 1.0, -2.0, 2.5, 8, 1, indexOf(), -2.5
5, 4186, -4.5, 1.0, -2.0, 3.0, 8, 1, indexOf(), -2.5
5, 4187, -4.5, 1.0, -2.0, 3.5, 8, 1, indexOf(), -2.5
5, 4188, -4.5, 1.0, -2.0, 4.0, 0, 1, vowels.indexOf(c), -1.5
5, 4189, -4.5, 1.0, -2.0, 4.5, 0, 1, vowels.indexOf(c), -0.5
5, 4190, -4.5, 1.0, -2.0, 5.0, 0, 1, vowels.indexOf(c), 0.5
5, 4191, -4.5, 1.0, -1.5, 0.0, 8, 0, indexOf(), -2.5
5, 4192, -4.5, 1.0, -1.5, 0.5, 8, 0, indexOf(), -2.5
5, 4193, -4.5, 1.0, -1.5, 1.0, 8, 1, indexOf(), -2.5
5, 4194, -4.5, 1.0, -1.5, 1.5, 8, 1, indexOf(), -2.5
5, 4195, -4.5, 1.0, -1.5, 2.0, 8, 1, indexOf(), -2.5
5, 4196, -4.5, 1.0, -1.5, 2.5, 8, 1, indexOf(), -2.5
5, 4197, -4.5, 1.0, -1.5, 3.0, 8, 1, indexOf(), -2.5
5, 4198, -4.5, 1.0, -1.5, 3.5, 8, 1, indexOf(), -2.5
5, 4199, -4.5, 1.0, -1.5, 4.0, 0, 1, vowels.indexOf(c), -1.5
5, 4200, -4.5, 1.0, -1.5, 4.5, 0, 1, vowels.indexOf(c), -0.5
5, 4201, -4.5, 1.0, -1.5, 5.0, 0, 1, vowels.indexOf(c), 0.5
5, 4202, -4.5, 1.0, -1.0, 0.0, 8, 0, indexOf(), -2.5
5, 4203, -4.5, 1.0, -1.0, 0.5, 8, 0, indexOf(), -2.5
5, 4204, -4.5, 1.0, -1.0, 1.0, 8, 1, indexOf(), -2.5
5, 4205, -4.5, 1.0, -1.0, 1.5, 8, 1, indexOf(), -2.5
5, 4206, -4.5, 1.0, -1.0, 2.0, 8, 1, indexOf(), -2.5
5, 4207, -4.5, 1.0, -1.0, 2.5, 8, 1, indexOf(), -2.5
5, 4208, -4.5, 1.0, -1.0, 3.0, 8, 1, indexOf(), -2.5
5, 4209, -4.5, 1.0, -1.0, 3.5, 8, 1, indexOf(), -2.5
5, 4210, -4.5, 1.0, -1.0, 4.0, 0, 1, vowels.indexOf(c), -1.5
5, 4211, -4.5, 1.0, -1.0, 4.5, 0, 1, vowels.indexOf(c), -0.5
5, 4212, -4.5, 1.0, -1.0, 5.0, 0, 1, vowels.indexOf(c), 0.5
5, 4213, -4.5, 1.0, -0.5, 0.0, 8, 0, indexOf(), -2.5
5, 4214, -4.5, 1.0, -0.5, 0.5, 8, 0, indexOf(), -2.5
5, 4215, -4.5, 1.0, -0.5, 1.0, 8, 1, indexOf(), -2.5
5, 4216, -4.5, 1.0, -0.5, 1.5, 8, 1, indexOf(), -2.5
5, 4217, -4.5, 1.0, -0.5, 2.0, 8, 1, indexOf(), -2.5
5, 4218, -4.5, 1.0, -0.5, 2.5, 8, 1, indexOf(), -2.5
5, 4219, -4.5, 1.0, -0.5, 3.0, 8, 1, indexOf(), -2.5
5, 4220, -4.5, 1.0, -0.5, 3.5, 8, 1, indexOf(), -2.5
5, 4221, -4.5, 1.0, -0.5, 4.0, 0, 1, vowels.indexOf(c), -1.5
5, 4222, -4.5, 1.0, -0.5, 4.5, 0, 1, vowels.indexOf(c), -0.5
5, 4223, -4.5, 1.0, -0.5, 5.0, 0, 1, vowels.indexOf(c), 0.5
5, 4224, -4.5, 1.0, 0.0, 0.0, 8, 0, indexOf(), -2.5
5, 4225, -4.5, 1.0, 0.0, 0.5, 8, 0, indexOf(), -2.5
5, 4226, -4.5, 1.0, 0.0, 1.0, 8, 1, indexOf(), -2.5
5, 4227, -4.5, 1.0, 0.0, 1.5, 8, 1, indexOf(), -2.5
5, 4228, -4.5, 1.0, 0.0, 2.0, 8, 1, indexOf(), -2.5
5, 4229, -4.5, 1.0, 0.0, 2.5, 8, 1, indexOf(), -2.5
5, 4230, -4.5, 1.0, 0.0, 3.0, 8, 1, indexOf(), -2.5
5, 4231, -4.5, 1.0, 0.0, 3.5, 8, 1, indexOf(), -2.5
5, 4232, -4.5, 1.0, 0.0, 4.0, 0, 2, vowels.indexOf(c), -1.5
5, 4233, -4.5, 1.0, 0.0, 4.5, 0, 2, vowels.indexOf(c), -0.5
5, 4234, -4.5, 1.0, 0.0, 5.0, 0, 2, vowels.indexOf(c), 0.5
5, 4235, -4.0, 1.0, -5.0, 0.0, 8, 0, indexOf(), -2.0
5, 4236, -4.0, 1.0, -5.0, 0.5, 8, 0, indexOf(), -2.0
5, 4237, -4.0, 1.0, -5.0, 1.0, 8, 1, indexOf(), -2.0
5, 4238, -4.0, 1.0, -5.0, 1.5, 8, 1, indexOf(), -2.0
5, 4239, -4.0, 1.0, -5.0, 2.0, 8, 1, indexOf(), -2.0
5, 4240, -4.0, 1.0, -5.0, 2.5, 8, 1, indexOf(), -2.0
5, 4241, -4.0, 1.0, -5.0, 3.0, 8, 1, indexOf(), -2.0
5, 4242, -4.0, 1.0, -5.0, 3.5, 0, 1, vowels.indexOf(c), -1.0
5, 4243, -4.0, 1.0, -5.0, 4.0, 0, 1, vowels.indexOf(c), 0.0
5, 4244, -4.0, 1.0, -5.0, 4.5, 0, 1, vowels.indexOf(c), 1.0
5, 4245, -4.0, 1.0, -5.0, 5.0, 0, 1, vowels.indexOf(c), 2.0
5, 4246, -4.0, 1.0, -4.5, 0.0, 8, 0, indexOf(), -2.0
5, 4247, -4.0, 1.0, -4.5, 0.5, 8, 0, indexOf(), -2.0
5, 4248, -4.0, 1.0, -4.5, 1.0, 8, 1, indexOf(), -2.0
5, 4249, -4.0, 1.0, -4.5, 1.5, 8, 1, indexOf(), -2.0
5, 4250, -4.0, 1.0, -4.5, 2.0, 8, 1, indexOf(), -2.0
5, 4251, -4.0, 1.0, -4.5, 2.5, 8, 1, indexOf(), -2.0
5, 4252, -4.0, 1.0, -4.5, 3.0, 8, 1, indexOf(), -2.0
5, 4253, -4.0, 1.0, -4.5, 3.5, 0, 1, vowels.indexOf(c), -1.0
5, 4254, -4.0, 1.0, -4.5, 4.0, 0, 1, vowels.indexOf(c), 0.0
5, 4255, -4.0, 1.0, -4.5, 4.5, 0, 1, vowels.indexOf(c), 1.0
5, 4256, -4.0, 1.0, -4.5, 5.0, 0, 1, vowels.indexOf(c), 2.0
5, 4257, -4.0, 1.0, -4.0, 0.0, 8, 0, indexOf(), -2.0
5, 4258, -4.0, 1.0, -4.0, 0.5, 8, 0, indexOf(), -2.0
5, 4259, -4.0, 1.0, -4.0, 1.0, 8, 1, indexOf(), -2.0
5, 4260, -4.0, 1.0, -4.0, 1.5, 8, 1, indexOf(), -2.0
5, 4261, -4.0, 1.0, -4.0, 2.0, 8, 1, indexOf(), -2.0
5, 4262, -4.0, 1.0, -4.0, 2.5, 8, 1, indexOf(), -2.0
5, 4263, -4.0, 1.0, -4.0, 3.0, 8, 1, indexOf(), -2.0
5, 4264, -4.0, 1.0, -4.0, 3.5, 0, 1, vowels.indexOf(c), -1.0
5, 4265, -4.0, 1.0, -4.0, 4.0, 0, 1, vowels.indexOf(c), 0.0
5, 4266, -4.0, 1.0, -4.0, 4.5, 0, 1, vowels.indexOf(c), 1.0
5, 4267, -4.0, 1.0, -4.0, 5.0, 0, 1, vowels.indexOf(c), 2.0
5, 4268, -4.0, 1.0, -3.5, 0.0, 8, 0, indexOf(), -2.0
5, 4269, -4.0, 1.0, -3.5, 0.5, 8, 0, indexOf(), -2.0
5, 4270, -4.0, 1.0, -3.5, 1.0, 8, 1, indexOf(), -2.0
5, 4271, -4.0, 1.0, -3.5, 1.5, 8, 1, indexOf(), -2.0
5, 4272, -4.0, 1.0, -3.5, 2.0, 8, 1, indexOf(), -2.0
5, 4273, -4.0, 1.0, -3.5, 2.5, 8, 1, indexOf(), -2.0
5, 4274, -4.0, 1.0, -3.5, 3.0, 8, 1, indexOf(), -2.0
5, 4275, -4.0, 1.0, -3.5, 3.5, 0, 1, vowels.indexOf(c), -1.0
5, 4276, -4.0, 1.0, -3.5, 4.0, 0, 1, vowels.indexOf(c), 0.0
5, 4277, -4.0, 1.0, -3.5, 4.5, 0, 1, vowels.indexOf(c), 1.0
5, 4278, -4.0, 1.0, -3.5, 5.0, 0, 1, vowels.indexOf(c), 2.0
5, 4279, -4.0, 1.0, -3.0, 0.0, 8, 0, indexOf(), -2.0
5, 4280, -4.0, 1.0, -3.0, 0.5, 8, 0, indexOf(), -2.0
5, 4281, -4.0, 1.0, -3.0, 1.0, 8, 1, indexOf(), -2.0
5, 4282, -4.0, 1.0, -3.0, 1.5, 8, 1, indexOf(), -2.0
5, 4283, -4.0, 1.0, -3.0, 2.0, 8, 1, indexOf(), -2.0
5, 4284, -4.0, 1.0, -3.0, 2.5, 8, 1, indexOf(), -2.0
5, 4285, -4.0, 1.0, -3.0, 3.0, 8, 1, indexOf(), -2.0
5, 4286, -4.0, 1.0, -3.0, 3.5, 0, 1, vowels.indexOf(c), -1.0
5, 4287, -4.0, 1.0, -3.0, 4.0, 0, 1, vowels.indexOf(c), 0.0
5, 4288, -4.0, 1.0, -3.0, 4.5, 0, 1, vowels.indexOf(c), 1.0
5, 4289, -4.0, 1.0, -3.0, 5.0, 0, 1, vowels.indexOf(c), 2.0
5, 4290, -4.0, 1.0, -2.5, 0.0, 8, 0, indexOf(), -2.0
5, 4291, -4.0, 1.0, -2.5, 0.5, 8, 0, indexOf(), -2.0
5, 4292, -4.0, 1.0, -2.5, 1.0, 8, 1, indexOf(), -2.0
5, 4293, -4.0, 1.0, -2.5, 1.5, 8, 1, indexOf(), -2.0
5, 4294, -4.0, 1.0, -2.5, 2.0, 8, 1, indexOf(), -2.0
5, 4295, -4.0, 1.0, -2.5, 2.5, 8, 1, indexOf(), -2.0
5, 4296, -4.0, 1.0, -2.5, 3.0, 8, 1, indexOf(), -2.0
5, 4297, -4.0, 1.0, -2.5, 3.5, 0, 1, vowels.indexOf(c), -1.0
5, 4298, -4.0, 1.0, -2.5, 4.0, 0, 1, vowels.indexOf(c), 0.0
5, 4299, -4.0, 1.0, -2.5, 4.5, 0, 1, vowels.indexOf(c), 1.0
5, 4300, -4.0, 1.0, -2.5, 5.0, 0, 1, vowels.indexOf(c), 2.0
5, 4301, -4.0, 1.0, -2.0, 0.0, 8, 0, indexOf(), -2.0
5, 4302, -4.0, 1.0, -2.0, 0.5, 8, 0, indexOf(), -2.0
5, 4303, -4.0, 1.0, -2.0, 1.0, 8, 1, indexOf(), -2.0
5, 4304, -4.0, 1.0, -2.0, 1.5, 8, 1, indexOf(), -2.0
5, 4305, -4.0, 1.0, -2.0, 2.0, 8, 1, indexOf(), -2.0
5, 4306, -4.0, 1.0, -2.0, 2.5, 8, 1, indexOf(), -2.0
5, 4307, -4.0, 1.0, -2.0, 3.0, 8, 1, indexOf(), -2.0
5, 4308, -4.0, 1.0, -2.0, 3.5, 0, 1, vowels.indexOf(c), -1.0
5, 4309, -4.0, 1.0, -2.0, 4.0, 0, 1, vowels.indexOf(c), 0.0
5, 4310, -4.0, 1.0, -2.0, 4.5, 0, 1, vowels.indexOf(c), 1.0
5, 4311, -4.0, 1.0, -2.0, 5.0, 0, 1, vowels.indexOf(c), 2.0
5, 4312, -4.0, 1.0, -1.5, 0.0, 8, 0, indexOf(), -2.0
5, 4313, -4.0, 1.0, -1.5, 0.5, 8, 0, indexOf(), -2.0
5, 4314, -4.0, 1.0, -1.5, 1.0, 8, 1, indexOf(), -2.0
5, 4315, -4.0, 1.0, -1.5, 1.5, 8, 1, indexOf(), -2.0
5, 4316, -4.0, 1.0, -1.5, 2.0, 8, 1, indexOf(), -2.0
5, 4317, -4.0, 1.0, -1.5, 2.5, 8, 1, indexOf(), -2.0
5, 4318, -4.0, 1.0, -1.5, 3.0, 8, 1, indexOf(), -2.0
5, 4319, -4.0, 1.0, -1.5, 3.5, 0, 1, vowels.indexOf(c), -1.0
5, 4320, -4.0, 1.0, -1.5, 4.0, 0, 1, vowels.indexOf(c), 0.0
5, 4321, -4.0, 1.0, -1.5, 4.5, 0, 1, vowels.indexOf(c), 1.0
5, 4322, -4.0, 1.0, -1.5, 5.0, 0, 1, vowels.indexOf(c), 2.0
5, 4323, -4.0, 1.0, -1.0, 0.0, 8, 0, indexOf(), -2.0
5, 4324, -4.0, 1.0, -1.0, 0.5, 8, 0, indexOf(), -2.0
5, 4325, -4.0, 1.0, -1.0, 1.0, 8, 1, indexOf(), -2.0
5, 4326, -4.0, 1.0, -1.0, 1.5, 8, 1, indexOf(), -2.0
5, 4327, -4.0, 1.0, -1.0, 2.0, 8, 1, indexOf(), -2.0
5, 4328, -4.0, 1.0, -1.0, 2.5, 8, 1, indexOf(), -2.0
5, 4329, -4.0, 1.0, -1.0, 3.0, 8, 1, indexOf(), -2.0
5, 4330, -4.0, 1.0, -1.0, 3.5, 0, 1, vowels.indexOf(c), -1.0
5, 4331, -4.0, 1.0, -1.0, 4.0, 0, 1, vowels.indexOf(c), 0.0
5, 4332, -4.0, 1.0, -1.0, 4.5, 0, 1, vowels.indexOf(c), 1.0
5, 4333, -4.0, 1.0, -1.0, 5.0, 0, 1, vowels.indexOf(c), 2.0
5, 4334, -4.0, 1.0, -0.5, 0.0, 8, 0, indexOf(), -2.0
5, 4335, -4.0, 1.0, -0.5, 0.5, 8, 0, indexOf(), -2.0
5, 4336, -4.0, 1.0, -0.5, 1.0, 8, 1, indexOf(), -2.0
5, 4337, -4.0, 1.0, -0.5, 1.5, 8, 1, indexOf(), -2.0
5, 4338, -4.0, 1.0, -0.5, 2.0, 8, 1, indexOf(), -2.0
5, 4339, -4.0, 1.0, -0.5, 2.5, 8, 1, indexOf(), -2.0
5, 4340, -4.0, 1.0, -0.5, 3.0, 8, 1, indexOf(), -2.0
5, 4341, -4.0, 1.0, -0.5, 3.5, 0, 1, vowels.indexOf(c), -1.0
5, 4342, -4.0, 1.0, -0.5, 4.0, 0, 1, vowels.indexOf(c), 0.0
5, 4343, -4.0, 1.0, -0.5, 4.5, 0, 1, vowels.indexOf(c), 1.0
5, 4344, -4.0, 1.0, -0.5, 5.0, 0, 1, vowels.indexOf(c), 2.0
5, 4345, -4.0, 1.0, 0.0, 0.0, 8, 0, indexOf(), -2.0
5, 4346, -4.0, 1.0, 0.0, 0.5, 8, 0, indexOf(), -2.0
5, 4347, -4.0, 1.0, 0.0, 1.0, 8, 1, indexOf(), -2.0
5, 4348, -4.0, 1.0, 0.0, 1.5, 8, 1, indexOf(), -2.0
5, 4349, -4.0, 1.0, 0.0, 2.0, 8, 1, indexOf(), -2.0
5, 4350, -4.0, 1.0, 0.0, 2.5, 8, 1, indexOf(), -2.0
5, 4351, -4.0, 1.0, 0.0, 3.0, 8, 1, indexOf(), -2.0
5, 4352, -4.0, 1.0, 0.0, 3.5, 0, 2, vowels.indexOf(c), -1.0
5, 4353, -4.0, 1.0, 0.0, 4.0, 0, 2, vowels.indexOf(c), 0.0
5, 4354, -4.0, 1.0, 0.0, 4.5, 0, 2, vowels.indexOf(c), 1.0
5, 4355, -4.0, 1.0, 0.0, 5.0, 0, 2, vowels.indexOf(c), 2.0
5, 4356, -3.5, 1.0, -5.0, 0.0, 8, 0, indexOf(), -1.5
5, 4357, -3.5, 1.0, -5.0, 0.5, 8, 0, indexOf(), -1.5
5, 4358, -3.5, 1.0, -5.0, 1.0, 8, 1, indexOf(), -1.5
5, 4359, -3.5, 1.0, -5.0, 1.5, 8, 1, indexOf(), -1.5
5, 4360, -3.5, 1.0, -5.0, 2.0, 8, 1, indexOf(), -1.5
5, 4361, -3.5, 1.0, -5.0, 2.5, 8, 1, indexOf(), -1.5
5, 4362, -3.5, 1.0, -5.0, 3.0, 0, 1, vowels.indexOf(c), -0.5
5, 4363, -3.5, 1.0, -5.0, 3.5, 0, 1, vowels.indexOf(c), 0.5
5, 4364, -3.5, 1.0, -5.0, 4.0, 0, 1, vowels.indexOf(c), 1.5
5, 4365, -3.5, 1.0, -5.0, 4.5, 0, 2, vowels.indexOf(c), 2.5
5, 4366, -3.5, 1.0, -5.0, 5.0, 0, 2, vowels.indexOf(c), 3.5
5, 4367, -3.5, 1.0, -4.5, 0.0, 8, 0, indexOf(), -1.5
5, 4368, -3.5, 1.0, -4.5, 0.5, 8, 0, indexOf(), -1.5
5, 4369, -3.5, 1.0, -4.5, 1.0, 8, 1, indexOf(), -1.5
5, 4370, -3.5, 1.0, -4.5, 1.5, 8, 1, indexOf(), -1.5
5, 4371, -3.5, 1.0, -4.5, 2.0, 8, 1, indexOf(), -1.5
5, 4372, -3.5, 1.0, -4.5, 2.5, 8, 1, indexOf(), -1.5
5, 4373, -3.5, 1.0, -4.5, 3.0, 0, 1, vowels.indexOf(c), -0.5
5, 4374, -3.5, 1.0, -4.5, 3.5, 0, 1, vowels.indexOf(c), 0.5
5, 4375, -3.5, 1.0, -4.5, 4.0, 0, 1, vowels.indexOf(c), 1.5
5, 4376, -3.5, 1.0, -4.5, 4.5, 0, 2, vowels.indexOf(c), 2.5
5, 4377, -3.5, 1.0, -4.5, 5.0, 0, 2, vowels.indexOf(c), 3.5
5, 4378, -3.5, 1.0, -4.0, 0.0, 8, 0, indexOf(), -1.5
5, 4379, -3.5, 1.0, -4.0, 0.5, 8, 0, indexOf(), -1.5
5, 4380, -3.5, 1.0, -4.0, 1.0, 8, 1, indexOf(), -1.5
5, 4381, -3.5, 1.0, -4.0, 1.5, 8, 1, indexOf(), -1.5
5, 4382, -3.5, 1.0, -4.0, 2.0, 8, 1, indexOf(), -1.5
5, 4383, -3.5, 1.0, -4.0, 2.5, 8, 1, indexOf(), -1.5
5, 4384, -3.5, 1.0, -4.0, 3.0, 0, 1, vowels.indexOf(c), -0.5
5, 4385, -3.5, 1.0, -4.0, 3.5, 0, 1, vowels.indexOf(c), 0.5
5, 4386, -3.5, 1.0, -4.0, 4.0, 0, 1, vowels.indexOf(c), 1.5
5, 4387, -3.5, 1.0, -4.0, 4.5, 0, 2, vowels.indexOf(c), 2.5
5, 4388, -3.5, 1.0, -4.0, 5.0, 0, 2, vowels.indexOf(c), 3.5
5, 4389, -3.5, 1.0, -3.5, 0.0, 8, 0, indexOf(), -1.5
5, 4390, -3.5, 1.0, -3.5, 0.5, 8, 0, indexOf(), -1.5
5, 4391, -3.5, 1.0, -3.5, 1.0, 8, 1, indexOf(), -1.5
5, 4392, -3.5, 1.0, -3.5, 1.5, 8, 1, indexOf(), -1.5
5, 4393, -3.5, 1.0, -3.5, 2.0, 8, 1, indexOf(), -1.5
5, 4394, -3.5, 1.0, -3.5, 2.5, 8, 1, indexOf(), -1.5
5, 4395, -3.5, 1.0, -3.5, 3.0, 0, 1, vowels.indexOf(c), -0.5
5, 4396, -3.5, 1.0, -3.5, 3.5, 0, 1, vowels.indexOf(c), 0.5
5, 4397, -3.5, 1.0, -3.5, 4.0, 0, 1, vowels.indexOf(c), 1.5
5, 4398, -3.5, 1.0, -3.5, 4.5, 0, 2, vowels.indexOf(c), 2.5
5, 4399, -3.5, 1.0, -3.5, 5.0, 0, 2, vowels.indexOf(c), 3.5
5, 4400, -3.5, 1.0, -3.0, 0.0, 8, 0, indexOf(), -1.5
5, 4401, -3.5, 1.0, -3.0, 0.5, 8, 0, indexOf(), -1.5
5, 4402, -3.5, 1.0, -3.0, 1.0, 8, 1, indexOf(), -1.5
5, 4403, -3.5, 1.0, -3.0, 1.5, 8, 1, indexOf(), -1.5
5, 4404, -3.5, 1.0, -3.0, 2.0, 8, 1, indexOf(), -1.5
5, 4405, -3.5, 1.0, -3.0, 2.5, 8, 1, indexOf(), -1.5
5, 4406, -3.5, 1.0, -3.0, 3.0, 0, 1, vowels.indexOf(c), -0.5
5, 4407, -3.5, 1.0, -3.0, 3.5, 0, 1, vowels.indexOf(c), 0.5
5, 4408, -3.5, 1.0, -3.0, 4.0, 0, 1, vowels.indexOf(c), 1.5
5, 4409, -3.5, 1.0, -3.0, 4.5, 0, 2, vowels.indexOf(c), 2.5
5, 4410, -3.5, 1.0, -3.0, 5.0, 0, 2, vowels.indexOf(c), 3.5
5, 4411, -3.5, 1.0, -2.5, 0.0, 8, 0, indexOf(), -1.5
5, 4412, -3.5, 1.0, -2.5, 0.5, 8, 0, indexOf(), -1.5
5, 4413, -3.5, 1.0, -2.5, 1.0, 8, 1, indexOf(), -1.5
5, 4414, -3.5, 1.0, -2.5, 1.5, 8, 1, indexOf(), -1.5
5, 4415, -3.5, 1.0, -2.5, 2.0, 8, 1, indexOf(), -1.5
5, 4416, -3.5, 1.0, -2.5, 2.5, 8, 1, indexOf(), -1.5
5, 4417, -3.5, 1.0, -2.5, 3.0, 0, 1, vowels.indexOf(c), -0.5
5, 4418, -3.5, 1.0, -2.5, 3.5, 0, 1, vowels.indexOf(c), 0.5
5, 4419, -3.5, 1.0, -2.5, 4.0, 0, 1, vowels.indexOf(c), 1.5
5, 4420, -3.5, 1.0, -2.5, 4.5, 0, 2, vowels.indexOf(c), 2.5
5, 4421, -3.5, 1.0, -2.5, 5.0, 0, 3, vowels.indexOf(c), 3.5
5, 4422, -3.5, 1.0, -2.0, 0.0, 8, 0, indexOf(), -1.5
5, 4423, -3.5, 1.0, -2.0, 0.5, 8, 0, indexOf(), -1.5
5, 4424, -3.5, 1.0, -2.0, 1.0, 8, 1, indexOf(), -1.5
5, 4425, -3.5, 1.0, -2.0, 1.5, 8, 1, indexOf(), -1.5
5, 4426, -3.5, 1.0, -2.0, 2.0, 8, 1, indexOf(), -1.5
5, 4427, -3.5, 1.0, -2.0, 2.5, 8, 1, indexOf(), -1.5
5, 4428, -3.5, 1.0, -2.0, 3.0, 0, 1, vowels.indexOf(c), -0.5
5, 4429, -3.5, 1.0, -2.0, 3.5, 0, 1, vowels.indexOf(c), 0.5
5, 4430, -3.5, 1.0, -2.0, 4.0, 0, 1, vowels.indexOf(c), 1.5
5, 4431, -3.5, 1.0, -2.0, 4.5, 0, 2, vowels.indexOf(c), 2.5
5, 4432, -3.5, 1.0, -2.0, 5.0, 0, 3, vowels.indexOf(c), 3.5
5, 4433, -3.5, 1.0, -1.5, 0.0, 8, 0, indexOf(), -1.5
5, 4434, -3.5, 1.0, -1.5, 0.5, 8, 0, indexOf(), -1.5
5, 4435, -3.5, 1.0, -1.5, 1.0, 8, 1, indexOf(), -1.5
5, 4436, -3.5, 1.0, -1.5, 1.5, 8, 1, indexOf(), -1.5
5, 4437, -3.5, 1.0, -1.5, 2.0, 8, 1, indexOf(), -1.5
5, 4438, -3.5, 1.0, -1.5, 2.5, 8, 1, indexOf(), -1.5
5, 4439, -3.5, 1.0, -1.5, 3.0, 0, 1, vowels.indexOf(c), -0.5
5, 4440, -3.5, 1.0, -1.5, 3.5, 0, 1, vowels.indexOf(c), 0.5
5, 4441, -3.5, 1.0, -1.5, 4.0, 0, 1, vowels.indexOf(c), 1.5
5, 4442, -3.5, 1.0, -1.5, 4.5, 0, 2, vowels.indexOf(c), 2.5
5, 4443, -3.5, 1.0, -1.5, 5.0, 0, 3, vowels.indexOf(c), 3.5
5, 4444, -3.5, 1.0, -1.0, 0.0, 8, 0, indexOf(), -1.5
5, 4445, -3.5, 1.0, -1.0, 0.5, 8, 0, indexOf(), -1.5
5, 4446, -3.5, 1.0, -1.0, 1.0, 8, 1, indexOf(), -1.5
5, 4447, -3.5, 1.0, -1.0, 1.5, 8, 1, indexOf(), -1.5
5, 4448, -3.5, 1.0, -1.0, 2.0, 8, 1, indexOf(), -1.5
5, 4449, -3.5, 1.0, -1.0, 2.5, 8, 1, indexOf(), -1.5
5, 4450, -3.5, 1.0, -1.0, 3.0, 0, 1, vowels.indexOf(c), -0.5
5, 4451, -3.5, 1.0, -1.0, 3.5, 0, 1, vowels.indexOf(c), 0.5
5, 4452, -3.5, 1.0, -1.0, 4.0, 0, 1, vowels.indexOf(c), 1.5
5, 4453, -3.5, 1.0, -1.0, 4.5, 0, 2, vowels.indexOf(c), 2.5
5, 4454, -3.5, 1.0, -1.0, 5.0, 0, 5, vowels.indexOf(c), 3.5
5, 4455, -3.5, 1.0, -0.5, 0.0, 8, 0, indexOf(), -1.5
5, 4456, -3.5, 1.0, -0.5, 0.5, 8, 0, indexOf(), -1.5
5, 4457, -3.5, 1.0, -0.5, 1.0, 8, 1, indexOf(), -1.5
5, 4458, -3.5, 1.0, -0.5, 1.5, 8, 1, indexOf(), -1.5
5, 4459, -3.5, 1.0, -0.5, 2.0, 8, 1, indexOf(), -1.5
5, 4460, -3.5, 1.0, -0.5, 2.5, 8, 1, indexOf(), -1.5
5, 4461, -3.5, 1.0, -0.5, 3.0, 0, 1, vowels.indexOf(c), -0.5
5, 4462, -3.5, 1.0, -0.5, 3.5, 0, 1, vowels.indexOf(c), 0.5
5, 4463, -3.5, 1.0, -0.5, 4.0, 0, 1, vowels.indexOf(c), 1.5
5, 4464, -3.5, 1.0, -0.5, 4.5, 0, 3, vowels.indexOf(c), 2.5
5, 4465, -3.5, 1.0, -0.5, 5.0, 0, 12, vowels.indexOf(c), 3.5
5, 4466, -3.5, 1.0, 0.0, 0.0, 8, 0, indexOf(), -1.5
5, 4467, -3.5, 1.0, 0.0, 0.5, 8, 0, indexOf(), -1.5
5, 4468, -3.5, 1.0, 0.0, 1.0, 8, 1, indexOf(), -1.5
5, 4469, -3.5, 1.0, 0.0, 1.5, 8, 1, indexOf(), -1.5
5, 4470, -3.5, 1.0, 0.0, 2.0, 8, 1, indexOf(), -1.5
5, 4471, -3.5, 1.0, 0.0, 2.5, 8, 1, indexOf(), -1.5
5, 4472, -3.5, 1.0, 0.0, 3.0, 0, 2, vowels.indexOf(c), -0.5
5, 4473, -3.5, 1.0, 0.0, 3.5, 0, 2, vowels.indexOf(c), 0.5
5, 4474, -3.5, 1.0, 0.0, 4.0, 0, 2, vowels.indexOf(c), 1.5
5, 4475, -3.5, 1.0, 0.0, 4.5, 0, 8, vowels.indexOf(c), 2.5
5, 4476, -3.5, 1.0, 0.0, 5.0, 12, 121, size(), -3.5
5, 4477, -3.0, 1.0, -5.0, 0.0, 8, 0, indexOf(), -1.0
5, 4478, -3.0, 1.0, -5.0, 0.5, 8, 0, indexOf(), -1.0
5, 4479, -3.0, 1.0, -5.0, 1.0, 8, 1, indexOf(), -1.0
5, 4480, -3.0, 1.0, -5.0, 1.5, 8, 1, indexOf(), -1.0
5, 4481, -3.0, 1.0, -5.0, 2.0, 8, 1, indexOf(), -1.0
5, 4482, -3.0, 1.0, -5.0, 2.5, 0, 1, vowels.indexOf(c), 0.0
5, 4483, -3.0, 1.0, -5.0, 3.0, 0, 1, vowels.indexOf(c), 1.0
5, 4484, -3.0, 1.0, -5.0, 3.5, 0, 2, vowels.indexOf(c), 2.0
5, 4485, -3.0, 1.0, -5.0, 4.0, 0, 2, vowels.indexOf(c), 3.0
5, 4486, -3.0, 1.0, -5.0, 4.5, 0, 3, vowels.indexOf(c), 4.0
5, 4487, -3.0, 1.0, -5.0, 5.0, 6, 4, vowels.indexOf(vowels), 4.0
5, 4488, -3.0, 1.0, -4.5, 0.0, 8, 0, indexOf(), -1.0
5, 4489, -3.0, 1.0, -4.5, 0.5, 8, 0, indexOf(), -1.0
5, 4490, -3.0, 1.0, -4.5, 1.0, 8, 1, indexOf(), -1.0
5, 4491, -3.0, 1.0, -4.5, 1.5, 8, 1, indexOf(), -1.0
5, 4492, -3.0, 1.0, -4.5, 2.0, 8, 1, indexOf(), -1.0
5, 4493, -3.0, 1.0, -4.5, 2.5, 0, 1, vowels.indexOf(c), 0.0
5, 4494, -3.0, 1.0, -4.5, 3.0, 0, 1, vowels.indexOf(c), 1.0
5, 4495, -3.0, 1.0, -4.5, 3.5, 0, 2, vowels.indexOf(c), 2.0
5, 4496, -3.0, 1.0, -4.5, 4.0, 0, 2, vowels.indexOf(c), 3.0
5, 4497, -3.0, 1.0, -4.5, 4.5, 0, 3, vowels.indexOf(c), 4.0
5, 4498, -3.0, 1.0, -4.5, 5.0, 6, 4, vowels.indexOf(vowels), 4.0
5, 4499, -3.0, 1.0, -4.0, 0.0, 8, 0, indexOf(), -1.0
5, 4500, -3.0, 1.0, -4.0, 0.5, 8, 0, indexOf(), -1.0
5, 4501, -3.0, 1.0, -4.0, 1.0, 8, 1, indexOf(), -1.0
5, 4502, -3.0, 1.0, -4.0, 1.5, 8, 1, indexOf(), -1.0
5, 4503, -3.0, 1.0, -4.0, 2.0, 8, 1, indexOf(), -1.0
5, 4504, -3.0, 1.0, -4.0, 2.5, 0, 1, vowels.indexOf(c), 0.0
5, 4505, -3.0, 1.0, -4.0, 3.0, 0, 1, vowels.indexOf(c), 1.0
5, 4506, -3.0, 1.0, -4.0, 3.5, 0, 2, vowels.indexOf(c), 2.0
5, 4507, -3.0, 1.0, -4.0, 4.0, 0, 2, vowels.indexOf(c), 3.0
5, 4508, -3.0, 1.0, -4.0, 4.5, 0, 3, vowels.indexOf(c), 4.0
5, 4509, -3.0, 1.0, -4.0, 5.0, 6, 5, vowels.indexOf(vowels), 4.0
5, 4510, -3.0, 1.0, -3.5, 0.0, 8, 0, indexOf(), -1.0
5, 4511, -3.0, 1.0, -3.5, 0.5, 8, 0, indexOf(), -1.0
5, 4512, -3.0, 1.0, -3.5, 1.0, 8, 1, indexOf(), -1.0
5, 4513, -3.0, 1.0, -3.5, 1.5, 8, 1, indexOf(), -1.0
5, 4514, -3.0, 1.0, -3.5, 2.0, 8, 1, indexOf(), -1.0
5, 4515, -3.0, 1.0, -3.5, 2.5, 0, 1, vowels.indexOf(c), 0.0
5, 4516, -3.0, 1.0, -3.5, 3.0, 0, 1, vowels.indexOf(c), 1.0
5, 4517, -3.0, 1.0, -3.5, 3.5, 0, 2, vowels.indexOf(c), 2.0
5, 4518, -3.0, 1.0, -3.5, 4.0, 0, 2, vowels.indexOf(c), 3.0
5, 4519, -3.0, 1.0, -3.5, 4.5, 0, 2, vowels.indexOf(c), 4.0
5, 4520, -3.0, 1.0, -3.5, 5.0, 6, 6, vowels.indexOf(vowels), 4.0
5, 4521, -3.0, 1.0, -3.0, 0.0, 8, 0, indexOf(), -1.0
5, 4522, -3.0, 1.0, -3.0, 0.5, 8, 0, indexOf(), -1.0
5, 4523, -3.0, 1.0, -3.0, 1.0, 8, 1, indexOf(), -1.0
5, 4524, -3.0, 1.0, -3.0, 1.5, 8, 1, indexOf(), -1.0
5, 4525, -3.0, 1.0, -3.0, 2.0, 8, 1, indexOf(), -1.0
5, 4526, -3.0, 1.0, -3.0, 2.5, 0, 1, vowels.indexOf(c), 0.0
5, 4527, -3.0, 1.0, -3.0, 3.0, 0, 1, vowels.indexOf(c), 1.0
5, 4528, -3.0, 1.0, -3.0, 3.5, 0, 2, vowels.indexOf(c), 2.0
5, 4529, -3.0, 1.0, -3.0, 4.0, 0, 2, vowels.indexOf(c), 3.0
5, 4530, -3.0, 1.0, -3.0, 4.5, 0, 3, vowels.indexOf(c), 4.0
5, 4531, -3.0, 1.0, -3.0, 5.0, 6, 14, vowels.indexOf(vowels), 4.0
5, 4532, -3.0, 1.0, -2.5, 0.0, 8, 0, indexOf(), -1.0
5, 4533, -3.0, 1.0, -2.5, 0.5, 8, 0, indexOf(), -1.0
5, 4534, -3.0, 1.0, -2.5, 1.0, 8, 1, indexOf(), -1.0
5, 4535, -3.0, 1.0, -2.5, 1.5, 8, 1, indexOf(), -1.0
5, 4536, -3.0, 1.0, -2.5, 2.0, 8, 1, indexOf(), -1.0
5, 4537, -3.0, 1.0, -2.5, 2.5, 0, 1, vowels.indexOf(c), 0.0
5, 4538, -3.0, 1.0, -2.5, 3.0, 0, 1, vowels.indexOf(c), 1.0
5, 4539, -3.0, 1.0, -2.5, 3.5, 0, 2, vowels.indexOf(c), 2.0
5, 4540, -3.0, 1.0, -2.5, 4.0, 0, 2, vowels.indexOf(c), 3.0
5, 4541, -3.0, 1.0, -2.5, 4.5, 0, 3, vowels.indexOf(c), 4.0
5, 4542, -3.0, 1.0, -2.5, 5.0, 6, 16, vowels.indexOf(vowels), 4.0
5, 4543, -3.0, 1.0, -2.0, 0.0, 8, 0, indexOf(), -1.0
5, 4544, -3.0, 1.0, -2.0, 0.5, 8, 0, indexOf(), -1.0
5, 4545, -3.0, 1.0, -2.0, 1.0, 8, 1, indexOf(), -1.0
5, 4546, -3.0, 1.0, -2.0, 1.5, 8, 1, indexOf(), -1.0
5, 4547, -3.0, 1.0, -2.0, 2.0, 8, 1, indexOf(), -1.0
5, 4548, -3.0, 1.0, -2.0, 2.5, 0, 1, vowels.indexOf(c), 0.0
5, 4549, -3.0, 1.0, -2.0, 3.0, 0, 1, vowels.indexOf(c), 1.0
5, 4550, -3.0, 1.0, -2.0, 3.5, 0, 2, vowels.indexOf(c), 2.0
5, 4551, -3.0, 1.0, -2.0, 4.0, 0, 2, vowels.indexOf(c), 3.0
5, 4552, -3.0, 1.0, -2.0, 4.5, 0, 3, vowels.indexOf(c), 4.0
5, 4553, -3.0, 1.0, -2.0, 5.0, 6, 23, vowels.indexOf(vowels), 4.0
5, 4554, -3.0, 1.0, -1.5, 0.0, 8, 0, indexOf(), -1.0
5, 4555, -3.0, 1.0, -1.5, 0.5, 8, 0, indexOf(), -1.0
5, 4556, -3.0, 1.0, -1.5, 1.0, 8, 1, indexOf(), -1.0
5, 4557, -3.0, 1.0, -1.5, 1.5, 8, 1, indexOf(), -1.0
5, 4558, -3.0, 1.0, -1.5, 2.0, 8, 1, indexOf(), -1.0
5, 4559, -3.0, 1.0, -1.5, 2.5, 0, 1, vowels.indexOf(c), 0.0
5, 4560, -3.0, 1.0, -1.5, 3.0, 0, 1, vowels.indexOf(c), 1.0
5, 4561, -3.0, 1.0, -1.5, 3.5, 0, 2, vowels.indexOf(c), 2.0
5, 4562, -3.0, 1.0, -1.5, 4.0, 0, 2, vowels.indexOf(c), 3.0
5, 4563, -3.0, 1.0, -1.5, 4.5, 0, 4, vowels.indexOf(c), 4.0
5, 4564, -3.0, 1.0, -1.5, 5.0, 6, 31, vowels.indexOf(vowels), 4.0
5, 4565, -3.0, 1.0, -1.0, 0.0, 8, 0, indexOf(), -1.0
5, 4566, -3.0, 1.0, -1.0, 0.5, 8, 0, indexOf(), -1.0
5, 4567, -3.0, 1.0, -1.0, 1.0, 8, 1, indexOf(), -1.0
5, 4568, -3.0, 1.0, -1.0, 1.5, 8, 1, indexOf(), -1.0
5, 4569, -3.0, 1.0, -1.0, 2.0, 8, 1, indexOf(), -1.0
5, 4570, -3.0, 1.0, -1.0, 2.5, 0, 1, vowels.indexOf(c), 0.0
5, 4571, -3.0, 1.0, -1.0, 3.0, 0, 1, vowels.indexOf(c), 1.0
5, 4572, -3.0, 1.0, -1.0, 3.5, 0, 2, vowels.indexOf(c), 2.0
5, 4573, -3.0, 1.0, -1.0, 4.0, 0, 3, vowels.indexOf(c), 3.0
5, 4574, -3.0, 1.0, -1.0, 4.5, 0, 9, vowels.indexOf(c), 4.0
5, 4575, -3.0, 1.0, -1.0, 5.0, 6, 44, vowels.indexOf(vowels), 4.0
5, 4576, -3.0, 1.0, -0.5, 0.0, 8, 0, indexOf(), -1.0
5, 4577, -3.0, 1.0, -0.5, 0.5, 8, 0, indexOf(), -1.0
5, 4578, -3.0, 1.0, -0.5, 1.0, 8, 1, indexOf(), -1.0
5, 4579, -3.0, 1.0, -0.5, 1.5, 8, 1, indexOf(), -1.0
5, 4580, -3.0, 1.0, -0.5, 2.0, 8, 1, indexOf(), -1.0
5, 4581, -3.0, 1.0, -0.5, 2.5, 0, 1, vowels.indexOf(c), 0.0
5, 4582, -3.0, 1.0, -0.5, 3.0, 0, 1, vowels.indexOf(c), 1.0
5, 4583, -3.0, 1.0, -0.5, 3.5, 0, 2, vowels.indexOf(c), 2.0
5, 4584, -3.0, 1.0, -0.5, 4.0, 0, 5, vowels.indexOf(c), 3.0
5, 4585, -3.0, 1.0, -0.5, 4.5, 0, 18, vowels.indexOf(c), 4.0
5, 4586, -3.0, 1.0, -0.5, 5.0, 12, 121, size(), -3.5
5, 4587, -3.0, 1.0, 0.0, 0.0, 8, 0, indexOf(), -1.0
5, 4588, -3.0, 1.0, 0.0, 0.5, 8, 0, indexOf(), -1.0
5, 4589, -3.0, 1.0, 0.0, 1.0, 8, 1, indexOf(), -1.0
5, 4590, -3.0, 1.0, 0.0, 1.5, 8, 1, indexOf(), -1.0
5, 4591, -3.0, 1.0, 0.0, 2.0, 8, 1, indexOf(), -1.0
5, 4592, -3.0, 1.0, 0.0, 2.5, 0, 2, vowels.indexOf(c), 0.0
5, 4593, -3.0, 1.0, 0.0, 3.0, 0, 2, vowels.indexOf(c), 1.0
5, 4594, -3.0, 1.0, 0.0, 3.5, 0, 5, vowels.indexOf(c), 2.0
5, 4595, -3.0, 1.0, 0.0, 4.0, 0, 14, vowels.indexOf(c), 3.0
5, 4596, -3.0, 1.0, 0.0, 4.5, 12, 142, size(), -3.0
5, 4597, -3.0, 1.0, 0.0, 5.0, 12, 156, size(), -3.0
5, 4598, -2.5, 1.0, -5.0, 0.0, 8, 0, indexOf(), -0.5
5, 4599, -2.5, 1.0, -5.0, 0.5, 8, 0, indexOf(), -0.5
5, 4600, -2.5, 1.0, -5.0, 1.0, 8, 1, indexOf(), -0.5
5, 4601, -2.5, 1.0, -5.0, 1.5, 8, 1, indexOf(), -0.5
5, 4602, -2.5, 1.0, -5.0, 2.0, 0, 1, vowels.indexOf(c), 0.5
5, 4603, -2.5, 1.0, -5.0, 2.5, 0, 2, vowels.indexOf(c), 1.5
5, 4604, -2.5, 1.0, -5.0, 3.0, 0, 2, vowels.indexOf(c), 2.5
5, 4605, -2.5, 1.0, -5.0, 3.5, 0, 2, vowels.indexOf(c), 3.5
5, 4606, -2.5, 1.0, -5.0, 4.0, 1, 5, vowels.indexOf(), 2.0
5, 4607, -2.5, 1.0, -5.0, 4.5, 6, 4, vowels.indexOf(vowels), 4.5
5, 4608, -2.5, 1.0, -5.0, 5.0, 6, 15, vowels.indexOf(vowels), 5.5
5, 4609, -2.5, 1.0, -4.5, 0.0, 8, 0, indexOf(), -0.5
5, 4610, -2.5, 1.0, -4.5, 0.5, 8, 0, indexOf(), -0.5
5, 4611, -2.5, 1.0, -4.5, 1.0, 8, 1, indexOf(), -0.5
5, 4612, -2.5, 1.0, -4.5, 1.5, 8, 1, indexOf(), -0.5
5, 4613, -2.5, 1.0, -4.5, 2.0, 0, 1, vowels.indexOf(c), 0.5
5, 4614, -2.5, 1.0, -4.5, 2.5, 0, 2, vowels.indexOf(c), 1.5
5, 4615, -2.5, 1.0, -4.5, 3.0, 0, 2, vowels.indexOf(c), 2.5
5, 4616, -2.5, 1.0, -4.5, 3.5, 0, 2, vowels.indexOf(c), 3.5
5, 4617, -2.5, 1.0, -4.5, 4.0, 6, 4, vowels.indexOf(vowels), 3.5
5, 4618, -2.5, 1.0, -4.5, 4.5, 6, 6, vowels.indexOf(vowels), 4.5
5, 4619, -2.5, 1.0, -4.5, 5.0, 6, 15, vowels.indexOf(vowels), 5.5
5, 4620, -2.5, 1.0, -4.0, 0.0, 8, 0, indexOf(), -0.5
5, 4621, -2.5, 1.0, -4.0, 0.5, 8, 0, indexOf(), -0.5
5, 4622, -2.5, 1.0, -4.0, 1.0, 8, 1, indexOf(), -0.5
5, 4623, -2.5, 1.0, -4.0, 1.5, 8, 1, indexOf(), -0.5
5, 4624, -2.5, 1.0, -4.0, 2.0, 0, 1, vowels.indexOf(c), 0.5
5, 4625, -2.5, 1.0, -4.0, 2.5, 0, 2, vowels.indexOf(c), 1.5
5, 4626, -2.5, 1.0, -4.0, 3.0, 0, 2, vowels.indexOf(c), 2.5
5, 4627, -2.5, 1.0, -4.0, 3.5, 0, 2, vowels.indexOf(c), 3.5
5, 4628, -2.5, 1.0, -4.0, 4.0, 6, 4, vowels.indexOf(vowels), 3.5
5, 4629, -2.5, 1.0, -4.0, 4.5, 6, 14, vowels.indexOf(vowels), 4.5
5, 4630, -2.5, 1.0, -4.0, 5.0, 6, 17, vowels.indexOf(vowels), 5.5
5, 4631, -2.5, 1.0, -3.5, 0.0, 8, 0, indexOf(), -0.5
5, 4632, -2.5, 1.0, -3.5, 0.5, 8, 0, indexOf(), -0.5
5, 4633, -2.5, 1.0, -3.5, 1.0, 8, 1, indexOf(), -0.5
5, 4634, -2.5, 1.0, -3.5, 1.5, 8, 1, indexOf(), -0.5
5, 4635, -2.5, 1.0, -3.5, 2.0, 0, 1, vowels.indexOf(c), 0.5
5, 4636, -2.5, 1.0, -3.5, 2.5, 0, 2, vowels.indexOf(c), 1.5
5, 4637, -2.5, 1.0, -3.5, 3.0, 0, 2, vowels.indexOf(c), 2.5
5, 4638, -2.5, 1.0, -3.5, 3.5, 0, 2, vowels.indexOf(c), 3.5
5, 4639, -2.5, 1.0, -3.5, 4.0, 6, 4, vowels.indexOf(vowels), 3.5
5, 4640, -2.5, 1.0, -3.5, 4.5, 6, 15, vowels.indexOf(vowels), 4.5
5, 4641, -2.5, 1.0, -3.5, 5.0, 6, 21, vowels.indexOf(vowels), 5.5
5, 4642, -2.5, 1.0, -3.0, 0.0, 8, 0, indexOf(), -0.5
5, 4643, -2.5, 1.0, -3.0, 0.5, 8, 0, indexOf(), -0.5
5, 4644, -2.5, 1.0, -3.0, 1.0, 8, 1, indexOf(), -0.5
5, 4645, -2.5, 1.0, -3.0, 1.5, 8, 1, indexOf(), -0.5
5, 4646, -2.5, 1.0, -3.0, 2.0, 0, 1, vowels.indexOf(c), 0.5
5, 4647, -2.5, 1.0, -3.0, 2.5, 0, 2, vowels.indexOf(c), 1.5
5, 4648, -2.5, 1.0, -3.0, 3.0, 0, 2, vowels.indexOf(c), 2.5
5, 4649, -2.5, 1.0, -3.0, 3.5, 0, 2, vowels.indexOf(c), 3.5
5, 4650, -2.5, 1.0, -3.0, 4.0, 6, 6, vowels.indexOf(vowels), 3.5
5, 4651, -2.5, 1.0, -3.0, 4.5, 6, 16, vowels.indexOf(vowels), 4.5
5, 4652, -2.5, 1.0, -3.0, 5.0, 6, 29, vowels.indexOf(vowels), 5.5
5, 4653, -2.5, 1.0, -2.5, 0.0, 8, 0, indexOf(), -0.5
5, 4654, -2.5, 1.0, -2.5, 0.5, 8, 0, indexOf(), -0.5
5, 4655, -2.5, 1.0, -2.5, 1.0, 8, 1, indexOf(), -0.5
5, 4656, -2.5, 1.0, -2.5, 1.5, 8, 1, indexOf(), -0.5
5, 4657, -2.5, 1.0, -2.5, 2.0, 0, 1, vowels.indexOf(c), 0.5
5, 4658, -2.5, 1.0, -2.5, 2.5, 0, 2, vowels.indexOf(c), 1.5
5, 4659, -2.5, 1.0, -2.5, 3.0, 0, 2, vowels.indexOf(c), 2.5
5, 4660, -2.5, 1.0, -2.5, 3.5, 0, 2, vowels.indexOf(c), 3.5
5, 4661, -2.5, 1.0, -2.5, 4.0, 6, 6, vowels.indexOf(vowels), 3.5
5, 4662, -2.5, 1.0, -2.5, 4.5, 6, 21, vowels.indexOf(vowels), 4.5
5, 4663, -2.5, 1.0, -2.5, 5.0, 6, 34, vowels.indexOf(vowels), 5.5
5, 4664, -2.5, 1.0, -2.0, 0.0, 8, 0, indexOf(), -0.5
5, 4665, -2.5, 1.0, -2.0, 0.5, 8, 0, indexOf(), -0.5
5, 4666, -2.5, 1.0, -2.0, 1.0, 8, 1, indexOf(), -0.5
5, 4667, -2.5, 1.0, -2.0, 1.5, 8, 1, indexOf(), -0.5
5, 4668, -2.5, 1.0, -2.0, 2.0, 0, 1, vowels.indexOf(c), 0.5
5, 4669, -2.5, 1.0, -2.0, 2.5, 0, 2, vowels.indexOf(c), 1.5
5, 4670, -2.5, 1.0, -2.0, 3.0, 0, 2, vowels.indexOf(c), 2.5
5, 4671, -2.5, 1.0, -2.0, 3.5, 0, 2, vowels.indexOf(c), 3.5
5, 4672, -2.5, 1.0, -2.0, 4.0, 6, 15, vowels.indexOf(vowels), 3.5
5, 4673, -2.5, 1.0, -2.0, 4.5, 6, 30, vowels.indexOf(vowels), 4.5
5, 4674, -2.5, 1.0, -2.0, 5.0, 6, 42, vowels.indexOf(vowels), 5.5
5, 4675, -2.5, 1.0, -1.5, 0.0, 8, 0, indexOf(), -0.5
5, 4676, -2.5, 1.0, -1.5, 0.5, 8, 0, indexOf(), -0.5
5, 4677, -2.5, 1.0, -1.5, 1.0, 8, 1, indexOf(), -0.5
5, 4678, -2.5, 1.0, -1.5, 1.5, 8, 1, indexOf(), -0.5
5, 4679, -2.5, 1.0, -1.5, 2.0, 0, 1, vowels.indexOf(c), 0.5
5, 4680, -2.5, 1.0, -1.5, 2.5, 0, 2, vowels.indexOf(c), 1.5
5, 4681, -2.5, 1.0, -1.5, 3.0, 0, 2, vowels.indexOf(c), 2.5
5, 4682, -2.5, 1.0, -1.5, 3.5, 0, 3, vowels.indexOf(c), 3.5
5, 4683, -2.5, 1.0, -1.5, 4.0, 6, 26, vowels.indexOf(vowels), 3.5
5, 4684, -2.5, 1.0, -1.5, 4.5, 6, 34, vowels.indexOf(vowels), 4.5
5, 4685, -2.5, 1.0, -1.5, 5.0, 12, 118, size(), -4.0
5, 4686, -2.5, 1.0, -1.0, 0.0, 8, 0, indexOf(), -0.5
5, 4687, -2.5, 1.0, -1.0, 0.5, 8, 0, indexOf(), -0.5
5, 4688, -2.5, 1.0, -1.0, 1.0, 8, 1, indexOf(), -0.5
5, 4689, -2.5, 1.0, -1.0, 1.5, 8, 1, indexOf(), -0.5
5, 4690, -2.5, 1.0, -1.0, 2.0, 0, 1, vowels.indexOf(c), 0.5
5, 4691, -2.5, 1.0, -1.0, 2.5, 0, 2, vowels.indexOf(c), 1.5
5, 4692, -2.5, 1.0, -1.0, 3.0, 0, 2, vowels.indexOf(c), 2.5
5, 4693, -2.5, 1.0, -1.0, 3.5, 0, 4, vowels.indexOf(c), 3.5
5, 4694, -2.5, 1.0, -1.0, 4.0, 6, 29, vowels.indexOf(vowels), 3.5
5, 4695, -2.5, 1.0, -1.0, 4.5, 12, 118, size(), -3.5
5, 4696, -2.5, 1.0, -1.0, 5.0, 12, 121, size(), -3.5
5, 4697, -2.5, 1.0, -0.5, 0.0, 8, 0, indexOf(), -0.5
5, 4698, -2.5, 1.0, -0.5, 0.5, 8, 0, indexOf(), -0.5
5, 4699, -2.5, 1.0, -0.5, 1.0, 8, 1, indexOf(), -0.5
5, 4700, -2.5, 1.0, -0.5, 1.5, 8, 1, indexOf(), -0.5
5, 4701, -2.5, 1.0, -0.5, 2.0, 0, 1, vowels.indexOf(c), 0.5
5, 4702, -2.5, 1.0, -0.5, 2.5, 0, 2, vowels.indexOf(c), 1.5
5, 4703, -2.5, 1.0, -0.5, 3.0, 0, 3, vowels.indexOf(c), 2.5
5, 4704, -2.5, 1.0, -0.5, 3.5, 0, 7, vowels.indexOf(c), 3.5
5, 4705, -2.5, 1.0, -0.5, 4.0, 12, 122, size(), -3.0
5, 4706, -2.5, 1.0, -0.5, 4.5, 12, 133, size(), -3.0
5, 4707, -2.5, 1.0, -0.5, 5.0, 12, 151, size(), -3.0
5, 4708, -2.5, 1.0, 0.0, 0.0, 8, 0, indexOf(), -0.5
5, 4709, -2.5, 1.0, 0.0, 0.5, 8, 0, indexOf(), -0.5
5, 4710, -2.5, 1.0, 0.0, 1.0, 8, 1, indexOf(), -0.5
5, 4711, -2.5, 1.0, 0.0, 1.5, 8, 1, indexOf(), -0.5
5, 4712, -2.5, 1.0, 0.0, 2.0, 0, 2, vowels.indexOf(c), 0.5
5, 4713, -2.5, 1.0, 0.0, 2.5, 0, 4, vowels.indexOf(c), 1.5
5, 4714, -2.5, 1.0, 0.0, 3.0, 0, 5, vowels.indexOf(c), 2.5
5, 4715, -2.5, 1.0, 0.0, 3.5, 12, 141, size(), -2.5
5, 4716, -2.5, 1.0, 0.0, 4.0, 12, 156, size(), -2.5
5, 4717, -2.5, 1.0, 0.0, 4.5, 12, 177, size(), -2.5
5, 4718, -2.5, 1.0, 0.0, 5.0, 12, 181, size(), -2.5
5, 4719, -2.0, 1.0, -5.0, 0.0, 8, 0, indexOf(), 0.0
5, 4720, -2.0, 1.0, -5.0, 0.5, 8, 0, indexOf(), 0.0
5, 4721, -2.0, 1.0, -5.0, 1.0, 8, 1, indexOf(), 0.0
5, 4722, -2.0, 1.0, -5.0, 1.5, 0, 0, vowels.indexOf(c), 1.0
5, 4723, -2.0, 1.0, -5.0, 2.0, 0, 2, vowels.indexOf(c), 2.0
5, 4724, -2.0, 1.0, -5.0, 2.5, 0, 2, vowels.indexOf(c), 3.0
5, 4725, -2.0, 1.0, -5.0, 3.0, 0, 3, vowels.indexOf(c), 4.0
5, 4726, -2.0, 1.0, -5.0, 3.5, 6, 4, vowels.indexOf(vowels), 4.0
5, 4727, -2.0, 1.0, -5.0, 4.0, 6, 14, vowels.indexOf(vowels), 5.0
5, 4728, -2.0, 1.0, -5.0, 4.5, 6, 15, vowels.indexOf(vowels), 6.0
5, 4729, -2.0, 1.0, -5.0, 5.0, 6, 21, vowels.indexOf(vowels), 7.0
5, 4730, -2.0, 1.0, -4.5, 0.0, 8, 0, indexOf(), 0.0
5, 4731, -2.0, 1.0, -4.5, 0.5, 8, 0, indexOf(), 0.0
5, 4732, -2.0, 1.0, -4.5, 1.0, 8, 1, indexOf(), 0.0
5, 4733, -2.0, 1.0, -4.5, 1.5, 0, 0, vowels.indexOf(c), 1.0
5, 4734, -2.0, 1.0, -4.5, 2.0, 0, 2, vowels.indexOf(c), 2.0
5, 4735, -2.0, 1.0, -4.5, 2.5, 0, 2, vowels.indexOf(c), 3.0
5, 4736, -2.0, 1.0, -4.5, 3.0, 0, 3, vowels.indexOf(c), 4.0
5, 4737, -2.0, 1.0, -4.5, 3.5, 6, 4, vowels.indexOf(vowels), 4.0
5, 4738, -2.0, 1.0, -4.5, 4.0, 6, 15, vowels.indexOf(vowels), 5.0
5, 4739, -2.0, 1.0, -4.5, 4.5, 6, 17, vowels.indexOf(vowels), 6.0
5, 4740, -2.0, 1.0, -4.5, 5.0, 6, 24, vowels.indexOf(vowels), 7.0
5, 4741, -2.0, 1.0, -4.0, 0.0, 8, 0, indexOf(), 0.0
5, 4742, -2.0, 1.0, -4.0, 0.5, 8, 0, indexOf(), 0.0
5, 4743, -2.0, 1.0, -4.0, 1.0, 8, 1, indexOf(), 0.0
5, 4744, -2.0, 1.0, -4.0, 1.5, 0, 0, vowels.indexOf(c), 1.0
5, 4745, -2.0, 1.0, -4.0, 2.0, 0, 2, vowels.indexOf(c), 2.0
5, 4746, -2.0, 1.0, -4.0, 2.5, 0, 2, vowels.indexOf(c), 3.0
5, 4747, -2.0, 1.0, -4.0, 3.0, 0, 3, vowels.indexOf(c), 4.0
5, 4748, -2.0, 1.0, -4.0, 3.5, 6, 5, vowels.indexOf(vowels), 4.0
5, 4749, -2.0, 1.0, -4.0, 4.0, 6, 15, vowels.indexOf(vowels), 5.0
5, 4750, -2.0, 1.0, -4.0, 4.5, 6, 21, vowels.indexOf(vowels), 6.0
5, 4751, -2.0, 1.0, -4.0, 5.0, 6, 32, vowels.indexOf(vowels), 7.0
5, 4752, -2.0, 1.0, -3.5, 0.0, 8, 0, indexOf(), 0.0
5, 4753, -2.0, 1.0, -3.5, 0.5, 8, 0, indexOf(), 0.0
5, 4754, -2.0, 1.0, -3.5, 1.0, 8, 1, indexOf(), 0.0
5, 4755, -2.0, 1.0, -3.5, 1.5, 0, 0, vowels.indexOf(c), 1.0
5, 4756, -2.0, 1.0, -3.5, 2.0, 0, 2, vowels.indexOf(c), 2.0
5, 4757, -2.0, 1.0, -3.5, 2.5, 0, 2, vowels.indexOf(c), 3.0
5, 4758, -2.0, 1.0, -3.5, 3.0, 0, 2, vowels.indexOf(c), 4.0
5, 4759, -2.0, 1.0, -3.5, 3.5, 6, 6, vowels.indexOf(vowels), 4.0
5, 4760, -2.0, 1.0, -3.5, 4.0, 6, 16, vowels.indexOf(vowels), 5.0
5, 4761, -2.0, 1.0, -3.5, 4.5, 6, 28, vowels.indexOf(vowels), 6.0
5, 4762, -2.0, 1.0, -3.5, 5.0, 6, 34, vowels.indexOf(vowels), 7.0
5, 4763, -2.0, 1.0, -3.0, 0.0, 8, 0, indexOf(), 0.0
5, 4764, -2.0, 1.0, -3.0, 0.5, 8, 0, indexOf(), 0.0
5, 4765, -2.0, 1.0, -3.0, 1.0, 8, 1, indexOf(), 0.0
5, 4766, -2.0, 1.0, -3.0, 1.5, 0, 0, vowels.indexOf(c), 1.0
5, 4767, -2.0, 1.0, -3.0, 2.0, 0, 2, vowels.indexOf(c), 2.0
5, 4768, -2.0, 1.0, -3.0, 2.5, 0, 2, vowels.indexOf(c), 3.0
5, 4769, -2.0, 1.0, -3.0, 3.0, 0, 2, vowels.indexOf(c), 4.0
5, 4770, -2.0, 1.0, -3.0, 3.5, 6, 14, vowels.indexOf(vowels), 4.0
5, 4771, -2.0, 1.0, -3.0, 4.0, 6, 21, vowels.indexOf(vowels), 5.0
5, 4772, -2.0, 1.0, -3.0, 4.5, 6, 33, vowels.indexOf(vowels), 6.0
5, 4773, -2.0, 1.0, -3.0, 5.0, 6, 39, vowels.indexOf(vowels), 7.0
5, 4774, -2.0, 1.0, -2.5, 0.0, 8, 0, indexOf(), 0.0
5, 4775, -2.0, 1.0, -2.5, 0.5, 8, 0, indexOf(), 0.0
5, 4776, -2.0, 1.0, -2.5, 1.0, 8, 1, indexOf(), 0.0
5, 4777, -2.0, 1.0, -2.5, 1.5, 0, 0, vowels.indexOf(c), 1.0
5, 4778, -2.0, 1.0, -2.5, 2.0, 0, 2, vowels.indexOf(c), 2.0
5, 4779, -2.0, 1.0, -2.5, 2.5, 0, 2, vowels.indexOf(c), 3.0
5, 4780, -2.0, 1.0, -2.5, 3.0, 0, 2, vowels.indexOf(c), 4.0
5, 4781, -2.0, 1.0, -2.5, 3.5, 6, 16, vowels.indexOf(vowels), 4.0
5, 4782, -2.0, 1.0, -2.5, 4.0, 6, 30, vowels.indexOf(vowels), 5.0
5, 4783, -2.0, 1.0, -2.5, 4.5, 6, 34, vowels.indexOf(vowels), 6.0
5, 4784, -2.0, 1.0, -2.5, 5.0, 12, 105, size(), -4.5
5, 4785, -2.0, 1.0, -2.0, 0.0, 8, 0, indexOf(), 0.0
5, 4786, -2.0, 1.0, -2.0, 0.5, 8, 0, indexOf(), 0.0
5, 4787, -2.0, 1.0, -2.0, 1.0, 8, 1, indexOf(), 0.0
5, 4788, -2.0, 1.0, -2.0, 1.5, 0, 0, vowels.indexOf(c), 1.0
5, 4789, -2.0, 1.0, -2.0, 2.0, 0, 2, vowels.indexOf(c), 2.0
5, 4790, -2.0, 1.0, -2.0, 2.5, 0, 2, vowels.indexOf(c), 3.0
5, 4791, -2.0, 1.0, -2.0, 3.0, 0, 3, vowels.indexOf(c), 4.0
5, 4792, -2.0, 1.0, -2.0, 3.5, 6, 25, vowels.indexOf(vowels), 4.0
5, 4793, -2.0, 1.0, -2.0, 4.0, 6, 34, vowels.indexOf(vowels), 5.0
5, 4794, -2.0, 1.0, -2.0, 4.5, 12, 105, size(), -4.0
5, 4795, -2.0, 1.0, -2.0, 5.0, 12, 117, size(), -4.0
5, 4796, -2.0, 1.0, -1.5, 0.0, 8, 0, indexOf(), 0.0
5, 4797, -2.0, 1.0, -1.5, 0.5, 8, 0, indexOf(), 0.0
5, 4798, -2.0, 1.0, -1.5, 1.0, 8, 1, indexOf(), 0.0
5, 4799, -2.0, 1.0, -1.5, 1.5, 0, 0, vowels.indexOf(c), 1.0
5, 4800, -2.0, 1.0, -1.5, 2.0, 0, 2, vowels.indexOf(c), 2.0
5, 4801, -2.0, 1.0, -1.5, 2.5, 0, 2, vowels.indexOf(c), 3.0
5, 4802, -2.0, 1.0, -1.5, 3.0, 0, 3, vowels.indexOf(c), 4.0
5, 4803, -2.0, 1.0, -1.5, 3.5, 6, 30, vowels.indexOf(vowels), 4.0
5, 4804, -2.0, 1.0, -1.5, 4.0, 12, 107, size(), -3.5
5, 4805, -2.0, 1.0, -1.5, 4.5, 12, 121, size(), -3.5
5, 4806, -2.0, 1.0, -1.5, 5.0, 12, 132, size(), -3.5
5, 4807, -2.0, 1.0, -1.0, 0.0, 8, 0, indexOf(), 0.0
5, 4808, -2.0, 1.0, -1.0, 0.5, 8, 0, indexOf(), 0.0
5, 4809, -2.0, 1.0, -1.0, 1.0, 8, 1, indexOf(), 0.0
5, 4810, -2.0, 1.0, -1.0, 1.5, 0, 0, vowels.indexOf(c), 1.0
5, 4811, -2.0, 1.0, -1.0, 2.0, 0, 2, vowels.indexOf(c), 2.0
5, 4812, -2.0, 1.0, -1.0, 2.5, 0, 2, vowels.indexOf(c), 3.0
5, 4813, -2.0, 1.0, -1.0, 3.0, 0, 5, vowels.indexOf(c), 4.0
5, 4814, -2.0, 1.0, -1.0, 3.5, 12, 113, size(), -3.0
5, 4815, -2.0, 1.0, -1.0, 4.0, 12, 121, size(), -3.0
5, 4816, -2.0, 1.0, -1.0, 4.5, 12, 132, size(), -3.0
5, 4817, -2.0, 1.0, -1.0, 5.0, 12, 145, size(), -3.0
5, 4818, -2.0, 1.0, -0.5, 0.0, 8, 0, indexOf(), 0.0
5, 4819, -2.0, 1.0, -0.5, 0.5, 8, 0, indexOf(), 0.0
5, 4820, -2.0, 1.0, -0.5, 1.0, 8, 1, indexOf(), 0.0
5, 4821, -2.0, 1.0, -0.5, 1.5, 0, 0, vowels.indexOf(c), 1.0
5, 4822, -2.0, 1.0, -0.5, 2.0, 0, 2, vowels.indexOf(c), 2.0
5, 4823, -2.0, 1.0, -0.5, 2.5, 0, 3, vowels.indexOf(c), 3.0
5, 4824, -2.0, 1.0, -0.5, 3.0, 12, 114, size(), -2.5
5, 4825, -2.0, 1.0, -0.5, 3.5, 12, 133, size(), -2.5
5, 4826, -2.0, 1.0, -0.5, 4.0, 12, 151, size(), -2.5
5, 4827, -2.0, 1.0, -0.5, 4.5, 12, 169, size(), -2.5
5, 4828, -2.0, 1.0, -0.5, 5.0, 12, 171, size(), -2.5
5, 4829, -2.0, 1.0, 0.0, 0.0, 8, 0, indexOf(), 0.0
5, 4830, -2.0, 1.0, 0.0, 0.5, 8, 0, indexOf(), 0.0
5, 4831, -2.0, 1.0, 0.0, 1.0, 8, 1, indexOf(), 0.0
5, 4832, -2.0, 1.0, 0.0, 1.5, 0, 1, vowels.indexOf(c), 1.0
5, 4833, -2.0, 1.0, 0.0, 2.0, 0, 4, vowels.indexOf(c), 2.0
5, 4834, -2.0, 1.0, 0.0, 2.5, 0, 6, vowels.indexOf(c), 3.0
5, 4835, -2.0, 1.0, 0.0, 3.0, 12, 156, size(), -2.0
5, 4836, -2.0, 1.0, 0.0, 3.5, 12, 180, size(), -2.0
5, 4837, -2.0, 1.0, 0.0, 4.0, 12, 181, size(), -2.0
5, 4838, -2.0, 1.0, 0.0, 4.5, 12, 196, size(), -2.0
5, 4839, -2.0, 1.0, 0.0, 5.0, 12, 198, size(), -2.0
5, 4840, -1.5, 1.0, -5.0, 0.0, 8, 0, indexOf(), 0.5
5, 4841, -1.5, 1.0, -5.0, 0.5, 0, 1, vowels.indexOf(c), 0.5
5, 4842, -1.5, 1.0, -5.0, 1.0, 0, 0, vowels.indexOf(c), 1.5
5, 4843, -1.5, 1.0, -5.0, 1.5, 0, 2, vowels.indexOf(c), 2.5
5, 4844, -1.5, 1.0, -5.0, 2.0, 0, 2, vowels.indexOf(c), 3.5
5, 4845, -1.5, 1.0, -5.0, 2.5, 1, 4, vowels.indexOf(), 2.5
5, 4846, -1.5, 1.0, -5.0, 3.0, 6, 5, vowels.indexOf(vowels), 4.5
5, 4847, -1.5, 1.0, -5.0, 3.5, 6, 15, vowels.indexOf(vowels), 5.5
5, 4848, -1.5, 1.0, -5.0, 4.0, 6, 17, vowels.indexOf(vowels), 6.5
5, 4849, -1.5, 1.0, -5.0, 4.5, 6, 24, vowels.indexOf(vowels), 7.5
5, 4850, -1.5, 1.0, -5.0, 5.0, 6, 32, vowels.indexOf(vowels), 8.5
5, 4851, -1.5, 1.0, -4.5, 0.0, 8, 0, indexOf(), 0.5
5, 4852, -1.5, 1.0, -4.5, 0.5, 0, 1, vowels.indexOf(c), 0.5
5, 4853, -1.5, 1.0, -4.5, 1.0, 0, 0, vowels.indexOf(c), 1.5
5, 4854, -1.5, 1.0, -4.5, 1.5, 0, 2, vowels.indexOf(c), 2.5
5, 4855, -1.5, 1.0, -4.5, 2.0, 0, 2, vowels.indexOf(c), 3.5
5, 4856, -1.5, 1.0, -4.5, 2.5, 6, 3, vowels.indexOf(vowels), 3.5
5, 4857, -1.5, 1.0, -4.5, 3.0, 6, 5, vowels.indexOf(vowels), 4.5
5, 4858, -1.5, 1.0, -4.5, 3.5, 6, 15, vowels.indexOf(vowels), 5.5
5, 4859, -1.5, 1.0, -4.5, 4.0, 6, 21, vowels.indexOf(vowels), 6.5
5, 4860, -1.5, 1.0, -4.5, 4.5, 6, 31, vowels.indexOf(vowels), 7.5
5, 4861, -1.5, 1.0, -4.5, 5.0, 6, 34, vowels.indexOf(vowels), 8.5
5, 4862, -1.5, 1.0, -4.0, 0.0, 8, 0, indexOf(), 0.5
5, 4863, -1.5, 1.0, -4.0, 0.5, 0, 1, vowels.indexOf(c), 0.5
5, 4864, -1.5, 1.0, -4.0, 1.0, 0, 0, vowels.indexOf(c), 1.5
5, 4865, -1.5, 1.0, -4.0, 1.5, 0, 2, vowels.indexOf(c), 2.5
5, 4866, -1.5, 1.0, -4.0, 2.0, 0, 2, vowels.indexOf(c), 3.5
5, 4867, -1.5, 1.0, -4.0, 2.5, 6, 4, vowels.indexOf(vowels), 3.5
5, 4868, -1.5, 1.0, -4.0, 3.0, 6, 14, vowels.indexOf(vowels), 4.5
5, 4869, -1.5, 1.0, -4.0, 3.5, 6, 16, vowels.indexOf(vowels), 5.5
5, 4870, -1.5, 1.0, -4.0, 4.0, 6, 28, vowels.indexOf(vowels), 6.5
5, 4871, -1.5, 1.0, -4.0, 4.5, 6, 34, vowels.indexOf(vowels), 7.5
5, 4872, -1.5, 1.0, -4.0, 5.0, 6, 37, vowels.indexOf(vowels), 8.5
5, 4873, -1.5, 1.0, -3.5, 0.0, 8, 0, indexOf(), 0.5
5, 4874, -1.5, 1.0, -3.5, 0.5, 0, 1, vowels.indexOf(c), 0.5
5, 4875, -1.5, 1.0, -3.5, 1.0, 0, 0, vowels.indexOf(c), 1.5
5, 4876, -1.5, 1.0, -3.5, 1.5, 0, 2, vowels.indexOf(c), 2.5
5, 4877, -1.5, 1.0, -3.5, 2.0, 0, 2, vowels.indexOf(c), 3.5
5, 4878, -1.5, 1.0, -3.5, 2.5, 6, 4, vowels.indexOf(vowels), 3.5
5, 4879, -1.5, 1.0, -3.5, 3.0, 6, 15, vowels.indexOf(vowels), 4.5
5, 4880, -1.5, 1.0, -3.5, 3.5, 6, 21, vowels.indexOf(vowels), 5.5
5, 4881, -1.5, 1.0, -3.5, 4.0, 6, 33, vowels.indexOf(vowels), 6.5
5, 4882, -1.5, 1.0, -3.5, 4.5, 6, 34, vowels.indexOf(vowels), 7.5
5, 4883, -1.5, 1.0, -3.5, 5.0, 12, 98, size(), -5.0
5, 4884, -1.5, 1.0, -3.0, 0.0, 8, 0, indexOf(), 0.5
5, 4885, -1.5, 1.0, -3.0, 0.5, 0, 1, vowels.indexOf(c), 0.5
5, 4886, -1.5, 1.0, -3.0, 1.0, 0, 0, vowels.indexOf(c), 1.5
5, 4887, -1.5, 1.0, -3.0, 1.5, 0, 2, vowels.indexOf(c), 2.5
5, 4888, -1.5, 1.0, -3.0, 2.0, 0, 2, vowels.indexOf(c), 3.5
5, 4889, -1.5, 1.0, -3.0, 2.5, 6, 5, vowels.indexOf(vowels), 3.5
5, 4890, -1.5, 1.0, -3.0, 3.0, 6, 16, vowels.indexOf(vowels), 4.5
5, 4891, -1.5, 1.0, -3.0, 3.5, 6, 29, vowels.indexOf(vowels), 5.5
5, 4892, -1.5, 1.0, -3.0, 4.0, 6, 34, vowels.indexOf(vowels), 6.5
5, 4893, -1.5, 1.0, -3.0, 4.5, 12, 98, size(), -4.5
5, 4894, -1.5, 1.0, -3.0, 5.0, 12, 110, size(), -4.5
5, 4895, -1.5, 1.0, -2.5, 0.0, 8, 0, indexOf(), 0.5
5, 4896, -1.5, 1.0, -2.5, 0.5, 0, 1, vowels.indexOf(c), 0.5
5, 4897, -1.5, 1.0, -2.5, 1.0, 0, 0, vowels.indexOf(c), 1.5
5, 4898, -1.5, 1.0, -2.5, 1.5, 0, 2, vowels.indexOf(c), 2.5
5, 4899, -1.5, 1.0, -2.5, 2.0, 0, 2, vowels.indexOf(c), 3.5
5, 4900, -1.5, 1.0, -2.5, 2.5, 6, 6, vowels.indexOf(vowels), 3.5
5, 4901, -1.5, 1.0, -2.5, 3.0, 6, 24, vowels.indexOf(vowels), 4.5
5, 4902, -1.5, 1.0, -2.5, 3.5, 6, 33, vowels.indexOf(vowels), 5.5
5, 4903, -1.5, 1.0, -2.5, 4.0, 12, 98, size(), -4.0
5, 4904, -1.5, 1.0, -2.5, 4.5, 12, 110, size(), -4.0
5, 4905, -1.5, 1.0, -2.5, 5.0, 12, 122, size(), -4.0
5, 4906, -1.5, 1.0, -2.0, 0.0, 8, 0, indexOf(), 0.5
5, 4907, -1.5, 1.0, -2.0, 0.5, 0, 1, vowels.indexOf(c), 0.5
5, 4908, -1.5, 1.0, -2.0, 1.0, 0, 0, vowels.indexOf(c), 1.5
5, 4909, -1.5, 1.0, -2.0, 1.5, 0, 2, vowels.indexOf(c), 2.5
5, 4910, -1.5, 1.0, -2.0, 2.0, 0, 2, vowels.indexOf(c), 3.5
5, 4911, -1.5, 1.0, -2.0, 2.5, 6, 16, vowels.indexOf(vowels), 3.5
5, 4912, -1.5, 1.0, -2.0, 3.0, 6, 30, vowels.indexOf(vowels), 4.5
5, 4913, -1.5, 1.0, -2.0, 3.5, 12, 98, size(), -3.5
5, 4914, -1.5, 1.0, -2.0, 4.0, 12, 117, size(), -3.5
5, 4915, -1.5, 1.0, -2.0, 4.5, 12, 122, size(), -3.5
5, 4916, -1.5, 1.0, -2.0, 5.0, 12, 132, size(), -3.5
5, 4917, -1.5, 1.0, -1.5, 0.0, 8, 0, indexOf(), 0.5
5, 4918, -1.5, 1.0, -1.5, 0.5, 0, 1, vowels.indexOf(c), 0.5
5, 4919, -1.5, 1.0, -1.5, 1.0, 0, 0, vowels.indexOf(c), 1.5
5, 4920, -1.5, 1.0, -1.5, 1.5, 0, 2, vowels.indexOf(c), 2.5
5, 4921, -1.5, 1.0, -1.5, 2.0, 0, 2, vowels.indexOf(c), 3.5
5, 4922, -1.5, 1.0, -1.5, 2.5, 6, 23, vowels.indexOf(vowels), 3.5
5, 4923, -1.5, 1.0, -1.5, 3.0, 12, 99, size(), -3.0
5, 4924, -1.5, 1.0, -1.5, 3.5, 12, 117, size(), -3.0
5, 4925, -1.5, 1.0, -1.5, 4.0, 12, 133, size(), -3.0
5, 4926, -1.5, 1.0, -1.5, 4.5, 12, 137, size(), -3.0
5, 4927, -1.5, 1.0, -1.5, 5.0, 12, 142, size(), -3.0
5, 4928, -1.5, 1.0, -1.0, 0.0, 8, 0, indexOf(), 0.5
5, 4929, -1.5, 1.0, -1.0, 0.5, 0, 1, vowels.indexOf(c), 0.5
5, 4930, -1.5, 1.0, -1.0, 1.0, 0, 0, vowels.indexOf(c), 1.5
5, 4931, -1.5, 1.0, -1.0, 1.5, 0, 2, vowels.indexOf(c), 2.5
5, 4932, -1.5, 1.0, -1.0, 2.0, 0, 2, vowels.indexOf(c), 3.5
5, 4933, -1.5, 1.0, -1.0, 2.5, 12, 100, size(), -2.5
5, 4934, -1.5, 1.0, -1.0, 3.0, 12, 120, size(), -2.5
5, 4935, -1.5, 1.0, -1.0, 3.5, 12, 132, size(), -2.5
5, 4936, -1.5, 1.0, -1.0, 4.0, 12, 145, size(), -2.5
5, 4937, -1.5, 1.0, -1.0, 4.5, 12, 166, size(), -2.5
5, 4938, -1.5, 1.0, -1.0, 5.0, 12, 168, size(), -2.5
5, 4939, -1.5, 1.0, -0.5, 0.0, 8, 0, indexOf(), 0.5
5, 4940, -1.5, 1.0, -0.5, 0.5, 0, 1, vowels.indexOf(c), 0.5
5, 4941, -1.5, 1.0, -0.5, 1.0, 0, 0, vowels.indexOf(c), 1.5
5, 4942, -1.5, 1.0, -0.5, 1.5, 0, 2, vowels.indexOf(c), 2.5
5, 4943, -1.5, 1.0, -0.5, 2.0, 0, 4, vowels.indexOf(c), 3.5
5, 4944, -1.5, 1.0, -0.5, 2.5, 12, 133, size(), -2.0
5, 4945, -1.5, 1.0, -0.5, 3.0, 12, 150, size(), -2.0
5, 4946, -1.5, 1.0, -0.5, 3.5, 12, 169, size(), -2.0
5, 4947, -1.5, 1.0, -0.5, 4.0, 12, 171, size(), -2.0
5, 4948, -1.5, 1.0, -0.5, 4.5, 12, 175, size(), -2.0
5, 4949, -1.5, 1.0, -0.5, 5.0, 12, 180, size(), -2.0
5, 4950, -1.5, 1.0, 0.0, 0.0, 8, 0, indexOf(), 0.5
5, 4951, -1.5, 1.0, 0.0, 0.5, 0, 3, vowels.indexOf(c), 0.5
5, 4952, -1.5, 1.0, 0.0, 1.0, 0, 1, vowels.indexOf(c), 1.5
5, 4953, -1.5, 1.0, 0.0, 1.5, 0, 4, vowels.indexOf(c), 2.5
5, 4954, -1.5, 1.0, 0.0, 2.0, 12, 159, size(), -1.5
5, 4955, -1.5, 1.0, 0.0, 2.5, 12, 180, size(), -1.5
5, 4956, -1.5, 1.0, 0.0, 3.0, 12, 196, size(), -1.5
5, 4957, -1.5, 1.0, 0.0, 3.5, 12, 198, size(), -1.5
5, 4958, -1.5, 1.0, 0.0, 4.0, 12, 248, size(), -1.5
5, 4959, -1.5, 1.0, 0.0, 4.5, 12, 248, size(), -1.5
5, 4960, -1.5, 1.0, 0.0, 5.0, 12, 249, size(), -1.5
5, 4961, -1.0, 1.0, -5.0, 0.0, 0, 1, vowels.indexOf(c), 1.0
5, 4962, -1.0, 1.0, -5.0, 0.5, 0, 0, vowels.indexOf(c), 2.0
5, 4963, -1.0, 1.0, -5.0, 1.0, 0, 2, vowels.indexOf(c), 3.0
5, 4964, -1.0, 1.0, -5.0, 1.5, 0, 3, vowels.indexOf(c), 4.0
5, 4965, -1.0, 1.0, -5.0, 2.0, 6, 4, vowels.indexOf(vowels), 4.0
5, 4966, -1.0, 1.0, -5.0, 2.5, 6, 13, vowels.indexOf(vowels), 5.0
5, 4967, -1.0, 1.0, -5.0, 3.0, 6, 15, vowels.indexOf(vowels), 6.0
5, 4968, -1.0, 1.0, -5.0, 3.5, 6, 21, vowels.indexOf(vowels), 7.0
5, 4969, -1.0, 1.0, -5.0, 4.0, 6, 31, vowels.indexOf(vowels), 8.0
5, 4970, -1.0, 1.0, -5.0, 4.5, 6, 34, vowels.indexOf(vowels), 9.0
5, 4971, -1.0, 1.0, -5.0, 5.0, 6, 37, vowels.indexOf(vowels), 10.0
5, 4972, -1.0, 1.0, -4.5, 0.0, 0, 1, vowels.indexOf(c), 1.0
5, 4973, -1.0, 1.0, -4.5, 0.5, 0, 0, vowels.indexOf(c), 2.0
5, 4974, -1.0, 1.0, -4.5, 1.0, 0, 2, vowels.indexOf(c), 3.0
5, 4975, -1.0, 1.0, -4.5, 1.5, 0, 3, vowels.indexOf(c), 4.0
5, 4976, -1.0, 1.0, -4.5, 2.0, 6, 4, vowels.indexOf(vowels), 4.0
5, 4977, -1.0, 1.0, -4.5, 2.5, 6, 15, vowels.indexOf(vowels), 5.0
5, 4978, -1.0, 1.0, -4.5, 3.0, 6, 16, vowels.indexOf(vowels), 6.0
5, 4979, -1.0, 1.0, -4.5, 3.5, 6, 28, vowels.indexOf(vowels), 7.0
5, 4980, -1.0, 1.0, -4.5, 4.0, 6, 33, vowels.indexOf(vowels), 8.0
5, 4981, -1.0, 1.0, -4.5, 4.5, 6, 34, vowels.indexOf(vowels), 9.0
5, 4982, -1.0, 1.0, -4.5, 5.0, 12, 98, size(), -5.5
5, 4983, -1.0, 1.0, -4.0, 0.0, 0, 1, vowels.indexOf(c), 1.0
5, 4984, -1.0, 1.0, -4.0, 0.5, 0, 0, vowels.indexOf(c), 2.0
5, 4985, -1.0, 1.0, -4.0, 1.0, 0, 2, vowels.indexOf(c), 3.0
5, 4986, -1.0, 1.0, -4.0, 1.5, 0, 3, vowels.indexOf(c), 4.0
5, 4987, -1.0, 1.0, -4.0, 2.0, 6, 5, vowels.indexOf(vowels), 4.0
5, 4988, -1.0, 1.0, -4.0, 2.5, 6, 15, vowels.indexOf(vowels), 5.0
5, 4989, -1.0, 1.0, -4.0, 3.0, 6, 21, vowels.indexOf(vowels), 6.0
5, 4990, -1.0, 1.0, -4.0, 3.5, 6, 32, vowels.indexOf(vowels), 7.0
5, 4991, -1.0, 1.0, -4.0, 4.0, 6, 34, vowels.indexOf(vowels), 8.0
5, 4992, -1.0, 1.0, -4.0, 4.5, 12, 98, size(), -5.0
5, 4993, -1.0, 1.0, -4.0, 5.0, 12, 104, size(), -5.0
5, 4994, -1.0, 1.0, -3.5, 0.0, 0, 1, vowels.indexOf(c), 1.0
5, 4995, -1.0, 1.0, -3.5, 0.5, 0, 0, vowels.indexOf(c), 2.0
5, 4996, -1.0, 1.0, -3.5, 1.0, 0, 2, vowels.indexOf(c), 3.0
5, 4997, -1.0, 1.0, -3.5, 1.5, 0, 3, vowels.indexOf(c), 4.0
5, 4998, -1.0, 1.0, -3.5, 2.0, 6, 5, vowels.indexOf(vowels), 4.0
5, 4999, -1.0, 1.0, -3.5, 2.5, 6, 16, vowels.indexOf(vowels), 5.0
5, 5000, -1.0, 1.0, -3.5, 3.0, 6, 29, vowels.indexOf(vowels), 6.0
5, 5001, -1.0, 1.0, -3.5, 3.5, 6, 34, vowels.indexOf(vowels), 7.0
5, 5002, -1.0, 1.0, -3.5, 4.0, 12, 98, size(), -4.5
5, 5003, -1.0, 1.0, -3.5, 4.5, 12, 104, size(), -4.5
5, 5004, -1.0, 1.0, -3.5, 5.0, 12, 111, size(), -4.5
5, 5005, -1.0, 1.0, -3.0, 0.0, 0, 1, vowels.indexOf(c), 1.0
5, 5006, -1.0, 1.0, -3.0, 0.5, 0, 0, vowels.indexOf(c), 2.0
5, 5007, -1.0, 1.0, -3.0, 1.0, 0, 2, vowels.indexOf(c), 3.0
5, 5008, -1.0, 1.0, -3.0, 1.5, 0, 3, vowels.indexOf(c), 4.0
5, 5009, -1.0, 1.0, -3.0, 2.0, 6, 14, vowels.indexOf(vowels), 4.0
5, 5010, -1.0, 1.0, -3.0, 2.5, 6, 24, vowels.indexOf(vowels), 5.0
5, 5011, -1.0, 1.0, -3.0, 3.0, 6, 33, vowels.indexOf(vowels), 6.0
5, 5012, -1.0, 1.0, -3.0, 3.5, 12, 98, size(), -4.0
5, 5013, -1.0, 1.0, -3.0, 4.0, 12, 104, size(), -4.0
5, 5014, -1.0, 1.0, -3.0, 4.5, 12, 116, size(), -4.0
5, 5015, -1.0, 1.0, -3.0, 5.0, 12, 122, size(), -4.0
5, 5016, -1.0, 1.0, -2.5, 0.0, 0, 1, vowels.indexOf(c), 1.0
5, 5017, -1.0, 1.0, -2.5, 0.5, 0, 0, vowels.indexOf(c), 2.0
5, 5018, -1.0, 1.0, -2.5, 1.0, 0, 2, vowels.indexOf(c), 3.0
5, 5019, -1.0, 1.0, -2.5, 1.5, 0, 2, vowels.indexOf(c), 4.0
5, 5020, -1.0, 1.0, -2.5, 2.0, 6, 17, vowels.indexOf(vowels), 4.0
5, 5021, -1.0, 1.0, -2.5, 2.5, 6, 29, vowels.indexOf(vowels), 5.0
5, 5022, -1.0, 1.0, -2.5, 3.0, 12, 98, size(), -3.5
5, 5023, -1.0, 1.0, -2.5, 3.5, 12, 104, size(), -3.5
5, 5024, -1.0, 1.0, -2.5, 4.0, 12, 118, size(), -3.5
5, 5025, -1.0, 1.0, -2.5, 4.5, 12, 132, size(), -3.5
5, 5026, -1.0, 1.0, -2.5, 5.0, 12, 137, size(), -3.5
5, 5027, -1.0, 1.0, -2.0, 0.0, 0, 1, vowels.indexOf(c), 1.0
5, 5028, -1.0, 1.0, -2.0, 0.5, 0, 0, vowels.indexOf(c), 2.0
5, 5029, -1.0, 1.0, -2.0, 1.0, 0, 2, vowels.indexOf(c), 3.0
5, 5030, -1.0, 1.0, -2.0, 1.5, 0, 2, vowels.indexOf(c), 4.0
5, 5031, -1.0, 1.0, -2.0, 2.0, 6, 23, vowels.indexOf(vowels), 4.0
5, 5032, -1.0, 1.0, -2.0, 2.5, 12, 97, size(), -3.0
5, 5033, -1.0, 1.0, -2.0, 3.0, 12, 105, size(), -3.0
5, 5034, -1.0, 1.0, -2.0, 3.5, 12, 121, size(), -3.0
5, 5035, -1.0, 1.0, -2.0, 4.0, 12, 133, size(), -3.0
5, 5036, -1.0, 1.0, -2.0, 4.5, 12, 136, size(), -3.0
5, 5037, -1.0, 1.0, -2.0, 5.0, 12, 141, size(), -3.0
5, 5038, -1.0, 1.0, -1.5, 0.0, 0, 1, vowels.indexOf(c), 1.0
5, 5039, -1.0, 1.0, -1.5, 0.5, 0, 0, vowels.indexOf(c), 2.0
5, 5040, -1.0, 1.0, -1.5, 1.0, 0, 2, vowels.indexOf(c), 3.0
5, 5041, -1.0, 1.0, -1.5, 1.5, 0, 2, vowels.indexOf(c), 4.0
5, 5042, -1.0, 1.0, -1.5, 2.0, 12, 97, size(), -2.5
5, 5043, -1.0, 1.0, -1.5, 2.5, 12, 112, size(), -2.5
5, 5044, -1.0, 1.0, -1.5, 3.0, 12, 133, size(), -2.5
5, 5045, -1.0, 1.0, -1.5, 3.5, 12, 136, size(), -2.5
5, 5046, -1.0, 1.0, -1.5, 4.0, 12, 141, size(), -2.5
5, 5047, -1.0, 1.0, -1.5, 4.5, 12, 163, size(), -2.5
5, 5048, -1.0, 1.0, -1.5, 5.0, 12, 167, size(), -2.5
5, 5049, -1.0, 1.0, -1.0, 0.0, 0, 1, vowels.indexOf(c), 1.0
5, 5050, -1.0, 1.0, -1.0, 0.5, 0, 0, vowels.indexOf(c), 2.0
5, 5051, -1.0, 1.0, -1.0, 1.0, 0, 2, vowels.indexOf(c), 3.0
5, 5052, -1.0, 1.0, -1.0, 1.5, 0, 2, vowels.indexOf(c), 4.0
5, 5053, -1.0, 1.0, -1.0, 2.0, 12, 112, size(), -2.0
5, 5054, -1.0, 1.0, -1.0, 2.5, 12, 132, size(), -2.0
5, 5055, -1.0, 1.0, -1.0, 3.0, 12, 143, size(), -2.0
5, 5056, -1.0, 1.0, -1.0, 3.5, 12, 167, size(), -2.0
5, 5057, -1.0, 1.0, -1.0, 4.0, 12, 168, size(), -2.0
5, 5058, -1.0, 1.0, -1.0, 4.5, 12, 174, size(), -2.0
5, 5059, -1.0, 1.0, -1.0, 5.0, 12, 174, size(), -2.0
5, 5060, -1.0, 1.0, -0.5, 0.0, 0, 1, vowels.indexOf(c), 1.0
5, 5061, -1.0, 1.0, -0.5, 0.5, 0, 0, vowels.indexOf(c), 2.0
5, 5062, -1.0, 1.0, -0.5, 1.0, 0, 2, vowels.indexOf(c), 3.0
5, 5063, -1.0, 1.0, -0.5, 1.5, 0, 3, vowels.indexOf(c), 4.0
5, 5064, -1.0, 1.0, -0.5, 2.0, 12, 149, size(), -1.5
5, 5065, -1.0, 1.0, -0.5, 2.5, 12, 169, size(), -1.5
5, 5066, -1.0, 1.0, -0.5, 3.0, 12, 175, size(), -1.5
5, 5067, -1.0, 1.0, -0.5, 3.5, 12, 180, size(), -1.5
5, 5068, -1.0, 1.0, -0.5, 4.0, 12, 187, size(), -1.5
5, 5069, -1.0, 1.0, -0.5, 4.5, 12, 199, size(), -1.5
5, 5070, -1.0, 1.0, -0.5, 5.0, 12, 214, size(), -1.5
5, 5071, -1.0, 1.0, 0.0, 0.0, 1, 4, vowels.indexOf(), 1.0
5, 5072, -1.0, 1.0, 0.0, 0.5, 0, 1, vowels.indexOf(c), 2.0
5, 5073, -1.0, 1.0, 0.0, 1.0, 0, 4, vowels.indexOf(c), 3.0
5, 5074, -1.0, 1.0, 0.0, 1.5, 12, 196, size(), -1.0
5, 5075, -1.0, 1.0, 0.0, 2.0, 12, 196, size(), -1.0
5, 5076, -1.0, 1.0, 0.0, 2.5, 12, 248, size(), -1.0
5, 5077, -1.0, 1.0, 0.0, 3.0, 12, 248, size(), -1.0
5, 5078, -1.0, 1.0, 0.0, 3.5, 14, 190, Double.SIZE, -1.0
5, 5079, -1.0, 1.0, 0.0, 4.0, 14, 190, Double.SIZE, -1.0
5, 5080, -1.0, 1.0, 0.0, 4.5, 14, 190, Double.SIZE, -1.0
5, 5081, -1.0, 1.0, 0.0, 5.0, 14, 190, Double.SIZE, -1.0
5, 5082, -0.5, 1.0, -5.0, 0.0, 0, 0, vowels.indexOf(c), 2.5
5, 5083, -0.5, 1.0, -5.0, 0.5, 0, 2, vowels.indexOf(c), 3.5
5, 5084, -0.5, 1.0, -5.0, 1.0, 1, 4, vowels.indexOf(), 3.0
5, 5085, -0.5, 1.0, -5.0, 1.5, 6, 4, vowels.indexOf(vowels), 4.5
5, 5086, -0.5, 1.0, -5.0, 2.0, 6, 15, vowels.indexOf(vowels), 5.5
5, 5087, -0.5, 1.0, -5.0, 2.5, 6, 16, vowels.indexOf(vowels), 6.5
5, 5088, -0.5, 1.0, -5.0, 3.0, 6, 26, vowels.indexOf(vowels), 7.5
5, 5089, -0.5, 1.0, -5.0, 3.5, 6, 32, vowels.indexOf(vowels), 8.5
5, 5090, -0.5, 1.0, -5.0, 4.0, 6, 34, vowels.indexOf(vowels), 9.5
5, 5091, -0.5, 1.0, -5.0, 4.5, 12, 96, size(), -5.5
5, 5092, -0.5, 1.0, -5.0, 5.0, 12, 104, size(), -5.5
5, 5093, -0.5, 1.0, -4.5, 0.0, 0, 0, vowels.indexOf(c), 2.5
5, 5094, -0.5, 1.0, -4.5, 0.5, 0, 2, vowels.indexOf(c), 3.5
5, 5095, -0.5, 1.0, -4.5, 1.0, 1, 4, vowels.indexOf(), 3.0
5, 5096, -0.5, 1.0, -4.5, 1.5, 6, 5, vowels.indexOf(vowels), 4.5
5, 5097, -0.5, 1.0, -4.5, 2.0, 6, 15, vowels.indexOf(vowels), 5.5
5, 5098, -0.5, 1.0, -4.5, 2.5, 6, 21, vowels.indexOf(vowels), 6.5
5, 5099, -0.5, 1.0, -4.5, 3.0, 6, 32, vowels.indexOf(vowels), 7.5
5, 5100, -0.5, 1.0, -4.5, 3.5, 6, 34, vowels.indexOf(vowels), 8.5
5, 5101, -0.5, 1.0, -4.5, 4.0, 12, 96, size(), -5.0
5, 5102, -0.5, 1.0, -4.5, 4.5, 12, 104, size(), -5.0
5, 5103, -0.5, 1.0, -4.5, 5.0, 12, 110, size(), -5.0
5, 5104, -0.5, 1.0, -4.0, 0.0, 0, 0, vowels.indexOf(c), 2.5
5, 5105, -0.5, 1.0, -4.0, 0.5, 0, 2, vowels.indexOf(c), 3.5
5, 5106, -0.5, 1.0, -4.0, 1.0, 1, 4, vowels.indexOf(), 3.0
5, 5107, -0.5, 1.0, -4.0, 1.5, 6, 13, vowels.indexOf(vowels), 4.5
5, 5108, -0.5, 1.0, -4.0, 2.0, 6, 16, vowels.indexOf(vowels), 5.5
5, 5109, -0.5, 1.0, -4.0, 2.5, 6, 27, vowels.indexOf(vowels), 6.5
5, 5110, -0.5, 1.0, -4.0, 3.0, 6, 33, vowels.indexOf(vowels), 7.5
5, 5111, -0.5, 1.0, -4.0, 3.5, 12, 96, size(), -4.5
5, 5112, -0.5, 1.0, -4.0, 4.0, 12, 104, size(), -4.5
5, 5113, -0.5, 1.0, -4.0, 4.5, 12, 110, size(), -4.5
5, 5114, -0.5, 1.0, -4.0, 5.0, 12, 116, size(), -4.5
5, 5115, -0.5, 1.0, -3.5, 0.0, 0, 0, vowels.indexOf(c), 2.5
5, 5116, -0.5, 1.0, -3.5, 0.5, 0, 2, vowels.indexOf(c), 3.5
5, 5117, -0.5, 1.0, -3.5, 1.0, 6, 3, vowels.indexOf(vowels), 3.5
5, 5118, -0.5, 1.0, -3.5, 1.5, 6, 14, vowels.indexOf(vowels), 4.5
5, 5119, -0.5, 1.0, -3.5, 2.0, 6, 24, vowels.indexOf(vowels), 5.5
5, 5120, -0.5, 1.0, -3.5, 2.5, 6, 32, vowels.indexOf(vowels), 6.5
5, 5121, -0.5, 1.0, -3.5, 3.0, 12, 96, size(), -4.0
5, 5122, -0.5, 1.0, -3.5, 3.5, 12, 104, size(), -4.0
5, 5123, -0.5, 1.0, -3.5, 4.0, 12, 110, size(), -4.0
5, 5124, -0.5, 1.0, -3.5, 4.5, 12, 116, size(), -4.0
5, 5125, -0.5, 1.0, -3.5, 5.0, 12, 132, size(), -4.0
5, 5126, -0.5, 1.0, -3.0, 0.0, 0, 0, vowels.indexOf(c), 2.5
5, 5127, -0.5, 1.0, -3.0, 0.5, 0, 2, vowels.indexOf(c), 3.5
5, 5128, -0.5, 1.0, -3.0, 1.0, 6, 3, vowels.indexOf(vowels), 3.5
5, 5129, -0.5, 1.0, -3.0, 1.5, 6, 15, vowels.indexOf(vowels), 4.5
5, 5130, -0.5, 1.0, -3.0, 2.0, 6, 27, vowels.indexOf(vowels), 5.5
5, 5131, -0.5, 1.0, -3.0, 2.5, 12, 95, size(), -3.5
5, 5132, -0.5, 1.0, -3.0, 3.0, 12, 104, size(), -3.5
5, 5133, -0.5, 1.0, -3.0, 3.5, 12, 110, size(), -3.5
5, 5134, -0.5, 1.0, -3.0, 4.0, 12, 120, size(), -3.5
5, 5135, -0.5, 1.0, -3.0, 4.5, 12, 132, size(), -3.5
5, 5136, -0.5, 1.0, -3.0, 5.0, 12, 137, size(), -3.5
5, 5137, -0.5, 1.0, -2.5, 0.0, 0, 0, vowels.indexOf(c), 2.5
5, 5138, -0.5, 1.0, -2.5, 0.5, 0, 2, vowels.indexOf(c), 3.5
5, 5139, -0.5, 1.0, -2.5, 1.0, 6, 4, vowels.indexOf(vowels), 3.5
5, 5140, -0.5, 1.0, -2.5, 1.5, 6, 21, vowels.indexOf(vowels), 4.5
5, 5141, -0.5, 1.0, -2.5, 2.0, 12, 95, size(), -3.0
5, 5142, -0.5, 1.0, -2.5, 2.5, 12, 104, size(), -3.0
5, 5143, -0.5, 1.0, -2.5, 3.0, 12, 116, size(), -3.0
5, 5144, -0.5, 1.0, -2.5, 3.5, 12, 132, size(), -3.0
5, 5145, -0.5, 1.0, -2.5, 4.0, 12, 138, size(), -3.0
5, 5146, -0.5, 1.0, -2.5, 4.5, 12, 136, size(), -3.0
5, 5147, -0.5, 1.0, -2.5, 5.0, 12, 141, size(), -3.0
5, 5148, -0.5, 1.0, -2.0, 0.0, 0, 0, vowels.indexOf(c), 2.5
5, 5149, -0.5, 1.0, -2.0, 0.5, 0, 2, vowels.indexOf(c), 3.5
5, 5150, -0.5, 1.0, -2.0, 1.0, 6, 12, vowels.indexOf(vowels), 3.5
5, 5151, -0.5, 1.0, -2.0, 1.5, 6, 27, vowels.indexOf(vowels), 4.5
5, 5152, -0.5, 1.0, -2.0, 2.0, 12, 104, size(), -2.5
5, 5153, -0.5, 1.0, -2.0, 2.5, 12, 118, size(), -2.5
5, 5154, -0.5, 1.0, -2.0, 3.0, 12, 133, size(), -2.5
5, 5155, -0.5, 1.0, -2.0, 3.5, 12, 136, size(), -2.5
5, 5156, -0.5, 1.0, -2.0, 4.0, 12, 141, size(), -2.5
5, 5157, -0.5, 1.0, -2.0, 4.5, 12, 155, size(), -2.5
5, 5158, -0.5, 1.0, -2.0, 5.0, 12, 164, size(), -2.5
5, 5159, -0.5, 1.0, -1.5, 0.0, 0, 0, vowels.indexOf(c), 2.5
5, 5160, -0.5, 1.0, -1.5, 0.5, 0, 2, vowels.indexOf(c), 3.5
5, 5161, -0.5, 1.0, -1.5, 1.0, 6, 19, vowels.indexOf(vowels), 3.5
5, 5162, -0.5, 1.0, -1.5, 1.5, 6, 31, vowels.indexOf(vowels), 4.5
5, 5163, -0.5, 1.0, -1.5, 2.0, 12, 132, size(), -2.0
5, 5164, -0.5, 1.0, -1.5, 2.5, 12, 137, size(), -2.0
5, 5165, -0.5, 1.0, -1.5, 3.0, 12, 141, size(), -2.0
5, 5166, -0.5, 1.0, -1.5, 3.5, 12, 159, size(), -2.0
5, 5167, -0.5, 1.0, -1.5, 4.0, 12, 167, size(), -2.0
5, 5168, -0.5, 1.0, -1.5, 4.5, 12, 173, size(), -2.0
5, 5169, -0.5, 1.0, -1.5, 5.0, 12, 173, size(), -2.0
5, 5170, -0.5, 1.0, -1.0, 0.0, 0, 0, vowels.indexOf(c), 2.5
5, 5171, -0.5, 1.0, -1.0, 0.5, 0, 2, vowels.indexOf(c), 3.5
5, 5172, -0.5, 1.0, -1.0, 1.0, 6, 27, vowels.indexOf(vowels), 3.5
5, 5173, -0.5, 1.0, -1.0, 1.5, 12, 131, size(), -1.5
5, 5174, -0.5, 1.0, -1.0, 2.0, 12, 143, size(), -1.5
5, 5175, -0.5, 1.0, -1.0, 2.5, 12, 163, size(), -1.5
5, 5176, -0.5, 1.0, -1.0, 3.0, 12, 173, size(), -1.5
5, 5177, -0.5, 1.0, -1.0, 3.5, 12, 174, size(), -1.5
5, 5178, -0.5, 1.0, -1.0, 4.0, 12, 182, size(), -1.5
5, 5179, -0.5, 1.0, -1.0, 4.5, 12, 183, size(), -1.5
5, 5180, -0.5, 1.0, -1.0, 5.0, 12, 194, size(), -1.5
5, 5181, -0.5, 1.0, -0.5, 0.0, 0, 0, vowels.indexOf(c), 2.5
5, 5182, -0.5, 1.0, -0.5, 0.5, 0, 2, vowels.indexOf(c), 3.5
5, 5183, -0.5, 1.0, -0.5, 1.0, 12, 148, size(), -1.0
5, 5184, -0.5, 1.0, -0.5, 1.5, 12, 173, size(), -1.0
5, 5185, -0.5, 1.0, -0.5, 2.0, 12, 180, size(), -1.0
5, 5186, -0.5, 1.0, -0.5, 2.5, 12, 187, size(), -1.0
5, 5187, -0.5, 1.0, -0.5, 3.0, 12, 199, size(), -1.0
5, 5188, -0.5, 1.0, -0.5, 3.5, 12, 214, size(), -1.0
5, 5189, -0.5, 1.0, -0.5, 4.0, 12, 229, size(), -1.0
5, 5190, -0.5, 1.0, -0.5, 4.5, 12, 240, size(), -1.0
5, 5191, -0.5, 1.0, -0.5, 5.0, 12, 242, size(), -1.0
5, 5192, -0.5, 1.0, 0.0, 0.0, 12, 193, size(), -0.5
5, 5193, -0.5, 1.0, 0.0, 0.5, 12, 205, size(), -0.5
5, 5194, -0.5, 1.0, 0.0, 1.0, 12, 248, size(), -0.5
5, 5195, -0.5, 1.0, 0.0, 1.5, 12, 249, size(), -0.5
5, 5196, -0.5, 1.0, 0.0, 2.0, 14, 190, Double.SIZE, -0.5
5, 5197, -0.5, 1.0, 0.0, 2.5, 14, 190, Double.SIZE, -0.5
5, 5198, -0.5, 1.0, 0.0, 3.0, 14, 190, Double.SIZE, -0.5
5, 5199, -0.5, 1.0, 0.0, 3.5, 14, 190, Double.SIZE, -0.5
5, 5200, -0.5, 1.0, 0.0, 4.0, 14, 190, Double.SIZE, -0.5
5, 5201, -0.5, 1.0, 0.0, 4.5, 14, 190, Double.SIZE, -0.5
5, 5202, -0.5, 1.0, 0.0, 5.0, 14, 190, Double.SIZE, -0.5
5, 5203, 0.0, 1.0, -5.0, 0.0, 0, 3, vowels.indexOf(c), 4.0
5, 5204, 0.0, 1.0, -5.0, 0.5, 6, 3, vowels.indexOf(vowels), 4.0
5, 5205, 0.0, 1.0, -5.0, 1.0, 6, 13, vowels.indexOf(vowels), 5.0
5, 5206, 0.0, 1.0, -5.0, 1.5, 6, 14, vowels.indexOf(vowels), 6.0
5, 5207, 0.0, 1.0, -5.0, 2.0, 6, 21, vowels.indexOf(vowels), 7.0
5, 5208, 0.0, 1.0, -5.0, 2.5, 6, 31, vowels.indexOf(vowels), 8.0
5, 5209, 0.0, 1.0, -5.0, 3.0, 6, 33, vowels.indexOf(vowels), 9.0
5, 5210, 0.0, 1.0, -5.0, 3.5, 12, 90, size(), -5.0
5, 5211, 0.0, 1.0, -5.0, 4.0, 12, 95, size(), -5.0
5, 5212, 0.0, 1.0, -5.0, 4.5, 12, 105, size(), -5.0
5, 5213, 0.0, 1.0, -5.0, 5.0, 12, 110, size(), -5.0
5, 5214, 0.0, 1.0, -4.5, 0.0, 0, 3, vowels.indexOf(c), 4.0
5, 5215, 0.0, 1.0, -4.5, 0.5, 6, 3, vowels.indexOf(vowels), 4.0
5, 5216, 0.0, 1.0, -4.5, 1.0, 6, 14, vowels.indexOf(vowels), 5.0
5, 5217, 0.0, 1.0, -4.5, 1.5, 6, 14, vowels.indexOf(vowels), 6.0
5, 5218, 0.0, 1.0, -4.5, 2.0, 6, 27, vowels.indexOf(vowels), 7.0
5, 5219, 0.0, 1.0, -4.5, 2.5, 6, 32, vowels.indexOf(vowels), 8.0
5, 5220, 0.0, 1.0, -4.5, 3.0, 12, 90, size(), -4.5
5, 5221, 0.0, 1.0, -4.5, 3.5, 12, 95, size(), -4.5
5, 5222, 0.0, 1.0, -4.5, 4.0, 12, 105, size(), -4.5
5, 5223, 0.0, 1.0, -4.5, 4.5, 12, 110, size(), -4.5
5, 5224, 0.0, 1.0, -4.5, 5.0, 12, 116, size(), -4.5
5, 5225, 0.0, 1.0, -4.0, 0.0, 0, 3, vowels.indexOf(c), 4.0
5, 5226, 0.0, 1.0, -4.0, 0.5, 6, 3, vowels.indexOf(vowels), 4.0
5, 5227, 0.0, 1.0, -4.0, 1.0, 6, 14, vowels.indexOf(vowels), 5.0
5, 5228, 0.0, 1.0, -4.0, 1.5, 6, 24, vowels.indexOf(vowels), 6.0
5, 5229, 0.0, 1.0, -4.0, 2.0, 6, 31, vowels.indexOf(vowels), 7.0
5, 5230, 0.0, 1.0, -4.0, 2.5, 12, 89, size(), -4.0
5, 5231, 0.0, 1.0, -4.0, 3.0, 12, 95, size(), -4.0
5, 5232, 0.0, 1.0, -4.0, 3.5, 12, 105, size(), -4.0
5, 5233, 0.0, 1.0, -4.0, 4.0, 12, 110, size(), -4.0
5, 5234, 0.0, 1.0, -4.0, 4.5, 12, 118, size(), -4.0
5, 5235, 0.0, 1.0, -4.0, 5.0, 12, 132, size(), -4.0
5, 5236, 0.0, 1.0, -3.5, 0.0, 0, 2, vowels.indexOf(c), 4.0
5, 5237, 0.0, 1.0, -3.5, 0.5, 6, 5, vowels.indexOf(vowels), 4.0
5, 5238, 0.0, 1.0, -3.5, 1.0, 6, 15, vowels.indexOf(vowels), 5.0
5, 5239, 0.0, 1.0, -3.5, 1.5, 6, 27, vowels.indexOf(vowels), 6.0
5, 5240, 0.0, 1.0, -3.5, 2.0, 12, 88, size(), -3.5
5, 5241, 0.0, 1.0, -3.5, 2.5, 12, 95, size(), -3.5
5, 5242, 0.0, 1.0, -3.5, 3.0, 12, 105, size(), -3.5
5, 5243, 0.0, 1.0, -3.5, 3.5, 12, 115, size(), -3.5
5, 5244, 0.0, 1.0, -3.5, 4.0, 12, 131, size(), -3.5
5, 5245, 0.0, 1.0, -3.5, 4.5, 12, 137, size(), -3.5
5, 5246, 0.0, 1.0, -3.5, 5.0, 12, 137, size(), -3.5
5, 5247, 0.0, 1.0, -3.0, 0.0, 0, 2, vowels.indexOf(c), 4.0
5, 5248, 0.0, 1.0, -3.0, 0.5, 6, 13, vowels.indexOf(vowels), 4.0
5, 5249, 0.0, 1.0, -3.0, 1.0, 6, 23, vowels.indexOf(vowels), 5.0
5, 5250, 0.0, 1.0, -3.0, 1.5, 6, 30, vowels.indexOf(vowels), 6.0
5, 5251, 0.0, 1.0, -3.0, 2.0, 12, 95, size(), -3.0
5, 5252, 0.0, 1.0, -3.0, 2.5, 12, 105, size(), -3.0
5, 5253, 0.0, 1.0, -3.0, 3.0, 12, 116, size(), -3.0
5, 5254, 0.0, 1.0, -3.0, 3.5, 12, 132, size(), -3.0
5, 5255, 0.0, 1.0, -3.0, 4.0, 12, 138, size(), -3.0
5, 5256, 0.0, 1.0, -3.0, 4.5, 12, 134, size(), -3.0
5, 5257, 0.0, 1.0, -3.0, 5.0, 12, 140, size(), -3.0
5, 5258, 0.0, 1.0, -2.5, 0.0, 0, 2, vowels.indexOf(c), 4.0
5, 5259, 0.0, 1.0, -2.5, 0.5, 6, 12, vowels.indexOf(vowels), 4.0
5, 5260, 0.0, 1.0, -2.5, 1.0, 6, 27, vowels.indexOf(vowels), 5.0
5, 5261, 0.0, 1.0, -2.5, 1.5, 6, 31, vowels.indexOf(vowels), 6.0
5, 5262, 0.0, 1.0, -2.5, 2.0, 12, 105, size(), -2.5
5, 5263, 0.0, 1.0, -2.5, 2.5, 12, 130, size(), -2.5
5, 5264, 0.0, 1.0, -2.5, 3.0, 12, 138, size(), -2.5
5, 5265, 0.0, 1.0, -2.5, 3.5, 12, 134, size(), -2.5
5, 5266, 0.0, 1.0, -2.5, 4.0, 12, 140, size(), -2.5
5, 5267, 0.0, 1.0, -2.5, 4.5, 12, 155, size(), -2.5
5, 5268, 0.0, 1.0, -2.5, 5.0, 12, 160, size(), -2.5
5, 5269, 0.0, 1.0, -2.0, 0.0, 0, 2, vowels.indexOf(c), 4.0
5, 5270, 0.0, 1.0, -2.0, 0.5, 6, 19, vowels.indexOf(vowels), 4.0
5, 5271, 0.0, 1.0, -2.0, 1.0, 6, 31, vowels.indexOf(vowels), 5.0
5, 5272, 0.0, 1.0, -2.0, 1.5, 12, 114, size(), -2.0
5, 5273, 0.0, 1.0, -2.0, 2.0, 12, 132, size(), -2.0
5, 5274, 0.0, 1.0, -2.0, 2.5, 12, 135, size(), -2.0
5, 5275, 0.0, 1.0, -2.0, 3.0, 12, 140, size(), -2.0
5, 5276, 0.0, 1.0, -2.0, 3.5, 12, 155, size(), -2.0
5, 5277, 0.0, 1.0, -2.0, 4.0, 12, 162, size(), -2.0
5, 5278, 0.0, 1.0, -2.0, 4.5, 12, 171, size(), -2.0
5, 5279, 0.0, 1.0, -2.0, 5.0, 12, 173, size(), -2.0
5, 5280, 0.0, 1.0, -1.5, 0.0, 0, 2, vowels.indexOf(c), 4.0
5, 5281, 0.0, 1.0, -1.5, 0.5, 6, 27, vowels.indexOf(vowels), 4.0
5, 5282, 0.0, 1.0, -1.5, 1.0, 12, 127, size(), -1.5
5, 5283, 0.0, 1.0, -1.5, 1.5, 12, 134, size(), -1.5
5, 5284, 0.0, 1.0, -1.5, 2.0, 12, 140, size(), -1.5
5, 5285, 0.0, 1.0, -1.5, 2.5, 12, 159, size(), -1.5
5, 5286, 0.0, 1.0, -1.5, 3.0, 12, 171, size(), -1.5
5, 5287, 0.0, 1.0, -1.5, 3.5, 12, 173, size(), -1.5
5, 5288, 0.0, 1.0, -1.5, 4.0, 12, 178, size(), -1.5
5, 5289, 0.0, 1.0, -1.5, 4.5, 12, 182, size(), -1.5
5, 5290, 0.0, 1.0, -1.5, 5.0, 12, 182, size(), -1.5
5, 5291, 0.0, 1.0, -1.0, 0.0, 0, 2, vowels.indexOf(c), 4.0
5, 5292, 0.0, 1.0, -1.0, 0.5, 12, 135, size(), -1.0
5, 5293, 0.0, 1.0, -1.0, 1.0, 12, 141, size(), -1.0
5, 5294, 0.0, 1.0, -1.0, 1.5, 12, 167, size(), -1.0
5, 5295, 0.0, 1.0, -1.0, 2.0, 12, 173, size(), -1.0
5, 5296, 0.0, 1.0, -1.0, 2.5, 12, 183, size(), -1.0
5, 5297, 0.0, 1.0, -1.0, 3.0, 12, 182, size(), -1.0
5, 5298, 0.0, 1.0, -1.0, 3.5, 12, 194, size(), -1.0
5, 5299, 0.0, 1.0, -1.0, 4.0, 12, 194, size(), -1.0
5, 5300, 0.0, 1.0, -1.0, 4.5, 12, 213, size(), -1.0
5, 5301, 0.0, 1.0, -1.0, 5.0, 12, 213, size(), -1.0
5, 5302, 0.0, 1.0, -0.5, 0.0, 12, 164, size(), -0.5
5, 5303, 0.0, 1.0, -0.5, 0.5, 12, 178, size(), -0.5
5, 5304, 0.0, 1.0, -0.5, 1.0, 12, 188, size(), -0.5
5, 5305, 0.0, 1.0, -0.5, 1.5, 12, 199, size(), -0.5
5, 5306, 0.0, 1.0, -0.5, 2.0, 12, 214, size(), -0.5
5, 5307, 0.0, 1.0, -0.5, 2.5, 12, 229, size(), -0.5
5, 5308, 0.0, 1.0, -0.5, 3.0, 12, 240, size(), -0.5
5, 5309, 0.0, 1.0, -0.5, 3.5, 12, 242, size(), -0.5
5, 5310, 0.0, 1.0, -0.5, 4.0, 12, 244, size(), -0.5
5, 5311, 0.0, 1.0, -0.5, 4.5, 12, 245, size(), -0.5
5, 5312, 0.0, 1.0, -0.5, 5.0, 12, 247, size(), -0.5
5, 5313, 0.0, 1.0, 0.0, 0.0, 12, 249, size(), 0.0
5, 5314, 0.0, 1.0, 0.0, 0.5, 14, 195, Double.SIZE, 0.0
5, 5315, 0.0, 1.0, 0.0, 1.0, 14, 195, Double.SIZE, 0.0
5, 5316, 0.0, 1.0, 0.0, 1.5, 14, 195, Double.SIZE, 0.0
5, 5317, 0.0, 1.0, 0.0, 2.0, 14, 195, Double.SIZE, 0.0
5, 5318, 0.0, 1.0, 0.0, 2.5, 14, 195, Double.SIZE, 0.0
5, 5319, 0.0, 1.0, 0.0, 3.0, 14, 195, Double.SIZE, 0.0
5, 5320, 0.0, 1.0, 0.0, 3.5, 14, 195, Double.SIZE, 0.0
5, 5321, 0.0, 1.0, 0.0, 4.0, 14, 195, Double.SIZE, 0.0
5, 5322, 0.0, 1.0, 0.0, 4.5, 14, 195, Double.SIZE, 0.0
5, 5323, 0.0, 1.0, 0.0, 5.0, 14, 195, Double.SIZE, 0.0
