7, 6655, -5.0, 1.0, -5.0, 0.0, 1, 2, Math.abs(), -3.0
7, 6656, -5.0, 1.0, -5.0, 0.5, 1, 2, Math.abs(), -3.0
7, 6657, -5.0, 1.0, -5.0, 1.0, 1, 2, Math.abs(), -3.0
7, 6658, -5.0, 1.0, -5.0, 1.5, 1, 2, Math.abs(), -3.0
7, 6659, -5.0, 1.0, -5.0, 2.0, 1, 2, Math.abs(), -3.0
7, 6660, -5.0, 1.0, -5.0, 2.5, 1, 2, Math.abs(), -3.0
7, 6661, -5.0, 1.0, -5.0, 3.0, 1, 2, Math.abs(), -3.0
7, 6662, -5.0, 1.0, -5.0, 3.5, 1, 2, Math.abs(), -3.0
7, 6663, -5.0, 1.0, -5.0, 4.0, 1, 2, Math.abs(), -3.0
7, 6664, -5.0, 1.0, -5.0, 4.5, 0, 2, Math.abs(x), -3.5
7, 6665, -5.0, 1.0, -5.0, 5.0, 0, 1, Math.abs(x), -3.0
7, 6666, -5.0, 1.0, -4.5, 0.0, 1, 2, Math.abs(), -3.0
7, 6667, -5.0, 1.0, -4.5, 0.5, 1, 2, Math.abs(), -3.0
7, 6668, -5.0, 1.0, -4.5, 1.0, 1, 2, Math.abs(), -3.0
7, 6669, -5.0, 1.0, -4.5, 1.5, 1, 2, Math.abs(), -3.0
7, 6670, -5.0, 1.0, -4.5, 2.0, 1, 2, Math.abs(), -3.0
7, 6671, -5.0, 1.0, -4.5, 2.5, 1, 2, Math.abs(), -3.0
7, 6672, -5.0, 1.0, -4.5, 3.0, 1, 2, Math.abs(), -3.0
7, 6673, -5.0, 1.0, -4.5, 3.5, 1, 2, Math.abs(), -3.0
7, 6674, -5.0, 1.0, -4.5, 4.0, 1, 2, Math.abs(), -3.0
7, 6675, -5.0, 1.0, -4.5, 4.5, 0, 2, Math.abs(x), -3.5
7, 6676, -5.0, 1.0, -4.5, 5.0, 0, 1, Math.abs(x), -3.0
7, 6677, -5.0, 1.0, -4.0, 0.0, 1, 2, Math.abs(), -3.0
7, 6678, -5.0, 1.0, -4.0, 0.5, 1, 2, Math.abs(), -3.0
7, 6679, -5.0, 1.0, -4.0, 1.0, 1, 2, Math.abs(), -3.0
7, 6680, -5.0, 1.0, -4.0, 1.5, 1, 2, Math.abs(), -3.0
7, 6681, -5.0, 1.0, -4.0, 2.0, 1, 2, Math.abs(), -3.0
7, 6682, -5.0, 1.0, -4.0, 2.5, 1, 2, Math.abs(), -3.0
7, 6683, -5.0, 1.0, -4.0, 3.0, 1, 2, Math.abs(), -3.0
7, 6684, -5.0, 1.0, -4.0, 3.5, 1, 2, Math.abs(), -3.0
7, 6685, -5.0, 1.0, -4.0, 4.0, 1, 2, Math.abs(), -3.0
7, 6686, -5.0, 1.0, -4.0, 4.5, 0, 2, Math.abs(x), -3.5
7, 6687, -5.0, 1.0, -4.0, 5.0, 0, 1, Math.abs(x), -3.0
7, 6688, -5.0, 1.0, -3.5, 0.0, 1, 2, Math.abs(), -3.0
7, 6689, -5.0, 1.0, -3.5, 0.5, 1, 2, Math.abs(), -3.0
7, 6690, -5.0, 1.0, -3.5, 1.0, 1, 2, Math.abs(), -3.0
7, 6691, -5.0, 1.0, -3.5, 1.5, 1, 2, Math.abs(), -3.0
7, 6692, -5.0, 1.0, -3.5, 2.0, 1, 2, Math.abs(), -3.0
7, 6693, -5.0, 1.0, -3.5, 2.5, 1, 2, Math.abs(), -3.0
7, 6694, -5.0, 1.0, -3.5, 3.0, 1, 2, Math.abs(), -3.0
7, 6695, -5.0, 1.0, -3.5, 3.5, 1, 2, Math.abs(), -3.0
7, 6696, -5.0, 1.0, -3.5, 4.0, 1, 2, Math.abs(), -3.0
7, 6697, -5.0, 1.0, -3.5, 4.5, 0, 2, Math.abs(x), -3.5
7, 6698, -5.0, 1.0, -3.5, 5.0, 0, 1, Math.abs(x), -3.0
7, 6699, -5.0, 1.0, -3.0, 0.0, 1, 2, Math.abs(), -3.0
7, 6700, -5.0, 1.0, -3.0, 0.5, 1, 2, Math.abs(), -3.0
7, 6701, -5.0, 1.0, -3.0, 1.0, 1, 2, Math.abs(), -3.0
7, 6702, -5.0, 1.0, -3.0, 1.5, 1, 2, Math.abs(), -3.0
7, 6703, -5.0, 1.0, -3.0, 2.0, 1, 2, Math.abs(), -3.0
7, 6704, -5.0, 1.0, -3.0, 2.5, 1, 2, Math.abs(), -3.0
7, 6705, -5.0, 1.0, -3.0, 3.0, 1, 2, Math.abs(), -3.0
7, 6706, -5.0, 1.0, -3.0, 3.5, 1, 2, Math.abs(), -3.0
7, 6707, -5.0, 1.0, -3.0, 4.0, 1, 2, Math.abs(), -3.0
7, 6708, -5.0, 1.0, -3.0, 4.5, 0, 2, Math.abs(x), -3.5
7, 6709, -5.0, 1.0, -3.0, 5.0, 0, 1, Math.abs(x), -3.0
7, 6710, -5.0, 1.0, -2.5, 0.0, 1, 2, Math.abs(), -3.0
7, 6711, -5.0, 1.0, -2.5, 0.5, 1, 2, Math.abs(), -3.0
7, 6712, -5.0, 1.0, -2.5, 1.0, 1, 2, Math.abs(), -3.0
7, 6713, -5.0, 1.0, -2.5, 1.5, 1, 2, Math.abs(), -3.0
7, 6714, -5.0, 1.0, -2.5, 2.0, 1, 2, Math.abs(), -3.0
7, 6715, -5.0, 1.0, -2.5, 2.5, 1, 2, Math.abs(), -3.0
7, 6716, -5.0, 1.0, -2.5, 3.0, 1, 2, Math.abs(), -3.0
7, 6717, -5.0, 1.0, -2.5, 3.5, 1, 2, Math.abs(), -3.0
7, 6718, -5.0, 1.0, -2.5, 4.0, 1, 2, Math.abs(), -3.0
7, 6719, -5.0, 1.0, -2.5, 4.5, 0, 2, Math.abs(x), -3.5
7, 6720, -5.0, 1.0, -2.5, 5.0, 0, 1, Math.abs(x), -3.0
7, 6721, -5.0, 1.0, -2.0, 0.0, 1, 2, Math.abs(), -3.0
7, 6722, -5.0, 1.0, -2.0, 0.5, 1, 2, Math.abs(), -3.0
7, 6723, -5.0, 1.0, -2.0, 1.0, 1, 2, Math.abs(), -3.0
7, 6724, -5.0, 1.0, -2.0, 1.5, 1, 2, Math.abs(), -3.0
7, 6725, -5.0, 1.0, -2.0, 2.0, 1, 2, Math.abs(), -3.0
7, 6726, -5.0, 1.0, -2.0, 2.5, 1, 2, Math.abs(), -3.0
7, 6727, -5.0, 1.0, -2.0, 3.0, 1, 2, Math.abs(), -3.0
7, 6728, -5.0, 1.0, -2.0, 3.5, 1, 2, Math.abs(), -3.0
7, 6729, -5.0, 1.0, -2.0, 4.0, 1, 2, Math.abs(), -3.0
7, 6730, -5.0, 1.0, -2.0, 4.5, 0, 2, Math.abs(x), -3.5
7, 6731, -5.0, 1.0, -2.0, 5.0, 0, 1, Math.abs(x), -3.0
7, 6732, -5.0, 1.0, -1.5, 0.0, 1, 2, Math.abs(), -3.0
7, 6733, -5.0, 1.0, -1.5, 0.5, 1, 2, Math.abs(), -3.0
7, 6734, -5.0, 1.0, -1.5, 1.0, 1, 2, Math.abs(), -3.0
7, 6735, -5.0, 1.0, -1.5, 1.5, 1, 2, Math.abs(), -3.0
7, 6736, -5.0, 1.0, -1.5, 2.0, 1, 2, Math.abs(), -3.0
7, 6737, -5.0, 1.0, -1.5, 2.5, 1, 2, Math.abs(), -3.0
7, 6738, -5.0, 1.0, -1.5, 3.0, 1, 2, Math.abs(), -3.0
7, 6739, -5.0, 1.0, -1.5, 3.5, 1, 2, Math.abs(), -3.0
7, 6740, -5.0, 1.0, -1.5, 4.0, 1, 3, Math.abs(), -3.0
7, 6741, -5.0, 1.0, -1.5, 4.5, 0, 2, Math.abs(x), -3.5
7, 6742, -5.0, 1.0, -1.5, 5.0, 0, 1, Math.abs(x), -3.0
7, 6743, -5.0, 1.0, -1.0, 0.0, 1, 2, Math.abs(), -3.0
7, 6744, -5.0, 1.0, -1.0, 0.5, 1, 2, Math.abs(), -3.0
7, 6745, -5.0, 1.0, -1.0, 1.0, 1, 2, Math.abs(), -3.0
7, 6746, -5.0, 1.0, -1.0, 1.5, 1, 2, Math.abs(), -3.0
7, 6747, -5.0, 1.0, -1.0, 2.0, 1, 2, Math.abs(), -3.0
7, 6748, -5.0, 1.0, -1.0, 2.5, 1, 2, Math.abs(), -3.0
7, 6749, -5.0, 1.0, -1.0, 3.0, 1, 3, Math.abs(), -3.0
7, 6750, -5.0, 1.0, -1.0, 3.5, 1, 3, Math.abs(), -3.0
7, 6751, -5.0, 1.0, -1.0, 4.0, 1, 3, Math.abs(), -3.0
7, 6752, -5.0, 1.0, -1.0, 4.5, 0, 3, Math.abs(x), -3.5
7, 6753, -5.0, 1.0, -1.0, 5.0, 0, 2, Math.abs(x), -3.0
7, 6754, -5.0, 1.0, -0.5, 0.0, 1, 2, Math.abs(), -3.0
7, 6755, -5.0, 1.0, -0.5, 0.5, 1, 2, Math.abs(), -3.0
7, 6756, -5.0, 1.0, -0.5, 1.0, 1, 2, Math.abs(), -3.0
7, 6757, -5.0, 1.0, -0.5, 1.5, 1, 2, Math.abs(), -3.0
7, 6758, -5.0, 1.0, -0.5, 2.0, 1, 3, Math.abs(), -3.0
7, 6759, -5.0, 1.0, -0.5, 2.5, 1, 3, Math.abs(), -3.0
7, 6760, -5.0, 1.0, -0.5, 3.0, 1, 3, Math.abs(), -3.0
7, 6761, -5.0, 1.0, -0.5, 3.5, 1, 3, Math.abs(), -3.0
7, 6762, -5.0, 1.0, -0.5, 4.0, 1, 3, Math.abs(), -3.0
7, 6763, -5.0, 1.0, -0.5, 4.5, 0, 3, Math.abs(x), -3.5
7, 6764, -5.0, 1.0, -0.5, 5.0, 0, 2, Math.abs(x), -3.0
7, 6765, -5.0, 1.0, 0.0, 0.0, 1, 14, Math.abs(), -3.0
7, 6766, -5.0, 1.0, 0.0, 0.5, 1, 14, Math.abs(), -3.0
7, 6767, -5.0, 1.0, 0.0, 1.0, 1, 15, Math.abs(), -3.0
7, 6768, -5.0, 1.0, 0.0, 1.5, 1, 15, Math.abs(), -3.0
7, 6769, -5.0, 1.0, 0.0, 2.0, 1, 15, Math.abs(), -3.0
7, 6770, -5.0, 1.0, 0.0, 2.5, 1, 15, Math.abs(), -3.0
7, 6771, -5.0, 1.0, 0.0, 3.0, 1, 15, Math.abs(), -3.0
7, 6772, -5.0, 1.0, 0.0, 3.5, 1, 15, Math.abs(), -3.0
7, 6773, -5.0, 1.0, 0.0, 4.0, 1, 15, Math.abs(), -3.0
7, 6774, -5.0, 1.0, 0.0, 4.5, 0, 6, Math.abs(x), -3.5
7, 6775, -5.0, 1.0, 0.0, 5.0, 0, 4, Math.abs(x), -3.0
7, 6776, -4.5, 1.0, -5.0, 0.0, 1, 2, Math.abs(), -2.5
7, 6777, -4.5, 1.0, -5.0, 0.5, 1, 2, Math.abs(), -2.5
7, 6778, -4.5, 1.0, -5.0, 1.0, 1, 2, Math.abs(), -2.5
7, 6779, -4.5, 1.0, -5.0, 1.5, 1, 2, Math.abs(), -2.5
7, 6780, -4.5, 1.0, -5.0, 2.0, 1, 2, Math.abs(), -2.5
7, 6781, -4.5, 1.0, -5.0, 2.5, 1, 2, Math.abs(), -2.5
7, 6782, -4.5, 1.0, -5.0, 3.0, 1, 2, Math.abs(), -2.5
7, 6783, -4.5, 1.0, -5.0, 3.5, 1, 2, Math.abs(), -2.5
7, 6784, -4.5, 1.0, -5.0, 4.0, 0, 2, Math.abs(x), -3.0
7, 6785, -4.5, 1.0, -5.0, 4.5, 0, 1, Math.abs(x), -2.5
7, 6786, -4.5, 1.0, -5.0, 5.0, 0, 1, Math.abs(x), -2.0
7, 6787, -4.5, 1.0, -4.5, 0.0, 1, 2, Math.abs(), -2.5
7, 6788, -4.5, 1.0, -4.5, 0.5, 1, 2, Math.abs(), -2.5
7, 6789, -4.5, 1.0, -4.5, 1.0, 1, 2, Math.abs(), -2.5
7, 6790, -4.5, 1.0, -4.5, 1.5, 1, 2, Math.abs(), -2.5
7, 6791, -4.5, 1.0, -4.5, 2.0, 1, 2, Math.abs(), -2.5
7, 6792, -4.5, 1.0, -4.5, 2.5, 1, 2, Math.abs(), -2.5
7, 6793, -4.5, 1.0, -4.5, 3.0, 1, 2, Math.abs(), -2.5
7, 6794, -4.5, 1.0, -4.5, 3.5, 1, 2, Math.abs(), -2.5
7, 6795, -4.5, 1.0, -4.5, 4.0, 0, 2, Math.abs(x), -3.0
7, 6796, -4.5, 1.0, -4.5, 4.5, 0, 1, Math.abs(x), -2.5
7, 6797, -4.5, 1.0, -4.5, 5.0, 0, 1, Math.abs(x), -2.0
7, 6798, -4.5, 1.0, -4.0, 0.0, 1, 2, Math.abs(), -2.5
7, 6799, -4.5, 1.0, -4.0, 0.5, 1, 2, Math.abs(), -2.5
7, 6800, -4.5, 1.0, -4.0, 1.0, 1, 2, Math.abs(), -2.5
7, 6801, -4.5, 1.0, -4.0, 1.5, 1, 2, Math.abs(), -2.5
7, 6802, -4.5, 1.0, -4.0, 2.0, 1, 2, Math.abs(), -2.5
7, 6803, -4.5, 1.0, -4.0, 2.5, 1, 2, Math.abs(), -2.5
7, 6804, -4.5, 1.0, -4.0, 3.0, 1, 2, Math.abs(), -2.5
7, 6805, -4.5, 1.0, -4.0, 3.5, 1, 2, Math.abs(), -2.5
7, 6806, -4.5, 1.0, -4.0, 4.0, 0, 2, Math.abs(x), -3.0
7, 6807, -4.5, 1.0, -4.0, 4.5, 0, 1, Math.abs(x), -2.5
7, 6808, -4.5, 1.0, -4.0, 5.0, 0, 1, Math.abs(x), -2.0
7, 6809, -4.5, 1.0, -3.5, 0.0, 1, 2, Math.abs(), -2.5
7, 6810, -4.5, 1.0, -3.5, 0.5, 1, 2, Math.abs(), -2.5
7, 6811, -4.5, 1.0, -3.5, 1.0, 1, 2, Math.abs(), -2.5
7, 6812, -4.5, 1.0, -3.5, 1.5, 1, 2, Math.abs(), -2.5
7, 6813, -4.5, 1.0, -3.5, 2.0, 1, 2, Math.abs(), -2.5
7, 6814, -4.5, 1.0, -3.5, 2.5, 1, 2, Math.abs(), -2.5
7, 6815, -4.5, 1.0, -3.5, 3.0, 1, 2, Math.abs(), -2.5
7, 6816, -4.5, 1.0, -3.5, 3.5, 1, 2, Math.abs(), -2.5
7, 6817, -4.5, 1.0, -3.5, 4.0, 0, 2, Math.abs(x), -3.0
7, 6818, -4.5, 1.0, -3.5, 4.5, 0, 1, Math.abs(x), -2.5
7, 6819, -4.5, 1.0, -3.5, 5.0, 0, 1, Math.abs(x), -2.0
7, 6820, -4.5, 1.0, -3.0, 0.0, 1, 2, Math.abs(), -2.5
7, 6821, -4.5, 1.0, -3.0, 0.5, 1, 2, Math.abs(), -2.5
7, 6822, -4.5, 1.0, -3.0, 1.0, 1, 2, Math.abs(), -2.5
7, 6823, -4.5, 1.0, -3.0, 1.5, 1, 2, Math.abs(), -2.5
7, 6824, -4.5, 1.0, -3.0, 2.0, 1, 2, Math.abs(), -2.5
7, 6825, -4.5, 1.0, -3.0, 2.5, 1, 2, Math.abs(), -2.5
7, 6826, -4.5, 1.0, -3.0, 3.0, 1, 2, Math.abs(), -2.5
7, 6827, -4.5, 1.0, -3.0, 3.5, 1, 2, Math.abs(), -2.5
7, 6828, -4.5, 1.0, -3.0, 4.0, 0, 2, Math.abs(x), -3.0
7, 6829, -4.5, 1.0, -3.0, 4.5, 0, 1, Math.abs(x), -2.5
7, 6830, -4.5, 1.0, -3.0, 5.0, 0, 1, Math.abs(x), -2.0
7, 6831, -4.5, 1.0, -2.5, 0.0, 1, 2, Math.abs(), -2.5
7, 6832, -4.5, 1.0, -2.5, 0.5, 1, 2, Math.abs(), -2.5
7, 6833, -4.5, 1.0, -2.5, 1.0, 1, 2, Math.abs(), -2.5
7, 6834, -4.5, 1.0, -2.5, 1.5, 1, 2, Math.abs(), -2.5
7, 6835, -4.5, 1.0, -2.5, 2.0, 1, 2, Math.abs(), -2.5
7, 6836, -4.5, 1.0, -2.5, 2.5, 1, 2, Math.abs(), -2.5
7, 6837, -4.5, 1.0, -2.5, 3.0, 1, 2, Math.abs(), -2.5
7, 6838, -4.5, 1.0, -2.5, 3.5, 1, 2, Math.abs(), -2.5
7, 6839, -4.5, 1.0, -2.5, 4.0, 0, 2, Math.abs(x), -3.0
7, 6840, -4.5, 1.0, -2.5, 4.5, 0, 1, Math.abs(x), -2.5
7, 6841, -4.5, 1.0, -2.5, 5.0, 0, 1, Math.abs(x), -2.0
7, 6842, -4.5, 1.0, -2.0, 0.0, 1, 2, Math.abs(), -2.5
7, 6843, -4.5, 1.0, -2.0, 0.5, 1, 2, Math.abs(), -2.5
7, 6844, -4.5, 1.0, -2.0, 1.0, 1, 2, Math.abs(), -2.5
7, 6845, -4.5, 1.0, -2.0, 1.5, 1, 2, Math.abs(), -2.5
7, 6846, -4.5, 1.0, -2.0, 2.0, 1, 2, Math.abs(), -2.5
7, 6847, -4.5, 1.0, -2.0, 2.5, 1, 2, Math.abs(), -2.5
7, 6848, -4.5, 1.0, -2.0, 3.0, 1, 2, Math.abs(), -2.5
7, 6849, -4.5, 1.0, -2.0, 3.5, 1, 2, Math.abs(), -2.5
7, 6850, -4.5, 1.0, -2.0, 4.0, 0, 2, Math.abs(x), -3.0
7, 6851, -4.5, 1.0, -2.0, 4.5, 0, 1, Math.abs(x), -2.5
7, 6852, -4.5, 1.0, -2.0, 5.0, 0, 1, Math.abs(x), -2.0
7, 6853, -4.5, 1.0, -1.5, 0.0, 1, 2, Math.abs(), -2.5
7, 6854, -4.5, 1.0, -1.5, 0.5, 1, 2, Math.abs(), -2.5
7, 6855, -4.5, 1.0, -1.5, 1.0, 1, 2, Math.abs(), -2.5
7, 6856, -4.5, 1.0, -1.5, 1.5, 1, 2, Math.abs(), -2.5
7, 6857, -4.5, 1.0, -1.5, 2.0, 1, 2, Math.abs(), -2.5
7, 6858, -4.5, 1.0, -1.5, 2.5, 1, 2, Math.abs(), -2.5
7, 6859, -4.5, 1.0, -1.5, 3.0, 1, 2, Math.abs(), -2.5
7, 6860, -4.5, 1.0, -1.5, 3.5, 1, 2, Math.abs(), -2.5
7, 6861, -4.5, 1.0, -1.5, 4.0, 0, 2, Math.abs(x), -3.0
7, 6862, -4.5, 1.0, -1.5, 4.5, 0, 1, Math.abs(x), -2.5
7, 6863, -4.5, 1.0, -1.5, 5.0, 0, 1, Math.abs(x), -2.0
7, 6864, -4.5, 1.0, -1.0, 0.0, 1, 2, Math.abs(), -2.5
7, 6865, -4.5, 1.0, -1.0, 0.5, 1, 2, Math.abs(), -2.5
7, 6866, -4.5, 1.0, -1.0, 1.0, 1, 2, Math.abs(), -2.5
7, 6867, -4.5, 1.0, -1.0, 1.5, 1, 2, Math.abs(), -2.5
7, 6868, -4.5, 1.0, -1.0, 2.0, 1, 2, Math.abs(), -2.5
7, 6869, -4.5, 1.0, -1.0, 2.5, 1, 2, Math.abs(), -2.5
7, 6870, -4.5, 1.0, -1.0, 3.0, 1, 3, Math.abs(), -2.5
7, 6871, -4.5, 1.0, -1.0, 3.5, 1, 3, Math.abs(), -2.5
7, 6872, -4.5, 1.0, -1.0, 4.0, 0, 3, Math.abs(x), -3.0
7, 6873, -4.5, 1.0, -1.0, 4.5, 0, 2, Math.abs(x), -2.5
7, 6874, -4.5, 1.0, -1.0, 5.0, 0, 2, Math.abs(x), -2.0
7, 6875, -4.5, 1.0, -0.5, 0.0, 1, 2, Math.abs(), -2.5
7, 6876, -4.5, 1.0, -0.5, 0.5, 1, 2, Math.abs(), -2.5
7, 6877, -4.5, 1.0, -0.5, 1.0, 1, 2, Math.abs(), -2.5
7, 6878, -4.5, 1.0, -0.5, 1.5, 1, 2, Math.abs(), -2.5
7, 6879, -4.5, 1.0, -0.5, 2.0, 1, 3, Math.abs(), -2.5
7, 6880, -4.5, 1.0, -0.5, 2.5, 1, 3, Math.abs(), -2.5
7, 6881, -4.5, 1.0, -0.5, 3.0, 1, 3, Math.abs(), -2.5
7, 6882, -4.5, 1.0, -0.5, 3.5, 1, 3, Math.abs(), -2.5
7, 6883, -4.5, 1.0, -0.5, 4.0, 0, 3, Math.abs(x), -3.0
7, 6884, -4.5, 1.0, -0.5, 4.5, 0, 2, Math.abs(x), -2.5
7, 6885, -4.5, 1.0, -0.5, 5.0, 0, 2, Math.abs(x), -2.0
7, 6886, -4.5, 1.0, 0.0, 0.0, 1, 14, Math.abs(), -2.5
7, 6887, -4.5, 1.0, 0.0, 0.5, 1, 14, Math.abs(), -2.5
7, 6888, -4.5, 1.0, 0.0, 1.0, 1, 15, Math.abs(), -2.5
7, 6889, -4.5, 1.0, 0.0, 1.5, 1, 15, Math.abs(), -2.5
7, 6890, -4.5, 1.0, 0.0, 2.0, 1, 15, Math.abs(), -2.5
7, 6891, -4.5, 1.0, 0.0, 2.5, 1, 15, Math.abs(), -2.5
7, 6892, -4.5, 1.0, 0.0, 3.0, 1, 15, Math.abs(), -2.5
7, 6893, -4.5, 1.0, 0.0, 3.5, 1, 15, Math.abs(), -2.5
7, 6894, -4.5, 1.0, 0.0, 4.0, 0, 6, Math.abs(x), -3.0
7, 6895, -4.5, 1.0, 0.0, 4.5, 0, 4, Math.abs(x), -2.5
7, 6896, -4.5, 1.0, 0.0, 5.0, 0, 5, Math.abs(x), -2.0
7, 6897, -4.0, 1.0, -5.0, 0.0, 1, 2, Math.abs(), -2.0
7, 6898, -4.0, 1.0, -5.0, 0.5, 1, 2, Math.abs(), -2.0
7, 6899, -4.0, 1.0, -5.0, 1.0, 1, 2, Math.abs(), -2.0
7, 6900, -4.0, 1.0, -5.0, 1.5, 1, 2, Math.abs(), -2.0
7, 6901, -4.0, 1.0, -5.0, 2.0, 1, 2, Math.abs(), -2.0
7, 6902, -4.0, 1.0, -5.0, 2.5, 1, 2, Math.abs(), -2.0
7, 6903, -4.0, 1.0, -5.0, 3.0, 1, 2, Math.abs(), -2.0
7, 6904, -4.0, 1.0, -5.0, 3.5, 0, 2, Math.abs(x), -2.5
7, 6905, -4.0, 1.0, -5.0, 4.0, 0, 1, Math.abs(x), -2.0
7, 6906, -4.0, 1.0, -5.0, 4.5, 0, 1, Math.abs(x), -1.5
7, 6907, -4.0, 1.0, -5.0, 5.0, 0, 1, Math.abs(x), -1.0
7, 6908, -4.0, 1.0, -4.5, 0.0, 1, 2, Math.abs(), -2.0
7, 6909, -4.0, 1.0, -4.5, 0.5, 1, 2, Math.abs(), -2.0
7, 6910, -4.0, 1.0, -4.5, 1.0, 1, 2, Math.abs(), -2.0
7, 6911, -4.0, 1.0, -4.5, 1.5, 1, 2, Math.abs(), -2.0
7, 6912, -4.0, 1.0, -4.5, 2.0, 1, 2, Math.abs(), -2.0
7, 6913, -4.0, 1.0, -4.5, 2.5, 1, 2, Math.abs(), -2.0
7, 6914, -4.0, 1.0, -4.5, 3.0, 1, 2, Math.abs(), -2.0
7, 6915, -4.0, 1.0, -4.5, 3.5, 0, 2, Math.abs(x), -2.5
7, 6916, -4.0, 1.0, -4.5, 4.0, 0, 1, Math.abs(x), -2.0
7, 6917, -4.0, 1.0, -4.5, 4.5, 0, 1, Math.abs(x), -1.5
7, 6918, -4.0, 1.0, -4.5, 5.0, 0, 1, Math.abs(x), -1.0
7, 6919, -4.0, 1.0, -4.0, 0.0, 1, 2, Math.abs(), -2.0
7, 6920, -4.0, 1.0, -4.0, 0.5, 1, 2, Math.abs(), -2.0
7, 6921, -4.0, 1.0, -4.0, 1.0, 1, 2, Math.abs(), -2.0
7, 6922, -4.0, 1.0, -4.0, 1.5, 1, 2, Math.abs(), -2.0
7, 6923, -4.0, 1.0, -4.0, 2.0, 1, 2, Math.abs(), -2.0
7, 6924, -4.0, 1.0, -4.0, 2.5, 1, 2, Math.abs(), -2.0
7, 6925, -4.0, 1.0, -4.0, 3.0, 1, 2, Math.abs(), -2.0
7, 6926, -4.0, 1.0, -4.0, 3.5, 0, 2, Math.abs(x), -2.5
7, 6927, -4.0, 1.0, -4.0, 4.0, 0, 1, Math.abs(x), -2.0
7, 6928, -4.0, 1.0, -4.0, 4.5, 0, 1, Math.abs(x), -1.5
7, 6929, -4.0, 1.0, -4.0, 5.0, 0, 1, Math.abs(x), -1.0
7, 6930, -4.0, 1.0, -3.5, 0.0, 1, 2, Math.abs(), -2.0
7, 6931, -4.0, 1.0, -3.5, 0.5, 1, 2, Math.abs(), -2.0
7, 6932, -4.0, 1.0, -3.5, 1.0, 1, 2, Math.abs(), -2.0
7, 6933, -4.0, 1.0, -3.5, 1.5, 1, 2, Math.abs(), -2.0
7, 6934, -4.0, 1.0, -3.5, 2.0, 1, 2, Math.abs(), -2.0
7, 6935, -4.0, 1.0, -3.5, 2.5, 1, 2, Math.abs(), -2.0
7, 6936, -4.0, 1.0, -3.5, 3.0, 1, 2, Math.abs(), -2.0
7, 6937, -4.0, 1.0, -3.5, 3.5, 0, 2, Math.abs(x), -2.5
7, 6938, -4.0, 1.0, -3.5, 4.0, 0, 1, Math.abs(x), -2.0
7, 6939, -4.0, 1.0, -3.5, 4.5, 0, 1, Math.abs(x), -1.5
7, 6940, -4.0, 1.0, -3.5, 5.0, 0, 1, Math.abs(x), -1.0
7, 6941, -4.0, 1.0, -3.0, 0.0, 1, 2, Math.abs(), -2.0
7, 6942, -4.0, 1.0, -3.0, 0.5, 1, 2, Math.abs(), -2.0
7, 6943, -4.0, 1.0, -3.0, 1.0, 1, 2, Math.abs(), -2.0
7, 6944, -4.0, 1.0, -3.0, 1.5, 1, 2, Math.abs(), -2.0
7, 6945, -4.0, 1.0, -3.0, 2.0, 1, 2, Math.abs(), -2.0
7, 6946, -4.0, 1.0, -3.0, 2.5, 1, 2, Math.abs(), -2.0
7, 6947, -4.0, 1.0, -3.0, 3.0, 1, 2, Math.abs(), -2.0
7, 6948, -4.0, 1.0, -3.0, 3.5, 0, 2, Math.abs(x), -2.5
7, 6949, -4.0, 1.0, -3.0, 4.0, 0, 1, Math.abs(x), -2.0
7, 6950, -4.0, 1.0, -3.0, 4.5, 0, 1, Math.abs(x), -1.5
7, 6951, -4.0, 1.0, -3.0, 5.0, 0, 1, Math.abs(x), -1.0
7, 6952, -4.0, 1.0, -2.5, 0.0, 1, 2, Math.abs(), -2.0
7, 6953, -4.0, 1.0, -2.5, 0.5, 1, 2, Math.abs(), -2.0
7, 6954, -4.0, 1.0, -2.5, 1.0, 1, 2, Math.abs(), -2.0
7, 6955, -4.0, 1.0, -2.5, 1.5, 1, 2, Math.abs(), -2.0
7, 6956, -4.0, 1.0, -2.5, 2.0, 1, 2, Math.abs(), -2.0
7, 6957, -4.0, 1.0, -2.5, 2.5, 1, 2, Math.abs(), -2.0
7, 6958, -4.0, 1.0, -2.5, 3.0, 1, 2, Math.abs(), -2.0
7, 6959, -4.0, 1.0, -2.5, 3.5, 0, 2, Math.abs(x), -2.5
7, 6960, -4.0, 1.0, -2.5, 4.0, 0, 1, Math.abs(x), -2.0
7, 6961, -4.0, 1.0, -2.5, 4.5, 0, 1, Math.abs(x), -1.5
7, 6962, -4.0, 1.0, -2.5, 5.0, 0, 1, Math.abs(x), -1.0
7, 6963, -4.0, 1.0, -2.0, 0.0, 1, 2, Math.abs(), -2.0
7, 6964, -4.0, 1.0, -2.0, 0.5, 1, 2, Math.abs(), -2.0
7, 6965, -4.0, 1.0, -2.0, 1.0, 1, 2, Math.abs(), -2.0
7, 6966, -4.0, 1.0, -2.0, 1.5, 1, 2, Math.abs(), -2.0
7, 6967, -4.0, 1.0, -2.0, 2.0, 1, 2, Math.abs(), -2.0
7, 6968, -4.0, 1.0, -2.0, 2.5, 1, 2, Math.abs(), -2.0
7, 6969, -4.0, 1.0, -2.0, 3.0, 1, 2, Math.abs(), -2.0
7, 6970, -4.0, 1.0, -2.0, 3.5, 0, 2, Math.abs(x), -2.5
7, 6971, -4.0, 1.0, -2.0, 4.0, 0, 1, Math.abs(x), -2.0
7, 6972, -4.0, 1.0, -2.0, 4.5, 0, 1, Math.abs(x), -1.5
7, 6973, -4.0, 1.0, -2.0, 5.0, 0, 1, Math.abs(x), -1.0
7, 6974, -4.0, 1.0, -1.5, 0.0, 1, 2, Math.abs(), -2.0
7, 6975, -4.0, 1.0, -1.5, 0.5, 1, 2, Math.abs(), -2.0
7, 6976, -4.0, 1.0, -1.5, 1.0, 1, 2, Math.abs(), -2.0
7, 6977, -4.0, 1.0, -1.5, 1.5, 1, 2, Math.abs(), -2.0
7, 6978, -4.0, 1.0, -1.5, 2.0, 1, 2, Math.abs(), -2.0
7, 6979, -4.0, 1.0, -1.5, 2.5, 1, 2, Math.abs(), -2.0
7, 6980, -4.0, 1.0, -1.5, 3.0, 1, 2, Math.abs(), -2.0
7, 6981, -4.0, 1.0, -1.5, 3.5, 0, 2, Math.abs(x), -2.5
7, 6982, -4.0, 1.0, -1.5, 4.0, 0, 1, Math.abs(x), -2.0
7, 6983, -4.0, 1.0, -1.5, 4.5, 0, 1, Math.abs(x), -1.5
7, 6984, -4.0, 1.0, -1.5, 5.0, 0, 1, Math.abs(x), -1.0
7, 6985, -4.0, 1.0, -1.0, 0.0, 1, 2, Math.abs(), -2.0
7, 6986, -4.0, 1.0, -1.0, 0.5, 1, 2, Math.abs(), -2.0
7, 6987, -4.0, 1.0, -1.0, 1.0, 1, 2, Math.abs(), -2.0
7, 6988, -4.0, 1.0, -1.0, 1.5, 1, 2, Math.abs(), -2.0
7, 6989, -4.0, 1.0, -1.0, 2.0, 1, 2, Math.abs(), -2.0
7, 6990, -4.0, 1.0, -1.0, 2.5, 1, 2, Math.abs(), -2.0
7, 6991, -4.0, 1.0, -1.0, 3.0, 1, 3, Math.abs(), -2.0
7, 6992, -4.0, 1.0, -1.0, 3.5, 0, 2, Math.abs(x), -2.5
7, 6993, -4.0, 1.0, -1.0, 4.0, 0, 1, Math.abs(x), -2.0
7, 6994, -4.0, 1.0, -1.0, 4.5, 0, 1, Math.abs(x), -1.5
7, 6995, -4.0, 1.0, -1.0, 5.0, 0, 1, Math.abs(x), -1.0
7, 6996, -4.0, 1.0, -0.5, 0.0, 1, 2, Math.abs(), -2.0
7, 6997, -4.0, 1.0, -0.5, 0.5, 1, 2, Math.abs(), -2.0
7, 6998, -4.0, 1.0, -0.5, 1.0, 1, 2, Math.abs(), -2.0
7, 6999, -4.0, 1.0, -0.5, 1.5, 1, 2, Math.abs(), -2.0
7, 7000, -4.0, 1.0, -0.5, 2.0, 1, 3, Math.abs(), -2.0
7, 7001, -4.0, 1.0, -0.5, 2.5, 1, 3, Math.abs(), -2.0
7, 7002, -4.0, 1.0, -0.5, 3.0, 1, 3, Math.abs(), -2.0
7, 7003, -4.0, 1.0, -0.5, 3.5, 0, 3, Math.abs(x), -2.5
7, 7004, -4.0, 1.0, -0.5, 4.0, 0, 2, Math.abs(x), -2.0
7, 7005, -4.0, 1.0, -0.5, 4.5, 0, 2, Math.abs(x), -1.5
7, 7006, -4.0, 1.0, -0.5, 5.0, 0, 2, Math.abs(x), -1.0
7, 7007, -4.0, 1.0, 0.0, 0.0, 1, 14, Math.abs(), -2.0
7, 7008, -4.0, 1.0, 0.0, 0.5, 1, 14, Math.abs(), -2.0
7, 7009, -4.0, 1.0, 0.0, 1.0, 1, 15, Math.abs(), -2.0
7, 7010, -4.0, 1.0, 0.0, 1.5, 1, 15, Math.abs(), -2.0
7, 7011, -4.0, 1.0, 0.0, 2.0, 1, 15, Math.abs(), -2.0
7, 7012, -4.0, 1.0, 0.0, 2.5, 1, 15, Math.abs(), -2.0
7, 7013, -4.0, 1.0, 0.0, 3.0, 1, 15, Math.abs(), -2.0
7, 7014, -4.0, 1.0, 0.0, 3.5, 0, 6, Math.abs(x), -2.5
7, 7015, -4.0, 1.0, 0.0, 4.0, 0, 4, Math.abs(x), -2.0
7, 7016, -4.0, 1.0, 0.0, 4.5, 0, 5, Math.abs(x), -1.5
7, 7017, -4.0, 1.0, 0.0, 5.0, 0, 14, Math.abs(x), -1.0
7, 7018, -3.5, 1.0, -5.0, 0.0, 1, 2, Math.abs(), -1.5
7, 7019, -3.5, 1.0, -5.0, 0.5, 1, 2, Math.abs(), -1.5
7, 7020, -3.5, 1.0, -5.0, 1.0, 1, 2, Math.abs(), -1.5
7, 7021, -3.5, 1.0, -5.0, 1.5, 1, 2, Math.abs(), -1.5
7, 7022, -3.5, 1.0, -5.0, 2.0, 1, 2, Math.abs(), -1.5
7, 7023, -3.5, 1.0, -5.0, 2.5, 1, 2, Math.abs(), -1.5
7, 7024, -3.5, 1.0, -5.0, 3.0, 0, 2, Math.abs(x), -2.0
7, 7025, -3.5, 1.0, -5.0, 3.5, 0, 1, Math.abs(x), -1.5
7, 7026, -3.5, 1.0, -5.0, 4.0, 0, 1, Math.abs(x), -1.0
7, 7027, -3.5, 1.0, -5.0, 4.5, 0, 1, Math.abs(x), 0.5
7, 7028, -3.5, 1.0, -5.0, 5.0, 0, 1, Math.abs(x), 1.0
7, 7029, -3.5, 1.0, -4.5, 0.0, 1, 2, Math.abs(), -1.5
7, 7030, -3.5, 1.0, -4.5, 0.5, 1, 2, Math.abs(), -1.5
7, 7031, -3.5, 1.0, -4.5, 1.0, 1, 2, Math.abs(), -1.5
7, 7032, -3.5, 1.0, -4.5, 1.5, 1, 2, Math.abs(), -1.5
7, 7033, -3.5, 1.0, -4.5, 2.0, 1, 2, Math.abs(), -1.5
7, 7034, -3.5, 1.0, -4.5, 2.5, 1, 2, Math.abs(), -1.5
7, 7035, -3.5, 1.0, -4.5, 3.0, 0, 2, Math.abs(x), -2.0
7, 7036, -3.5, 1.0, -4.5, 3.5, 0, 1, Math.abs(x), -1.5
7, 7037, -3.5, 1.0, -4.5, 4.0, 0, 1, Math.abs(x), -1.0
7, 7038, -3.5, 1.0, -4.5, 4.5, 0, 1, Math.abs(x), 0.5
7, 7039, -3.5, 1.0, -4.5, 5.0, 0, 1, Math.abs(x), 1.0
7, 7040, -3.5, 1.0, -4.0, 0.0, 1, 2, Math.abs(), -1.5
7, 7041, -3.5, 1.0, -4.0, 0.5, 1, 2, Math.abs(), -1.5
7, 7042, -3.5, 1.0, -4.0, 1.0, 1, 2, Math.abs(), -1.5
7, 7043, -3.5, 1.0, -4.0, 1.5, 1, 2, Math.abs(), -1.5
7, 7044, -3.5, 1.0, -4.0, 2.0, 1, 2, Math.abs(), -1.5
7, 7045, -3.5, 1.0, -4.0, 2.5, 1, 2, Math.abs(), -1.5
7, 7046, -3.5, 1.0, -4.0, 3.0, 0, 2, Math.abs(x), -2.0
7, 7047, -3.5, 1.0, -4.0, 3.5, 0, 1, Math.abs(x), -1.5
7, 7048, -3.5, 1.0, -4.0, 4.0, 0, 1, Math.abs(x), -1.0
7, 7049, -3.5, 1.0, -4.0, 4.5, 0, 1, Math.abs(x), 0.5
7, 7050, -3.5, 1.0, -4.0, 5.0, 0, 1, Math.abs(x), 1.0
7, 7051, -3.5, 1.0, -3.5, 0.0, 1, 2, Math.abs(), -1.5
7, 7052, -3.5, 1.0, -3.5, 0.5, 1, 2, Math.abs(), -1.5
7, 7053, -3.5, 1.0, -3.5, 1.0, 1, 2, Math.abs(), -1.5
7, 7054, -3.5, 1.0, -3.5, 1.5, 1, 2, Math.abs(), -1.5
7, 7055, -3.5, 1.0, -3.5, 2.0, 1, 2, Math.abs(), -1.5
7, 7056, -3.5, 1.0, -3.5, 2.5, 1, 2, Math.abs(), -1.5
7, 7057, -3.5, 1.0, -3.5, 3.0, 0, 2, Math.abs(x), -2.0
7, 7058, -3.5, 1.0, -3.5, 3.5, 0, 1, Math.abs(x), -1.5
7, 7059, -3.5, 1.0, -3.5, 4.0, 0, 1, Math.abs(x), -1.0
7, 7060, -3.5, 1.0, -3.5, 4.5, 0, 1, Math.abs(x), 0.5
7, 7061, -3.5, 1.0, -3.5, 5.0, 0, 1, Math.abs(x), 1.0
7, 7062, -3.5, 1.0, -3.0, 0.0, 1, 2, Math.abs(), -1.5
7, 7063, -3.5, 1.0, -3.0, 0.5, 1, 2, Math.abs(), -1.5
7, 7064, -3.5, 1.0, -3.0, 1.0, 1, 2, Math.abs(), -1.5
7, 7065, -3.5, 1.0, -3.0, 1.5, 1, 2, Math.abs(), -1.5
7, 7066, -3.5, 1.0, -3.0, 2.0, 1, 2, Math.abs(), -1.5
7, 7067, -3.5, 1.0, -3.0, 2.5, 1, 2, Math.abs(), -1.5
7, 7068, -3.5, 1.0, -3.0, 3.0, 0, 2, Math.abs(x), -2.0
7, 7069, -3.5, 1.0, -3.0, 3.5, 0, 1, Math.abs(x), -1.5
7, 7070, -3.5, 1.0, -3.0, 4.0, 0, 1, Math.abs(x), -1.0
7, 7071, -3.5, 1.0, -3.0, 4.5, 0, 1, Math.abs(x), 0.5
7, 7072, -3.5, 1.0, -3.0, 5.0, 0, 1, Math.abs(x), 1.0
7, 7073, -3.5, 1.0, -2.5, 0.0, 1, 2, Math.abs(), -1.5
7, 7074, -3.5, 1.0, -2.5, 0.5, 1, 2, Math.abs(), -1.5
7, 7075, -3.5, 1.0, -2.5, 1.0, 1, 2, Math.abs(), -1.5
7, 7076, -3.5, 1.0, -2.5, 1.5, 1, 2, Math.abs(), -1.5
7, 7077, -3.5, 1.0, -2.5, 2.0, 1, 2, Math.abs(), -1.5
7, 7078, -3.5, 1.0, -2.5, 2.5, 1, 2, Math.abs(), -1.5
7, 7079, -3.5, 1.0, -2.5, 3.0, 0, 2, Math.abs(x), -2.0
7, 7080, -3.5, 1.0, -2.5, 3.5, 0, 1, Math.abs(x), -1.5
7, 7081, -3.5, 1.0, -2.5, 4.0, 0, 1, Math.abs(x), -1.0
7, 7082, -3.5, 1.0, -2.5, 4.5, 0, 1, Math.abs(x), 0.5
7, 7083, -3.5, 1.0, -2.5, 5.0, 0, 1, Math.abs(x), 1.0
7, 7084, -3.5, 1.0, -2.0, 0.0, 1, 2, Math.abs(), -1.5
7, 7085, -3.5, 1.0, -2.0, 0.5, 1, 2, Math.abs(), -1.5
7, 7086, -3.5, 1.0, -2.0, 1.0, 1, 2, Math.abs(), -1.5
7, 7087, -3.5, 1.0, -2.0, 1.5, 1, 2, Math.abs(), -1.5
7, 7088, -3.5, 1.0, -2.0, 2.0, 1, 2, Math.abs(), -1.5
7, 7089, -3.5, 1.0, -2.0, 2.5, 1, 2, Math.abs(), -1.5
7, 7090, -3.5, 1.0, -2.0, 3.0, 0, 2, Math.abs(x), -2.0
7, 7091, -3.5, 1.0, -2.0, 3.5, 0, 1, Math.abs(x), -1.5
7, 7092, -3.5, 1.0, -2.0, 4.0, 0, 1, Math.abs(x), -1.0
7, 7093, -3.5, 1.0, -2.0, 4.5, 0, 1, Math.abs(x), 0.5
7, 7094, -3.5, 1.0, -2.0, 5.0, 0, 1, Math.abs(x), 1.0
7, 7095, -3.5, 1.0, -1.5, 0.0, 1, 2, Math.abs(), -1.5
7, 7096, -3.5, 1.0, -1.5, 0.5, 1, 2, Math.abs(), -1.5
7, 7097, -3.5, 1.0, -1.5, 1.0, 1, 2, Math.abs(), -1.5
7, 7098, -3.5, 1.0, -1.5, 1.5, 1, 2, Math.abs(), -1.5
7, 7099, -3.5, 1.0, -1.5, 2.0, 1, 2, Math.abs(), -1.5
7, 7100, -3.5, 1.0, -1.5, 2.5, 1, 2, Math.abs(), -1.5
7, 7101, -3.5, 1.0, -1.5, 3.0, 0, 2, Math.abs(x), -2.0
7, 7102, -3.5, 1.0, -1.5, 3.5, 0, 1, Math.abs(x), -1.5
7, 7103, -3.5, 1.0, -1.5, 4.0, 0, 1, Math.abs(x), -1.0
7, 7104, -3.5, 1.0, -1.5, 4.5, 0, 1, Math.abs(x), 0.5
7, 7105, -3.5, 1.0, -1.5, 5.0, 0, 1, Math.abs(x), 1.0
7, 7106, -3.5, 1.0, -1.0, 0.0, 1, 2, Math.abs(), -1.5
7, 7107, -3.5, 1.0, -1.0, 0.5, 1, 2, Math.abs(), -1.5
7, 7108, -3.5, 1.0, -1.0, 1.0, 1, 2, Math.abs(), -1.5
7, 7109, -3.5, 1.0, -1.0, 1.5, 1, 2, Math.abs(), -1.5
7, 7110, -3.5, 1.0, -1.0, 2.0, 1, 2, Math.abs(), -1.5
7, 7111, -3.5, 1.0, -1.0, 2.5, 1, 2, Math.abs(), -1.5
7, 7112, -3.5, 1.0, -1.0, 3.0, 0, 2, Math.abs(x), -2.0
7, 7113, -3.5, 1.0, -1.0, 3.5, 0, 1, Math.abs(x), -1.5
7, 7114, -3.5, 1.0, -1.0, 4.0, 0, 1, Math.abs(x), -1.0
7, 7115, -3.5, 1.0, -1.0, 4.5, 0, 1, Math.abs(x), 0.5
7, 7116, -3.5, 1.0, -1.0, 5.0, 0, 1, Math.abs(x), 1.0
7, 7117, -3.5, 1.0, -0.5, 0.0, 1, 2, Math.abs(), -1.5
7, 7118, -3.5, 1.0, -0.5, 0.5, 1, 2, Math.abs(), -1.5
7, 7119, -3.5, 1.0, -0.5, 1.0, 1, 2, Math.abs(), -1.5
7, 7120, -3.5, 1.0, -0.5, 1.5, 1, 2, Math.abs(), -1.5
7, 7121, -3.5, 1.0, -0.5, 2.0, 1, 3, Math.abs(), -1.5
7, 7122, -3.5, 1.0, -0.5, 2.5, 1, 3, Math.abs(), -1.5
7, 7123, -3.5, 1.0, -0.5, 3.0, 0, 3, Math.abs(x), -2.0
7, 7124, -3.5, 1.0, -0.5, 3.5, 0, 2, Math.abs(x), -1.5
7, 7125, -3.5, 1.0, -0.5, 4.0, 0, 2, Math.abs(x), -1.0
7, 7126, -3.5, 1.0, -0.5, 4.5, 0, 2, Math.abs(x), 0.5
7, 7127, -3.5, 1.0, -0.5, 5.0, 0, 9, Math.abs(x), 1.0
7, 7128, -3.5, 1.0, 0.0, 0.0, 1, 14, Math.abs(), -1.5
7, 7129, -3.5, 1.0, 0.0, 0.5, 1, 14, Math.abs(), -1.5
7, 7130, -3.5, 1.0, 0.0, 1.0, 1, 15, Math.abs(), -1.5
7, 7131, -3.5, 1.0, 0.0, 1.5, 1, 15, Math.abs(), -1.5
7, 7132, -3.5, 1.0, 0.0, 2.0, 1, 15, Math.abs(), -1.5
7, 7133, -3.5, 1.0, 0.0, 2.5, 1, 15, Math.abs(), -1.5
7, 7134, -3.5, 1.0, 0.0, 3.0, 0, 6, Math.abs(x), -2.0
7, 7135, -3.5, 1.0, 0.0, 3.5, 0, 4, Math.abs(x), -1.5
7, 7136, -3.5, 1.0, 0.0, 4.0, 0, 5, Math.abs(x), -1.0
7, 7137, -3.5, 1.0, 0.0, 4.5, 0, 22, Math.abs(x), 0.5
7, 7138, -3.5, 1.0, 0.0, 5.0, 6, 75, Math.round(), -3.5
7, 7139, -3.0, 1.0, -5.0, 0.0, 1, 2, Math.abs(), -1.0
7, 7140, -3.0, 1.0, -5.0, 0.5, 1, 2, Math.abs(), -1.0
7, 7141, -3.0, 1.0, -5.0, 1.0, 1, 2, Math.abs(), -1.0
7, 7142, -3.0, 1.0, -5.0, 1.5, 1, 2, Math.abs(), -1.0
7, 7143, -3.0, 1.0, -5.0, 2.0, 1, 2, Math.abs(), -1.0
7, 7144, -3.0, 1.0, -5.0, 2.5, 0, 2, Math.abs(x), -1.5
7, 7145, -3.0, 1.0, -5.0, 3.0, 0, 1, Math.abs(x), -1.0
7, 7146, -3.0, 1.0, -5.0, 3.5, 0, 1, Math.abs(x), 0.5
7, 7147, -3.0, 1.0, -5.0, 4.0, 0, 1, Math.abs(x), 1.0
7, 7148, -3.0, 1.0, -5.0, 4.5, 0, 1, Math.abs(x), 1.5
7, 7149, -3.0, 1.0, -5.0, 5.0, 0, 1, Math.abs(x), 2.0
7, 7150, -3.0, 1.0, -4.5, 0.0, 1, 2, Math.abs(), -1.0
7, 7151, -3.0, 1.0, -4.5, 0.5, 1, 2, Math.abs(), -1.0
7, 7152, -3.0, 1.0, -4.5, 1.0, 1, 2, Math.abs(), -1.0
7, 7153, -3.0, 1.0, -4.5, 1.5, 1, 2, Math.abs(), -1.0
7, 7154, -3.0, 1.0, -4.5, 2.0, 1, 2, Math.abs(), -1.0
7, 7155, -3.0, 1.0, -4.5, 2.5, 0, 2, Math.abs(x), -1.5
7, 7156, -3.0, 1.0, -4.5, 3.0, 0, 1, Math.abs(x), -1.0
7, 7157, -3.0, 1.0, -4.5, 3.5, 0, 1, Math.abs(x), 0.5
7, 7158, -3.0, 1.0, -4.5, 4.0, 0, 1, Math.abs(x), 1.0
7, 7159, -3.0, 1.0, -4.5, 4.5, 0, 1, Math.abs(x), 1.5
7, 7160, -3.0, 1.0, -4.5, 5.0, 0, 1, Math.abs(x), 2.0
7, 7161, -3.0, 1.0, -4.0, 0.0, 1, 2, Math.abs(), -1.0
7, 7162, -3.0, 1.0, -4.0, 0.5, 1, 2, Math.abs(), -1.0
7, 7163, -3.0, 1.0, -4.0, 1.0, 1, 2, Math.abs(), -1.0
7, 7164, -3.0, 1.0, -4.0, 1.5, 1, 2, Math.abs(), -1.0
7, 7165, -3.0, 1.0, -4.0, 2.0, 1, 2, Math.abs(), -1.0
7, 7166, -3.0, 1.0, -4.0, 2.5, 0, 2, Math.abs(x), -1.5
7, 7167, -3.0, 1.0, -4.0, 3.0, 0, 1, Math.abs(x), -1.0
7, 7168, -3.0, 1.0, -4.0, 3.5, 0, 1, Math.abs(x), 0.5
7, 7169, -3.0, 1.0, -4.0, 4.0, 0, 1, Math.abs(x), 1.0
7, 7170, -3.0, 1.0, -4.0, 4.5, 0, 1, Math.abs(x), 1.5
7, 7171, -3.0, 1.0, -4.0, 5.0, 0, 1, Math.abs(x), 2.0
7, 7172, -3.0, 1.0, -3.5, 0.0, 1, 2, Math.abs(), -1.0
7, 7173, -3.0, 1.0, -3.5, 0.5, 1, 2, Math.abs(), -1.0
7, 7174, -3.0, 1.0, -3.5, 1.0, 1, 2, Math.abs(), -1.0
7, 7175, -3.0, 1.0, -3.5, 1.5, 1, 2, Math.abs(), -1.0
7, 7176, -3.0, 1.0, -3.5, 2.0, 1, 2, Math.abs(), -1.0
7, 7177, -3.0, 1.0, -3.5, 2.5, 0, 2, Math.abs(x), -1.5
7, 7178, -3.0, 1.0, -3.5, 3.0, 0, 1, Math.abs(x), -1.0
7, 7179, -3.0, 1.0, -3.5, 3.5, 0, 1, Math.abs(x), 0.5
7, 7180, -3.0, 1.0, -3.5, 4.0, 0, 1, Math.abs(x), 1.0
7, 7181, -3.0, 1.0, -3.5, 4.5, 0, 1, Math.abs(x), 1.5
7, 7182, -3.0, 1.0, -3.5, 5.0, 0, 1, Math.abs(x), 2.0
7, 7183, -3.0, 1.0, -3.0, 0.0, 1, 2, Math.abs(), -1.0
7, 7184, -3.0, 1.0, -3.0, 0.5, 1, 2, Math.abs(), -1.0
7, 7185, -3.0, 1.0, -3.0, 1.0, 1, 2, Math.abs(), -1.0
7, 7186, -3.0, 1.0, -3.0, 1.5, 1, 2, Math.abs(), -1.0
7, 7187, -3.0, 1.0, -3.0, 2.0, 1, 2, Math.abs(), -1.0
7, 7188, -3.0, 1.0, -3.0, 2.5, 0, 2, Math.abs(x), -1.5
7, 7189, -3.0, 1.0, -3.0, 3.0, 0, 1, Math.abs(x), -1.0
7, 7190, -3.0, 1.0, -3.0, 3.5, 0, 1, Math.abs(x), 0.5
7, 7191, -3.0, 1.0, -3.0, 4.0, 0, 1, Math.abs(x), 1.0
7, 7192, -3.0, 1.0, -3.0, 4.5, 0, 1, Math.abs(x), 1.5
7, 7193, -3.0, 1.0, -3.0, 5.0, 0, 1, Math.abs(x), 2.0
7, 7194, -3.0, 1.0, -2.5, 0.0, 1, 2, Math.abs(), -1.0
7, 7195, -3.0, 1.0, -2.5, 0.5, 1, 2, Math.abs(), -1.0
7, 7196, -3.0, 1.0, -2.5, 1.0, 1, 2, Math.abs(), -1.0
7, 7197, -3.0, 1.0, -2.5, 1.5, 1, 2, Math.abs(), -1.0
7, 7198, -3.0, 1.0, -2.5, 2.0, 1, 2, Math.abs(), -1.0
7, 7199, -3.0, 1.0, -2.5, 2.5, 0, 2, Math.abs(x), -1.5
7, 7200, -3.0, 1.0, -2.5, 3.0, 0, 1, Math.abs(x), -1.0
7, 7201, -3.0, 1.0, -2.5, 3.5, 0, 1, Math.abs(x), 0.5
7, 7202, -3.0, 1.0, -2.5, 4.0, 0, 1, Math.abs(x), 1.0
7, 7203, -3.0, 1.0, -2.5, 4.5, 0, 1, Math.abs(x), 1.5
7, 7204, -3.0, 1.0, -2.5, 5.0, 0, 1, Math.abs(x), 2.0
7, 7205, -3.0, 1.0, -2.0, 0.0, 1, 2, Math.abs(), -1.0
7, 7206, -3.0, 1.0, -2.0, 0.5, 1, 2, Math.abs(), -1.0
7, 7207, -3.0, 1.0, -2.0, 1.0, 1, 2, Math.abs(), -1.0
7, 7208, -3.0, 1.0, -2.0, 1.5, 1, 2, Math.abs(), -1.0
7, 7209, -3.0, 1.0, -2.0, 2.0, 1, 2, Math.abs(), -1.0
7, 7210, -3.0, 1.0, -2.0, 2.5, 0, 2, Math.abs(x), -1.5
7, 7211, -3.0, 1.0, -2.0, 3.0, 0, 1, Math.abs(x), -1.0
7, 7212, -3.0, 1.0, -2.0, 3.5, 0, 1, Math.abs(x), 0.5
7, 7213, -3.0, 1.0, -2.0, 4.0, 0, 1, Math.abs(x), 1.0
7, 7214, -3.0, 1.0, -2.0, 4.5, 0, 1, Math.abs(x), 1.5
7, 7215, -3.0, 1.0, -2.0, 5.0, 0, 1, Math.abs(x), 2.0
7, 7216, -3.0, 1.0, -1.5, 0.0, 1, 2, Math.abs(), -1.0
7, 7217, -3.0, 1.0, -1.5, 0.5, 1, 2, Math.abs(), -1.0
7, 7218, -3.0, 1.0, -1.5, 1.0, 1, 2, Math.abs(), -1.0
7, 7219, -3.0, 1.0, -1.5, 1.5, 1, 2, Math.abs(), -1.0
7, 7220, -3.0, 1.0, -1.5, 2.0, 1, 2, Math.abs(), -1.0
7, 7221, -3.0, 1.0, -1.5, 2.5, 0, 2, Math.abs(x), -1.5
7, 7222, -3.0, 1.0, -1.5, 3.0, 0, 1, Math.abs(x), -1.0
7, 7223, -3.0, 1.0, -1.5, 3.5, 0, 1, Math.abs(x), 0.5
7, 7224, -3.0, 1.0, -1.5, 4.0, 0, 1, Math.abs(x), 1.0
7, 7225, -3.0, 1.0, -1.5, 4.5, 0, 1, Math.abs(x), 1.5
7, 7226, -3.0, 1.0, -1.5, 5.0, 0, 1, Math.abs(x), 2.0
7, 7227, -3.0, 1.0, -1.0, 0.0, 1, 2, Math.abs(), -1.0
7, 7228, -3.0, 1.0, -1.0, 0.5, 1, 2, Math.abs(), -1.0
7, 7229, -3.0, 1.0, -1.0, 1.0, 1, 2, Math.abs(), -1.0
7, 7230, -3.0, 1.0, -1.0, 1.5, 1, 2, Math.abs(), -1.0
7, 7231, -3.0, 1.0, -1.0, 2.0, 1, 2, Math.abs(), -1.0
7, 7232, -3.0, 1.0, -1.0, 2.5, 0, 2, Math.abs(x), -1.5
7, 7233, -3.0, 1.0, -1.0, 3.0, 0, 1, Math.abs(x), -1.0
7, 7234, -3.0, 1.0, -1.0, 3.5, 0, 1, Math.abs(x), 0.5
7, 7235, -3.0, 1.0, -1.0, 4.0, 0, 1, Math.abs(x), 1.0
7, 7236, -3.0, 1.0, -1.0, 4.5, 0, 1, Math.abs(x), 1.5
7, 7237, -3.0, 1.0, -1.0, 5.0, 0, 10, Math.abs(x), 2.0
7, 7238, -3.0, 1.0, -0.5, 0.0, 1, 2, Math.abs(), -1.0
7, 7239, -3.0, 1.0, -0.5, 0.5, 1, 2, Math.abs(), -1.0
7, 7240, -3.0, 1.0, -0.5, 1.0, 1, 2, Math.abs(), -1.0
7, 7241, -3.0, 1.0, -0.5, 1.5, 1, 2, Math.abs(), -1.0
7, 7242, -3.0, 1.0, -0.5, 2.0, 1, 3, Math.abs(), -1.0
7, 7243, -3.0, 1.0, -0.5, 2.5, 0, 2, Math.abs(x), -1.5
7, 7244, -3.0, 1.0, -0.5, 3.0, 0, 1, Math.abs(x), -1.0
7, 7245, -3.0, 1.0, -0.5, 3.5, 0, 1, Math.abs(x), 0.5
7, 7246, -3.0, 1.0, -0.5, 4.0, 0, 1, Math.abs(x), 1.0
7, 7247, -3.0, 1.0, -0.5, 4.5, 0, 11, Math.abs(x), 1.5
7, 7248, -3.0, 1.0, -0.5, 5.0, 6, 72, Math.round(), -3.5
7, 7249, -3.0, 1.0, 0.0, 0.0, 1, 14, Math.abs(), -1.0
7, 7250, -3.0, 1.0, 0.0, 0.5, 1, 14, Math.abs(), -1.0
7, 7251, -3.0, 1.0, 0.0, 1.0, 1, 15, Math.abs(), -1.0
7, 7252, -3.0, 1.0, 0.0, 1.5, 1, 15, Math.abs(), -1.0
7, 7253, -3.0, 1.0, 0.0, 2.0, 1, 15, Math.abs(), -1.0
7, 7254, -3.0, 1.0, 0.0, 2.5, 0, 6, Math.abs(x), -1.5
7, 7255, -3.0, 1.0, 0.0, 3.0, 0, 4, Math.abs(x), -1.0
7, 7256, -3.0, 1.0, 0.0, 3.5, 0, 5, Math.abs(x), 0.5
7, 7257, -3.0, 1.0, 0.0, 4.0, 0, 25, Math.abs(x), 1.0
7, 7258, -3.0, 1.0, 0.0, 4.5, 6, 92, Math.round(), -2.0
7, 7259, -3.0, 1.0, 0.0, 5.0, 6, 116, Math.round(), -2.0
7, 7260, -2.5, 1.0, -5.0, 0.0, 1, 2, Math.abs(), -0.5
7, 7261, -2.5, 1.0, -5.0, 0.5, 1, 2, Math.abs(), -0.5
7, 7262, -2.5, 1.0, -5.0, 1.0, 1, 2, Math.abs(), -0.5
7, 7263, -2.5, 1.0, -5.0, 1.5, 1, 2, Math.abs(), -0.5
7, 7264, -2.5, 1.0, -5.0, 2.0, 0, 2, Math.abs(x), -1.0
7, 7265, -2.5, 1.0, -5.0, 2.5, 0, 1, Math.abs(x), 0.5
7, 7266, -2.5, 1.0, -5.0, 3.0, 0, 1, Math.abs(x), 1.0
7, 7267, -2.5, 1.0, -5.0, 3.5, 0, 1, Math.abs(x), 1.5
7, 7268, -2.5, 1.0, -5.0, 4.0, 0, 1, Math.abs(x), 2.0
7, 7269, -2.5, 1.0, -5.0, 4.5, 0, 1, Math.abs(x), 2.5
7, 7270, -2.5, 1.0, -5.0, 5.0, 0, 1, Math.abs(x), 3.0
7, 7271, -2.5, 1.0, -4.5, 0.0, 1, 2, Math.abs(), -0.5
7, 7272, -2.5, 1.0, -4.5, 0.5, 1, 2, Math.abs(), -0.5
7, 7273, -2.5, 1.0, -4.5, 1.0, 1, 2, Math.abs(), -0.5
7, 7274, -2.5, 1.0, -4.5, 1.5, 1, 2, Math.abs(), -0.5
7, 7275, -2.5, 1.0, -4.5, 2.0, 0, 2, Math.abs(x), -1.0
7, 7276, -2.5, 1.0, -4.5, 2.5, 0, 1, Math.abs(x), 0.5
7, 7277, -2.5, 1.0, -4.5, 3.0, 0, 1, Math.abs(x), 1.0
7, 7278, -2.5, 1.0, -4.5, 3.5, 0, 1, Math.abs(x), 1.5
7, 7279, -2.5, 1.0, -4.5, 4.0, 0, 1, Math.abs(x), 2.0
7, 7280, -2.5, 1.0, -4.5, 4.5, 0, 1, Math.abs(x), 2.5
7, 7281, -2.5, 1.0, -4.5, 5.0, 0, 1, Math.abs(x), 3.0
7, 7282, -2.5, 1.0, -4.0, 0.0, 1, 2, Math.abs(), -0.5
7, 7283, -2.5, 1.0, -4.0, 0.5, 1, 2, Math.abs(), -0.5
7, 7284, -2.5, 1.0, -4.0, 1.0, 1, 2, Math.abs(), -0.5
7, 7285, -2.5, 1.0, -4.0, 1.5, 1, 2, Math.abs(), -0.5
7, 7286, -2.5, 1.0, -4.0, 2.0, 0, 2, Math.abs(x), -1.0
7, 7287, -2.5, 1.0, -4.0, 2.5, 0, 1, Math.abs(x), 0.5
7, 7288, -2.5, 1.0, -4.0, 3.0, 0, 1, Math.abs(x), 1.0
7, 7289, -2.5, 1.0, -4.0, 3.5, 0, 1, Math.abs(x), 1.5
7, 7290, -2.5, 1.0, -4.0, 4.0, 0, 1, Math.abs(x), 2.0
7, 7291, -2.5, 1.0, -4.0, 4.5, 0, 1, Math.abs(x), 2.5
7, 7292, -2.5, 1.0, -4.0, 5.0, 0, 1, Math.abs(x), 3.0
7, 7293, -2.5, 1.0, -3.5, 0.0, 1, 2, Math.abs(), -0.5
7, 7294, -2.5, 1.0, -3.5, 0.5, 1, 2, Math.abs(), -0.5
7, 7295, -2.5, 1.0, -3.5, 1.0, 1, 2, Math.abs(), -0.5
7, 7296, -2.5, 1.0, -3.5, 1.5, 1, 2, Math.abs(), -0.5
7, 7297, -2.5, 1.0, -3.5, 2.0, 0, 2, Math.abs(x), -1.0
7, 7298, -2.5, 1.0, -3.5, 2.5, 0, 1, Math.abs(x), 0.5
7, 7299, -2.5, 1.0, -3.5, 3.0, 0, 1, Math.abs(x), 1.0
7, 7300, -2.5, 1.0, -3.5, 3.5, 0, 1, Math.abs(x), 1.5
7, 7301, -2.5, 1.0, -3.5, 4.0, 0, 1, Math.abs(x), 2.0
7, 7302, -2.5, 1.0, -3.5, 4.5, 0, 1, Math.abs(x), 2.5
7, 7303, -2.5, 1.0, -3.5, 5.0, 0, 1, Math.abs(x), 3.0
7, 7304, -2.5, 1.0, -3.0, 0.0, 1, 2, Math.abs(), -0.5
7, 7305, -2.5, 1.0, -3.0, 0.5, 1, 2, Math.abs(), -0.5
7, 7306, -2.5, 1.0, -3.0, 1.0, 1, 2, Math.abs(), -0.5
7, 7307, -2.5, 1.0, -3.0, 1.5, 1, 2, Math.abs(), -0.5
7, 7308, -2.5, 1.0, -3.0, 2.0, 0, 2, Math.abs(x), -1.0
7, 7309, -2.5, 1.0, -3.0, 2.5, 0, 1, Math.abs(x), 0.5
7, 7310, -2.5, 1.0, -3.0, 3.0, 0, 1, Math.abs(x), 1.0
7, 7311, -2.5, 1.0, -3.0, 3.5, 0, 1, Math.abs(x), 1.5
7, 7312, -2.5, 1.0, -3.0, 4.0, 0, 1, Math.abs(x), 2.0
7, 7313, -2.5, 1.0, -3.0, 4.5, 0, 1, Math.abs(x), 2.5
7, 7314, -2.5, 1.0, -3.0, 5.0, 0, 1, Math.abs(x), 3.0
7, 7315, -2.5, 1.0, -2.5, 0.0, 1, 2, Math.abs(), -0.5
7, 7316, -2.5, 1.0, -2.5, 0.5, 1, 2, Math.abs(), -0.5
7, 7317, -2.5, 1.0, -2.5, 1.0, 1, 2, Math.abs(), -0.5
7, 7318, -2.5, 1.0, -2.5, 1.5, 1, 2, Math.abs(), -0.5
7, 7319, -2.5, 1.0, -2.5, 2.0, 0, 2, Math.abs(x), -1.0
7, 7320, -2.5, 1.0, -2.5, 2.5, 0, 1, Math.abs(x), 0.5
7, 7321, -2.5, 1.0, -2.5, 3.0, 0, 1, Math.abs(x), 1.0
7, 7322, -2.5, 1.0, -2.5, 3.5, 0, 1, Math.abs(x), 1.5
7, 7323, -2.5, 1.0, -2.5, 4.0, 0, 1, Math.abs(x), 2.0
7, 7324, -2.5, 1.0, -2.5, 4.5, 0, 1, Math.abs(x), 2.5
7, 7325, -2.5, 1.0, -2.5, 5.0, 0, 1, Math.abs(x), 3.0
7, 7326, -2.5, 1.0, -2.0, 0.0, 1, 2, Math.abs(), -0.5
7, 7327, -2.5, 1.0, -2.0, 0.5, 1, 2, Math.abs(), -0.5
7, 7328, -2.5, 1.0, -2.0, 1.0, 1, 2, Math.abs(), -0.5
7, 7329, -2.5, 1.0, -2.0, 1.5, 1, 2, Math.abs(), -0.5
7, 7330, -2.5, 1.0, -2.0, 2.0, 0, 2, Math.abs(x), -1.0
7, 7331, -2.5, 1.0, -2.0, 2.5, 0, 1, Math.abs(x), 0.5
7, 7332, -2.5, 1.0, -2.0, 3.0, 0, 1, Math.abs(x), 1.0
7, 7333, -2.5, 1.0, -2.0, 3.5, 0, 1, Math.abs(x), 1.5
7, 7334, -2.5, 1.0, -2.0, 4.0, 0, 1, Math.abs(x), 2.0
7, 7335, -2.5, 1.0, -2.0, 4.5, 0, 1, Math.abs(x), 2.5
7, 7336, -2.5, 1.0, -2.0, 5.0, 0, 3, Math.abs(x), 3.0
7, 7337, -2.5, 1.0, -1.5, 0.0, 1, 2, Math.abs(), -0.5
7, 7338, -2.5, 1.0, -1.5, 0.5, 1, 2, Math.abs(), -0.5
7, 7339, -2.5, 1.0, -1.5, 1.0, 1, 2, Math.abs(), -0.5
7, 7340, -2.5, 1.0, -1.5, 1.5, 1, 2, Math.abs(), -0.5
7, 7341, -2.5, 1.0, -1.5, 2.0, 0, 2, Math.abs(x), -1.0
7, 7342, -2.5, 1.0, -1.5, 2.5, 0, 1, Math.abs(x), 0.5
7, 7343, -2.5, 1.0, -1.5, 3.0, 0, 1, Math.abs(x), 1.0
7, 7344, -2.5, 1.0, -1.5, 3.5, 0, 1, Math.abs(x), 1.5
7, 7345, -2.5, 1.0, -1.5, 4.0, 0, 1, Math.abs(x), 2.0
7, 7346, -2.5, 1.0, -1.5, 4.5, 0, 2, Math.abs(x), 2.5
7, 7347, -2.5, 1.0, -1.5, 5.0, 0, 11, Math.abs(x), 3.0
7, 7348, -2.5, 1.0, -1.0, 0.0, 1, 2, Math.abs(), -0.5
7, 7349, -2.5, 1.0, -1.0, 0.5, 1, 2, Math.abs(), -0.5
7, 7350, -2.5, 1.0, -1.0, 1.0, 1, 2, Math.abs(), -0.5
7, 7351, -2.5, 1.0, -1.0, 1.5, 1, 2, Math.abs(), -0.5
7, 7352, -2.5, 1.0, -1.0, 2.0, 0, 2, Math.abs(x), -1.0
7, 7353, -2.5, 1.0, -1.0, 2.5, 0, 1, Math.abs(x), 0.5
7, 7354, -2.5, 1.0, -1.0, 3.0, 0, 1, Math.abs(x), 1.0
7, 7355, -2.5, 1.0, -1.0, 3.5, 0, 1, Math.abs(x), 1.5
7, 7356, -2.5, 1.0, -1.0, 4.0, 0, 1, Math.abs(x), 2.0
7, 7357, -2.5, 1.0, -1.0, 4.5, 0, 11, Math.abs(x), 2.5
7, 7358, -2.5, 1.0, -1.0, 5.0, 0, 18, Math.abs(x), 3.0
7, 7359, -2.5, 1.0, -0.5, 0.0, 1, 2, Math.abs(), -0.5
7, 7360, -2.5, 1.0, -0.5, 0.5, 1, 2, Math.abs(), -0.5
7, 7361, -2.5, 1.0, -0.5, 1.0, 1, 2, Math.abs(), -0.5
7, 7362, -2.5, 1.0, -0.5, 1.5, 1, 2, Math.abs(), -0.5
7, 7363, -2.5, 1.0, -0.5, 2.0, 0, 2, Math.abs(x), -1.0
7, 7364, -2.5, 1.0, -0.5, 2.5, 0, 1, Math.abs(x), 0.5
7, 7365, -2.5, 1.0, -0.5, 3.0, 0, 1, Math.abs(x), 1.0
7, 7366, -2.5, 1.0, -0.5, 3.5, 0, 1, Math.abs(x), 1.5
7, 7367, -2.5, 1.0, -0.5, 4.0, 0, 11, Math.abs(x), 2.0
7, 7368, -2.5, 1.0, -0.5, 4.5, 6, 88, Math.round(), -2.0
7, 7369, -2.5, 1.0, -0.5, 5.0, 6, 111, Math.round(), -2.0
7, 7370, -2.5, 1.0, 0.0, 0.0, 1, 14, Math.abs(), -0.5
7, 7371, -2.5, 1.0, 0.0, 0.5, 1, 14, Math.abs(), -0.5
7, 7372, -2.5, 1.0, 0.0, 1.0, 1, 15, Math.abs(), -0.5
7, 7373, -2.5, 1.0, 0.0, 1.5, 1, 15, Math.abs(), -0.5
7, 7374, -2.5, 1.0, 0.0, 2.0, 0, 6, Math.abs(x), -1.0
7, 7375, -2.5, 1.0, 0.0, 2.5, 0, 4, Math.abs(x), 0.5
7, 7376, -2.5, 1.0, 0.0, 3.0, 0, 5, Math.abs(x), 1.0
7, 7377, -2.5, 1.0, 0.0, 3.5, 6, 75, Math.round(), -1.5
7, 7378, -2.5, 1.0, 0.0, 4.0, 6, 116, Math.round(), -1.5
7, 7379, -2.5, 1.0, 0.0, 4.5, 6, 122, Math.round(), -1.5
7, 7380, -2.5, 1.0, 0.0, 5.0, 6, 150, Math.round(), -1.5
7, 7381, -2.0, 1.0, -5.0, 0.0, 1, 2, Math.abs(), 0.0
7, 7382, -2.0, 1.0, -5.0, 0.5, 1, 2, Math.abs(), 0.0
7, 7383, -2.0, 1.0, -5.0, 1.0, 1, 2, Math.abs(), 0.0
7, 7384, -2.0, 1.0, -5.0, 1.5, 0, 1, Math.abs(x), 0.5
7, 7385, -2.0, 1.0, -5.0, 2.0, 0, 1, Math.abs(x), 1.0
7, 7386, -2.0, 1.0, -5.0, 2.5, 0, 1, Math.abs(x), 1.5
7, 7387, -2.0, 1.0, -5.0, 3.0, 0, 1, Math.abs(x), 2.0
7, 7388, -2.0, 1.0, -5.0, 3.5, 0, 1, Math.abs(x), 2.5
7, 7389, -2.0, 1.0, -5.0, 4.0, 0, 1, Math.abs(x), 3.0
7, 7390, -2.0, 1.0, -5.0, 4.5, 0, 1, Math.abs(x), 3.5
7, 7391, -2.0, 1.0, -5.0, 5.0, 0, 1, Math.abs(x), 4.0
7, 7392, -2.0, 1.0, -4.5, 0.0, 1, 2, Math.abs(), 0.0
7, 7393, -2.0, 1.0, -4.5, 0.5, 1, 2, Math.abs(), 0.0
7, 7394, -2.0, 1.0, -4.5, 1.0, 1, 2, Math.abs(), 0.0
7, 7395, -2.0, 1.0, -4.5, 1.5, 0, 1, Math.abs(x), 0.5
7, 7396, -2.0, 1.0, -4.5, 2.0, 0, 1, Math.abs(x), 1.0
7, 7397, -2.0, 1.0, -4.5, 2.5, 0, 1, Math.abs(x), 1.5
7, 7398, -2.0, 1.0, -4.5, 3.0, 0, 1, Math.abs(x), 2.0
7, 7399, -2.0, 1.0, -4.5, 3.5, 0, 1, Math.abs(x), 2.5
7, 7400, -2.0, 1.0, -4.5, 4.0, 0, 1, Math.abs(x), 3.0
7, 7401, -2.0, 1.0, -4.5, 4.5, 0, 1, Math.abs(x), 3.5
7, 7402, -2.0, 1.0, -4.5, 5.0, 0, 1, Math.abs(x), 4.0
7, 7403, -2.0, 1.0, -4.0, 0.0, 1, 2, Math.abs(), 0.0
7, 7404, -2.0, 1.0, -4.0, 0.5, 1, 2, Math.abs(), 0.0
7, 7405, -2.0, 1.0, -4.0, 1.0, 1, 2, Math.abs(), 0.0
7, 7406, -2.0, 1.0, -4.0, 1.5, 0, 1, Math.abs(x), 0.5
7, 7407, -2.0, 1.0, -4.0, 2.0, 0, 1, Math.abs(x), 1.0
7, 7408, -2.0, 1.0, -4.0, 2.5, 0, 1, Math.abs(x), 1.5
7, 7409, -2.0, 1.0, -4.0, 3.0, 0, 1, Math.abs(x), 2.0
7, 7410, -2.0, 1.0, -4.0, 3.5, 0, 1, Math.abs(x), 2.5
7, 7411, -2.0, 1.0, -4.0, 4.0, 0, 1, Math.abs(x), 3.0
7, 7412, -2.0, 1.0, -4.0, 4.5, 0, 1, Math.abs(x), 3.5
7, 7413, -2.0, 1.0, -4.0, 5.0, 0, 1, Math.abs(x), 4.0
7, 7414, -2.0, 1.0, -3.5, 0.0, 1, 2, Math.abs(), 0.0
7, 7415, -2.0, 1.0, -3.5, 0.5, 1, 2, Math.abs(), 0.0
7, 7416, -2.0, 1.0, -3.5, 1.0, 1, 2, Math.abs(), 0.0
7, 7417, -2.0, 1.0, -3.5, 1.5, 0, 1, Math.abs(x), 0.5
7, 7418, -2.0, 1.0, -3.5, 2.0, 0, 1, Math.abs(x), 1.0
7, 7419, -2.0, 1.0, -3.5, 2.5, 0, 1, Math.abs(x), 1.5
7, 7420, -2.0, 1.0, -3.5, 3.0, 0, 1, Math.abs(x), 2.0
7, 7421, -2.0, 1.0, -3.5, 3.5, 0, 1, Math.abs(x), 2.5
7, 7422, -2.0, 1.0, -3.5, 4.0, 0, 1, Math.abs(x), 3.0
7, 7423, -2.0, 1.0, -3.5, 4.5, 0, 1, Math.abs(x), 3.5
7, 7424, -2.0, 1.0, -3.5, 5.0, 0, 1, Math.abs(x), 4.0
7, 7425, -2.0, 1.0, -3.0, 0.0, 1, 2, Math.abs(), 0.0
7, 7426, -2.0, 1.0, -3.0, 0.5, 1, 2, Math.abs(), 0.0
7, 7427, -2.0, 1.0, -3.0, 1.0, 1, 2, Math.abs(), 0.0
7, 7428, -2.0, 1.0, -3.0, 1.5, 0, 1, Math.abs(x), 0.5
7, 7429, -2.0, 1.0, -3.0, 2.0, 0, 1, Math.abs(x), 1.0
7, 7430, -2.0, 1.0, -3.0, 2.5, 0, 1, Math.abs(x), 1.5
7, 7431, -2.0, 1.0, -3.0, 3.0, 0, 1, Math.abs(x), 2.0
7, 7432, -2.0, 1.0, -3.0, 3.5, 0, 1, Math.abs(x), 2.5
7, 7433, -2.0, 1.0, -3.0, 4.0, 0, 1, Math.abs(x), 3.0
7, 7434, -2.0, 1.0, -3.0, 4.5, 0, 1, Math.abs(x), 3.5
7, 7435, -2.0, 1.0, -3.0, 5.0, 0, 2, Math.abs(x), 4.0
7, 7436, -2.0, 1.0, -2.5, 0.0, 1, 2, Math.abs(), 0.0
7, 7437, -2.0, 1.0, -2.5, 0.5, 1, 2, Math.abs(), 0.0
7, 7438, -2.0, 1.0, -2.5, 1.0, 1, 2, Math.abs(), 0.0
7, 7439, -2.0, 1.0, -2.5, 1.5, 0, 1, Math.abs(x), 0.5
7, 7440, -2.0, 1.0, -2.5, 2.0, 0, 1, Math.abs(x), 1.0
7, 7441, -2.0, 1.0, -2.5, 2.5, 0, 1, Math.abs(x), 1.5
7, 7442, -2.0, 1.0, -2.5, 3.0, 0, 1, Math.abs(x), 2.0
7, 7443, -2.0, 1.0, -2.5, 3.5, 0, 1, Math.abs(x), 2.5
7, 7444, -2.0, 1.0, -2.5, 4.0, 0, 1, Math.abs(x), 3.0
7, 7445, -2.0, 1.0, -2.5, 4.5, 0, 1, Math.abs(x), 3.5
7, 7446, -2.0, 1.0, -2.5, 5.0, 0, 5, Math.abs(x), 4.0
7, 7447, -2.0, 1.0, -2.0, 0.0, 1, 2, Math.abs(), 0.0
7, 7448, -2.0, 1.0, -2.0, 0.5, 1, 2, Math.abs(), 0.0
7, 7449, -2.0, 1.0, -2.0, 1.0, 1, 2, Math.abs(), 0.0
7, 7450, -2.0, 1.0, -2.0, 1.5, 0, 1, Math.abs(x), 0.5
7, 7451, -2.0, 1.0, -2.0, 2.0, 0, 1, Math.abs(x), 1.0
7, 7452, -2.0, 1.0, -2.0, 2.5, 0, 1, Math.abs(x), 1.5
7, 7453, -2.0, 1.0, -2.0, 3.0, 0, 1, Math.abs(x), 2.0
7, 7454, -2.0, 1.0, -2.0, 3.5, 0, 1, Math.abs(x), 2.5
7, 7455, -2.0, 1.0, -2.0, 4.0, 0, 1, Math.abs(x), 3.0
7, 7456, -2.0, 1.0, -2.0, 4.5, 0, 5, Math.abs(x), 3.5
7, 7457, -2.0, 1.0, -2.0, 5.0, 0, 10, Math.abs(x), 4.0
7, 7458, -2.0, 1.0, -1.5, 0.0, 1, 2, Math.abs(), 0.0
7, 7459, -2.0, 1.0, -1.5, 0.5, 1, 2, Math.abs(), 0.0
7, 7460, -2.0, 1.0, -1.5, 1.0, 1, 2, Math.abs(), 0.0
7, 7461, -2.0, 1.0, -1.5, 1.5, 0, 1, Math.abs(x), 0.5
7, 7462, -2.0, 1.0, -1.5, 2.0, 0, 1, Math.abs(x), 1.0
7, 7463, -2.0, 1.0, -1.5, 2.5, 0, 1, Math.abs(x), 1.5
7, 7464, -2.0, 1.0, -1.5, 3.0, 0, 1, Math.abs(x), 2.0
7, 7465, -2.0, 1.0, -1.5, 3.5, 0, 1, Math.abs(x), 2.5
7, 7466, -2.0, 1.0, -1.5, 4.0, 0, 5, Math.abs(x), 3.0
7, 7467, -2.0, 1.0, -1.5, 4.5, 0, 11, Math.abs(x), 3.5
7, 7468, -2.0, 1.0, -1.5, 5.0, 0, 22, Math.abs(x), 4.0
7, 7469, -2.0, 1.0, -1.0, 0.0, 1, 2, Math.abs(), 0.0
7, 7470, -2.0, 1.0, -1.0, 0.5, 1, 2, Math.abs(), 0.0
7, 7471, -2.0, 1.0, -1.0, 1.0, 1, 2, Math.abs(), 0.0
7, 7472, -2.0, 1.0, -1.0, 1.5, 0, 1, Math.abs(x), 0.5
7, 7473, -2.0, 1.0, -1.0, 2.0, 0, 1, Math.abs(x), 1.0
7, 7474, -2.0, 1.0, -1.0, 2.5, 0, 1, Math.abs(x), 1.5
7, 7475, -2.0, 1.0, -1.0, 3.0, 0, 1, Math.abs(x), 2.0
7, 7476, -2.0, 1.0, -1.0, 3.5, 0, 4, Math.abs(x), 2.5
7, 7477, -2.0, 1.0, -1.0, 4.0, 0, 11, Math.abs(x), 3.0
7, 7478, -2.0, 1.0, -1.0, 4.5, 6, 86, Math.round(), -2.0
7, 7479, -2.0, 1.0, -1.0, 5.0, 6, 107, Math.round(), -2.0
7, 7480, -2.0, 1.0, -0.5, 0.0, 1, 2, Math.abs(), 0.0
7, 7481, -2.0, 1.0, -0.5, 0.5, 1, 2, Math.abs(), 0.0
7, 7482, -2.0, 1.0, -0.5, 1.0, 1, 2, Math.abs(), 0.0
7, 7483, -2.0, 1.0, -0.5, 1.5, 0, 1, Math.abs(x), 0.5
7, 7484, -2.0, 1.0, -0.5, 2.0, 0, 1, Math.abs(x), 1.0
7, 7485, -2.0, 1.0, -0.5, 2.5, 0, 1, Math.abs(x), 1.5
7, 7486, -2.0, 1.0, -0.5, 3.0, 0, 3, Math.abs(x), 2.0
7, 7487, -2.0, 1.0, -0.5, 3.5, 0, 12, Math.abs(x), 2.5
7, 7488, -2.0, 1.0, -0.5, 4.0, 6, 110, Math.round(), -1.5
7, 7489, -2.0, 1.0, -0.5, 4.5, 6, 121, Math.round(), -1.5
7, 7490, -2.0, 1.0, -0.5, 5.0, 6, 143, Math.round(), -1.5
7, 7491, -2.0, 1.0, 0.0, 0.0, 1, 14, Math.abs(), 0.0
7, 7492, -2.0, 1.0, 0.0, 0.5, 1, 14, Math.abs(), 0.0
7, 7493, -2.0, 1.0, 0.0, 1.0, 1, 15, Math.abs(), 0.0
7, 7494, -2.0, 1.0, 0.0, 1.5, 0, 3, Math.abs(x), 0.5
7, 7495, -2.0, 1.0, 0.0, 2.0, 0, 3, Math.abs(x), 1.0
7, 7496, -2.0, 1.0, 0.0, 2.5, 0, 7, Math.abs(x), 1.5
7, 7497, -2.0, 1.0, 0.0, 3.0, 6, 93, Math.round(), -1.0
7, 7498, -2.0, 1.0, 0.0, 3.5, 6, 122, Math.round(), -1.0
7, 7499, -2.0, 1.0, 0.0, 4.0, 6, 150, Math.round(), -1.0
7, 7500, -2.0, 1.0, 0.0, 4.5, 7, 192, hashCode(), -2.0
7, 7501, -2.0, 1.0, 0.0, 5.0, 7, 192, hashCode(), -2.0
7, 7502, -1.5, 1.0, -5.0, 0.0, 1, 0, Math.abs(), 0.5
7, 7503, -1.5, 1.0, -5.0, 0.5, 0, 0, Math.abs(x), 0.5
7, 7504, -1.5, 1.0, -5.0, 1.0, 0, 0, Math.abs(x), 1.0
7, 7505, -1.5, 1.0, -5.0, 1.5, 0, 0, Math.abs(x), 1.5
7, 7506, -1.5, 1.0, -5.0, 2.0, 0, 0, Math.abs(x), 2.0
7, 7507, -1.5, 1.0, -5.0, 2.5, 0, 0, Math.abs(x), 2.5
7, 7508, -1.5, 1.0, -5.0, 3.0, 0, 0, Math.abs(x), 3.0
7, 7509, -1.5, 1.0, -5.0, 3.5, 0, 0, Math.abs(x), 3.5
7, 7510, -1.5, 1.0, -5.0, 4.0, 0, 0, Math.abs(x), 4.0
7, 7511, -1.5, 1.0, -5.0, 4.5, 0, 0, Math.abs(x), 4.5
7, 7512, -1.5, 1.0, -5.0, 5.0, 0, 0, Math.abs(x), 5.0
7, 7513, -1.5, 1.0, -4.5, 0.0, 1, 0, Math.abs(), 0.5
7, 7514, -1.5, 1.0, -4.5, 0.5, 0, 0, Math.abs(x), 0.5
7, 7515, -1.5, 1.0, -4.5, 1.0, 0, 0, Math.abs(x), 1.0
7, 7516, -1.5, 1.0, -4.5, 1.5, 0, 0, Math.abs(x), 1.5
7, 7517, -1.5, 1.0, -4.5, 2.0, 0, 0, Math.abs(x), 2.0
7, 7518, -1.5, 1.0, -4.5, 2.5, 0, 0, Math.abs(x), 2.5
7, 7519, -1.5, 1.0, -4.5, 3.0, 0, 0, Math.abs(x), 3.0
7, 7520, -1.5, 1.0, -4.5, 3.5, 0, 0, Math.abs(x), 3.5
7, 7521, -1.5, 1.0, -4.5, 4.0, 0, 0, Math.abs(x), 4.0
7, 7522, -1.5, 1.0, -4.5, 4.5, 0, 0, Math.abs(x), 4.5
7, 7523, -1.5, 1.0, -4.5, 5.0, 0, 0, Math.abs(x), 5.0
7, 7524, -1.5, 1.0, -4.0, 0.0, 1, 0, Math.abs(), 0.5
7, 7525, -1.5, 1.0, -4.0, 0.5, 0, 0, Math.abs(x), 0.5
7, 7526, -1.5, 1.0, -4.0, 1.0, 0, 0, Math.abs(x), 1.0
7, 7527, -1.5, 1.0, -4.0, 1.5, 0, 0, Math.abs(x), 1.5
7, 7528, -1.5, 1.0, -4.0, 2.0, 0, 0, Math.abs(x), 2.0
7, 7529, -1.5, 1.0, -4.0, 2.5, 0, 0, Math.abs(x), 2.5
7, 7530, -1.5, 1.0, -4.0, 3.0, 0, 0, Math.abs(x), 3.0
7, 7531, -1.5, 1.0, -4.0, 3.5, 0, 0, Math.abs(x), 3.5
7, 7532, -1.5, 1.0, -4.0, 4.0, 0, 0, Math.abs(x), 4.0
7, 7533, -1.5, 1.0, -4.0, 4.5, 0, 0, Math.abs(x), 4.5
7, 7534, -1.5, 1.0, -4.0, 5.0, 0, 0, Math.abs(x), 5.0
7, 7535, -1.5, 1.0, -3.5, 0.0, 1, 0, Math.abs(), 0.5
7, 7536, -1.5, 1.0, -3.5, 0.5, 0, 0, Math.abs(x), 0.5
7, 7537, -1.5, 1.0, -3.5, 1.0, 0, 0, Math.abs(x), 1.0
7, 7538, -1.5, 1.0, -3.5, 1.5, 0, 0, Math.abs(x), 1.5
7, 7539, -1.5, 1.0, -3.5, 2.0, 0, 0, Math.abs(x), 2.0
7, 7540, -1.5, 1.0, -3.5, 2.5, 0, 0, Math.abs(x), 2.5
7, 7541, -1.5, 1.0, -3.5, 3.0, 0, 0, Math.abs(x), 3.0
7, 7542, -1.5, 1.0, -3.5, 3.5, 0, 0, Math.abs(x), 3.5
7, 7543, -1.5, 1.0, -3.5, 4.0, 0, 0, Math.abs(x), 4.0
7, 7544, -1.5, 1.0, -3.5, 4.5, 0, 0, Math.abs(x), 4.5
7, 7545, -1.5, 1.0, -3.5, 5.0, 0, 1, Math.abs(x), 5.0
7, 7546, -1.5, 1.0, -3.0, 0.0, 1, 0, Math.abs(), 0.5
7, 7547, -1.5, 1.0, -3.0, 0.5, 0, 0, Math.abs(x), 0.5
7, 7548, -1.5, 1.0, -3.0, 1.0, 0, 0, Math.abs(x), 1.0
7, 7549, -1.5, 1.0, -3.0, 1.5, 0, 0, Math.abs(x), 1.5
7, 7550, -1.5, 1.0, -3.0, 2.0, 0, 0, Math.abs(x), 2.0
7, 7551, -1.5, 1.0, -3.0, 2.5, 0, 0, Math.abs(x), 2.5
7, 7552, -1.5, 1.0, -3.0, 3.0, 0, 0, Math.abs(x), 3.0
7, 7553, -1.5, 1.0, -3.0, 3.5, 0, 0, Math.abs(x), 3.5
7, 7554, -1.5, 1.0, -3.0, 4.0, 0, 0, Math.abs(x), 4.0
7, 7555, -1.5, 1.0, -3.0, 4.5, 0, 0, Math.abs(x), 4.5
7, 7556, -1.5, 1.0, -3.0, 5.0, 0, 2, Math.abs(x), 5.0
7, 7557, -1.5, 1.0, -2.5, 0.0, 1, 0, Math.abs(), 0.5
7, 7558, -1.5, 1.0, -2.5, 0.5, 0, 0, Math.abs(x), 0.5
7, 7559, -1.5, 1.0, -2.5, 1.0, 0, 0, Math.abs(x), 1.0
7, 7560, -1.5, 1.0, -2.5, 1.5, 0, 0, Math.abs(x), 1.5
7, 7561, -1.5, 1.0, -2.5, 2.0, 0, 0, Math.abs(x), 2.0
7, 7562, -1.5, 1.0, -2.5, 2.5, 0, 0, Math.abs(x), 2.5
7, 7563, -1.5, 1.0, -2.5, 3.0, 0, 0, Math.abs(x), 3.0
7, 7564, -1.5, 1.0, -2.5, 3.5, 0, 0, Math.abs(x), 3.5
7, 7565, -1.5, 1.0, -2.5, 4.0, 0, 0, Math.abs(x), 4.0
7, 7566, -1.5, 1.0, -2.5, 4.5, 0, 2, Math.abs(x), 4.5
7, 7567, -1.5, 1.0, -2.5, 5.0, 0, 8, Math.abs(x), 5.0
7, 7568, -1.5, 1.0, -2.0, 0.0, 1, 0, Math.abs(), 0.5
7, 7569, -1.5, 1.0, -2.0, 0.5, 0, 0, Math.abs(x), 0.5
7, 7570, -1.5, 1.0, -2.0, 1.0, 0, 0, Math.abs(x), 1.0
7, 7571, -1.5, 1.0, -2.0, 1.5, 0, 0, Math.abs(x), 1.5
7, 7572, -1.5, 1.0, -2.0, 2.0, 0, 0, Math.abs(x), 2.0
7, 7573, -1.5, 1.0, -2.0, 2.5, 0, 0, Math.abs(x), 2.5
7, 7574, -1.5, 1.0, -2.0, 3.0, 0, 0, Math.abs(x), 3.0
7, 7575, -1.5, 1.0, -2.0, 3.5, 0, 0, Math.abs(x), 3.5
7, 7576, -1.5, 1.0, -2.0, 4.0, 0, 2, Math.abs(x), 4.0
7, 7577, -1.5, 1.0, -2.0, 4.5, 0, 8, Math.abs(x), 4.5
7, 7578, -1.5, 1.0, -2.0, 5.0, 0, 24, Math.abs(x), 5.0
7, 7579, -1.5, 1.0, -1.5, 0.0, 1, 0, Math.abs(), 0.5
7, 7580, -1.5, 1.0, -1.5, 0.5, 0, 0, Math.abs(x), 0.5
7, 7581, -1.5, 1.0, -1.5, 1.0, 0, 0, Math.abs(x), 1.0
7, 7582, -1.5, 1.0, -1.5, 1.5, 0, 0, Math.abs(x), 1.5
7, 7583, -1.5, 1.0, -1.5, 2.0, 0, 0, Math.abs(x), 2.0
7, 7584, -1.5, 1.0, -1.5, 2.5, 0, 0, Math.abs(x), 2.5
7, 7585, -1.5, 1.0, -1.5, 3.0, 0, 0, Math.abs(x), 3.0
7, 7586, -1.5, 1.0, -1.5, 3.5, 0, 1, Math.abs(x), 3.5
7, 7587, -1.5, 1.0, -1.5, 4.0, 0, 9, Math.abs(x), 4.0
7, 7588, -1.5, 1.0, -1.5, 4.5, 0, 29, Math.abs(x), 4.5
7, 7589, -1.5, 1.0, -1.5, 5.0, 6, 111, Math.round(), -2.0
7, 7590, -1.5, 1.0, -1.0, 0.0, 1, 0, Math.abs(), 0.5
7, 7591, -1.5, 1.0, -1.0, 0.5, 0, 0, Math.abs(x), 0.5
7, 7592, -1.5, 1.0, -1.0, 1.0, 0, 0, Math.abs(x), 1.0
7, 7593, -1.5, 1.0, -1.0, 1.5, 0, 0, Math.abs(x), 1.5
7, 7594, -1.5, 1.0, -1.0, 2.0, 0, 0, Math.abs(x), 2.0
7, 7595, -1.5, 1.0, -1.0, 2.5, 0, 0, Math.abs(x), 2.5
7, 7596, -1.5, 1.0, -1.0, 3.0, 0, 0, Math.abs(x), 3.0
7, 7597, -1.5, 1.0, -1.0, 3.5, 0, 10, Math.abs(x), 3.5
7, 7598, -1.5, 1.0, -1.0, 4.0, 6, 108, Math.round(), -1.5
7, 7599, -1.5, 1.0, -1.0, 4.5, 6, 118, Math.round(), -1.5
7, 7600, -1.5, 1.0, -1.0, 5.0, 7, 146, hashCode(), -3.5
7, 7601, -1.5, 1.0, -0.5, 0.0, 1, 0, Math.abs(), 0.5
7, 7602, -1.5, 1.0, -0.5, 0.5, 0, 0, Math.abs(x), 0.5
7, 7603, -1.5, 1.0, -0.5, 1.0, 0, 0, Math.abs(x), 1.0
7, 7604, -1.5, 1.0, -0.5, 1.5, 0, 0, Math.abs(x), 1.5
7, 7605, -1.5, 1.0, -0.5, 2.0, 0, 0, Math.abs(x), 2.0
7, 7606, -1.5, 1.0, -0.5, 2.5, 0, 0, Math.abs(x), 2.5
7, 7607, -1.5, 1.0, -0.5, 3.0, 6, 102, Math.round(), -1.0
7, 7608, -1.5, 1.0, -0.5, 3.5, 6, 120, Math.round(), -1.0
7, 7609, -1.5, 1.0, -0.5, 4.0, 7, 162, hashCode(), -2.5
7, 7610, -1.5, 1.0, -0.5, 4.5, 7, 166, hashCode(), -2.5
7, 7611, -1.5, 1.0, -0.5, 5.0, 7, 165, hashCode(), -2.5
7, 7612, -1.5, 1.0, 0.0, 0.0, 1, 1, Math.abs(), 0.5
7, 7613, -1.5, 1.0, 0.0, 0.5, 0, 0, Math.abs(x), 0.5
7, 7614, -1.5, 1.0, 0.0, 1.0, 0, 0, Math.abs(x), 1.0
7, 7615, -1.5, 1.0, 0.0, 1.5, 0, 0, Math.abs(x), 1.5
7, 7616, -1.5, 1.0, 0.0, 2.0, 0, 1, Math.abs(x), 2.0
7, 7617, -1.5, 1.0, 0.0, 2.5, 6, 125, Math.round(), -0.5
7, 7618, -1.5, 1.0, 0.0, 3.0, 7, 185, hashCode(), -1.5
7, 7619, -1.5, 1.0, 0.0, 3.5, 7, 188, hashCode(), -1.5
7, 7620, -1.5, 1.0, 0.0, 4.0, 7, 201, hashCode(), -1.5
7, 7621, -1.5, 1.0, 0.0, 4.5, 7, 201, hashCode(), -1.5
7, 7622, -1.5, 1.0, 0.0, 5.0, 7, 201, hashCode(), -1.5
7, 7623, -1.0, 1.0, -5.0, 0.0, 0, 0, Math.abs(x), 1.0
7, 7624, -1.0, 1.0, -5.0, 0.5, 0, 0, Math.abs(x), 1.5
7, 7625, -1.0, 1.0, -5.0, 1.0, 0, 0, Math.abs(x), 2.0
7, 7626, -1.0, 1.0, -5.0, 1.5, 0, 0, Math.abs(x), 2.5
7, 7627, -1.0, 1.0, -5.0, 2.0, 0, 0, Math.abs(x), 3.0
7, 7628, -1.0, 1.0, -5.0, 2.5, 0, 0, Math.abs(x), 3.5
7, 7629, -1.0, 1.0, -5.0, 3.0, 0, 0, Math.abs(x), 4.0
7, 7630, -1.0, 1.0, -5.0, 3.5, 0, 0, Math.abs(x), 4.5
7, 7631, -1.0, 1.0, -5.0, 4.0, 0, 0, Math.abs(x), 5.0
7, 7632, -1.0, 1.0, -5.0, 4.5, 0, 0, Math.abs(x), 5.5
7, 7633, -1.0, 1.0, -5.0, 5.0, 0, 0, Math.abs(x), 6.0
7, 7634, -1.0, 1.0, -4.5, 0.0, 0, 0, Math.abs(x), 1.0
7, 7635, -1.0, 1.0, -4.5, 0.5, 0, 0, Math.abs(x), 1.5
7, 7636, -1.0, 1.0, -4.5, 1.0, 0, 0, Math.abs(x), 2.0
7, 7637, -1.0, 1.0, -4.5, 1.5, 0, 0, Math.abs(x), 2.5
7, 7638, -1.0, 1.0, -4.5, 2.0, 0, 0, Math.abs(x), 3.0
7, 7639, -1.0, 1.0, -4.5, 2.5, 0, 0, Math.abs(x), 3.5
7, 7640, -1.0, 1.0, -4.5, 3.0, 0, 0, Math.abs(x), 4.0
7, 7641, -1.0, 1.0, -4.5, 3.5, 0, 0, Math.abs(x), 4.5
7, 7642, -1.0, 1.0, -4.5, 4.0, 0, 0, Math.abs(x), 5.0
7, 7643, -1.0, 1.0, -4.5, 4.5, 0, 0, Math.abs(x), 5.5
7, 7644, -1.0, 1.0, -4.5, 5.0, 0, 0, Math.abs(x), 6.0
7, 7645, -1.0, 1.0, -4.0, 0.0, 0, 0, Math.abs(x), 1.0
7, 7646, -1.0, 1.0, -4.0, 0.5, 0, 0, Math.abs(x), 1.5
7, 7647, -1.0, 1.0, -4.0, 1.0, 0, 0, Math.abs(x), 2.0
7, 7648, -1.0, 1.0, -4.0, 1.5, 0, 0, Math.abs(x), 2.5
7, 7649, -1.0, 1.0, -4.0, 2.0, 0, 0, Math.abs(x), 3.0
7, 7650, -1.0, 1.0, -4.0, 2.5, 0, 0, Math.abs(x), 3.5
7, 7651, -1.0, 1.0, -4.0, 3.0, 0, 0, Math.abs(x), 4.0
7, 7652, -1.0, 1.0, -4.0, 3.5, 0, 0, Math.abs(x), 4.5
7, 7653, -1.0, 1.0, -4.0, 4.0, 0, 0, Math.abs(x), 5.0
7, 7654, -1.0, 1.0, -4.0, 4.5, 0, 0, Math.abs(x), 5.5
7, 7655, -1.0, 1.0, -4.0, 5.0, 0, 2, Math.abs(x), 6.0
7, 7656, -1.0, 1.0, -3.5, 0.0, 0, 0, Math.abs(x), 1.0
7, 7657, -1.0, 1.0, -3.5, 0.5, 0, 0, Math.abs(x), 1.5
7, 7658, -1.0, 1.0, -3.5, 1.0, 0, 0, Math.abs(x), 2.0
7, 7659, -1.0, 1.0, -3.5, 1.5, 0, 0, Math.abs(x), 2.5
7, 7660, -1.0, 1.0, -3.5, 2.0, 0, 0, Math.abs(x), 3.0
7, 7661, -1.0, 1.0, -3.5, 2.5, 0, 0, Math.abs(x), 3.5
7, 7662, -1.0, 1.0, -3.5, 3.0, 0, 0, Math.abs(x), 4.0
7, 7663, -1.0, 1.0, -3.5, 3.5, 0, 0, Math.abs(x), 4.5
7, 7664, -1.0, 1.0, -3.5, 4.0, 0, 0, Math.abs(x), 5.0
7, 7665, -1.0, 1.0, -3.5, 4.5, 0, 2, Math.abs(x), 5.5
7, 7666, -1.0, 1.0, -3.5, 5.0, 0, 4, Math.abs(x), 6.0
7, 7667, -1.0, 1.0, -3.0, 0.0, 0, 0, Math.abs(x), 1.0
7, 7668, -1.0, 1.0, -3.0, 0.5, 0, 0, Math.abs(x), 1.5
7, 7669, -1.0, 1.0, -3.0, 1.0, 0, 0, Math.abs(x), 2.0
7, 7670, -1.0, 1.0, -3.0, 1.5, 0, 0, Math.abs(x), 2.5
7, 7671, -1.0, 1.0, -3.0, 2.0, 0, 0, Math.abs(x), 3.0
7, 7672, -1.0, 1.0, -3.0, 2.5, 0, 0, Math.abs(x), 3.5
7, 7673, -1.0, 1.0, -3.0, 3.0, 0, 0, Math.abs(x), 4.0
7, 7674, -1.0, 1.0, -3.0, 3.5, 0, 0, Math.abs(x), 4.5
7, 7675, -1.0, 1.0, -3.0, 4.0, 0, 1, Math.abs(x), 5.0
7, 7676, -1.0, 1.0, -3.0, 4.5, 0, 4, Math.abs(x), 5.5
7, 7677, -1.0, 1.0, -3.0, 5.0, 0, 14, Math.abs(x), 6.0
7, 7678, -1.0, 1.0, -2.5, 0.0, 0, 0, Math.abs(x), 1.0
7, 7679, -1.0, 1.0, -2.5, 0.5, 0, 0, Math.abs(x), 1.5
7, 7680, -1.0, 1.0, -2.5, 1.0, 0, 0, Math.abs(x), 2.0
7, 7681, -1.0, 1.0, -2.5, 1.5, 0, 0, Math.abs(x), 2.5
7, 7682, -1.0, 1.0, -2.5, 2.0, 0, 0, Math.abs(x), 3.0
7, 7683, -1.0, 1.0, -2.5, 2.5, 0, 0, Math.abs(x), 3.5
7, 7684, -1.0, 1.0, -2.5, 3.0, 0, 0, Math.abs(x), 4.0
7, 7685, -1.0, 1.0, -2.5, 3.5, 0, 0, Math.abs(x), 4.5
7, 7686, -1.0, 1.0, -2.5, 4.0, 0, 4, Math.abs(x), 5.0
7, 7687, -1.0, 1.0, -2.5, 4.5, 0, 14, Math.abs(x), 5.5
7, 7688, -1.0, 1.0, -2.5, 5.0, 6, 81, Math.round(), -2.5
7, 7689, -1.0, 1.0, -2.0, 0.0, 0, 0, Math.abs(x), 1.0
7, 7690, -1.0, 1.0, -2.0, 0.5, 0, 0, Math.abs(x), 1.5
7, 7691, -1.0, 1.0, -2.0, 1.0, 0, 0, Math.abs(x), 2.0
7, 7692, -1.0, 1.0, -2.0, 1.5, 0, 0, Math.abs(x), 2.5
7, 7693, -1.0, 1.0, -2.0, 2.0, 0, 0, Math.abs(x), 3.0
7, 7694, -1.0, 1.0, -2.0, 2.5, 0, 0, Math.abs(x), 3.5
7, 7695, -1.0, 1.0, -2.0, 3.0, 0, 0, Math.abs(x), 4.0
7, 7696, -1.0, 1.0, -2.0, 3.5, 0, 4, Math.abs(x), 4.5
7, 7697, -1.0, 1.0, -2.0, 4.0, 0, 16, Math.abs(x), 5.0
7, 7698, -1.0, 1.0, -2.0, 4.5, 6, 101, Math.round(), -2.0
7, 7699, -1.0, 1.0, -2.0, 5.0, 6, 106, Math.round(), -2.0
7, 7700, -1.0, 1.0, -1.5, 0.0, 0, 0, Math.abs(x), 1.0
7, 7701, -1.0, 1.0, -1.5, 0.5, 0, 0, Math.abs(x), 1.5
7, 7702, -1.0, 1.0, -1.5, 1.0, 0, 0, Math.abs(x), 2.0
7, 7703, -1.0, 1.0, -1.5, 1.5, 0, 0, Math.abs(x), 2.5
7, 7704, -1.0, 1.0, -1.5, 2.0, 0, 0, Math.abs(x), 3.0
7, 7705, -1.0, 1.0, -1.5, 2.5, 0, 0, Math.abs(x), 3.5
7, 7706, -1.0, 1.0, -1.5, 3.0, 0, 4, Math.abs(x), 4.0
7, 7707, -1.0, 1.0, -1.5, 3.5, 0, 27, Math.abs(x), 4.5
7, 7708, -1.0, 1.0, -1.5, 4.0, 6, 112, Math.round(), -1.5
7, 7709, -1.0, 1.0, -1.5, 4.5, 7, 137, hashCode(), -4.0
7, 7710, -1.0, 1.0, -1.5, 5.0, 7, 144, hashCode(), -4.0
7, 7711, -1.0, 1.0, -1.0, 0.0, 0, 0, Math.abs(x), 1.0
7, 7712, -1.0, 1.0, -1.0, 0.5, 0, 0, Math.abs(x), 1.5
7, 7713, -1.0, 1.0, -1.0, 1.0, 0, 0, Math.abs(x), 2.0
7, 7714, -1.0, 1.0, -1.0, 1.5, 0, 0, Math.abs(x), 2.5
7, 7715, -1.0, 1.0, -1.0, 2.0, 0, 0, Math.abs(x), 3.0
7, 7716, -1.0, 1.0, -1.0, 2.5, 0, 8, Math.abs(x), 3.5
7, 7717, -1.0, 1.0, -1.0, 3.0, 0, 35, Math.abs(x), 4.0
7, 7718, -1.0, 1.0, -1.0, 3.5, 7, 138, hashCode(), -3.0
7, 7719, -1.0, 1.0, -1.0, 4.0, 7, 145, hashCode(), -3.0
7, 7720, -1.0, 1.0, -1.0, 4.5, 7, 160, hashCode(), -3.0
7, 7721, -1.0, 1.0, -1.0, 5.0, 7, 166, hashCode(), -3.0
7, 7722, -1.0, 1.0, -0.5, 0.0, 0, 0, Math.abs(x), 1.0
7, 7723, -1.0, 1.0, -0.5, 0.5, 0, 0, Math.abs(x), 1.5
7, 7724, -1.0, 1.0, -0.5, 1.0, 0, 0, Math.abs(x), 2.0
7, 7725, -1.0, 1.0, -0.5, 1.5, 0, 0, Math.abs(x), 2.5
7, 7726, -1.0, 1.0, -0.5, 2.0, 0, 8, Math.abs(x), 3.0
7, 7727, -1.0, 1.0, -0.5, 2.5, 7, 141, hashCode(), -2.0
7, 7728, -1.0, 1.0, -0.5, 3.0, 7, 163, hashCode(), -2.0
7, 7729, -1.0, 1.0, -0.5, 3.5, 7, 165, hashCode(), -2.0
7, 7730, -1.0, 1.0, -0.5, 4.0, 7, 170, hashCode(), -2.0
7, 7731, -1.0, 1.0, -0.5, 4.5, 7, 180, hashCode(), -2.0
7, 7732, -1.0, 1.0, -0.5, 5.0, 7, 182, hashCode(), -2.0
7, 7733, -1.0, 1.0, 0.0, 0.0, 6, 29, Math.round(), 0.0
7, 7734, -1.0, 1.0, 0.0, 0.5, 0, 0, Math.abs(x), 1.5
7, 7735, -1.0, 1.0, 0.0, 1.0, 0, 0, Math.abs(x), 2.0
7, 7736, -1.0, 1.0, 0.0, 1.5, 0, 2, Math.abs(x), 2.5
7, 7737, -1.0, 1.0, 0.0, 2.0, 7, 194, hashCode(), -1.0
7, 7738, -1.0, 1.0, 0.0, 2.5, 7, 207, hashCode(), -1.0
7, 7739, -1.0, 1.0, 0.0, 3.0, 7, 207, hashCode(), -1.0
7, 7740, -1.0, 1.0, 0.0, 3.5, 7, 207, hashCode(), -1.0
7, 7741, -1.0, 1.0, 0.0, 4.0, 7, 207, hashCode(), -1.0
7, 7742, -1.0, 1.0, 0.0, 4.5, 7, 207, hashCode(), -1.0
7, 7743, -1.0, 1.0, 0.0, 5.0, 7, 207, hashCode(), -1.0
7, 7744, -0.5, 1.0, -5.0, 0.0, 0, 0, Math.abs(x), 2.0
7, 7745, -0.5, 1.0, -5.0, 0.5, 0, 0, Math.abs(x), 2.5
7, 7746, -0.5, 1.0, -5.0, 1.0, 0, 0, Math.abs(x), 3.0
7, 7747, -0.5, 1.0, -5.0, 1.5, 0, 0, Math.abs(x), 3.5
7, 7748, -0.5, 1.0, -5.0, 2.0, 0, 0, Math.abs(x), 4.0
7, 7749, -0.5, 1.0, -5.0, 2.5, 0, 0, Math.abs(x), 4.5
7, 7750, -0.5, 1.0, -5.0, 3.0, 0, 0, Math.abs(x), 5.0
7, 7751, -0.5, 1.0, -5.0, 3.5, 0, 0, Math.abs(x), 5.5
7, 7752, -0.5, 1.0, -5.0, 4.0, 0, 0, Math.abs(x), 6.0
7, 7753, -0.5, 1.0, -5.0, 4.5, 0, 0, Math.abs(x), 6.5
7, 7754, -0.5, 1.0, -5.0, 5.0, 0, 2, Math.abs(x), 7.0
7, 7755, -0.5, 1.0, -4.5, 0.0, 0, 0, Math.abs(x), 2.0
7, 7756, -0.5, 1.0, -4.5, 0.5, 0, 0, Math.abs(x), 2.5
7, 7757, -0.5, 1.0, -4.5, 1.0, 0, 0, Math.abs(x), 3.0
7, 7758, -0.5, 1.0, -4.5, 1.5, 0, 0, Math.abs(x), 3.5
7, 7759, -0.5, 1.0, -4.5, 2.0, 0, 0, Math.abs(x), 4.0
7, 7760, -0.5, 1.0, -4.5, 2.5, 0, 0, Math.abs(x), 4.5
7, 7761, -0.5, 1.0, -4.5, 3.0, 0, 0, Math.abs(x), 5.0
7, 7762, -0.5, 1.0, -4.5, 3.5, 0, 0, Math.abs(x), 5.5
7, 7763, -0.5, 1.0, -4.5, 4.0, 0, 0, Math.abs(x), 6.0
7, 7764, -0.5, 1.0, -4.5, 4.5, 0, 1, Math.abs(x), 6.5
7, 7765, -0.5, 1.0, -4.5, 5.0, 0, 2, Math.abs(x), 7.0
7, 7766, -0.5, 1.0, -4.0, 0.0, 0, 0, Math.abs(x), 2.0
7, 7767, -0.5, 1.0, -4.0, 0.5, 0, 0, Math.abs(x), 2.5
7, 7768, -0.5, 1.0, -4.0, 1.0, 0, 0, Math.abs(x), 3.0
7, 7769, -0.5, 1.0, -4.0, 1.5, 0, 0, Math.abs(x), 3.5
7, 7770, -0.5, 1.0, -4.0, 2.0, 0, 0, Math.abs(x), 4.0
7, 7771, -0.5, 1.0, -4.0, 2.5, 0, 0, Math.abs(x), 4.5
7, 7772, -0.5, 1.0, -4.0, 3.0, 0, 0, Math.abs(x), 5.0
7, 7773, -0.5, 1.0, -4.0, 3.5, 0, 0, Math.abs(x), 5.5
7, 7774, -0.5, 1.0, -4.0, 4.0, 0, 0, Math.abs(x), 6.0
7, 7775, -0.5, 1.0, -4.0, 4.5, 0, 2, Math.abs(x), 6.5
7, 7776, -0.5, 1.0, -4.0, 5.0, 0, 10, Math.abs(x), 7.0
7, 7777, -0.5, 1.0, -3.5, 0.0, 0, 0, Math.abs(x), 2.0
7, 7778, -0.5, 1.0, -3.5, 0.5, 0, 0, Math.abs(x), 2.5
7, 7779, -0.5, 1.0, -3.5, 1.0, 0, 0, Math.abs(x), 3.0
7, 7780, -0.5, 1.0, -3.5, 1.5, 0, 0, Math.abs(x), 3.5
7, 7781, -0.5, 1.0, -3.5, 2.0, 0, 0, Math.abs(x), 4.0
7, 7782, -0.5, 1.0, -3.5, 2.5, 0, 0, Math.abs(x), 4.5
7, 7783, -0.5, 1.0, -3.5, 3.0, 0, 0, Math.abs(x), 5.0
7, 7784, -0.5, 1.0, -3.5, 3.5, 0, 0, Math.abs(x), 5.5
7, 7785, -0.5, 1.0, -3.5, 4.0, 0, 2, Math.abs(x), 6.0
7, 7786, -0.5, 1.0, -3.5, 4.5, 0, 10, Math.abs(x), 6.5
7, 7787, -0.5, 1.0, -3.5, 5.0, 6, 66, Math.round(), -3.0
7, 7788, -0.5, 1.0, -3.0, 0.0, 0, 0, Math.abs(x), 2.0
7, 7789, -0.5, 1.0, -3.0, 0.5, 0, 0, Math.abs(x), 2.5
7, 7790, -0.5, 1.0, -3.0, 1.0, 0, 0, Math.abs(x), 3.0
7, 7791, -0.5, 1.0, -3.0, 1.5, 0, 0, Math.abs(x), 3.5
7, 7792, -0.5, 1.0, -3.0, 2.0, 0, 0, Math.abs(x), 4.0
7, 7793, -0.5, 1.0, -3.0, 2.5, 0, 0, Math.abs(x), 4.5
7, 7794, -0.5, 1.0, -3.0, 3.0, 0, 0, Math.abs(x), 5.0
7, 7795, -0.5, 1.0, -3.0, 3.5, 0, 2, Math.abs(x), 5.5
7, 7796, -0.5, 1.0, -3.0, 4.0, 0, 10, Math.abs(x), 6.0
7, 7797, -0.5, 1.0, -3.0, 4.5, 6, 66, Math.round(), -2.5
7, 7798, -0.5, 1.0, -3.0, 5.0, 6, 88, Math.round(), -2.5
7, 7799, -0.5, 1.0, -2.5, 0.0, 0, 0, Math.abs(x), 2.0
7, 7800, -0.5, 1.0, -2.5, 0.5, 0, 0, Math.abs(x), 2.5
7, 7801, -0.5, 1.0, -2.5, 1.0, 0, 0, Math.abs(x), 3.0
7, 7802, -0.5, 1.0, -2.5, 1.5, 0, 0, Math.abs(x), 3.5
7, 7803, -0.5, 1.0, -2.5, 2.0, 0, 0, Math.abs(x), 4.0
7, 7804, -0.5, 1.0, -2.5, 2.5, 0, 0, Math.abs(x), 4.5
7, 7805, -0.5, 1.0, -2.5, 3.0, 0, 1, Math.abs(x), 5.0
7, 7806, -0.5, 1.0, -2.5, 3.5, 0, 10, Math.abs(x), 5.5
7, 7807, -0.5, 1.0, -2.5, 4.0, 6, 87, Math.round(), -2.0
7, 7808, -0.5, 1.0, -2.5, 4.5, 7, 131, hashCode(), -5.5
7, 7809, -0.5, 1.0, -2.5, 5.0, 7, 129, hashCode(), -5.5
7, 7810, -0.5, 1.0, -2.0, 0.0, 0, 0, Math.abs(x), 2.0
7, 7811, -0.5, 1.0, -2.0, 0.5, 0, 0, Math.abs(x), 2.5
7, 7812, -0.5, 1.0, -2.0, 1.0, 0, 0, Math.abs(x), 3.0
7, 7813, -0.5, 1.0, -2.0, 1.5, 0, 0, Math.abs(x), 3.5
7, 7814, -0.5, 1.0, -2.0, 2.0, 0, 0, Math.abs(x), 4.0
7, 7815, -0.5, 1.0, -2.0, 2.5, 0, 0, Math.abs(x), 4.5
7, 7816, -0.5, 1.0, -2.0, 3.0, 0, 14, Math.abs(x), 5.0
7, 7817, -0.5, 1.0, -2.0, 3.5, 7, 128, hashCode(), -4.5
7, 7818, -0.5, 1.0, -2.0, 4.0, 7, 135, hashCode(), -4.5
7, 7819, -0.5, 1.0, -2.0, 4.5, 7, 135, hashCode(), -4.5
7, 7820, -0.5, 1.0, -2.0, 5.0, 7, 142, hashCode(), -4.5
7, 7821, -0.5, 1.0, -1.5, 0.0, 0, 0, Math.abs(x), 2.0
7, 7822, -0.5, 1.0, -1.5, 0.5, 0, 0, Math.abs(x), 2.5
7, 7823, -0.5, 1.0, -1.5, 1.0, 0, 0, Math.abs(x), 3.0
7, 7824, -0.5, 1.0, -1.5, 1.5, 0, 0, Math.abs(x), 3.5
7, 7825, -0.5, 1.0, -1.5, 2.0, 0, 1, Math.abs(x), 4.0
7, 7826, -0.5, 1.0, -1.5, 2.5, 0, 14, Math.abs(x), 4.5
7, 7827, -0.5, 1.0, -1.5, 3.0, 7, 132, hashCode(), -3.5
7, 7828, -0.5, 1.0, -1.5, 3.5, 7, 135, hashCode(), -3.5
7, 7829, -0.5, 1.0, -1.5, 4.0, 7, 143, hashCode(), -3.5
7, 7830, -0.5, 1.0, -1.5, 4.5, 7, 158, hashCode(), -3.5
7, 7831, -0.5, 1.0, -1.5, 5.0, 7, 159, hashCode(), -3.5
7, 7832, -0.5, 1.0, -1.0, 0.0, 0, 0, Math.abs(x), 2.0
7, 7833, -0.5, 1.0, -1.0, 0.5, 0, 0, Math.abs(x), 2.5
7, 7834, -0.5, 1.0, -1.0, 1.0, 0, 0, Math.abs(x), 3.0
7, 7835, -0.5, 1.0, -1.0, 1.5, 0, 0, Math.abs(x), 3.5
7, 7836, -0.5, 1.0, -1.0, 2.0, 0, 21, Math.abs(x), 4.0
7, 7837, -0.5, 1.0, -1.0, 2.5, 7, 137, hashCode(), -2.5
7, 7838, -0.5, 1.0, -1.0, 3.0, 7, 147, hashCode(), -2.5
7, 7839, -0.5, 1.0, -1.0, 3.5, 7, 161, hashCode(), -2.5
7, 7840, -0.5, 1.0, -1.0, 4.0, 7, 165, hashCode(), -2.5
7, 7841, -0.5, 1.0, -1.0, 4.5, 7, 170, hashCode(), -2.5
7, 7842, -0.5, 1.0, -1.0, 5.0, 7, 178, hashCode(), -2.5
7, 7843, -0.5, 1.0, -0.5, 0.0, 0, 0, Math.abs(x), 2.0
7, 7844, -0.5, 1.0, -0.5, 0.5, 0, 0, Math.abs(x), 2.5
7, 7845, -0.5, 1.0, -0.5, 1.0, 0, 0, Math.abs(x), 3.0
7, 7846, -0.5, 1.0, -0.5, 1.5, 0, 14, Math.abs(x), 3.5
7, 7847, -0.5, 1.0, -0.5, 2.0, 7, 172, hashCode(), -1.5
7, 7848, -0.5, 1.0, -0.5, 2.5, 7, 178, hashCode(), -1.5
7, 7849, -0.5, 1.0, -0.5, 3.0, 7, 187, hashCode(), -1.5
7, 7850, -0.5, 1.0, -0.5, 3.5, 7, 190, hashCode(), -1.5
7, 7851, -0.5, 1.0, -0.5, 4.0, 7, 192, hashCode(), -1.5
7, 7852, -0.5, 1.0, -0.5, 4.5, 7, 193, hashCode(), -1.5
7, 7853, -0.5, 1.0, -0.5, 5.0, 7, 196, hashCode(), -1.5
7, 7854, -0.5, 1.0, 0.0, 0.0, 7, 196, hashCode(), -0.5
7, 7855, -0.5, 1.0, 0.0, 0.5, 0, 0, Math.abs(x), 2.5
7, 7856, -0.5, 1.0, 0.0, 1.0, 0, 77, Math.abs(x), 3.0
7, 7857, -0.5, 1.0, 0.0, 1.5, 7, 210, hashCode(), -0.5
7, 7858, -0.5, 1.0, 0.0, 2.0, 7, 210, hashCode(), -0.5
7, 7859, -0.5, 1.0, 0.0, 2.5, 7, 210, hashCode(), -0.5
7, 7860, -0.5, 1.0, 0.0, 3.0, 7, 210, hashCode(), -0.5
7, 7861, -0.5, 1.0, 0.0, 3.5, 7, 210, hashCode(), -0.5
7, 7862, -0.5, 1.0, 0.0, 4.0, 7, 210, hashCode(), -0.5
7, 7863, -0.5, 1.0, 0.0, 4.5, 7, 210, hashCode(), -0.5
7, 7864, -0.5, 1.0, 0.0, 5.0, 7, 210, hashCode(), -0.5
7, 7865, 0.0, 1.0, -5.0, 0.0, 0, 2, Math.abs(x), 3.0
7, 7866, 0.0, 1.0, -5.0, 0.5, 0, 2, Math.abs(x), 3.5
7, 7867, 0.0, 1.0, -5.0, 1.0, 0, 2, Math.abs(x), 4.0
7, 7868, 0.0, 1.0, -5.0, 1.5, 0, 2, Math.abs(x), 4.5
7, 7869, 0.0, 1.0, -5.0, 2.0, 0, 2, Math.abs(x), 5.0
7, 7870, 0.0, 1.0, -5.0, 2.5, 0, 2, Math.abs(x), 5.5
7, 7871, 0.0, 1.0, -5.0, 3.0, 0, 2, Math.abs(x), 6.0
7, 7872, 0.0, 1.0, -5.0, 3.5, 0, 2, Math.abs(x), 6.5
7, 7873, 0.0, 1.0, -5.0, 4.0, 0, 2, Math.abs(x), 7.0
7, 7874, 0.0, 1.0, -5.0, 4.5, 0, 4, Math.abs(x), 7.5
7, 7875, 0.0, 1.0, -5.0, 5.0, 0, 11, Math.abs(x), 8.0
7, 7876, 0.0, 1.0, -4.5, 0.0, 0, 2, Math.abs(x), 3.0
7, 7877, 0.0, 1.0, -4.5, 0.5, 0, 2, Math.abs(x), 3.5
7, 7878, 0.0, 1.0, -4.5, 1.0, 0, 2, Math.abs(x), 4.0
7, 7879, 0.0, 1.0, -4.5, 1.5, 0, 2, Math.abs(x), 4.5
7, 7880, 0.0, 1.0, -4.5, 2.0, 0, 2, Math.abs(x), 5.0
7, 7881, 0.0, 1.0, -4.5, 2.5, 0, 2, Math.abs(x), 5.5
7, 7882, 0.0, 1.0, -4.5, 3.0, 0, 2, Math.abs(x), 6.0
7, 7883, 0.0, 1.0, -4.5, 3.5, 0, 2, Math.abs(x), 6.5
7, 7884, 0.0, 1.0, -4.5, 4.0, 0, 4, Math.abs(x), 7.0
7, 7885, 0.0, 1.0, -4.5, 4.5, 0, 11, Math.abs(x), 7.5
7, 7886, 0.0, 1.0, -4.5, 5.0, 6, 61, Math.round(), -3.5
7, 7887, 0.0, 1.0, -4.0, 0.0, 0, 2, Math.abs(x), 3.0
7, 7888, 0.0, 1.0, -4.0, 0.5, 0, 2, Math.abs(x), 3.5
7, 7889, 0.0, 1.0, -4.0, 1.0, 0, 2, Math.abs(x), 4.0
7, 7890, 0.0, 1.0, -4.0, 1.5, 0, 2, Math.abs(x), 4.5
7, 7891, 0.0, 1.0, -4.0, 2.0, 0, 2, Math.abs(x), 5.0
7, 7892, 0.0, 1.0, -4.0, 2.5, 0, 2, Math.abs(x), 5.5
7, 7893, 0.0, 1.0, -4.0, 3.0, 0, 2, Math.abs(x), 6.0
7, 7894, 0.0, 1.0, -4.0, 3.5, 0, 3, Math.abs(x), 6.5
7, 7895, 0.0, 1.0, -4.0, 4.0, 0, 11, Math.abs(x), 7.0
7, 7896, 0.0, 1.0, -4.0, 4.5, 6, 61, Math.round(), -3.0
7, 7897, 0.0, 1.0, -4.0, 5.0, 6, 66, Math.round(), -3.0
7, 7898, 0.0, 1.0, -3.5, 0.0, 0, 2, Math.abs(x), 3.0
7, 7899, 0.0, 1.0, -3.5, 0.5, 0, 2, Math.abs(x), 3.5
7, 7900, 0.0, 1.0, -3.5, 1.0, 0, 2, Math.abs(x), 4.0
7, 7901, 0.0, 1.0, -3.5, 1.5, 0, 2, Math.abs(x), 4.5
7, 7902, 0.0, 1.0, -3.5, 2.0, 0, 2, Math.abs(x), 5.0
7, 7903, 0.0, 1.0, -3.5, 2.5, 0, 2, Math.abs(x), 5.5
7, 7904, 0.0, 1.0, -3.5, 3.0, 0, 2, Math.abs(x), 6.0
7, 7905, 0.0, 1.0, -3.5, 3.5, 0, 11, Math.abs(x), 6.5
7, 7906, 0.0, 1.0, -3.5, 4.0, 6, 61, Math.round(), -2.5
7, 7907, 0.0, 1.0, -3.5, 4.5, 7, 127, hashCode(), -7.0
7, 7908, 0.0, 1.0, -3.5, 5.0, 7, 131, hashCode(), -7.0
7, 7909, 0.0, 1.0, -3.0, 0.0, 0, 2, Math.abs(x), 3.0
7, 7910, 0.0, 1.0, -3.0, 0.5, 0, 2, Math.abs(x), 3.5
7, 7911, 0.0, 1.0, -3.0, 1.0, 0, 2, Math.abs(x), 4.0
7, 7912, 0.0, 1.0, -3.0, 1.5, 0, 2, Math.abs(x), 4.5
7, 7913, 0.0, 1.0, -3.0, 2.0, 0, 2, Math.abs(x), 5.0
7, 7914, 0.0, 1.0, -3.0, 2.5, 0, 2, Math.abs(x), 5.5
7, 7915, 0.0, 1.0, -3.0, 3.0, 0, 11, Math.abs(x), 6.0
7, 7916, 0.0, 1.0, -3.0, 3.5, 7, 114, hashCode(), -6.0
7, 7917, 0.0, 1.0, -3.0, 4.0, 7, 128, hashCode(), -6.0
7, 7918, 0.0, 1.0, -3.0, 4.5, 7, 131, hashCode(), -6.0
7, 7919, 0.0, 1.0, -3.0, 5.0, 7, 129, hashCode(), -6.0
7, 7920, 0.0, 1.0, -2.5, 0.0, 0, 2, Math.abs(x), 3.0
7, 7921, 0.0, 1.0, -2.5, 0.5, 0, 2, Math.abs(x), 3.5
7, 7922, 0.0, 1.0, -2.5, 1.0, 0, 2, Math.abs(x), 4.0
7, 7923, 0.0, 1.0, -2.5, 1.5, 0, 2, Math.abs(x), 4.5
7, 7924, 0.0, 1.0, -2.5, 2.0, 0, 2, Math.abs(x), 5.0
7, 7925, 0.0, 1.0, -2.5, 2.5, 0, 14, Math.abs(x), 5.5
7, 7926, 0.0, 1.0, -2.5, 3.0, 7, 115, hashCode(), -5.0
7, 7927, 0.0, 1.0, -2.5, 3.5, 7, 131, hashCode(), -5.0
7, 7928, 0.0, 1.0, -2.5, 4.0, 7, 135, hashCode(), -5.0
7, 7929, 0.0, 1.0, -2.5, 4.5, 7, 135, hashCode(), -5.0
7, 7930, 0.0, 1.0, -2.5, 5.0, 7, 143, hashCode(), -5.0
7, 7931, 0.0, 1.0, -2.0, 0.0, 0, 2, Math.abs(x), 3.0
7, 7932, 0.0, 1.0, -2.0, 0.5, 0, 2, Math.abs(x), 3.5
7, 7933, 0.0, 1.0, -2.0, 1.0, 0, 2, Math.abs(x), 4.0
7, 7934, 0.0, 1.0, -2.0, 1.5, 0, 3, Math.abs(x), 4.5
7, 7935, 0.0, 1.0, -2.0, 2.0, 0, 13, Math.abs(x), 5.0
7, 7936, 0.0, 1.0, -2.0, 2.5, 7, 124, hashCode(), -4.0
7, 7937, 0.0, 1.0, -2.0, 3.0, 7, 132, hashCode(), -4.0
7, 7938, 0.0, 1.0, -2.0, 3.5, 7, 136, hashCode(), -4.0
7, 7939, 0.0, 1.0, -2.0, 4.0, 7, 143, hashCode(), -4.0
7, 7940, 0.0, 1.0, -2.0, 4.5, 7, 145, hashCode(), -4.0
7, 7941, 0.0, 1.0, -2.0, 5.0, 7, 158, hashCode(), -4.0
7, 7942, 0.0, 1.0, -1.5, 0.0, 0, 2, Math.abs(x), 3.0
7, 7943, 0.0, 1.0, -1.5, 0.5, 0, 2, Math.abs(x), 3.5
7, 7944, 0.0, 1.0, -1.5, 1.0, 0, 2, Math.abs(x), 4.0
7, 7945, 0.0, 1.0, -1.5, 1.5, 0, 10, Math.abs(x), 4.5
7, 7946, 0.0, 1.0, -1.5, 2.0, 7, 130, hashCode(), -3.0
7, 7947, 0.0, 1.0, -1.5, 2.5, 7, 136, hashCode(), -3.0
7, 7948, 0.0, 1.0, -1.5, 3.0, 7, 143, hashCode(), -3.0
7, 7949, 0.0, 1.0, -1.5, 3.5, 7, 159, hashCode(), -3.0
7, 7950, 0.0, 1.0, -1.5, 4.0, 7, 161, hashCode(), -3.0
7, 7951, 0.0, 1.0, -1.5, 4.5, 7, 167, hashCode(), -3.0
7, 7952, 0.0, 1.0, -1.5, 5.0, 7, 170, hashCode(), -3.0
7, 7953, 0.0, 1.0, -1.0, 0.0, 0, 2, Math.abs(x), 3.0
7, 7954, 0.0, 1.0, -1.0, 0.5, 0, 2, Math.abs(x), 3.5
7, 7955, 0.0, 1.0, -1.0, 1.0, 0, 12, Math.abs(x), 4.0
7, 7956, 0.0, 1.0, -1.0, 1.5, 7, 153, hashCode(), -2.0
7, 7957, 0.0, 1.0, -1.0, 2.0, 7, 152, hashCode(), -2.0
7, 7958, 0.0, 1.0, -1.0, 2.5, 7, 172, hashCode(), -2.0
7, 7959, 0.0, 1.0, -1.0, 3.0, 7, 175, hashCode(), -2.0
7, 7960, 0.0, 1.0, -1.0, 3.5, 7, 186, hashCode(), -2.0
7, 7961, 0.0, 1.0, -1.0, 4.0, 7, 186, hashCode(), -2.0
7, 7962, 0.0, 1.0, -1.0, 4.5, 7, 188, hashCode(), -2.0
7, 7963, 0.0, 1.0, -1.0, 5.0, 7, 188, hashCode(), -2.0
7, 7964, 0.0, 1.0, -0.5, 0.0, 0, 2, Math.abs(x), 3.0
7, 7965, 0.0, 1.0, -0.5, 0.5, 0, 13, Math.abs(x), 3.5
7, 7966, 0.0, 1.0, -0.5, 1.0, 7, 180, hashCode(), -1.0
7, 7967, 0.0, 1.0, -0.5, 1.5, 7, 191, hashCode(), -1.0
7, 7968, 0.0, 1.0, -0.5, 2.0, 7, 190, hashCode(), -1.0
7, 7969, 0.0, 1.0, -0.5, 2.5, 7, 192, hashCode(), -1.0
7, 7970, 0.0, 1.0, -0.5, 3.0, 7, 196, hashCode(), -1.0
7, 7971, 0.0, 1.0, -0.5, 3.5, 7, 196, hashCode(), -1.0
7, 7972, 0.0, 1.0, -0.5, 4.0, 7, 198, hashCode(), -1.0
7, 7973, 0.0, 1.0, -0.5, 4.5, 7, 198, hashCode(), -1.0
7, 7974, 0.0, 1.0, -0.5, 5.0, 7, 198, hashCode(), -1.0
7, 7975, 0.0, 1.0, 0.0, 0.0, 7, 211, hashCode(), 0.0
7, 7976, 0.0, 1.0, 0.0, 0.5, 7, 210, hashCode(), 0.0
7, 7977, 0.0, 1.0, 0.0, 1.0, 7, 210, hashCode(), 0.0
7, 7978, 0.0, 1.0, 0.0, 1.5, 7, 210, hashCode(), 0.0
7, 7979, 0.0, 1.0, 0.0, 2.0, 7, 210, hashCode(), 0.0
7, 7980, 0.0, 1.0, 0.0, 2.5, 7, 210, hashCode(), 0.0
7, 7981, 0.0, 1.0, 0.0, 3.0, 7, 210, hashCode(), 0.0
7, 7982, 0.0, 1.0, 0.0, 3.5, 7, 210, hashCode(), 0.0
7, 7983, 0.0, 1.0, 0.0, 4.0, 7, 210, hashCode(), 0.0
7, 7984, 0.0, 1.0, 0.0, 4.5, 7, 210, hashCode(), 0.0
7, 7985, 0.0, 1.0, 0.0, 5.0, 7, 210, hashCode(), 0.0
