7, 14641, -5.0, 1.0, -5.0, 0.0, 1, 2, Math.abs(), -3.0
7, 14642, -5.0, 1.0, -5.0, 0.5, 1, 2, Math.abs(), -3.0
7, 14643, -5.0, 1.0, -5.0, 1.0, 1, 2, Math.abs(), -3.0
7, 14644, -5.0, 1.0, -5.0, 1.5, 1, 2, Math.abs(), -3.0
7, 14645, -5.0, 1.0, -5.0, 2.0, 1, 2, Math.abs(), -3.0
7, 14646, -5.0, 1.0, -5.0, 2.5, 1, 2, Math.abs(), -3.0
7, 14647, -5.0, 1.0, -5.0, 3.0, 1, 2, Math.abs(), -3.0
7, 14648, -5.0, 1.0, -5.0, 3.5, 1, 2, Math.abs(), -3.0
7, 14649, -5.0, 1.0, -5.0, 4.0, 1, 2, Math.abs(), -3.0
7, 14650, -5.0, 1.0, -5.0, 4.5, 0, 2, Math.abs(x), -3.5
7, 14651, -5.0, 1.0, -5.0, 5.0, 0, 1, Math.abs(x), -3.0
7, 14652, -5.0, 1.0, -4.5, 0.0, 1, 2, Math.abs(), -3.0
7, 14653, -5.0, 1.0, -4.5, 0.5, 1, 2, Math.abs(), -3.0
7, 14654, -5.0, 1.0, -4.5, 1.0, 1, 2, Math.abs(), -3.0
7, 14655, -5.0, 1.0, -4.5, 1.5, 1, 2, Math.abs(), -3.0
7, 14656, -5.0, 1.0, -4.5, 2.0, 1, 2, Math.abs(), -3.0
7, 14657, -5.0, 1.0, -4.5, 2.5, 1, 2, Math.abs(), -3.0
7, 14658, -5.0, 1.0, -4.5, 3.0, 1, 2, Math.abs(), -3.0
7, 14659, -5.0, 1.0, -4.5, 3.5, 1, 2, Math.abs(), -3.0
7, 14660, -5.0, 1.0, -4.5, 4.0, 1, 2, Math.abs(), -3.0
7, 14661, -5.0, 1.0, -4.5, 4.5, 0, 2, Math.abs(x), -3.5
7, 14662, -5.0, 1.0, -4.5, 5.0, 0, 1, Math.abs(x), -3.0
7, 14663, -5.0, 1.0, -4.0, 0.0, 1, 2, Math.abs(), -3.0
7, 14664, -5.0, 1.0, -4.0, 0.5, 1, 2, Math.abs(), -3.0
7, 14665, -5.0, 1.0, -4.0, 1.0, 1, 2, Math.abs(), -3.0
7, 14666, -5.0, 1.0, -4.0, 1.5, 1, 2, Math.abs(), -3.0
7, 14667, -5.0, 1.0, -4.0, 2.0, 1, 2, Math.abs(), -3.0
7, 14668, -5.0, 1.0, -4.0, 2.5, 1, 2, Math.abs(), -3.0
7, 14669, -5.0, 1.0, -4.0, 3.0, 1, 2, Math.abs(), -3.0
7, 14670, -5.0, 1.0, -4.0, 3.5, 1, 2, Math.abs(), -3.0
7, 14671, -5.0, 1.0, -4.0, 4.0, 1, 2, Math.abs(), -3.0
7, 14672, -5.0, 1.0, -4.0, 4.5, 0, 2, Math.abs(x), -3.5
7, 14673, -5.0, 1.0, -4.0, 5.0, 0, 1, Math.abs(x), -3.0
7, 14674, -5.0, 1.0, -3.5, 0.0, 1, 2, Math.abs(), -3.0
7, 14675, -5.0, 1.0, -3.5, 0.5, 1, 2, Math.abs(), -3.0
7, 14676, -5.0, 1.0, -3.5, 1.0, 1, 2, Math.abs(), -3.0
7, 14677, -5.0, 1.0, -3.5, 1.5, 1, 2, Math.abs(), -3.0
7, 14678, -5.0, 1.0, -3.5, 2.0, 1, 2, Math.abs(), -3.0
7, 14679, -5.0, 1.0, -3.5, 2.5, 1, 2, Math.abs(), -3.0
7, 14680, -5.0, 1.0, -3.5, 3.0, 1, 2, Math.abs(), -3.0
7, 14681, -5.0, 1.0, -3.5, 3.5, 1, 2, Math.abs(), -3.0
7, 14682, -5.0, 1.0, -3.5, 4.0, 1, 2, Math.abs(), -3.0
7, 14683, -5.0, 1.0, -3.5, 4.5, 0, 2, Math.abs(x), -3.5
7, 14684, -5.0, 1.0, -3.5, 5.0, 0, 1, Math.abs(x), -3.0
7, 14685, -5.0, 1.0, -3.0, 0.0, 1, 2, Math.abs(), -3.0
7, 14686, -5.0, 1.0, -3.0, 0.5, 1, 2, Math.abs(), -3.0
7, 14687, -5.0, 1.0, -3.0, 1.0, 1, 2, Math.abs(), -3.0
7, 14688, -5.0, 1.0, -3.0, 1.5, 1, 2, Math.abs(), -3.0
7, 14689, -5.0, 1.0, -3.0, 2.0, 1, 2, Math.abs(), -3.0
7, 14690, -5.0, 1.0, -3.0, 2.5, 1, 2, Math.abs(), -3.0
7, 14691, -5.0, 1.0, -3.0, 3.0, 1, 2, Math.abs(), -3.0
7, 14692, -5.0, 1.0, -3.0, 3.5, 1, 2, Math.abs(), -3.0
7, 14693, -5.0, 1.0, -3.0, 4.0, 1, 2, Math.abs(), -3.0
7, 14694, -5.0, 1.0, -3.0, 4.5, 0, 2, Math.abs(x), -3.5
7, 14695, -5.0, 1.0, -3.0, 5.0, 0, 1, Math.abs(x), -3.0
7, 14696, -5.0, 1.0, -2.5, 0.0, 1, 2, Math.abs(), -3.0
7, 14697, -5.0, 1.0, -2.5, 0.5, 1, 2, Math.abs(), -3.0
7, 14698, -5.0, 1.0, -2.5, 1.0, 1, 2, Math.abs(), -3.0
7, 14699, -5.0, 1.0, -2.5, 1.5, 1, 2, Math.abs(), -3.0
7, 14700, -5.0, 1.0, -2.5, 2.0, 1, 2, Math.abs(), -3.0
7, 14701, -5.0, 1.0, -2.5, 2.5, 1, 2, Math.abs(), -3.0
7, 14702, -5.0, 1.0, -2.5, 3.0, 1, 2, Math.abs(), -3.0
7, 14703, -5.0, 1.0, -2.5, 3.5, 1, 2, Math.abs(), -3.0
7, 14704, -5.0, 1.0, -2.5, 4.0, 1, 2, Math.abs(), -3.0
7, 14705, -5.0, 1.0, -2.5, 4.5, 0, 2, Math.abs(x), -3.5
7, 14706, -5.0, 1.0, -2.5, 5.0, 0, 1, Math.abs(x), -3.0
7, 14707, -5.0, 1.0, -2.0, 0.0, 1, 2, Math.abs(), -3.0
7, 14708, -5.0, 1.0, -2.0, 0.5, 1, 2, Math.abs(), -3.0
7, 14709, -5.0, 1.0, -2.0, 1.0, 1, 2, Math.abs(), -3.0
7, 14710, -5.0, 1.0, -2.0, 1.5, 1, 2, Math.abs(), -3.0
7, 14711, -5.0, 1.0, -2.0, 2.0, 1, 2, Math.abs(), -3.0
7, 14712, -5.0, 1.0, -2.0, 2.5, 1, 2, Math.abs(), -3.0
7, 14713, -5.0, 1.0, -2.0, 3.0, 1, 2, Math.abs(), -3.0
7, 14714, -5.0, 1.0, -2.0, 3.5, 1, 2, Math.abs(), -3.0
7, 14715, -5.0, 1.0, -2.0, 4.0, 1, 2, Math.abs(), -3.0
7, 14716, -5.0, 1.0, -2.0, 4.5, 0, 2, Math.abs(x), -3.5
7, 14717, -5.0, 1.0, -2.0, 5.0, 0, 1, Math.abs(x), -3.0
7, 14718, -5.0, 1.0, -1.5, 0.0, 1, 2, Math.abs(), -3.0
7, 14719, -5.0, 1.0, -1.5, 0.5, 1, 2, Math.abs(), -3.0
7, 14720, -5.0, 1.0, -1.5, 1.0, 1, 2, Math.abs(), -3.0
7, 14721, -5.0, 1.0, -1.5, 1.5, 1, 2, Math.abs(), -3.0
7, 14722, -5.0, 1.0, -1.5, 2.0, 1, 2, Math.abs(), -3.0
7, 14723, -5.0, 1.0, -1.5, 2.5, 1, 2, Math.abs(), -3.0
7, 14724, -5.0, 1.0, -1.5, 3.0, 1, 2, Math.abs(), -3.0
7, 14725, -5.0, 1.0, -1.5, 3.5, 1, 2, Math.abs(), -3.0
7, 14726, -5.0, 1.0, -1.5, 4.0, 1, 3, Math.abs(), -3.0
7, 14727, -5.0, 1.0, -1.5, 4.5, 0, 2, Math.abs(x), -3.5
7, 14728, -5.0, 1.0, -1.5, 5.0, 0, 1, Math.abs(x), -3.0
7, 14729, -5.0, 1.0, -1.0, 0.0, 1, 2, Math.abs(), -3.0
7, 14730, -5.0, 1.0, -1.0, 0.5, 1, 2, Math.abs(), -3.0
7, 14731, -5.0, 1.0, -1.0, 1.0, 1, 2, Math.abs(), -3.0
7, 14732, -5.0, 1.0, -1.0, 1.5, 1, 2, Math.abs(), -3.0
7, 14733, -5.0, 1.0, -1.0, 2.0, 1, 2, Math.abs(), -3.0
7, 14734, -5.0, 1.0, -1.0, 2.5, 1, 2, Math.abs(), -3.0
7, 14735, -5.0, 1.0, -1.0, 3.0, 1, 3, Math.abs(), -3.0
7, 14736, -5.0, 1.0, -1.0, 3.5, 1, 3, Math.abs(), -3.0
7, 14737, -5.0, 1.0, -1.0, 4.0, 1, 3, Math.abs(), -3.0
7, 14738, -5.0, 1.0, -1.0, 4.5, 0, 3, Math.abs(x), -3.5
7, 14739, -5.0, 1.0, -1.0, 5.0, 0, 2, Math.abs(x), -3.0
7, 14740, -5.0, 1.0, -0.5, 0.0, 1, 2, Math.abs(), -3.0
7, 14741, -5.0, 1.0, -0.5, 0.5, 1, 2, Math.abs(), -3.0
7, 14742, -5.0, 1.0, -0.5, 1.0, 1, 2, Math.abs(), -3.0
7, 14743, -5.0, 1.0, -0.5, 1.5, 1, 2, Math.abs(), -3.0
7, 14744, -5.0, 1.0, -0.5, 2.0, 1, 3, Math.abs(), -3.0
7, 14745, -5.0, 1.0, -0.5, 2.5, 1, 3, Math.abs(), -3.0
7, 14746, -5.0, 1.0, -0.5, 3.0, 1, 3, Math.abs(), -3.0
7, 14747, -5.0, 1.0, -0.5, 3.5, 1, 3, Math.abs(), -3.0
7, 14748, -5.0, 1.0, -0.5, 4.0, 1, 3, Math.abs(), -3.0
7, 14749, -5.0, 1.0, -0.5, 4.5, 0, 3, Math.abs(x), -3.5
7, 14750, -5.0, 1.0, -0.5, 5.0, 0, 2, Math.abs(x), -3.0
7, 14751, -5.0, 1.0, 0.0, 0.0, 4, 9, Math.min(), -5.0
7, 14752, -5.0, 1.0, 0.0, 0.5, 4, 9, Math.min(), -5.0
7, 14753, -5.0, 1.0, 0.0, 1.0, 6, 9, Math.round(), -5.0
7, 14754, -5.0, 1.0, 0.0, 1.5, 6, 9, Math.round(), -5.0
7, 14755, -5.0, 1.0, 0.0, 2.0, 6, 9, Math.round(), -5.0
7, 14756, -5.0, 1.0, 0.0, 2.5, 6, 9, Math.round(), -5.0
7, 14757, -5.0, 1.0, 0.0, 3.0, 6, 9, Math.round(), -5.0
7, 14758, -5.0, 1.0, 0.0, 3.5, 6, 9, Math.round(), -5.0
7, 14759, -5.0, 1.0, 0.0, 4.0, 6, 9, Math.round(), -5.0
7, 14760, -5.0, 1.0, 0.0, 4.5, 0, 6, Math.abs(x), -3.5
7, 14761, -5.0, 1.0, 0.0, 5.0, 0, 4, Math.abs(x), -3.0
7, 14762, -4.5, 1.0, -5.0, 0.0, 1, 2, Math.abs(), -2.5
7, 14763, -4.5, 1.0, -5.0, 0.5, 1, 2, Math.abs(), -2.5
7, 14764, -4.5, 1.0, -5.0, 1.0, 1, 2, Math.abs(), -2.5
7, 14765, -4.5, 1.0, -5.0, 1.5, 1, 2, Math.abs(), -2.5
7, 14766, -4.5, 1.0, -5.0, 2.0, 1, 2, Math.abs(), -2.5
7, 14767, -4.5, 1.0, -5.0, 2.5, 1, 2, Math.abs(), -2.5
7, 14768, -4.5, 1.0, -5.0, 3.0, 1, 2, Math.abs(), -2.5
7, 14769, -4.5, 1.0, -5.0, 3.5, 1, 2, Math.abs(), -2.5
7, 14770, -4.5, 1.0, -5.0, 4.0, 0, 2, Math.abs(x), -3.0
7, 14771, -4.5, 1.0, -5.0, 4.5, 0, 1, Math.abs(x), -2.5
7, 14772, -4.5, 1.0, -5.0, 5.0, 0, 1, Math.abs(x), -2.0
7, 14773, -4.5, 1.0, -4.5, 0.0, 1, 2, Math.abs(), -2.5
7, 14774, -4.5, 1.0, -4.5, 0.5, 1, 2, Math.abs(), -2.5
7, 14775, -4.5, 1.0, -4.5, 1.0, 1, 2, Math.abs(), -2.5
7, 14776, -4.5, 1.0, -4.5, 1.5, 1, 2, Math.abs(), -2.5
7, 14777, -4.5, 1.0, -4.5, 2.0, 1, 2, Math.abs(), -2.5
7, 14778, -4.5, 1.0, -4.5, 2.5, 1, 2, Math.abs(), -2.5
7, 14779, -4.5, 1.0, -4.5, 3.0, 1, 2, Math.abs(), -2.5
7, 14780, -4.5, 1.0, -4.5, 3.5, 1, 2, Math.abs(), -2.5
7, 14781, -4.5, 1.0, -4.5, 4.0, 0, 2, Math.abs(x), -3.0
7, 14782, -4.5, 1.0, -4.5, 4.5, 0, 1, Math.abs(x), -2.5
7, 14783, -4.5, 1.0, -4.5, 5.0, 0, 1, Math.abs(x), -2.0
7, 14784, -4.5, 1.0, -4.0, 0.0, 1, 2, Math.abs(), -2.5
7, 14785, -4.5, 1.0, -4.0, 0.5, 1, 2, Math.abs(), -2.5
7, 14786, -4.5, 1.0, -4.0, 1.0, 1, 2, Math.abs(), -2.5
7, 14787, -4.5, 1.0, -4.0, 1.5, 1, 2, Math.abs(), -2.5
7, 14788, -4.5, 1.0, -4.0, 2.0, 1, 2, Math.abs(), -2.5
7, 14789, -4.5, 1.0, -4.0, 2.5, 1, 2, Math.abs(), -2.5
7, 14790, -4.5, 1.0, -4.0, 3.0, 1, 2, Math.abs(), -2.5
7, 14791, -4.5, 1.0, -4.0, 3.5, 1, 2, Math.abs(), -2.5
7, 14792, -4.5, 1.0, -4.0, 4.0, 0, 2, Math.abs(x), -3.0
7, 14793, -4.5, 1.0, -4.0, 4.5, 0, 1, Math.abs(x), -2.5
7, 14794, -4.5, 1.0, -4.0, 5.0, 0, 1, Math.abs(x), -2.0
7, 14795, -4.5, 1.0, -3.5, 0.0, 1, 2, Math.abs(), -2.5
7, 14796, -4.5, 1.0, -3.5, 0.5, 1, 2, Math.abs(), -2.5
7, 14797, -4.5, 1.0, -3.5, 1.0, 1, 2, Math.abs(), -2.5
7, 14798, -4.5, 1.0, -3.5, 1.5, 1, 2, Math.abs(), -2.5
7, 14799, -4.5, 1.0, -3.5, 2.0, 1, 2, Math.abs(), -2.5
7, 14800, -4.5, 1.0, -3.5, 2.5, 1, 2, Math.abs(), -2.5
7, 14801, -4.5, 1.0, -3.5, 3.0, 1, 2, Math.abs(), -2.5
7, 14802, -4.5, 1.0, -3.5, 3.5, 1, 2, Math.abs(), -2.5
7, 14803, -4.5, 1.0, -3.5, 4.0, 0, 2, Math.abs(x), -3.0
7, 14804, -4.5, 1.0, -3.5, 4.5, 0, 1, Math.abs(x), -2.5
7, 14805, -4.5, 1.0, -3.5, 5.0, 0, 1, Math.abs(x), -2.0
7, 14806, -4.5, 1.0, -3.0, 0.0, 1, 2, Math.abs(), -2.5
7, 14807, -4.5, 1.0, -3.0, 0.5, 1, 2, Math.abs(), -2.5
7, 14808, -4.5, 1.0, -3.0, 1.0, 1, 2, Math.abs(), -2.5
7, 14809, -4.5, 1.0, -3.0, 1.5, 1, 2, Math.abs(), -2.5
7, 14810, -4.5, 1.0, -3.0, 2.0, 1, 2, Math.abs(), -2.5
7, 14811, -4.5, 1.0, -3.0, 2.5, 1, 2, Math.abs(), -2.5
7, 14812, -4.5, 1.0, -3.0, 3.0, 1, 2, Math.abs(), -2.5
7, 14813, -4.5, 1.0, -3.0, 3.5, 1, 2, Math.abs(), -2.5
7, 14814, -4.5, 1.0, -3.0, 4.0, 0, 2, Math.abs(x), -3.0
7, 14815, -4.5, 1.0, -3.0, 4.5, 0, 1, Math.abs(x), -2.5
7, 14816, -4.5, 1.0, -3.0, 5.0, 0, 1, Math.abs(x), -2.0
7, 14817, -4.5, 1.0, -2.5, 0.0, 1, 2, Math.abs(), -2.5
7, 14818, -4.5, 1.0, -2.5, 0.5, 1, 2, Math.abs(), -2.5
7, 14819, -4.5, 1.0, -2.5, 1.0, 1, 2, Math.abs(), -2.5
7, 14820, -4.5, 1.0, -2.5, 1.5, 1, 2, Math.abs(), -2.5
7, 14821, -4.5, 1.0, -2.5, 2.0, 1, 2, Math.abs(), -2.5
7, 14822, -4.5, 1.0, -2.5, 2.5, 1, 2, Math.abs(), -2.5
7, 14823, -4.5, 1.0, -2.5, 3.0, 1, 2, Math.abs(), -2.5
7, 14824, -4.5, 1.0, -2.5, 3.5, 1, 2, Math.abs(), -2.5
7, 14825, -4.5, 1.0, -2.5, 4.0, 0, 2, Math.abs(x), -3.0
7, 14826, -4.5, 1.0, -2.5, 4.5, 0, 1, Math.abs(x), -2.5
7, 14827, -4.5, 1.0, -2.5, 5.0, 0, 1, Math.abs(x), -2.0
7, 14828, -4.5, 1.0, -2.0, 0.0, 1, 2, Math.abs(), -2.5
7, 14829, -4.5, 1.0, -2.0, 0.5, 1, 2, Math.abs(), -2.5
7, 14830, -4.5, 1.0, -2.0, 1.0, 1, 2, Math.abs(), -2.5
7, 14831, -4.5, 1.0, -2.0, 1.5, 1, 2, Math.abs(), -2.5
7, 14832, -4.5, 1.0, -2.0, 2.0, 1, 2, Math.abs(), -2.5
7, 14833, -4.5, 1.0, -2.0, 2.5, 1, 2, Math.abs(), -2.5
7, 14834, -4.5, 1.0, -2.0, 3.0, 1, 2, Math.abs(), -2.5
7, 14835, -4.5, 1.0, -2.0, 3.5, 1, 2, Math.abs(), -2.5
7, 14836, -4.5, 1.0, -2.0, 4.0, 0, 2, Math.abs(x), -3.0
7, 14837, -4.5, 1.0, -2.0, 4.5, 0, 1, Math.abs(x), -2.5
7, 14838, -4.5, 1.0, -2.0, 5.0, 0, 1, Math.abs(x), -2.0
7, 14839, -4.5, 1.0, -1.5, 0.0, 1, 2, Math.abs(), -2.5
7, 14840, -4.5, 1.0, -1.5, 0.5, 1, 2, Math.abs(), -2.5
7, 14841, -4.5, 1.0, -1.5, 1.0, 1, 2, Math.abs(), -2.5
7, 14842, -4.5, 1.0, -1.5, 1.5, 1, 2, Math.abs(), -2.5
7, 14843, -4.5, 1.0, -1.5, 2.0, 1, 2, Math.abs(), -2.5
7, 14844, -4.5, 1.0, -1.5, 2.5, 1, 2, Math.abs(), -2.5
7, 14845, -4.5, 1.0, -1.5, 3.0, 1, 2, Math.abs(), -2.5
7, 14846, -4.5, 1.0, -1.5, 3.5, 1, 2, Math.abs(), -2.5
7, 14847, -4.5, 1.0, -1.5, 4.0, 0, 2, Math.abs(x), -3.0
7, 14848, -4.5, 1.0, -1.5, 4.5, 0, 1, Math.abs(x), -2.5
7, 14849, -4.5, 1.0, -1.5, 5.0, 0, 1, Math.abs(x), -2.0
7, 14850, -4.5, 1.0, -1.0, 0.0, 1, 2, Math.abs(), -2.5
7, 14851, -4.5, 1.0, -1.0, 0.5, 1, 2, Math.abs(), -2.5
7, 14852, -4.5, 1.0, -1.0, 1.0, 1, 2, Math.abs(), -2.5
7, 14853, -4.5, 1.0, -1.0, 1.5, 1, 2, Math.abs(), -2.5
7, 14854, -4.5, 1.0, -1.0, 2.0, 1, 2, Math.abs(), -2.5
7, 14855, -4.5, 1.0, -1.0, 2.5, 1, 2, Math.abs(), -2.5
7, 14856, -4.5, 1.0, -1.0, 3.0, 1, 3, Math.abs(), -2.5
7, 14857, -4.5, 1.0, -1.0, 3.5, 1, 3, Math.abs(), -2.5
7, 14858, -4.5, 1.0, -1.0, 4.0, 0, 3, Math.abs(x), -3.0
7, 14859, -4.5, 1.0, -1.0, 4.5, 0, 2, Math.abs(x), -2.5
7, 14860, -4.5, 1.0, -1.0, 5.0, 0, 2, Math.abs(x), -2.0
7, 14861, -4.5, 1.0, -0.5, 0.0, 1, 2, Math.abs(), -2.5
7, 14862, -4.5, 1.0, -0.5, 0.5, 1, 2, Math.abs(), -2.5
7, 14863, -4.5, 1.0, -0.5, 1.0, 1, 2, Math.abs(), -2.5
7, 14864, -4.5, 1.0, -0.5, 1.5, 1, 2, Math.abs(), -2.5
7, 14865, -4.5, 1.0, -0.5, 2.0, 1, 3, Math.abs(), -2.5
7, 14866, -4.5, 1.0, -0.5, 2.5, 1, 3, Math.abs(), -2.5
7, 14867, -4.5, 1.0, -0.5, 3.0, 1, 3, Math.abs(), -2.5
7, 14868, -4.5, 1.0, -0.5, 3.5, 1, 3, Math.abs(), -2.5
7, 14869, -4.5, 1.0, -0.5, 4.0, 0, 3, Math.abs(x), -3.0
7, 14870, -4.5, 1.0, -0.5, 4.5, 0, 2, Math.abs(x), -2.5
7, 14871, -4.5, 1.0, -0.5, 5.0, 0, 2, Math.abs(x), -2.0
7, 14872, -4.5, 1.0, 0.0, 0.0, 4, 9, Math.min(), -4.5
7, 14873, -4.5, 1.0, 0.0, 0.5, 4, 9, Math.min(), -4.5
7, 14874, -4.5, 1.0, 0.0, 1.0, 6, 9, Math.round(), -4.5
7, 14875, -4.5, 1.0, 0.0, 1.5, 6, 9, Math.round(), -4.5
7, 14876, -4.5, 1.0, 0.0, 2.0, 6, 9, Math.round(), -4.5
7, 14877, -4.5, 1.0, 0.0, 2.5, 6, 9, Math.round(), -4.5
7, 14878, -4.5, 1.0, 0.0, 3.0, 6, 9, Math.round(), -4.5
7, 14879, -4.5, 1.0, 0.0, 3.5, 6, 9, Math.round(), -4.5
7, 14880, -4.5, 1.0, 0.0, 4.0, 0, 6, Math.abs(x), -3.0
7, 14881, -4.5, 1.0, 0.0, 4.5, 0, 4, Math.abs(x), -2.5
7, 14882, -4.5, 1.0, 0.0, 5.0, 0, 5, Math.abs(x), -2.0
7, 14883, -4.0, 1.0, -5.0, 0.0, 1, 2, Math.abs(), -2.0
7, 14884, -4.0, 1.0, -5.0, 0.5, 1, 2, Math.abs(), -2.0
7, 14885, -4.0, 1.0, -5.0, 1.0, 1, 2, Math.abs(), -2.0
7, 14886, -4.0, 1.0, -5.0, 1.5, 1, 2, Math.abs(), -2.0
7, 14887, -4.0, 1.0, -5.0, 2.0, 1, 2, Math.abs(), -2.0
7, 14888, -4.0, 1.0, -5.0, 2.5, 1, 2, Math.abs(), -2.0
7, 14889, -4.0, 1.0, -5.0, 3.0, 1, 2, Math.abs(), -2.0
7, 14890, -4.0, 1.0, -5.0, 3.5, 0, 2, Math.abs(x), -2.5
7, 14891, -4.0, 1.0, -5.0, 4.0, 0, 1, Math.abs(x), -2.0
7, 14892, -4.0, 1.0, -5.0, 4.5, 0, 1, Math.abs(x), -1.5
7, 14893, -4.0, 1.0, -5.0, 5.0, 0, 1, Math.abs(x), -1.0
7, 14894, -4.0, 1.0, -4.5, 0.0, 1, 2, Math.abs(), -2.0
7, 14895, -4.0, 1.0, -4.5, 0.5, 1, 2, Math.abs(), -2.0
7, 14896, -4.0, 1.0, -4.5, 1.0, 1, 2, Math.abs(), -2.0
7, 14897, -4.0, 1.0, -4.5, 1.5, 1, 2, Math.abs(), -2.0
7, 14898, -4.0, 1.0, -4.5, 2.0, 1, 2, Math.abs(), -2.0
7, 14899, -4.0, 1.0, -4.5, 2.5, 1, 2, Math.abs(), -2.0
7, 14900, -4.0, 1.0, -4.5, 3.0, 1, 2, Math.abs(), -2.0
7, 14901, -4.0, 1.0, -4.5, 3.5, 0, 2, Math.abs(x), -2.5
7, 14902, -4.0, 1.0, -4.5, 4.0, 0, 1, Math.abs(x), -2.0
7, 14903, -4.0, 1.0, -4.5, 4.5, 0, 1, Math.abs(x), -1.5
7, 14904, -4.0, 1.0, -4.5, 5.0, 0, 1, Math.abs(x), -1.0
7, 14905, -4.0, 1.0, -4.0, 0.0, 1, 2, Math.abs(), -2.0
7, 14906, -4.0, 1.0, -4.0, 0.5, 1, 2, Math.abs(), -2.0
7, 14907, -4.0, 1.0, -4.0, 1.0, 1, 2, Math.abs(), -2.0
7, 14908, -4.0, 1.0, -4.0, 1.5, 1, 2, Math.abs(), -2.0
7, 14909, -4.0, 1.0, -4.0, 2.0, 1, 2, Math.abs(), -2.0
7, 14910, -4.0, 1.0, -4.0, 2.5, 1, 2, Math.abs(), -2.0
7, 14911, -4.0, 1.0, -4.0, 3.0, 1, 2, Math.abs(), -2.0
7, 14912, -4.0, 1.0, -4.0, 3.5, 0, 2, Math.abs(x), -2.5
7, 14913, -4.0, 1.0, -4.0, 4.0, 0, 1, Math.abs(x), -2.0
7, 14914, -4.0, 1.0, -4.0, 4.5, 0, 1, Math.abs(x), -1.5
7, 14915, -4.0, 1.0, -4.0, 5.0, 0, 1, Math.abs(x), -1.0
7, 14916, -4.0, 1.0, -3.5, 0.0, 1, 2, Math.abs(), -2.0
7, 14917, -4.0, 1.0, -3.5, 0.5, 1, 2, Math.abs(), -2.0
7, 14918, -4.0, 1.0, -3.5, 1.0, 1, 2, Math.abs(), -2.0
7, 14919, -4.0, 1.0, -3.5, 1.5, 1, 2, Math.abs(), -2.0
7, 14920, -4.0, 1.0, -3.5, 2.0, 1, 2, Math.abs(), -2.0
7, 14921, -4.0, 1.0, -3.5, 2.5, 1, 2, Math.abs(), -2.0
7, 14922, -4.0, 1.0, -3.5, 3.0, 1, 2, Math.abs(), -2.0
7, 14923, -4.0, 1.0, -3.5, 3.5, 0, 2, Math.abs(x), -2.5
7, 14924, -4.0, 1.0, -3.5, 4.0, 0, 1, Math.abs(x), -2.0
7, 14925, -4.0, 1.0, -3.5, 4.5, 0, 1, Math.abs(x), -1.5
7, 14926, -4.0, 1.0, -3.5, 5.0, 0, 1, Math.abs(x), -1.0
7, 14927, -4.0, 1.0, -3.0, 0.0, 1, 2, Math.abs(), -2.0
7, 14928, -4.0, 1.0, -3.0, 0.5, 1, 2, Math.abs(), -2.0
7, 14929, -4.0, 1.0, -3.0, 1.0, 1, 2, Math.abs(), -2.0
7, 14930, -4.0, 1.0, -3.0, 1.5, 1, 2, Math.abs(), -2.0
7, 14931, -4.0, 1.0, -3.0, 2.0, 1, 2, Math.abs(), -2.0
7, 14932, -4.0, 1.0, -3.0, 2.5, 1, 2, Math.abs(), -2.0
7, 14933, -4.0, 1.0, -3.0, 3.0, 1, 2, Math.abs(), -2.0
7, 14934, -4.0, 1.0, -3.0, 3.5, 0, 2, Math.abs(x), -2.5
7, 14935, -4.0, 1.0, -3.0, 4.0, 0, 1, Math.abs(x), -2.0
7, 14936, -4.0, 1.0, -3.0, 4.5, 0, 1, Math.abs(x), -1.5
7, 14937, -4.0, 1.0, -3.0, 5.0, 0, 1, Math.abs(x), -1.0
7, 14938, -4.0, 1.0, -2.5, 0.0, 1, 2, Math.abs(), -2.0
7, 14939, -4.0, 1.0, -2.5, 0.5, 1, 2, Math.abs(), -2.0
7, 14940, -4.0, 1.0, -2.5, 1.0, 1, 2, Math.abs(), -2.0
7, 14941, -4.0, 1.0, -2.5, 1.5, 1, 2, Math.abs(), -2.0
7, 14942, -4.0, 1.0, -2.5, 2.0, 1, 2, Math.abs(), -2.0
7, 14943, -4.0, 1.0, -2.5, 2.5, 1, 2, Math.abs(), -2.0
7, 14944, -4.0, 1.0, -2.5, 3.0, 1, 2, Math.abs(), -2.0
7, 14945, -4.0, 1.0, -2.5, 3.5, 0, 2, Math.abs(x), -2.5
7, 14946, -4.0, 1.0, -2.5, 4.0, 0, 1, Math.abs(x), -2.0
7, 14947, -4.0, 1.0, -2.5, 4.5, 0, 1, Math.abs(x), -1.5
7, 14948, -4.0, 1.0, -2.5, 5.0, 0, 1, Math.abs(x), -1.0
7, 14949, -4.0, 1.0, -2.0, 0.0, 1, 2, Math.abs(), -2.0
7, 14950, -4.0, 1.0, -2.0, 0.5, 1, 2, Math.abs(), -2.0
7, 14951, -4.0, 1.0, -2.0, 1.0, 1, 2, Math.abs(), -2.0
7, 14952, -4.0, 1.0, -2.0, 1.5, 1, 2, Math.abs(), -2.0
7, 14953, -4.0, 1.0, -2.0, 2.0, 1, 2, Math.abs(), -2.0
7, 14954, -4.0, 1.0, -2.0, 2.5, 1, 2, Math.abs(), -2.0
7, 14955, -4.0, 1.0, -2.0, 3.0, 1, 2, Math.abs(), -2.0
7, 14956, -4.0, 1.0, -2.0, 3.5, 0, 2, Math.abs(x), -2.5
7, 14957, -4.0, 1.0, -2.0, 4.0, 0, 1, Math.abs(x), -2.0
7, 14958, -4.0, 1.0, -2.0, 4.5, 0, 1, Math.abs(x), -1.5
7, 14959, -4.0, 1.0, -2.0, 5.0, 0, 1, Math.abs(x), -1.0
7, 14960, -4.0, 1.0, -1.5, 0.0, 1, 2, Math.abs(), -2.0
7, 14961, -4.0, 1.0, -1.5, 0.5, 1, 2, Math.abs(), -2.0
7, 14962, -4.0, 1.0, -1.5, 1.0, 1, 2, Math.abs(), -2.0
7, 14963, -4.0, 1.0, -1.5, 1.5, 1, 2, Math.abs(), -2.0
7, 14964, -4.0, 1.0, -1.5, 2.0, 1, 2, Math.abs(), -2.0
7, 14965, -4.0, 1.0, -1.5, 2.5, 1, 2, Math.abs(), -2.0
7, 14966, -4.0, 1.0, -1.5, 3.0, 1, 2, Math.abs(), -2.0
7, 14967, -4.0, 1.0, -1.5, 3.5, 0, 2, Math.abs(x), -2.5
7, 14968, -4.0, 1.0, -1.5, 4.0, 0, 1, Math.abs(x), -2.0
7, 14969, -4.0, 1.0, -1.5, 4.5, 0, 1, Math.abs(x), -1.5
7, 14970, -4.0, 1.0, -1.5, 5.0, 0, 1, Math.abs(x), -1.0
7, 14971, -4.0, 1.0, -1.0, 0.0, 1, 2, Math.abs(), -2.0
7, 14972, -4.0, 1.0, -1.0, 0.5, 1, 2, Math.abs(), -2.0
7, 14973, -4.0, 1.0, -1.0, 1.0, 1, 2, Math.abs(), -2.0
7, 14974, -4.0, 1.0, -1.0, 1.5, 1, 2, Math.abs(), -2.0
7, 14975, -4.0, 1.0, -1.0, 2.0, 1, 2, Math.abs(), -2.0
7, 14976, -4.0, 1.0, -1.0, 2.5, 1, 2, Math.abs(), -2.0
7, 14977, -4.0, 1.0, -1.0, 3.0, 1, 3, Math.abs(), -2.0
7, 14978, -4.0, 1.0, -1.0, 3.5, 0, 2, Math.abs(x), -2.5
7, 14979, -4.0, 1.0, -1.0, 4.0, 0, 1, Math.abs(x), -2.0
7, 14980, -4.0, 1.0, -1.0, 4.5, 0, 1, Math.abs(x), -1.5
7, 14981, -4.0, 1.0, -1.0, 5.0, 0, 1, Math.abs(x), -1.0
7, 14982, -4.0, 1.0, -0.5, 0.0, 1, 2, Math.abs(), -2.0
7, 14983, -4.0, 1.0, -0.5, 0.5, 1, 2, Math.abs(), -2.0
7, 14984, -4.0, 1.0, -0.5, 1.0, 1, 2, Math.abs(), -2.0
7, 14985, -4.0, 1.0, -0.5, 1.5, 1, 2, Math.abs(), -2.0
7, 14986, -4.0, 1.0, -0.5, 2.0, 1, 3, Math.abs(), -2.0
7, 14987, -4.0, 1.0, -0.5, 2.5, 1, 3, Math.abs(), -2.0
7, 14988, -4.0, 1.0, -0.5, 3.0, 1, 3, Math.abs(), -2.0
7, 14989, -4.0, 1.0, -0.5, 3.5, 0, 3, Math.abs(x), -2.5
7, 14990, -4.0, 1.0, -0.5, 4.0, 0, 2, Math.abs(x), -2.0
7, 14991, -4.0, 1.0, -0.5, 4.5, 0, 2, Math.abs(x), -1.5
7, 14992, -4.0, 1.0, -0.5, 5.0, 0, 2, Math.abs(x), -1.0
7, 14993, -4.0, 1.0, 0.0, 0.0, 4, 9, Math.min(), -4.0
7, 14994, -4.0, 1.0, 0.0, 0.5, 4, 9, Math.min(), -4.0
7, 14995, -4.0, 1.0, 0.0, 1.0, 6, 9, Math.round(), -4.0
7, 14996, -4.0, 1.0, 0.0, 1.5, 6, 9, Math.round(), -4.0
7, 14997, -4.0, 1.0, 0.0, 2.0, 6, 9, Math.round(), -4.0
7, 14998, -4.0, 1.0, 0.0, 2.5, 6, 9, Math.round(), -4.0
7, 14999, -4.0, 1.0, 0.0, 3.0, 6, 9, Math.round(), -4.0
7, 15000, -4.0, 1.0, 0.0, 3.5, 0, 6, Math.abs(x), -2.5
7, 15001, -4.0, 1.0, 0.0, 4.0, 0, 4, Math.abs(x), -2.0
7, 15002, -4.0, 1.0, 0.0, 4.5, 0, 5, Math.abs(x), -1.5
7, 15003, -4.0, 1.0, 0.0, 5.0, 9, 6, StrictMath.max(x), -1.0
7, 15004, -3.5, 1.0, -5.0, 0.0, 1, 2, Math.abs(), -1.5
7, 15005, -3.5, 1.0, -5.0, 0.5, 1, 2, Math.abs(), -1.5
7, 15006, -3.5, 1.0, -5.0, 1.0, 1, 2, Math.abs(), -1.5
7, 15007, -3.5, 1.0, -5.0, 1.5, 1, 2, Math.abs(), -1.5
7, 15008, -3.5, 1.0, -5.0, 2.0, 1, 2, Math.abs(), -1.5
7, 15009, -3.5, 1.0, -5.0, 2.5, 1, 2, Math.abs(), -1.5
7, 15010, -3.5, 1.0, -5.0, 3.0, 0, 2, Math.abs(x), -2.0
7, 15011, -3.5, 1.0, -5.0, 3.5, 0, 1, Math.abs(x), -1.5
7, 15012, -3.5, 1.0, -5.0, 4.0, 0, 1, Math.abs(x), -1.0
7, 15013, -3.5, 1.0, -5.0, 4.5, 0, 1, Math.abs(x), 0.5
7, 15014, -3.5, 1.0, -5.0, 5.0, 0, 1, Math.abs(x), 1.0
7, 15015, -3.5, 1.0, -4.5, 0.0, 1, 2, Math.abs(), -1.5
7, 15016, -3.5, 1.0, -4.5, 0.5, 1, 2, Math.abs(), -1.5
7, 15017, -3.5, 1.0, -4.5, 1.0, 1, 2, Math.abs(), -1.5
7, 15018, -3.5, 1.0, -4.5, 1.5, 1, 2, Math.abs(), -1.5
7, 15019, -3.5, 1.0, -4.5, 2.0, 1, 2, Math.abs(), -1.5
7, 15020, -3.5, 1.0, -4.5, 2.5, 1, 2, Math.abs(), -1.5
7, 15021, -3.5, 1.0, -4.5, 3.0, 0, 2, Math.abs(x), -2.0
7, 15022, -3.5, 1.0, -4.5, 3.5, 0, 1, Math.abs(x), -1.5
7, 15023, -3.5, 1.0, -4.5, 4.0, 0, 1, Math.abs(x), -1.0
7, 15024, -3.5, 1.0, -4.5, 4.5, 0, 1, Math.abs(x), 0.5
7, 15025, -3.5, 1.0, -4.5, 5.0, 0, 1, Math.abs(x), 1.0
7, 15026, -3.5, 1.0, -4.0, 0.0, 1, 2, Math.abs(), -1.5
7, 15027, -3.5, 1.0, -4.0, 0.5, 1, 2, Math.abs(), -1.5
7, 15028, -3.5, 1.0, -4.0, 1.0, 1, 2, Math.abs(), -1.5
7, 15029, -3.5, 1.0, -4.0, 1.5, 1, 2, Math.abs(), -1.5
7, 15030, -3.5, 1.0, -4.0, 2.0, 1, 2, Math.abs(), -1.5
7, 15031, -3.5, 1.0, -4.0, 2.5, 1, 2, Math.abs(), -1.5
7, 15032, -3.5, 1.0, -4.0, 3.0, 0, 2, Math.abs(x), -2.0
7, 15033, -3.5, 1.0, -4.0, 3.5, 0, 1, Math.abs(x), -1.5
7, 15034, -3.5, 1.0, -4.0, 4.0, 0, 1, Math.abs(x), -1.0
7, 15035, -3.5, 1.0, -4.0, 4.5, 0, 1, Math.abs(x), 0.5
7, 15036, -3.5, 1.0, -4.0, 5.0, 0, 1, Math.abs(x), 1.0
7, 15037, -3.5, 1.0, -3.5, 0.0, 1, 2, Math.abs(), -1.5
7, 15038, -3.5, 1.0, -3.5, 0.5, 1, 2, Math.abs(), -1.5
7, 15039, -3.5, 1.0, -3.5, 1.0, 1, 2, Math.abs(), -1.5
7, 15040, -3.5, 1.0, -3.5, 1.5, 1, 2, Math.abs(), -1.5
7, 15041, -3.5, 1.0, -3.5, 2.0, 1, 2, Math.abs(), -1.5
7, 15042, -3.5, 1.0, -3.5, 2.5, 1, 2, Math.abs(), -1.5
7, 15043, -3.5, 1.0, -3.5, 3.0, 0, 2, Math.abs(x), -2.0
7, 15044, -3.5, 1.0, -3.5, 3.5, 0, 1, Math.abs(x), -1.5
7, 15045, -3.5, 1.0, -3.5, 4.0, 0, 1, Math.abs(x), -1.0
7, 15046, -3.5, 1.0, -3.5, 4.5, 0, 1, Math.abs(x), 0.5
7, 15047, -3.5, 1.0, -3.5, 5.0, 0, 1, Math.abs(x), 1.0
7, 15048, -3.5, 1.0, -3.0, 0.0, 1, 2, Math.abs(), -1.5
7, 15049, -3.5, 1.0, -3.0, 0.5, 1, 2, Math.abs(), -1.5
7, 15050, -3.5, 1.0, -3.0, 1.0, 1, 2, Math.abs(), -1.5
7, 15051, -3.5, 1.0, -3.0, 1.5, 1, 2, Math.abs(), -1.5
7, 15052, -3.5, 1.0, -3.0, 2.0, 1, 2, Math.abs(), -1.5
7, 15053, -3.5, 1.0, -3.0, 2.5, 1, 2, Math.abs(), -1.5
7, 15054, -3.5, 1.0, -3.0, 3.0, 0, 2, Math.abs(x), -2.0
7, 15055, -3.5, 1.0, -3.0, 3.5, 0, 1, Math.abs(x), -1.5
7, 15056, -3.5, 1.0, -3.0, 4.0, 0, 1, Math.abs(x), -1.0
7, 15057, -3.5, 1.0, -3.0, 4.5, 0, 1, Math.abs(x), 0.5
7, 15058, -3.5, 1.0, -3.0, 5.0, 0, 1, Math.abs(x), 1.0
7, 15059, -3.5, 1.0, -2.5, 0.0, 1, 2, Math.abs(), -1.5
7, 15060, -3.5, 1.0, -2.5, 0.5, 1, 2, Math.abs(), -1.5
7, 15061, -3.5, 1.0, -2.5, 1.0, 1, 2, Math.abs(), -1.5
7, 15062, -3.5, 1.0, -2.5, 1.5, 1, 2, Math.abs(), -1.5
7, 15063, -3.5, 1.0, -2.5, 2.0, 1, 2, Math.abs(), -1.5
7, 15064, -3.5, 1.0, -2.5, 2.5, 1, 2, Math.abs(), -1.5
7, 15065, -3.5, 1.0, -2.5, 3.0, 0, 2, Math.abs(x), -2.0
7, 15066, -3.5, 1.0, -2.5, 3.5, 0, 1, Math.abs(x), -1.5
7, 15067, -3.5, 1.0, -2.5, 4.0, 0, 1, Math.abs(x), -1.0
7, 15068, -3.5, 1.0, -2.5, 4.5, 0, 1, Math.abs(x), 0.5
7, 15069, -3.5, 1.0, -2.5, 5.0, 0, 1, Math.abs(x), 1.0
7, 15070, -3.5, 1.0, -2.0, 0.0, 1, 2, Math.abs(), -1.5
7, 15071, -3.5, 1.0, -2.0, 0.5, 1, 2, Math.abs(), -1.5
7, 15072, -3.5, 1.0, -2.0, 1.0, 1, 2, Math.abs(), -1.5
7, 15073, -3.5, 1.0, -2.0, 1.5, 1, 2, Math.abs(), -1.5
7, 15074, -3.5, 1.0, -2.0, 2.0, 1, 2, Math.abs(), -1.5
7, 15075, -3.5, 1.0, -2.0, 2.5, 1, 2, Math.abs(), -1.5
7, 15076, -3.5, 1.0, -2.0, 3.0, 0, 2, Math.abs(x), -2.0
7, 15077, -3.5, 1.0, -2.0, 3.5, 0, 1, Math.abs(x), -1.5
7, 15078, -3.5, 1.0, -2.0, 4.0, 0, 1, Math.abs(x), -1.0
7, 15079, -3.5, 1.0, -2.0, 4.5, 0, 1, Math.abs(x), 0.5
7, 15080, -3.5, 1.0, -2.0, 5.0, 0, 1, Math.abs(x), 1.0
7, 15081, -3.5, 1.0, -1.5, 0.0, 1, 2, Math.abs(), -1.5
7, 15082, -3.5, 1.0, -1.5, 0.5, 1, 2, Math.abs(), -1.5
7, 15083, -3.5, 1.0, -1.5, 1.0, 1, 2, Math.abs(), -1.5
7, 15084, -3.5, 1.0, -1.5, 1.5, 1, 2, Math.abs(), -1.5
7, 15085, -3.5, 1.0, -1.5, 2.0, 1, 2, Math.abs(), -1.5
7, 15086, -3.5, 1.0, -1.5, 2.5, 1, 2, Math.abs(), -1.5
7, 15087, -3.5, 1.0, -1.5, 3.0, 0, 2, Math.abs(x), -2.0
7, 15088, -3.5, 1.0, -1.5, 3.5, 0, 1, Math.abs(x), -1.5
7, 15089, -3.5, 1.0, -1.5, 4.0, 0, 1, Math.abs(x), -1.0
7, 15090, -3.5, 1.0, -1.5, 4.5, 0, 1, Math.abs(x), 0.5
7, 15091, -3.5, 1.0, -1.5, 5.0, 0, 1, Math.abs(x), 1.0
7, 15092, -3.5, 1.0, -1.0, 0.0, 1, 2, Math.abs(), -1.5
7, 15093, -3.5, 1.0, -1.0, 0.5, 1, 2, Math.abs(), -1.5
7, 15094, -3.5, 1.0, -1.0, 1.0, 1, 2, Math.abs(), -1.5
7, 15095, -3.5, 1.0, -1.0, 1.5, 1, 2, Math.abs(), -1.5
7, 15096, -3.5, 1.0, -1.0, 2.0, 1, 2, Math.abs(), -1.5
7, 15097, -3.5, 1.0, -1.0, 2.5, 1, 2, Math.abs(), -1.5
7, 15098, -3.5, 1.0, -1.0, 3.0, 0, 2, Math.abs(x), -2.0
7, 15099, -3.5, 1.0, -1.0, 3.5, 0, 1, Math.abs(x), -1.5
7, 15100, -3.5, 1.0, -1.0, 4.0, 0, 1, Math.abs(x), -1.0
7, 15101, -3.5, 1.0, -1.0, 4.5, 0, 1, Math.abs(x), 0.5
7, 15102, -3.5, 1.0, -1.0, 5.0, 0, 1, Math.abs(x), 1.0
7, 15103, -3.5, 1.0, -0.5, 0.0, 1, 2, Math.abs(), -1.5
7, 15104, -3.5, 1.0, -0.5, 0.5, 1, 2, Math.abs(), -1.5
7, 15105, -3.5, 1.0, -0.5, 1.0, 1, 2, Math.abs(), -1.5
7, 15106, -3.5, 1.0, -0.5, 1.5, 1, 2, Math.abs(), -1.5
7, 15107, -3.5, 1.0, -0.5, 2.0, 1, 3, Math.abs(), -1.5
7, 15108, -3.5, 1.0, -0.5, 2.5, 1, 3, Math.abs(), -1.5
7, 15109, -3.5, 1.0, -0.5, 3.0, 0, 3, Math.abs(x), -2.0
7, 15110, -3.5, 1.0, -0.5, 3.5, 0, 2, Math.abs(x), -1.5
7, 15111, -3.5, 1.0, -0.5, 4.0, 0, 2, Math.abs(x), -1.0
7, 15112, -3.5, 1.0, -0.5, 4.5, 0, 2, Math.abs(x), 0.5
7, 15113, -3.5, 1.0, -0.5, 5.0, 0, 9, Math.abs(x), 1.0
7, 15114, -3.5, 1.0, 0.0, 0.0, 4, 9, Math.min(), -3.5
7, 15115, -3.5, 1.0, 0.0, 0.5, 4, 9, Math.min(), -3.5
7, 15116, -3.5, 1.0, 0.0, 1.0, 6, 9, Math.round(), -3.5
7, 15117, -3.5, 1.0, 0.0, 1.5, 6, 9, Math.round(), -3.5
7, 15118, -3.5, 1.0, 0.0, 2.0, 6, 9, Math.round(), -3.5
7, 15119, -3.5, 1.0, 0.0, 2.5, 6, 9, Math.round(), -3.5
7, 15120, -3.5, 1.0, 0.0, 3.0, 0, 6, Math.abs(x), -2.0
7, 15121, -3.5, 1.0, 0.0, 3.5, 0, 4, Math.abs(x), -1.5
7, 15122, -3.5, 1.0, 0.0, 4.0, 0, 5, Math.abs(x), -1.0
7, 15123, -3.5, 1.0, 0.0, 4.5, 6, 7, Math.max(x, x), -0.5
7, 15124, -3.5, 1.0, 0.0, 5.0, 10, 8, x, 2.5
7, 15125, -3.0, 1.0, -5.0, 0.0, 1, 2, Math.abs(), -1.0
7, 15126, -3.0, 1.0, -5.0, 0.5, 1, 2, Math.abs(), -1.0
7, 15127, -3.0, 1.0, -5.0, 1.0, 1, 2, Math.abs(), -1.0
7, 15128, -3.0, 1.0, -5.0, 1.5, 1, 2, Math.abs(), -1.0
7, 15129, -3.0, 1.0, -5.0, 2.0, 1, 2, Math.abs(), -1.0
7, 15130, -3.0, 1.0, -5.0, 2.5, 0, 2, Math.abs(x), -1.5
7, 15131, -3.0, 1.0, -5.0, 3.0, 0, 1, Math.abs(x), -1.0
7, 15132, -3.0, 1.0, -5.0, 3.5, 0, 1, Math.abs(x), 0.5
7, 15133, -3.0, 1.0, -5.0, 4.0, 0, 1, Math.abs(x), 1.0
7, 15134, -3.0, 1.0, -5.0, 4.5, 0, 1, Math.abs(x), 1.5
7, 15135, -3.0, 1.0, -5.0, 5.0, 0, 1, Math.abs(x), 2.0
7, 15136, -3.0, 1.0, -4.5, 0.0, 1, 2, Math.abs(), -1.0
7, 15137, -3.0, 1.0, -4.5, 0.5, 1, 2, Math.abs(), -1.0
7, 15138, -3.0, 1.0, -4.5, 1.0, 1, 2, Math.abs(), -1.0
7, 15139, -3.0, 1.0, -4.5, 1.5, 1, 2, Math.abs(), -1.0
7, 15140, -3.0, 1.0, -4.5, 2.0, 1, 2, Math.abs(), -1.0
7, 15141, -3.0, 1.0, -4.5, 2.5, 0, 2, Math.abs(x), -1.5
7, 15142, -3.0, 1.0, -4.5, 3.0, 0, 1, Math.abs(x), -1.0
7, 15143, -3.0, 1.0, -4.5, 3.5, 0, 1, Math.abs(x), 0.5
7, 15144, -3.0, 1.0, -4.5, 4.0, 0, 1, Math.abs(x), 1.0
7, 15145, -3.0, 1.0, -4.5, 4.5, 0, 1, Math.abs(x), 1.5
7, 15146, -3.0, 1.0, -4.5, 5.0, 0, 1, Math.abs(x), 2.0
7, 15147, -3.0, 1.0, -4.0, 0.0, 1, 2, Math.abs(), -1.0
7, 15148, -3.0, 1.0, -4.0, 0.5, 1, 2, Math.abs(), -1.0
7, 15149, -3.0, 1.0, -4.0, 1.0, 1, 2, Math.abs(), -1.0
7, 15150, -3.0, 1.0, -4.0, 1.5, 1, 2, Math.abs(), -1.0
7, 15151, -3.0, 1.0, -4.0, 2.0, 1, 2, Math.abs(), -1.0
7, 15152, -3.0, 1.0, -4.0, 2.5, 0, 2, Math.abs(x), -1.5
7, 15153, -3.0, 1.0, -4.0, 3.0, 0, 1, Math.abs(x), -1.0
7, 15154, -3.0, 1.0, -4.0, 3.5, 0, 1, Math.abs(x), 0.5
7, 15155, -3.0, 1.0, -4.0, 4.0, 0, 1, Math.abs(x), 1.0
7, 15156, -3.0, 1.0, -4.0, 4.5, 0, 1, Math.abs(x), 1.5
7, 15157, -3.0, 1.0, -4.0, 5.0, 0, 1, Math.abs(x), 2.0
7, 15158, -3.0, 1.0, -3.5, 0.0, 1, 2, Math.abs(), -1.0
7, 15159, -3.0, 1.0, -3.5, 0.5, 1, 2, Math.abs(), -1.0
7, 15160, -3.0, 1.0, -3.5, 1.0, 1, 2, Math.abs(), -1.0
7, 15161, -3.0, 1.0, -3.5, 1.5, 1, 2, Math.abs(), -1.0
7, 15162, -3.0, 1.0, -3.5, 2.0, 1, 2, Math.abs(), -1.0
7, 15163, -3.0, 1.0, -3.5, 2.5, 0, 2, Math.abs(x), -1.5
7, 15164, -3.0, 1.0, -3.5, 3.0, 0, 1, Math.abs(x), -1.0
7, 15165, -3.0, 1.0, -3.5, 3.5, 0, 1, Math.abs(x), 0.5
7, 15166, -3.0, 1.0, -3.5, 4.0, 0, 1, Math.abs(x), 1.0
7, 15167, -3.0, 1.0, -3.5, 4.5, 0, 1, Math.abs(x), 1.5
7, 15168, -3.0, 1.0, -3.5, 5.0, 0, 1, Math.abs(x), 2.0
7, 15169, -3.0, 1.0, -3.0, 0.0, 1, 2, Math.abs(), -1.0
7, 15170, -3.0, 1.0, -3.0, 0.5, 1, 2, Math.abs(), -1.0
7, 15171, -3.0, 1.0, -3.0, 1.0, 1, 2, Math.abs(), -1.0
7, 15172, -3.0, 1.0, -3.0, 1.5, 1, 2, Math.abs(), -1.0
7, 15173, -3.0, 1.0, -3.0, 2.0, 1, 2, Math.abs(), -1.0
7, 15174, -3.0, 1.0, -3.0, 2.5, 0, 2, Math.abs(x), -1.5
7, 15175, -3.0, 1.0, -3.0, 3.0, 0, 1, Math.abs(x), -1.0
7, 15176, -3.0, 1.0, -3.0, 3.5, 0, 1, Math.abs(x), 0.5
7, 15177, -3.0, 1.0, -3.0, 4.0, 0, 1, Math.abs(x), 1.0
7, 15178, -3.0, 1.0, -3.0, 4.5, 0, 1, Math.abs(x), 1.5
7, 15179, -3.0, 1.0, -3.0, 5.0, 0, 1, Math.abs(x), 2.0
7, 15180, -3.0, 1.0, -2.5, 0.0, 1, 2, Math.abs(), -1.0
7, 15181, -3.0, 1.0, -2.5, 0.5, 1, 2, Math.abs(), -1.0
7, 15182, -3.0, 1.0, -2.5, 1.0, 1, 2, Math.abs(), -1.0
7, 15183, -3.0, 1.0, -2.5, 1.5, 1, 2, Math.abs(), -1.0
7, 15184, -3.0, 1.0, -2.5, 2.0, 1, 2, Math.abs(), -1.0
7, 15185, -3.0, 1.0, -2.5, 2.5, 0, 2, Math.abs(x), -1.5
7, 15186, -3.0, 1.0, -2.5, 3.0, 0, 1, Math.abs(x), -1.0
7, 15187, -3.0, 1.0, -2.5, 3.5, 0, 1, Math.abs(x), 0.5
7, 15188, -3.0, 1.0, -2.5, 4.0, 0, 1, Math.abs(x), 1.0
7, 15189, -3.0, 1.0, -2.5, 4.5, 0, 1, Math.abs(x), 1.5
7, 15190, -3.0, 1.0, -2.5, 5.0, 0, 1, Math.abs(x), 2.0
7, 15191, -3.0, 1.0, -2.0, 0.0, 1, 2, Math.abs(), -1.0
7, 15192, -3.0, 1.0, -2.0, 0.5, 1, 2, Math.abs(), -1.0
7, 15193, -3.0, 1.0, -2.0, 1.0, 1, 2, Math.abs(), -1.0
7, 15194, -3.0, 1.0, -2.0, 1.5, 1, 2, Math.abs(), -1.0
7, 15195, -3.0, 1.0, -2.0, 2.0, 1, 2, Math.abs(), -1.0
7, 15196, -3.0, 1.0, -2.0, 2.5, 0, 2, Math.abs(x), -1.5
7, 15197, -3.0, 1.0, -2.0, 3.0, 0, 1, Math.abs(x), -1.0
7, 15198, -3.0, 1.0, -2.0, 3.5, 0, 1, Math.abs(x), 0.5
7, 15199, -3.0, 1.0, -2.0, 4.0, 0, 1, Math.abs(x), 1.0
7, 15200, -3.0, 1.0, -2.0, 4.5, 0, 1, Math.abs(x), 1.5
7, 15201, -3.0, 1.0, -2.0, 5.0, 0, 1, Math.abs(x), 2.0
7, 15202, -3.0, 1.0, -1.5, 0.0, 1, 2, Math.abs(), -1.0
7, 15203, -3.0, 1.0, -1.5, 0.5, 1, 2, Math.abs(), -1.0
7, 15204, -3.0, 1.0, -1.5, 1.0, 1, 2, Math.abs(), -1.0
7, 15205, -3.0, 1.0, -1.5, 1.5, 1, 2, Math.abs(), -1.0
7, 15206, -3.0, 1.0, -1.5, 2.0, 1, 2, Math.abs(), -1.0
7, 15207, -3.0, 1.0, -1.5, 2.5, 0, 2, Math.abs(x), -1.5
7, 15208, -3.0, 1.0, -1.5, 3.0, 0, 1, Math.abs(x), -1.0
7, 15209, -3.0, 1.0, -1.5, 3.5, 0, 1, Math.abs(x), 0.5
7, 15210, -3.0, 1.0, -1.5, 4.0, 0, 1, Math.abs(x), 1.0
7, 15211, -3.0, 1.0, -1.5, 4.5, 0, 1, Math.abs(x), 1.5
7, 15212, -3.0, 1.0, -1.5, 5.0, 0, 1, Math.abs(x), 2.0
7, 15213, -3.0, 1.0, -1.0, 0.0, 1, 2, Math.abs(), -1.0
7, 15214, -3.0, 1.0, -1.0, 0.5, 1, 2, Math.abs(), -1.0
7, 15215, -3.0, 1.0, -1.0, 1.0, 1, 2, Math.abs(), -1.0
7, 15216, -3.0, 1.0, -1.0, 1.5, 1, 2, Math.abs(), -1.0
7, 15217, -3.0, 1.0, -1.0, 2.0, 1, 2, Math.abs(), -1.0
7, 15218, -3.0, 1.0, -1.0, 2.5, 0, 2, Math.abs(x), -1.5
7, 15219, -3.0, 1.0, -1.0, 3.0, 0, 1, Math.abs(x), -1.0
7, 15220, -3.0, 1.0, -1.0, 3.5, 0, 1, Math.abs(x), 0.5
7, 15221, -3.0, 1.0, -1.0, 4.0, 0, 1, Math.abs(x), 1.0
7, 15222, -3.0, 1.0, -1.0, 4.5, 0, 1, Math.abs(x), 1.5
7, 15223, -3.0, 1.0, -1.0, 5.0, 6, 5, Math.max(x, x), 1.0
7, 15224, -3.0, 1.0, -0.5, 0.0, 1, 2, Math.abs(), -1.0
7, 15225, -3.0, 1.0, -0.5, 0.5, 1, 2, Math.abs(), -1.0
7, 15226, -3.0, 1.0, -0.5, 1.0, 1, 2, Math.abs(), -1.0
7, 15227, -3.0, 1.0, -0.5, 1.5, 1, 2, Math.abs(), -1.0
7, 15228, -3.0, 1.0, -0.5, 2.0, 1, 3, Math.abs(), -1.0
7, 15229, -3.0, 1.0, -0.5, 2.5, 0, 2, Math.abs(x), -1.5
7, 15230, -3.0, 1.0, -0.5, 3.0, 0, 1, Math.abs(x), -1.0
7, 15231, -3.0, 1.0, -0.5, 3.5, 0, 1, Math.abs(x), 0.5
7, 15232, -3.0, 1.0, -0.5, 4.0, 0, 1, Math.abs(x), 1.0
7, 15233, -3.0, 1.0, -0.5, 4.5, 6, 5, Math.max(x, x), 0.5
7, 15234, -3.0, 1.0, -0.5, 5.0, 10, 7, x, 3.0
7, 15235, -3.0, 1.0, 0.0, 0.0, 4, 9, Math.min(), -3.0
7, 15236, -3.0, 1.0, 0.0, 0.5, 4, 9, Math.min(), -3.0
7, 15237, -3.0, 1.0, 0.0, 1.0, 6, 9, Math.round(), -3.0
7, 15238, -3.0, 1.0, 0.0, 1.5, 6, 9, Math.round(), -3.0
7, 15239, -3.0, 1.0, 0.0, 2.0, 6, 9, Math.round(), -3.0
7, 15240, -3.0, 1.0, 0.0, 2.5, 0, 6, Math.abs(x), -1.5
7, 15241, -3.0, 1.0, 0.0, 3.0, 0, 4, Math.abs(x), -1.0
7, 15242, -3.0, 1.0, 0.0, 3.5, 0, 5, Math.abs(x), 0.5
7, 15243, -3.0, 1.0, 0.0, 4.0, 6, 7, Math.max(x, x), 0.0
7, 15244, -3.0, 1.0, 0.0, 4.5, 75, 8, Character.offsetByCodePoints(x, x, x, x).compareTo(System.arraycopy(x, x, x, x, x)), 5.5
7, 15245, -3.0, 1.0, 0.0, 5.0, 103, 6, new String(x, x, x).indexOf(Character.offsetByCodePoints(x, x, x, x), Character.offsetByCodePoints(x, x, x, x)), 11.0
7, 15246, -2.5, 1.0, -5.0, 0.0, 1, 2, Math.abs(), -0.5
7, 15247, -2.5, 1.0, -5.0, 0.5, 1, 2, Math.abs(), -0.5
7, 15248, -2.5, 1.0, -5.0, 1.0, 1, 2, Math.abs(), -0.5
7, 15249, -2.5, 1.0, -5.0, 1.5, 1, 2, Math.abs(), -0.5
7, 15250, -2.5, 1.0, -5.0, 2.0, 0, 2, Math.abs(x), -1.0
7, 15251, -2.5, 1.0, -5.0, 2.5, 0, 1, Math.abs(x), 0.5
7, 15252, -2.5, 1.0, -5.0, 3.0, 0, 1, Math.abs(x), 1.0
7, 15253, -2.5, 1.0, -5.0, 3.5, 0, 1, Math.abs(x), 1.5
7, 15254, -2.5, 1.0, -5.0, 4.0, 0, 1, Math.abs(x), 2.0
7, 15255, -2.5, 1.0, -5.0, 4.5, 0, 1, Math.abs(x), 2.5
7, 15256, -2.5, 1.0, -5.0, 5.0, 0, 1, Math.abs(x), 3.0
7, 15257, -2.5, 1.0, -4.5, 0.0, 1, 2, Math.abs(), -0.5
7, 15258, -2.5, 1.0, -4.5, 0.5, 1, 2, Math.abs(), -0.5
7, 15259, -2.5, 1.0, -4.5, 1.0, 1, 2, Math.abs(), -0.5
7, 15260, -2.5, 1.0, -4.5, 1.5, 1, 2, Math.abs(), -0.5
7, 15261, -2.5, 1.0, -4.5, 2.0, 0, 2, Math.abs(x), -1.0
7, 15262, -2.5, 1.0, -4.5, 2.5, 0, 1, Math.abs(x), 0.5
7, 15263, -2.5, 1.0, -4.5, 3.0, 0, 1, Math.abs(x), 1.0
7, 15264, -2.5, 1.0, -4.5, 3.5, 0, 1, Math.abs(x), 1.5
7, 15265, -2.5, 1.0, -4.5, 4.0, 0, 1, Math.abs(x), 2.0
7, 15266, -2.5, 1.0, -4.5, 4.5, 0, 1, Math.abs(x), 2.5
7, 15267, -2.5, 1.0, -4.5, 5.0, 0, 1, Math.abs(x), 3.0
7, 15268, -2.5, 1.0, -4.0, 0.0, 1, 2, Math.abs(), -0.5
7, 15269, -2.5, 1.0, -4.0, 0.5, 1, 2, Math.abs(), -0.5
7, 15270, -2.5, 1.0, -4.0, 1.0, 1, 2, Math.abs(), -0.5
7, 15271, -2.5, 1.0, -4.0, 1.5, 1, 2, Math.abs(), -0.5
7, 15272, -2.5, 1.0, -4.0, 2.0, 0, 2, Math.abs(x), -1.0
7, 15273, -2.5, 1.0, -4.0, 2.5, 0, 1, Math.abs(x), 0.5
7, 15274, -2.5, 1.0, -4.0, 3.0, 0, 1, Math.abs(x), 1.0
7, 15275, -2.5, 1.0, -4.0, 3.5, 0, 1, Math.abs(x), 1.5
7, 15276, -2.5, 1.0, -4.0, 4.0, 0, 1, Math.abs(x), 2.0
7, 15277, -2.5, 1.0, -4.0, 4.5, 0, 1, Math.abs(x), 2.5
7, 15278, -2.5, 1.0, -4.0, 5.0, 0, 1, Math.abs(x), 3.0
7, 15279, -2.5, 1.0, -3.5, 0.0, 1, 2, Math.abs(), -0.5
7, 15280, -2.5, 1.0, -3.5, 0.5, 1, 2, Math.abs(), -0.5
7, 15281, -2.5, 1.0, -3.5, 1.0, 1, 2, Math.abs(), -0.5
7, 15282, -2.5, 1.0, -3.5, 1.5, 1, 2, Math.abs(), -0.5
7, 15283, -2.5, 1.0, -3.5, 2.0, 0, 2, Math.abs(x), -1.0
7, 15284, -2.5, 1.0, -3.5, 2.5, 0, 1, Math.abs(x), 0.5
7, 15285, -2.5, 1.0, -3.5, 3.0, 0, 1, Math.abs(x), 1.0
7, 15286, -2.5, 1.0, -3.5, 3.5, 0, 1, Math.abs(x), 1.5
7, 15287, -2.5, 1.0, -3.5, 4.0, 0, 1, Math.abs(x), 2.0
7, 15288, -2.5, 1.0, -3.5, 4.5, 0, 1, Math.abs(x), 2.5
7, 15289, -2.5, 1.0, -3.5, 5.0, 0, 1, Math.abs(x), 3.0
7, 15290, -2.5, 1.0, -3.0, 0.0, 1, 2, Math.abs(), -0.5
7, 15291, -2.5, 1.0, -3.0, 0.5, 1, 2, Math.abs(), -0.5
7, 15292, -2.5, 1.0, -3.0, 1.0, 1, 2, Math.abs(), -0.5
7, 15293, -2.5, 1.0, -3.0, 1.5, 1, 2, Math.abs(), -0.5
7, 15294, -2.5, 1.0, -3.0, 2.0, 0, 2, Math.abs(x), -1.0
7, 15295, -2.5, 1.0, -3.0, 2.5, 0, 1, Math.abs(x), 0.5
7, 15296, -2.5, 1.0, -3.0, 3.0, 0, 1, Math.abs(x), 1.0
7, 15297, -2.5, 1.0, -3.0, 3.5, 0, 1, Math.abs(x), 1.5
7, 15298, -2.5, 1.0, -3.0, 4.0, 0, 1, Math.abs(x), 2.0
7, 15299, -2.5, 1.0, -3.0, 4.5, 0, 1, Math.abs(x), 2.5
7, 15300, -2.5, 1.0, -3.0, 5.0, 0, 1, Math.abs(x), 3.0
7, 15301, -2.5, 1.0, -2.5, 0.0, 1, 2, Math.abs(), -0.5
7, 15302, -2.5, 1.0, -2.5, 0.5, 1, 2, Math.abs(), -0.5
7, 15303, -2.5, 1.0, -2.5, 1.0, 1, 2, Math.abs(), -0.5
7, 15304, -2.5, 1.0, -2.5, 1.5, 1, 2, Math.abs(), -0.5
7, 15305, -2.5, 1.0, -2.5, 2.0, 0, 2, Math.abs(x), -1.0
7, 15306, -2.5, 1.0, -2.5, 2.5, 0, 1, Math.abs(x), 0.5
7, 15307, -2.5, 1.0, -2.5, 3.0, 0, 1, Math.abs(x), 1.0
7, 15308, -2.5, 1.0, -2.5, 3.5, 0, 1, Math.abs(x), 1.5
7, 15309, -2.5, 1.0, -2.5, 4.0, 0, 1, Math.abs(x), 2.0
7, 15310, -2.5, 1.0, -2.5, 4.5, 0, 1, Math.abs(x), 2.5
7, 15311, -2.5, 1.0, -2.5, 5.0, 0, 1, Math.abs(x), 3.0
7, 15312, -2.5, 1.0, -2.0, 0.0, 1, 2, Math.abs(), -0.5
7, 15313, -2.5, 1.0, -2.0, 0.5, 1, 2, Math.abs(), -0.5
7, 15314, -2.5, 1.0, -2.0, 1.0, 1, 2, Math.abs(), -0.5
7, 15315, -2.5, 1.0, -2.0, 1.5, 1, 2, Math.abs(), -0.5
7, 15316, -2.5, 1.0, -2.0, 2.0, 0, 2, Math.abs(x), -1.0
7, 15317, -2.5, 1.0, -2.0, 2.5, 0, 1, Math.abs(x), 0.5
7, 15318, -2.5, 1.0, -2.0, 3.0, 0, 1, Math.abs(x), 1.0
7, 15319, -2.5, 1.0, -2.0, 3.5, 0, 1, Math.abs(x), 1.5
7, 15320, -2.5, 1.0, -2.0, 4.0, 0, 1, Math.abs(x), 2.0
7, 15321, -2.5, 1.0, -2.0, 4.5, 0, 1, Math.abs(x), 2.5
7, 15322, -2.5, 1.0, -2.0, 5.0, 0, 3, Math.abs(x), 3.0
7, 15323, -2.5, 1.0, -1.5, 0.0, 1, 2, Math.abs(), -0.5
7, 15324, -2.5, 1.0, -1.5, 0.5, 1, 2, Math.abs(), -0.5
7, 15325, -2.5, 1.0, -1.5, 1.0, 1, 2, Math.abs(), -0.5
7, 15326, -2.5, 1.0, -1.5, 1.5, 1, 2, Math.abs(), -0.5
7, 15327, -2.5, 1.0, -1.5, 2.0, 0, 2, Math.abs(x), -1.0
7, 15328, -2.5, 1.0, -1.5, 2.5, 0, 1, Math.abs(x), 0.5
7, 15329, -2.5, 1.0, -1.5, 3.0, 0, 1, Math.abs(x), 1.0
7, 15330, -2.5, 1.0, -1.5, 3.5, 0, 1, Math.abs(x), 1.5
7, 15331, -2.5, 1.0, -1.5, 4.0, 0, 1, Math.abs(x), 2.0
7, 15332, -2.5, 1.0, -1.5, 4.5, 0, 2, Math.abs(x), 2.5
7, 15333, -2.5, 1.0, -1.5, 5.0, 6, 3, Math.max(x, x), 2.0
7, 15334, -2.5, 1.0, -1.0, 0.0, 1, 2, Math.abs(), -0.5
7, 15335, -2.5, 1.0, -1.0, 0.5, 1, 2, Math.abs(), -0.5
7, 15336, -2.5, 1.0, -1.0, 1.0, 1, 2, Math.abs(), -0.5
7, 15337, -2.5, 1.0, -1.0, 1.5, 1, 2, Math.abs(), -0.5
7, 15338, -2.5, 1.0, -1.0, 2.0, 0, 2, Math.abs(x), -1.0
7, 15339, -2.5, 1.0, -1.0, 2.5, 0, 1, Math.abs(x), 0.5
7, 15340, -2.5, 1.0, -1.0, 3.0, 0, 1, Math.abs(x), 1.0
7, 15341, -2.5, 1.0, -1.0, 3.5, 0, 1, Math.abs(x), 1.5
7, 15342, -2.5, 1.0, -1.0, 4.0, 0, 1, Math.abs(x), 2.0
7, 15343, -2.5, 1.0, -1.0, 4.5, 6, 3, Math.max(x, x), 1.5
7, 15344, -2.5, 1.0, -1.0, 5.0, 6, 8, Math.max(x, x), 2.5
7, 15345, -2.5, 1.0, -0.5, 0.0, 1, 2, Math.abs(), -0.5
7, 15346, -2.5, 1.0, -0.5, 0.5, 1, 2, Math.abs(), -0.5
7, 15347, -2.5, 1.0, -0.5, 1.0, 1, 2, Math.abs(), -0.5
7, 15348, -2.5, 1.0, -0.5, 1.5, 1, 2, Math.abs(), -0.5
7, 15349, -2.5, 1.0, -0.5, 2.0, 0, 2, Math.abs(x), -1.0
7, 15350, -2.5, 1.0, -0.5, 2.5, 0, 1, Math.abs(x), 0.5
7, 15351, -2.5, 1.0, -0.5, 3.0, 0, 1, Math.abs(x), 1.0
7, 15352, -2.5, 1.0, -0.5, 3.5, 0, 1, Math.abs(x), 1.5
7, 15353, -2.5, 1.0, -0.5, 4.0, 6, 2, Math.max(x, x), 1.0
7, 15354, -2.5, 1.0, -0.5, 4.5, 75, 1, Character.offsetByCodePoints(x, x, x, x).compareTo(System.arraycopy(x, x, x, x, x)), 7.5
7, 15355, -2.5, 1.0, -0.5, 5.0, 75, 3, Character.offsetByCodePoints(x, x, x, x).compareTo(System.arraycopy(x, x, x, x, x)), 12.0
7, 15356, -2.5, 1.0, 0.0, 0.0, 4, 9, Math.min(), -2.5
7, 15357, -2.5, 1.0, 0.0, 0.5, 4, 9, Math.min(), -2.5
7, 15358, -2.5, 1.0, 0.0, 1.0, 6, 9, Math.round(), -2.5
7, 15359, -2.5, 1.0, 0.0, 1.5, 6, 9, Math.round(), -2.5
7, 15360, -2.5, 1.0, 0.0, 2.0, 0, 6, Math.abs(x), -1.0
7, 15361, -2.5, 1.0, 0.0, 2.5, 0, 4, Math.abs(x), 0.5
7, 15362, -2.5, 1.0, 0.0, 3.0, 0, 5, Math.abs(x), 1.0
7, 15363, -2.5, 1.0, 0.0, 3.5, 10, 5, x, 2.0
7, 15364, -2.5, 1.0, 0.0, 4.0, 103, 6, new String(x, x, x).indexOf(Character.offsetByCodePoints(x, x, x, x), Character.offsetByCodePoints(x, x, x, x)), 7.5
7, 15365, -2.5, 1.0, 0.0, 4.5, 103, 6, new String(x, x, x).indexOf(Character.offsetByCodePoints(x, x, x, x), Character.offsetByCodePoints(x, x, x, x)), 13.0
7, 15366, -2.5, 1.0, 0.0, 5.0, 103, 9, new String(x, x, x).indexOf(Character.offsetByCodePoints(x, x, x, x), Character.offsetByCodePoints(x, x, x, x)), 18.5
7, 15367, -2.0, 1.0, -5.0, 0.0, 1, 2, Math.abs(), 0.0
7, 15368, -2.0, 1.0, -5.0, 0.5, 1, 2, Math.abs(), 0.0
7, 15369, -2.0, 1.0, -5.0, 1.0, 1, 2, Math.abs(), 0.0
7, 15370, -2.0, 1.0, -5.0, 1.5, 0, 1, Math.abs(x), 0.5
7, 15371, -2.0, 1.0, -5.0, 2.0, 0, 1, Math.abs(x), 1.0
7, 15372, -2.0, 1.0, -5.0, 2.5, 0, 1, Math.abs(x), 1.5
7, 15373, -2.0, 1.0, -5.0, 3.0, 0, 1, Math.abs(x), 2.0
7, 15374, -2.0, 1.0, -5.0, 3.5, 0, 1, Math.abs(x), 2.5
7, 15375, -2.0, 1.0, -5.0, 4.0, 0, 1, Math.abs(x), 3.0
7, 15376, -2.0, 1.0, -5.0, 4.5, 0, 1, Math.abs(x), 3.5
7, 15377, -2.0, 1.0, -5.0, 5.0, 0, 1, Math.abs(x), 4.0
7, 15378, -2.0, 1.0, -4.5, 0.0, 1, 2, Math.abs(), 0.0
7, 15379, -2.0, 1.0, -4.5, 0.5, 1, 2, Math.abs(), 0.0
7, 15380, -2.0, 1.0, -4.5, 1.0, 1, 2, Math.abs(), 0.0
7, 15381, -2.0, 1.0, -4.5, 1.5, 0, 1, Math.abs(x), 0.5
7, 15382, -2.0, 1.0, -4.5, 2.0, 0, 1, Math.abs(x), 1.0
7, 15383, -2.0, 1.0, -4.5, 2.5, 0, 1, Math.abs(x), 1.5
7, 15384, -2.0, 1.0, -4.5, 3.0, 0, 1, Math.abs(x), 2.0
7, 15385, -2.0, 1.0, -4.5, 3.5, 0, 1, Math.abs(x), 2.5
7, 15386, -2.0, 1.0, -4.5, 4.0, 0, 1, Math.abs(x), 3.0
7, 15387, -2.0, 1.0, -4.5, 4.5, 0, 1, Math.abs(x), 3.5
7, 15388, -2.0, 1.0, -4.5, 5.0, 0, 1, Math.abs(x), 4.0
7, 15389, -2.0, 1.0, -4.0, 0.0, 1, 2, Math.abs(), 0.0
7, 15390, -2.0, 1.0, -4.0, 0.5, 1, 2, Math.abs(), 0.0
7, 15391, -2.0, 1.0, -4.0, 1.0, 1, 2, Math.abs(), 0.0
7, 15392, -2.0, 1.0, -4.0, 1.5, 0, 1, Math.abs(x), 0.5
7, 15393, -2.0, 1.0, -4.0, 2.0, 0, 1, Math.abs(x), 1.0
7, 15394, -2.0, 1.0, -4.0, 2.5, 0, 1, Math.abs(x), 1.5
7, 15395, -2.0, 1.0, -4.0, 3.0, 0, 1, Math.abs(x), 2.0
7, 15396, -2.0, 1.0, -4.0, 3.5, 0, 1, Math.abs(x), 2.5
7, 15397, -2.0, 1.0, -4.0, 4.0, 0, 1, Math.abs(x), 3.0
7, 15398, -2.0, 1.0, -4.0, 4.5, 0, 1, Math.abs(x), 3.5
7, 15399, -2.0, 1.0, -4.0, 5.0, 0, 1, Math.abs(x), 4.0
7, 15400, -2.0, 1.0, -3.5, 0.0, 1, 2, Math.abs(), 0.0
7, 15401, -2.0, 1.0, -3.5, 0.5, 1, 2, Math.abs(), 0.0
7, 15402, -2.0, 1.0, -3.5, 1.0, 1, 2, Math.abs(), 0.0
7, 15403, -2.0, 1.0, -3.5, 1.5, 0, 1, Math.abs(x), 0.5
7, 15404, -2.0, 1.0, -3.5, 2.0, 0, 1, Math.abs(x), 1.0
7, 15405, -2.0, 1.0, -3.5, 2.5, 0, 1, Math.abs(x), 1.5
7, 15406, -2.0, 1.0, -3.5, 3.0, 0, 1, Math.abs(x), 2.0
7, 15407, -2.0, 1.0, -3.5, 3.5, 0, 1, Math.abs(x), 2.5
7, 15408, -2.0, 1.0, -3.5, 4.0, 0, 1, Math.abs(x), 3.0
7, 15409, -2.0, 1.0, -3.5, 4.5, 0, 1, Math.abs(x), 3.5
7, 15410, -2.0, 1.0, -3.5, 5.0, 0, 1, Math.abs(x), 4.0
7, 15411, -2.0, 1.0, -3.0, 0.0, 1, 2, Math.abs(), 0.0
7, 15412, -2.0, 1.0, -3.0, 0.5, 1, 2, Math.abs(), 0.0
7, 15413, -2.0, 1.0, -3.0, 1.0, 1, 2, Math.abs(), 0.0
7, 15414, -2.0, 1.0, -3.0, 1.5, 0, 1, Math.abs(x), 0.5
7, 15415, -2.0, 1.0, -3.0, 2.0, 0, 1, Math.abs(x), 1.0
7, 15416, -2.0, 1.0, -3.0, 2.5, 0, 1, Math.abs(x), 1.5
7, 15417, -2.0, 1.0, -3.0, 3.0, 0, 1, Math.abs(x), 2.0
7, 15418, -2.0, 1.0, -3.0, 3.5, 0, 1, Math.abs(x), 2.5
7, 15419, -2.0, 1.0, -3.0, 4.0, 0, 1, Math.abs(x), 3.0
7, 15420, -2.0, 1.0, -3.0, 4.5, 0, 1, Math.abs(x), 3.5
7, 15421, -2.0, 1.0, -3.0, 5.0, 0, 2, Math.abs(x), 4.0
7, 15422, -2.0, 1.0, -2.5, 0.0, 1, 2, Math.abs(), 0.0
7, 15423, -2.0, 1.0, -2.5, 0.5, 1, 2, Math.abs(), 0.0
7, 15424, -2.0, 1.0, -2.5, 1.0, 1, 2, Math.abs(), 0.0
7, 15425, -2.0, 1.0, -2.5, 1.5, 0, 1, Math.abs(x), 0.5
7, 15426, -2.0, 1.0, -2.5, 2.0, 0, 1, Math.abs(x), 1.0
7, 15427, -2.0, 1.0, -2.5, 2.5, 0, 1, Math.abs(x), 1.5
7, 15428, -2.0, 1.0, -2.5, 3.0, 0, 1, Math.abs(x), 2.0
7, 15429, -2.0, 1.0, -2.5, 3.5, 0, 1, Math.abs(x), 2.5
7, 15430, -2.0, 1.0, -2.5, 4.0, 0, 1, Math.abs(x), 3.0
7, 15431, -2.0, 1.0, -2.5, 4.5, 0, 1, Math.abs(x), 3.5
7, 15432, -2.0, 1.0, -2.5, 5.0, 0, 5, Math.abs(x), 4.0
7, 15433, -2.0, 1.0, -2.0, 0.0, 1, 2, Math.abs(), 0.0
7, 15434, -2.0, 1.0, -2.0, 0.5, 1, 2, Math.abs(), 0.0
7, 15435, -2.0, 1.0, -2.0, 1.0, 1, 2, Math.abs(), 0.0
7, 15436, -2.0, 1.0, -2.0, 1.5, 0, 1, Math.abs(x), 0.5
7, 15437, -2.0, 1.0, -2.0, 2.0, 0, 1, Math.abs(x), 1.0
7, 15438, -2.0, 1.0, -2.0, 2.5, 0, 1, Math.abs(x), 1.5
7, 15439, -2.0, 1.0, -2.0, 3.0, 0, 1, Math.abs(x), 2.0
7, 15440, -2.0, 1.0, -2.0, 3.5, 0, 1, Math.abs(x), 2.5
7, 15441, -2.0, 1.0, -2.0, 4.0, 0, 1, Math.abs(x), 3.0
7, 15442, -2.0, 1.0, -2.0, 4.5, 0, 5, Math.abs(x), 3.5
7, 15443, -2.0, 1.0, -2.0, 5.0, 6, 3, Math.max(x, x), 3.0
7, 15444, -2.0, 1.0, -1.5, 0.0, 1, 2, Math.abs(), 0.0
7, 15445, -2.0, 1.0, -1.5, 0.5, 1, 2, Math.abs(), 0.0
7, 15446, -2.0, 1.0, -1.5, 1.0, 1, 2, Math.abs(), 0.0
7, 15447, -2.0, 1.0, -1.5, 1.5, 0, 1, Math.abs(x), 0.5
7, 15448, -2.0, 1.0, -1.5, 2.0, 0, 1, Math.abs(x), 1.0
7, 15449, -2.0, 1.0, -1.5, 2.5, 0, 1, Math.abs(x), 1.5
7, 15450, -2.0, 1.0, -1.5, 3.0, 0, 1, Math.abs(x), 2.0
7, 15451, -2.0, 1.0, -1.5, 3.5, 0, 1, Math.abs(x), 2.5
7, 15452, -2.0, 1.0, -1.5, 4.0, 0, 5, Math.abs(x), 3.0
7, 15453, -2.0, 1.0, -1.5, 4.5, 6, 3, Math.max(x, x), 2.5
7, 15454, -2.0, 1.0, -1.5, 5.0, 6, 7, Math.max(x, x), 3.5
7, 15455, -2.0, 1.0, -1.0, 0.0, 1, 2, Math.abs(), 0.0
7, 15456, -2.0, 1.0, -1.0, 0.5, 1, 2, Math.abs(), 0.0
7, 15457, -2.0, 1.0, -1.0, 1.0, 1, 2, Math.abs(), 0.0
7, 15458, -2.0, 1.0, -1.0, 1.5, 0, 1, Math.abs(x), 0.5
7, 15459, -2.0, 1.0, -1.0, 2.0, 0, 1, Math.abs(x), 1.0
7, 15460, -2.0, 1.0, -1.0, 2.5, 0, 1, Math.abs(x), 1.5
7, 15461, -2.0, 1.0, -1.0, 3.0, 0, 1, Math.abs(x), 2.0
7, 15462, -2.0, 1.0, -1.0, 3.5, 0, 4, Math.abs(x), 2.5
7, 15463, -2.0, 1.0, -1.0, 4.0, 6, 3, Math.max(x, x), 2.0
7, 15464, -2.0, 1.0, -1.0, 4.5, 36, 8, System.arraycopy(x, x, x, x, x).hashCode(), 6.5
7, 15465, -2.0, 1.0, -1.0, 5.0, 55, 1, new String(x, x, x).compareTo(System.arraycopy(x, x, x, x, x)), 14.0
7, 15466, -2.0, 1.0, -0.5, 0.0, 1, 2, Math.abs(), 0.0
7, 15467, -2.0, 1.0, -0.5, 0.5, 1, 2, Math.abs(), 0.0
7, 15468, -2.0, 1.0, -0.5, 1.0, 1, 2, Math.abs(), 0.0
7, 15469, -2.0, 1.0, -0.5, 1.5, 0, 1, Math.abs(x), 0.5
7, 15470, -2.0, 1.0, -0.5, 2.0, 0, 1, Math.abs(x), 1.0
7, 15471, -2.0, 1.0, -0.5, 2.5, 0, 1, Math.abs(x), 1.5
7, 15472, -2.0, 1.0, -0.5, 3.0, 0, 3, Math.abs(x), 2.0
7, 15473, -2.0, 1.0, -0.5, 3.5, 6, 4, Math.max(x, x), 1.5
7, 15474, -2.0, 1.0, -0.5, 4.0, 55, 2, new String(x, x, x).compareTo(System.arraycopy(x, x, x, x, x)), 8.5
7, 15475, -2.0, 1.0, -0.5, 4.5, 75, 8, Character.offsetByCodePoints(x, x, x, x).compareTo(System.arraycopy(x, x, x, x, x)), 13.5
7, 15476, -2.0, 1.0, -0.5, 5.0, 103, 6, new String(x, x, x).indexOf(Character.offsetByCodePoints(x, x, x, x), Character.offsetByCodePoints(x, x, x, x)), 19.0
7, 15477, -2.0, 1.0, 0.0, 0.0, 4, 9, Math.min(), -2.0
7, 15478, -2.0, 1.0, 0.0, 0.5, 4, 9, Math.min(), -2.0
7, 15479, -2.0, 1.0, 0.0, 1.0, 6, 9, Math.round(), -2.0
7, 15480, -2.0, 1.0, 0.0, 1.5, 0, 3, Math.abs(x), 0.5
7, 15481, -2.0, 1.0, 0.0, 2.0, 0, 3, Math.abs(x), 1.0
7, 15482, -2.0, 1.0, 0.0, 2.5, 0, 7, Math.abs(x), 1.5
7, 15483, -2.0, 1.0, 0.0, 3.0, 82, 5, Math.min(Character.offsetByCodePoints(x, x, x, x), Character.offsetByCodePoints(x, x, x, x)), 3.0
7, 15484, -2.0, 1.0, 0.0, 3.5, 103, 6, new String(x, x, x).indexOf(Character.offsetByCodePoints(x, x, x, x), Character.offsetByCodePoints(x, x, x, x)), 9.5
7, 15485, -2.0, 1.0, 0.0, 4.0, 103, 9, new String(x, x, x).indexOf(Character.offsetByCodePoints(x, x, x, x), Character.offsetByCodePoints(x, x, x, x)), 15.0
7, 15486, -2.0, 1.0, 0.0, 4.5, 103, 9, new String(x, x, x).indexOf(Character.offsetByCodePoints(x, x, x, x), Character.offsetByCodePoints(x, x, x, x)), 20.5
7, 15487, -2.0, 1.0, 0.0, 5.0, 103, 9, new String(x, x, x).indexOf(Character.offsetByCodePoints(x, x, x, x), Character.offsetByCodePoints(x, x, x, x)), 26.0
7, 15488, -1.5, 1.0, -5.0, 0.0, 1, 0, Math.abs(), 0.5
7, 15489, -1.5, 1.0, -5.0, 0.5, 0, 0, Math.abs(x), 0.5
7, 15490, -1.5, 1.0, -5.0, 1.0, 0, 0, Math.abs(x), 1.0
7, 15491, -1.5, 1.0, -5.0, 1.5, 0, 0, Math.abs(x), 1.5
7, 15492, -1.5, 1.0, -5.0, 2.0, 0, 0, Math.abs(x), 2.0
7, 15493, -1.5, 1.0, -5.0, 2.5, 0, 0, Math.abs(x), 2.5
7, 15494, -1.5, 1.0, -5.0, 3.0, 0, 0, Math.abs(x), 3.0
7, 15495, -1.5, 1.0, -5.0, 3.5, 0, 0, Math.abs(x), 3.5
7, 15496, -1.5, 1.0, -5.0, 4.0, 0, 0, Math.abs(x), 4.0
7, 15497, -1.5, 1.0, -5.0, 4.5, 0, 0, Math.abs(x), 4.5
7, 15498, -1.5, 1.0, -5.0, 5.0, 0, 0, Math.abs(x), 5.0
7, 15499, -1.5, 1.0, -4.5, 0.0, 1, 0, Math.abs(), 0.5
7, 15500, -1.5, 1.0, -4.5, 0.5, 0, 0, Math.abs(x), 0.5
7, 15501, -1.5, 1.0, -4.5, 1.0, 0, 0, Math.abs(x), 1.0
7, 15502, -1.5, 1.0, -4.5, 1.5, 0, 0, Math.abs(x), 1.5
7, 15503, -1.5, 1.0, -4.5, 2.0, 0, 0, Math.abs(x), 2.0
7, 15504, -1.5, 1.0, -4.5, 2.5, 0, 0, Math.abs(x), 2.5
7, 15505, -1.5, 1.0, -4.5, 3.0, 0, 0, Math.abs(x), 3.0
7, 15506, -1.5, 1.0, -4.5, 3.5, 0, 0, Math.abs(x), 3.5
7, 15507, -1.5, 1.0, -4.5, 4.0, 0, 0, Math.abs(x), 4.0
7, 15508, -1.5, 1.0, -4.5, 4.5, 0, 0, Math.abs(x), 4.5
7, 15509, -1.5, 1.0, -4.5, 5.0, 0, 0, Math.abs(x), 5.0
7, 15510, -1.5, 1.0, -4.0, 0.0, 1, 0, Math.abs(), 0.5
7, 15511, -1.5, 1.0, -4.0, 0.5, 0, 0, Math.abs(x), 0.5
7, 15512, -1.5, 1.0, -4.0, 1.0, 0, 0, Math.abs(x), 1.0
7, 15513, -1.5, 1.0, -4.0, 1.5, 0, 0, Math.abs(x), 1.5
7, 15514, -1.5, 1.0, -4.0, 2.0, 0, 0, Math.abs(x), 2.0
7, 15515, -1.5, 1.0, -4.0, 2.5, 0, 0, Math.abs(x), 2.5
7, 15516, -1.5, 1.0, -4.0, 3.0, 0, 0, Math.abs(x), 3.0
7, 15517, -1.5, 1.0, -4.0, 3.5, 0, 0, Math.abs(x), 3.5
7, 15518, -1.5, 1.0, -4.0, 4.0, 0, 0, Math.abs(x), 4.0
7, 15519, -1.5, 1.0, -4.0, 4.5, 0, 0, Math.abs(x), 4.5
7, 15520, -1.5, 1.0, -4.0, 5.0, 0, 0, Math.abs(x), 5.0
7, 15521, -1.5, 1.0, -3.5, 0.0, 1, 0, Math.abs(), 0.5
7, 15522, -1.5, 1.0, -3.5, 0.5, 0, 0, Math.abs(x), 0.5
7, 15523, -1.5, 1.0, -3.5, 1.0, 0, 0, Math.abs(x), 1.0
7, 15524, -1.5, 1.0, -3.5, 1.5, 0, 0, Math.abs(x), 1.5
7, 15525, -1.5, 1.0, -3.5, 2.0, 0, 0, Math.abs(x), 2.0
7, 15526, -1.5, 1.0, -3.5, 2.5, 0, 0, Math.abs(x), 2.5
7, 15527, -1.5, 1.0, -3.5, 3.0, 0, 0, Math.abs(x), 3.0
7, 15528, -1.5, 1.0, -3.5, 3.5, 0, 0, Math.abs(x), 3.5
7, 15529, -1.5, 1.0, -3.5, 4.0, 0, 0, Math.abs(x), 4.0
7, 15530, -1.5, 1.0, -3.5, 4.5, 0, 0, Math.abs(x), 4.5
7, 15531, -1.5, 1.0, -3.5, 5.0, 0, 1, Math.abs(x), 5.0
7, 15532, -1.5, 1.0, -3.0, 0.0, 1, 0, Math.abs(), 0.5
7, 15533, -1.5, 1.0, -3.0, 0.5, 0, 0, Math.abs(x), 0.5
7, 15534, -1.5, 1.0, -3.0, 1.0, 0, 0, Math.abs(x), 1.0
7, 15535, -1.5, 1.0, -3.0, 1.5, 0, 0, Math.abs(x), 1.5
7, 15536, -1.5, 1.0, -3.0, 2.0, 0, 0, Math.abs(x), 2.0
7, 15537, -1.5, 1.0, -3.0, 2.5, 0, 0, Math.abs(x), 2.5
7, 15538, -1.5, 1.0, -3.0, 3.0, 0, 0, Math.abs(x), 3.0
7, 15539, -1.5, 1.0, -3.0, 3.5, 0, 0, Math.abs(x), 3.5
7, 15540, -1.5, 1.0, -3.0, 4.0, 0, 0, Math.abs(x), 4.0
7, 15541, -1.5, 1.0, -3.0, 4.5, 0, 0, Math.abs(x), 4.5
7, 15542, -1.5, 1.0, -3.0, 5.0, 0, 2, Math.abs(x), 5.0
7, 15543, -1.5, 1.0, -2.5, 0.0, 1, 0, Math.abs(), 0.5
7, 15544, -1.5, 1.0, -2.5, 0.5, 0, 0, Math.abs(x), 0.5
7, 15545, -1.5, 1.0, -2.5, 1.0, 0, 0, Math.abs(x), 1.0
7, 15546, -1.5, 1.0, -2.5, 1.5, 0, 0, Math.abs(x), 1.5
7, 15547, -1.5, 1.0, -2.5, 2.0, 0, 0, Math.abs(x), 2.0
7, 15548, -1.5, 1.0, -2.5, 2.5, 0, 0, Math.abs(x), 2.5
7, 15549, -1.5, 1.0, -2.5, 3.0, 0, 0, Math.abs(x), 3.0
7, 15550, -1.5, 1.0, -2.5, 3.5, 0, 0, Math.abs(x), 3.5
7, 15551, -1.5, 1.0, -2.5, 4.0, 0, 0, Math.abs(x), 4.0
7, 15552, -1.5, 1.0, -2.5, 4.5, 0, 2, Math.abs(x), 4.5
7, 15553, -1.5, 1.0, -2.5, 5.0, 0, 8, Math.abs(x), 5.0
7, 15554, -1.5, 1.0, -2.0, 0.0, 1, 0, Math.abs(), 0.5
7, 15555, -1.5, 1.0, -2.0, 0.5, 0, 0, Math.abs(x), 0.5
7, 15556, -1.5, 1.0, -2.0, 1.0, 0, 0, Math.abs(x), 1.0
7, 15557, -1.5, 1.0, -2.0, 1.5, 0, 0, Math.abs(x), 1.5
7, 15558, -1.5, 1.0, -2.0, 2.0, 0, 0, Math.abs(x), 2.0
7, 15559, -1.5, 1.0, -2.0, 2.5, 0, 0, Math.abs(x), 2.5
7, 15560, -1.5, 1.0, -2.0, 3.0, 0, 0, Math.abs(x), 3.0
7, 15561, -1.5, 1.0, -2.0, 3.5, 0, 0, Math.abs(x), 3.5
7, 15562, -1.5, 1.0, -2.0, 4.0, 0, 2, Math.abs(x), 4.0
7, 15563, -1.5, 1.0, -2.0, 4.5, 0, 8, Math.abs(x), 4.5
7, 15564, -1.5, 1.0, -2.0, 5.0, 32, 8, new String(x, x, x).indexOf(Math.abs(x), x), 8.0
7, 15565, -1.5, 1.0, -1.5, 0.0, 1, 0, Math.abs(), 0.5
7, 15566, -1.5, 1.0, -1.5, 0.5, 0, 0, Math.abs(x), 0.5
7, 15567, -1.5, 1.0, -1.5, 1.0, 0, 0, Math.abs(x), 1.0
7, 15568, -1.5, 1.0, -1.5, 1.5, 0, 0, Math.abs(x), 1.5
7, 15569, -1.5, 1.0, -1.5, 2.0, 0, 0, Math.abs(x), 2.0
7, 15570, -1.5, 1.0, -1.5, 2.5, 0, 0, Math.abs(x), 2.5
7, 15571, -1.5, 1.0, -1.5, 3.0, 0, 0, Math.abs(x), 3.0
7, 15572, -1.5, 1.0, -1.5, 3.5, 0, 1, Math.abs(x), 3.5
7, 15573, -1.5, 1.0, -1.5, 4.0, 0, 9, Math.abs(x), 4.0
7, 15574, -1.5, 1.0, -1.5, 4.5, 32, 8, new String(x, x, x).indexOf(Math.abs(x), x), 7.5
7, 15575, -1.5, 1.0, -1.5, 5.0, 47, 2, x.equals(x).compareTo(System.arraycopy(x, x, x, x, x)), 15.0
7, 15576, -1.5, 1.0, -1.0, 0.0, 1, 0, Math.abs(), 0.5
7, 15577, -1.5, 1.0, -1.0, 0.5, 0, 0, Math.abs(x), 0.5
7, 15578, -1.5, 1.0, -1.0, 1.0, 0, 0, Math.abs(x), 1.0
7, 15579, -1.5, 1.0, -1.0, 1.5, 0, 0, Math.abs(x), 1.5
7, 15580, -1.5, 1.0, -1.0, 2.0, 0, 0, Math.abs(x), 2.0
7, 15581, -1.5, 1.0, -1.0, 2.5, 0, 0, Math.abs(x), 2.5
7, 15582, -1.5, 1.0, -1.0, 3.0, 0, 0, Math.abs(x), 3.0
7, 15583, -1.5, 1.0, -1.0, 3.5, 6, 7, Math.max(x, x), 3.5
7, 15584, -1.5, 1.0, -1.0, 4.0, 55, 0, new String(x, x, x).compareTo(System.arraycopy(x, x, x, x, x)), 11.5
7, 15585, -1.5, 1.0, -1.0, 4.5, 55, 1, new String(x, x, x).compareTo(System.arraycopy(x, x, x, x, x)), 15.5
7, 15586, -1.5, 1.0, -1.0, 5.0, 55, 7, new String(x, x, x).compareTo(System.arraycopy(x, x, x, x, x)), 19.5
7, 15587, -1.5, 1.0, -0.5, 0.0, 1, 0, Math.abs(), 0.5
7, 15588, -1.5, 1.0, -0.5, 0.5, 0, 0, Math.abs(x), 0.5
7, 15589, -1.5, 1.0, -0.5, 1.0, 0, 0, Math.abs(x), 1.0
7, 15590, -1.5, 1.0, -0.5, 1.5, 0, 0, Math.abs(x), 1.5
7, 15591, -1.5, 1.0, -0.5, 2.0, 0, 0, Math.abs(x), 2.0
7, 15592, -1.5, 1.0, -0.5, 2.5, 0, 0, Math.abs(x), 2.5
7, 15593, -1.5, 1.0, -0.5, 3.0, 55, 0, new String(x, x, x).compareTo(System.arraycopy(x, x, x, x, x)), 6.0
7, 15594, -1.5, 1.0, -0.5, 3.5, 55, 6, new String(x, x, x).compareTo(System.arraycopy(x, x, x, x, x)), 10.0
7, 15595, -1.5, 1.0, -0.5, 4.0, 103, 6, new String(x, x, x).indexOf(Character.offsetByCodePoints(x, x, x, x), Character.offsetByCodePoints(x, x, x, x)), 15.5
7, 15596, -1.5, 1.0, -0.5, 4.5, 103, 8, new String(x, x, x).indexOf(Character.offsetByCodePoints(x, x, x, x), Character.offsetByCodePoints(x, x, x, x)), 21.0
7, 15597, -1.5, 1.0, -0.5, 5.0, 103, 8, new String(x, x, x).indexOf(Character.offsetByCodePoints(x, x, x, x), Character.offsetByCodePoints(x, x, x, x)), 26.5
7, 15598, -1.5, 1.0, 0.0, 0.0, 1, 1, Math.abs(), 0.5
7, 15599, -1.5, 1.0, 0.0, 0.5, 0, 0, Math.abs(x), 0.5
7, 15600, -1.5, 1.0, 0.0, 1.0, 0, 0, Math.abs(x), 1.0
7, 15601, -1.5, 1.0, 0.0, 1.5, 0, 0, Math.abs(x), 1.5
7, 15602, -1.5, 1.0, 0.0, 2.0, 0, 1, Math.abs(x), 2.0
7, 15603, -1.5, 1.0, 0.0, 2.5, 103, 6, new String(x, x, x).indexOf(Character.offsetByCodePoints(x, x, x, x), Character.offsetByCodePoints(x, x, x, x)), 6.0
7, 15604, -1.5, 1.0, 0.0, 3.0, 103, 9, new String(x, x, x).indexOf(Character.offsetByCodePoints(x, x, x, x), Character.offsetByCodePoints(x, x, x, x)), 11.5
7, 15605, -1.5, 1.0, 0.0, 3.5, 103, 9, new String(x, x, x).indexOf(Character.offsetByCodePoints(x, x, x, x), Character.offsetByCodePoints(x, x, x, x)), 17.0
7, 15606, -1.5, 1.0, 0.0, 4.0, 103, 9, new String(x, x, x).indexOf(Character.offsetByCodePoints(x, x, x, x), Character.offsetByCodePoints(x, x, x, x)), 22.5
7, 15607, -1.5, 1.0, 0.0, 4.5, 103, 9, new String(x, x, x).indexOf(Character.offsetByCodePoints(x, x, x, x), Character.offsetByCodePoints(x, x, x, x)), 28.0
7, 15608, -1.5, 1.0, 0.0, 5.0, 103, 9, new String(x, x, x).indexOf(Character.offsetByCodePoints(x, x, x, x), Character.offsetByCodePoints(x, x, x, x)), 33.5
7, 15609, -1.0, 1.0, -5.0, 0.0, 0, 0, Math.abs(x), 1.0
7, 15610, -1.0, 1.0, -5.0, 0.5, 0, 0, Math.abs(x), 1.5
7, 15611, -1.0, 1.0, -5.0, 1.0, 0, 0, Math.abs(x), 2.0
7, 15612, -1.0, 1.0, -5.0, 1.5, 0, 0, Math.abs(x), 2.5
7, 15613, -1.0, 1.0, -5.0, 2.0, 0, 0, Math.abs(x), 3.0
7, 15614, -1.0, 1.0, -5.0, 2.5, 0, 0, Math.abs(x), 3.5
7, 15615, -1.0, 1.0, -5.0, 3.0, 0, 0, Math.abs(x), 4.0
7, 15616, -1.0, 1.0, -5.0, 3.5, 0, 0, Math.abs(x), 4.5
7, 15617, -1.0, 1.0, -5.0, 4.0, 0, 0, Math.abs(x), 5.0
7, 15618, -1.0, 1.0, -5.0, 4.5, 0, 0, Math.abs(x), 5.5
7, 15619, -1.0, 1.0, -5.0, 5.0, 0, 0, Math.abs(x), 6.0
7, 15620, -1.0, 1.0, -4.5, 0.0, 0, 0, Math.abs(x), 1.0
7, 15621, -1.0, 1.0, -4.5, 0.5, 0, 0, Math.abs(x), 1.5
7, 15622, -1.0, 1.0, -4.5, 1.0, 0, 0, Math.abs(x), 2.0
7, 15623, -1.0, 1.0, -4.5, 1.5, 0, 0, Math.abs(x), 2.5
7, 15624, -1.0, 1.0, -4.5, 2.0, 0, 0, Math.abs(x), 3.0
7, 15625, -1.0, 1.0, -4.5, 2.5, 0, 0, Math.abs(x), 3.5
7, 15626, -1.0, 1.0, -4.5, 3.0, 0, 0, Math.abs(x), 4.0
7, 15627, -1.0, 1.0, -4.5, 3.5, 0, 0, Math.abs(x), 4.5
7, 15628, -1.0, 1.0, -4.5, 4.0, 0, 0, Math.abs(x), 5.0
7, 15629, -1.0, 1.0, -4.5, 4.5, 0, 0, Math.abs(x), 5.5
7, 15630, -1.0, 1.0, -4.5, 5.0, 0, 0, Math.abs(x), 6.0
7, 15631, -1.0, 1.0, -4.0, 0.0, 0, 0, Math.abs(x), 1.0
7, 15632, -1.0, 1.0, -4.0, 0.5, 0, 0, Math.abs(x), 1.5
7, 15633, -1.0, 1.0, -4.0, 1.0, 0, 0, Math.abs(x), 2.0
7, 15634, -1.0, 1.0, -4.0, 1.5, 0, 0, Math.abs(x), 2.5
7, 15635, -1.0, 1.0, -4.0, 2.0, 0, 0, Math.abs(x), 3.0
7, 15636, -1.0, 1.0, -4.0, 2.5, 0, 0, Math.abs(x), 3.5
7, 15637, -1.0, 1.0, -4.0, 3.0, 0, 0, Math.abs(x), 4.0
7, 15638, -1.0, 1.0, -4.0, 3.5, 0, 0, Math.abs(x), 4.5
7, 15639, -1.0, 1.0, -4.0, 4.0, 0, 0, Math.abs(x), 5.0
7, 15640, -1.0, 1.0, -4.0, 4.5, 0, 0, Math.abs(x), 5.5
7, 15641, -1.0, 1.0, -4.0, 5.0, 0, 2, Math.abs(x), 6.0
7, 15642, -1.0, 1.0, -3.5, 0.0, 0, 0, Math.abs(x), 1.0
7, 15643, -1.0, 1.0, -3.5, 0.5, 0, 0, Math.abs(x), 1.5
7, 15644, -1.0, 1.0, -3.5, 1.0, 0, 0, Math.abs(x), 2.0
7, 15645, -1.0, 1.0, -3.5, 1.5, 0, 0, Math.abs(x), 2.5
7, 15646, -1.0, 1.0, -3.5, 2.0, 0, 0, Math.abs(x), 3.0
7, 15647, -1.0, 1.0, -3.5, 2.5, 0, 0, Math.abs(x), 3.5
7, 15648, -1.0, 1.0, -3.5, 3.0, 0, 0, Math.abs(x), 4.0
7, 15649, -1.0, 1.0, -3.5, 3.5, 0, 0, Math.abs(x), 4.5
7, 15650, -1.0, 1.0, -3.5, 4.0, 0, 0, Math.abs(x), 5.0
7, 15651, -1.0, 1.0, -3.5, 4.5, 0, 2, Math.abs(x), 5.5
7, 15652, -1.0, 1.0, -3.5, 5.0, 0, 4, Math.abs(x), 6.0
7, 15653, -1.0, 1.0, -3.0, 0.0, 0, 0, Math.abs(x), 1.0
7, 15654, -1.0, 1.0, -3.0, 0.5, 0, 0, Math.abs(x), 1.5
7, 15655, -1.0, 1.0, -3.0, 1.0, 0, 0, Math.abs(x), 2.0
7, 15656, -1.0, 1.0, -3.0, 1.5, 0, 0, Math.abs(x), 2.5
7, 15657, -1.0, 1.0, -3.0, 2.0, 0, 0, Math.abs(x), 3.0
7, 15658, -1.0, 1.0, -3.0, 2.5, 0, 0, Math.abs(x), 3.5
7, 15659, -1.0, 1.0, -3.0, 3.0, 0, 0, Math.abs(x), 4.0
7, 15660, -1.0, 1.0, -3.0, 3.5, 0, 0, Math.abs(x), 4.5
7, 15661, -1.0, 1.0, -3.0, 4.0, 0, 1, Math.abs(x), 5.0
7, 15662, -1.0, 1.0, -3.0, 4.5, 0, 4, Math.abs(x), 5.5
7, 15663, -1.0, 1.0, -3.0, 5.0, 6, 7, Math.max(x, x), 6.0
7, 15664, -1.0, 1.0, -2.5, 0.0, 0, 0, Math.abs(x), 1.0
7, 15665, -1.0, 1.0, -2.5, 0.5, 0, 0, Math.abs(x), 1.5
7, 15666, -1.0, 1.0, -2.5, 1.0, 0, 0, Math.abs(x), 2.0
7, 15667, -1.0, 1.0, -2.5, 1.5, 0, 0, Math.abs(x), 2.5
7, 15668, -1.0, 1.0, -2.5, 2.0, 0, 0, Math.abs(x), 3.0
7, 15669, -1.0, 1.0, -2.5, 2.5, 0, 0, Math.abs(x), 3.5
7, 15670, -1.0, 1.0, -2.5, 3.0, 0, 0, Math.abs(x), 4.0
7, 15671, -1.0, 1.0, -2.5, 3.5, 0, 0, Math.abs(x), 4.5
7, 15672, -1.0, 1.0, -2.5, 4.0, 0, 4, Math.abs(x), 5.0
7, 15673, -1.0, 1.0, -2.5, 4.5, 6, 7, Math.max(x, x), 5.5
7, 15674, -1.0, 1.0, -2.5, 5.0, 36, 5, System.arraycopy(x, x, x, x, x).hashCode(), 11.5
7, 15675, -1.0, 1.0, -2.0, 0.0, 0, 0, Math.abs(x), 1.0
7, 15676, -1.0, 1.0, -2.0, 0.5, 0, 0, Math.abs(x), 1.5
7, 15677, -1.0, 1.0, -2.0, 1.0, 0, 0, Math.abs(x), 2.0
7, 15678, -1.0, 1.0, -2.0, 1.5, 0, 0, Math.abs(x), 2.5
7, 15679, -1.0, 1.0, -2.0, 2.0, 0, 0, Math.abs(x), 3.0
7, 15680, -1.0, 1.0, -2.0, 2.5, 0, 0, Math.abs(x), 3.5
7, 15681, -1.0, 1.0, -2.0, 3.0, 0, 0, Math.abs(x), 4.0
7, 15682, -1.0, 1.0, -2.0, 3.5, 0, 4, Math.abs(x), 4.5
7, 15683, -1.0, 1.0, -2.0, 4.0, 6, 7, Math.max(x, x), 5.0
7, 15684, -1.0, 1.0, -2.0, 4.5, 36, 6, System.arraycopy(x, x, x, x, x).hashCode(), 10.5
7, 15685, -1.0, 1.0, -2.0, 5.0, 47, 1, x.equals(x).compareTo(System.arraycopy(x, x, x, x, x)), 18.0
7, 15686, -1.0, 1.0, -1.5, 0.0, 0, 0, Math.abs(x), 1.0
7, 15687, -1.0, 1.0, -1.5, 0.5, 0, 0, Math.abs(x), 1.5
7, 15688, -1.0, 1.0, -1.5, 1.0, 0, 0, Math.abs(x), 2.0
7, 15689, -1.0, 1.0, -1.5, 1.5, 0, 0, Math.abs(x), 2.5
7, 15690, -1.0, 1.0, -1.5, 2.0, 0, 0, Math.abs(x), 3.0
7, 15691, -1.0, 1.0, -1.5, 2.5, 0, 0, Math.abs(x), 3.5
7, 15692, -1.0, 1.0, -1.5, 3.0, 0, 4, Math.abs(x), 4.0
7, 15693, -1.0, 1.0, -1.5, 3.5, 34, 7, x.insert(x, x).codePointCount(Math.abs(x), x), 6.5
7, 15694, -1.0, 1.0, -1.5, 4.0, 43, 1, Math.abs(x).compareTo(System.arraycopy(x, x, x, x, x)), 13.5
7, 15695, -1.0, 1.0, -1.5, 4.5, 47, 6, x.equals(x).compareTo(System.arraycopy(x, x, x, x, x)), 16.5
7, 15696, -1.0, 1.0, -1.5, 5.0, 55, 2, new String(x, x, x).compareTo(System.arraycopy(x, x, x, x, x)), 22.5
7, 15697, -1.0, 1.0, -1.0, 0.0, 0, 0, Math.abs(x), 1.0
7, 15698, -1.0, 1.0, -1.0, 0.5, 0, 0, Math.abs(x), 1.5
7, 15699, -1.0, 1.0, -1.0, 1.0, 0, 0, Math.abs(x), 2.0
7, 15700, -1.0, 1.0, -1.0, 1.5, 0, 0, Math.abs(x), 2.5
7, 15701, -1.0, 1.0, -1.0, 2.0, 0, 0, Math.abs(x), 3.0
7, 15702, -1.0, 1.0, -1.0, 2.5, 0, 8, Math.abs(x), 3.5
7, 15703, -1.0, 1.0, -1.0, 3.0, 32, 8, new String(x, x, x).indexOf(Math.abs(x), x), 6.0
7, 15704, -1.0, 1.0, -1.0, 3.5, 47, 6, x.equals(x).compareTo(System.arraycopy(x, x, x, x, x)), 11.5
7, 15705, -1.0, 1.0, -1.0, 4.0, 55, 1, new String(x, x, x).compareTo(System.arraycopy(x, x, x, x, x)), 17.0
7, 15706, -1.0, 1.0, -1.0, 4.5, 78, 3, x.insert(x, x).indexOf(new String(x, x, x), Character.offsetByCodePoints(x, x, x, x)), 22.0
7, 15707, -1.0, 1.0, -1.0, 5.0, 78, 9, x.insert(x, x).indexOf(new String(x, x, x), Character.offsetByCodePoints(x, x, x, x)), 27.0
7, 15708, -1.0, 1.0, -0.5, 0.0, 0, 0, Math.abs(x), 1.0
7, 15709, -1.0, 1.0, -0.5, 0.5, 0, 0, Math.abs(x), 1.5
7, 15710, -1.0, 1.0, -0.5, 1.0, 0, 0, Math.abs(x), 2.0
7, 15711, -1.0, 1.0, -0.5, 1.5, 0, 0, Math.abs(x), 2.5
7, 15712, -1.0, 1.0, -0.5, 2.0, 0, 8, Math.abs(x), 3.0
7, 15713, -1.0, 1.0, -0.5, 2.5, 47, 8, x.equals(x).compareTo(System.arraycopy(x, x, x, x, x)), 6.5
7, 15714, -1.0, 1.0, -0.5, 3.0, 78, 7, x.insert(x, x).indexOf(new String(x, x, x), Character.offsetByCodePoints(x, x, x, x)), 12.0
7, 15715, -1.0, 1.0, -0.5, 3.5, 103, 8, new String(x, x, x).indexOf(Character.offsetByCodePoints(x, x, x, x), Character.offsetByCodePoints(x, x, x, x)), 17.5
7, 15716, -1.0, 1.0, -0.5, 4.0, 103, 8, new String(x, x, x).indexOf(Character.offsetByCodePoints(x, x, x, x), Character.offsetByCodePoints(x, x, x, x)), 23.0
7, 15717, -1.0, 1.0, -0.5, 4.5, 103, 8, new String(x, x, x).indexOf(Character.offsetByCodePoints(x, x, x, x), Character.offsetByCodePoints(x, x, x, x)), 28.5
7, 15718, -1.0, 1.0, -0.5, 5.0, 103, 8, new String(x, x, x).indexOf(Character.offsetByCodePoints(x, x, x, x), Character.offsetByCodePoints(x, x, x, x)), 34.0
7, 15719, -1.0, 1.0, 0.0, 0.0, 16, 3, Float.MIN_EXPONENT, 0.0
7, 15720, -1.0, 1.0, 0.0, 0.5, 0, 0, Math.abs(x), 1.5
7, 15721, -1.0, 1.0, 0.0, 1.0, 0, 0, Math.abs(x), 2.0
7, 15722, -1.0, 1.0, 0.0, 1.5, 0, 2, Math.abs(x), 2.5
7, 15723, -1.0, 1.0, 0.0, 2.0, 103, 9, new String(x, x, x).indexOf(Character.offsetByCodePoints(x, x, x, x), Character.offsetByCodePoints(x, x, x, x)), 8.0
7, 15724, -1.0, 1.0, 0.0, 2.5, 103, 9, new String(x, x, x).indexOf(Character.offsetByCodePoints(x, x, x, x), Character.offsetByCodePoints(x, x, x, x)), 13.5
7, 15725, -1.0, 1.0, 0.0, 3.0, 103, 9, new String(x, x, x).indexOf(Character.offsetByCodePoints(x, x, x, x), Character.offsetByCodePoints(x, x, x, x)), 19.0
7, 15726, -1.0, 1.0, 0.0, 3.5, 103, 9, new String(x, x, x).indexOf(Character.offsetByCodePoints(x, x, x, x), Character.offsetByCodePoints(x, x, x, x)), 24.5
7, 15727, -1.0, 1.0, 0.0, 4.0, 103, 9, new String(x, x, x).indexOf(Character.offsetByCodePoints(x, x, x, x), Character.offsetByCodePoints(x, x, x, x)), 30.0
7, 15728, -1.0, 1.0, 0.0, 4.5, 103, 9, new String(x, x, x).indexOf(Character.offsetByCodePoints(x, x, x, x), Character.offsetByCodePoints(x, x, x, x)), 35.5
7, 15729, -1.0, 1.0, 0.0, 5.0, 103, 9, new String(x, x, x).indexOf(Character.offsetByCodePoints(x, x, x, x), Character.offsetByCodePoints(x, x, x, x)), 41.0
7, 15730, -0.5, 1.0, -5.0, 0.0, 0, 0, Math.abs(x), 2.0
7, 15731, -0.5, 1.0, -5.0, 0.5, 0, 0, Math.abs(x), 2.5
7, 15732, -0.5, 1.0, -5.0, 1.0, 0, 0, Math.abs(x), 3.0
7, 15733, -0.5, 1.0, -5.0, 1.5, 0, 0, Math.abs(x), 3.5
7, 15734, -0.5, 1.0, -5.0, 2.0, 0, 0, Math.abs(x), 4.0
7, 15735, -0.5, 1.0, -5.0, 2.5, 0, 0, Math.abs(x), 4.5
7, 15736, -0.5, 1.0, -5.0, 3.0, 0, 0, Math.abs(x), 5.0
7, 15737, -0.5, 1.0, -5.0, 3.5, 0, 0, Math.abs(x), 5.5
7, 15738, -0.5, 1.0, -5.0, 4.0, 0, 0, Math.abs(x), 6.0
7, 15739, -0.5, 1.0, -5.0, 4.5, 0, 0, Math.abs(x), 6.5
7, 15740, -0.5, 1.0, -5.0, 5.0, 0, 2, Math.abs(x), 7.0
7, 15741, -0.5, 1.0, -4.5, 0.0, 0, 0, Math.abs(x), 2.0
7, 15742, -0.5, 1.0, -4.5, 0.5, 0, 0, Math.abs(x), 2.5
7, 15743, -0.5, 1.0, -4.5, 1.0, 0, 0, Math.abs(x), 3.0
7, 15744, -0.5, 1.0, -4.5, 1.5, 0, 0, Math.abs(x), 3.5
7, 15745, -0.5, 1.0, -4.5, 2.0, 0, 0, Math.abs(x), 4.0
7, 15746, -0.5, 1.0, -4.5, 2.5, 0, 0, Math.abs(x), 4.5
7, 15747, -0.5, 1.0, -4.5, 3.0, 0, 0, Math.abs(x), 5.0
7, 15748, -0.5, 1.0, -4.5, 3.5, 0, 0, Math.abs(x), 5.5
7, 15749, -0.5, 1.0, -4.5, 4.0, 0, 0, Math.abs(x), 6.0
7, 15750, -0.5, 1.0, -4.5, 4.5, 0, 1, Math.abs(x), 6.5
7, 15751, -0.5, 1.0, -4.5, 5.0, 0, 2, Math.abs(x), 7.0
7, 15752, -0.5, 1.0, -4.0, 0.0, 0, 0, Math.abs(x), 2.0
7, 15753, -0.5, 1.0, -4.0, 0.5, 0, 0, Math.abs(x), 2.5
7, 15754, -0.5, 1.0, -4.0, 1.0, 0, 0, Math.abs(x), 3.0
7, 15755, -0.5, 1.0, -4.0, 1.5, 0, 0, Math.abs(x), 3.5
7, 15756, -0.5, 1.0, -4.0, 2.0, 0, 0, Math.abs(x), 4.0
7, 15757, -0.5, 1.0, -4.0, 2.5, 0, 0, Math.abs(x), 4.5
7, 15758, -0.5, 1.0, -4.0, 3.0, 0, 0, Math.abs(x), 5.0
7, 15759, -0.5, 1.0, -4.0, 3.5, 0, 0, Math.abs(x), 5.5
7, 15760, -0.5, 1.0, -4.0, 4.0, 0, 0, Math.abs(x), 6.0
7, 15761, -0.5, 1.0, -4.0, 4.5, 0, 2, Math.abs(x), 6.5
7, 15762, -0.5, 1.0, -4.0, 5.0, 13, 8, Math.min(Math.abs(x), x), 7.0
7, 15763, -0.5, 1.0, -3.5, 0.0, 0, 0, Math.abs(x), 2.0
7, 15764, -0.5, 1.0, -3.5, 0.5, 0, 0, Math.abs(x), 2.5
7, 15765, -0.5, 1.0, -3.5, 1.0, 0, 0, Math.abs(x), 3.0
7, 15766, -0.5, 1.0, -3.5, 1.5, 0, 0, Math.abs(x), 3.5
7, 15767, -0.5, 1.0, -3.5, 2.0, 0, 0, Math.abs(x), 4.0
7, 15768, -0.5, 1.0, -3.5, 2.5, 0, 0, Math.abs(x), 4.5
7, 15769, -0.5, 1.0, -3.5, 3.0, 0, 0, Math.abs(x), 5.0
7, 15770, -0.5, 1.0, -3.5, 3.5, 0, 0, Math.abs(x), 5.5
7, 15771, -0.5, 1.0, -3.5, 4.0, 0, 2, Math.abs(x), 6.0
7, 15772, -0.5, 1.0, -3.5, 4.5, 13, 8, Math.min(Math.abs(x), x), 6.5
7, 15773, -0.5, 1.0, -3.5, 5.0, 26, 7, Math.min(Math.abs(x), Math.max(x, x)), 8.0
7, 15774, -0.5, 1.0, -3.0, 0.0, 0, 0, Math.abs(x), 2.0
7, 15775, -0.5, 1.0, -3.0, 0.5, 0, 0, Math.abs(x), 2.5
7, 15776, -0.5, 1.0, -3.0, 1.0, 0, 0, Math.abs(x), 3.0
7, 15777, -0.5, 1.0, -3.0, 1.5, 0, 0, Math.abs(x), 3.5
7, 15778, -0.5, 1.0, -3.0, 2.0, 0, 0, Math.abs(x), 4.0
7, 15779, -0.5, 1.0, -3.0, 2.5, 0, 0, Math.abs(x), 4.5
7, 15780, -0.5, 1.0, -3.0, 3.0, 0, 0, Math.abs(x), 5.0
7, 15781, -0.5, 1.0, -3.0, 3.5, 0, 2, Math.abs(x), 5.5
7, 15782, -0.5, 1.0, -3.0, 4.0, 13, 8, Math.min(Math.abs(x), x), 6.0
7, 15783, -0.5, 1.0, -3.0, 4.5, 26, 7, Math.min(Math.abs(x), Math.max(x, x)), 7.5
7, 15784, -0.5, 1.0, -3.0, 5.0, 36, 6, System.arraycopy(x, x, x, x, x).hashCode(), 13.5
7, 15785, -0.5, 1.0, -2.5, 0.0, 0, 0, Math.abs(x), 2.0
7, 15786, -0.5, 1.0, -2.5, 0.5, 0, 0, Math.abs(x), 2.5
7, 15787, -0.5, 1.0, -2.5, 1.0, 0, 0, Math.abs(x), 3.0
7, 15788, -0.5, 1.0, -2.5, 1.5, 0, 0, Math.abs(x), 3.5
7, 15789, -0.5, 1.0, -2.5, 2.0, 0, 0, Math.abs(x), 4.0
7, 15790, -0.5, 1.0, -2.5, 2.5, 0, 0, Math.abs(x), 4.5
7, 15791, -0.5, 1.0, -2.5, 3.0, 0, 1, Math.abs(x), 5.0
7, 15792, -0.5, 1.0, -2.5, 3.5, 13, 8, Math.min(Math.abs(x), x), 5.5
7, 15793, -0.5, 1.0, -2.5, 4.0, 36, 6, System.arraycopy(x, x, x, x, x).hashCode(), 10.0
7, 15794, -0.5, 1.0, -2.5, 4.5, 43, 1, Math.abs(x).compareTo(System.arraycopy(x, x, x, x, x)), 18.0
7, 15795, -0.5, 1.0, -2.5, 5.0, 47, 1, x.equals(x).compareTo(System.arraycopy(x, x, x, x, x)), 21.0
7, 15796, -0.5, 1.0, -2.0, 0.0, 0, 0, Math.abs(x), 2.0
7, 15797, -0.5, 1.0, -2.0, 0.5, 0, 0, Math.abs(x), 2.5
7, 15798, -0.5, 1.0, -2.0, 1.0, 0, 0, Math.abs(x), 3.0
7, 15799, -0.5, 1.0, -2.0, 1.5, 0, 0, Math.abs(x), 3.5
7, 15800, -0.5, 1.0, -2.0, 2.0, 0, 0, Math.abs(x), 4.0
7, 15801, -0.5, 1.0, -2.0, 2.5, 0, 0, Math.abs(x), 4.5
7, 15802, -0.5, 1.0, -2.0, 3.0, 26, 8, Integer.rotateLeft(Math.abs(x), x, x), 5.5
7, 15803, -0.5, 1.0, -2.0, 3.5, 37, 9, System.arraycopy(x, x, x, x, x).compareTo(), 9.0
7, 15804, -0.5, 1.0, -2.0, 4.0, 43, 1, Math.abs(x).compareTo(System.arraycopy(x, x, x, x, x)), 16.5
7, 15805, -0.5, 1.0, -2.0, 4.5, 47, 4, x.equals(x).compareTo(System.arraycopy(x, x, x, x, x)), 19.5
7, 15806, -0.5, 1.0, -2.0, 5.0, 55, 2, new String(x, x, x).compareTo(System.arraycopy(x, x, x, x, x)), 25.5
7, 15807, -0.5, 1.0, -1.5, 0.0, 0, 0, Math.abs(x), 2.0
7, 15808, -0.5, 1.0, -1.5, 0.5, 0, 0, Math.abs(x), 2.5
7, 15809, -0.5, 1.0, -1.5, 1.0, 0, 0, Math.abs(x), 3.0
7, 15810, -0.5, 1.0, -1.5, 1.5, 0, 0, Math.abs(x), 3.5
7, 15811, -0.5, 1.0, -1.5, 2.0, 0, 1, Math.abs(x), 4.0
7, 15812, -0.5, 1.0, -1.5, 2.5, 26, 8, Integer.rotateLeft(Math.abs(x), x, x), 5.0
7, 15813, -0.5, 1.0, -1.5, 3.0, 43, 1, Math.abs(x).compareTo(System.arraycopy(x, x, x, x, x)), 12.0
7, 15814, -0.5, 1.0, -1.5, 3.5, 47, 4, x.equals(x).compareTo(System.arraycopy(x, x, x, x, x)), 14.5
7, 15815, -0.5, 1.0, -1.5, 4.0, 55, 2, new String(x, x, x).compareTo(System.arraycopy(x, x, x, x, x)), 20.0
7, 15816, -0.5, 1.0, -1.5, 4.5, 55, 4, new String(x, x, x).compareTo(System.arraycopy(x, x, x, x, x)), 24.0
7, 15817, -0.5, 1.0, -1.5, 5.0, 55, 3, new String(x, x, x).compareTo(System.arraycopy(x, x, x, x, x)), 28.0
7, 15818, -0.5, 1.0, -1.0, 0.0, 0, 0, Math.abs(x), 2.0
7, 15819, -0.5, 1.0, -1.0, 0.5, 0, 0, Math.abs(x), 2.5
7, 15820, -0.5, 1.0, -1.0, 1.0, 0, 0, Math.abs(x), 3.0
7, 15821, -0.5, 1.0, -1.0, 1.5, 0, 0, Math.abs(x), 3.5
7, 15822, -0.5, 1.0, -1.0, 2.0, 32, 8, new String(x, x, x).indexOf(Math.abs(x), x), 5.0
7, 15823, -0.5, 1.0, -1.0, 2.5, 47, 4, x.equals(x).compareTo(System.arraycopy(x, x, x, x, x)), 9.5
7, 15824, -0.5, 1.0, -1.0, 3.0, 55, 2, new String(x, x, x).compareTo(System.arraycopy(x, x, x, x, x)), 14.5
7, 15825, -0.5, 1.0, -1.0, 3.5, 55, 3, new String(x, x, x).compareTo(System.arraycopy(x, x, x, x, x)), 18.5
7, 15826, -0.5, 1.0, -1.0, 4.0, 78, 5, x.insert(x, x).indexOf(new String(x, x, x), Character.offsetByCodePoints(x, x, x, x)), 24.0
7, 15827, -0.5, 1.0, -1.0, 4.5, 78, 9, x.insert(x, x).indexOf(new String(x, x, x), Character.offsetByCodePoints(x, x, x, x)), 29.0
7, 15828, -0.5, 1.0, -1.0, 5.0, 103, 8, new String(x, x, x).indexOf(Character.offsetByCodePoints(x, x, x, x), Character.offsetByCodePoints(x, x, x, x)), 34.5
7, 15829, -0.5, 1.0, -0.5, 0.0, 0, 0, Math.abs(x), 2.0
7, 15830, -0.5, 1.0, -0.5, 0.5, 0, 0, Math.abs(x), 2.5
7, 15831, -0.5, 1.0, -0.5, 1.0, 0, 0, Math.abs(x), 3.0
7, 15832, -0.5, 1.0, -0.5, 1.5, 19, 9, Integer.signum(Math.abs(x), x), 3.5
7, 15833, -0.5, 1.0, -0.5, 2.0, 55, 2, new String(x, x, x).compareTo(System.arraycopy(x, x, x, x, x)), 9.0
7, 15834, -0.5, 1.0, -0.5, 2.5, 78, 9, x.insert(x, x).indexOf(new String(x, x, x), Character.offsetByCodePoints(x, x, x, x)), 14.0
7, 15835, -0.5, 1.0, -0.5, 3.0, 103, 8, new String(x, x, x).indexOf(Character.offsetByCodePoints(x, x, x, x), Character.offsetByCodePoints(x, x, x, x)), 19.5
7, 15836, -0.5, 1.0, -0.5, 3.5, 103, 8, new String(x, x, x).indexOf(Character.offsetByCodePoints(x, x, x, x), Character.offsetByCodePoints(x, x, x, x)), 25.0
7, 15837, -0.5, 1.0, -0.5, 4.0, 103, 8, new String(x, x, x).indexOf(Character.offsetByCodePoints(x, x, x, x), Character.offsetByCodePoints(x, x, x, x)), 30.5
7, 15838, -0.5, 1.0, -0.5, 4.5, 103, 8, new String(x, x, x).indexOf(Character.offsetByCodePoints(x, x, x, x), Character.offsetByCodePoints(x, x, x, x)), 36.0
7, 15839, -0.5, 1.0, -0.5, 5.0, 103, 8, new String(x, x, x).indexOf(Character.offsetByCodePoints(x, x, x, x), Character.offsetByCodePoints(x, x, x, x)), 41.5
7, 15840, -0.5, 1.0, 0.0, 0.0, 16, 3, Float.MIN_EXPONENT, 0.5
7, 15841, -0.5, 1.0, 0.0, 0.5, 0, 0, Math.abs(x), 2.5
7, 15842, -0.5, 1.0, 0.0, 1.0, 37, 7, new String(x, StrictMath.abs(), x).indexOf(x, x), 3.5
7, 15843, -0.5, 1.0, 0.0, 1.5, 145, 8, new String(x, StrictMath.abs(), x).indexOf(Character.offsetByCodePoints(x, StrictMath.abs(), x, x), Character.offsetByCodePoints(x, StrictMath.abs(), x, x)), 7.5
7, 15844, -0.5, 1.0, 0.0, 2.0, 103, 9, new String(x, x, x).indexOf(Character.offsetByCodePoints(x, x, x, x), Character.offsetByCodePoints(x, x, x, x)), 15.5
7, 15845, -0.5, 1.0, 0.0, 2.5, 103, 9, new String(x, x, x).indexOf(Character.offsetByCodePoints(x, x, x, x), Character.offsetByCodePoints(x, x, x, x)), 21.0
7, 15846, -0.5, 1.0, 0.0, 3.0, 103, 9, new String(x, x, x).indexOf(Character.offsetByCodePoints(x, x, x, x), Character.offsetByCodePoints(x, x, x, x)), 26.5
7, 15847, -0.5, 1.0, 0.0, 3.5, 103, 9, new String(x, x, x).indexOf(Character.offsetByCodePoints(x, x, x, x), Character.offsetByCodePoints(x, x, x, x)), 32.0
7, 15848, -0.5, 1.0, 0.0, 4.0, 103, 9, new String(x, x, x).indexOf(Character.offsetByCodePoints(x, x, x, x), Character.offsetByCodePoints(x, x, x, x)), 37.5
7, 15849, -0.5, 1.0, 0.0, 4.5, 103, 9, new String(x, x, x).indexOf(Character.offsetByCodePoints(x, x, x, x), Character.offsetByCodePoints(x, x, x, x)), 43.0
7, 15850, -0.5, 1.0, 0.0, 5.0, 103, 9, new String(x, x, x).indexOf(Character.offsetByCodePoints(x, x, x, x), Character.offsetByCodePoints(x, x, x, x)), 48.5
7, 15851, 0.0, 1.0, -5.0, 0.0, 0, 2, Math.abs(x), 3.0
7, 15852, 0.0, 1.0, -5.0, 0.5, 0, 2, Math.abs(x), 3.5
7, 15853, 0.0, 1.0, -5.0, 1.0, 0, 2, Math.abs(x), 4.0
7, 15854, 0.0, 1.0, -5.0, 1.5, 0, 2, Math.abs(x), 4.5
7, 15855, 0.0, 1.0, -5.0, 2.0, 0, 2, Math.abs(x), 5.0
7, 15856, 0.0, 1.0, -5.0, 2.5, 0, 2, Math.abs(x), 5.5
7, 15857, 0.0, 1.0, -5.0, 3.0, 0, 2, Math.abs(x), 6.0
7, 15858, 0.0, 1.0, -5.0, 3.5, 0, 2, Math.abs(x), 6.5
7, 15859, 0.0, 1.0, -5.0, 4.0, 0, 2, Math.abs(x), 7.0
7, 15860, 0.0, 1.0, -5.0, 4.5, 0, 4, Math.abs(x), 7.5
7, 15861, 0.0, 1.0, -5.0, 5.0, 10, 8, Math.abs(Math.abs(x)), 8.0
7, 15862, 0.0, 1.0, -4.5, 0.0, 0, 2, Math.abs(x), 3.0
7, 15863, 0.0, 1.0, -4.5, 0.5, 0, 2, Math.abs(x), 3.5
7, 15864, 0.0, 1.0, -4.5, 1.0, 0, 2, Math.abs(x), 4.0
7, 15865, 0.0, 1.0, -4.5, 1.5, 0, 2, Math.abs(x), 4.5
7, 15866, 0.0, 1.0, -4.5, 2.0, 0, 2, Math.abs(x), 5.0
7, 15867, 0.0, 1.0, -4.5, 2.5, 0, 2, Math.abs(x), 5.5
7, 15868, 0.0, 1.0, -4.5, 3.0, 0, 2, Math.abs(x), 6.0
7, 15869, 0.0, 1.0, -4.5, 3.5, 0, 2, Math.abs(x), 6.5
7, 15870, 0.0, 1.0, -4.5, 4.0, 0, 4, Math.abs(x), 7.0
7, 15871, 0.0, 1.0, -4.5, 4.5, 10, 8, Math.abs(Math.abs(x)), 7.5
7, 15872, 0.0, 1.0, -4.5, 5.0, 26, 5, Math.min(Math.abs(x), Math.max(x, x)), 9.0
7, 15873, 0.0, 1.0, -4.0, 0.0, 0, 2, Math.abs(x), 3.0
7, 15874, 0.0, 1.0, -4.0, 0.5, 0, 2, Math.abs(x), 3.5
7, 15875, 0.0, 1.0, -4.0, 1.0, 0, 2, Math.abs(x), 4.0
7, 15876, 0.0, 1.0, -4.0, 1.5, 0, 2, Math.abs(x), 4.5
7, 15877, 0.0, 1.0, -4.0, 2.0, 0, 2, Math.abs(x), 5.0
7, 15878, 0.0, 1.0, -4.0, 2.5, 0, 2, Math.abs(x), 5.5
7, 15879, 0.0, 1.0, -4.0, 3.0, 0, 2, Math.abs(x), 6.0
7, 15880, 0.0, 1.0, -4.0, 3.5, 0, 3, Math.abs(x), 6.5
7, 15881, 0.0, 1.0, -4.0, 4.0, 10, 8, Math.abs(Math.abs(x)), 7.0
7, 15882, 0.0, 1.0, -4.0, 4.5, 26, 5, Math.min(Math.abs(x), Math.max(x, x)), 8.5
7, 15883, 0.0, 1.0, -4.0, 5.0, 26, 6, Math.min(Math.abs(x), Math.max(x, x)), 10.0
7, 15884, 0.0, 1.0, -3.5, 0.0, 0, 2, Math.abs(x), 3.0
7, 15885, 0.0, 1.0, -3.5, 0.5, 0, 2, Math.abs(x), 3.5
7, 15886, 0.0, 1.0, -3.5, 1.0, 0, 2, Math.abs(x), 4.0
7, 15887, 0.0, 1.0, -3.5, 1.5, 0, 2, Math.abs(x), 4.5
7, 15888, 0.0, 1.0, -3.5, 2.0, 0, 2, Math.abs(x), 5.0
7, 15889, 0.0, 1.0, -3.5, 2.5, 0, 2, Math.abs(x), 5.5
7, 15890, 0.0, 1.0, -3.5, 3.0, 0, 2, Math.abs(x), 6.0
7, 15891, 0.0, 1.0, -3.5, 3.5, 10, 8, Math.abs(Math.abs(x)), 6.5
7, 15892, 0.0, 1.0, -3.5, 4.0, 26, 5, Math.min(Math.abs(x), Math.max(x, x)), 8.0
7, 15893, 0.0, 1.0, -3.5, 4.5, 36, 6, System.arraycopy(x, x, x, x, x).hashCode(), 13.0
7, 15894, 0.0, 1.0, -3.5, 5.0, 43, 1, Math.abs(x).compareTo(System.arraycopy(x, x, x, x, x)), 22.5
7, 15895, 0.0, 1.0, -3.0, 0.0, 0, 2, Math.abs(x), 3.0
7, 15896, 0.0, 1.0, -3.0, 0.5, 0, 2, Math.abs(x), 3.5
7, 15897, 0.0, 1.0, -3.0, 1.0, 0, 2, Math.abs(x), 4.0
7, 15898, 0.0, 1.0, -3.0, 1.5, 0, 2, Math.abs(x), 4.5
7, 15899, 0.0, 1.0, -3.0, 2.0, 0, 2, Math.abs(x), 5.0
7, 15900, 0.0, 1.0, -3.0, 2.5, 0, 2, Math.abs(x), 5.5
7, 15901, 0.0, 1.0, -3.0, 3.0, 10, 8, Math.abs(Math.abs(x)), 6.0
7, 15902, 0.0, 1.0, -3.0, 3.5, 36, 3, System.arraycopy(x, x, x, x, x).hashCode(), 9.5
7, 15903, 0.0, 1.0, -3.0, 4.0, 37, 9, System.arraycopy(x, x, x, x, x).compareTo(), 12.0
7, 15904, 0.0, 1.0, -3.0, 4.5, 43, 1, Math.abs(x).compareTo(System.arraycopy(x, x, x, x, x)), 21.0
7, 15905, 0.0, 1.0, -3.0, 5.0, 47, 1, x.equals(x).compareTo(System.arraycopy(x, x, x, x, x)), 24.0
7, 15906, 0.0, 1.0, -2.5, 0.0, 0, 2, Math.abs(x), 3.0
7, 15907, 0.0, 1.0, -2.5, 0.5, 0, 2, Math.abs(x), 3.5
7, 15908, 0.0, 1.0, -2.5, 1.0, 0, 2, Math.abs(x), 4.0
7, 15909, 0.0, 1.0, -2.5, 1.5, 0, 2, Math.abs(x), 4.5
7, 15910, 0.0, 1.0, -2.5, 2.0, 0, 2, Math.abs(x), 5.0
7, 15911, 0.0, 1.0, -2.5, 2.5, 16, 7, StrictMath.abs(Math.abs(x)), 5.5
7, 15912, 0.0, 1.0, -2.5, 3.0, 36, 7, System.arraycopy(x, x, x, x, x).hashCode(), 8.5
7, 15913, 0.0, 1.0, -2.5, 3.5, 43, 1, Math.abs(x).compareTo(System.arraycopy(x, x, x, x, x)), 16.5
7, 15914, 0.0, 1.0, -2.5, 4.0, 43, 1, Math.abs(x).compareTo(System.arraycopy(x, x, x, x, x)), 19.5
7, 15915, 0.0, 1.0, -2.5, 4.5, 47, 4, x.equals(x).compareTo(System.arraycopy(x, x, x, x, x)), 22.5
7, 15916, 0.0, 1.0, -2.5, 5.0, 55, 2, new String(x, x, x).compareTo(System.arraycopy(x, x, x, x, x)), 28.5
7, 15917, 0.0, 1.0, -2.0, 0.0, 0, 2, Math.abs(x), 3.0
7, 15918, 0.0, 1.0, -2.0, 0.5, 0, 2, Math.abs(x), 3.5
7, 15919, 0.0, 1.0, -2.0, 1.0, 0, 2, Math.abs(x), 4.0
7, 15920, 0.0, 1.0, -2.0, 1.5, 0, 3, Math.abs(x), 4.5
7, 15921, 0.0, 1.0, -2.0, 2.0, 16, 5, StrictMath.abs(Math.abs(x)), 5.0
7, 15922, 0.0, 1.0, -2.0, 2.5, 43, 0, Math.abs(x).compareTo(System.arraycopy(x, x, x, x, x)), 12.0
7, 15923, 0.0, 1.0, -2.0, 3.0, 43, 1, Math.abs(x).compareTo(System.arraycopy(x, x, x, x, x)), 15.0
7, 15924, 0.0, 1.0, -2.0, 3.5, 47, 4, x.equals(x).compareTo(System.arraycopy(x, x, x, x, x)), 17.5
7, 15925, 0.0, 1.0, -2.0, 4.0, 55, 2, new String(x, x, x).compareTo(System.arraycopy(x, x, x, x, x)), 23.0
7, 15926, 0.0, 1.0, -2.0, 4.5, 55, 3, new String(x, x, x).compareTo(System.arraycopy(x, x, x, x, x)), 27.0
7, 15927, 0.0, 1.0, -2.0, 5.0, 55, 4, new String(x, x, x).compareTo(System.arraycopy(x, x, x, x, x)), 31.0
7, 15928, 0.0, 1.0, -1.5, 0.0, 0, 2, Math.abs(x), 3.0
7, 15929, 0.0, 1.0, -1.5, 0.5, 0, 2, Math.abs(x), 3.5
7, 15930, 0.0, 1.0, -1.5, 1.0, 0, 2, Math.abs(x), 4.0
7, 15931, 0.0, 1.0, -1.5, 1.5, 10, 8, Math.abs(Math.abs(x)), 4.5
7, 15932, 0.0, 1.0, -1.5, 2.0, 43, 0, Math.abs(x).compareTo(System.arraycopy(x, x, x, x, x)), 10.5
7, 15933, 0.0, 1.0, -1.5, 2.5, 47, 4, x.equals(x).compareTo(System.arraycopy(x, x, x, x, x)), 12.5
7, 15934, 0.0, 1.0, -1.5, 3.0, 55, 2, new String(x, x, x).compareTo(System.arraycopy(x, x, x, x, x)), 17.5
7, 15935, 0.0, 1.0, -1.5, 3.5, 55, 4, new String(x, x, x).compareTo(System.arraycopy(x, x, x, x, x)), 21.5
7, 15936, 0.0, 1.0, -1.5, 4.0, 55, 4, new String(x, x, x).compareTo(System.arraycopy(x, x, x, x, x)), 25.5
7, 15937, 0.0, 1.0, -1.5, 4.5, 55, 7, new String(x, x, x).compareTo(System.arraycopy(x, x, x, x, x)), 29.5
7, 15938, 0.0, 1.0, -1.5, 5.0, 78, 4, x.insert(x, x).indexOf(new String(x, x, x), Character.offsetByCodePoints(x, x, x, x)), 36.0
7, 15939, 0.0, 1.0, -1.0, 0.0, 0, 2, Math.abs(x), 3.0
7, 15940, 0.0, 1.0, -1.0, 0.5, 0, 2, Math.abs(x), 3.5
7, 15941, 0.0, 1.0, -1.0, 1.0, 10, 9, Math.abs(Math.abs(x)), 4.0
7, 15942, 0.0, 1.0, -1.0, 1.5, 41, 9, System.arraycopy(x, Math.abs(), x, x, x).compareTo(), 6.0
7, 15943, 0.0, 1.0, -1.0, 2.0, 55, 2, new String(x, x, x).compareTo(System.arraycopy(x, x, x, x, x)), 12.0
7, 15944, 0.0, 1.0, -1.0, 2.5, 55, 4, new String(x, x, x).compareTo(System.arraycopy(x, x, x, x, x)), 16.0
7, 15945, 0.0, 1.0, -1.0, 3.0, 55, 7, new String(x, x, x).compareTo(System.arraycopy(x, x, x, x, x)), 20.0
7, 15946, 0.0, 1.0, -1.0, 3.5, 78, 5, x.insert(x, x).indexOf(new String(x, x, x), Character.offsetByCodePoints(x, x, x, x)), 26.0
7, 15947, 0.0, 1.0, -1.0, 4.0, 78, 9, x.insert(x, x).indexOf(new String(x, x, x), Character.offsetByCodePoints(x, x, x, x)), 31.0
7, 15948, 0.0, 1.0, -1.0, 4.5, 103, 8, new String(x, x, x).indexOf(Character.offsetByCodePoints(x, x, x, x), Character.offsetByCodePoints(x, x, x, x)), 36.5
7, 15949, 0.0, 1.0, -1.0, 5.0, 103, 8, new String(x, x, x).indexOf(Character.offsetByCodePoints(x, x, x, x), Character.offsetByCodePoints(x, x, x, x)), 42.0
7, 15950, 0.0, 1.0, -0.5, 0.0, 0, 2, Math.abs(x), 3.0
7, 15951, 0.0, 1.0, -0.5, 0.5, 16, 4, StrictMath.abs(Math.abs(x)), 3.5
7, 15952, 0.0, 1.0, -0.5, 1.0, 59, 8, x.insert(x, Math.abs()).codePointCount(Math.max(x, x), Math.max(x, x)), 6.0
7, 15953, 0.0, 1.0, -0.5, 1.5, 72, 6, x.insert(x, Math.abs()).indexOf(Integer.toString(x, Math.abs(), x), Math.max(x, x)), 9.0
7, 15954, 0.0, 1.0, -0.5, 2.0, 78, 9, x.insert(x, x).indexOf(new String(x, x, x), Character.offsetByCodePoints(x, x, x, x)), 16.0
7, 15955, 0.0, 1.0, -0.5, 2.5, 103, 8, new String(x, x, x).indexOf(Character.offsetByCodePoints(x, x, x, x), Character.offsetByCodePoints(x, x, x, x)), 21.5
7, 15956, 0.0, 1.0, -0.5, 3.0, 103, 8, new String(x, x, x).indexOf(Character.offsetByCodePoints(x, x, x, x), Character.offsetByCodePoints(x, x, x, x)), 27.0
7, 15957, 0.0, 1.0, -0.5, 3.5, 103, 8, new String(x, x, x).indexOf(Character.offsetByCodePoints(x, x, x, x), Character.offsetByCodePoints(x, x, x, x)), 32.5
7, 15958, 0.0, 1.0, -0.5, 4.0, 103, 8, new String(x, x, x).indexOf(Character.offsetByCodePoints(x, x, x, x), Character.offsetByCodePoints(x, x, x, x)), 38.0
7, 15959, 0.0, 1.0, -0.5, 4.5, 103, 8, new String(x, x, x).indexOf(Character.offsetByCodePoints(x, x, x, x), Character.offsetByCodePoints(x, x, x, x)), 43.5
7, 15960, 0.0, 1.0, -0.5, 5.0, 103, 8, new String(x, x, x).indexOf(Character.offsetByCodePoints(x, x, x, x), Character.offsetByCodePoints(x, x, x, x)), 49.0
7, 15961, 0.0, 1.0, 0.0, 0.0, 10, 3, Float.SIZE, 0.0
7, 15962, 0.0, 1.0, 0.0, 0.5, 151, 6, Integer.toString(StrictMath.abs(), x, x).indexOf(Character.offsetByCodePoints(StrictMath.abs(), x, x, x), Character.offsetByCodePoints(StrictMath.abs(), x, x, x)), 7.0
7, 15963, 0.0, 1.0, 0.0, 1.0, 145, 8, new String(x, StrictMath.abs(), x).indexOf(Character.offsetByCodePoints(x, StrictMath.abs(), x, x), Character.offsetByCodePoints(x, StrictMath.abs(), x, x)), 11.0
7, 15964, 0.0, 1.0, 0.0, 1.5, 145, 8, new String(x, StrictMath.abs(), x).indexOf(Character.offsetByCodePoints(x, StrictMath.abs(), x, x), Character.offsetByCodePoints(x, StrictMath.abs(), x, x)), 15.0
7, 15965, 0.0, 1.0, 0.0, 2.0, 110, 7, new String(x, x, x).codePointCount(Character.offsetByCodePoints(x, x, x, x), Character.offsetByCodePoints(x, x, x, x)), 23.0
7, 15966, 0.0, 1.0, 0.0, 2.5, 110, 7, new String(x, x, x).codePointCount(Character.offsetByCodePoints(x, x, x, x), Character.offsetByCodePoints(x, x, x, x)), 28.5
7, 15967, 0.0, 1.0, 0.0, 3.0, 110, 7, new String(x, x, x).codePointCount(Character.offsetByCodePoints(x, x, x, x), Character.offsetByCodePoints(x, x, x, x)), 34.0
7, 15968, 0.0, 1.0, 0.0, 3.5, 110, 7, new String(x, x, x).codePointCount(Character.offsetByCodePoints(x, x, x, x), Character.offsetByCodePoints(x, x, x, x)), 39.5
7, 15969, 0.0, 1.0, 0.0, 4.0, 110, 7, new String(x, x, x).codePointCount(Character.offsetByCodePoints(x, x, x, x), Character.offsetByCodePoints(x, x, x, x)), 45.0
7, 15970, 0.0, 1.0, 0.0, 4.5, 110, 7, new String(x, x, x).codePointCount(Character.offsetByCodePoints(x, x, x, x), Character.offsetByCodePoints(x, x, x, x)), 50.5
7, 15971, 0.0, 1.0, 0.0, 5.0, 110, 7, new String(x, x, x).codePointCount(Character.offsetByCodePoints(x, x, x, x), Character.offsetByCodePoints(x, x, x, x)), 56.0
