10, 18634, -5.0, 1.0, -5.0, 0.0, 20, 4, getFileName(), -8.0
10, 18635, -5.0, 1.0, -5.0, 0.5, 20, 4, getFileName(), -8.0
10, 18636, -5.0, 1.0, -5.0, 1.0, 20, 4, getFileName(), -8.0
10, 18637, -5.0, 1.0, -5.0, 1.5, 20, 4, getFileName(), -8.0
10, 18638, -5.0, 1.0, -5.0, 2.0, 20, 4, getFileName(), -8.0
10, 18639, -5.0, 1.0, -5.0, 2.5, 20, 5, getFileName(), -8.0
10, 18640, -5.0, 1.0, -5.0, 3.0, 20, 5, getFileName(), -8.0
10, 18641, -5.0, 1.0, -5.0, 3.5, 20, 5, getFileName(), -8.0
10, 18642, -5.0, 1.0, -5.0, 4.0, 20, 5, getFileName(), -8.0
10, 18643, -5.0, 1.0, -5.0, 4.5, 20, 5, getFileName(), -8.0
10, 18644, -5.0, 1.0, -5.0, 5.0, 20, 5, getFileName(), -8.0
10, 18645, -5.0, 1.0, -4.5, 0.0, 20, 4, getFileName(), -7.5
10, 18646, -5.0, 1.0, -4.5, 0.5, 20, 4, getFileName(), -7.5
10, 18647, -5.0, 1.0, -4.5, 1.0, 20, 4, getFileName(), -7.5
10, 18648, -5.0, 1.0, -4.5, 1.5, 20, 4, getFileName(), -7.5
10, 18649, -5.0, 1.0, -4.5, 2.0, 20, 4, getFileName(), -7.5
10, 18650, -5.0, 1.0, -4.5, 2.5, 20, 5, getFileName(), -7.5
10, 18651, -5.0, 1.0, -4.5, 3.0, 20, 5, getFileName(), -7.5
10, 18652, -5.0, 1.0, -4.5, 3.5, 20, 5, getFileName(), -7.5
10, 18653, -5.0, 1.0, -4.5, 4.0, 20, 5, getFileName(), -7.5
10, 18654, -5.0, 1.0, -4.5, 4.5, 20, 5, getFileName(), -7.5
10, 18655, -5.0, 1.0, -4.5, 5.0, 20, 5, getFileName(), -7.5
10, 18656, -5.0, 1.0, -4.0, 0.0, 20, 4, getFileName(), -7.0
10, 18657, -5.0, 1.0, -4.0, 0.5, 20, 4, getFileName(), -7.0
10, 18658, -5.0, 1.0, -4.0, 1.0, 20, 4, getFileName(), -7.0
10, 18659, -5.0, 1.0, -4.0, 1.5, 20, 4, getFileName(), -7.0
10, 18660, -5.0, 1.0, -4.0, 2.0, 20, 4, getFileName(), -7.0
10, 18661, -5.0, 1.0, -4.0, 2.5, 20, 5, getFileName(), -7.0
10, 18662, -5.0, 1.0, -4.0, 3.0, 20, 5, getFileName(), -7.0
10, 18663, -5.0, 1.0, -4.0, 3.5, 20, 5, getFileName(), -7.0
10, 18664, -5.0, 1.0, -4.0, 4.0, 20, 5, getFileName(), -7.0
10, 18665, -5.0, 1.0, -4.0, 4.5, 20, 5, getFileName(), -7.0
10, 18666, -5.0, 1.0, -4.0, 5.0, 20, 5, getFileName(), -7.0
10, 18667, -5.0, 1.0, -3.5, 0.0, 20, 4, getFileName(), -6.5
10, 18668, -5.0, 1.0, -3.5, 0.5, 20, 4, getFileName(), -6.5
10, 18669, -5.0, 1.0, -3.5, 1.0, 20, 4, getFileName(), -6.5
10, 18670, -5.0, 1.0, -3.5, 1.5, 20, 4, getFileName(), -6.5
10, 18671, -5.0, 1.0, -3.5, 2.0, 20, 4, getFileName(), -6.5
10, 18672, -5.0, 1.0, -3.5, 2.5, 20, 5, getFileName(), -6.5
10, 18673, -5.0, 1.0, -3.5, 3.0, 20, 5, getFileName(), -6.5
10, 18674, -5.0, 1.0, -3.5, 3.5, 20, 5, getFileName(), -6.5
10, 18675, -5.0, 1.0, -3.5, 4.0, 20, 5, getFileName(), -6.5
10, 18676, -5.0, 1.0, -3.5, 4.5, 20, 5, getFileName(), -6.5
10, 18677, -5.0, 1.0, -3.5, 5.0, 20, 5, getFileName(), -6.5
10, 18678, -5.0, 1.0, -3.0, 0.0, 20, 4, getFileName(), -6.0
10, 18679, -5.0, 1.0, -3.0, 0.5, 20, 4, getFileName(), -6.0
10, 18680, -5.0, 1.0, -3.0, 1.0, 20, 4, getFileName(), -6.0
10, 18681, -5.0, 1.0, -3.0, 1.5, 20, 4, getFileName(), -6.0
10, 18682, -5.0, 1.0, -3.0, 2.0, 20, 4, getFileName(), -6.0
10, 18683, -5.0, 1.0, -3.0, 2.5, 20, 5, getFileName(), -6.0
10, 18684, -5.0, 1.0, -3.0, 3.0, 20, 5, getFileName(), -6.0
10, 18685, -5.0, 1.0, -3.0, 3.5, 20, 5, getFileName(), -6.0
10, 18686, -5.0, 1.0, -3.0, 4.0, 20, 5, getFileName(), -6.0
10, 18687, -5.0, 1.0, -3.0, 4.5, 20, 5, getFileName(), -6.0
10, 18688, -5.0, 1.0, -3.0, 5.0, 20, 5, getFileName(), -6.0
10, 18689, -5.0, 1.0, -2.5, 0.0, 20, 4, getFileName(), -5.5
10, 18690, -5.0, 1.0, -2.5, 0.5, 20, 4, getFileName(), -5.5
10, 18691, -5.0, 1.0, -2.5, 1.0, 20, 4, getFileName(), -5.5
10, 18692, -5.0, 1.0, -2.5, 1.5, 20, 4, getFileName(), -5.5
10, 18693, -5.0, 1.0, -2.5, 2.0, 20, 4, getFileName(), -5.5
10, 18694, -5.0, 1.0, -2.5, 2.5, 20, 5, getFileName(), -5.5
10, 18695, -5.0, 1.0, -2.5, 3.0, 20, 5, getFileName(), -5.5
10, 18696, -5.0, 1.0, -2.5, 3.5, 20, 5, getFileName(), -5.5
10, 18697, -5.0, 1.0, -2.5, 4.0, 20, 5, getFileName(), -5.5
10, 18698, -5.0, 1.0, -2.5, 4.5, 20, 5, getFileName(), -5.5
10, 18699, -5.0, 1.0, -2.5, 5.0, 20, 5, getFileName(), -5.5
10, 18700, -5.0, 1.0, -2.0, 0.0, 20, 4, getFileName(), -5.0
10, 18701, -5.0, 1.0, -2.0, 0.5, 20, 4, getFileName(), -5.0
10, 18702, -5.0, 1.0, -2.0, 1.0, 20, 4, getFileName(), -5.0
10, 18703, -5.0, 1.0, -2.0, 1.5, 20, 4, getFileName(), -5.0
10, 18704, -5.0, 1.0, -2.0, 2.0, 20, 4, getFileName(), -5.0
10, 18705, -5.0, 1.0, -2.0, 2.5, 20, 5, getFileName(), -5.0
10, 18706, -5.0, 1.0, -2.0, 3.0, 20, 5, getFileName(), -5.0
10, 18707, -5.0, 1.0, -2.0, 3.5, 20, 5, getFileName(), -5.0
10, 18708, -5.0, 1.0, -2.0, 4.0, 20, 5, getFileName(), -5.0
10, 18709, -5.0, 1.0, -2.0, 4.5, 20, 5, getFileName(), -5.0
10, 18710, -5.0, 1.0, -2.0, 5.0, 20, 5, getFileName(), -5.0
10, 18711, -5.0, 1.0, -1.5, 0.0, 20, 4, getFileName(), -4.5
10, 18712, -5.0, 1.0, -1.5, 0.5, 20, 4, getFileName(), -4.5
10, 18713, -5.0, 1.0, -1.5, 1.0, 20, 4, getFileName(), -4.5
10, 18714, -5.0, 1.0, -1.5, 1.5, 20, 4, getFileName(), -4.5
10, 18715, -5.0, 1.0, -1.5, 2.0, 20, 4, getFileName(), -4.5
10, 18716, -5.0, 1.0, -1.5, 2.5, 20, 5, getFileName(), -4.5
10, 18717, -5.0, 1.0, -1.5, 3.0, 20, 5, getFileName(), -4.5
10, 18718, -5.0, 1.0, -1.5, 3.5, 20, 5, getFileName(), -4.5
10, 18719, -5.0, 1.0, -1.5, 4.0, 20, 5, getFileName(), -4.5
10, 18720, -5.0, 1.0, -1.5, 4.5, 20, 5, getFileName(), -4.5
10, 18721, -5.0, 1.0, -1.5, 5.0, 20, 5, getFileName(), -4.5
10, 18722, -5.0, 1.0, -1.0, 0.0, 20, 2, getFileName(), -4.0
10, 18723, -5.0, 1.0, -1.0, 0.5, 20, 2, getFileName(), -4.0
10, 18724, -5.0, 1.0, -1.0, 1.0, 20, 2, getFileName(), -4.0
10, 18725, -5.0, 1.0, -1.0, 1.5, 20, 2, getFileName(), -4.0
10, 18726, -5.0, 1.0, -1.0, 2.0, 20, 2, getFileName(), -4.0
10, 18727, -5.0, 1.0, -1.0, 2.5, 20, 3, getFileName(), -4.0
10, 18728, -5.0, 1.0, -1.0, 3.0, 20, 3, getFileName(), -4.0
10, 18729, -5.0, 1.0, -1.0, 3.5, 20, 3, getFileName(), -4.0
10, 18730, -5.0, 1.0, -1.0, 4.0, 20, 3, getFileName(), -4.0
10, 18731, -5.0, 1.0, -1.0, 4.5, 20, 3, getFileName(), -4.0
10, 18732, -5.0, 1.0, -1.0, 5.0, 20, 3, getFileName(), -4.0
10, 18733, -5.0, 1.0, -0.5, 0.0, 20, 1, getFileName(), -3.5
10, 18734, -5.0, 1.0, -0.5, 0.5, 20, 1, getFileName(), -3.5
10, 18735, -5.0, 1.0, -0.5, 1.0, 20, 1, getFileName(), -3.5
10, 18736, -5.0, 1.0, -0.5, 1.5, 20, 1, getFileName(), -3.5
10, 18737, -5.0, 1.0, -0.5, 2.0, 20, 1, getFileName(), -3.5
10, 18738, -5.0, 1.0, -0.5, 2.5, 20, 2, getFileName(), -3.5
10, 18739, -5.0, 1.0, -0.5, 3.0, 20, 2, getFileName(), -3.5
10, 18740, -5.0, 1.0, -0.5, 3.5, 20, 2, getFileName(), -3.5
10, 18741, -5.0, 1.0, -0.5, 4.0, 20, 2, getFileName(), -3.5
10, 18742, -5.0, 1.0, -0.5, 4.5, 20, 2, getFileName(), -3.5
10, 18743, -5.0, 1.0, -0.5, 5.0, 20, 2, getFileName(), -3.5
10, 18744, -5.0, 1.0, 0.0, 0.0, 16, 7, System.mapLibraryName(), -4.0
10, 18745, -5.0, 1.0, 0.0, 0.5, 16, 7, System.mapLibraryName(), -4.0
10, 18746, -5.0, 1.0, 0.0, 1.0, 16, 7, System.mapLibraryName(), -4.0
10, 18747, -5.0, 1.0, 0.0, 1.5, 16, 7, System.mapLibraryName(), -4.0
10, 18748, -5.0, 1.0, 0.0, 2.0, 16, 8, System.mapLibraryName(), -4.0
10, 18749, -5.0, 1.0, 0.0, 2.5, 16, 8, System.mapLibraryName(), -4.0
10, 18750, -5.0, 1.0, 0.0, 3.0, 16, 8, System.mapLibraryName(), -4.0
10, 18751, -5.0, 1.0, 0.0, 3.5, 16, 8, System.mapLibraryName(), -4.0
10, 18752, -5.0, 1.0, 0.0, 4.0, 16, 8, System.mapLibraryName(), -4.0
10, 18753, -5.0, 1.0, 0.0, 4.5, 16, 8, System.mapLibraryName(), -4.0
10, 18754, -5.0, 1.0, 0.0, 5.0, 18, 8, System.arraycopy(f.ls()), -3.0
10, 18755, -4.5, 1.0, -5.0, 0.0, 20, 4, getFileName(), -7.5
10, 18756, -4.5, 1.0, -5.0, 0.5, 20, 4, getFileName(), -7.5
10, 18757, -4.5, 1.0, -5.0, 1.0, 20, 4, getFileName(), -7.5
10, 18758, -4.5, 1.0, -5.0, 1.5, 20, 4, getFileName(), -7.5
10, 18759, -4.5, 1.0, -5.0, 2.0, 20, 4, getFileName(), -7.5
10, 18760, -4.5, 1.0, -5.0, 2.5, 20, 5, getFileName(), -7.5
10, 18761, -4.5, 1.0, -5.0, 3.0, 20, 5, getFileName(), -7.5
10, 18762, -4.5, 1.0, -5.0, 3.5, 20, 5, getFileName(), -7.5
10, 18763, -4.5, 1.0, -5.0, 4.0, 20, 5, getFileName(), -7.5
10, 18764, -4.5, 1.0, -5.0, 4.5, 20, 5, getFileName(), -7.5
10, 18765, -4.5, 1.0, -5.0, 5.0, 20, 5, getFileName(), -7.5
10, 18766, -4.5, 1.0, -4.5, 0.0, 20, 4, getFileName(), -7.0
10, 18767, -4.5, 1.0, -4.5, 0.5, 20, 4, getFileName(), -7.0
10, 18768, -4.5, 1.0, -4.5, 1.0, 20, 4, getFileName(), -7.0
10, 18769, -4.5, 1.0, -4.5, 1.5, 20, 4, getFileName(), -7.0
10, 18770, -4.5, 1.0, -4.5, 2.0, 20, 4, getFileName(), -7.0
10, 18771, -4.5, 1.0, -4.5, 2.5, 20, 5, getFileName(), -7.0
10, 18772, -4.5, 1.0, -4.5, 3.0, 20, 5, getFileName(), -7.0
10, 18773, -4.5, 1.0, -4.5, 3.5, 20, 5, getFileName(), -7.0
10, 18774, -4.5, 1.0, -4.5, 4.0, 20, 5, getFileName(), -7.0
10, 18775, -4.5, 1.0, -4.5, 4.5, 20, 5, getFileName(), -7.0
10, 18776, -4.5, 1.0, -4.5, 5.0, 20, 5, getFileName(), -7.0
10, 18777, -4.5, 1.0, -4.0, 0.0, 20, 4, getFileName(), -6.5
10, 18778, -4.5, 1.0, -4.0, 0.5, 20, 4, getFileName(), -6.5
10, 18779, -4.5, 1.0, -4.0, 1.0, 20, 4, getFileName(), -6.5
10, 18780, -4.5, 1.0, -4.0, 1.5, 20, 4, getFileName(), -6.5
10, 18781, -4.5, 1.0, -4.0, 2.0, 20, 4, getFileName(), -6.5
10, 18782, -4.5, 1.0, -4.0, 2.5, 20, 5, getFileName(), -6.5
10, 18783, -4.5, 1.0, -4.0, 3.0, 20, 5, getFileName(), -6.5
10, 18784, -4.5, 1.0, -4.0, 3.5, 20, 5, getFileName(), -6.5
10, 18785, -4.5, 1.0, -4.0, 4.0, 20, 5, getFileName(), -6.5
10, 18786, -4.5, 1.0, -4.0, 4.5, 20, 5, getFileName(), -6.5
10, 18787, -4.5, 1.0, -4.0, 5.0, 20, 5, getFileName(), -6.5
10, 18788, -4.5, 1.0, -3.5, 0.0, 20, 4, getFileName(), -6.0
10, 18789, -4.5, 1.0, -3.5, 0.5, 20, 4, getFileName(), -6.0
10, 18790, -4.5, 1.0, -3.5, 1.0, 20, 4, getFileName(), -6.0
10, 18791, -4.5, 1.0, -3.5, 1.5, 20, 4, getFileName(), -6.0
10, 18792, -4.5, 1.0, -3.5, 2.0, 20, 4, getFileName(), -6.0
10, 18793, -4.5, 1.0, -3.5, 2.5, 20, 5, getFileName(), -6.0
10, 18794, -4.5, 1.0, -3.5, 3.0, 20, 5, getFileName(), -6.0
10, 18795, -4.5, 1.0, -3.5, 3.5, 20, 5, getFileName(), -6.0
10, 18796, -4.5, 1.0, -3.5, 4.0, 20, 5, getFileName(), -6.0
10, 18797, -4.5, 1.0, -3.5, 4.5, 20, 5, getFileName(), -6.0
10, 18798, -4.5, 1.0, -3.5, 5.0, 20, 5, getFileName(), -6.0
10, 18799, -4.5, 1.0, -3.0, 0.0, 20, 4, getFileName(), -5.5
10, 18800, -4.5, 1.0, -3.0, 0.5, 20, 4, getFileName(), -5.5
10, 18801, -4.5, 1.0, -3.0, 1.0, 20, 4, getFileName(), -5.5
10, 18802, -4.5, 1.0, -3.0, 1.5, 20, 4, getFileName(), -5.5
10, 18803, -4.5, 1.0, -3.0, 2.0, 20, 4, getFileName(), -5.5
10, 18804, -4.5, 1.0, -3.0, 2.5, 20, 5, getFileName(), -5.5
10, 18805, -4.5, 1.0, -3.0, 3.0, 20, 5, getFileName(), -5.5
10, 18806, -4.5, 1.0, -3.0, 3.5, 20, 5, getFileName(), -5.5
10, 18807, -4.5, 1.0, -3.0, 4.0, 20, 5, getFileName(), -5.5
10, 18808, -4.5, 1.0, -3.0, 4.5, 20, 5, getFileName(), -5.5
10, 18809, -4.5, 1.0, -3.0, 5.0, 20, 5, getFileName(), -5.5
10, 18810, -4.5, 1.0, -2.5, 0.0, 20, 4, getFileName(), -5.0
10, 18811, -4.5, 1.0, -2.5, 0.5, 20, 4, getFileName(), -5.0
10, 18812, -4.5, 1.0, -2.5, 1.0, 20, 4, getFileName(), -5.0
10, 18813, -4.5, 1.0, -2.5, 1.5, 20, 4, getFileName(), -5.0
10, 18814, -4.5, 1.0, -2.5, 2.0, 20, 4, getFileName(), -5.0
10, 18815, -4.5, 1.0, -2.5, 2.5, 20, 5, getFileName(), -5.0
10, 18816, -4.5, 1.0, -2.5, 3.0, 20, 5, getFileName(), -5.0
10, 18817, -4.5, 1.0, -2.5, 3.5, 20, 5, getFileName(), -5.0
10, 18818, -4.5, 1.0, -2.5, 4.0, 20, 5, getFileName(), -5.0
10, 18819, -4.5, 1.0, -2.5, 4.5, 20, 5, getFileName(), -5.0
10, 18820, -4.5, 1.0, -2.5, 5.0, 20, 5, getFileName(), -5.0
10, 18821, -4.5, 1.0, -2.0, 0.0, 20, 4, getFileName(), -4.5
10, 18822, -4.5, 1.0, -2.0, 0.5, 20, 4, getFileName(), -4.5
10, 18823, -4.5, 1.0, -2.0, 1.0, 20, 4, getFileName(), -4.5
10, 18824, -4.5, 1.0, -2.0, 1.5, 20, 4, getFileName(), -4.5
10, 18825, -4.5, 1.0, -2.0, 2.0, 20, 4, getFileName(), -4.5
10, 18826, -4.5, 1.0, -2.0, 2.5, 20, 5, getFileName(), -4.5
10, 18827, -4.5, 1.0, -2.0, 3.0, 20, 5, getFileName(), -4.5
10, 18828, -4.5, 1.0, -2.0, 3.5, 20, 5, getFileName(), -4.5
10, 18829, -4.5, 1.0, -2.0, 4.0, 20, 5, getFileName(), -4.5
10, 18830, -4.5, 1.0, -2.0, 4.5, 20, 5, getFileName(), -4.5
10, 18831, -4.5, 1.0, -2.0, 5.0, 20, 5, getFileName(), -4.5
10, 18832, -4.5, 1.0, -1.5, 0.0, 20, 4, getFileName(), -4.0
10, 18833, -4.5, 1.0, -1.5, 0.5, 20, 4, getFileName(), -4.0
10, 18834, -4.5, 1.0, -1.5, 1.0, 20, 4, getFileName(), -4.0
10, 18835, -4.5, 1.0, -1.5, 1.5, 20, 4, getFileName(), -4.0
10, 18836, -4.5, 1.0, -1.5, 2.0, 20, 4, getFileName(), -4.0
10, 18837, -4.5, 1.0, -1.5, 2.5, 20, 5, getFileName(), -4.0
10, 18838, -4.5, 1.0, -1.5, 3.0, 20, 5, getFileName(), -4.0
10, 18839, -4.5, 1.0, -1.5, 3.5, 20, 5, getFileName(), -4.0
10, 18840, -4.5, 1.0, -1.5, 4.0, 20, 5, getFileName(), -4.0
10, 18841, -4.5, 1.0, -1.5, 4.5, 20, 5, getFileName(), -4.0
10, 18842, -4.5, 1.0, -1.5, 5.0, 20, 7, getFileName(), -4.0
10, 18843, -4.5, 1.0, -1.0, 0.0, 20, 2, getFileName(), -3.5
10, 18844, -4.5, 1.0, -1.0, 0.5, 20, 2, getFileName(), -3.5
10, 18845, -4.5, 1.0, -1.0, 1.0, 20, 2, getFileName(), -3.5
10, 18846, -4.5, 1.0, -1.0, 1.5, 20, 2, getFileName(), -3.5
10, 18847, -4.5, 1.0, -1.0, 2.0, 20, 2, getFileName(), -3.5
10, 18848, -4.5, 1.0, -1.0, 2.5, 20, 3, getFileName(), -3.5
10, 18849, -4.5, 1.0, -1.0, 3.0, 20, 3, getFileName(), -3.5
10, 18850, -4.5, 1.0, -1.0, 3.5, 20, 3, getFileName(), -3.5
10, 18851, -4.5, 1.0, -1.0, 4.0, 20, 3, getFileName(), -3.5
10, 18852, -4.5, 1.0, -1.0, 4.5, 20, 3, getFileName(), -3.5
10, 18853, -4.5, 1.0, -1.0, 5.0, 20, 5, getFileName(), -3.5
10, 18854, -4.5, 1.0, -0.5, 0.0, 20, 1, getFileName(), -3.0
10, 18855, -4.5, 1.0, -0.5, 0.5, 20, 1, getFileName(), -3.0
10, 18856, -4.5, 1.0, -0.5, 1.0, 20, 1, getFileName(), -3.0
10, 18857, -4.5, 1.0, -0.5, 1.5, 20, 1, getFileName(), -3.0
10, 18858, -4.5, 1.0, -0.5, 2.0, 20, 1, getFileName(), -3.0
10, 18859, -4.5, 1.0, -0.5, 2.5, 20, 2, getFileName(), -3.0
10, 18860, -4.5, 1.0, -0.5, 3.0, 20, 2, getFileName(), -3.0
10, 18861, -4.5, 1.0, -0.5, 3.5, 20, 2, getFileName(), -3.0
10, 18862, -4.5, 1.0, -0.5, 4.0, 20, 2, getFileName(), -3.0
10, 18863, -4.5, 1.0, -0.5, 4.5, 20, 2, getFileName(), -3.0
10, 18864, -4.5, 1.0, -0.5, 5.0, 18, 4, System.arraycopy(f.ls()), -2.5
10, 18865, -4.5, 1.0, 0.0, 0.0, 16, 7, System.mapLibraryName(), -3.5
10, 18866, -4.5, 1.0, 0.0, 0.5, 16, 7, System.mapLibraryName(), -3.5
10, 18867, -4.5, 1.0, 0.0, 1.0, 16, 7, System.mapLibraryName(), -3.5
10, 18868, -4.5, 1.0, 0.0, 1.5, 16, 7, System.mapLibraryName(), -3.5
10, 18869, -4.5, 1.0, 0.0, 2.0, 16, 8, System.mapLibraryName(), -3.5
10, 18870, -4.5, 1.0, 0.0, 2.5, 16, 8, System.mapLibraryName(), -3.5
10, 18871, -4.5, 1.0, 0.0, 3.0, 16, 8, System.mapLibraryName(), -3.5
10, 18872, -4.5, 1.0, 0.0, 3.5, 16, 8, System.mapLibraryName(), -3.5
10, 18873, -4.5, 1.0, 0.0, 4.0, 16, 8, System.mapLibraryName(), -3.5
10, 18874, -4.5, 1.0, 0.0, 4.5, 18, 8, System.arraycopy(f.ls()), -2.5
10, 18875, -4.5, 1.0, 0.0, 5.0, 22, 5, new Task10().ls(f).get(), -1.0
10, 18876, -4.0, 1.0, -5.0, 0.0, 20, 4, getFileName(), -7.0
10, 18877, -4.0, 1.0, -5.0, 0.5, 20, 4, getFileName(), -7.0
10, 18878, -4.0, 1.0, -5.0, 1.0, 20, 4, getFileName(), -7.0
10, 18879, -4.0, 1.0, -5.0, 1.5, 20, 4, getFileName(), -7.0
10, 18880, -4.0, 1.0, -5.0, 2.0, 20, 4, getFileName(), -7.0
10, 18881, -4.0, 1.0, -5.0, 2.5, 20, 5, getFileName(), -7.0
10, 18882, -4.0, 1.0, -5.0, 3.0, 20, 5, getFileName(), -7.0
10, 18883, -4.0, 1.0, -5.0, 3.5, 20, 5, getFileName(), -7.0
10, 18884, -4.0, 1.0, -5.0, 4.0, 20, 5, getFileName(), -7.0
10, 18885, -4.0, 1.0, -5.0, 4.5, 20, 5, getFileName(), -7.0
10, 18886, -4.0, 1.0, -5.0, 5.0, 20, 5, getFileName(), -7.0
10, 18887, -4.0, 1.0, -4.5, 0.0, 20, 4, getFileName(), -6.5
10, 18888, -4.0, 1.0, -4.5, 0.5, 20, 4, getFileName(), -6.5
10, 18889, -4.0, 1.0, -4.5, 1.0, 20, 4, getFileName(), -6.5
10, 18890, -4.0, 1.0, -4.5, 1.5, 20, 4, getFileName(), -6.5
10, 18891, -4.0, 1.0, -4.5, 2.0, 20, 4, getFileName(), -6.5
10, 18892, -4.0, 1.0, -4.5, 2.5, 20, 5, getFileName(), -6.5
10, 18893, -4.0, 1.0, -4.5, 3.0, 20, 5, getFileName(), -6.5
10, 18894, -4.0, 1.0, -4.5, 3.5, 20, 5, getFileName(), -6.5
10, 18895, -4.0, 1.0, -4.5, 4.0, 20, 5, getFileName(), -6.5
10, 18896, -4.0, 1.0, -4.5, 4.5, 20, 5, getFileName(), -6.5
10, 18897, -4.0, 1.0, -4.5, 5.0, 20, 5, getFileName(), -6.5
10, 18898, -4.0, 1.0, -4.0, 0.0, 20, 4, getFileName(), -6.0
10, 18899, -4.0, 1.0, -4.0, 0.5, 20, 4, getFileName(), -6.0
10, 18900, -4.0, 1.0, -4.0, 1.0, 20, 4, getFileName(), -6.0
10, 18901, -4.0, 1.0, -4.0, 1.5, 20, 4, getFileName(), -6.0
10, 18902, -4.0, 1.0, -4.0, 2.0, 20, 4, getFileName(), -6.0
10, 18903, -4.0, 1.0, -4.0, 2.5, 20, 5, getFileName(), -6.0
10, 18904, -4.0, 1.0, -4.0, 3.0, 20, 5, getFileName(), -6.0
10, 18905, -4.0, 1.0, -4.0, 3.5, 20, 5, getFileName(), -6.0
10, 18906, -4.0, 1.0, -4.0, 4.0, 20, 5, getFileName(), -6.0
10, 18907, -4.0, 1.0, -4.0, 4.5, 20, 5, getFileName(), -6.0
10, 18908, -4.0, 1.0, -4.0, 5.0, 20, 5, getFileName(), -6.0
10, 18909, -4.0, 1.0, -3.5, 0.0, 20, 4, getFileName(), -5.5
10, 18910, -4.0, 1.0, -3.5, 0.5, 20, 4, getFileName(), -5.5
10, 18911, -4.0, 1.0, -3.5, 1.0, 20, 4, getFileName(), -5.5
10, 18912, -4.0, 1.0, -3.5, 1.5, 20, 4, getFileName(), -5.5
10, 18913, -4.0, 1.0, -3.5, 2.0, 20, 4, getFileName(), -5.5
10, 18914, -4.0, 1.0, -3.5, 2.5, 20, 5, getFileName(), -5.5
10, 18915, -4.0, 1.0, -3.5, 3.0, 20, 5, getFileName(), -5.5
10, 18916, -4.0, 1.0, -3.5, 3.5, 20, 5, getFileName(), -5.5
10, 18917, -4.0, 1.0, -3.5, 4.0, 20, 5, getFileName(), -5.5
10, 18918, -4.0, 1.0, -3.5, 4.5, 20, 5, getFileName(), -5.5
10, 18919, -4.0, 1.0, -3.5, 5.0, 20, 5, getFileName(), -5.5
10, 18920, -4.0, 1.0, -3.0, 0.0, 20, 4, getFileName(), -5.0
10, 18921, -4.0, 1.0, -3.0, 0.5, 20, 4, getFileName(), -5.0
10, 18922, -4.0, 1.0, -3.0, 1.0, 20, 4, getFileName(), -5.0
10, 18923, -4.0, 1.0, -3.0, 1.5, 20, 4, getFileName(), -5.0
10, 18924, -4.0, 1.0, -3.0, 2.0, 20, 4, getFileName(), -5.0
10, 18925, -4.0, 1.0, -3.0, 2.5, 20, 5, getFileName(), -5.0
10, 18926, -4.0, 1.0, -3.0, 3.0, 20, 5, getFileName(), -5.0
10, 18927, -4.0, 1.0, -3.0, 3.5, 20, 5, getFileName(), -5.0
10, 18928, -4.0, 1.0, -3.0, 4.0, 20, 5, getFileName(), -5.0
10, 18929, -4.0, 1.0, -3.0, 4.5, 20, 5, getFileName(), -5.0
10, 18930, -4.0, 1.0, -3.0, 5.0, 20, 5, getFileName(), -5.0
10, 18931, -4.0, 1.0, -2.5, 0.0, 20, 4, getFileName(), -4.5
10, 18932, -4.0, 1.0, -2.5, 0.5, 20, 4, getFileName(), -4.5
10, 18933, -4.0, 1.0, -2.5, 1.0, 20, 4, getFileName(), -4.5
10, 18934, -4.0, 1.0, -2.5, 1.5, 20, 4, getFileName(), -4.5
10, 18935, -4.0, 1.0, -2.5, 2.0, 20, 4, getFileName(), -4.5
10, 18936, -4.0, 1.0, -2.5, 2.5, 20, 5, getFileName(), -4.5
10, 18937, -4.0, 1.0, -2.5, 3.0, 20, 5, getFileName(), -4.5
10, 18938, -4.0, 1.0, -2.5, 3.5, 20, 5, getFileName(), -4.5
10, 18939, -4.0, 1.0, -2.5, 4.0, 20, 5, getFileName(), -4.5
10, 18940, -4.0, 1.0, -2.5, 4.5, 20, 5, getFileName(), -4.5
10, 18941, -4.0, 1.0, -2.5, 5.0, 20, 7, getFileName(), -4.5
10, 18942, -4.0, 1.0, -2.0, 0.0, 20, 4, getFileName(), -4.0
10, 18943, -4.0, 1.0, -2.0, 0.5, 20, 4, getFileName(), -4.0
10, 18944, -4.0, 1.0, -2.0, 1.0, 20, 4, getFileName(), -4.0
10, 18945, -4.0, 1.0, -2.0, 1.5, 20, 4, getFileName(), -4.0
10, 18946, -4.0, 1.0, -2.0, 2.0, 20, 4, getFileName(), -4.0
10, 18947, -4.0, 1.0, -2.0, 2.5, 20, 5, getFileName(), -4.0
10, 18948, -4.0, 1.0, -2.0, 3.0, 20, 5, getFileName(), -4.0
10, 18949, -4.0, 1.0, -2.0, 3.5, 20, 5, getFileName(), -4.0
10, 18950, -4.0, 1.0, -2.0, 4.0, 20, 5, getFileName(), -4.0
10, 18951, -4.0, 1.0, -2.0, 4.5, 20, 5, getFileName(), -4.0
10, 18952, -4.0, 1.0, -2.0, 5.0, 20, 7, getFileName(), -4.0
10, 18953, -4.0, 1.0, -1.5, 0.0, 20, 4, getFileName(), -3.5
10, 18954, -4.0, 1.0, -1.5, 0.5, 20, 4, getFileName(), -3.5
10, 18955, -4.0, 1.0, -1.5, 1.0, 20, 4, getFileName(), -3.5
10, 18956, -4.0, 1.0, -1.5, 1.5, 20, 4, getFileName(), -3.5
10, 18957, -4.0, 1.0, -1.5, 2.0, 20, 4, getFileName(), -3.5
10, 18958, -4.0, 1.0, -1.5, 2.5, 20, 5, getFileName(), -3.5
10, 18959, -4.0, 1.0, -1.5, 3.0, 20, 5, getFileName(), -3.5
10, 18960, -4.0, 1.0, -1.5, 3.5, 20, 5, getFileName(), -3.5
10, 18961, -4.0, 1.0, -1.5, 4.0, 20, 5, getFileName(), -3.5
10, 18962, -4.0, 1.0, -1.5, 4.5, 20, 7, getFileName(), -3.5
10, 18963, -4.0, 1.0, -1.5, 5.0, 18, 7, System.arraycopy(f.ls()), -3.0
10, 18964, -4.0, 1.0, -1.0, 0.0, 20, 2, getFileName(), -3.0
10, 18965, -4.0, 1.0, -1.0, 0.5, 20, 2, getFileName(), -3.0
10, 18966, -4.0, 1.0, -1.0, 1.0, 20, 2, getFileName(), -3.0
10, 18967, -4.0, 1.0, -1.0, 1.5, 20, 2, getFileName(), -3.0
10, 18968, -4.0, 1.0, -1.0, 2.0, 20, 2, getFileName(), -3.0
10, 18969, -4.0, 1.0, -1.0, 2.5, 20, 3, getFileName(), -3.0
10, 18970, -4.0, 1.0, -1.0, 3.0, 20, 3, getFileName(), -3.0
10, 18971, -4.0, 1.0, -1.0, 3.5, 20, 3, getFileName(), -3.0
10, 18972, -4.0, 1.0, -1.0, 4.0, 20, 3, getFileName(), -3.0
10, 18973, -4.0, 1.0, -1.0, 4.5, 20, 5, getFileName(), -3.0
10, 18974, -4.0, 1.0, -1.0, 5.0, 18, 5, System.arraycopy(f.ls()), -2.0
10, 18975, -4.0, 1.0, -0.5, 0.0, 20, 1, getFileName(), -2.5
10, 18976, -4.0, 1.0, -0.5, 0.5, 20, 1, getFileName(), -2.5
10, 18977, -4.0, 1.0, -0.5, 1.0, 20, 1, getFileName(), -2.5
10, 18978, -4.0, 1.0, -0.5, 1.5, 20, 1, getFileName(), -2.5
10, 18979, -4.0, 1.0, -0.5, 2.0, 20, 1, getFileName(), -2.5
10, 18980, -4.0, 1.0, -0.5, 2.5, 20, 2, getFileName(), -2.5
10, 18981, -4.0, 1.0, -0.5, 3.0, 20, 2, getFileName(), -2.5
10, 18982, -4.0, 1.0, -0.5, 3.5, 20, 2, getFileName(), -2.5
10, 18983, -4.0, 1.0, -0.5, 4.0, 20, 2, getFileName(), -2.5
10, 18984, -4.0, 1.0, -0.5, 4.5, 18, 4, System.arraycopy(f.ls()), -2.0
10, 18985, -4.0, 1.0, -0.5, 5.0, 22, 3, new Task10().ls(f).get(), -0.5
10, 18986, -4.0, 1.0, 0.0, 0.0, 16, 7, System.mapLibraryName(), -3.0
10, 18987, -4.0, 1.0, 0.0, 0.5, 16, 7, System.mapLibraryName(), -3.0
10, 18988, -4.0, 1.0, 0.0, 1.0, 16, 7, System.mapLibraryName(), -3.0
10, 18989, -4.0, 1.0, 0.0, 1.5, 16, 7, System.mapLibraryName(), -3.0
10, 18990, -4.0, 1.0, 0.0, 2.0, 16, 8, System.mapLibraryName(), -3.0
10, 18991, -4.0, 1.0, 0.0, 2.5, 16, 8, System.mapLibraryName(), -3.0
10, 18992, -4.0, 1.0, 0.0, 3.0, 16, 8, System.mapLibraryName(), -3.0
10, 18993, -4.0, 1.0, 0.0, 3.5, 16, 8, System.mapLibraryName(), -3.0
10, 18994, -4.0, 1.0, 0.0, 4.0, 18, 8, System.arraycopy(f.ls()), -2.0
10, 18995, -4.0, 1.0, 0.0, 4.5, 22, 5, new Task10().ls(f).get(), -0.5
10, 18996, -4.0, 1.0, 0.0, 5.0, 22, 3, new Task10().ls(f).get(), 1.0
10, 18997, -3.5, 1.0, -5.0, 0.0, 20, 4, getFileName(), -6.5
10, 18998, -3.5, 1.0, -5.0, 0.5, 20, 4, getFileName(), -6.5
10, 18999, -3.5, 1.0, -5.0, 1.0, 20, 4, getFileName(), -6.5
10, 19000, -3.5, 1.0, -5.0, 1.5, 20, 4, getFileName(), -6.5
10, 19001, -3.5, 1.0, -5.0, 2.0, 20, 4, getFileName(), -6.5
10, 19002, -3.5, 1.0, -5.0, 2.5, 20, 5, getFileName(), -6.5
10, 19003, -3.5, 1.0, -5.0, 3.0, 20, 5, getFileName(), -6.5
10, 19004, -3.5, 1.0, -5.0, 3.5, 20, 5, getFileName(), -6.5
10, 19005, -3.5, 1.0, -5.0, 4.0, 20, 5, getFileName(), -6.5
10, 19006, -3.5, 1.0, -5.0, 4.5, 20, 0, f.getName(), 0.5
10, 19007, -3.5, 1.0, -5.0, 5.0, 20, 0, f.getName(), 1.0
10, 19008, -3.5, 1.0, -4.5, 0.0, 20, 4, getFileName(), -6.0
10, 19009, -3.5, 1.0, -4.5, 0.5, 20, 4, getFileName(), -6.0
10, 19010, -3.5, 1.0, -4.5, 1.0, 20, 4, getFileName(), -6.0
10, 19011, -3.5, 1.0, -4.5, 1.5, 20, 4, getFileName(), -6.0
10, 19012, -3.5, 1.0, -4.5, 2.0, 20, 4, getFileName(), -6.0
10, 19013, -3.5, 1.0, -4.5, 2.5, 20, 5, getFileName(), -6.0
10, 19014, -3.5, 1.0, -4.5, 3.0, 20, 5, getFileName(), -6.0
10, 19015, -3.5, 1.0, -4.5, 3.5, 20, 5, getFileName(), -6.0
10, 19016, -3.5, 1.0, -4.5, 4.0, 20, 5, getFileName(), -6.0
10, 19017, -3.5, 1.0, -4.5, 4.5, 20, 0, f.getName(), 0.5
10, 19018, -3.5, 1.0, -4.5, 5.0, 20, 0, f.getName(), 1.0
10, 19019, -3.5, 1.0, -4.0, 0.0, 20, 4, getFileName(), -5.5
10, 19020, -3.5, 1.0, -4.0, 0.5, 20, 4, getFileName(), -5.5
10, 19021, -3.5, 1.0, -4.0, 1.0, 20, 4, getFileName(), -5.5
10, 19022, -3.5, 1.0, -4.0, 1.5, 20, 4, getFileName(), -5.5
10, 19023, -3.5, 1.0, -4.0, 2.0, 20, 4, getFileName(), -5.5
10, 19024, -3.5, 1.0, -4.0, 2.5, 20, 5, getFileName(), -5.5
10, 19025, -3.5, 1.0, -4.0, 3.0, 20, 5, getFileName(), -5.5
10, 19026, -3.5, 1.0, -4.0, 3.5, 20, 5, getFileName(), -5.5
10, 19027, -3.5, 1.0, -4.0, 4.0, 20, 5, getFileName(), -5.5
10, 19028, -3.5, 1.0, -4.0, 4.5, 20, 0, f.getName(), 0.5
10, 19029, -3.5, 1.0, -4.0, 5.0, 20, 0, f.getName(), 1.0
10, 19030, -3.5, 1.0, -3.5, 0.0, 20, 4, getFileName(), -5.0
10, 19031, -3.5, 1.0, -3.5, 0.5, 20, 4, getFileName(), -5.0
10, 19032, -3.5, 1.0, -3.5, 1.0, 20, 4, getFileName(), -5.0
10, 19033, -3.5, 1.0, -3.5, 1.5, 20, 4, getFileName(), -5.0
10, 19034, -3.5, 1.0, -3.5, 2.0, 20, 4, getFileName(), -5.0
10, 19035, -3.5, 1.0, -3.5, 2.5, 20, 5, getFileName(), -5.0
10, 19036, -3.5, 1.0, -3.5, 3.0, 20, 5, getFileName(), -5.0
10, 19037, -3.5, 1.0, -3.5, 3.5, 20, 5, getFileName(), -5.0
10, 19038, -3.5, 1.0, -3.5, 4.0, 20, 5, getFileName(), -5.0
10, 19039, -3.5, 1.0, -3.5, 4.5, 20, 0, f.getName(), 0.5
10, 19040, -3.5, 1.0, -3.5, 5.0, 20, 0, f.getName(), 1.0
10, 19041, -3.5, 1.0, -3.0, 0.0, 20, 4, getFileName(), -4.5
10, 19042, -3.5, 1.0, -3.0, 0.5, 20, 4, getFileName(), -4.5
10, 19043, -3.5, 1.0, -3.0, 1.0, 20, 4, getFileName(), -4.5
10, 19044, -3.5, 1.0, -3.0, 1.5, 20, 4, getFileName(), -4.5
10, 19045, -3.5, 1.0, -3.0, 2.0, 20, 4, getFileName(), -4.5
10, 19046, -3.5, 1.0, -3.0, 2.5, 20, 5, getFileName(), -4.5
10, 19047, -3.5, 1.0, -3.0, 3.0, 20, 5, getFileName(), -4.5
10, 19048, -3.5, 1.0, -3.0, 3.5, 20, 5, getFileName(), -4.5
10, 19049, -3.5, 1.0, -3.0, 4.0, 20, 5, getFileName(), -4.5
10, 19050, -3.5, 1.0, -3.0, 4.5, 20, 0, f.getName(), 0.5
10, 19051, -3.5, 1.0, -3.0, 5.0, 20, 0, f.getName(), 1.0
10, 19052, -3.5, 1.0, -2.5, 0.0, 20, 4, getFileName(), -4.0
10, 19053, -3.5, 1.0, -2.5, 0.5, 20, 4, getFileName(), -4.0
10, 19054, -3.5, 1.0, -2.5, 1.0, 20, 4, getFileName(), -4.0
10, 19055, -3.5, 1.0, -2.5, 1.5, 20, 4, getFileName(), -4.0
10, 19056, -3.5, 1.0, -2.5, 2.0, 20, 4, getFileName(), -4.0
10, 19057, -3.5, 1.0, -2.5, 2.5, 20, 5, getFileName(), -4.0
10, 19058, -3.5, 1.0, -2.5, 3.0, 20, 5, getFileName(), -4.0
10, 19059, -3.5, 1.0, -2.5, 3.5, 20, 5, getFileName(), -4.0
10, 19060, -3.5, 1.0, -2.5, 4.0, 20, 5, getFileName(), -4.0
10, 19061, -3.5, 1.0, -2.5, 4.5, 20, 0, f.getName(), 0.5
10, 19062, -3.5, 1.0, -2.5, 5.0, 20, 1, f.getName(), 1.0
10, 19063, -3.5, 1.0, -2.0, 0.0, 20, 4, getFileName(), -3.5
10, 19064, -3.5, 1.0, -2.0, 0.5, 20, 4, getFileName(), -3.5
10, 19065, -3.5, 1.0, -2.0, 1.0, 20, 4, getFileName(), -3.5
10, 19066, -3.5, 1.0, -2.0, 1.5, 20, 4, getFileName(), -3.5
10, 19067, -3.5, 1.0, -2.0, 2.0, 20, 4, getFileName(), -3.5
10, 19068, -3.5, 1.0, -2.0, 2.5, 20, 5, getFileName(), -3.5
10, 19069, -3.5, 1.0, -2.0, 3.0, 20, 5, getFileName(), -3.5
10, 19070, -3.5, 1.0, -2.0, 3.5, 20, 5, getFileName(), -3.5
10, 19071, -3.5, 1.0, -2.0, 4.0, 20, 5, getFileName(), -3.5
10, 19072, -3.5, 1.0, -2.0, 4.5, 20, 1, f.getName(), 0.5
10, 19073, -3.5, 1.0, -2.0, 5.0, 20, 1, f.getName(), 1.0
10, 19074, -3.5, 1.0, -1.5, 0.0, 20, 4, getFileName(), -3.0
10, 19075, -3.5, 1.0, -1.5, 0.5, 20, 4, getFileName(), -3.0
10, 19076, -3.5, 1.0, -1.5, 1.0, 20, 4, getFileName(), -3.0
10, 19077, -3.5, 1.0, -1.5, 1.5, 20, 4, getFileName(), -3.0
10, 19078, -3.5, 1.0, -1.5, 2.0, 20, 4, getFileName(), -3.0
10, 19079, -3.5, 1.0, -1.5, 2.5, 20, 5, getFileName(), -3.0
10, 19080, -3.5, 1.0, -1.5, 3.0, 20, 5, getFileName(), -3.0
10, 19081, -3.5, 1.0, -1.5, 3.5, 20, 5, getFileName(), -3.0
10, 19082, -3.5, 1.0, -1.5, 4.0, 20, 7, getFileName(), -3.0
10, 19083, -3.5, 1.0, -1.5, 4.5, 18, 9, System.arraycopy(f.ls()), -2.5
10, 19084, -3.5, 1.0, -1.5, 5.0, 18, 8, System.arraycopy(f.ls()), -1.5
10, 19085, -3.5, 1.0, -1.0, 0.0, 20, 2, getFileName(), -2.5
10, 19086, -3.5, 1.0, -1.0, 0.5, 20, 2, getFileName(), -2.5
10, 19087, -3.5, 1.0, -1.0, 1.0, 20, 2, getFileName(), -2.5
10, 19088, -3.5, 1.0, -1.0, 1.5, 20, 2, getFileName(), -2.5
10, 19089, -3.5, 1.0, -1.0, 2.0, 20, 2, getFileName(), -2.5
10, 19090, -3.5, 1.0, -1.0, 2.5, 20, 3, getFileName(), -2.5
10, 19091, -3.5, 1.0, -1.0, 3.0, 20, 3, getFileName(), -2.5
10, 19092, -3.5, 1.0, -1.0, 3.5, 20, 3, getFileName(), -2.5
10, 19093, -3.5, 1.0, -1.0, 4.0, 20, 5, getFileName(), -2.5
10, 19094, -3.5, 1.0, -1.0, 4.5, 18, 6, System.arraycopy(f.ls()), -1.5
10, 19095, -3.5, 1.0, -1.0, 5.0, 18, 6, System.arraycopy(f.ls()), -0.5
10, 19096, -3.5, 1.0, -0.5, 0.0, 20, 1, getFileName(), -2.0
10, 19097, -3.5, 1.0, -0.5, 0.5, 20, 1, getFileName(), -2.0
10, 19098, -3.5, 1.0, -0.5, 1.0, 20, 1, getFileName(), -2.0
10, 19099, -3.5, 1.0, -0.5, 1.5, 20, 1, getFileName(), -2.0
10, 19100, -3.5, 1.0, -0.5, 2.0, 20, 1, getFileName(), -2.0
10, 19101, -3.5, 1.0, -0.5, 2.5, 20, 2, getFileName(), -2.0
10, 19102, -3.5, 1.0, -0.5, 3.0, 20, 2, getFileName(), -2.0
10, 19103, -3.5, 1.0, -0.5, 3.5, 20, 2, getFileName(), -2.0
10, 19104, -3.5, 1.0, -0.5, 4.0, 18, 4, System.arraycopy(f.ls()), -1.5
10, 19105, -3.5, 1.0, -0.5, 4.5, 20, 1, f.getName(), 0.5
10, 19106, -3.5, 1.0, -0.5, 5.0, 20, 5, f.getName(), 1.0
10, 19107, -3.5, 1.0, 0.0, 0.0, 16, 7, System.mapLibraryName(), -2.5
10, 19108, -3.5, 1.0, 0.0, 0.5, 16, 7, System.mapLibraryName(), -2.5
10, 19109, -3.5, 1.0, 0.0, 1.0, 16, 7, System.mapLibraryName(), -2.5
10, 19110, -3.5, 1.0, 0.0, 1.5, 16, 7, System.mapLibraryName(), -2.5
10, 19111, -3.5, 1.0, 0.0, 2.0, 16, 8, System.mapLibraryName(), -2.5
10, 19112, -3.5, 1.0, 0.0, 2.5, 16, 8, System.mapLibraryName(), -2.5
10, 19113, -3.5, 1.0, 0.0, 3.0, 16, 8, System.mapLibraryName(), -2.5
10, 19114, -3.5, 1.0, 0.0, 3.5, 18, 8, System.arraycopy(f.ls()), -1.5
10, 19115, -3.5, 1.0, 0.0, 4.0, 22, 5, new Task10().ls(f).get(), 0.0
10, 19116, -3.5, 1.0, 0.0, 4.5, 22, 5, new Task10().ls(f).get(), 1.5
10, 19117, -3.5, 1.0, 0.0, 5.0, 22, 4, new Task10().ls(f).get(), 3.0
10, 19118, -3.0, 1.0, -5.0, 0.0, 20, 4, getFileName(), -6.0
10, 19119, -3.0, 1.0, -5.0, 0.5, 20, 4, getFileName(), -6.0
10, 19120, -3.0, 1.0, -5.0, 1.0, 20, 4, getFileName(), -6.0
10, 19121, -3.0, 1.0, -5.0, 1.5, 20, 4, getFileName(), -6.0
10, 19122, -3.0, 1.0, -5.0, 2.0, 20, 4, getFileName(), -6.0
10, 19123, -3.0, 1.0, -5.0, 2.5, 20, 5, getFileName(), -6.0
10, 19124, -3.0, 1.0, -5.0, 3.0, 20, 5, getFileName(), -6.0
10, 19125, -3.0, 1.0, -5.0, 3.5, 20, 0, f.getName(), 0.5
10, 19126, -3.0, 1.0, -5.0, 4.0, 20, 0, f.getName(), 1.0
10, 19127, -3.0, 1.0, -5.0, 4.5, 20, 0, f.getName(), 1.5
10, 19128, -3.0, 1.0, -5.0, 5.0, 20, 0, f.getName(), 2.0
10, 19129, -3.0, 1.0, -4.5, 0.0, 20, 4, getFileName(), -5.5
10, 19130, -3.0, 1.0, -4.5, 0.5, 20, 4, getFileName(), -5.5
10, 19131, -3.0, 1.0, -4.5, 1.0, 20, 4, getFileName(), -5.5
10, 19132, -3.0, 1.0, -4.5, 1.5, 20, 4, getFileName(), -5.5
10, 19133, -3.0, 1.0, -4.5, 2.0, 20, 4, getFileName(), -5.5
10, 19134, -3.0, 1.0, -4.5, 2.5, 20, 5, getFileName(), -5.5
10, 19135, -3.0, 1.0, -4.5, 3.0, 20, 5, getFileName(), -5.5
10, 19136, -3.0, 1.0, -4.5, 3.5, 20, 0, f.getName(), 0.5
10, 19137, -3.0, 1.0, -4.5, 4.0, 20, 0, f.getName(), 1.0
10, 19138, -3.0, 1.0, -4.5, 4.5, 20, 0, f.getName(), 1.5
10, 19139, -3.0, 1.0, -4.5, 5.0, 20, 0, f.getName(), 2.0
10, 19140, -3.0, 1.0, -4.0, 0.0, 20, 4, getFileName(), -5.0
10, 19141, -3.0, 1.0, -4.0, 0.5, 20, 4, getFileName(), -5.0
10, 19142, -3.0, 1.0, -4.0, 1.0, 20, 4, getFileName(), -5.0
10, 19143, -3.0, 1.0, -4.0, 1.5, 20, 4, getFileName(), -5.0
10, 19144, -3.0, 1.0, -4.0, 2.0, 20, 4, getFileName(), -5.0
10, 19145, -3.0, 1.0, -4.0, 2.5, 20, 5, getFileName(), -5.0
10, 19146, -3.0, 1.0, -4.0, 3.0, 20, 5, getFileName(), -5.0
10, 19147, -3.0, 1.0, -4.0, 3.5, 20, 0, f.getName(), 0.5
10, 19148, -3.0, 1.0, -4.0, 4.0, 20, 0, f.getName(), 1.0
10, 19149, -3.0, 1.0, -4.0, 4.5, 20, 0, f.getName(), 1.5
10, 19150, -3.0, 1.0, -4.0, 5.0, 20, 0, f.getName(), 2.0
10, 19151, -3.0, 1.0, -3.5, 0.0, 20, 4, getFileName(), -4.5
10, 19152, -3.0, 1.0, -3.5, 0.5, 20, 4, getFileName(), -4.5
10, 19153, -3.0, 1.0, -3.5, 1.0, 20, 4, getFileName(), -4.5
10, 19154, -3.0, 1.0, -3.5, 1.5, 20, 4, getFileName(), -4.5
10, 19155, -3.0, 1.0, -3.5, 2.0, 20, 4, getFileName(), -4.5
10, 19156, -3.0, 1.0, -3.5, 2.5, 20, 5, getFileName(), -4.5
10, 19157, -3.0, 1.0, -3.5, 3.0, 20, 5, getFileName(), -4.5
10, 19158, -3.0, 1.0, -3.5, 3.5, 20, 0, f.getName(), 0.5
10, 19159, -3.0, 1.0, -3.5, 4.0, 20, 0, f.getName(), 1.0
10, 19160, -3.0, 1.0, -3.5, 4.5, 20, 0, f.getName(), 1.5
10, 19161, -3.0, 1.0, -3.5, 5.0, 20, 0, f.getName(), 2.0
10, 19162, -3.0, 1.0, -3.0, 0.0, 20, 4, getFileName(), -4.0
10, 19163, -3.0, 1.0, -3.0, 0.5, 20, 4, getFileName(), -4.0
10, 19164, -3.0, 1.0, -3.0, 1.0, 20, 4, getFileName(), -4.0
10, 19165, -3.0, 1.0, -3.0, 1.5, 20, 4, getFileName(), -4.0
10, 19166, -3.0, 1.0, -3.0, 2.0, 20, 4, getFileName(), -4.0
10, 19167, -3.0, 1.0, -3.0, 2.5, 20, 5, getFileName(), -4.0
10, 19168, -3.0, 1.0, -3.0, 3.0, 20, 5, getFileName(), -4.0
10, 19169, -3.0, 1.0, -3.0, 3.5, 20, 0, f.getName(), 0.5
10, 19170, -3.0, 1.0, -3.0, 4.0, 20, 0, f.getName(), 1.0
10, 19171, -3.0, 1.0, -3.0, 4.5, 20, 0, f.getName(), 1.5
10, 19172, -3.0, 1.0, -3.0, 5.0, 20, 0, f.getName(), 2.0
10, 19173, -3.0, 1.0, -2.5, 0.0, 20, 4, getFileName(), -3.5
10, 19174, -3.0, 1.0, -2.5, 0.5, 20, 4, getFileName(), -3.5
10, 19175, -3.0, 1.0, -2.5, 1.0, 20, 4, getFileName(), -3.5
10, 19176, -3.0, 1.0, -2.5, 1.5, 20, 4, getFileName(), -3.5
10, 19177, -3.0, 1.0, -2.5, 2.0, 20, 4, getFileName(), -3.5
10, 19178, -3.0, 1.0, -2.5, 2.5, 20, 5, getFileName(), -3.5
10, 19179, -3.0, 1.0, -2.5, 3.0, 20, 5, getFileName(), -3.5
10, 19180, -3.0, 1.0, -2.5, 3.5, 20, 0, f.getName(), 0.5
10, 19181, -3.0, 1.0, -2.5, 4.0, 20, 0, f.getName(), 1.0
10, 19182, -3.0, 1.0, -2.5, 4.5, 20, 0, f.getName(), 1.5
10, 19183, -3.0, 1.0, -2.5, 5.0, 20, 1, f.getName(), 2.0
10, 19184, -3.0, 1.0, -2.0, 0.0, 20, 4, getFileName(), -3.0
10, 19185, -3.0, 1.0, -2.0, 0.5, 20, 4, getFileName(), -3.0
10, 19186, -3.0, 1.0, -2.0, 1.0, 20, 4, getFileName(), -3.0
10, 19187, -3.0, 1.0, -2.0, 1.5, 20, 4, getFileName(), -3.0
10, 19188, -3.0, 1.0, -2.0, 2.0, 20, 4, getFileName(), -3.0
10, 19189, -3.0, 1.0, -2.0, 2.5, 20, 5, getFileName(), -3.0
10, 19190, -3.0, 1.0, -2.0, 3.0, 20, 5, getFileName(), -3.0
10, 19191, -3.0, 1.0, -2.0, 3.5, 20, 0, f.getName(), 0.5
10, 19192, -3.0, 1.0, -2.0, 4.0, 20, 0, f.getName(), 1.0
10, 19193, -3.0, 1.0, -2.0, 4.5, 20, 1, f.getName(), 1.5
10, 19194, -3.0, 1.0, -2.0, 5.0, 18, 9, System.arraycopy(f.ls()), -1.0
10, 19195, -3.0, 1.0, -1.5, 0.0, 20, 4, getFileName(), -2.5
10, 19196, -3.0, 1.0, -1.5, 0.5, 20, 4, getFileName(), -2.5
10, 19197, -3.0, 1.0, -1.5, 1.0, 20, 4, getFileName(), -2.5
10, 19198, -3.0, 1.0, -1.5, 1.5, 20, 4, getFileName(), -2.5
10, 19199, -3.0, 1.0, -1.5, 2.0, 20, 4, getFileName(), -2.5
10, 19200, -3.0, 1.0, -1.5, 2.5, 20, 5, getFileName(), -2.5
10, 19201, -3.0, 1.0, -1.5, 3.0, 20, 5, getFileName(), -2.5
10, 19202, -3.0, 1.0, -1.5, 3.5, 20, 0, f.getName(), 0.5
10, 19203, -3.0, 1.0, -1.5, 4.0, 18, 9, System.arraycopy(f.ls()), -2.0
10, 19204, -3.0, 1.0, -1.5, 4.5, 18, 8, System.arraycopy(f.ls()), -1.0
10, 19205, -3.0, 1.0, -1.5, 5.0, 18, 7, System.arraycopy(f.ls()), 0.0
10, 19206, -3.0, 1.0, -1.0, 0.0, 20, 2, getFileName(), -2.0
10, 19207, -3.0, 1.0, -1.0, 0.5, 20, 2, getFileName(), -2.0
10, 19208, -3.0, 1.0, -1.0, 1.0, 20, 2, getFileName(), -2.0
10, 19209, -3.0, 1.0, -1.0, 1.5, 20, 2, getFileName(), -2.0
10, 19210, -3.0, 1.0, -1.0, 2.0, 20, 2, getFileName(), -2.0
10, 19211, -3.0, 1.0, -1.0, 2.5, 20, 3, getFileName(), -2.0
10, 19212, -3.0, 1.0, -1.0, 3.0, 20, 3, getFileName(), -2.0
10, 19213, -3.0, 1.0, -1.0, 3.5, 20, 1, f.getName(), 0.5
10, 19214, -3.0, 1.0, -1.0, 4.0, 18, 7, System.arraycopy(f.ls()), -1.0
10, 19215, -3.0, 1.0, -1.0, 4.5, 18, 6, System.arraycopy(f.ls()), 0.0
10, 19216, -3.0, 1.0, -1.0, 5.0, 20, 4, f.getName(), 2.0
10, 19217, -3.0, 1.0, -0.5, 0.0, 20, 1, getFileName(), -1.5
10, 19218, -3.0, 1.0, -0.5, 0.5, 20, 1, getFileName(), -1.5
10, 19219, -3.0, 1.0, -0.5, 1.0, 20, 1, getFileName(), -1.5
10, 19220, -3.0, 1.0, -0.5, 1.5, 20, 1, getFileName(), -1.5
10, 19221, -3.0, 1.0, -0.5, 2.0, 20, 1, getFileName(), -1.5
10, 19222, -3.0, 1.0, -0.5, 2.5, 20, 2, getFileName(), -1.5
10, 19223, -3.0, 1.0, -0.5, 3.0, 20, 2, getFileName(), -1.5
10, 19224, -3.0, 1.0, -0.5, 3.5, 18, 5, System.arraycopy(f.ls()), -1.0
10, 19225, -3.0, 1.0, -0.5, 4.0, 20, 1, f.getName(), 1.0
10, 19226, -3.0, 1.0, -0.5, 4.5, 20, 6, f.getName(), 1.5
10, 19227, -3.0, 1.0, -0.5, 5.0, 22, 4, new Task10().ls(f).get(), 3.5
10, 19228, -3.0, 1.0, 0.0, 0.0, 16, 7, System.mapLibraryName(), -2.0
10, 19229, -3.0, 1.0, 0.0, 0.5, 16, 7, System.mapLibraryName(), -2.0
10, 19230, -3.0, 1.0, 0.0, 1.0, 16, 7, System.mapLibraryName(), -2.0
10, 19231, -3.0, 1.0, 0.0, 1.5, 16, 7, System.mapLibraryName(), -2.0
10, 19232, -3.0, 1.0, 0.0, 2.0, 16, 8, System.mapLibraryName(), -2.0
10, 19233, -3.0, 1.0, 0.0, 2.5, 16, 8, System.mapLibraryName(), -2.0
10, 19234, -3.0, 1.0, 0.0, 3.0, 18, 8, System.arraycopy(f.ls()), -1.0
10, 19235, -3.0, 1.0, 0.0, 3.5, 20, 4, f.getName(), 0.5
10, 19236, -3.0, 1.0, 0.0, 4.0, 22, 5, new Task10().ls(f).get(), 2.0
10, 19237, -3.0, 1.0, 0.0, 4.5, 22, 4, new Task10().ls(f).get(), 3.5
10, 19238, -3.0, 1.0, 0.0, 5.0, 22, 5, new Task10().ls(f).get(), 5.0
10, 19239, -2.5, 1.0, -5.0, 0.0, 20, 4, getFileName(), -5.5
10, 19240, -2.5, 1.0, -5.0, 0.5, 20, 4, getFileName(), -5.5
10, 19241, -2.5, 1.0, -5.0, 1.0, 20, 4, getFileName(), -5.5
10, 19242, -2.5, 1.0, -5.0, 1.5, 20, 4, getFileName(), -5.5
10, 19243, -2.5, 1.0, -5.0, 2.0, 20, 5, getFileName(), -5.5
10, 19244, -2.5, 1.0, -5.0, 2.5, 20, 0, f.getName(), 0.5
10, 19245, -2.5, 1.0, -5.0, 3.0, 20, 0, f.getName(), 1.0
10, 19246, -2.5, 1.0, -5.0, 3.5, 11, 9, System.arraycopy(f.getName()), -5.0
10, 19247, -2.5, 1.0, -5.0, 4.0, 11, 9, System.arraycopy(f.getName()), -4.5
10, 19248, -2.5, 1.0, -5.0, 4.5, 11, 9, System.arraycopy(f.getName()), -4.0
10, 19249, -2.5, 1.0, -5.0, 5.0, 11, 9, System.arraycopy(f.getName()), -3.5
10, 19250, -2.5, 1.0, -4.5, 0.0, 20, 4, getFileName(), -5.0
10, 19251, -2.5, 1.0, -4.5, 0.5, 20, 4, getFileName(), -5.0
10, 19252, -2.5, 1.0, -4.5, 1.0, 20, 4, getFileName(), -5.0
10, 19253, -2.5, 1.0, -4.5, 1.5, 20, 4, getFileName(), -5.0
10, 19254, -2.5, 1.0, -4.5, 2.0, 20, 5, getFileName(), -5.0
10, 19255, -2.5, 1.0, -4.5, 2.5, 20, 0, f.getName(), 0.5
10, 19256, -2.5, 1.0, -4.5, 3.0, 20, 0, f.getName(), 1.0
10, 19257, -2.5, 1.0, -4.5, 3.5, 11, 9, System.arraycopy(f.getName()), -4.5
10, 19258, -2.5, 1.0, -4.5, 4.0, 11, 9, System.arraycopy(f.getName()), -4.0
10, 19259, -2.5, 1.0, -4.5, 4.5, 11, 9, System.arraycopy(f.getName()), -3.5
10, 19260, -2.5, 1.0, -4.5, 5.0, 11, 9, System.arraycopy(f.getName()), -3.0
10, 19261, -2.5, 1.0, -4.0, 0.0, 20, 4, getFileName(), -4.5
10, 19262, -2.5, 1.0, -4.0, 0.5, 20, 4, getFileName(), -4.5
10, 19263, -2.5, 1.0, -4.0, 1.0, 20, 4, getFileName(), -4.5
10, 19264, -2.5, 1.0, -4.0, 1.5, 20, 4, getFileName(), -4.5
10, 19265, -2.5, 1.0, -4.0, 2.0, 20, 5, getFileName(), -4.5
10, 19266, -2.5, 1.0, -4.0, 2.5, 20, 0, f.getName(), 0.5
10, 19267, -2.5, 1.0, -4.0, 3.0, 20, 0, f.getName(), 1.0
10, 19268, -2.5, 1.0, -4.0, 3.5, 11, 9, System.arraycopy(f.getName()), -4.0
10, 19269, -2.5, 1.0, -4.0, 4.0, 11, 9, System.arraycopy(f.getName()), -3.5
10, 19270, -2.5, 1.0, -4.0, 4.5, 11, 9, System.arraycopy(f.getName()), -3.0
10, 19271, -2.5, 1.0, -4.0, 5.0, 11, 9, System.arraycopy(f.getName()), -2.5
10, 19272, -2.5, 1.0, -3.5, 0.0, 20, 4, getFileName(), -4.0
10, 19273, -2.5, 1.0, -3.5, 0.5, 20, 4, getFileName(), -4.0
10, 19274, -2.5, 1.0, -3.5, 1.0, 20, 4, getFileName(), -4.0
10, 19275, -2.5, 1.0, -3.5, 1.5, 20, 4, getFileName(), -4.0
10, 19276, -2.5, 1.0, -3.5, 2.0, 20, 5, getFileName(), -4.0
10, 19277, -2.5, 1.0, -3.5, 2.5, 20, 0, f.getName(), 0.5
10, 19278, -2.5, 1.0, -3.5, 3.0, 20, 0, f.getName(), 1.0
10, 19279, -2.5, 1.0, -3.5, 3.5, 11, 9, System.arraycopy(f.getName()), -3.5
10, 19280, -2.5, 1.0, -3.5, 4.0, 11, 9, System.arraycopy(f.getName()), -3.0
10, 19281, -2.5, 1.0, -3.5, 4.5, 11, 9, System.arraycopy(f.getName()), -2.5
10, 19282, -2.5, 1.0, -3.5, 5.0, 20, 0, f.getName(), 3.0
10, 19283, -2.5, 1.0, -3.0, 0.0, 20, 4, getFileName(), -3.5
10, 19284, -2.5, 1.0, -3.0, 0.5, 20, 4, getFileName(), -3.5
10, 19285, -2.5, 1.0, -3.0, 1.0, 20, 4, getFileName(), -3.5
10, 19286, -2.5, 1.0, -3.0, 1.5, 20, 4, getFileName(), -3.5
10, 19287, -2.5, 1.0, -3.0, 2.0, 20, 5, getFileName(), -3.5
10, 19288, -2.5, 1.0, -3.0, 2.5, 20, 0, f.getName(), 0.5
10, 19289, -2.5, 1.0, -3.0, 3.0, 20, 0, f.getName(), 1.0
10, 19290, -2.5, 1.0, -3.0, 3.5, 11, 9, System.arraycopy(f.getName()), -3.0
10, 19291, -2.5, 1.0, -3.0, 4.0, 11, 9, System.arraycopy(f.getName()), -2.5
10, 19292, -2.5, 1.0, -3.0, 4.5, 11, 9, System.arraycopy(f.getName()), -2.0
10, 19293, -2.5, 1.0, -3.0, 5.0, 20, 0, f.getName(), 3.0
10, 19294, -2.5, 1.0, -2.5, 0.0, 20, 4, getFileName(), -3.0
10, 19295, -2.5, 1.0, -2.5, 0.5, 20, 4, getFileName(), -3.0
10, 19296, -2.5, 1.0, -2.5, 1.0, 20, 4, getFileName(), -3.0
10, 19297, -2.5, 1.0, -2.5, 1.5, 20, 4, getFileName(), -3.0
10, 19298, -2.5, 1.0, -2.5, 2.0, 20, 5, getFileName(), -3.0
10, 19299, -2.5, 1.0, -2.5, 2.5, 20, 0, f.getName(), 0.5
10, 19300, -2.5, 1.0, -2.5, 3.0, 20, 0, f.getName(), 1.0
10, 19301, -2.5, 1.0, -2.5, 3.5, 11, 9, System.arraycopy(f.getName()), -2.5
10, 19302, -2.5, 1.0, -2.5, 4.0, 11, 9, System.arraycopy(f.getName()), -2.0
10, 19303, -2.5, 1.0, -2.5, 4.5, 20, 0, f.getName(), 2.5
10, 19304, -2.5, 1.0, -2.5, 5.0, 18, 9, System.arraycopy(f.ls()), -0.5
10, 19305, -2.5, 1.0, -2.0, 0.0, 20, 4, getFileName(), -2.5
10, 19306, -2.5, 1.0, -2.0, 0.5, 20, 4, getFileName(), -2.5
10, 19307, -2.5, 1.0, -2.0, 1.0, 20, 4, getFileName(), -2.5
10, 19308, -2.5, 1.0, -2.0, 1.5, 20, 4, getFileName(), -2.5
10, 19309, -2.5, 1.0, -2.0, 2.0, 20, 5, getFileName(), -2.5
10, 19310, -2.5, 1.0, -2.0, 2.5, 20, 0, f.getName(), 0.5
10, 19311, -2.5, 1.0, -2.0, 3.0, 20, 0, f.getName(), 1.0
10, 19312, -2.5, 1.0, -2.0, 3.5, 11, 9, System.arraycopy(f.getName()), -2.0
10, 19313, -2.5, 1.0, -2.0, 4.0, 11, 9, System.arraycopy(f.getName()), -1.5
10, 19314, -2.5, 1.0, -2.0, 4.5, 18, 9, System.arraycopy(f.ls()), -0.5
10, 19315, -2.5, 1.0, -2.0, 5.0, 20, 1, f.getName(), 3.0
10, 19316, -2.5, 1.0, -1.5, 0.0, 20, 4, getFileName(), -2.0
10, 19317, -2.5, 1.0, -1.5, 0.5, 20, 4, getFileName(), -2.0
10, 19318, -2.5, 1.0, -1.5, 1.0, 20, 4, getFileName(), -2.0
10, 19319, -2.5, 1.0, -1.5, 1.5, 20, 4, getFileName(), -2.0
10, 19320, -2.5, 1.0, -1.5, 2.0, 20, 5, getFileName(), -2.0
10, 19321, -2.5, 1.0, -1.5, 2.5, 20, 0, f.getName(), 0.5
10, 19322, -2.5, 1.0, -1.5, 3.0, 20, 0, f.getName(), 1.0
10, 19323, -2.5, 1.0, -1.5, 3.5, 11, 9, System.arraycopy(f.getName()), -1.5
10, 19324, -2.5, 1.0, -1.5, 4.0, 18, 9, System.arraycopy(f.ls()), -0.5
10, 19325, -2.5, 1.0, -1.5, 4.5, 20, 1, f.getName(), 2.5
10, 19326, -2.5, 1.0, -1.5, 5.0, 20, 2, f.getName(), 3.0
10, 19327, -2.5, 1.0, -1.0, 0.0, 20, 2, getFileName(), -1.5
10, 19328, -2.5, 1.0, -1.0, 0.5, 20, 2, getFileName(), -1.5
10, 19329, -2.5, 1.0, -1.0, 1.0, 20, 2, getFileName(), -1.5
10, 19330, -2.5, 1.0, -1.0, 1.5, 20, 2, getFileName(), -1.5
10, 19331, -2.5, 1.0, -1.0, 2.0, 20, 3, getFileName(), -1.5
10, 19332, -2.5, 1.0, -1.0, 2.5, 20, 0, f.getName(), 0.5
10, 19333, -2.5, 1.0, -1.0, 3.0, 11, 9, System.arraycopy(f.getName()), -1.5
10, 19334, -2.5, 1.0, -1.0, 3.5, 18, 7, System.arraycopy(f.ls()), -0.5
10, 19335, -2.5, 1.0, -1.0, 4.0, 20, 1, f.getName(), 2.0
10, 19336, -2.5, 1.0, -1.0, 4.5, 20, 5, f.getName(), 2.5
10, 19337, -2.5, 1.0, -1.0, 5.0, 20, 6, f.getName(), 3.0
10, 19338, -2.5, 1.0, -0.5, 0.0, 20, 1, getFileName(), -1.0
10, 19339, -2.5, 1.0, -0.5, 0.5, 20, 1, getFileName(), -1.0
10, 19340, -2.5, 1.0, -0.5, 1.0, 20, 1, getFileName(), -1.0
10, 19341, -2.5, 1.0, -0.5, 1.5, 20, 1, getFileName(), -1.0
10, 19342, -2.5, 1.0, -0.5, 2.0, 20, 2, getFileName(), -1.0
10, 19343, -2.5, 1.0, -0.5, 2.5, 19, 9, System.getProperty(), -1.0
10, 19344, -2.5, 1.0, -0.5, 3.0, 18, 6, System.arraycopy(f.ls()), -0.5
10, 19345, -2.5, 1.0, -0.5, 3.5, 20, 1, f.getName(), 1.5
10, 19346, -2.5, 1.0, -0.5, 4.0, 20, 6, f.getName(), 2.0
10, 19347, -2.5, 1.0, -0.5, 4.5, 22, 3, new Task10().ls(f).get(), 4.0
10, 19348, -2.5, 1.0, -0.5, 5.0, 22, 6, new Task10().ls(f).get(), 5.5
10, 19349, -2.5, 1.0, 0.0, 0.0, 16, 7, System.mapLibraryName(), -1.5
10, 19350, -2.5, 1.0, 0.0, 0.5, 16, 7, System.mapLibraryName(), -1.5
10, 19351, -2.5, 1.0, 0.0, 1.0, 16, 7, System.mapLibraryName(), -1.5
10, 19352, -2.5, 1.0, 0.0, 1.5, 16, 7, System.mapLibraryName(), -1.5
10, 19353, -2.5, 1.0, 0.0, 2.0, 16, 8, System.mapLibraryName(), -1.5
10, 19354, -2.5, 1.0, 0.0, 2.5, 18, 9, System.arraycopy(f.ls()), -0.5
10, 19355, -2.5, 1.0, 0.0, 3.0, 20, 4, f.getName(), 1.0
10, 19356, -2.5, 1.0, 0.0, 3.5, 22, 4, new Task10().ls(f).get(), 2.5
10, 19357, -2.5, 1.0, 0.0, 4.0, 22, 5, new Task10().ls(f).get(), 4.0
10, 19358, -2.5, 1.0, 0.0, 4.5, 26, 4, new Task10().ls(f), 7.0
10, 19359, -2.5, 1.0, 0.0, 5.0, 26, 9, new Task10().ls(f), 8.5
10, 19360, -2.0, 1.0, -5.0, 0.0, 20, 4, getFileName(), -5.0
10, 19361, -2.0, 1.0, -5.0, 0.5, 20, 4, getFileName(), -5.0
10, 19362, -2.0, 1.0, -5.0, 1.0, 20, 4, getFileName(), -5.0
10, 19363, -2.0, 1.0, -5.0, 1.5, 20, 0, f.getName(), 0.5
10, 19364, -2.0, 1.0, -5.0, 2.0, 20, 0, f.getName(), 1.0
10, 19365, -2.0, 1.0, -5.0, 2.5, 11, 8, System.arraycopy(f.getName()), -4.5
10, 19366, -2.0, 1.0, -5.0, 3.0, 11, 9, System.arraycopy(f.getName()), -4.0
10, 19367, -2.0, 1.0, -5.0, 3.5, 11, 9, System.arraycopy(f.getName()), -3.5
10, 19368, -2.0, 1.0, -5.0, 4.0, 11, 9, System.arraycopy(f.getName()), -3.0
10, 19369, -2.0, 1.0, -5.0, 4.5, 11, 9, System.arraycopy(f.getName()), -2.5
10, 19370, -2.0, 1.0, -5.0, 5.0, 17, 9, f.getName().replace(f.getName()), -2.0
10, 19371, -2.0, 1.0, -4.5, 0.0, 20, 4, getFileName(), -4.5
10, 19372, -2.0, 1.0, -4.5, 0.5, 20, 4, getFileName(), -4.5
10, 19373, -2.0, 1.0, -4.5, 1.0, 20, 4, getFileName(), -4.5
10, 19374, -2.0, 1.0, -4.5, 1.5, 20, 0, f.getName(), 0.5
10, 19375, -2.0, 1.0, -4.5, 2.0, 20, 0, f.getName(), 1.0
10, 19376, -2.0, 1.0, -4.5, 2.5, 11, 8, System.arraycopy(f.getName()), -4.0
10, 19377, -2.0, 1.0, -4.5, 3.0, 11, 9, System.arraycopy(f.getName()), -3.5
10, 19378, -2.0, 1.0, -4.5, 3.5, 11, 9, System.arraycopy(f.getName()), -3.0
10, 19379, -2.0, 1.0, -4.5, 4.0, 11, 9, System.arraycopy(f.getName()), -2.5
10, 19380, -2.0, 1.0, -4.5, 4.5, 11, 9, System.arraycopy(f.getName()), -2.0
10, 19381, -2.0, 1.0, -4.5, 5.0, 20, 0, f.getName(), 4.0
10, 19382, -2.0, 1.0, -4.0, 0.0, 20, 4, getFileName(), -4.0
10, 19383, -2.0, 1.0, -4.0, 0.5, 20, 4, getFileName(), -4.0
10, 19384, -2.0, 1.0, -4.0, 1.0, 20, 4, getFileName(), -4.0
10, 19385, -2.0, 1.0, -4.0, 1.5, 20, 0, f.getName(), 0.5
10, 19386, -2.0, 1.0, -4.0, 2.0, 20, 0, f.getName(), 1.0
10, 19387, -2.0, 1.0, -4.0, 2.5, 11, 8, System.arraycopy(f.getName()), -3.5
10, 19388, -2.0, 1.0, -4.0, 3.0, 11, 9, System.arraycopy(f.getName()), -3.0
10, 19389, -2.0, 1.0, -4.0, 3.5, 11, 9, System.arraycopy(f.getName()), -2.5
10, 19390, -2.0, 1.0, -4.0, 4.0, 11, 9, System.arraycopy(f.getName()), -2.0
10, 19391, -2.0, 1.0, -4.0, 4.5, 11, 9, System.arraycopy(f.getName()), -1.5
10, 19392, -2.0, 1.0, -4.0, 5.0, 17, 7, f.getName().replace(f.getName()), -1.0
10, 19393, -2.0, 1.0, -3.5, 0.0, 20, 4, getFileName(), -3.5
10, 19394, -2.0, 1.0, -3.5, 0.5, 20, 4, getFileName(), -3.5
10, 19395, -2.0, 1.0, -3.5, 1.0, 20, 4, getFileName(), -3.5
10, 19396, -2.0, 1.0, -3.5, 1.5, 20, 0, f.getName(), 0.5
10, 19397, -2.0, 1.0, -3.5, 2.0, 20, 0, f.getName(), 1.0
10, 19398, -2.0, 1.0, -3.5, 2.5, 11, 8, System.arraycopy(f.getName()), -3.0
10, 19399, -2.0, 1.0, -3.5, 3.0, 11, 9, System.arraycopy(f.getName()), -2.5
10, 19400, -2.0, 1.0, -3.5, 3.5, 11, 9, System.arraycopy(f.getName()), -2.0
10, 19401, -2.0, 1.0, -3.5, 4.0, 11, 9, System.arraycopy(f.getName()), -1.5
10, 19402, -2.0, 1.0, -3.5, 4.5, 20, 0, f.getName(), 3.5
10, 19403, -2.0, 1.0, -3.5, 5.0, 11, 8, System.arraycopy(f.getName()), -0.5
10, 19404, -2.0, 1.0, -3.0, 0.0, 20, 4, getFileName(), -3.0
10, 19405, -2.0, 1.0, -3.0, 0.5, 20, 4, getFileName(), -3.0
10, 19406, -2.0, 1.0, -3.0, 1.0, 20, 4, getFileName(), -3.0
10, 19407, -2.0, 1.0, -3.0, 1.5, 20, 0, f.getName(), 0.5
10, 19408, -2.0, 1.0, -3.0, 2.0, 20, 0, f.getName(), 1.0
10, 19409, -2.0, 1.0, -3.0, 2.5, 11, 8, System.arraycopy(f.getName()), -2.5
10, 19410, -2.0, 1.0, -3.0, 3.0, 11, 9, System.arraycopy(f.getName()), -2.0
10, 19411, -2.0, 1.0, -3.0, 3.5, 11, 9, System.arraycopy(f.getName()), -1.5
10, 19412, -2.0, 1.0, -3.0, 4.0, 11, 9, System.arraycopy(f.getName()), -1.0
10, 19413, -2.0, 1.0, -3.0, 4.5, 11, 7, System.arraycopy(f.getName()), -0.5
10, 19414, -2.0, 1.0, -3.0, 5.0, 11, 8, System.arraycopy(f.getName()), 0.0
10, 19415, -2.0, 1.0, -2.5, 0.0, 20, 4, getFileName(), -2.5
10, 19416, -2.0, 1.0, -2.5, 0.5, 20, 4, getFileName(), -2.5
10, 19417, -2.0, 1.0, -2.5, 1.0, 20, 4, getFileName(), -2.5
10, 19418, -2.0, 1.0, -2.5, 1.5, 20, 0, f.getName(), 0.5
10, 19419, -2.0, 1.0, -2.5, 2.0, 20, 0, f.getName(), 1.0
10, 19420, -2.0, 1.0, -2.5, 2.5, 11, 8, System.arraycopy(f.getName()), -2.0
10, 19421, -2.0, 1.0, -2.5, 3.0, 11, 9, System.arraycopy(f.getName()), -1.5
10, 19422, -2.0, 1.0, -2.5, 3.5, 11, 9, System.arraycopy(f.getName()), -1.0
10, 19423, -2.0, 1.0, -2.5, 4.0, 11, 7, System.arraycopy(f.getName()), -0.5
10, 19424, -2.0, 1.0, -2.5, 4.5, 11, 7, System.arraycopy(f.getName()), 0.0
10, 19425, -2.0, 1.0, -2.5, 5.0, 17, 9, f.getName().replace(f.getName()), 0.5
10, 19426, -2.0, 1.0, -2.0, 0.0, 20, 4, getFileName(), -2.0
10, 19427, -2.0, 1.0, -2.0, 0.5, 20, 4, getFileName(), -2.0
10, 19428, -2.0, 1.0, -2.0, 1.0, 20, 4, getFileName(), -2.0
10, 19429, -2.0, 1.0, -2.0, 1.5, 20, 0, f.getName(), 0.5
10, 19430, -2.0, 1.0, -2.0, 2.0, 20, 0, f.getName(), 1.0
10, 19431, -2.0, 1.0, -2.0, 2.5, 11, 8, System.arraycopy(f.getName()), -1.5
10, 19432, -2.0, 1.0, -2.0, 3.0, 11, 9, System.arraycopy(f.getName()), -1.0
10, 19433, -2.0, 1.0, -2.0, 3.5, 11, 6, System.arraycopy(f.getName()), -0.5
10, 19434, -2.0, 1.0, -2.0, 4.0, 11, 7, System.arraycopy(f.getName()), 0.0
10, 19435, -2.0, 1.0, -2.0, 4.5, 20, 1, f.getName(), 3.5
10, 19436, -2.0, 1.0, -2.0, 5.0, 20, 4, f.getName(), 4.0
10, 19437, -2.0, 1.0, -1.5, 0.0, 20, 4, getFileName(), -1.5
10, 19438, -2.0, 1.0, -1.5, 0.5, 20, 4, getFileName(), -1.5
10, 19439, -2.0, 1.0, -1.5, 1.0, 20, 4, getFileName(), -1.5
10, 19440, -2.0, 1.0, -1.5, 1.5, 20, 0, f.getName(), 0.5
10, 19441, -2.0, 1.0, -1.5, 2.0, 20, 0, f.getName(), 1.0
10, 19442, -2.0, 1.0, -1.5, 2.5, 11, 8, System.arraycopy(f.getName()), -1.0
10, 19443, -2.0, 1.0, -1.5, 3.0, 11, 6, System.arraycopy(f.getName()), -0.5
10, 19444, -2.0, 1.0, -1.5, 3.5, 11, 7, System.arraycopy(f.getName()), 0.0
10, 19445, -2.0, 1.0, -1.5, 4.0, 20, 1, f.getName(), 3.0
10, 19446, -2.0, 1.0, -1.5, 4.5, 20, 3, f.getName(), 3.5
10, 19447, -2.0, 1.0, -1.5, 5.0, 20, 7, f.getName(), 4.0
10, 19448, -2.0, 1.0, -1.0, 0.0, 20, 2, getFileName(), -1.0
10, 19449, -2.0, 1.0, -1.0, 0.5, 20, 2, getFileName(), -1.0
10, 19450, -2.0, 1.0, -1.0, 1.0, 20, 2, getFileName(), -1.0
10, 19451, -2.0, 1.0, -1.0, 1.5, 20, 0, f.getName(), 0.5
10, 19452, -2.0, 1.0, -1.0, 2.0, 11, 9, System.arraycopy(f.getName()), -1.0
10, 19453, -2.0, 1.0, -1.0, 2.5, 11, 4, System.arraycopy(f.getName()), -0.5
10, 19454, -2.0, 1.0, -1.0, 3.0, 11, 5, System.arraycopy(f.getName()), 0.0
10, 19455, -2.0, 1.0, -1.0, 3.5, 20, 1, f.getName(), 2.5
10, 19456, -2.0, 1.0, -1.0, 4.0, 20, 6, f.getName(), 3.0
10, 19457, -2.0, 1.0, -1.0, 4.5, 20, 9, f.getName(), 3.5
10, 19458, -2.0, 1.0, -1.0, 5.0, 22, 7, new Task10().ls(f).get(), 6.0
10, 19459, -2.0, 1.0, -0.5, 0.0, 20, 1, getFileName(), -0.5
10, 19460, -2.0, 1.0, -0.5, 0.5, 20, 1, getFileName(), -0.5
10, 19461, -2.0, 1.0, -0.5, 1.0, 20, 1, getFileName(), -0.5
10, 19462, -2.0, 1.0, -0.5, 1.5, 19, 8, System.getProperty(), -0.5
10, 19463, -2.0, 1.0, -0.5, 2.0, 11, 6, System.arraycopy(f.getName()), -0.5
10, 19464, -2.0, 1.0, -0.5, 2.5, 10, 7, System.setProperty(f.getName()), -1.5
10, 19465, -2.0, 1.0, -0.5, 3.0, 20, 1, f.getName(), 2.0
10, 19466, -2.0, 1.0, -0.5, 3.5, 20, 6, f.getName(), 2.5
10, 19467, -2.0, 1.0, -0.5, 4.0, 22, 7, new Task10().ls(f).get(), 4.5
10, 19468, -2.0, 1.0, -0.5, 4.5, 26, 8, new Task10().ls(f), 7.0
10, 19469, -2.0, 1.0, -0.5, 5.0, 34, 2, new Task10().ls(f).put(new Task10().ls(f)), 13.5
10, 19470, -2.0, 1.0, 0.0, 0.0, 16, 7, System.mapLibraryName(), -1.0
10, 19471, -2.0, 1.0, 0.0, 0.5, 16, 7, System.mapLibraryName(), -1.0
10, 19472, -2.0, 1.0, 0.0, 1.0, 16, 7, System.mapLibraryName(), -1.0
10, 19473, -2.0, 1.0, 0.0, 1.5, 16, 8, System.mapLibraryName(), 0.0
10, 19474, -2.0, 1.0, 0.0, 2.0, 10, 5, System.setProperty(f.getName()), -1.0
10, 19475, -2.0, 1.0, 0.0, 2.5, 20, 5, f.getName(), 1.5
10, 19476, -2.0, 1.0, 0.0, 3.0, 22, 5, new Task10().ls(f).get(), 3.0
10, 19477, -2.0, 1.0, 0.0, 3.5, 26, 4, new Task10().ls(f), 5.5
10, 19478, -2.0, 1.0, 0.0, 4.0, 33, 6, f.renameTo(f).equals(new Task10().ls(f)), 7.0
10, 19479, -2.0, 1.0, 0.0, 4.5, 34, 1, new Task10().ls(f).put(new Task10().ls(f)), 14.0
10, 19480, -2.0, 1.0, 0.0, 5.0, 34, 2, new Task10().ls(f).put(new Task10().ls(f)), 17.0
10, 19481, -1.5, 1.0, -5.0, 0.0, 20, 1, getName().println(), 0.0
10, 19482, -1.5, 1.0, -5.0, 0.5, 20, 1, f.getName(), 0.5
10, 19483, -1.5, 1.0, -5.0, 1.0, 11, 9, System.arraycopy(f.getName()), -4.5
10, 19484, -1.5, 1.0, -5.0, 1.5, 11, 7, System.arraycopy(f.getName()), -4.0
10, 19485, -1.5, 1.0, -5.0, 2.0, 11, 8, System.arraycopy(f.getName()), -3.5
10, 19486, -1.5, 1.0, -5.0, 2.5, 11, 9, System.arraycopy(f.getName()), -3.0
10, 19487, -1.5, 1.0, -5.0, 3.0, 11, 9, System.arraycopy(f.getName()), -2.5
10, 19488, -1.5, 1.0, -5.0, 3.5, 11, 9, System.arraycopy(f.getName()), -2.0
10, 19489, -1.5, 1.0, -5.0, 4.0, 17, 9, f.getName().replace(f.getName()), -1.5
10, 19490, -1.5, 1.0, -5.0, 4.5, 17, 6, f.getName().replace(f.getName()), -0.5
10, 19491, -1.5, 1.0, -5.0, 5.0, 15, 8, f.getName().put(f.getName()), 0.5
10, 19492, -1.5, 1.0, -4.5, 0.0, 20, 1, getName().println(), 0.0
10, 19493, -1.5, 1.0, -4.5, 0.5, 20, 1, f.getName(), 0.5
10, 19494, -1.5, 1.0, -4.5, 1.0, 11, 9, System.arraycopy(f.getName()), -4.0
10, 19495, -1.5, 1.0, -4.5, 1.5, 11, 7, System.arraycopy(f.getName()), -3.5
10, 19496, -1.5, 1.0, -4.5, 2.0, 11, 8, System.arraycopy(f.getName()), -3.0
10, 19497, -1.5, 1.0, -4.5, 2.5, 11, 9, System.arraycopy(f.getName()), -2.5
10, 19498, -1.5, 1.0, -4.5, 3.0, 11, 9, System.arraycopy(f.getName()), -2.0
10, 19499, -1.5, 1.0, -4.5, 3.5, 11, 9, System.arraycopy(f.getName()), -1.5
10, 19500, -1.5, 1.0, -4.5, 4.0, 17, 9, f.getName().replace(f.getName()), -1.0
10, 19501, -1.5, 1.0, -4.5, 4.5, 15, 8, f.getName().put(f.getName()), 0.0
10, 19502, -1.5, 1.0, -4.5, 5.0, 15, 8, f.getName().put(f.getName()), 1.0
10, 19503, -1.5, 1.0, -4.0, 0.0, 20, 1, getName().println(), 0.0
10, 19504, -1.5, 1.0, -4.0, 0.5, 20, 1, f.getName(), 0.5
10, 19505, -1.5, 1.0, -4.0, 1.0, 11, 9, System.arraycopy(f.getName()), -3.5
10, 19506, -1.5, 1.0, -4.0, 1.5, 11, 7, System.arraycopy(f.getName()), -3.0
10, 19507, -1.5, 1.0, -4.0, 2.0, 11, 8, System.arraycopy(f.getName()), -2.5
10, 19508, -1.5, 1.0, -4.0, 2.5, 11, 9, System.arraycopy(f.getName()), -2.0
10, 19509, -1.5, 1.0, -4.0, 3.0, 11, 9, System.arraycopy(f.getName()), -1.5
10, 19510, -1.5, 1.0, -4.0, 3.5, 11, 9, System.arraycopy(f.getName()), -1.0
10, 19511, -1.5, 1.0, -4.0, 4.0, 17, 6, f.getName().replace(f.getName()), -0.5
10, 19512, -1.5, 1.0, -4.0, 4.5, 15, 9, f.getName().put(f.getName()), 0.5
10, 19513, -1.5, 1.0, -4.0, 5.0, 15, 8, f.getName().put(f.getName()), 1.5
10, 19514, -1.5, 1.0, -3.5, 0.0, 20, 1, getName().println(), 0.0
10, 19515, -1.5, 1.0, -3.5, 0.5, 20, 1, f.getName(), 0.5
10, 19516, -1.5, 1.0, -3.5, 1.0, 11, 9, System.arraycopy(f.getName()), -3.0
10, 19517, -1.5, 1.0, -3.5, 1.5, 11, 7, System.arraycopy(f.getName()), -2.5
10, 19518, -1.5, 1.0, -3.5, 2.0, 11, 8, System.arraycopy(f.getName()), -2.0
10, 19519, -1.5, 1.0, -3.5, 2.5, 11, 9, System.arraycopy(f.getName()), -1.5
10, 19520, -1.5, 1.0, -3.5, 3.0, 11, 9, System.arraycopy(f.getName()), -1.0
10, 19521, -1.5, 1.0, -3.5, 3.5, 11, 9, System.arraycopy(f.getName()), -0.5
10, 19522, -1.5, 1.0, -3.5, 4.0, 11, 8, System.arraycopy(f.getName()), 0.0
10, 19523, -1.5, 1.0, -3.5, 4.5, 15, 8, f.getName().put(f.getName()), 1.0
10, 19524, -1.5, 1.0, -3.5, 5.0, 15, 8, f.getName().put(f.getName()), 2.0
10, 19525, -1.5, 1.0, -3.0, 0.0, 20, 1, getName().println(), 0.0
10, 19526, -1.5, 1.0, -3.0, 0.5, 20, 1, f.getName(), 0.5
10, 19527, -1.5, 1.0, -3.0, 1.0, 11, 9, System.arraycopy(f.getName()), -2.5
10, 19528, -1.5, 1.0, -3.0, 1.5, 11, 7, System.arraycopy(f.getName()), -2.0
10, 19529, -1.5, 1.0, -3.0, 2.0, 11, 8, System.arraycopy(f.getName()), -1.5
10, 19530, -1.5, 1.0, -3.0, 2.5, 11, 9, System.arraycopy(f.getName()), -1.0
10, 19531, -1.5, 1.0, -3.0, 3.0, 11, 9, System.arraycopy(f.getName()), -0.5
10, 19532, -1.5, 1.0, -3.0, 3.5, 11, 6, System.arraycopy(f.getName()), 0.0
10, 19533, -1.5, 1.0, -3.0, 4.0, 15, 9, f.getName().put(f.getName()), 0.5
10, 19534, -1.5, 1.0, -3.0, 4.5, 15, 8, f.getName().put(f.getName()), 1.5
10, 19535, -1.5, 1.0, -3.0, 5.0, 16, 6, f.ls().equals(f.getName()), 4.5
10, 19536, -1.5, 1.0, -2.5, 0.0, 20, 1, getName().println(), 0.0
10, 19537, -1.5, 1.0, -2.5, 0.5, 20, 1, f.getName(), 0.5
10, 19538, -1.5, 1.0, -2.5, 1.0, 11, 9, System.arraycopy(f.getName()), -2.0
10, 19539, -1.5, 1.0, -2.5, 1.5, 11, 7, System.arraycopy(f.getName()), -1.5
10, 19540, -1.5, 1.0, -2.5, 2.0, 11, 8, System.arraycopy(f.getName()), -1.0
10, 19541, -1.5, 1.0, -2.5, 2.5, 11, 9, System.arraycopy(f.getName()), -0.5
10, 19542, -1.5, 1.0, -2.5, 3.0, 11, 6, System.arraycopy(f.getName()), 0.0
10, 19543, -1.5, 1.0, -2.5, 3.5, 15, 9, f.getName().put(f.getName()), 0.0
10, 19544, -1.5, 1.0, -2.5, 4.0, 15, 8, f.getName().put(f.getName()), 1.0
10, 19545, -1.5, 1.0, -2.5, 4.5, 16, 5, f.ls().equals(f.getName()), 4.0
10, 19546, -1.5, 1.0, -2.5, 5.0, 20, 7, f.getName(), 5.0
10, 19547, -1.5, 1.0, -2.0, 0.0, 20, 1, getName().println(), 0.0
10, 19548, -1.5, 1.0, -2.0, 0.5, 20, 1, f.getName(), 0.5
10, 19549, -1.5, 1.0, -2.0, 1.0, 11, 9, System.arraycopy(f.getName()), -1.5
10, 19550, -1.5, 1.0, -2.0, 1.5, 11, 7, System.arraycopy(f.getName()), -1.0
10, 19551, -1.5, 1.0, -2.0, 2.0, 11, 8, System.arraycopy(f.getName()), -0.5
10, 19552, -1.5, 1.0, -2.0, 2.5, 11, 6, System.arraycopy(f.getName()), 0.0
10, 19553, -1.5, 1.0, -2.0, 3.0, 17, 8, f.getName().replace(f.getName()), -0.5
10, 19554, -1.5, 1.0, -2.0, 3.5, 17, 7, f.getName().replace(f.getName()), 0.5
10, 19555, -1.5, 1.0, -2.0, 4.0, 16, 5, f.ls().equals(f.getName()), 3.5
10, 19556, -1.5, 1.0, -2.0, 4.5, 20, 6, f.getName(), 4.5
10, 19557, -1.5, 1.0, -2.0, 5.0, 20, 9, f.getName(), 5.0
10, 19558, -1.5, 1.0, -1.5, 0.0, 20, 1, getName().println(), 0.0
10, 19559, -1.5, 1.0, -1.5, 0.5, 20, 1, f.getName(), 0.5
10, 19560, -1.5, 1.0, -1.5, 1.0, 11, 9, System.arraycopy(f.getName()), -1.0
10, 19561, -1.5, 1.0, -1.5, 1.5, 11, 7, System.arraycopy(f.getName()), -0.5
10, 19562, -1.5, 1.0, -1.5, 2.0, 11, 5, System.arraycopy(f.getName()), 0.0
10, 19563, -1.5, 1.0, -1.5, 2.5, 20, 0, f.getName(), 2.5
10, 19564, -1.5, 1.0, -1.5, 3.0, 20, 0, f.getName(), 3.0
10, 19565, -1.5, 1.0, -1.5, 3.5, 16, 5, f.ls().equals(f.getName()), 3.0
10, 19566, -1.5, 1.0, -1.5, 4.0, 15, 5, f.equals(f.getName()), 3.5
10, 19567, -1.5, 1.0, -1.5, 4.5, 22, 5, new Task10().ls(f).get(), 5.0
10, 19568, -1.5, 1.0, -1.5, 5.0, 26, 5, new Task10().ls(f), 7.0
10, 19569, -1.5, 1.0, -1.0, 0.0, 20, 1, getName().println(), 0.0
10, 19570, -1.5, 1.0, -1.0, 0.5, 20, 1, f.getName(), 0.5
10, 19571, -1.5, 1.0, -1.0, 1.0, 11, 8, System.arraycopy(f.getName()), -0.5
10, 19572, -1.5, 1.0, -1.0, 1.5, 11, 3, System.arraycopy(f.getName()), 0.0
10, 19573, -1.5, 1.0, -1.0, 2.0, 16, 9, Long.decode(f.getName()), -0.5
10, 19574, -1.5, 1.0, -1.0, 2.5, 20, 0, f.getName(), 2.5
10, 19575, -1.5, 1.0, -1.0, 3.0, 16, 5, f.ls().equals(f.getName()), 2.5
10, 19576, -1.5, 1.0, -1.0, 3.5, 20, 6, f.getName(), 3.5
10, 19577, -1.5, 1.0, -1.0, 4.0, 22, 9, new Task10().ls(f).get(), 5.0
10, 19578, -1.5, 1.0, -1.0, 4.5, 31, 9, f.getName().equals(new Task10().ls(f)), 8.0
10, 19579, -1.5, 1.0, -1.0, 5.0, 34, 3, new Task10().ls(f).put(new Task10().ls(f)), 13.5
10, 19580, -1.5, 1.0, -0.5, 0.0, 19, 6, System.getProperty(), 0.0
10, 19581, -1.5, 1.0, -0.5, 0.5, 19, 7, System.getProperty(), 0.0
10, 19582, -1.5, 1.0, -0.5, 1.0, 11, 5, System.arraycopy(f.getName()), 0.0
10, 19583, -1.5, 1.0, -0.5, 1.5, 10, 6, System.setProperty(f.getName()), 0.0
10, 19584, -1.5, 1.0, -0.5, 2.0, 10, 5, System.setProperty(f.getName()), 0.5
10, 19585, -1.5, 1.0, -0.5, 2.5, 20, 1, f.getName(), 2.5
10, 19586, -1.5, 1.0, -0.5, 3.0, 22, 7, new Task10().ls(f).get(), 3.5
10, 19587, -1.5, 1.0, -0.5, 3.5, 31, 9, f.getName().equals(new Task10().ls(f)), 6.0
10, 19588, -1.5, 1.0, -0.5, 4.0, 34, 2, new Task10().ls(f).put(new Task10().ls(f)), 11.0
10, 19589, -1.5, 1.0, -0.5, 4.5, 34, 2, new Task10().ls(f).put(new Task10().ls(f)), 14.0
10, 19590, -1.5, 1.0, -0.5, 5.0, 34, 3, new Task10().ls(f).put(new Task10().ls(f)), 17.0
10, 19591, -1.5, 1.0, 0.0, 0.0, 16, 7, System.mapLibraryName(), 0.5
10, 19592, -1.5, 1.0, 0.0, 0.5, 16, 8, System.mapLibraryName(), 0.5
10, 19593, -1.5, 1.0, 0.0, 1.0, 10, 6, System.setProperty(f.getName()), 0.5
10, 19594, -1.5, 1.0, 0.0, 1.5, 10, 2, System.setProperty(f.getName()), 1.0
10, 19595, -1.5, 1.0, 0.0, 2.0, 20, 8, f.getName(), 2.0
10, 19596, -1.5, 1.0, 0.0, 2.5, 26, 7, new Task10().ls(f), 4.0
10, 19597, -1.5, 1.0, 0.0, 3.0, 33, 8, f.getName().compareTo(new Task10().ls(f)), 6.0
10, 19598, -1.5, 1.0, 0.0, 3.5, 34, 2, new Task10().ls(f).put(new Task10().ls(f)), 11.5
10, 19599, -1.5, 1.0, 0.0, 4.0, 34, 2, new Task10().ls(f).put(new Task10().ls(f)), 14.5
10, 19600, -1.5, 1.0, 0.0, 4.5, 34, 4, new Task10().ls(f).put(new Task10().ls(f)), 17.5
10, 19601, -1.5, 1.0, 0.0, 5.0, 34, 6, new Task10().ls(f).put(new Task10().ls(f)), 20.5
10, 19602, -1.0, 1.0, -5.0, 0.0, 13, 8, System.arraycopy(getName()), -4.0
10, 19603, -1.0, 1.0, -5.0, 0.5, 11, 7, System.arraycopy(f.getName()), -3.5
10, 19604, -1.0, 1.0, -5.0, 1.0, 11, 7, System.arraycopy(f.getName()), -3.0
10, 19605, -1.0, 1.0, -5.0, 1.5, 11, 7, System.arraycopy(f.getName()), -2.5
10, 19606, -1.0, 1.0, -5.0, 2.0, 11, 8, System.arraycopy(f.getName()), -2.0
10, 19607, -1.0, 1.0, -5.0, 2.5, 11, 9, System.arraycopy(f.getName()), -1.5
10, 19608, -1.0, 1.0, -5.0, 3.0, 17, 9, f.getName().replace(f.getName()), -1.0
10, 19609, -1.0, 1.0, -5.0, 3.5, 17, 6, f.getName().replace(f.getName()), 0.0
10, 19610, -1.0, 1.0, -5.0, 4.0, 15, 8, f.getName().put(f.getName()), 1.0
10, 19611, -1.0, 1.0, -5.0, 4.5, 15, 7, f.getName().put(f.getName()), 2.0
10, 19612, -1.0, 1.0, -5.0, 5.0, 15, 7, f.getName().put(f.getName()), 3.0
10, 19613, -1.0, 1.0, -4.5, 0.0, 13, 8, System.arraycopy(getName()), -3.5
10, 19614, -1.0, 1.0, -4.5, 0.5, 11, 7, System.arraycopy(f.getName()), -3.0
10, 19615, -1.0, 1.0, -4.5, 1.0, 11, 7, System.arraycopy(f.getName()), -2.5
10, 19616, -1.0, 1.0, -4.5, 1.5, 11, 7, System.arraycopy(f.getName()), -2.0
10, 19617, -1.0, 1.0, -4.5, 2.0, 11, 8, System.arraycopy(f.getName()), -1.5
10, 19618, -1.0, 1.0, -4.5, 2.5, 11, 9, System.arraycopy(f.getName()), -1.0
10, 19619, -1.0, 1.0, -4.5, 3.0, 17, 9, f.getName().replace(f.getName()), -0.5
10, 19620, -1.0, 1.0, -4.5, 3.5, 15, 8, f.getName().put(f.getName()), 0.5
10, 19621, -1.0, 1.0, -4.5, 4.0, 15, 7, f.getName().put(f.getName()), 1.5
10, 19622, -1.0, 1.0, -4.5, 4.5, 15, 7, f.getName().put(f.getName()), 2.5
10, 19623, -1.0, 1.0, -4.5, 5.0, 17, 8, f.getName().matches(f.getName()), 3.5
10, 19624, -1.0, 1.0, -4.0, 0.0, 13, 8, System.arraycopy(getName()), -3.0
10, 19625, -1.0, 1.0, -4.0, 0.5, 11, 7, System.arraycopy(f.getName()), -2.5
10, 19626, -1.0, 1.0, -4.0, 1.0, 11, 7, System.arraycopy(f.getName()), -2.0
10, 19627, -1.0, 1.0, -4.0, 1.5, 11, 7, System.arraycopy(f.getName()), -1.5
10, 19628, -1.0, 1.0, -4.0, 2.0, 11, 8, System.arraycopy(f.getName()), -1.0
10, 19629, -1.0, 1.0, -4.0, 2.5, 11, 9, System.arraycopy(f.getName()), -0.5
10, 19630, -1.0, 1.0, -4.0, 3.0, 17, 6, f.getName().replace(f.getName()), 0.0
10, 19631, -1.0, 1.0, -4.0, 3.5, 15, 8, f.getName().put(f.getName()), 1.0
10, 19632, -1.0, 1.0, -4.0, 4.0, 15, 7, f.getName().put(f.getName()), 2.0
10, 19633, -1.0, 1.0, -4.0, 4.5, 17, 8, f.getName().matches(f.getName()), 3.0
10, 19634, -1.0, 1.0, -4.0, 5.0, 17, 8, f.getName().matches(f.getName()), 4.0
10, 19635, -1.0, 1.0, -3.5, 0.0, 13, 8, System.arraycopy(getName()), -2.5
10, 19636, -1.0, 1.0, -3.5, 0.5, 11, 7, System.arraycopy(f.getName()), -2.0
10, 19637, -1.0, 1.0, -3.5, 1.0, 11, 7, System.arraycopy(f.getName()), -1.5
10, 19638, -1.0, 1.0, -3.5, 1.5, 11, 7, System.arraycopy(f.getName()), -1.0
10, 19639, -1.0, 1.0, -3.5, 2.0, 11, 8, System.arraycopy(f.getName()), -0.5
10, 19640, -1.0, 1.0, -3.5, 2.5, 11, 9, System.arraycopy(f.getName()), 0.0
10, 19641, -1.0, 1.0, -3.5, 3.0, 15, 8, f.getName().put(f.getName()), 0.5
10, 19642, -1.0, 1.0, -3.5, 3.5, 15, 7, f.getName().put(f.getName()), 1.5
10, 19643, -1.0, 1.0, -3.5, 4.0, 17, 8, f.getName().matches(f.getName()), 2.5
10, 19644, -1.0, 1.0, -3.5, 4.5, 17, 8, f.getName().matches(f.getName()), 3.5
10, 19645, -1.0, 1.0, -3.5, 5.0, 15, 6, f.equals(f.getName()), 5.5
10, 19646, -1.0, 1.0, -3.0, 0.0, 13, 8, System.arraycopy(getName()), -2.0
10, 19647, -1.0, 1.0, -3.0, 0.5, 11, 7, System.arraycopy(f.getName()), -1.5
10, 19648, -1.0, 1.0, -3.0, 1.0, 11, 7, System.arraycopy(f.getName()), -1.0
10, 19649, -1.0, 1.0, -3.0, 1.5, 11, 7, System.arraycopy(f.getName()), -0.5
10, 19650, -1.0, 1.0, -3.0, 2.0, 11, 8, System.arraycopy(f.getName()), 0.0
10, 19651, -1.0, 1.0, -3.0, 2.5, 17, 7, f.getName().replace(f.getName()), 0.0
10, 19652, -1.0, 1.0, -3.0, 3.0, 15, 8, f.getName().put(f.getName()), 1.0
10, 19653, -1.0, 1.0, -3.0, 3.5, 17, 8, f.getName().matches(f.getName()), 2.0
10, 19654, -1.0, 1.0, -3.0, 4.0, 17, 8, f.getName().matches(f.getName()), 3.0
10, 19655, -1.0, 1.0, -3.0, 4.5, 15, 6, f.equals(f.getName()), 5.0
10, 19656, -1.0, 1.0, -3.0, 5.0, 15, 4, f.equals(f.getName()), 6.0
10, 19657, -1.0, 1.0, -2.5, 0.0, 13, 8, System.arraycopy(getName()), -1.5
10, 19658, -1.0, 1.0, -2.5, 0.5, 11, 7, System.arraycopy(f.getName()), -1.0
10, 19659, -1.0, 1.0, -2.5, 1.0, 11, 7, System.arraycopy(f.getName()), -0.5
10, 19660, -1.0, 1.0, -2.5, 1.5, 11, 7, System.arraycopy(f.getName()), 0.0
10, 19661, -1.0, 1.0, -2.5, 2.0, 20, 1, f.getName(), 3.0
10, 19662, -1.0, 1.0, -2.5, 2.5, 15, 8, f.getName().put(f.getName()), 0.5
10, 19663, -1.0, 1.0, -2.5, 3.0, 17, 8, f.getName().matches(f.getName()), 1.5
10, 19664, -1.0, 1.0, -2.5, 3.5, 17, 8, f.getName().matches(f.getName()), 2.5
10, 19665, -1.0, 1.0, -2.5, 4.0, 15, 6, f.equals(f.getName()), 4.5
10, 19666, -1.0, 1.0, -2.5, 4.5, 15, 4, f.equals(f.getName()), 5.5
10, 19667, -1.0, 1.0, -2.5, 5.0, 15, 4, f.equals(f.getName()), 6.5
10, 19668, -1.0, 1.0, -2.0, 0.0, 13, 8, System.arraycopy(getName()), -1.0
10, 19669, -1.0, 1.0, -2.0, 0.5, 11, 7, System.arraycopy(f.getName()), -0.5
10, 19670, -1.0, 1.0, -2.0, 1.0, 11, 7, System.arraycopy(f.getName()), 0.0
10, 19671, -1.0, 1.0, -2.0, 1.5, 20, 1, f.getName(), 2.5
10, 19672, -1.0, 1.0, -2.0, 2.0, 17, 7, f.getName().replace(f.getName()), 0.0
10, 19673, -1.0, 1.0, -2.0, 2.5, 17, 8, f.getName().matches(f.getName()), 1.0
10, 19674, -1.0, 1.0, -2.0, 3.0, 17, 8, f.getName().matches(f.getName()), 2.0
10, 19675, -1.0, 1.0, -2.0, 3.5, 15, 6, f.equals(f.getName()), 4.0
10, 19676, -1.0, 1.0, -2.0, 4.0, 15, 4, f.equals(f.getName()), 5.0
10, 19677, -1.0, 1.0, -2.0, 4.5, 15, 4, f.equals(f.getName()), 6.0
10, 19678, -1.0, 1.0, -2.0, 5.0, 27, 5, f.equals(new Task10().ls(f)), 8.0
10, 19679, -1.0, 1.0, -1.5, 0.0, 13, 8, System.arraycopy(getName()), -0.5
10, 19680, -1.0, 1.0, -1.5, 0.5, 11, 7, System.arraycopy(f.getName()), 0.0
10, 19681, -1.0, 1.0, -1.5, 1.0, 16, 9, Long.decode(f.getName()), -0.5
10, 19682, -1.0, 1.0, -1.5, 1.5, 20, 1, f.getName(), 2.5
10, 19683, -1.0, 1.0, -1.5, 2.0, 20, 1, f.getName(), 3.0
10, 19684, -1.0, 1.0, -1.5, 2.5, 17, 8, f.getName().matches(f.getName()), 1.5
10, 19685, -1.0, 1.0, -1.5, 3.0, 15, 5, f.equals(f.getName()), 3.5
10, 19686, -1.0, 1.0, -1.5, 3.5, 15, 4, f.equals(f.getName()), 4.5
10, 19687, -1.0, 1.0, -1.5, 4.0, 22, 9, new Task10().ls(f).get(), 5.5
10, 19688, -1.0, 1.0, -1.5, 4.5, 34, 6, new Task10().ls(f).put(new Task10().ls(f)), 10.5
10, 19689, -1.0, 1.0, -1.5, 5.0, 34, 6, new Task10().ls(f).put(new Task10().ls(f)), 13.5
10, 19690, -1.0, 1.0, -1.0, 0.0, 13, 5, System.arraycopy(getName()), 0.0
10, 19691, -1.0, 1.0, -1.0, 0.5, 20, 1, f.getName(), 1.5
10, 19692, -1.0, 1.0, -1.0, 1.0, 9, 8, System.getenv(f.getName()), 1.0
10, 19693, -1.0, 1.0, -1.0, 1.5, 16, 9, Long.decode(f.getName()), 0.5
10, 19694, -1.0, 1.0, -1.0, 2.0, 17, 9, f.getName().matches(f.getName()), 1.0
10, 19695, -1.0, 1.0, -1.0, 2.5, 15, 5, f.equals(f.getName()), 3.0
10, 19696, -1.0, 1.0, -1.0, 3.0, 15, 3, f.equals(f.getName()), 4.0
10, 19697, -1.0, 1.0, -1.0, 3.5, 31, 9, f.getName().equals(new Task10().ls(f)), 7.0
10, 19698, -1.0, 1.0, -1.0, 4.0, 34, 6, new Task10().ls(f).put(new Task10().ls(f)), 11.0
10, 19699, -1.0, 1.0, -1.0, 4.5, 34, 6, new Task10().ls(f).put(new Task10().ls(f)), 14.0
10, 19700, -1.0, 1.0, -1.0, 5.0, 34, 6, new Task10().ls(f).put(new Task10().ls(f)), 17.0
10, 19701, -1.0, 1.0, -0.5, 0.0, 20, 1, f.getName(), 1.0
10, 19702, -1.0, 1.0, -0.5, 0.5, 10, 5, System.setProperty(f.getName()), 0.5
10, 19703, -1.0, 1.0, -0.5, 1.0, 10, 3, System.setProperty(f.getName()), 1.0
10, 19704, -1.0, 1.0, -0.5, 1.5, 11, 7, System.loadLibrary(f.getName()), 0.5
10, 19705, -1.0, 1.0, -0.5, 2.0, 15, 5, f.equals(f.getName()), 2.5
10, 19706, -1.0, 1.0, -0.5, 2.5, 31, 9, f.getName().equals(new Task10().ls(f)), 5.0
10, 19707, -1.0, 1.0, -0.5, 3.0, 34, 4, new Task10().ls(f).put(new Task10().ls(f)), 8.5
10, 19708, -1.0, 1.0, -0.5, 3.5, 34, 6, new Task10().ls(f).put(new Task10().ls(f)), 11.5
10, 19709, -1.0, 1.0, -0.5, 4.0, 34, 6, new Task10().ls(f).put(new Task10().ls(f)), 14.5
10, 19710, -1.0, 1.0, -0.5, 4.5, 34, 7, new Task10().ls(f).put(new Task10().ls(f)), 17.5
10, 19711, -1.0, 1.0, -0.5, 5.0, 34, 7, new Task10().ls(f).put(new Task10().ls(f)), 20.5
10, 19712, -1.0, 1.0, 0.0, 0.0, 14, 5, System.mapLibraryName(getName()), 0.0
10, 19713, -1.0, 1.0, 0.0, 0.5, 11, 2, System.loadLibrary(f.getName()), 0.5
10, 19714, -1.0, 1.0, 0.0, 1.0, 11, 2, System.loadLibrary(f.getName()), 1.0
10, 19715, -1.0, 1.0, 0.0, 1.5, 22, 7, new Task10().ls(f).equals(f.getName()), 3.0
10, 19716, -1.0, 1.0, 0.0, 2.0, 33, 7, f.getName().compareTo(new Task10().ls(f)), 5.0
10, 19717, -1.0, 1.0, 0.0, 2.5, 34, 2, new Task10().ls(f).put(new Task10().ls(f)), 9.0
10, 19718, -1.0, 1.0, 0.0, 3.0, 34, 5, new Task10().ls(f).put(new Task10().ls(f)), 12.0
10, 19719, -1.0, 1.0, 0.0, 3.5, 34, 8, new Task10().ls(f).put(new Task10().ls(f)), 15.0
10, 19720, -1.0, 1.0, 0.0, 4.0, 34, 8, new Task10().ls(f).put(new Task10().ls(f)), 18.0
10, 19721, -1.0, 1.0, 0.0, 4.5, 34, 9, new Task10().ls(f).put(new Task10().ls(f)), 21.0
10, 19722, -1.0, 1.0, 0.0, 5.0, 34, 9, new Task10().ls(f).put(new Task10().ls(f)), 24.0
10, 19723, -0.5, 1.0, -5.0, 0.0, 0, 0, System.out.println(f.getName()), 3.0
10, 19724, -0.5, 1.0, -5.0, 0.5, 0, 0, System.out.println(f.getName()), 3.5
10, 19725, -0.5, 1.0, -5.0, 1.0, 0, 0, System.out.println(f.getName()), 4.0
10, 19726, -0.5, 1.0, -5.0, 1.5, 0, 0, System.out.println(f.getName()), 4.5
10, 19727, -0.5, 1.0, -5.0, 2.0, 0, 0, System.out.println(f.getName()), 5.0
10, 19728, -0.5, 1.0, -5.0, 2.5, 0, 0, System.out.println(f.getName()), 5.5
10, 19729, -0.5, 1.0, -5.0, 3.0, 0, 0, System.out.println(f.getName()), 6.0
10, 19730, -0.5, 1.0, -5.0, 3.5, 0, 0, System.out.println(f.getName()), 6.5
10, 19731, -0.5, 1.0, -5.0, 4.0, 0, 0, System.out.println(f.getName()), 7.0
10, 19732, -0.5, 1.0, -5.0, 4.5, 0, 1, System.out.println(f.getName()), 7.5
10, 19733, -0.5, 1.0, -5.0, 5.0, 0, 1, System.out.println(f.getName()), 8.0
10, 19734, -0.5, 1.0, -4.5, 0.0, 0, 0, System.out.println(f.getName()), 3.0
10, 19735, -0.5, 1.0, -4.5, 0.5, 0, 0, System.out.println(f.getName()), 3.5
10, 19736, -0.5, 1.0, -4.5, 1.0, 0, 0, System.out.println(f.getName()), 4.0
10, 19737, -0.5, 1.0, -4.5, 1.5, 0, 0, System.out.println(f.getName()), 4.5
10, 19738, -0.5, 1.0, -4.5, 2.0, 0, 0, System.out.println(f.getName()), 5.0
10, 19739, -0.5, 1.0, -4.5, 2.5, 0, 0, System.out.println(f.getName()), 5.5
10, 19740, -0.5, 1.0, -4.5, 3.0, 0, 0, System.out.println(f.getName()), 6.0
10, 19741, -0.5, 1.0, -4.5, 3.5, 0, 0, System.out.println(f.getName()), 6.5
10, 19742, -0.5, 1.0, -4.5, 4.0, 0, 1, System.out.println(f.getName()), 7.0
10, 19743, -0.5, 1.0, -4.5, 4.5, 0, 1, System.out.println(f.getName()), 7.5
10, 19744, -0.5, 1.0, -4.5, 5.0, 0, 1, System.out.println(f.getName()), 8.0
10, 19745, -0.5, 1.0, -4.0, 0.0, 0, 0, System.out.println(f.getName()), 3.0
10, 19746, -0.5, 1.0, -4.0, 0.5, 0, 0, System.out.println(f.getName()), 3.5
10, 19747, -0.5, 1.0, -4.0, 1.0, 0, 0, System.out.println(f.getName()), 4.0
10, 19748, -0.5, 1.0, -4.0, 1.5, 0, 0, System.out.println(f.getName()), 4.5
10, 19749, -0.5, 1.0, -4.0, 2.0, 0, 0, System.out.println(f.getName()), 5.0
10, 19750, -0.5, 1.0, -4.0, 2.5, 0, 0, System.out.println(f.getName()), 5.5
10, 19751, -0.5, 1.0, -4.0, 3.0, 0, 0, System.out.println(f.getName()), 6.0
10, 19752, -0.5, 1.0, -4.0, 3.5, 0, 0, System.out.println(f.getName()), 6.5
10, 19753, -0.5, 1.0, -4.0, 4.0, 0, 1, System.out.println(f.getName()), 7.0
10, 19754, -0.5, 1.0, -4.0, 4.5, 0, 1, System.out.println(f.getName()), 7.5
10, 19755, -0.5, 1.0, -4.0, 5.0, 0, 1, System.out.println(f.getName()), 8.0
10, 19756, -0.5, 1.0, -3.5, 0.0, 0, 0, System.out.println(f.getName()), 3.0
10, 19757, -0.5, 1.0, -3.5, 0.5, 0, 0, System.out.println(f.getName()), 3.5
10, 19758, -0.5, 1.0, -3.5, 1.0, 0, 0, System.out.println(f.getName()), 4.0
10, 19759, -0.5, 1.0, -3.5, 1.5, 0, 0, System.out.println(f.getName()), 4.5
10, 19760, -0.5, 1.0, -3.5, 2.0, 0, 0, System.out.println(f.getName()), 5.0
10, 19761, -0.5, 1.0, -3.5, 2.5, 0, 0, System.out.println(f.getName()), 5.5
10, 19762, -0.5, 1.0, -3.5, 3.0, 0, 0, System.out.println(f.getName()), 6.0
10, 19763, -0.5, 1.0, -3.5, 3.5, 0, 1, System.out.println(f.getName()), 6.5
10, 19764, -0.5, 1.0, -3.5, 4.0, 0, 1, System.out.println(f.getName()), 7.0
10, 19765, -0.5, 1.0, -3.5, 4.5, 0, 1, System.out.println(f.getName()), 7.5
10, 19766, -0.5, 1.0, -3.5, 5.0, 0, 4, System.out.println(f.getName()), 8.0
10, 19767, -0.5, 1.0, -3.0, 0.0, 0, 0, System.out.println(f.getName()), 3.0
10, 19768, -0.5, 1.0, -3.0, 0.5, 0, 0, System.out.println(f.getName()), 3.5
10, 19769, -0.5, 1.0, -3.0, 1.0, 0, 0, System.out.println(f.getName()), 4.0
10, 19770, -0.5, 1.0, -3.0, 1.5, 0, 0, System.out.println(f.getName()), 4.5
10, 19771, -0.5, 1.0, -3.0, 2.0, 0, 0, System.out.println(f.getName()), 5.0
10, 19772, -0.5, 1.0, -3.0, 2.5, 0, 0, System.out.println(f.getName()), 5.5
10, 19773, -0.5, 1.0, -3.0, 3.0, 0, 0, System.out.println(f.getName()), 6.0
10, 19774, -0.5, 1.0, -3.0, 3.5, 0, 1, System.out.println(f.getName()), 6.5
10, 19775, -0.5, 1.0, -3.0, 4.0, 0, 1, System.out.println(f.getName()), 7.0
10, 19776, -0.5, 1.0, -3.0, 4.5, 0, 4, System.out.println(f.getName()), 7.5
10, 19777, -0.5, 1.0, -3.0, 5.0, 0, 8, System.out.println(f.getName()), 8.0
10, 19778, -0.5, 1.0, -2.5, 0.0, 0, 0, System.out.println(f.getName()), 3.0
10, 19779, -0.5, 1.0, -2.5, 0.5, 0, 0, System.out.println(f.getName()), 3.5
10, 19780, -0.5, 1.0, -2.5, 1.0, 0, 0, System.out.println(f.getName()), 4.0
10, 19781, -0.5, 1.0, -2.5, 1.5, 0, 0, System.out.println(f.getName()), 4.5
10, 19782, -0.5, 1.0, -2.5, 2.0, 0, 0, System.out.println(f.getName()), 5.0
10, 19783, -0.5, 1.0, -2.5, 2.5, 0, 0, System.out.println(f.getName()), 5.5
10, 19784, -0.5, 1.0, -2.5, 3.0, 0, 1, System.out.println(f.getName()), 6.0
10, 19785, -0.5, 1.0, -2.5, 3.5, 0, 1, System.out.println(f.getName()), 6.5
10, 19786, -0.5, 1.0, -2.5, 4.0, 0, 4, System.out.println(f.getName()), 7.0
10, 19787, -0.5, 1.0, -2.5, 4.5, 0, 8, System.out.println(f.getName()), 7.5
10, 19788, -0.5, 1.0, -2.5, 5.0, 15, 6, f.equals(f.getName()), 8.5
10, 19789, -0.5, 1.0, -2.0, 0.0, 0, 0, System.out.println(f.getName()), 3.0
10, 19790, -0.5, 1.0, -2.0, 0.5, 0, 0, System.out.println(f.getName()), 3.5
10, 19791, -0.5, 1.0, -2.0, 1.0, 0, 0, System.out.println(f.getName()), 4.0
10, 19792, -0.5, 1.0, -2.0, 1.5, 0, 0, System.out.println(f.getName()), 4.5
10, 19793, -0.5, 1.0, -2.0, 2.0, 0, 0, System.out.println(f.getName()), 5.0
10, 19794, -0.5, 1.0, -2.0, 2.5, 0, 0, System.out.println(f.getName()), 5.5
10, 19795, -0.5, 1.0, -2.0, 3.0, 0, 1, System.out.println(f.getName()), 6.0
10, 19796, -0.5, 1.0, -2.0, 3.5, 0, 4, System.out.println(f.getName()), 6.5
10, 19797, -0.5, 1.0, -2.0, 4.0, 0, 8, System.out.println(f.getName()), 7.0
10, 19798, -0.5, 1.0, -2.0, 4.5, 28, 8, f.getName().replace(f.getName(), f.getName()), 11.0
10, 19799, -0.5, 1.0, -2.0, 5.0, 34, 8, new Task10().ls(f).put(new Task10().ls(f)), 13.5
10, 19800, -0.5, 1.0, -1.5, 0.0, 0, 0, System.out.println(f.getName()), 3.0
10, 19801, -0.5, 1.0, -1.5, 0.5, 0, 0, System.out.println(f.getName()), 3.5
10, 19802, -0.5, 1.0, -1.5, 1.0, 0, 0, System.out.println(f.getName()), 4.0
10, 19803, -0.5, 1.0, -1.5, 1.5, 0, 0, System.out.println(f.getName()), 4.5
10, 19804, -0.5, 1.0, -1.5, 2.0, 0, 0, System.out.println(f.getName()), 5.0
10, 19805, -0.5, 1.0, -1.5, 2.5, 0, 1, System.out.println(f.getName()), 5.5
10, 19806, -0.5, 1.0, -1.5, 3.0, 0, 2, System.out.println(f.getName()), 6.0
10, 19807, -0.5, 1.0, -1.5, 3.5, 28, 8, f.getName().replace(f.getName(), f.getName()), 8.5
10, 19808, -0.5, 1.0, -1.5, 4.0, 34, 8, new Task10().ls(f).put(new Task10().ls(f)), 11.0
10, 19809, -0.5, 1.0, -1.5, 4.5, 34, 7, new Task10().ls(f).put(new Task10().ls(f)), 14.0
10, 19810, -0.5, 1.0, -1.5, 5.0, 34, 7, new Task10().ls(f).put(new Task10().ls(f)), 17.0
10, 19811, -0.5, 1.0, -1.0, 0.0, 0, 0, System.out.println(f.getName()), 3.0
10, 19812, -0.5, 1.0, -1.0, 0.5, 0, 0, System.out.println(f.getName()), 3.5
10, 19813, -0.5, 1.0, -1.0, 1.0, 0, 0, System.out.println(f.getName()), 4.0
10, 19814, -0.5, 1.0, -1.0, 1.5, 0, 0, System.out.println(f.getName()), 4.5
10, 19815, -0.5, 1.0, -1.0, 2.0, 0, 0, System.out.println(f.getName()), 5.0
10, 19816, -0.5, 1.0, -1.0, 2.5, 28, 8, f.getName().replace(f.getName(), f.getName()), 6.0
10, 19817, -0.5, 1.0, -1.0, 3.0, 34, 8, new Task10().ls(f).put(new Task10().ls(f)), 8.5
10, 19818, -0.5, 1.0, -1.0, 3.5, 34, 7, new Task10().ls(f).put(new Task10().ls(f)), 11.5
10, 19819, -0.5, 1.0, -1.0, 4.0, 34, 8, new Task10().ls(f).put(new Task10().ls(f)), 14.5
10, 19820, -0.5, 1.0, -1.0, 4.5, 34, 9, new Task10().ls(f).put(new Task10().ls(f)), 17.5
10, 19821, -0.5, 1.0, -1.0, 5.0, 47, 8, f.getName().checkConnect(f.compareTo(f), new Task10().ls(f)), 21.5
10, 19822, -0.5, 1.0, -0.5, 0.0, 0, 0, System.out.println(f.getName()), 3.0
10, 19823, -0.5, 1.0, -0.5, 0.5, 0, 0, System.out.println(f.getName()), 3.5
10, 19824, -0.5, 1.0, -0.5, 1.0, 0, 0, System.out.println(f.getName()), 4.0
10, 19825, -0.5, 1.0, -0.5, 1.5, 0, 2, System.out.println(f.getName()), 4.5
10, 19826, -0.5, 1.0, -0.5, 2.0, 28, 8, f.getName().put(new Task10().ls(f)), 6.0
10, 19827, -0.5, 1.0, -0.5, 2.5, 34, 7, new Task10().ls(f).put(new Task10().ls(f)), 9.0
10, 19828, -0.5, 1.0, -0.5, 3.0, 34, 9, new Task10().ls(f).put(new Task10().ls(f)), 12.0
10, 19829, -0.5, 1.0, -0.5, 3.5, 34, 9, new Task10().ls(f).put(new Task10().ls(f)), 15.0
10, 19830, -0.5, 1.0, -0.5, 4.0, 47, 9, f.getName().checkConnect(f.compareTo(f), new Task10().ls(f)), 19.0
10, 19831, -0.5, 1.0, -0.5, 4.5, 47, 9, f.getName().checkConnect(f.compareTo(f), new Task10().ls(f)), 22.0
10, 19832, -0.5, 1.0, -0.5, 5.0, 53, 5, f.getName().getBytes(f.compareTo(f), f.compareTo(f), f.compareTo(f)), 28.5
10, 19833, -0.5, 1.0, 0.0, 0.0, 11, 3, System.loadLibrary(f.getName()), 1.5
10, 19834, -0.5, 1.0, 0.0, 0.5, 11, 2, System.loadLibrary(f.getName()), 2.0
10, 19835, -0.5, 1.0, 0.0, 1.0, 29, 6, new Task10().ls(f).equals(System.out.println(getName())), 4.5
10, 19836, -0.5, 1.0, 0.0, 1.5, 44, 9, new Task10().ls(f).wait(f.getTotalSpace(), f.compareTo(f)), 6.5
10, 19837, -0.5, 1.0, 0.0, 2.0, 47, 8, f.getName().checkConnect(f.compareTo(f), new Task10().ls(f)), 10.5
10, 19838, -0.5, 1.0, 0.0, 2.5, 47, 9, f.getName().checkConnect(f.compareTo(f), new Task10().ls(f)), 13.5
10, 19839, -0.5, 1.0, 0.0, 3.0, 53, 6, f.getName().getBytes(f.compareTo(f), f.compareTo(f), f.compareTo(f)), 18.0
10, 19840, -0.5, 1.0, 0.0, 3.5, 53, 6, f.getName().getBytes(f.compareTo(f), f.compareTo(f), f.compareTo(f)), 21.5
10, 19841, -0.5, 1.0, 0.0, 4.0, 53, 6, f.getName().getBytes(f.compareTo(f), f.compareTo(f), f.compareTo(f)), 25.0
10, 19842, -0.5, 1.0, 0.0, 4.5, 53, 6, f.getName().getBytes(f.compareTo(f), f.compareTo(f), f.compareTo(f)), 28.5
10, 19843, -0.5, 1.0, 0.0, 5.0, 53, 6, f.getName().getBytes(f.compareTo(f), f.compareTo(f), f.compareTo(f)), 32.0
10, 19844, 0.0, 1.0, -5.0, 0.0, 0, 0, System.out.println(f.getName()), 5.0
10, 19845, 0.0, 1.0, -5.0, 0.5, 0, 0, System.out.println(f.getName()), 5.5
10, 19846, 0.0, 1.0, -5.0, 1.0, 0, 0, System.out.println(f.getName()), 6.0
10, 19847, 0.0, 1.0, -5.0, 1.5, 0, 0, System.out.println(f.getName()), 6.5
10, 19848, 0.0, 1.0, -5.0, 2.0, 0, 0, System.out.println(f.getName()), 7.0
10, 19849, 0.0, 1.0, -5.0, 2.5, 0, 0, System.out.println(f.getName()), 7.5
10, 19850, 0.0, 1.0, -5.0, 3.0, 0, 0, System.out.println(f.getName()), 8.0
10, 19851, 0.0, 1.0, -5.0, 3.5, 0, 1, System.out.println(f.getName()), 8.5
10, 19852, 0.0, 1.0, -5.0, 4.0, 0, 1, System.out.println(f.getName()), 9.0
10, 19853, 0.0, 1.0, -5.0, 4.5, 0, 1, System.out.println(f.getName()), 9.5
10, 19854, 0.0, 1.0, -5.0, 5.0, 0, 1, System.out.println(f.getName()), 10.0
10, 19855, 0.0, 1.0, -4.5, 0.0, 0, 0, System.out.println(f.getName()), 5.0
10, 19856, 0.0, 1.0, -4.5, 0.5, 0, 0, System.out.println(f.getName()), 5.5
10, 19857, 0.0, 1.0, -4.5, 1.0, 0, 0, System.out.println(f.getName()), 6.0
10, 19858, 0.0, 1.0, -4.5, 1.5, 0, 0, System.out.println(f.getName()), 6.5
10, 19859, 0.0, 1.0, -4.5, 2.0, 0, 0, System.out.println(f.getName()), 7.0
10, 19860, 0.0, 1.0, -4.5, 2.5, 0, 0, System.out.println(f.getName()), 7.5
10, 19861, 0.0, 1.0, -4.5, 3.0, 0, 0, System.out.println(f.getName()), 8.0
10, 19862, 0.0, 1.0, -4.5, 3.5, 0, 1, System.out.println(f.getName()), 8.5
10, 19863, 0.0, 1.0, -4.5, 4.0, 0, 1, System.out.println(f.getName()), 9.0
10, 19864, 0.0, 1.0, -4.5, 4.5, 0, 1, System.out.println(f.getName()), 9.5
10, 19865, 0.0, 1.0, -4.5, 5.0, 0, 1, System.out.println(f.getName()), 10.0
10, 19866, 0.0, 1.0, -4.0, 0.0, 0, 0, System.out.println(f.getName()), 5.0
10, 19867, 0.0, 1.0, -4.0, 0.5, 0, 0, System.out.println(f.getName()), 5.5
10, 19868, 0.0, 1.0, -4.0, 1.0, 0, 0, System.out.println(f.getName()), 6.0
10, 19869, 0.0, 1.0, -4.0, 1.5, 0, 0, System.out.println(f.getName()), 6.5
10, 19870, 0.0, 1.0, -4.0, 2.0, 0, 0, System.out.println(f.getName()), 7.0
10, 19871, 0.0, 1.0, -4.0, 2.5, 0, 0, System.out.println(f.getName()), 7.5
10, 19872, 0.0, 1.0, -4.0, 3.0, 0, 1, System.out.println(f.getName()), 8.0
10, 19873, 0.0, 1.0, -4.0, 3.5, 0, 1, System.out.println(f.getName()), 8.5
10, 19874, 0.0, 1.0, -4.0, 4.0, 0, 1, System.out.println(f.getName()), 9.0
10, 19875, 0.0, 1.0, -4.0, 4.5, 0, 1, System.out.println(f.getName()), 9.5
10, 19876, 0.0, 1.0, -4.0, 5.0, 0, 3, System.out.println(f.getName()), 10.0
10, 19877, 0.0, 1.0, -3.5, 0.0, 0, 0, System.out.println(f.getName()), 5.0
10, 19878, 0.0, 1.0, -3.5, 0.5, 0, 0, System.out.println(f.getName()), 5.5
10, 19879, 0.0, 1.0, -3.5, 1.0, 0, 0, System.out.println(f.getName()), 6.0
10, 19880, 0.0, 1.0, -3.5, 1.5, 0, 0, System.out.println(f.getName()), 6.5
10, 19881, 0.0, 1.0, -3.5, 2.0, 0, 0, System.out.println(f.getName()), 7.0
10, 19882, 0.0, 1.0, -3.5, 2.5, 0, 0, System.out.println(f.getName()), 7.5
10, 19883, 0.0, 1.0, -3.5, 3.0, 0, 1, System.out.println(f.getName()), 8.0
10, 19884, 0.0, 1.0, -3.5, 3.5, 0, 1, System.out.println(f.getName()), 8.5
10, 19885, 0.0, 1.0, -3.5, 4.0, 0, 1, System.out.println(f.getName()), 9.0
10, 19886, 0.0, 1.0, -3.5, 4.5, 0, 5, System.out.println(f.getName()), 9.5
10, 19887, 0.0, 1.0, -3.5, 5.0, 0, 6, System.out.println(f.getName()), 10.0
10, 19888, 0.0, 1.0, -3.0, 0.0, 0, 0, System.out.println(f.getName()), 5.0
10, 19889, 0.0, 1.0, -3.0, 0.5, 0, 0, System.out.println(f.getName()), 5.5
10, 19890, 0.0, 1.0, -3.0, 1.0, 0, 0, System.out.println(f.getName()), 6.0
10, 19891, 0.0, 1.0, -3.0, 1.5, 0, 0, System.out.println(f.getName()), 6.5
10, 19892, 0.0, 1.0, -3.0, 2.0, 0, 0, System.out.println(f.getName()), 7.0
10, 19893, 0.0, 1.0, -3.0, 2.5, 0, 1, System.out.println(f.getName()), 7.5
10, 19894, 0.0, 1.0, -3.0, 3.0, 0, 1, System.out.println(f.getName()), 8.0
10, 19895, 0.0, 1.0, -3.0, 3.5, 0, 1, System.out.println(f.getName()), 8.5
10, 19896, 0.0, 1.0, -3.0, 4.0, 0, 5, System.out.println(f.getName()), 9.0
10, 19897, 0.0, 1.0, -3.0, 4.5, 0, 6, System.out.println(f.getName()), 9.5
10, 19898, 0.0, 1.0, -3.0, 5.0, 15, 6, f.equals(f.getName()), 10.0
10, 19899, 0.0, 1.0, -2.5, 0.0, 0, 0, System.out.println(f.getName()), 5.0
10, 19900, 0.0, 1.0, -2.5, 0.5, 0, 0, System.out.println(f.getName()), 5.5
10, 19901, 0.0, 1.0, -2.5, 1.0, 0, 0, System.out.println(f.getName()), 6.0
10, 19902, 0.0, 1.0, -2.5, 1.5, 0, 0, System.out.println(f.getName()), 6.5
10, 19903, 0.0, 1.0, -2.5, 2.0, 0, 0, System.out.println(f.getName()), 7.0
10, 19904, 0.0, 1.0, -2.5, 2.5, 0, 1, System.out.println(f.getName()), 7.5
10, 19905, 0.0, 1.0, -2.5, 3.0, 0, 1, System.out.println(f.getName()), 8.0
10, 19906, 0.0, 1.0, -2.5, 3.5, 0, 5, System.out.println(f.getName()), 8.5
10, 19907, 0.0, 1.0, -2.5, 4.0, 0, 4, System.out.println(f.getName()), 9.0
10, 19908, 0.0, 1.0, -2.5, 4.5, 28, 6, f.getName().replace(f.getName(), f.getName()), 14.0
10, 19909, 0.0, 1.0, -2.5, 5.0, 28, 7, f.getName().replace(f.getName(), f.getName()), 15.5
10, 19910, 0.0, 1.0, -2.0, 0.0, 0, 0, System.out.println(f.getName()), 5.0
10, 19911, 0.0, 1.0, -2.0, 0.5, 0, 0, System.out.println(f.getName()), 5.5
10, 19912, 0.0, 1.0, -2.0, 1.0, 0, 0, System.out.println(f.getName()), 6.0
10, 19913, 0.0, 1.0, -2.0, 1.5, 0, 0, System.out.println(f.getName()), 6.5
10, 19914, 0.0, 1.0, -2.0, 2.0, 0, 1, System.out.println(f.getName()), 7.0
10, 19915, 0.0, 1.0, -2.0, 2.5, 0, 1, System.out.println(f.getName()), 7.5
10, 19916, 0.0, 1.0, -2.0, 3.0, 0, 5, System.out.println(f.getName()), 8.0
10, 19917, 0.0, 1.0, -2.0, 3.5, 28, 6, f.getName().replace(f.getName(), f.getName()), 11.5
10, 19918, 0.0, 1.0, -2.0, 4.0, 28, 7, f.getName().replace(f.getName(), f.getName()), 13.0
10, 19919, 0.0, 1.0, -2.0, 4.5, 34, 9, f.compareTo(f).replace(f.compareTo(f), f.getName()), 15.5
10, 19920, 0.0, 1.0, -2.0, 5.0, 37, 9, f.getName().append(f.compareTo(f), f.compareTo(f)), 18.0
10, 19921, 0.0, 1.0, -1.5, 0.0, 0, 0, System.out.println(f.getName()), 5.0
10, 19922, 0.0, 1.0, -1.5, 0.5, 0, 0, System.out.println(f.getName()), 5.5
10, 19923, 0.0, 1.0, -1.5, 1.0, 0, 0, System.out.println(f.getName()), 6.0
10, 19924, 0.0, 1.0, -1.5, 1.5, 0, 0, System.out.println(f.getName()), 6.5
10, 19925, 0.0, 1.0, -1.5, 2.0, 0, 1, System.out.println(f.getName()), 7.0
10, 19926, 0.0, 1.0, -1.5, 2.5, 28, 6, f.getName().replace(f.getName(), f.getName()), 9.0
10, 19927, 0.0, 1.0, -1.5, 3.0, 28, 7, f.getName().replace(f.getName(), f.getName()), 10.5
10, 19928, 0.0, 1.0, -1.5, 3.5, 34, 9, f.compareTo(f).replace(f.compareTo(f), f.getName()), 13.0
10, 19929, 0.0, 1.0, -1.5, 4.0, 37, 9, f.getName().append(f.compareTo(f), f.compareTo(f)), 15.5
10, 19930, 0.0, 1.0, -1.5, 4.5, 38, 9, f.getName().substring(f.compareTo(f), f.compareTo(f)), 18.0
10, 19931, 0.0, 1.0, -1.5, 5.0, 48, 8, ls().append().replace(f.compareTo(f), f.compareTo(f), f.getName()), 22.5
10, 19932, 0.0, 1.0, -1.0, 0.0, 0, 0, System.out.println(f.getName()), 5.0
10, 19933, 0.0, 1.0, -1.0, 0.5, 0, 0, System.out.println(f.getName()), 5.5
10, 19934, 0.0, 1.0, -1.0, 1.0, 0, 0, System.out.println(f.getName()), 6.0
10, 19935, 0.0, 1.0, -1.0, 1.5, 0, 6, System.out.println(f.getName()), 6.5
10, 19936, 0.0, 1.0, -1.0, 2.0, 28, 7, f.getName().replace(f.getName(), f.getName()), 8.0
10, 19937, 0.0, 1.0, -1.0, 2.5, 34, 9, f.compareTo(f).replace(f.compareTo(f), f.getName()), 10.5
10, 19938, 0.0, 1.0, -1.0, 3.0, 38, 8, f.getName().substring(f.compareTo(f), f.compareTo(f)), 13.0
10, 19939, 0.0, 1.0, -1.0, 3.5, 48, 8, ls().append().replace(f.compareTo(f), f.compareTo(f), f.getName()), 17.0
10, 19940, 0.0, 1.0, -1.0, 4.0, 48, 8, ls().append().replace(f.compareTo(f), f.compareTo(f), f.getName()), 20.0
10, 19941, 0.0, 1.0, -1.0, 4.5, 48, 9, ls().append().replace(f.compareTo(f), f.compareTo(f), f.getName()), 23.0
10, 19942, 0.0, 1.0, -1.0, 5.0, 48, 9, ls().append().replace(f.compareTo(f), f.compareTo(f), f.getName()), 26.0
10, 19943, 0.0, 1.0, -0.5, 0.0, 8, 7, System.out.println(getName()).get(), 4.0
10, 19944, 0.0, 1.0, -0.5, 0.5, 15, 2, System.out.println(getName()).put(f.getName()), 5.0
10, 19945, 0.0, 1.0, -0.5, 1.0, 26, 7, System.out.println(getName()).put(new Task10().ls(f)), 6.0
10, 19946, 0.0, 1.0, -0.5, 1.5, 38, 8, f.getName().substring(f.compareTo(f), f.compareTo(f)), 8.0
10, 19947, 0.0, 1.0, -0.5, 2.0, 47, 6, f.getName().checkConnect(f.compareTo(f), new Task10().ls(f)), 11.5
10, 19948, 0.0, 1.0, -0.5, 2.5, 53, 4, f.getName().getBytes(f.compareTo(f), f.compareTo(f), f.compareTo(f)), 17.0
10, 19949, 0.0, 1.0, -0.5, 3.0, 53, 5, f.getName().getBytes(f.compareTo(f), f.compareTo(f), f.compareTo(f)), 20.5
10, 19950, 0.0, 1.0, -0.5, 3.5, 53, 5, f.getName().getBytes(f.compareTo(f), f.compareTo(f), f.compareTo(f)), 24.0
10, 19951, 0.0, 1.0, -0.5, 4.0, 53, 5, f.getName().getBytes(f.compareTo(f), f.compareTo(f), f.compareTo(f)), 27.5
10, 19952, 0.0, 1.0, -0.5, 4.5, 53, 5, f.getName().getBytes(f.compareTo(f), f.compareTo(f), f.compareTo(f)), 31.0
10, 19953, 0.0, 1.0, -0.5, 5.0, 53, 5, f.getName().getBytes(f.compareTo(f), f.compareTo(f), f.compareTo(f)), 34.5
10, 19954, 0.0, 1.0, 0.0, 0.0, 85, 2, File.createTempFile(getAbsoluteFile(), getName(), System.getProperty(), f).equals(System.out.println(getName())), 6.0
10, 19955, 0.0, 1.0, 0.0, 0.5, 69, 3, File.createTempFile(f, getName(), System.getProperty(), f).equals(System.out.println(getName())), 7.0
10, 19956, 0.0, 1.0, 0.0, 1.0, 68, 7, File.createTempFile(f, getName(), System.getProperty(), f).equals(new Task10().ls(f)), 9.0
10, 19957, 0.0, 1.0, 0.0, 1.5, 53, 5, f.getName().getBytes(f.compareTo(f), f.compareTo(f), f.compareTo(f)), 13.5
10, 19958, 0.0, 1.0, 0.0, 2.0, 53, 5, f.getName().getBytes(f.compareTo(f), f.compareTo(f), f.compareTo(f)), 17.0
10, 19959, 0.0, 1.0, 0.0, 2.5, 53, 6, f.getName().getBytes(f.compareTo(f), f.compareTo(f), f.compareTo(f)), 20.5
10, 19960, 0.0, 1.0, 0.0, 3.0, 53, 6, f.getName().getBytes(f.compareTo(f), f.compareTo(f), f.compareTo(f)), 24.0
10, 19961, 0.0, 1.0, 0.0, 3.5, 53, 6, f.getName().getBytes(f.compareTo(f), f.compareTo(f), f.compareTo(f)), 27.5
10, 19962, 0.0, 1.0, 0.0, 4.0, 53, 6, f.getName().getBytes(f.compareTo(f), f.compareTo(f), f.compareTo(f)), 31.0
10, 19963, 0.0, 1.0, 0.0, 4.5, 53, 6, f.getName().getBytes(f.compareTo(f), f.compareTo(f), f.compareTo(f)), 34.5
10, 19964, 0.0, 1.0, 0.0, 5.0, 53, 6, f.getName().getBytes(f.compareTo(f), f.compareTo(f), f.compareTo(f)), 38.0
