4, 10648, -5.0, 1.0, -5.0, 0.0, 11, 0, contains(), -4.0
4, 10649, -5.0, 1.0, -5.0, 0.5, 11, 0, contains(), -4.0
4, 10650, -5.0, 1.0, -5.0, 1.0, 11, 0, contains(), -4.0
4, 10651, -5.0, 1.0, -5.0, 1.5, 11, 0, contains(), -4.0
4, 10652, -5.0, 1.0, -5.0, 2.0, 11, 0, contains(), -4.0
4, 10653, -5.0, 1.0, -5.0, 2.5, 11, 0, contains(), -4.0
4, 10654, -5.0, 1.0, -5.0, 3.0, 11, 0, contains(), -4.0
4, 10655, -5.0, 1.0, -5.0, 3.5, 11, 0, contains(), -4.0
4, 10656, -5.0, 1.0, -5.0, 4.0, 11, 0, contains(), -4.0
4, 10657, -5.0, 1.0, -5.0, 4.5, 9, 0, food.contains(), -3.5
4, 10658, -5.0, 1.0, -5.0, 5.0, 9, 0, food.contains(), -3.0
4, 10659, -5.0, 1.0, -4.5, 0.0, 11, 0, contains(), -4.0
4, 10660, -5.0, 1.0, -4.5, 0.5, 11, 0, contains(), -4.0
4, 10661, -5.0, 1.0, -4.5, 1.0, 11, 0, contains(), -4.0
4, 10662, -5.0, 1.0, -4.5, 1.5, 11, 0, contains(), -4.0
4, 10663, -5.0, 1.0, -4.5, 2.0, 11, 0, contains(), -4.0
4, 10664, -5.0, 1.0, -4.5, 2.5, 11, 0, contains(), -4.0
4, 10665, -5.0, 1.0, -4.5, 3.0, 11, 0, contains(), -4.0
4, 10666, -5.0, 1.0, -4.5, 3.5, 11, 0, contains(), -4.0
4, 10667, -5.0, 1.0, -4.5, 4.0, 11, 0, contains(), -4.0
4, 10668, -5.0, 1.0, -4.5, 4.5, 9, 0, food.contains(), -3.5
4, 10669, -5.0, 1.0, -4.5, 5.0, 9, 0, food.contains(), -3.0
4, 10670, -5.0, 1.0, -4.0, 0.0, 11, 0, contains(), -4.0
4, 10671, -5.0, 1.0, -4.0, 0.5, 11, 0, contains(), -4.0
4, 10672, -5.0, 1.0, -4.0, 1.0, 11, 0, contains(), -4.0
4, 10673, -5.0, 1.0, -4.0, 1.5, 11, 0, contains(), -4.0
4, 10674, -5.0, 1.0, -4.0, 2.0, 11, 0, contains(), -4.0
4, 10675, -5.0, 1.0, -4.0, 2.5, 11, 0, contains(), -4.0
4, 10676, -5.0, 1.0, -4.0, 3.0, 11, 0, contains(), -4.0
4, 10677, -5.0, 1.0, -4.0, 3.5, 11, 0, contains(), -4.0
4, 10678, -5.0, 1.0, -4.0, 4.0, 11, 0, contains(), -4.0
4, 10679, -5.0, 1.0, -4.0, 4.5, 9, 0, food.contains(), -3.5
4, 10680, -5.0, 1.0, -4.0, 5.0, 9, 0, food.contains(), -3.0
4, 10681, -5.0, 1.0, -3.5, 0.0, 11, 0, contains(), -4.0
4, 10682, -5.0, 1.0, -3.5, 0.5, 11, 0, contains(), -4.0
4, 10683, -5.0, 1.0, -3.5, 1.0, 11, 0, contains(), -4.0
4, 10684, -5.0, 1.0, -3.5, 1.5, 11, 0, contains(), -4.0
4, 10685, -5.0, 1.0, -3.5, 2.0, 11, 0, contains(), -4.0
4, 10686, -5.0, 1.0, -3.5, 2.5, 11, 0, contains(), -4.0
4, 10687, -5.0, 1.0, -3.5, 3.0, 11, 0, contains(), -4.0
4, 10688, -5.0, 1.0, -3.5, 3.5, 11, 0, contains(), -4.0
4, 10689, -5.0, 1.0, -3.5, 4.0, 11, 0, contains(), -4.0
4, 10690, -5.0, 1.0, -3.5, 4.5, 9, 0, food.contains(), -3.5
4, 10691, -5.0, 1.0, -3.5, 5.0, 9, 0, food.contains(), -3.0
4, 10692, -5.0, 1.0, -3.0, 0.0, 11, 0, contains(), -4.0
4, 10693, -5.0, 1.0, -3.0, 0.5, 11, 0, contains(), -4.0
4, 10694, -5.0, 1.0, -3.0, 1.0, 11, 0, contains(), -4.0
4, 10695, -5.0, 1.0, -3.0, 1.5, 11, 0, contains(), -4.0
4, 10696, -5.0, 1.0, -3.0, 2.0, 11, 0, contains(), -4.0
4, 10697, -5.0, 1.0, -3.0, 2.5, 11, 0, contains(), -4.0
4, 10698, -5.0, 1.0, -3.0, 3.0, 11, 0, contains(), -4.0
4, 10699, -5.0, 1.0, -3.0, 3.5, 11, 0, contains(), -4.0
4, 10700, -5.0, 1.0, -3.0, 4.0, 11, 0, contains(), -4.0
4, 10701, -5.0, 1.0, -3.0, 4.5, 9, 0, food.contains(), -3.5
4, 10702, -5.0, 1.0, -3.0, 5.0, 9, 0, food.contains(), -3.0
4, 10703, -5.0, 1.0, -2.5, 0.0, 11, 0, contains(), -4.0
4, 10704, -5.0, 1.0, -2.5, 0.5, 11, 0, contains(), -4.0
4, 10705, -5.0, 1.0, -2.5, 1.0, 11, 0, contains(), -4.0
4, 10706, -5.0, 1.0, -2.5, 1.5, 11, 0, contains(), -4.0
4, 10707, -5.0, 1.0, -2.5, 2.0, 11, 0, contains(), -4.0
4, 10708, -5.0, 1.0, -2.5, 2.5, 11, 0, contains(), -4.0
4, 10709, -5.0, 1.0, -2.5, 3.0, 11, 0, contains(), -4.0
4, 10710, -5.0, 1.0, -2.5, 3.5, 11, 0, contains(), -4.0
4, 10711, -5.0, 1.0, -2.5, 4.0, 11, 0, contains(), -4.0
4, 10712, -5.0, 1.0, -2.5, 4.5, 9, 0, food.contains(), -3.5
4, 10713, -5.0, 1.0, -2.5, 5.0, 9, 0, food.contains(), -3.0
4, 10714, -5.0, 1.0, -2.0, 0.0, 11, 0, contains(), -4.0
4, 10715, -5.0, 1.0, -2.0, 0.5, 11, 0, contains(), -4.0
4, 10716, -5.0, 1.0, -2.0, 1.0, 11, 0, contains(), -4.0
4, 10717, -5.0, 1.0, -2.0, 1.5, 11, 0, contains(), -4.0
4, 10718, -5.0, 1.0, -2.0, 2.0, 11, 0, contains(), -4.0
4, 10719, -5.0, 1.0, -2.0, 2.5, 11, 0, contains(), -4.0
4, 10720, -5.0, 1.0, -2.0, 3.0, 11, 0, contains(), -4.0
4, 10721, -5.0, 1.0, -2.0, 3.5, 11, 0, contains(), -4.0
4, 10722, -5.0, 1.0, -2.0, 4.0, 11, 0, contains(), -4.0
4, 10723, -5.0, 1.0, -2.0, 4.5, 9, 0, food.contains(), -3.5
4, 10724, -5.0, 1.0, -2.0, 5.0, 9, 1, food.contains(), -3.0
4, 10725, -5.0, 1.0, -1.5, 0.0, 11, 0, contains(), -4.0
4, 10726, -5.0, 1.0, -1.5, 0.5, 11, 0, contains(), -4.0
4, 10727, -5.0, 1.0, -1.5, 1.0, 11, 0, contains(), -4.0
4, 10728, -5.0, 1.0, -1.5, 1.5, 11, 0, contains(), -4.0
4, 10729, -5.0, 1.0, -1.5, 2.0, 11, 0, contains(), -4.0
4, 10730, -5.0, 1.0, -1.5, 2.5, 11, 0, contains(), -4.0
4, 10731, -5.0, 1.0, -1.5, 3.0, 11, 0, contains(), -4.0
4, 10732, -5.0, 1.0, -1.5, 3.5, 11, 0, contains(), -4.0
4, 10733, -5.0, 1.0, -1.5, 4.0, 11, 0, contains(), -4.0
4, 10734, -5.0, 1.0, -1.5, 4.5, 9, 1, food.contains(), -3.5
4, 10735, -5.0, 1.0, -1.5, 5.0, 9, 1, food.contains(), -3.0
4, 10736, -5.0, 1.0, -1.0, 0.0, 11, 0, contains(), -4.0
4, 10737, -5.0, 1.0, -1.0, 0.5, 11, 0, contains(), -4.0
4, 10738, -5.0, 1.0, -1.0, 1.0, 11, 0, contains(), -4.0
4, 10739, -5.0, 1.0, -1.0, 1.5, 11, 0, contains(), -4.0
4, 10740, -5.0, 1.0, -1.0, 2.0, 11, 0, contains(), -4.0
4, 10741, -5.0, 1.0, -1.0, 2.5, 11, 0, contains(), -4.0
4, 10742, -5.0, 1.0, -1.0, 3.0, 11, 0, contains(), -4.0
4, 10743, -5.0, 1.0, -1.0, 3.5, 11, 1, contains(), -4.0
4, 10744, -5.0, 1.0, -1.0, 4.0, 11, 1, contains(), -4.0
4, 10745, -5.0, 1.0, -1.0, 4.5, 9, 1, food.contains(), -3.5
4, 10746, -5.0, 1.0, -1.0, 5.0, 9, 1, food.contains(), -3.0
4, 10747, -5.0, 1.0, -0.5, 0.0, 11, 0, contains(), -4.0
4, 10748, -5.0, 1.0, -0.5, 0.5, 11, 0, contains(), -4.0
4, 10749, -5.0, 1.0, -0.5, 1.0, 11, 0, contains(), -4.0
4, 10750, -5.0, 1.0, -0.5, 1.5, 11, 0, contains(), -4.0
4, 10751, -5.0, 1.0, -0.5, 2.0, 11, 0, contains(), -4.0
4, 10752, -5.0, 1.0, -0.5, 2.5, 11, 1, contains(), -4.0
4, 10753, -5.0, 1.0, -0.5, 3.0, 11, 1, contains(), -4.0
4, 10754, -5.0, 1.0, -0.5, 3.5, 11, 1, contains(), -4.0
4, 10755, -5.0, 1.0, -0.5, 4.0, 11, 1, contains(), -4.0
4, 10756, -5.0, 1.0, -0.5, 4.5, 9, 1, food.contains(), -3.5
4, 10757, -5.0, 1.0, -0.5, 5.0, 9, 1, food.contains(), -3.0
4, 10758, -5.0, 1.0, 0.0, 0.0, 11, 2, contains(), -4.0
4, 10759, -5.0, 1.0, 0.0, 0.5, 11, 2, contains(), -4.0
4, 10760, -5.0, 1.0, 0.0, 1.0, 11, 2, contains(), -4.0
4, 10761, -5.0, 1.0, 0.0, 1.5, 11, 3, contains(), -4.0
4, 10762, -5.0, 1.0, 0.0, 2.0, 11, 3, contains(), -4.0
4, 10763, -5.0, 1.0, 0.0, 2.5, 11, 3, contains(), -4.0
4, 10764, -5.0, 1.0, 0.0, 3.0, 11, 3, contains(), -4.0
4, 10765, -5.0, 1.0, 0.0, 3.5, 11, 3, contains(), -4.0
4, 10766, -5.0, 1.0, 0.0, 4.0, 11, 3, contains(), -4.0
4, 10767, -5.0, 1.0, 0.0, 4.5, 9, 2, food.contains(), -3.5
4, 10768, -5.0, 1.0, 0.0, 5.0, 9, 2, food.contains(), -3.0
4, 10769, -4.5, 1.0, -5.0, 0.0, 11, 0, contains(), -3.5
4, 10770, -4.5, 1.0, -5.0, 0.5, 11, 0, contains(), -3.5
4, 10771, -4.5, 1.0, -5.0, 1.0, 11, 0, contains(), -3.5
4, 10772, -4.5, 1.0, -5.0, 1.5, 11, 0, contains(), -3.5
4, 10773, -4.5, 1.0, -5.0, 2.0, 11, 0, contains(), -3.5
4, 10774, -4.5, 1.0, -5.0, 2.5, 11, 0, contains(), -3.5
4, 10775, -4.5, 1.0, -5.0, 3.0, 11, 0, contains(), -3.5
4, 10776, -4.5, 1.0, -5.0, 3.5, 11, 0, contains(), -3.5
4, 10777, -4.5, 1.0, -5.0, 4.0, 9, 0, food.contains(), -3.0
4, 10778, -4.5, 1.0, -5.0, 4.5, 9, 0, food.contains(), -2.5
4, 10779, -4.5, 1.0, -5.0, 5.0, 9, 0, food.contains(), -2.0
4, 10780, -4.5, 1.0, -4.5, 0.0, 11, 0, contains(), -3.5
4, 10781, -4.5, 1.0, -4.5, 0.5, 11, 0, contains(), -3.5
4, 10782, -4.5, 1.0, -4.5, 1.0, 11, 0, contains(), -3.5
4, 10783, -4.5, 1.0, -4.5, 1.5, 11, 0, contains(), -3.5
4, 10784, -4.5, 1.0, -4.5, 2.0, 11, 0, contains(), -3.5
4, 10785, -4.5, 1.0, -4.5, 2.5, 11, 0, contains(), -3.5
4, 10786, -4.5, 1.0, -4.5, 3.0, 11, 0, contains(), -3.5
4, 10787, -4.5, 1.0, -4.5, 3.5, 11, 0, contains(), -3.5
4, 10788, -4.5, 1.0, -4.5, 4.0, 9, 0, food.contains(), -3.0
4, 10789, -4.5, 1.0, -4.5, 4.5, 9, 0, food.contains(), -2.5
4, 10790, -4.5, 1.0, -4.5, 5.0, 9, 0, food.contains(), -2.0
4, 10791, -4.5, 1.0, -4.0, 0.0, 11, 0, contains(), -3.5
4, 10792, -4.5, 1.0, -4.0, 0.5, 11, 0, contains(), -3.5
4, 10793, -4.5, 1.0, -4.0, 1.0, 11, 0, contains(), -3.5
4, 10794, -4.5, 1.0, -4.0, 1.5, 11, 0, contains(), -3.5
4, 10795, -4.5, 1.0, -4.0, 2.0, 11, 0, contains(), -3.5
4, 10796, -4.5, 1.0, -4.0, 2.5, 11, 0, contains(), -3.5
4, 10797, -4.5, 1.0, -4.0, 3.0, 11, 0, contains(), -3.5
4, 10798, -4.5, 1.0, -4.0, 3.5, 11, 0, contains(), -3.5
4, 10799, -4.5, 1.0, -4.0, 4.0, 9, 0, food.contains(), -3.0
4, 10800, -4.5, 1.0, -4.0, 4.5, 9, 0, food.contains(), -2.5
4, 10801, -4.5, 1.0, -4.0, 5.0, 9, 0, food.contains(), -2.0
4, 10802, -4.5, 1.0, -3.5, 0.0, 11, 0, contains(), -3.5
4, 10803, -4.5, 1.0, -3.5, 0.5, 11, 0, contains(), -3.5
4, 10804, -4.5, 1.0, -3.5, 1.0, 11, 0, contains(), -3.5
4, 10805, -4.5, 1.0, -3.5, 1.5, 11, 0, contains(), -3.5
4, 10806, -4.5, 1.0, -3.5, 2.0, 11, 0, contains(), -3.5
4, 10807, -4.5, 1.0, -3.5, 2.5, 11, 0, contains(), -3.5
4, 10808, -4.5, 1.0, -3.5, 3.0, 11, 0, contains(), -3.5
4, 10809, -4.5, 1.0, -3.5, 3.5, 11, 0, contains(), -3.5
4, 10810, -4.5, 1.0, -3.5, 4.0, 9, 0, food.contains(), -3.0
4, 10811, -4.5, 1.0, -3.5, 4.5, 9, 0, food.contains(), -2.5
4, 10812, -4.5, 1.0, -3.5, 5.0, 9, 0, food.contains(), -2.0
4, 10813, -4.5, 1.0, -3.0, 0.0, 11, 0, contains(), -3.5
4, 10814, -4.5, 1.0, -3.0, 0.5, 11, 0, contains(), -3.5
4, 10815, -4.5, 1.0, -3.0, 1.0, 11, 0, contains(), -3.5
4, 10816, -4.5, 1.0, -3.0, 1.5, 11, 0, contains(), -3.5
4, 10817, -4.5, 1.0, -3.0, 2.0, 11, 0, contains(), -3.5
4, 10818, -4.5, 1.0, -3.0, 2.5, 11, 0, contains(), -3.5
4, 10819, -4.5, 1.0, -3.0, 3.0, 11, 0, contains(), -3.5
4, 10820, -4.5, 1.0, -3.0, 3.5, 11, 0, contains(), -3.5
4, 10821, -4.5, 1.0, -3.0, 4.0, 9, 0, food.contains(), -3.0
4, 10822, -4.5, 1.0, -3.0, 4.5, 9, 0, food.contains(), -2.5
4, 10823, -4.5, 1.0, -3.0, 5.0, 9, 0, food.contains(), -2.0
4, 10824, -4.5, 1.0, -2.5, 0.0, 11, 0, contains(), -3.5
4, 10825, -4.5, 1.0, -2.5, 0.5, 11, 0, contains(), -3.5
4, 10826, -4.5, 1.0, -2.5, 1.0, 11, 0, contains(), -3.5
4, 10827, -4.5, 1.0, -2.5, 1.5, 11, 0, contains(), -3.5
4, 10828, -4.5, 1.0, -2.5, 2.0, 11, 0, contains(), -3.5
4, 10829, -4.5, 1.0, -2.5, 2.5, 11, 0, contains(), -3.5
4, 10830, -4.5, 1.0, -2.5, 3.0, 11, 0, contains(), -3.5
4, 10831, -4.5, 1.0, -2.5, 3.5, 11, 0, contains(), -3.5
4, 10832, -4.5, 1.0, -2.5, 4.0, 9, 0, food.contains(), -3.0
4, 10833, -4.5, 1.0, -2.5, 4.5, 9, 0, food.contains(), -2.5
4, 10834, -4.5, 1.0, -2.5, 5.0, 9, 0, food.contains(), -2.0
4, 10835, -4.5, 1.0, -2.0, 0.0, 11, 0, contains(), -3.5
4, 10836, -4.5, 1.0, -2.0, 0.5, 11, 0, contains(), -3.5
4, 10837, -4.5, 1.0, -2.0, 1.0, 11, 0, contains(), -3.5
4, 10838, -4.5, 1.0, -2.0, 1.5, 11, 0, contains(), -3.5
4, 10839, -4.5, 1.0, -2.0, 2.0, 11, 0, contains(), -3.5
4, 10840, -4.5, 1.0, -2.0, 2.5, 11, 0, contains(), -3.5
4, 10841, -4.5, 1.0, -2.0, 3.0, 11, 0, contains(), -3.5
4, 10842, -4.5, 1.0, -2.0, 3.5, 11, 0, contains(), -3.5
4, 10843, -4.5, 1.0, -2.0, 4.0, 9, 0, food.contains(), -3.0
4, 10844, -4.5, 1.0, -2.0, 4.5, 9, 0, food.contains(), -2.5
4, 10845, -4.5, 1.0, -2.0, 5.0, 9, 1, food.contains(), -2.0
4, 10846, -4.5, 1.0, -1.5, 0.0, 11, 0, contains(), -3.5
4, 10847, -4.5, 1.0, -1.5, 0.5, 11, 0, contains(), -3.5
4, 10848, -4.5, 1.0, -1.5, 1.0, 11, 0, contains(), -3.5
4, 10849, -4.5, 1.0, -1.5, 1.5, 11, 0, contains(), -3.5
4, 10850, -4.5, 1.0, -1.5, 2.0, 11, 0, contains(), -3.5
4, 10851, -4.5, 1.0, -1.5, 2.5, 11, 0, contains(), -3.5
4, 10852, -4.5, 1.0, -1.5, 3.0, 11, 0, contains(), -3.5
4, 10853, -4.5, 1.0, -1.5, 3.5, 11, 0, contains(), -3.5
4, 10854, -4.5, 1.0, -1.5, 4.0, 9, 1, food.contains(), -3.0
4, 10855, -4.5, 1.0, -1.5, 4.5, 9, 1, food.contains(), -2.5
4, 10856, -4.5, 1.0, -1.5, 5.0, 9, 1, food.contains(), -2.0
4, 10857, -4.5, 1.0, -1.0, 0.0, 11, 0, contains(), -3.5
4, 10858, -4.5, 1.0, -1.0, 0.5, 11, 0, contains(), -3.5
4, 10859, -4.5, 1.0, -1.0, 1.0, 11, 0, contains(), -3.5
4, 10860, -4.5, 1.0, -1.0, 1.5, 11, 0, contains(), -3.5
4, 10861, -4.5, 1.0, -1.0, 2.0, 11, 0, contains(), -3.5
4, 10862, -4.5, 1.0, -1.0, 2.5, 11, 0, contains(), -3.5
4, 10863, -4.5, 1.0, -1.0, 3.0, 11, 0, contains(), -3.5
4, 10864, -4.5, 1.0, -1.0, 3.5, 11, 1, contains(), -3.5
4, 10865, -4.5, 1.0, -1.0, 4.0, 9, 1, food.contains(), -3.0
4, 10866, -4.5, 1.0, -1.0, 4.5, 9, 1, food.contains(), -2.5
4, 10867, -4.5, 1.0, -1.0, 5.0, 9, 1, food.contains(), -2.0
4, 10868, -4.5, 1.0, -0.5, 0.0, 11, 0, contains(), -3.5
4, 10869, -4.5, 1.0, -0.5, 0.5, 11, 0, contains(), -3.5
4, 10870, -4.5, 1.0, -0.5, 1.0, 11, 0, contains(), -3.5
4, 10871, -4.5, 1.0, -0.5, 1.5, 11, 0, contains(), -3.5
4, 10872, -4.5, 1.0, -0.5, 2.0, 11, 0, contains(), -3.5
4, 10873, -4.5, 1.0, -0.5, 2.5, 11, 1, contains(), -3.5
4, 10874, -4.5, 1.0, -0.5, 3.0, 11, 1, contains(), -3.5
4, 10875, -4.5, 1.0, -0.5, 3.5, 11, 1, contains(), -3.5
4, 10876, -4.5, 1.0, -0.5, 4.0, 9, 1, food.contains(), -3.0
4, 10877, -4.5, 1.0, -0.5, 4.5, 9, 1, food.contains(), -2.5
4, 10878, -4.5, 1.0, -0.5, 5.0, 9, 1, food.contains(), -2.0
4, 10879, -4.5, 1.0, 0.0, 0.0, 11, 2, contains(), -3.5
4, 10880, -4.5, 1.0, 0.0, 0.5, 11, 2, contains(), -3.5
4, 10881, -4.5, 1.0, 0.0, 1.0, 11, 2, contains(), -3.5
4, 10882, -4.5, 1.0, 0.0, 1.5, 11, 3, contains(), -3.5
4, 10883, -4.5, 1.0, 0.0, 2.0, 11, 3, contains(), -3.5
4, 10884, -4.5, 1.0, 0.0, 2.5, 11, 3, contains(), -3.5
4, 10885, -4.5, 1.0, 0.0, 3.0, 11, 3, contains(), -3.5
4, 10886, -4.5, 1.0, 0.0, 3.5, 11, 3, contains(), -3.5
4, 10887, -4.5, 1.0, 0.0, 4.0, 9, 2, food.contains(), -3.0
4, 10888, -4.5, 1.0, 0.0, 4.5, 9, 2, food.contains(), -2.5
4, 10889, -4.5, 1.0, 0.0, 5.0, 9, 9, food.contains(), -2.0
4, 10890, -4.0, 1.0, -5.0, 0.0, 11, 0, contains(), -3.0
4, 10891, -4.0, 1.0, -5.0, 0.5, 11, 0, contains(), -3.0
4, 10892, -4.0, 1.0, -5.0, 1.0, 11, 0, contains(), -3.0
4, 10893, -4.0, 1.0, -5.0, 1.5, 11, 0, contains(), -3.0
4, 10894, -4.0, 1.0, -5.0, 2.0, 11, 0, contains(), -3.0
4, 10895, -4.0, 1.0, -5.0, 2.5, 11, 0, contains(), -3.0
4, 10896, -4.0, 1.0, -5.0, 3.0, 11, 0, contains(), -3.0
4, 10897, -4.0, 1.0, -5.0, 3.5, 9, 0, food.contains(), -2.5
4, 10898, -4.0, 1.0, -5.0, 4.0, 9, 0, food.contains(), -2.0
4, 10899, -4.0, 1.0, -5.0, 4.5, 9, 0, food.contains(), -1.5
4, 10900, -4.0, 1.0, -5.0, 5.0, 9, 0, food.contains(), -1.0
4, 10901, -4.0, 1.0, -4.5, 0.0, 11, 0, contains(), -3.0
4, 10902, -4.0, 1.0, -4.5, 0.5, 11, 0, contains(), -3.0
4, 10903, -4.0, 1.0, -4.5, 1.0, 11, 0, contains(), -3.0
4, 10904, -4.0, 1.0, -4.5, 1.5, 11, 0, contains(), -3.0
4, 10905, -4.0, 1.0, -4.5, 2.0, 11, 0, contains(), -3.0
4, 10906, -4.0, 1.0, -4.5, 2.5, 11, 0, contains(), -3.0
4, 10907, -4.0, 1.0, -4.5, 3.0, 11, 0, contains(), -3.0
4, 10908, -4.0, 1.0, -4.5, 3.5, 9, 0, food.contains(), -2.5
4, 10909, -4.0, 1.0, -4.5, 4.0, 9, 0, food.contains(), -2.0
4, 10910, -4.0, 1.0, -4.5, 4.5, 9, 0, food.contains(), -1.5
4, 10911, -4.0, 1.0, -4.5, 5.0, 9, 0, food.contains(), -1.0
4, 10912, -4.0, 1.0, -4.0, 0.0, 11, 0, contains(), -3.0
4, 10913, -4.0, 1.0, -4.0, 0.5, 11, 0, contains(), -3.0
4, 10914, -4.0, 1.0, -4.0, 1.0, 11, 0, contains(), -3.0
4, 10915, -4.0, 1.0, -4.0, 1.5, 11, 0, contains(), -3.0
4, 10916, -4.0, 1.0, -4.0, 2.0, 11, 0, contains(), -3.0
4, 10917, -4.0, 1.0, -4.0, 2.5, 11, 0, contains(), -3.0
4, 10918, -4.0, 1.0, -4.0, 3.0, 11, 0, contains(), -3.0
4, 10919, -4.0, 1.0, -4.0, 3.5, 9, 0, food.contains(), -2.5
4, 10920, -4.0, 1.0, -4.0, 4.0, 9, 0, food.contains(), -2.0
4, 10921, -4.0, 1.0, -4.0, 4.5, 9, 0, food.contains(), -1.5
4, 10922, -4.0, 1.0, -4.0, 5.0, 9, 0, food.contains(), -1.0
4, 10923, -4.0, 1.0, -3.5, 0.0, 11, 0, contains(), -3.0
4, 10924, -4.0, 1.0, -3.5, 0.5, 11, 0, contains(), -3.0
4, 10925, -4.0, 1.0, -3.5, 1.0, 11, 0, contains(), -3.0
4, 10926, -4.0, 1.0, -3.5, 1.5, 11, 0, contains(), -3.0
4, 10927, -4.0, 1.0, -3.5, 2.0, 11, 0, contains(), -3.0
4, 10928, -4.0, 1.0, -3.5, 2.5, 11, 0, contains(), -3.0
4, 10929, -4.0, 1.0, -3.5, 3.0, 11, 0, contains(), -3.0
4, 10930, -4.0, 1.0, -3.5, 3.5, 9, 0, food.contains(), -2.5
4, 10931, -4.0, 1.0, -3.5, 4.0, 9, 0, food.contains(), -2.0
4, 10932, -4.0, 1.0, -3.5, 4.5, 9, 0, food.contains(), -1.5
4, 10933, -4.0, 1.0, -3.5, 5.0, 9, 0, food.contains(), -1.0
4, 10934, -4.0, 1.0, -3.0, 0.0, 11, 0, contains(), -3.0
4, 10935, -4.0, 1.0, -3.0, 0.5, 11, 0, contains(), -3.0
4, 10936, -4.0, 1.0, -3.0, 1.0, 11, 0, contains(), -3.0
4, 10937, -4.0, 1.0, -3.0, 1.5, 11, 0, contains(), -3.0
4, 10938, -4.0, 1.0, -3.0, 2.0, 11, 0, contains(), -3.0
4, 10939, -4.0, 1.0, -3.0, 2.5, 11, 0, contains(), -3.0
4, 10940, -4.0, 1.0, -3.0, 3.0, 11, 0, contains(), -3.0
4, 10941, -4.0, 1.0, -3.0, 3.5, 9, 0, food.contains(), -2.5
4, 10942, -4.0, 1.0, -3.0, 4.0, 9, 0, food.contains(), -2.0
4, 10943, -4.0, 1.0, -3.0, 4.5, 9, 0, food.contains(), -1.5
4, 10944, -4.0, 1.0, -3.0, 5.0, 9, 0, food.contains(), -1.0
4, 10945, -4.0, 1.0, -2.5, 0.0, 11, 0, contains(), -3.0
4, 10946, -4.0, 1.0, -2.5, 0.5, 11, 0, contains(), -3.0
4, 10947, -4.0, 1.0, -2.5, 1.0, 11, 0, contains(), -3.0
4, 10948, -4.0, 1.0, -2.5, 1.5, 11, 0, contains(), -3.0
4, 10949, -4.0, 1.0, -2.5, 2.0, 11, 0, contains(), -3.0
4, 10950, -4.0, 1.0, -2.5, 2.5, 11, 0, contains(), -3.0
4, 10951, -4.0, 1.0, -2.5, 3.0, 11, 0, contains(), -3.0
4, 10952, -4.0, 1.0, -2.5, 3.5, 9, 0, food.contains(), -2.5
4, 10953, -4.0, 1.0, -2.5, 4.0, 9, 0, food.contains(), -2.0
4, 10954, -4.0, 1.0, -2.5, 4.5, 9, 0, food.contains(), -1.5
4, 10955, -4.0, 1.0, -2.5, 5.0, 9, 0, food.contains(), -1.0
4, 10956, -4.0, 1.0, -2.0, 0.0, 11, 0, contains(), -3.0
4, 10957, -4.0, 1.0, -2.0, 0.5, 11, 0, contains(), -3.0
4, 10958, -4.0, 1.0, -2.0, 1.0, 11, 0, contains(), -3.0
4, 10959, -4.0, 1.0, -2.0, 1.5, 11, 0, contains(), -3.0
4, 10960, -4.0, 1.0, -2.0, 2.0, 11, 0, contains(), -3.0
4, 10961, -4.0, 1.0, -2.0, 2.5, 11, 0, contains(), -3.0
4, 10962, -4.0, 1.0, -2.0, 3.0, 11, 0, contains(), -3.0
4, 10963, -4.0, 1.0, -2.0, 3.5, 9, 0, food.contains(), -2.5
4, 10964, -4.0, 1.0, -2.0, 4.0, 9, 0, food.contains(), -2.0
4, 10965, -4.0, 1.0, -2.0, 4.5, 9, 0, food.contains(), -1.5
4, 10966, -4.0, 1.0, -2.0, 5.0, 9, 1, food.contains(), -1.0
4, 10967, -4.0, 1.0, -1.5, 0.0, 11, 0, contains(), -3.0
4, 10968, -4.0, 1.0, -1.5, 0.5, 11, 0, contains(), -3.0
4, 10969, -4.0, 1.0, -1.5, 1.0, 11, 0, contains(), -3.0
4, 10970, -4.0, 1.0, -1.5, 1.5, 11, 0, contains(), -3.0
4, 10971, -4.0, 1.0, -1.5, 2.0, 11, 0, contains(), -3.0
4, 10972, -4.0, 1.0, -1.5, 2.5, 11, 0, contains(), -3.0
4, 10973, -4.0, 1.0, -1.5, 3.0, 11, 0, contains(), -3.0
4, 10974, -4.0, 1.0, -1.5, 3.5, 9, 0, food.contains(), -2.5
4, 10975, -4.0, 1.0, -1.5, 4.0, 9, 1, food.contains(), -2.0
4, 10976, -4.0, 1.0, -1.5, 4.5, 9, 1, food.contains(), -1.5
4, 10977, -4.0, 1.0, -1.5, 5.0, 9, 1, food.contains(), -1.0
4, 10978, -4.0, 1.0, -1.0, 0.0, 11, 0, contains(), -3.0
4, 10979, -4.0, 1.0, -1.0, 0.5, 11, 0, contains(), -3.0
4, 10980, -4.0, 1.0, -1.0, 1.0, 11, 0, contains(), -3.0
4, 10981, -4.0, 1.0, -1.0, 1.5, 11, 0, contains(), -3.0
4, 10982, -4.0, 1.0, -1.0, 2.0, 11, 0, contains(), -3.0
4, 10983, -4.0, 1.0, -1.0, 2.5, 11, 0, contains(), -3.0
4, 10984, -4.0, 1.0, -1.0, 3.0, 11, 0, contains(), -3.0
4, 10985, -4.0, 1.0, -1.0, 3.5, 9, 1, food.contains(), -2.5
4, 10986, -4.0, 1.0, -1.0, 4.0, 9, 1, food.contains(), -2.0
4, 10987, -4.0, 1.0, -1.0, 4.5, 9, 1, food.contains(), -1.5
4, 10988, -4.0, 1.0, -1.0, 5.0, 9, 1, food.contains(), -1.0
4, 10989, -4.0, 1.0, -0.5, 0.0, 11, 0, contains(), -3.0
4, 10990, -4.0, 1.0, -0.5, 0.5, 11, 0, contains(), -3.0
4, 10991, -4.0, 1.0, -0.5, 1.0, 11, 0, contains(), -3.0
4, 10992, -4.0, 1.0, -0.5, 1.5, 11, 0, contains(), -3.0
4, 10993, -4.0, 1.0, -0.5, 2.0, 11, 0, contains(), -3.0
4, 10994, -4.0, 1.0, -0.5, 2.5, 11, 1, contains(), -3.0
4, 10995, -4.0, 1.0, -0.5, 3.0, 11, 1, contains(), -3.0
4, 10996, -4.0, 1.0, -0.5, 3.5, 9, 1, food.contains(), -2.5
4, 10997, -4.0, 1.0, -0.5, 4.0, 9, 1, food.contains(), -2.0
4, 10998, -4.0, 1.0, -0.5, 4.5, 9, 1, food.contains(), -1.5
4, 10999, -4.0, 1.0, -0.5, 5.0, 9, 1, food.contains(), -1.0
4, 11000, -4.0, 1.0, 0.0, 0.0, 11, 2, contains(), -3.0
4, 11001, -4.0, 1.0, 0.0, 0.5, 11, 2, contains(), -3.0
4, 11002, -4.0, 1.0, 0.0, 1.0, 11, 2, contains(), -3.0
4, 11003, -4.0, 1.0, 0.0, 1.5, 11, 3, contains(), -3.0
4, 11004, -4.0, 1.0, 0.0, 2.0, 11, 3, contains(), -3.0
4, 11005, -4.0, 1.0, 0.0, 2.5, 11, 3, contains(), -3.0
4, 11006, -4.0, 1.0, 0.0, 3.0, 11, 3, contains(), -3.0
4, 11007, -4.0, 1.0, 0.0, 3.5, 9, 2, food.contains(), -2.5
4, 11008, -4.0, 1.0, 0.0, 4.0, 9, 2, food.contains(), -2.0
4, 11009, -4.0, 1.0, 0.0, 4.5, 9, 9, food.contains(), -1.5
4, 11010, -4.0, 1.0, 0.0, 5.0, 18, 0, new Task04().isFruit(food), 4.0
4, 11011, -3.5, 1.0, -5.0, 0.0, 11, 0, contains(), -2.5
4, 11012, -3.5, 1.0, -5.0, 0.5, 11, 0, contains(), -2.5
4, 11013, -3.5, 1.0, -5.0, 1.0, 11, 0, contains(), -2.5
4, 11014, -3.5, 1.0, -5.0, 1.5, 11, 0, contains(), -2.5
4, 11015, -3.5, 1.0, -5.0, 2.0, 11, 0, contains(), -2.5
4, 11016, -3.5, 1.0, -5.0, 2.5, 11, 0, contains(), -2.5
4, 11017, -3.5, 1.0, -5.0, 3.0, 9, 0, food.contains(), -2.0
4, 11018, -3.5, 1.0, -5.0, 3.5, 9, 0, food.contains(), -1.5
4, 11019, -3.5, 1.0, -5.0, 4.0, 9, 0, food.contains(), -1.0
4, 11020, -3.5, 1.0, -5.0, 4.5, 9, 0, food.contains(), -0.5
4, 11021, -3.5, 1.0, -5.0, 5.0, 9, 0, food.contains(), 0.0
4, 11022, -3.5, 1.0, -4.5, 0.0, 11, 0, contains(), -2.5
4, 11023, -3.5, 1.0, -4.5, 0.5, 11, 0, contains(), -2.5
4, 11024, -3.5, 1.0, -4.5, 1.0, 11, 0, contains(), -2.5
4, 11025, -3.5, 1.0, -4.5, 1.5, 11, 0, contains(), -2.5
4, 11026, -3.5, 1.0, -4.5, 2.0, 11, 0, contains(), -2.5
4, 11027, -3.5, 1.0, -4.5, 2.5, 11, 0, contains(), -2.5
4, 11028, -3.5, 1.0, -4.5, 3.0, 9, 0, food.contains(), -2.0
4, 11029, -3.5, 1.0, -4.5, 3.5, 9, 0, food.contains(), -1.5
4, 11030, -3.5, 1.0, -4.5, 4.0, 9, 0, food.contains(), -1.0
4, 11031, -3.5, 1.0, -4.5, 4.5, 9, 0, food.contains(), -0.5
4, 11032, -3.5, 1.0, -4.5, 5.0, 9, 0, food.contains(), 0.0
4, 11033, -3.5, 1.0, -4.0, 0.0, 11, 0, contains(), -2.5
4, 11034, -3.5, 1.0, -4.0, 0.5, 11, 0, contains(), -2.5
4, 11035, -3.5, 1.0, -4.0, 1.0, 11, 0, contains(), -2.5
4, 11036, -3.5, 1.0, -4.0, 1.5, 11, 0, contains(), -2.5
4, 11037, -3.5, 1.0, -4.0, 2.0, 11, 0, contains(), -2.5
4, 11038, -3.5, 1.0, -4.0, 2.5, 11, 0, contains(), -2.5
4, 11039, -3.5, 1.0, -4.0, 3.0, 9, 0, food.contains(), -2.0
4, 11040, -3.5, 1.0, -4.0, 3.5, 9, 0, food.contains(), -1.5
4, 11041, -3.5, 1.0, -4.0, 4.0, 9, 0, food.contains(), -1.0
4, 11042, -3.5, 1.0, -4.0, 4.5, 9, 0, food.contains(), -0.5
4, 11043, -3.5, 1.0, -4.0, 5.0, 9, 0, food.contains(), 0.0
4, 11044, -3.5, 1.0, -3.5, 0.0, 11, 0, contains(), -2.5
4, 11045, -3.5, 1.0, -3.5, 0.5, 11, 0, contains(), -2.5
4, 11046, -3.5, 1.0, -3.5, 1.0, 11, 0, contains(), -2.5
4, 11047, -3.5, 1.0, -3.5, 1.5, 11, 0, contains(), -2.5
4, 11048, -3.5, 1.0, -3.5, 2.0, 11, 0, contains(), -2.5
4, 11049, -3.5, 1.0, -3.5, 2.5, 11, 0, contains(), -2.5
4, 11050, -3.5, 1.0, -3.5, 3.0, 9, 0, food.contains(), -2.0
4, 11051, -3.5, 1.0, -3.5, 3.5, 9, 0, food.contains(), -1.5
4, 11052, -3.5, 1.0, -3.5, 4.0, 9, 0, food.contains(), -1.0
4, 11053, -3.5, 1.0, -3.5, 4.5, 9, 0, food.contains(), -0.5
4, 11054, -3.5, 1.0, -3.5, 5.0, 9, 0, food.contains(), 0.0
4, 11055, -3.5, 1.0, -3.0, 0.0, 11, 0, contains(), -2.5
4, 11056, -3.5, 1.0, -3.0, 0.5, 11, 0, contains(), -2.5
4, 11057, -3.5, 1.0, -3.0, 1.0, 11, 0, contains(), -2.5
4, 11058, -3.5, 1.0, -3.0, 1.5, 11, 0, contains(), -2.5
4, 11059, -3.5, 1.0, -3.0, 2.0, 11, 0, contains(), -2.5
4, 11060, -3.5, 1.0, -3.0, 2.5, 11, 0, contains(), -2.5
4, 11061, -3.5, 1.0, -3.0, 3.0, 9, 0, food.contains(), -2.0
4, 11062, -3.5, 1.0, -3.0, 3.5, 9, 0, food.contains(), -1.5
4, 11063, -3.5, 1.0, -3.0, 4.0, 9, 0, food.contains(), -1.0
4, 11064, -3.5, 1.0, -3.0, 4.5, 9, 0, food.contains(), -0.5
4, 11065, -3.5, 1.0, -3.0, 5.0, 9, 0, food.contains(), 0.0
4, 11066, -3.5, 1.0, -2.5, 0.0, 11, 0, contains(), -2.5
4, 11067, -3.5, 1.0, -2.5, 0.5, 11, 0, contains(), -2.5
4, 11068, -3.5, 1.0, -2.5, 1.0, 11, 0, contains(), -2.5
4, 11069, -3.5, 1.0, -2.5, 1.5, 11, 0, contains(), -2.5
4, 11070, -3.5, 1.0, -2.5, 2.0, 11, 0, contains(), -2.5
4, 11071, -3.5, 1.0, -2.5, 2.5, 11, 0, contains(), -2.5
4, 11072, -3.5, 1.0, -2.5, 3.0, 9, 0, food.contains(), -2.0
4, 11073, -3.5, 1.0, -2.5, 3.5, 9, 0, food.contains(), -1.5
4, 11074, -3.5, 1.0, -2.5, 4.0, 9, 0, food.contains(), -1.0
4, 11075, -3.5, 1.0, -2.5, 4.5, 9, 0, food.contains(), -0.5
4, 11076, -3.5, 1.0, -2.5, 5.0, 9, 0, food.contains(), 0.0
4, 11077, -3.5, 1.0, -2.0, 0.0, 11, 0, contains(), -2.5
4, 11078, -3.5, 1.0, -2.0, 0.5, 11, 0, contains(), -2.5
4, 11079, -3.5, 1.0, -2.0, 1.0, 11, 0, contains(), -2.5
4, 11080, -3.5, 1.0, -2.0, 1.5, 11, 0, contains(), -2.5
4, 11081, -3.5, 1.0, -2.0, 2.0, 11, 0, contains(), -2.5
4, 11082, -3.5, 1.0, -2.0, 2.5, 11, 0, contains(), -2.5
4, 11083, -3.5, 1.0, -2.0, 3.0, 9, 0, food.contains(), -2.0
4, 11084, -3.5, 1.0, -2.0, 3.5, 9, 0, food.contains(), -1.5
4, 11085, -3.5, 1.0, -2.0, 4.0, 9, 0, food.contains(), -1.0
4, 11086, -3.5, 1.0, -2.0, 4.5, 9, 0, food.contains(), -0.5
4, 11087, -3.5, 1.0, -2.0, 5.0, 9, 1, food.contains(), 0.0
4, 11088, -3.5, 1.0, -1.5, 0.0, 11, 0, contains(), -2.5
4, 11089, -3.5, 1.0, -1.5, 0.5, 11, 0, contains(), -2.5
4, 11090, -3.5, 1.0, -1.5, 1.0, 11, 0, contains(), -2.5
4, 11091, -3.5, 1.0, -1.5, 1.5, 11, 0, contains(), -2.5
4, 11092, -3.5, 1.0, -1.5, 2.0, 11, 0, contains(), -2.5
4, 11093, -3.5, 1.0, -1.5, 2.5, 11, 0, contains(), -2.5
4, 11094, -3.5, 1.0, -1.5, 3.0, 9, 0, food.contains(), -2.0
4, 11095, -3.5, 1.0, -1.5, 3.5, 9, 0, food.contains(), -1.5
4, 11096, -3.5, 1.0, -1.5, 4.0, 9, 1, food.contains(), -1.0
4, 11097, -3.5, 1.0, -1.5, 4.5, 9, 1, food.contains(), -0.5
4, 11098, -3.5, 1.0, -1.5, 5.0, 9, 1, food.contains(), 0.0
4, 11099, -3.5, 1.0, -1.0, 0.0, 11, 0, contains(), -2.5
4, 11100, -3.5, 1.0, -1.0, 0.5, 11, 0, contains(), -2.5
4, 11101, -3.5, 1.0, -1.0, 1.0, 11, 0, contains(), -2.5
4, 11102, -3.5, 1.0, -1.0, 1.5, 11, 0, contains(), -2.5
4, 11103, -3.5, 1.0, -1.0, 2.0, 11, 0, contains(), -2.5
4, 11104, -3.5, 1.0, -1.0, 2.5, 11, 0, contains(), -2.5
4, 11105, -3.5, 1.0, -1.0, 3.0, 9, 1, food.contains(), -2.0
4, 11106, -3.5, 1.0, -1.0, 3.5, 9, 1, food.contains(), -1.5
4, 11107, -3.5, 1.0, -1.0, 4.0, 9, 1, food.contains(), -1.0
4, 11108, -3.5, 1.0, -1.0, 4.5, 9, 1, food.contains(), -0.5
4, 11109, -3.5, 1.0, -1.0, 5.0, 9, 1, food.contains(), 0.0
4, 11110, -3.5, 1.0, -0.5, 0.0, 11, 0, contains(), -2.5
4, 11111, -3.5, 1.0, -0.5, 0.5, 11, 0, contains(), -2.5
4, 11112, -3.5, 1.0, -0.5, 1.0, 11, 0, contains(), -2.5
4, 11113, -3.5, 1.0, -0.5, 1.5, 11, 0, contains(), -2.5
4, 11114, -3.5, 1.0, -0.5, 2.0, 11, 0, contains(), -2.5
4, 11115, -3.5, 1.0, -0.5, 2.5, 11, 1, contains(), -2.5
4, 11116, -3.5, 1.0, -0.5, 3.0, 9, 1, food.contains(), -2.0
4, 11117, -3.5, 1.0, -0.5, 3.5, 9, 1, food.contains(), -1.5
4, 11118, -3.5, 1.0, -0.5, 4.0, 9, 1, food.contains(), -1.0
4, 11119, -3.5, 1.0, -0.5, 4.5, 9, 1, food.contains(), -0.5
4, 11120, -3.5, 1.0, -0.5, 5.0, 9, 4, food.contains(), 0.0
4, 11121, -3.5, 1.0, 0.0, 0.0, 11, 2, contains(), -2.5
4, 11122, -3.5, 1.0, 0.0, 0.5, 11, 2, contains(), -2.5
4, 11123, -3.5, 1.0, 0.0, 1.0, 11, 2, contains(), -2.5
4, 11124, -3.5, 1.0, 0.0, 1.5, 11, 3, contains(), -2.5
4, 11125, -3.5, 1.0, 0.0, 2.0, 11, 3, contains(), -2.5
4, 11126, -3.5, 1.0, 0.0, 2.5, 11, 3, contains(), -2.5
4, 11127, -3.5, 1.0, 0.0, 3.0, 9, 2, food.contains(), -2.0
4, 11128, -3.5, 1.0, 0.0, 3.5, 9, 2, food.contains(), -1.5
4, 11129, -3.5, 1.0, 0.0, 4.0, 9, 9, food.contains(), -1.0
4, 11130, -3.5, 1.0, 0.0, 4.5, 18, 0, new Task04().isFruit(food), 4.0
4, 11131, -3.5, 1.0, 0.0, 5.0, 18, 2, new Task04().isFruit(food), 5.5
4, 11132, -3.0, 1.0, -5.0, 0.0, 11, 0, contains(), -2.0
4, 11133, -3.0, 1.0, -5.0, 0.5, 11, 0, contains(), -2.0
4, 11134, -3.0, 1.0, -5.0, 1.0, 11, 0, contains(), -2.0
4, 11135, -3.0, 1.0, -5.0, 1.5, 11, 0, contains(), -2.0
4, 11136, -3.0, 1.0, -5.0, 2.0, 11, 0, contains(), -2.0
4, 11137, -3.0, 1.0, -5.0, 2.5, 9, 0, food.contains(), -1.5
4, 11138, -3.0, 1.0, -5.0, 3.0, 9, 0, food.contains(), -1.0
4, 11139, -3.0, 1.0, -5.0, 3.5, 9, 0, food.contains(), -0.5
4, 11140, -3.0, 1.0, -5.0, 4.0, 9, 0, food.contains(), 0.0
4, 11141, -3.0, 1.0, -5.0, 4.5, 0, 0, fruits.contains(food), 3.0
4, 11142, -3.0, 1.0, -5.0, 5.0, 0, 0, fruits.contains(food), 4.0
4, 11143, -3.0, 1.0, -4.5, 0.0, 11, 0, contains(), -2.0
4, 11144, -3.0, 1.0, -4.5, 0.5, 11, 0, contains(), -2.0
4, 11145, -3.0, 1.0, -4.5, 1.0, 11, 0, contains(), -2.0
4, 11146, -3.0, 1.0, -4.5, 1.5, 11, 0, contains(), -2.0
4, 11147, -3.0, 1.0, -4.5, 2.0, 11, 0, contains(), -2.0
4, 11148, -3.0, 1.0, -4.5, 2.5, 9, 0, food.contains(), -1.5
4, 11149, -3.0, 1.0, -4.5, 3.0, 9, 0, food.contains(), -1.0
4, 11150, -3.0, 1.0, -4.5, 3.5, 9, 0, food.contains(), -0.5
4, 11151, -3.0, 1.0, -4.5, 4.0, 9, 0, food.contains(), 0.0
4, 11152, -3.0, 1.0, -4.5, 4.5, 0, 0, fruits.contains(food), 3.0
4, 11153, -3.0, 1.0, -4.5, 5.0, 0, 0, fruits.contains(food), 4.0
4, 11154, -3.0, 1.0, -4.0, 0.0, 11, 0, contains(), -2.0
4, 11155, -3.0, 1.0, -4.0, 0.5, 11, 0, contains(), -2.0
4, 11156, -3.0, 1.0, -4.0, 1.0, 11, 0, contains(), -2.0
4, 11157, -3.0, 1.0, -4.0, 1.5, 11, 0, contains(), -2.0
4, 11158, -3.0, 1.0, -4.0, 2.0, 11, 0, contains(), -2.0
4, 11159, -3.0, 1.0, -4.0, 2.5, 9, 0, food.contains(), -1.5
4, 11160, -3.0, 1.0, -4.0, 3.0, 9, 0, food.contains(), -1.0
4, 11161, -3.0, 1.0, -4.0, 3.5, 9, 0, food.contains(), -0.5
4, 11162, -3.0, 1.0, -4.0, 4.0, 9, 0, food.contains(), 0.0
4, 11163, -3.0, 1.0, -4.0, 4.5, 0, 0, fruits.contains(food), 3.0
4, 11164, -3.0, 1.0, -4.0, 5.0, 0, 0, fruits.contains(food), 4.0
4, 11165, -3.0, 1.0, -3.5, 0.0, 11, 0, contains(), -2.0
4, 11166, -3.0, 1.0, -3.5, 0.5, 11, 0, contains(), -2.0
4, 11167, -3.0, 1.0, -3.5, 1.0, 11, 0, contains(), -2.0
4, 11168, -3.0, 1.0, -3.5, 1.5, 11, 0, contains(), -2.0
4, 11169, -3.0, 1.0, -3.5, 2.0, 11, 0, contains(), -2.0
4, 11170, -3.0, 1.0, -3.5, 2.5, 9, 0, food.contains(), -1.5
4, 11171, -3.0, 1.0, -3.5, 3.0, 9, 0, food.contains(), -1.0
4, 11172, -3.0, 1.0, -3.5, 3.5, 9, 0, food.contains(), -0.5
4, 11173, -3.0, 1.0, -3.5, 4.0, 9, 0, food.contains(), 0.0
4, 11174, -3.0, 1.0, -3.5, 4.5, 0, 0, fruits.contains(food), 3.0
4, 11175, -3.0, 1.0, -3.5, 5.0, 0, 0, fruits.contains(food), 4.0
4, 11176, -3.0, 1.0, -3.0, 0.0, 11, 0, contains(), -2.0
4, 11177, -3.0, 1.0, -3.0, 0.5, 11, 0, contains(), -2.0
4, 11178, -3.0, 1.0, -3.0, 1.0, 11, 0, contains(), -2.0
4, 11179, -3.0, 1.0, -3.0, 1.5, 11, 0, contains(), -2.0
4, 11180, -3.0, 1.0, -3.0, 2.0, 11, 0, contains(), -2.0
4, 11181, -3.0, 1.0, -3.0, 2.5, 9, 0, food.contains(), -1.5
4, 11182, -3.0, 1.0, -3.0, 3.0, 9, 0, food.contains(), -1.0
4, 11183, -3.0, 1.0, -3.0, 3.5, 9, 0, food.contains(), -0.5
4, 11184, -3.0, 1.0, -3.0, 4.0, 9, 0, food.contains(), 0.0
4, 11185, -3.0, 1.0, -3.0, 4.5, 0, 0, fruits.contains(food), 3.0
4, 11186, -3.0, 1.0, -3.0, 5.0, 0, 0, fruits.contains(food), 4.0
4, 11187, -3.0, 1.0, -2.5, 0.0, 11, 0, contains(), -2.0
4, 11188, -3.0, 1.0, -2.5, 0.5, 11, 0, contains(), -2.0
4, 11189, -3.0, 1.0, -2.5, 1.0, 11, 0, contains(), -2.0
4, 11190, -3.0, 1.0, -2.5, 1.5, 11, 0, contains(), -2.0
4, 11191, -3.0, 1.0, -2.5, 2.0, 11, 0, contains(), -2.0
4, 11192, -3.0, 1.0, -2.5, 2.5, 9, 0, food.contains(), -1.5
4, 11193, -3.0, 1.0, -2.5, 3.0, 9, 0, food.contains(), -1.0
4, 11194, -3.0, 1.0, -2.5, 3.5, 9, 0, food.contains(), -0.5
4, 11195, -3.0, 1.0, -2.5, 4.0, 9, 0, food.contains(), 0.0
4, 11196, -3.0, 1.0, -2.5, 4.5, 0, 0, fruits.contains(food), 3.0
4, 11197, -3.0, 1.0, -2.5, 5.0, 0, 0, fruits.contains(food), 4.0
4, 11198, -3.0, 1.0, -2.0, 0.0, 11, 0, contains(), -2.0
4, 11199, -3.0, 1.0, -2.0, 0.5, 11, 0, contains(), -2.0
4, 11200, -3.0, 1.0, -2.0, 1.0, 11, 0, contains(), -2.0
4, 11201, -3.0, 1.0, -2.0, 1.5, 11, 0, contains(), -2.0
4, 11202, -3.0, 1.0, -2.0, 2.0, 11, 0, contains(), -2.0
4, 11203, -3.0, 1.0, -2.0, 2.5, 9, 0, food.contains(), -1.5
4, 11204, -3.0, 1.0, -2.0, 3.0, 9, 0, food.contains(), -1.0
4, 11205, -3.0, 1.0, -2.0, 3.5, 9, 0, food.contains(), -0.5
4, 11206, -3.0, 1.0, -2.0, 4.0, 9, 0, food.contains(), 0.0
4, 11207, -3.0, 1.0, -2.0, 4.5, 0, 0, fruits.contains(food), 3.0
4, 11208, -3.0, 1.0, -2.0, 5.0, 0, 0, fruits.contains(food), 4.0
4, 11209, -3.0, 1.0, -1.5, 0.0, 11, 0, contains(), -2.0
4, 11210, -3.0, 1.0, -1.5, 0.5, 11, 0, contains(), -2.0
4, 11211, -3.0, 1.0, -1.5, 1.0, 11, 0, contains(), -2.0
4, 11212, -3.0, 1.0, -1.5, 1.5, 11, 0, contains(), -2.0
4, 11213, -3.0, 1.0, -1.5, 2.0, 11, 0, contains(), -2.0
4, 11214, -3.0, 1.0, -1.5, 2.5, 9, 0, food.contains(), -1.5
4, 11215, -3.0, 1.0, -1.5, 3.0, 9, 0, food.contains(), -1.0
4, 11216, -3.0, 1.0, -1.5, 3.5, 9, 0, food.contains(), -0.5
4, 11217, -3.0, 1.0, -1.5, 4.0, 9, 1, food.contains(), 0.0
4, 11218, -3.0, 1.0, -1.5, 4.5, 0, 0, fruits.contains(food), 3.0
4, 11219, -3.0, 1.0, -1.5, 5.0, 0, 0, fruits.contains(food), 4.0
4, 11220, -3.0, 1.0, -1.0, 0.0, 11, 0, contains(), -2.0
4, 11221, -3.0, 1.0, -1.0, 0.5, 11, 0, contains(), -2.0
4, 11222, -3.0, 1.0, -1.0, 1.0, 11, 0, contains(), -2.0
4, 11223, -3.0, 1.0, -1.0, 1.5, 11, 0, contains(), -2.0
4, 11224, -3.0, 1.0, -1.0, 2.0, 11, 0, contains(), -2.0
4, 11225, -3.0, 1.0, -1.0, 2.5, 9, 0, food.contains(), -1.5
4, 11226, -3.0, 1.0, -1.0, 3.0, 9, 1, food.contains(), -1.0
4, 11227, -3.0, 1.0, -1.0, 3.5, 9, 1, food.contains(), -0.5
4, 11228, -3.0, 1.0, -1.0, 4.0, 9, 1, food.contains(), 0.0
4, 11229, -3.0, 1.0, -1.0, 4.5, 0, 0, fruits.contains(food), 3.0
4, 11230, -3.0, 1.0, -1.0, 5.0, 0, 0, fruits.contains(food), 4.0
4, 11231, -3.0, 1.0, -0.5, 0.0, 11, 0, contains(), -2.0
4, 11232, -3.0, 1.0, -0.5, 0.5, 11, 0, contains(), -2.0
4, 11233, -3.0, 1.0, -0.5, 1.0, 11, 0, contains(), -2.0
4, 11234, -3.0, 1.0, -0.5, 1.5, 11, 0, contains(), -2.0
4, 11235, -3.0, 1.0, -0.5, 2.0, 11, 0, contains(), -2.0
4, 11236, -3.0, 1.0, -0.5, 2.5, 9, 1, food.contains(), -1.5
4, 11237, -3.0, 1.0, -0.5, 3.0, 9, 1, food.contains(), -1.0
4, 11238, -3.0, 1.0, -0.5, 3.5, 9, 1, food.contains(), -0.5
4, 11239, -3.0, 1.0, -0.5, 4.0, 9, 1, food.contains(), 0.0
4, 11240, -3.0, 1.0, -0.5, 4.5, 5, 2, food.contains(food), 2.0
4, 11241, -3.0, 1.0, -0.5, 5.0, 5, 5, food.contains(food), 3.0
4, 11242, -3.0, 1.0, 0.0, 0.0, 11, 2, contains(), -2.0
4, 11243, -3.0, 1.0, 0.0, 0.5, 11, 2, contains(), -2.0
4, 11244, -3.0, 1.0, 0.0, 1.0, 11, 2, contains(), -2.0
4, 11245, -3.0, 1.0, 0.0, 1.5, 11, 3, contains(), -2.0
4, 11246, -3.0, 1.0, 0.0, 2.0, 11, 3, contains(), -2.0
4, 11247, -3.0, 1.0, 0.0, 2.5, 9, 2, food.contains(), -1.5
4, 11248, -3.0, 1.0, 0.0, 3.0, 9, 2, food.contains(), -1.0
4, 11249, -3.0, 1.0, 0.0, 3.5, 9, 9, food.contains(), -0.5
4, 11250, -3.0, 1.0, 0.0, 4.0, 18, 2, new Task04().isFruit(food), 4.0
4, 11251, -3.0, 1.0, 0.0, 4.5, 18, 3, new Task04().isFruit(food), 5.5
4, 11252, -3.0, 1.0, 0.0, 5.0, 18, 3, new Task04().isFruit(food), 7.0
4, 11253, -2.5, 1.0, -5.0, 0.0, 11, 0, contains(), -1.5
4, 11254, -2.5, 1.0, -5.0, 0.5, 11, 0, contains(), -1.5
4, 11255, -2.5, 1.0, -5.0, 1.0, 11, 0, contains(), -1.5
4, 11256, -2.5, 1.0, -5.0, 1.5, 11, 0, contains(), -1.5
4, 11257, -2.5, 1.0, -5.0, 2.0, 9, 0, food.contains(), -1.0
4, 11258, -2.5, 1.0, -5.0, 2.5, 9, 0, food.contains(), -0.5
4, 11259, -2.5, 1.0, -5.0, 3.0, 9, 0, food.contains(), 0.0
4, 11260, -2.5, 1.0, -5.0, 3.5, 0, 0, fruits.contains(food), 2.5
4, 11261, -2.5, 1.0, -5.0, 4.0, 0, 0, fruits.contains(food), 3.5
4, 11262, -2.5, 1.0, -5.0, 4.5, 0, 0, fruits.contains(food), 4.5
4, 11263, -2.5, 1.0, -5.0, 5.0, 0, 0, fruits.contains(food), 5.5
4, 11264, -2.5, 1.0, -4.5, 0.0, 11, 0, contains(), -1.5
4, 11265, -2.5, 1.0, -4.5, 0.5, 11, 0, contains(), -1.5
4, 11266, -2.5, 1.0, -4.5, 1.0, 11, 0, contains(), -1.5
4, 11267, -2.5, 1.0, -4.5, 1.5, 11, 0, contains(), -1.5
4, 11268, -2.5, 1.0, -4.5, 2.0, 9, 0, food.contains(), -1.0
4, 11269, -2.5, 1.0, -4.5, 2.5, 9, 0, food.contains(), -0.5
4, 11270, -2.5, 1.0, -4.5, 3.0, 9, 0, food.contains(), 0.0
4, 11271, -2.5, 1.0, -4.5, 3.5, 0, 0, fruits.contains(food), 2.5
4, 11272, -2.5, 1.0, -4.5, 4.0, 0, 0, fruits.contains(food), 3.5
4, 11273, -2.5, 1.0, -4.5, 4.5, 0, 0, fruits.contains(food), 4.5
4, 11274, -2.5, 1.0, -4.5, 5.0, 0, 0, fruits.contains(food), 5.5
4, 11275, -2.5, 1.0, -4.0, 0.0, 11, 0, contains(), -1.5
4, 11276, -2.5, 1.0, -4.0, 0.5, 11, 0, contains(), -1.5
4, 11277, -2.5, 1.0, -4.0, 1.0, 11, 0, contains(), -1.5
4, 11278, -2.5, 1.0, -4.0, 1.5, 11, 0, contains(), -1.5
4, 11279, -2.5, 1.0, -4.0, 2.0, 9, 0, food.contains(), -1.0
4, 11280, -2.5, 1.0, -4.0, 2.5, 9, 0, food.contains(), -0.5
4, 11281, -2.5, 1.0, -4.0, 3.0, 9, 0, food.contains(), 0.0
4, 11282, -2.5, 1.0, -4.0, 3.5, 0, 0, fruits.contains(food), 2.5
4, 11283, -2.5, 1.0, -4.0, 4.0, 0, 0, fruits.contains(food), 3.5
4, 11284, -2.5, 1.0, -4.0, 4.5, 0, 0, fruits.contains(food), 4.5
4, 11285, -2.5, 1.0, -4.0, 5.0, 0, 0, fruits.contains(food), 5.5
4, 11286, -2.5, 1.0, -3.5, 0.0, 11, 0, contains(), -1.5
4, 11287, -2.5, 1.0, -3.5, 0.5, 11, 0, contains(), -1.5
4, 11288, -2.5, 1.0, -3.5, 1.0, 11, 0, contains(), -1.5
4, 11289, -2.5, 1.0, -3.5, 1.5, 11, 0, contains(), -1.5
4, 11290, -2.5, 1.0, -3.5, 2.0, 9, 0, food.contains(), -1.0
4, 11291, -2.5, 1.0, -3.5, 2.5, 9, 0, food.contains(), -0.5
4, 11292, -2.5, 1.0, -3.5, 3.0, 9, 0, food.contains(), 0.0
4, 11293, -2.5, 1.0, -3.5, 3.5, 0, 0, fruits.contains(food), 2.5
4, 11294, -2.5, 1.0, -3.5, 4.0, 0, 0, fruits.contains(food), 3.5
4, 11295, -2.5, 1.0, -3.5, 4.5, 0, 0, fruits.contains(food), 4.5
4, 11296, -2.5, 1.0, -3.5, 5.0, 0, 0, fruits.contains(food), 5.5
4, 11297, -2.5, 1.0, -3.0, 0.0, 11, 0, contains(), -1.5
4, 11298, -2.5, 1.0, -3.0, 0.5, 11, 0, contains(), -1.5
4, 11299, -2.5, 1.0, -3.0, 1.0, 11, 0, contains(), -1.5
4, 11300, -2.5, 1.0, -3.0, 1.5, 11, 0, contains(), -1.5
4, 11301, -2.5, 1.0, -3.0, 2.0, 9, 0, food.contains(), -1.0
4, 11302, -2.5, 1.0, -3.0, 2.5, 9, 0, food.contains(), -0.5
4, 11303, -2.5, 1.0, -3.0, 3.0, 9, 0, food.contains(), 0.0
4, 11304, -2.5, 1.0, -3.0, 3.5, 0, 0, fruits.contains(food), 2.5
4, 11305, -2.5, 1.0, -3.0, 4.0, 0, 0, fruits.contains(food), 3.5
4, 11306, -2.5, 1.0, -3.0, 4.5, 0, 0, fruits.contains(food), 4.5
4, 11307, -2.5, 1.0, -3.0, 5.0, 0, 0, fruits.contains(food), 5.5
4, 11308, -2.5, 1.0, -2.5, 0.0, 11, 0, contains(), -1.5
4, 11309, -2.5, 1.0, -2.5, 0.5, 11, 0, contains(), -1.5
4, 11310, -2.5, 1.0, -2.5, 1.0, 11, 0, contains(), -1.5
4, 11311, -2.5, 1.0, -2.5, 1.5, 11, 0, contains(), -1.5
4, 11312, -2.5, 1.0, -2.5, 2.0, 9, 0, food.contains(), -1.0
4, 11313, -2.5, 1.0, -2.5, 2.5, 9, 0, food.contains(), -0.5
4, 11314, -2.5, 1.0, -2.5, 3.0, 9, 0, food.contains(), 0.0
4, 11315, -2.5, 1.0, -2.5, 3.5, 0, 0, fruits.contains(food), 2.5
4, 11316, -2.5, 1.0, -2.5, 4.0, 0, 0, fruits.contains(food), 3.5
4, 11317, -2.5, 1.0, -2.5, 4.5, 0, 0, fruits.contains(food), 4.5
4, 11318, -2.5, 1.0, -2.5, 5.0, 0, 0, fruits.contains(food), 5.5
4, 11319, -2.5, 1.0, -2.0, 0.0, 11, 0, contains(), -1.5
4, 11320, -2.5, 1.0, -2.0, 0.5, 11, 0, contains(), -1.5
4, 11321, -2.5, 1.0, -2.0, 1.0, 11, 0, contains(), -1.5
4, 11322, -2.5, 1.0, -2.0, 1.5, 11, 0, contains(), -1.5
4, 11323, -2.5, 1.0, -2.0, 2.0, 9, 0, food.contains(), -1.0
4, 11324, -2.5, 1.0, -2.0, 2.5, 9, 0, food.contains(), -0.5
4, 11325, -2.5, 1.0, -2.0, 3.0, 9, 0, food.contains(), 0.0
4, 11326, -2.5, 1.0, -2.0, 3.5, 0, 0, fruits.contains(food), 2.5
4, 11327, -2.5, 1.0, -2.0, 4.0, 0, 0, fruits.contains(food), 3.5
4, 11328, -2.5, 1.0, -2.0, 4.5, 0, 0, fruits.contains(food), 4.5
4, 11329, -2.5, 1.0, -2.0, 5.0, 0, 0, fruits.contains(food), 5.5
4, 11330, -2.5, 1.0, -1.5, 0.0, 11, 0, contains(), -1.5
4, 11331, -2.5, 1.0, -1.5, 0.5, 11, 0, contains(), -1.5
4, 11332, -2.5, 1.0, -1.5, 1.0, 11, 0, contains(), -1.5
4, 11333, -2.5, 1.0, -1.5, 1.5, 11, 0, contains(), -1.5
4, 11334, -2.5, 1.0, -1.5, 2.0, 9, 0, food.contains(), -1.0
4, 11335, -2.5, 1.0, -1.5, 2.5, 9, 0, food.contains(), -0.5
4, 11336, -2.5, 1.0, -1.5, 3.0, 9, 0, food.contains(), 0.0
4, 11337, -2.5, 1.0, -1.5, 3.5, 0, 0, fruits.contains(food), 2.5
4, 11338, -2.5, 1.0, -1.5, 4.0, 0, 0, fruits.contains(food), 3.5
4, 11339, -2.5, 1.0, -1.5, 4.5, 0, 0, fruits.contains(food), 4.5
4, 11340, -2.5, 1.0, -1.5, 5.0, 0, 0, fruits.contains(food), 5.5
4, 11341, -2.5, 1.0, -1.0, 0.0, 11, 0, contains(), -1.5
4, 11342, -2.5, 1.0, -1.0, 0.5, 11, 0, contains(), -1.5
4, 11343, -2.5, 1.0, -1.0, 1.0, 11, 0, contains(), -1.5
4, 11344, -2.5, 1.0, -1.0, 1.5, 11, 0, contains(), -1.5
4, 11345, -2.5, 1.0, -1.0, 2.0, 9, 0, food.contains(), -1.0
4, 11346, -2.5, 1.0, -1.0, 2.5, 9, 0, food.contains(), -0.5
4, 11347, -2.5, 1.0, -1.0, 3.0, 9, 1, food.contains(), 0.0
4, 11348, -2.5, 1.0, -1.0, 3.5, 0, 0, fruits.contains(food), 2.5
4, 11349, -2.5, 1.0, -1.0, 4.0, 0, 0, fruits.contains(food), 3.5
4, 11350, -2.5, 1.0, -1.0, 4.5, 0, 0, fruits.contains(food), 4.5
4, 11351, -2.5, 1.0, -1.0, 5.0, 5, 3, food.contains(food), 4.5
4, 11352, -2.5, 1.0, -0.5, 0.0, 11, 0, contains(), -1.5
4, 11353, -2.5, 1.0, -0.5, 0.5, 11, 0, contains(), -1.5
4, 11354, -2.5, 1.0, -0.5, 1.0, 11, 0, contains(), -1.5
4, 11355, -2.5, 1.0, -0.5, 1.5, 11, 0, contains(), -1.5
4, 11356, -2.5, 1.0, -0.5, 2.0, 9, 1, food.contains(), -1.0
4, 11357, -2.5, 1.0, -0.5, 2.5, 9, 1, food.contains(), -0.5
4, 11358, -2.5, 1.0, -0.5, 3.0, 9, 1, food.contains(), 0.0
4, 11359, -2.5, 1.0, -0.5, 3.5, 0, 0, fruits.contains(food), 2.5
4, 11360, -2.5, 1.0, -0.5, 4.0, 5, 3, food.contains(food), 2.5
4, 11361, -2.5, 1.0, -0.5, 4.5, 5, 5, food.contains(food), 3.5
4, 11362, -2.5, 1.0, -0.5, 5.0, 22, 2, fruits.contains(new Task04().isFruit(food)), 8.5
4, 11363, -2.5, 1.0, 0.0, 0.0, 11, 2, contains(), -1.5
4, 11364, -2.5, 1.0, 0.0, 0.5, 11, 2, contains(), -1.5
4, 11365, -2.5, 1.0, 0.0, 1.0, 11, 2, contains(), -1.5
4, 11366, -2.5, 1.0, 0.0, 1.5, 11, 3, contains(), -1.5
4, 11367, -2.5, 1.0, 0.0, 2.0, 9, 2, food.contains(), -1.0
4, 11368, -2.5, 1.0, 0.0, 2.5, 9, 2, food.contains(), -0.5
4, 11369, -2.5, 1.0, 0.0, 3.0, 9, 8, food.contains(), 0.0
4, 11370, -2.5, 1.0, 0.0, 3.5, 18, 3, new Task04().isFruit(food), 4.0
4, 11371, -2.5, 1.0, 0.0, 4.0, 18, 3, new Task04().isFruit(food), 5.5
4, 11372, -2.5, 1.0, 0.0, 4.5, 22, 4, fruits.contains(new Task04().isFruit(food)), 8.5
4, 11373, -2.5, 1.0, 0.0, 5.0, 37, 5, new Task04().isFruit(food.replaceAll(food, food)), 11.0
4, 11374, -2.0, 1.0, -5.0, 0.0, 11, 0, contains(), -1.0
4, 11375, -2.0, 1.0, -5.0, 0.5, 11, 0, contains(), -1.0
4, 11376, -2.0, 1.0, -5.0, 1.0, 11, 0, contains(), -1.0
4, 11377, -2.0, 1.0, -5.0, 1.5, 9, 0, food.contains(), -0.5
4, 11378, -2.0, 1.0, -5.0, 2.0, 9, 0, food.contains(), 0.0
4, 11379, -2.0, 1.0, -5.0, 2.5, 0, 0, fruits.contains(food), 2.0
4, 11380, -2.0, 1.0, -5.0, 3.0, 0, 0, fruits.contains(food), 3.0
4, 11381, -2.0, 1.0, -5.0, 3.5, 0, 0, fruits.contains(food), 4.0
4, 11382, -2.0, 1.0, -5.0, 4.0, 0, 0, fruits.contains(food), 5.0
4, 11383, -2.0, 1.0, -5.0, 4.5, 5, 1, food.contains(food), 5.0
4, 11384, -2.0, 1.0, -5.0, 5.0, 5, 1, food.contains(food), 6.0
4, 11385, -2.0, 1.0, -4.5, 0.0, 11, 0, contains(), -1.0
4, 11386, -2.0, 1.0, -4.5, 0.5, 11, 0, contains(), -1.0
4, 11387, -2.0, 1.0, -4.5, 1.0, 11, 0, contains(), -1.0
4, 11388, -2.0, 1.0, -4.5, 1.5, 9, 0, food.contains(), -0.5
4, 11389, -2.0, 1.0, -4.5, 2.0, 9, 0, food.contains(), 0.0
4, 11390, -2.0, 1.0, -4.5, 2.5, 0, 0, fruits.contains(food), 2.0
4, 11391, -2.0, 1.0, -4.5, 3.0, 0, 0, fruits.contains(food), 3.0
4, 11392, -2.0, 1.0, -4.5, 3.5, 0, 0, fruits.contains(food), 4.0
4, 11393, -2.0, 1.0, -4.5, 4.0, 0, 0, fruits.contains(food), 5.0
4, 11394, -2.0, 1.0, -4.5, 4.5, 5, 1, food.contains(food), 5.0
4, 11395, -2.0, 1.0, -4.5, 5.0, 5, 1, food.contains(food), 6.0
4, 11396, -2.0, 1.0, -4.0, 0.0, 11, 0, contains(), -1.0
4, 11397, -2.0, 1.0, -4.0, 0.5, 11, 0, contains(), -1.0
4, 11398, -2.0, 1.0, -4.0, 1.0, 11, 0, contains(), -1.0
4, 11399, -2.0, 1.0, -4.0, 1.5, 9, 0, food.contains(), -0.5
4, 11400, -2.0, 1.0, -4.0, 2.0, 9, 0, food.contains(), 0.0
4, 11401, -2.0, 1.0, -4.0, 2.5, 0, 0, fruits.contains(food), 2.0
4, 11402, -2.0, 1.0, -4.0, 3.0, 0, 0, fruits.contains(food), 3.0
4, 11403, -2.0, 1.0, -4.0, 3.5, 0, 0, fruits.contains(food), 4.0
4, 11404, -2.0, 1.0, -4.0, 4.0, 0, 0, fruits.contains(food), 5.0
4, 11405, -2.0, 1.0, -4.0, 4.5, 5, 1, food.contains(food), 5.0
4, 11406, -2.0, 1.0, -4.0, 5.0, 5, 1, food.contains(food), 6.0
4, 11407, -2.0, 1.0, -3.5, 0.0, 11, 0, contains(), -1.0
4, 11408, -2.0, 1.0, -3.5, 0.5, 11, 0, contains(), -1.0
4, 11409, -2.0, 1.0, -3.5, 1.0, 11, 0, contains(), -1.0
4, 11410, -2.0, 1.0, -3.5, 1.5, 9, 0, food.contains(), -0.5
4, 11411, -2.0, 1.0, -3.5, 2.0, 9, 0, food.contains(), 0.0
4, 11412, -2.0, 1.0, -3.5, 2.5, 0, 0, fruits.contains(food), 2.0
4, 11413, -2.0, 1.0, -3.5, 3.0, 0, 0, fruits.contains(food), 3.0
4, 11414, -2.0, 1.0, -3.5, 3.5, 0, 0, fruits.contains(food), 4.0
4, 11415, -2.0, 1.0, -3.5, 4.0, 0, 0, fruits.contains(food), 5.0
4, 11416, -2.0, 1.0, -3.5, 4.5, 5, 1, food.contains(food), 5.0
4, 11417, -2.0, 1.0, -3.5, 5.0, 5, 1, food.contains(food), 6.0
4, 11418, -2.0, 1.0, -3.0, 0.0, 11, 0, contains(), -1.0
4, 11419, -2.0, 1.0, -3.0, 0.5, 11, 0, contains(), -1.0
4, 11420, -2.0, 1.0, -3.0, 1.0, 11, 0, contains(), -1.0
4, 11421, -2.0, 1.0, -3.0, 1.5, 9, 0, food.contains(), -0.5
4, 11422, -2.0, 1.0, -3.0, 2.0, 9, 0, food.contains(), 0.0
4, 11423, -2.0, 1.0, -3.0, 2.5, 0, 0, fruits.contains(food), 2.0
4, 11424, -2.0, 1.0, -3.0, 3.0, 0, 0, fruits.contains(food), 3.0
4, 11425, -2.0, 1.0, -3.0, 3.5, 0, 0, fruits.contains(food), 4.0
4, 11426, -2.0, 1.0, -3.0, 4.0, 0, 0, fruits.contains(food), 5.0
4, 11427, -2.0, 1.0, -3.0, 4.5, 5, 1, food.contains(food), 5.0
4, 11428, -2.0, 1.0, -3.0, 5.0, 5, 1, food.contains(food), 6.0
4, 11429, -2.0, 1.0, -2.5, 0.0, 11, 0, contains(), -1.0
4, 11430, -2.0, 1.0, -2.5, 0.5, 11, 0, contains(), -1.0
4, 11431, -2.0, 1.0, -2.5, 1.0, 11, 0, contains(), -1.0
4, 11432, -2.0, 1.0, -2.5, 1.5, 9, 0, food.contains(), -0.5
4, 11433, -2.0, 1.0, -2.5, 2.0, 9, 0, food.contains(), 0.0
4, 11434, -2.0, 1.0, -2.5, 2.5, 0, 0, fruits.contains(food), 2.0
4, 11435, -2.0, 1.0, -2.5, 3.0, 0, 0, fruits.contains(food), 3.0
4, 11436, -2.0, 1.0, -2.5, 3.5, 0, 0, fruits.contains(food), 4.0
4, 11437, -2.0, 1.0, -2.5, 4.0, 0, 0, fruits.contains(food), 5.0
4, 11438, -2.0, 1.0, -2.5, 4.5, 5, 1, food.contains(food), 5.0
4, 11439, -2.0, 1.0, -2.5, 5.0, 5, 2, food.contains(food), 6.0
4, 11440, -2.0, 1.0, -2.0, 0.0, 11, 0, contains(), -1.0
4, 11441, -2.0, 1.0, -2.0, 0.5, 11, 0, contains(), -1.0
4, 11442, -2.0, 1.0, -2.0, 1.0, 11, 0, contains(), -1.0
4, 11443, -2.0, 1.0, -2.0, 1.5, 9, 0, food.contains(), -0.5
4, 11444, -2.0, 1.0, -2.0, 2.0, 9, 0, food.contains(), 0.0
4, 11445, -2.0, 1.0, -2.0, 2.5, 0, 0, fruits.contains(food), 2.0
4, 11446, -2.0, 1.0, -2.0, 3.0, 0, 0, fruits.contains(food), 3.0
4, 11447, -2.0, 1.0, -2.0, 3.5, 0, 0, fruits.contains(food), 4.0
4, 11448, -2.0, 1.0, -2.0, 4.0, 0, 0, fruits.contains(food), 5.0
4, 11449, -2.0, 1.0, -2.0, 4.5, 5, 1, food.contains(food), 5.0
4, 11450, -2.0, 1.0, -2.0, 5.0, 5, 2, food.contains(food), 6.0
4, 11451, -2.0, 1.0, -1.5, 0.0, 11, 0, contains(), -1.0
4, 11452, -2.0, 1.0, -1.5, 0.5, 11, 0, contains(), -1.0
4, 11453, -2.0, 1.0, -1.5, 1.0, 11, 0, contains(), -1.0
4, 11454, -2.0, 1.0, -1.5, 1.5, 9, 0, food.contains(), -0.5
4, 11455, -2.0, 1.0, -1.5, 2.0, 9, 0, food.contains(), 0.0
4, 11456, -2.0, 1.0, -1.5, 2.5, 0, 0, fruits.contains(food), 2.0
4, 11457, -2.0, 1.0, -1.5, 3.0, 0, 0, fruits.contains(food), 3.0
4, 11458, -2.0, 1.0, -1.5, 3.5, 0, 0, fruits.contains(food), 4.0
4, 11459, -2.0, 1.0, -1.5, 4.0, 0, 0, fruits.contains(food), 5.0
4, 11460, -2.0, 1.0, -1.5, 4.5, 5, 2, food.contains(food), 5.0
4, 11461, -2.0, 1.0, -1.5, 5.0, 20, 2, fruits.contains(food.replace(food, food)), 9.5
4, 11462, -2.0, 1.0, -1.0, 0.0, 11, 0, contains(), -1.0
4, 11463, -2.0, 1.0, -1.0, 0.5, 11, 0, contains(), -1.0
4, 11464, -2.0, 1.0, -1.0, 1.0, 11, 0, contains(), -1.0
4, 11465, -2.0, 1.0, -1.0, 1.5, 9, 0, food.contains(), -0.5
4, 11466, -2.0, 1.0, -1.0, 2.0, 9, 0, food.contains(), 0.0
4, 11467, -2.0, 1.0, -1.0, 2.5, 0, 0, fruits.contains(food), 2.0
4, 11468, -2.0, 1.0, -1.0, 3.0, 0, 0, fruits.contains(food), 3.0
4, 11469, -2.0, 1.0, -1.0, 3.5, 0, 0, fruits.contains(food), 4.0
4, 11470, -2.0, 1.0, -1.0, 4.0, 0, 0, fruits.contains(food), 5.0
4, 11471, -2.0, 1.0, -1.0, 4.5, 20, 2, fruits.contains(food.replace(food, food)), 8.0
4, 11472, -2.0, 1.0, -1.0, 5.0, 20, 4, fruits.contains(food.replace(food, food)), 10.0
4, 11473, -2.0, 1.0, -0.5, 0.0, 11, 0, contains(), -1.0
4, 11474, -2.0, 1.0, -0.5, 0.5, 11, 0, contains(), -1.0
4, 11475, -2.0, 1.0, -0.5, 1.0, 11, 0, contains(), -1.0
4, 11476, -2.0, 1.0, -0.5, 1.5, 9, 0, food.contains(), -0.5
4, 11477, -2.0, 1.0, -0.5, 2.0, 9, 1, food.contains(), 0.0
4, 11478, -2.0, 1.0, -0.5, 2.5, 0, 0, fruits.contains(food), 2.0
4, 11479, -2.0, 1.0, -0.5, 3.0, 0, 0, fruits.contains(food), 3.0
4, 11480, -2.0, 1.0, -0.5, 3.5, 5, 4, food.contains(food), 3.0
4, 11481, -2.0, 1.0, -0.5, 4.0, 22, 1, fruits.contains(new Task04().isFruit(food)), 7.0
4, 11482, -2.0, 1.0, -0.5, 4.5, 22, 5, fruits.contains(new Task04().isFruit(food)), 9.0
4, 11483, -2.0, 1.0, -0.5, 5.0, 42, 3, food.replace(food, food).contains(food.replace(food, food)), 13.0
4, 11484, -2.0, 1.0, 0.0, 0.0, 11, 2, contains(), -1.0
4, 11485, -2.0, 1.0, 0.0, 0.5, 11, 2, contains(), -1.0
4, 11486, -2.0, 1.0, 0.0, 1.0, 11, 2, contains(), -1.0
4, 11487, -2.0, 1.0, 0.0, 1.5, 9, 2, food.contains(), -0.5
4, 11488, -2.0, 1.0, 0.0, 2.0, 9, 2, food.contains(), 0.0
4, 11489, -2.0, 1.0, 0.0, 2.5, 5, 8, food.contains(food), 1.0
4, 11490, -2.0, 1.0, 0.0, 3.0, 18, 3, new Task04().isFruit(food), 4.0
4, 11491, -2.0, 1.0, 0.0, 3.5, 22, 3, fruits.contains(new Task04().isFruit(food)), 7.0
4, 11492, -2.0, 1.0, 0.0, 4.0, 22, 4, fruits.contains(new Task04().isFruit(food)), 9.0
4, 11493, -2.0, 1.0, 0.0, 4.5, 37, 9, new Task04().isFruit(food.replaceAll(food, food)), 11.5
4, 11494, -2.0, 1.0, 0.0, 5.0, 37, 9, new Task04().isFruit(food.replaceAll(food, food)), 14.0
4, 11495, -1.5, 1.0, -5.0, 0.0, 11, 0, contains(), -0.5
4, 11496, -1.5, 1.0, -5.0, 0.5, 11, 0, contains(), -0.5
4, 11497, -1.5, 1.0, -5.0, 1.0, 9, 0, food.contains(), 0.0
4, 11498, -1.5, 1.0, -5.0, 1.5, 0, 0, fruits.contains(food), 1.5
4, 11499, -1.5, 1.0, -5.0, 2.0, 0, 0, fruits.contains(food), 2.5
4, 11500, -1.5, 1.0, -5.0, 2.5, 0, 0, fruits.contains(food), 3.5
4, 11501, -1.5, 1.0, -5.0, 3.0, 0, 0, fruits.contains(food), 4.5
4, 11502, -1.5, 1.0, -5.0, 3.5, 5, 1, food.contains(food), 4.5
4, 11503, -1.5, 1.0, -5.0, 4.0, 5, 1, food.contains(food), 5.5
4, 11504, -1.5, 1.0, -5.0, 4.5, 5, 1, food.contains(food), 6.5
4, 11505, -1.5, 1.0, -5.0, 5.0, 5, 1, food.contains(food), 7.5
4, 11506, -1.5, 1.0, -4.5, 0.0, 11, 0, contains(), -0.5
4, 11507, -1.5, 1.0, -4.5, 0.5, 11, 0, contains(), -0.5
4, 11508, -1.5, 1.0, -4.5, 1.0, 9, 0, food.contains(), 0.0
4, 11509, -1.5, 1.0, -4.5, 1.5, 0, 0, fruits.contains(food), 1.5
4, 11510, -1.5, 1.0, -4.5, 2.0, 0, 0, fruits.contains(food), 2.5
4, 11511, -1.5, 1.0, -4.5, 2.5, 0, 0, fruits.contains(food), 3.5
4, 11512, -1.5, 1.0, -4.5, 3.0, 0, 0, fruits.contains(food), 4.5
4, 11513, -1.5, 1.0, -4.5, 3.5, 5, 1, food.contains(food), 4.5
4, 11514, -1.5, 1.0, -4.5, 4.0, 5, 1, food.contains(food), 5.5
4, 11515, -1.5, 1.0, -4.5, 4.5, 5, 1, food.contains(food), 6.5
4, 11516, -1.5, 1.0, -4.5, 5.0, 5, 2, food.contains(food), 7.5
4, 11517, -1.5, 1.0, -4.0, 0.0, 11, 0, contains(), -0.5
4, 11518, -1.5, 1.0, -4.0, 0.5, 11, 0, contains(), -0.5
4, 11519, -1.5, 1.0, -4.0, 1.0, 9, 0, food.contains(), 0.0
4, 11520, -1.5, 1.0, -4.0, 1.5, 0, 0, fruits.contains(food), 1.5
4, 11521, -1.5, 1.0, -4.0, 2.0, 0, 0, fruits.contains(food), 2.5
4, 11522, -1.5, 1.0, -4.0, 2.5, 0, 0, fruits.contains(food), 3.5
4, 11523, -1.5, 1.0, -4.0, 3.0, 0, 0, fruits.contains(food), 4.5
4, 11524, -1.5, 1.0, -4.0, 3.5, 5, 1, food.contains(food), 4.5
4, 11525, -1.5, 1.0, -4.0, 4.0, 5, 1, food.contains(food), 5.5
4, 11526, -1.5, 1.0, -4.0, 4.5, 5, 1, food.contains(food), 6.5
4, 11527, -1.5, 1.0, -4.0, 5.0, 5, 2, food.contains(food), 7.5
4, 11528, -1.5, 1.0, -3.5, 0.0, 11, 0, contains(), -0.5
4, 11529, -1.5, 1.0, -3.5, 0.5, 11, 0, contains(), -0.5
4, 11530, -1.5, 1.0, -3.5, 1.0, 9, 0, food.contains(), 0.0
4, 11531, -1.5, 1.0, -3.5, 1.5, 0, 0, fruits.contains(food), 1.5
4, 11532, -1.5, 1.0, -3.5, 2.0, 0, 0, fruits.contains(food), 2.5
4, 11533, -1.5, 1.0, -3.5, 2.5, 0, 0, fruits.contains(food), 3.5
4, 11534, -1.5, 1.0, -3.5, 3.0, 0, 0, fruits.contains(food), 4.5
4, 11535, -1.5, 1.0, -3.5, 3.5, 5, 1, food.contains(food), 4.5
4, 11536, -1.5, 1.0, -3.5, 4.0, 5, 1, food.contains(food), 5.5
4, 11537, -1.5, 1.0, -3.5, 4.5, 5, 2, food.contains(food), 6.5
4, 11538, -1.5, 1.0, -3.5, 5.0, 5, 2, food.contains(food), 7.5
4, 11539, -1.5, 1.0, -3.0, 0.0, 11, 0, contains(), -0.5
4, 11540, -1.5, 1.0, -3.0, 0.5, 11, 0, contains(), -0.5
4, 11541, -1.5, 1.0, -3.0, 1.0, 9, 0, food.contains(), 0.0
4, 11542, -1.5, 1.0, -3.0, 1.5, 0, 0, fruits.contains(food), 1.5
4, 11543, -1.5, 1.0, -3.0, 2.0, 0, 0, fruits.contains(food), 2.5
4, 11544, -1.5, 1.0, -3.0, 2.5, 0, 0, fruits.contains(food), 3.5
4, 11545, -1.5, 1.0, -3.0, 3.0, 0, 0, fruits.contains(food), 4.5
4, 11546, -1.5, 1.0, -3.0, 3.5, 5, 1, food.contains(food), 4.5
4, 11547, -1.5, 1.0, -3.0, 4.0, 5, 1, food.contains(food), 5.5
4, 11548, -1.5, 1.0, -3.0, 4.5, 5, 2, food.contains(food), 6.5
4, 11549, -1.5, 1.0, -3.0, 5.0, 5, 2, food.contains(food), 7.5
4, 11550, -1.5, 1.0, -2.5, 0.0, 11, 0, contains(), -0.5
4, 11551, -1.5, 1.0, -2.5, 0.5, 11, 0, contains(), -0.5
4, 11552, -1.5, 1.0, -2.5, 1.0, 9, 0, food.contains(), 0.0
4, 11553, -1.5, 1.0, -2.5, 1.5, 0, 0, fruits.contains(food), 1.5
4, 11554, -1.5, 1.0, -2.5, 2.0, 0, 0, fruits.contains(food), 2.5
4, 11555, -1.5, 1.0, -2.5, 2.5, 0, 0, fruits.contains(food), 3.5
4, 11556, -1.5, 1.0, -2.5, 3.0, 0, 0, fruits.contains(food), 4.5
4, 11557, -1.5, 1.0, -2.5, 3.5, 5, 1, food.contains(food), 4.5
4, 11558, -1.5, 1.0, -2.5, 4.0, 5, 2, food.contains(food), 5.5
4, 11559, -1.5, 1.0, -2.5, 4.5, 5, 2, food.contains(food), 6.5
4, 11560, -1.5, 1.0, -2.5, 5.0, 20, 2, fruits.contains(food.replace(food, food)), 11.5
4, 11561, -1.5, 1.0, -2.0, 0.0, 11, 0, contains(), -0.5
4, 11562, -1.5, 1.0, -2.0, 0.5, 11, 0, contains(), -0.5
4, 11563, -1.5, 1.0, -2.0, 1.0, 9, 0, food.contains(), 0.0
4, 11564, -1.5, 1.0, -2.0, 1.5, 0, 0, fruits.contains(food), 1.5
4, 11565, -1.5, 1.0, -2.0, 2.0, 0, 0, fruits.contains(food), 2.5
4, 11566, -1.5, 1.0, -2.0, 2.5, 0, 0, fruits.contains(food), 3.5
4, 11567, -1.5, 1.0, -2.0, 3.0, 0, 0, fruits.contains(food), 4.5
4, 11568, -1.5, 1.0, -2.0, 3.5, 5, 1, food.contains(food), 4.5
4, 11569, -1.5, 1.0, -2.0, 4.0, 5, 2, food.contains(food), 5.5
4, 11570, -1.5, 1.0, -2.0, 4.5, 20, 2, fruits.contains(food.replace(food, food)), 10.0
4, 11571, -1.5, 1.0, -2.0, 5.0, 20, 3, fruits.contains(food.replace(food, food)), 12.0
4, 11572, -1.5, 1.0, -1.5, 0.0, 11, 0, contains(), -0.5
4, 11573, -1.5, 1.0, -1.5, 0.5, 11, 0, contains(), -0.5
4, 11574, -1.5, 1.0, -1.5, 1.0, 9, 0, food.contains(), 0.0
4, 11575, -1.5, 1.0, -1.5, 1.5, 0, 0, fruits.contains(food), 1.5
4, 11576, -1.5, 1.0, -1.5, 2.0, 0, 0, fruits.contains(food), 2.5
4, 11577, -1.5, 1.0, -1.5, 2.5, 0, 0, fruits.contains(food), 3.5
4, 11578, -1.5, 1.0, -1.5, 3.0, 0, 0, fruits.contains(food), 4.5
4, 11579, -1.5, 1.0, -1.5, 3.5, 5, 2, food.contains(food), 4.5
4, 11580, -1.5, 1.0, -1.5, 4.0, 20, 2, fruits.contains(food.replace(food, food)), 8.5
4, 11581, -1.5, 1.0, -1.5, 4.5, 20, 3, fruits.contains(food.replace(food, food)), 10.5
4, 11582, -1.5, 1.0, -1.5, 5.0, 20, 7, fruits.contains(food.replace(food, food)), 12.5
4, 11583, -1.5, 1.0, -1.0, 0.0, 11, 0, contains(), -0.5
4, 11584, -1.5, 1.0, -1.0, 0.5, 11, 0, contains(), -0.5
4, 11585, -1.5, 1.0, -1.0, 1.0, 9, 0, food.contains(), 0.0
4, 11586, -1.5, 1.0, -1.0, 1.5, 0, 0, fruits.contains(food), 1.5
4, 11587, -1.5, 1.0, -1.0, 2.0, 0, 0, fruits.contains(food), 2.5
4, 11588, -1.5, 1.0, -1.0, 2.5, 0, 0, fruits.contains(food), 3.5
4, 11589, -1.5, 1.0, -1.0, 3.0, 0, 0, fruits.contains(food), 4.5
4, 11590, -1.5, 1.0, -1.0, 3.5, 20, 2, fruits.contains(food.replace(food, food)), 7.0
4, 11591, -1.5, 1.0, -1.0, 4.0, 20, 3, fruits.contains(food.replace(food, food)), 9.0
4, 11592, -1.5, 1.0, -1.0, 4.5, 20, 7, fruits.contains(food.replace(food, food)), 11.0
4, 11593, -1.5, 1.0, -1.0, 5.0, 33, 6, fruits.contains(food).equals(food.replace(food, food)), 14.0
4, 11594, -1.5, 1.0, -0.5, 0.0, 11, 0, contains(), -0.5
4, 11595, -1.5, 1.0, -0.5, 0.5, 11, 0, contains(), -0.5
4, 11596, -1.5, 1.0, -0.5, 1.0, 9, 0, food.contains(), 0.0
4, 11597, -1.5, 1.0, -0.5, 1.5, 0, 0, fruits.contains(food), 1.5
4, 11598, -1.5, 1.0, -0.5, 2.0, 0, 0, fruits.contains(food), 2.5
4, 11599, -1.5, 1.0, -0.5, 2.5, 0, 0, fruits.contains(food), 3.5
4, 11600, -1.5, 1.0, -0.5, 3.0, 22, 0, fruits.contains(new Task04().isFruit(food)), 5.5
4, 11601, -1.5, 1.0, -0.5, 3.5, 22, 4, fruits.contains(new Task04().isFruit(food)), 7.5
4, 11602, -1.5, 1.0, -0.5, 4.0, 22, 8, fruits.contains(new Task04().isFruit(food)), 9.5
4, 11603, -1.5, 1.0, -0.5, 4.5, 42, 3, food.replace(food, food).contains(food.replace(food, food)), 14.5
4, 11604, -1.5, 1.0, -0.5, 5.0, 42, 3, food.replace(food, food).contains(food.replace(food, food)), 17.5
4, 11605, -1.5, 1.0, 0.0, 0.0, 11, 2, contains(), -0.5
4, 11606, -1.5, 1.0, 0.0, 0.5, 11, 2, contains(), -0.5
4, 11607, -1.5, 1.0, 0.0, 1.0, 9, 2, food.contains(), 0.0
4, 11608, -1.5, 1.0, 0.0, 1.5, 0, 0, fruits.contains(food), 1.5
4, 11609, -1.5, 1.0, 0.0, 2.0, 5, 6, food.contains(food), 1.5
4, 11610, -1.5, 1.0, 0.0, 2.5, 22, 1, fruits.contains(new Task04().isFruit(food)), 5.5
4, 11611, -1.5, 1.0, 0.0, 3.0, 22, 4, fruits.contains(new Task04().isFruit(food)), 7.5
4, 11612, -1.5, 1.0, 0.0, 3.5, 22, 9, fruits.contains(new Task04().isFruit(food)), 9.5
4, 11613, -1.5, 1.0, 0.0, 4.0, 47, 4, new Task04().isFruit(food).equals(new Task04().isFruit(food)), 14.5
4, 11614, -1.5, 1.0, 0.0, 4.5, 47, 4, new Task04().isFruit(food).equals(new Task04().isFruit(food)), 17.5
4, 11615, -1.5, 1.0, 0.0, 5.0, 47, 4, new Task04().isFruit(food).equals(new Task04().isFruit(food)), 20.5
4, 11616, -1.0, 1.0, -5.0, 0.0, 11, 0, contains(), 0.0
4, 11617, -1.0, 1.0, -5.0, 0.5, 0, 0, fruits.contains(food), 1.0
4, 11618, -1.0, 1.0, -5.0, 1.0, 0, 0, fruits.contains(food), 2.0
4, 11619, -1.0, 1.0, -5.0, 1.5, 0, 0, fruits.contains(food), 3.0
4, 11620, -1.0, 1.0, -5.0, 2.0, 0, 0, fruits.contains(food), 4.0
4, 11621, -1.0, 1.0, -5.0, 2.5, 5, 2, food.contains(food), 4.0
4, 11622, -1.0, 1.0, -5.0, 3.0, 5, 2, food.contains(food), 5.0
4, 11623, -1.0, 1.0, -5.0, 3.5, 5, 2, food.contains(food), 6.0
4, 11624, -1.0, 1.0, -5.0, 4.0, 5, 2, food.contains(food), 7.0
4, 11625, -1.0, 1.0, -5.0, 4.5, 5, 3, food.contains(food), 8.0
4, 11626, -1.0, 1.0, -5.0, 5.0, 5, 3, food.contains(food), 9.0
4, 11627, -1.0, 1.0, -4.5, 0.0, 11, 0, contains(), 0.0
4, 11628, -1.0, 1.0, -4.5, 0.5, 0, 0, fruits.contains(food), 1.0
4, 11629, -1.0, 1.0, -4.5, 1.0, 0, 0, fruits.contains(food), 2.0
4, 11630, -1.0, 1.0, -4.5, 1.5, 0, 0, fruits.contains(food), 3.0
4, 11631, -1.0, 1.0, -4.5, 2.0, 0, 0, fruits.contains(food), 4.0
4, 11632, -1.0, 1.0, -4.5, 2.5, 5, 2, food.contains(food), 4.0
4, 11633, -1.0, 1.0, -4.5, 3.0, 5, 2, food.contains(food), 5.0
4, 11634, -1.0, 1.0, -4.5, 3.5, 5, 2, food.contains(food), 6.0
4, 11635, -1.0, 1.0, -4.5, 4.0, 5, 3, food.contains(food), 7.0
4, 11636, -1.0, 1.0, -4.5, 4.5, 5, 3, food.contains(food), 8.0
4, 11637, -1.0, 1.0, -4.5, 5.0, 5, 3, food.contains(food), 9.0
4, 11638, -1.0, 1.0, -4.0, 0.0, 11, 0, contains(), 0.0
4, 11639, -1.0, 1.0, -4.0, 0.5, 0, 0, fruits.contains(food), 1.0
4, 11640, -1.0, 1.0, -4.0, 1.0, 0, 0, fruits.contains(food), 2.0
4, 11641, -1.0, 1.0, -4.0, 1.5, 0, 0, fruits.contains(food), 3.0
4, 11642, -1.0, 1.0, -4.0, 2.0, 0, 0, fruits.contains(food), 4.0
4, 11643, -1.0, 1.0, -4.0, 2.5, 5, 2, food.contains(food), 4.0
4, 11644, -1.0, 1.0, -4.0, 3.0, 5, 2, food.contains(food), 5.0
4, 11645, -1.0, 1.0, -4.0, 3.5, 5, 2, food.contains(food), 6.0
4, 11646, -1.0, 1.0, -4.0, 4.0, 5, 3, food.contains(food), 7.0
4, 11647, -1.0, 1.0, -4.0, 4.5, 5, 3, food.contains(food), 8.0
4, 11648, -1.0, 1.0, -4.0, 5.0, 5, 3, food.contains(food), 9.0
4, 11649, -1.0, 1.0, -3.5, 0.0, 11, 0, contains(), 0.0
4, 11650, -1.0, 1.0, -3.5, 0.5, 0, 0, fruits.contains(food), 1.0
4, 11651, -1.0, 1.0, -3.5, 1.0, 0, 0, fruits.contains(food), 2.0
4, 11652, -1.0, 1.0, -3.5, 1.5, 0, 0, fruits.contains(food), 3.0
4, 11653, -1.0, 1.0, -3.5, 2.0, 0, 0, fruits.contains(food), 4.0
4, 11654, -1.0, 1.0, -3.5, 2.5, 5, 2, food.contains(food), 4.0
4, 11655, -1.0, 1.0, -3.5, 3.0, 5, 2, food.contains(food), 5.0
4, 11656, -1.0, 1.0, -3.5, 3.5, 5, 3, food.contains(food), 6.0
4, 11657, -1.0, 1.0, -3.5, 4.0, 5, 3, food.contains(food), 7.0
4, 11658, -1.0, 1.0, -3.5, 4.5, 5, 3, food.contains(food), 8.0
4, 11659, -1.0, 1.0, -3.5, 5.0, 15, 8, fruits.remove(fruits.contains(food)), 9.5
4, 11660, -1.0, 1.0, -3.0, 0.0, 11, 0, contains(), 0.0
4, 11661, -1.0, 1.0, -3.0, 0.5, 0, 0, fruits.contains(food), 1.0
4, 11662, -1.0, 1.0, -3.0, 1.0, 0, 0, fruits.contains(food), 2.0
4, 11663, -1.0, 1.0, -3.0, 1.5, 0, 0, fruits.contains(food), 3.0
4, 11664, -1.0, 1.0, -3.0, 2.0, 0, 0, fruits.contains(food), 4.0
4, 11665, -1.0, 1.0, -3.0, 2.5, 5, 2, food.contains(food), 4.0
4, 11666, -1.0, 1.0, -3.0, 3.0, 5, 2, food.contains(food), 5.0
4, 11667, -1.0, 1.0, -3.0, 3.5, 5, 3, food.contains(food), 6.0
4, 11668, -1.0, 1.0, -3.0, 4.0, 5, 3, food.contains(food), 7.0
4, 11669, -1.0, 1.0, -3.0, 4.5, 15, 8, fruits.remove(fruits.contains(food)), 8.5
4, 11670, -1.0, 1.0, -3.0, 5.0, 20, 3, fruits.contains(food.replace(food, food)), 14.0
4, 11671, -1.0, 1.0, -2.5, 0.0, 11, 0, contains(), 0.0
4, 11672, -1.0, 1.0, -2.5, 0.5, 0, 0, fruits.contains(food), 1.0
4, 11673, -1.0, 1.0, -2.5, 1.0, 0, 0, fruits.contains(food), 2.0
4, 11674, -1.0, 1.0, -2.5, 1.5, 0, 0, fruits.contains(food), 3.0
4, 11675, -1.0, 1.0, -2.5, 2.0, 0, 0, fruits.contains(food), 4.0
4, 11676, -1.0, 1.0, -2.5, 2.5, 5, 2, food.contains(food), 4.0
4, 11677, -1.0, 1.0, -2.5, 3.0, 5, 3, food.contains(food), 5.0
4, 11678, -1.0, 1.0, -2.5, 3.5, 5, 3, food.contains(food), 6.0
4, 11679, -1.0, 1.0, -2.5, 4.0, 15, 8, fruits.remove(fruits.contains(food)), 7.5
4, 11680, -1.0, 1.0, -2.5, 4.5, 20, 3, fruits.contains(food.replace(food, food)), 12.5
4, 11681, -1.0, 1.0, -2.5, 5.0, 20, 5, fruits.contains(food.replace(food, food)), 14.5
4, 11682, -1.0, 1.0, -2.0, 0.0, 11, 0, contains(), 0.0
4, 11683, -1.0, 1.0, -2.0, 0.5, 0, 0, fruits.contains(food), 1.0
4, 11684, -1.0, 1.0, -2.0, 1.0, 0, 0, fruits.contains(food), 2.0
4, 11685, -1.0, 1.0, -2.0, 1.5, 0, 0, fruits.contains(food), 3.0
4, 11686, -1.0, 1.0, -2.0, 2.0, 0, 0, fruits.contains(food), 4.0
4, 11687, -1.0, 1.0, -2.0, 2.5, 5, 2, food.contains(food), 4.0
4, 11688, -1.0, 1.0, -2.0, 3.0, 5, 3, food.contains(food), 5.0
4, 11689, -1.0, 1.0, -2.0, 3.5, 15, 8, fruits.remove(fruits.contains(food)), 6.5
4, 11690, -1.0, 1.0, -2.0, 4.0, 20, 3, fruits.contains(food.replace(food, food)), 11.0
4, 11691, -1.0, 1.0, -2.0, 4.5, 20, 6, fruits.contains(food.replace(food, food)), 13.0
4, 11692, -1.0, 1.0, -2.0, 5.0, 20, 7, fruits.contains(food.replace(food, food)), 15.0
4, 11693, -1.0, 1.0, -1.5, 0.0, 11, 0, contains(), 0.0
4, 11694, -1.0, 1.0, -1.5, 0.5, 0, 0, fruits.contains(food), 1.0
4, 11695, -1.0, 1.0, -1.5, 1.0, 0, 0, fruits.contains(food), 2.0
4, 11696, -1.0, 1.0, -1.5, 1.5, 0, 0, fruits.contains(food), 3.0
4, 11697, -1.0, 1.0, -1.5, 2.0, 0, 0, fruits.contains(food), 4.0
4, 11698, -1.0, 1.0, -1.5, 2.5, 5, 3, food.contains(food), 4.0
4, 11699, -1.0, 1.0, -1.5, 3.0, 15, 8, fruits.remove(fruits.contains(food)), 5.5
4, 11700, -1.0, 1.0, -1.5, 3.5, 20, 3, fruits.contains(food.replace(food, food)), 9.5
4, 11701, -1.0, 1.0, -1.5, 4.0, 20, 6, fruits.contains(food.replace(food, food)), 11.5
4, 11702, -1.0, 1.0, -1.5, 4.5, 20, 7, fruits.contains(food.replace(food, food)), 13.5
4, 11703, -1.0, 1.0, -1.5, 5.0, 33, 6, fruits.contains(food).equals(food.replace(food, food)), 17.0
4, 11704, -1.0, 1.0, -1.0, 0.0, 11, 0, contains(), 0.0
4, 11705, -1.0, 1.0, -1.0, 0.5, 0, 0, fruits.contains(food), 1.0
4, 11706, -1.0, 1.0, -1.0, 1.0, 0, 0, fruits.contains(food), 2.0
4, 11707, -1.0, 1.0, -1.0, 1.5, 0, 0, fruits.contains(food), 3.0
4, 11708, -1.0, 1.0, -1.0, 2.0, 0, 0, fruits.contains(food), 4.0
4, 11709, -1.0, 1.0, -1.0, 2.5, 15, 7, fruits.remove(fruits.contains(food)), 4.5
4, 11710, -1.0, 1.0, -1.0, 3.0, 20, 3, fruits.contains(food.replace(food, food)), 8.0
4, 11711, -1.0, 1.0, -1.0, 3.5, 20, 7, fruits.contains(food.replace(food, food)), 10.0
4, 11712, -1.0, 1.0, -1.0, 4.0, 33, 4, food.replace(food, food).equals(fruits.contains(food)), 13.0
4, 11713, -1.0, 1.0, -1.0, 4.5, 33, 6, fruits.contains(food).equals(food.replace(food, food)), 15.5
4, 11714, -1.0, 1.0, -1.0, 5.0, 33, 9, fruits.contains(food).equals(food.replace(food, food)), 18.0
4, 11715, -1.0, 1.0, -0.5, 0.0, 11, 0, contains(), 0.0
4, 11716, -1.0, 1.0, -0.5, 0.5, 0, 0, fruits.contains(food), 1.0
4, 11717, -1.0, 1.0, -0.5, 1.0, 0, 0, fruits.contains(food), 2.0
4, 11718, -1.0, 1.0, -0.5, 1.5, 0, 0, fruits.contains(food), 3.0
4, 11719, -1.0, 1.0, -0.5, 2.0, 15, 7, fruits.remove(fruits.contains(food)), 3.5
4, 11720, -1.0, 1.0, -0.5, 2.5, 20, 4, fruits.contains(food.replace(food, food)), 6.5
4, 11721, -1.0, 1.0, -0.5, 3.0, 20, 9, fruits.contains(food.replace(food, food)), 8.5
4, 11722, -1.0, 1.0, -0.5, 3.5, 33, 4, food.replace(food, food).equals(fruits.contains(food)), 11.5
4, 11723, -1.0, 1.0, -0.5, 4.0, 33, 9, fruits.contains(food).equals(food.replace(food, food)), 14.0
4, 11724, -1.0, 1.0, -0.5, 4.5, 42, 3, food.replace(food, food).contains(food.replace(food, food)), 19.0
4, 11725, -1.0, 1.0, -0.5, 5.0, 42, 3, food.replace(food, food).contains(food.replace(food, food)), 22.0
4, 11726, -1.0, 1.0, 0.0, 0.0, 11, 2, contains(), 0.0
4, 11727, -1.0, 1.0, 0.0, 0.5, 0, 0, fruits.contains(food), 1.0
4, 11728, -1.0, 1.0, 0.0, 1.0, 0, 0, fruits.contains(food), 2.0
4, 11729, -1.0, 1.0, 0.0, 1.5, 18, 9, new Task04().isFruit(food), 2.5
4, 11730, -1.0, 1.0, 0.0, 2.0, 22, 2, fruits.contains(new Task04().isFruit(food)), 6.0
4, 11731, -1.0, 1.0, 0.0, 2.5, 22, 5, fruits.contains(new Task04().isFruit(food)), 8.0
4, 11732, -1.0, 1.0, 0.0, 3.0, 47, 4, new Task04().isFruit(food).equals(new Task04().isFruit(food)), 12.0
4, 11733, -1.0, 1.0, 0.0, 3.5, 47, 4, new Task04().isFruit(food).equals(new Task04().isFruit(food)), 15.0
4, 11734, -1.0, 1.0, 0.0, 4.0, 47, 4, new Task04().isFruit(food).equals(new Task04().isFruit(food)), 18.0
4, 11735, -1.0, 1.0, 0.0, 4.5, 47, 4, new Task04().isFruit(food).equals(new Task04().isFruit(food)), 21.0
4, 11736, -1.0, 1.0, 0.0, 5.0, 47, 4, new Task04().isFruit(food).equals(new Task04().isFruit(food)), 24.0
4, 11737, -0.5, 1.0, -5.0, 0.0, 0, 0, fruits.contains(food), 1.5
4, 11738, -0.5, 1.0, -5.0, 0.5, 0, 0, fruits.contains(food), 2.5
4, 11739, -0.5, 1.0, -5.0, 1.0, 0, 0, fruits.contains(food), 3.5
4, 11740, -0.5, 1.0, -5.0, 1.5, 5, 2, food.contains(food), 3.5
4, 11741, -0.5, 1.0, -5.0, 2.0, 5, 2, food.contains(food), 4.5
4, 11742, -0.5, 1.0, -5.0, 2.5, 5, 2, food.contains(food), 5.5
4, 11743, -0.5, 1.0, -5.0, 3.0, 5, 2, food.contains(food), 6.5
4, 11744, -0.5, 1.0, -5.0, 3.5, 5, 3, food.contains(food), 7.5
4, 11745, -0.5, 1.0, -5.0, 4.0, 5, 3, food.contains(food), 8.5
4, 11746, -0.5, 1.0, -5.0, 4.5, 5, 3, food.contains(food), 9.5
4, 11747, -0.5, 1.0, -5.0, 5.0, 5, 3, food.contains(food), 10.5
4, 11748, -0.5, 1.0, -4.5, 0.0, 0, 0, fruits.contains(food), 1.5
4, 11749, -0.5, 1.0, -4.5, 0.5, 0, 0, fruits.contains(food), 2.5
4, 11750, -0.5, 1.0, -4.5, 1.0, 0, 0, fruits.contains(food), 3.5
4, 11751, -0.5, 1.0, -4.5, 1.5, 5, 2, food.contains(food), 3.5
4, 11752, -0.5, 1.0, -4.5, 2.0, 5, 2, food.contains(food), 4.5
4, 11753, -0.5, 1.0, -4.5, 2.5, 5, 2, food.contains(food), 5.5
4, 11754, -0.5, 1.0, -4.5, 3.0, 5, 3, food.contains(food), 6.5
4, 11755, -0.5, 1.0, -4.5, 3.5, 5, 3, food.contains(food), 7.5
4, 11756, -0.5, 1.0, -4.5, 4.0, 5, 3, food.contains(food), 8.5
4, 11757, -0.5, 1.0, -4.5, 4.5, 5, 3, food.contains(food), 9.5
4, 11758, -0.5, 1.0, -4.5, 5.0, 11, 5, fruits.contains(food).contains(), 11.0
4, 11759, -0.5, 1.0, -4.0, 0.0, 0, 0, fruits.contains(food), 1.5
4, 11760, -0.5, 1.0, -4.0, 0.5, 0, 0, fruits.contains(food), 2.5
4, 11761, -0.5, 1.0, -4.0, 1.0, 0, 0, fruits.contains(food), 3.5
4, 11762, -0.5, 1.0, -4.0, 1.5, 5, 2, food.contains(food), 3.5
4, 11763, -0.5, 1.0, -4.0, 2.0, 5, 2, food.contains(food), 4.5
4, 11764, -0.5, 1.0, -4.0, 2.5, 5, 2, food.contains(food), 5.5
4, 11765, -0.5, 1.0, -4.0, 3.0, 5, 3, food.contains(food), 6.5
4, 11766, -0.5, 1.0, -4.0, 3.5, 5, 3, food.contains(food), 7.5
4, 11767, -0.5, 1.0, -4.0, 4.0, 5, 3, food.contains(food), 8.5
4, 11768, -0.5, 1.0, -4.0, 4.5, 11, 5, fruits.contains(food).contains(), 10.0
4, 11769, -0.5, 1.0, -4.0, 5.0, 20, 3, fruits.contains(food.replace(food, food)), 16.0
4, 11770, -0.5, 1.0, -3.5, 0.0, 0, 0, fruits.contains(food), 1.5
4, 11771, -0.5, 1.0, -3.5, 0.5, 0, 0, fruits.contains(food), 2.5
4, 11772, -0.5, 1.0, -3.5, 1.0, 0, 0, fruits.contains(food), 3.5
4, 11773, -0.5, 1.0, -3.5, 1.5, 5, 2, food.contains(food), 3.5
4, 11774, -0.5, 1.0, -3.5, 2.0, 5, 2, food.contains(food), 4.5
4, 11775, -0.5, 1.0, -3.5, 2.5, 5, 3, food.contains(food), 5.5
4, 11776, -0.5, 1.0, -3.5, 3.0, 5, 3, food.contains(food), 6.5
4, 11777, -0.5, 1.0, -3.5, 3.5, 5, 3, food.contains(food), 7.5
4, 11778, -0.5, 1.0, -3.5, 4.0, 11, 5, fruits.contains(food).contains(), 9.0
4, 11779, -0.5, 1.0, -3.5, 4.5, 20, 3, fruits.contains(food.replace(food, food)), 14.5
4, 11780, -0.5, 1.0, -3.5, 5.0, 20, 4, fruits.contains(food.replace(food, food)), 16.5
4, 11781, -0.5, 1.0, -3.0, 0.0, 0, 0, fruits.contains(food), 1.5
4, 11782, -0.5, 1.0, -3.0, 0.5, 0, 0, fruits.contains(food), 2.5
4, 11783, -0.5, 1.0, -3.0, 1.0, 0, 0, fruits.contains(food), 3.5
4, 11784, -0.5, 1.0, -3.0, 1.5, 5, 2, food.contains(food), 3.5
4, 11785, -0.5, 1.0, -3.0, 2.0, 5, 2, food.contains(food), 4.5
4, 11786, -0.5, 1.0, -3.0, 2.5, 5, 3, food.contains(food), 5.5
4, 11787, -0.5, 1.0, -3.0, 3.0, 5, 3, food.contains(food), 6.5
4, 11788, -0.5, 1.0, -3.0, 3.5, 11, 5, fruits.contains(food).contains(), 8.0
4, 11789, -0.5, 1.0, -3.0, 4.0, 20, 3, fruits.contains(food.replace(food, food)), 13.0
4, 11790, -0.5, 1.0, -3.0, 4.5, 20, 4, fruits.contains(food.replace(food, food)), 15.0
4, 11791, -0.5, 1.0, -3.0, 5.0, 20, 6, fruits.contains(food.replace(food, food)), 17.0
4, 11792, -0.5, 1.0, -2.5, 0.0, 0, 0, fruits.contains(food), 1.5
4, 11793, -0.5, 1.0, -2.5, 0.5, 0, 0, fruits.contains(food), 2.5
4, 11794, -0.5, 1.0, -2.5, 1.0, 0, 0, fruits.contains(food), 3.5
4, 11795, -0.5, 1.0, -2.5, 1.5, 5, 2, food.contains(food), 3.5
4, 11796, -0.5, 1.0, -2.5, 2.0, 5, 3, food.contains(food), 4.5
4, 11797, -0.5, 1.0, -2.5, 2.5, 5, 3, food.contains(food), 5.5
4, 11798, -0.5, 1.0, -2.5, 3.0, 11, 4, fruits.contains(food).contains(), 7.0
4, 11799, -0.5, 1.0, -2.5, 3.5, 20, 3, fruits.contains(food.replace(food, food)), 11.5
4, 11800, -0.5, 1.0, -2.5, 4.0, 20, 4, fruits.contains(food.replace(food, food)), 13.5
4, 11801, -0.5, 1.0, -2.5, 4.5, 20, 6, fruits.contains(food.replace(food, food)), 15.5
4, 11802, -0.5, 1.0, -2.5, 5.0, 20, 7, fruits.contains(food.replace(food, food)), 17.5
4, 11803, -0.5, 1.0, -2.0, 0.0, 0, 0, fruits.contains(food), 1.5
4, 11804, -0.5, 1.0, -2.0, 0.5, 0, 0, fruits.contains(food), 2.5
4, 11805, -0.5, 1.0, -2.0, 1.0, 0, 0, fruits.contains(food), 3.5
4, 11806, -0.5, 1.0, -2.0, 1.5, 5, 2, food.contains(food), 3.5
4, 11807, -0.5, 1.0, -2.0, 2.0, 5, 3, food.contains(food), 4.5
4, 11808, -0.5, 1.0, -2.0, 2.5, 11, 4, fruits.contains(food).contains(), 6.0
4, 11809, -0.5, 1.0, -2.0, 3.0, 20, 3, fruits.contains(food.replace(food, food)), 10.0
4, 11810, -0.5, 1.0, -2.0, 3.5, 20, 4, fruits.contains(food.replace(food, food)), 12.0
4, 11811, -0.5, 1.0, -2.0, 4.0, 20, 7, fruits.contains(food.replace(food, food)), 14.0
4, 11812, -0.5, 1.0, -2.0, 4.5, 20, 7, fruits.contains(food.replace(food, food)), 16.0
4, 11813, -0.5, 1.0, -2.0, 5.0, 33, 6, fruits.contains(food).equals(food.replace(food, food)), 20.0
4, 11814, -0.5, 1.0, -1.5, 0.0, 0, 0, fruits.contains(food), 1.5
4, 11815, -0.5, 1.0, -1.5, 0.5, 0, 0, fruits.contains(food), 2.5
4, 11816, -0.5, 1.0, -1.5, 1.0, 0, 0, fruits.contains(food), 3.5
4, 11817, -0.5, 1.0, -1.5, 1.5, 5, 3, food.contains(food), 3.5
4, 11818, -0.5, 1.0, -1.5, 2.0, 11, 4, fruits.contains(food).contains(), 5.0
4, 11819, -0.5, 1.0, -1.5, 2.5, 20, 3, fruits.contains(food.replace(food, food)), 8.5
4, 11820, -0.5, 1.0, -1.5, 3.0, 20, 5, fruits.contains(food.replace(food, food)), 10.5
4, 11821, -0.5, 1.0, -1.5, 3.5, 20, 7, fruits.contains(food.replace(food, food)), 12.5
4, 11822, -0.5, 1.0, -1.5, 4.0, 33, 4, food.replace(food, food).equals(fruits.contains(food)), 16.0
4, 11823, -0.5, 1.0, -1.5, 4.5, 33, 6, fruits.contains(food).equals(food.replace(food, food)), 18.5
4, 11824, -0.5, 1.0, -1.5, 5.0, 33, 6, fruits.contains(food).equals(food.replace(food, food)), 21.0
4, 11825, -0.5, 1.0, -1.0, 0.0, 0, 0, fruits.contains(food), 1.5
4, 11826, -0.5, 1.0, -1.0, 0.5, 0, 0, fruits.contains(food), 2.5
4, 11827, -0.5, 1.0, -1.0, 1.0, 0, 0, fruits.contains(food), 3.5
4, 11828, -0.5, 1.0, -1.0, 1.5, 11, 4, fruits.contains(food).contains(), 4.0
4, 11829, -0.5, 1.0, -1.0, 2.0, 20, 3, fruits.contains(food.replace(food, food)), 7.0
4, 11830, -0.5, 1.0, -1.0, 2.5, 20, 6, fruits.contains(food.replace(food, food)), 9.0
4, 11831, -0.5, 1.0, -1.0, 3.0, 20, 9, fruits.contains(food.replace(food, food)), 11.0
4, 11832, -0.5, 1.0, -1.0, 3.5, 33, 4, food.replace(food, food).equals(fruits.contains(food)), 14.5
4, 11833, -0.5, 1.0, -1.0, 4.0, 33, 6, fruits.contains(food).equals(food.replace(food, food)), 17.0
4, 11834, -0.5, 1.0, -1.0, 4.5, 33, 9, fruits.contains(food).equals(food.replace(food, food)), 19.5
4, 11835, -0.5, 1.0, -1.0, 5.0, 33, 9, fruits.contains(food).equals(food.replace(food, food)), 22.0
4, 11836, -0.5, 1.0, -0.5, 0.0, 0, 0, fruits.contains(food), 1.5
4, 11837, -0.5, 1.0, -0.5, 0.5, 0, 0, fruits.contains(food), 2.5
4, 11838, -0.5, 1.0, -0.5, 1.0, 0, 0, fruits.contains(food), 3.5
4, 11839, -0.5, 1.0, -0.5, 1.5, 20, 2, fruits.contains(food.replace(food, food)), 5.5
4, 11840, -0.5, 1.0, -0.5, 2.0, 20, 8, fruits.contains(food.replace(food, food)), 7.5
4, 11841, -0.5, 1.0, -0.5, 2.5, 33, 4, food.replace(food, food).equals(fruits.contains(food)), 10.5
4, 11842, -0.5, 1.0, -0.5, 3.0, 33, 6, fruits.contains(food).equals(food.replace(food, food)), 13.0
4, 11843, -0.5, 1.0, -0.5, 3.5, 33, 9, fruits.contains(food).equals(food.replace(food, food)), 15.5
4, 11844, -0.5, 1.0, -0.5, 4.0, 42, 3, food.replace(food, food).contains(food.replace(food, food)), 20.5
4, 11845, -0.5, 1.0, -0.5, 4.5, 42, 3, food.replace(food, food).contains(food.replace(food, food)), 23.5
4, 11846, -0.5, 1.0, -0.5, 5.0, 42, 3, food.replace(food, food).contains(food.replace(food, food)), 26.5
4, 11847, -0.5, 1.0, 0.0, 0.0, 0, 0, fruits.contains(food), 1.5
4, 11848, -0.5, 1.0, 0.0, 0.5, 0, 0, fruits.contains(food), 2.5
4, 11849, -0.5, 1.0, 0.0, 1.0, 22, 1, fruits.contains(new Task04().isFruit(food)), 4.5
4, 11850, -0.5, 1.0, 0.0, 1.5, 22, 5, fruits.contains(new Task04().isFruit(food)), 6.5
4, 11851, -0.5, 1.0, 0.0, 2.0, 35, 5, fruits.contains(food).equals(new Task04().isFruit(food)), 9.5
4, 11852, -0.5, 1.0, 0.0, 2.5, 47, 5, new Task04().isFruit(food).equals(new Task04().isFruit(food)), 12.5
4, 11853, -0.5, 1.0, 0.0, 3.0, 47, 5, new Task04().isFruit(food).equals(new Task04().isFruit(food)), 15.5
4, 11854, -0.5, 1.0, 0.0, 3.5, 47, 5, new Task04().isFruit(food).equals(new Task04().isFruit(food)), 18.5
4, 11855, -0.5, 1.0, 0.0, 4.0, 47, 5, new Task04().isFruit(food).equals(new Task04().isFruit(food)), 21.5
4, 11856, -0.5, 1.0, 0.0, 4.5, 47, 5, new Task04().isFruit(food).equals(new Task04().isFruit(food)), 24.5
4, 11857, -0.5, 1.0, 0.0, 5.0, 47, 5, new Task04().isFruit(food).equals(new Task04().isFruit(food)), 27.5
4, 11858, 0.0, 1.0, -5.0, 0.0, 0, 1, fruits.contains(food), 3.0
4, 11859, 0.0, 1.0, -5.0, 0.5, 5, 2, food.contains(food), 3.0
4, 11860, 0.0, 1.0, -5.0, 1.0, 5, 2, food.contains(food), 4.0
4, 11861, 0.0, 1.0, -5.0, 1.5, 5, 2, food.contains(food), 5.0
4, 11862, 0.0, 1.0, -5.0, 2.0, 5, 2, food.contains(food), 6.0
4, 11863, 0.0, 1.0, -5.0, 2.5, 5, 3, food.contains(food), 7.0
4, 11864, 0.0, 1.0, -5.0, 3.0, 5, 3, food.contains(food), 8.0
4, 11865, 0.0, 1.0, -5.0, 3.5, 5, 3, food.contains(food), 9.0
4, 11866, 0.0, 1.0, -5.0, 4.0, 5, 3, food.contains(food), 10.0
4, 11867, 0.0, 1.0, -5.0, 4.5, 11, 5, fruits.contains(food).contains(), 12.0
4, 11868, 0.0, 1.0, -5.0, 5.0, 11, 8, fruits.contains(food).contains(), 13.0
4, 11869, 0.0, 1.0, -4.5, 0.0, 0, 1, fruits.contains(food), 3.0
4, 11870, 0.0, 1.0, -4.5, 0.5, 5, 2, food.contains(food), 3.0
4, 11871, 0.0, 1.0, -4.5, 1.0, 5, 2, food.contains(food), 4.0
4, 11872, 0.0, 1.0, -4.5, 1.5, 5, 2, food.contains(food), 5.0
4, 11873, 0.0, 1.0, -4.5, 2.0, 5, 3, food.contains(food), 6.0
4, 11874, 0.0, 1.0, -4.5, 2.5, 5, 3, food.contains(food), 7.0
4, 11875, 0.0, 1.0, -4.5, 3.0, 5, 3, food.contains(food), 8.0
4, 11876, 0.0, 1.0, -4.5, 3.5, 5, 3, food.contains(food), 9.0
4, 11877, 0.0, 1.0, -4.5, 4.0, 11, 5, fruits.contains(food).contains(), 11.0
4, 11878, 0.0, 1.0, -4.5, 4.5, 11, 8, fruits.contains(food).contains(), 12.0
4, 11879, 0.0, 1.0, -4.5, 5.0, 20, 4, fruits.contains(food.replace(food, food)), 18.5
4, 11880, 0.0, 1.0, -4.0, 0.0, 0, 1, fruits.contains(food), 3.0
4, 11881, 0.0, 1.0, -4.0, 0.5, 5, 2, food.contains(food), 3.0
4, 11882, 0.0, 1.0, -4.0, 1.0, 5, 2, food.contains(food), 4.0
4, 11883, 0.0, 1.0, -4.0, 1.5, 5, 2, food.contains(food), 5.0
4, 11884, 0.0, 1.0, -4.0, 2.0, 5, 3, food.contains(food), 6.0
4, 11885, 0.0, 1.0, -4.0, 2.5, 5, 3, food.contains(food), 7.0
4, 11886, 0.0, 1.0, -4.0, 3.0, 5, 3, food.contains(food), 8.0
4, 11887, 0.0, 1.0, -4.0, 3.5, 11, 4, fruits.contains(food).contains(), 10.0
4, 11888, 0.0, 1.0, -4.0, 4.0, 11, 8, fruits.contains(food).contains(), 11.0
4, 11889, 0.0, 1.0, -4.0, 4.5, 20, 4, fruits.contains(food.replace(food, food)), 17.0
4, 11890, 0.0, 1.0, -4.0, 5.0, 20, 5, fruits.contains(food.replace(food, food)), 19.0
4, 11891, 0.0, 1.0, -3.5, 0.0, 0, 1, fruits.contains(food), 3.0
4, 11892, 0.0, 1.0, -3.5, 0.5, 5, 2, food.contains(food), 3.0
4, 11893, 0.0, 1.0, -3.5, 1.0, 5, 2, food.contains(food), 4.0
4, 11894, 0.0, 1.0, -3.5, 1.5, 5, 3, food.contains(food), 5.0
4, 11895, 0.0, 1.0, -3.5, 2.0, 5, 3, food.contains(food), 6.0
4, 11896, 0.0, 1.0, -3.5, 2.5, 5, 3, food.contains(food), 7.0
4, 11897, 0.0, 1.0, -3.5, 3.0, 11, 4, fruits.contains(food).contains(), 9.0
4, 11898, 0.0, 1.0, -3.5, 3.5, 11, 8, fruits.contains(food).contains(), 10.0
4, 11899, 0.0, 1.0, -3.5, 4.0, 20, 4, fruits.contains(food.replace(food, food)), 15.5
4, 11900, 0.0, 1.0, -3.5, 4.5, 20, 6, fruits.contains(food.replace(food, food)), 17.5
4, 11901, 0.0, 1.0, -3.5, 5.0, 20, 6, fruits.contains(food.replace(food, food)), 19.5
4, 11902, 0.0, 1.0, -3.0, 0.0, 0, 1, fruits.contains(food), 3.0
4, 11903, 0.0, 1.0, -3.0, 0.5, 5, 2, food.contains(food), 3.0
4, 11904, 0.0, 1.0, -3.0, 1.0, 5, 2, food.contains(food), 4.0
4, 11905, 0.0, 1.0, -3.0, 1.5, 5, 3, food.contains(food), 5.0
4, 11906, 0.0, 1.0, -3.0, 2.0, 5, 3, food.contains(food), 6.0
4, 11907, 0.0, 1.0, -3.0, 2.5, 11, 4, fruits.contains(food).contains(), 8.0
4, 11908, 0.0, 1.0, -3.0, 3.0, 11, 8, fruits.contains(food).contains(), 9.0
4, 11909, 0.0, 1.0, -3.0, 3.5, 20, 4, fruits.contains(food.replace(food, food)), 14.0
4, 11910, 0.0, 1.0, -3.0, 4.0, 20, 6, fruits.contains(food.replace(food, food)), 16.0
4, 11911, 0.0, 1.0, -3.0, 4.5, 20, 7, fruits.contains(food.replace(food, food)), 18.0
4, 11912, 0.0, 1.0, -3.0, 5.0, 20, 7, fruits.contains(food.replace(food, food)), 20.0
4, 11913, 0.0, 1.0, -2.5, 0.0, 0, 1, fruits.contains(food), 3.0
4, 11914, 0.0, 1.0, -2.5, 0.5, 5, 2, food.contains(food), 3.0
4, 11915, 0.0, 1.0, -2.5, 1.0, 5, 3, food.contains(food), 4.0
4, 11916, 0.0, 1.0, -2.5, 1.5, 5, 3, food.contains(food), 5.0
4, 11917, 0.0, 1.0, -2.5, 2.0, 11, 4, fruits.contains(food).contains(), 7.0
4, 11918, 0.0, 1.0, -2.5, 2.5, 11, 8, fruits.contains(food).contains(), 8.0
4, 11919, 0.0, 1.0, -2.5, 3.0, 20, 4, fruits.contains(food.replace(food, food)), 12.5
4, 11920, 0.0, 1.0, -2.5, 3.5, 20, 6, fruits.contains(food.replace(food, food)), 14.5
4, 11921, 0.0, 1.0, -2.5, 4.0, 20, 7, fruits.contains(food.replace(food, food)), 16.5
4, 11922, 0.0, 1.0, -2.5, 4.5, 20, 7, fruits.contains(food.replace(food, food)), 18.5
4, 11923, 0.0, 1.0, -2.5, 5.0, 33, 6, fruits.contains(food).equals(food.replace(food, food)), 23.0
4, 11924, 0.0, 1.0, -2.0, 0.0, 0, 1, fruits.contains(food), 3.0
4, 11925, 0.0, 1.0, -2.0, 0.5, 5, 2, food.contains(food), 3.0
4, 11926, 0.0, 1.0, -2.0, 1.0, 5, 3, food.contains(food), 4.0
4, 11927, 0.0, 1.0, -2.0, 1.5, 11, 4, fruits.contains(food).contains(), 6.0
4, 11928, 0.0, 1.0, -2.0, 2.0, 11, 7, fruits.contains(food).contains(), 7.0
4, 11929, 0.0, 1.0, -2.0, 2.5, 20, 4, fruits.contains(food.replace(food, food)), 11.0
4, 11930, 0.0, 1.0, -2.0, 3.0, 20, 6, fruits.contains(food.replace(food, food)), 13.0
4, 11931, 0.0, 1.0, -2.0, 3.5, 20, 7, fruits.contains(food.replace(food, food)), 15.0
4, 11932, 0.0, 1.0, -2.0, 4.0, 33, 4, food.replace(food, food).equals(fruits.contains(food)), 19.0
4, 11933, 0.0, 1.0, -2.0, 4.5, 33, 6, fruits.contains(food).equals(food.replace(food, food)), 21.5
4, 11934, 0.0, 1.0, -2.0, 5.0, 33, 6, fruits.contains(food).equals(food.replace(food, food)), 24.0
4, 11935, 0.0, 1.0, -1.5, 0.0, 0, 1, fruits.contains(food), 3.0
4, 11936, 0.0, 1.0, -1.5, 0.5, 5, 3, food.contains(food), 3.0
4, 11937, 0.0, 1.0, -1.5, 1.0, 11, 3, fruits.contains(food).contains(), 5.0
4, 11938, 0.0, 1.0, -1.5, 1.5, 11, 7, fruits.contains(food).contains(), 6.0
4, 11939, 0.0, 1.0, -1.5, 2.0, 20, 4, fruits.contains(food.replace(food, food)), 9.5
4, 11940, 0.0, 1.0, -1.5, 2.5, 20, 7, fruits.contains(food.replace(food, food)), 11.5
4, 11941, 0.0, 1.0, -1.5, 3.0, 20, 9, fruits.contains(food.replace(food, food)), 13.5
4, 11942, 0.0, 1.0, -1.5, 3.5, 33, 4, food.replace(food, food).equals(fruits.contains(food)), 17.5
4, 11943, 0.0, 1.0, -1.5, 4.0, 33, 6, fruits.contains(food).equals(food.replace(food, food)), 20.0
4, 11944, 0.0, 1.0, -1.5, 4.5, 33, 6, fruits.contains(food).equals(food.replace(food, food)), 22.5
4, 11945, 0.0, 1.0, -1.5, 5.0, 33, 9, fruits.contains(food).equals(food.replace(food, food)), 25.0
4, 11946, 0.0, 1.0, -1.0, 0.0, 0, 1, fruits.contains(food), 3.0
4, 11947, 0.0, 1.0, -1.0, 0.5, 5, 9, food.contains(food), 3.0
4, 11948, 0.0, 1.0, -1.0, 1.0, 11, 7, fruits.contains(food).contains(), 5.0
4, 11949, 0.0, 1.0, -1.0, 1.5, 20, 5, fruits.contains(food.replace(food, food)), 8.0
4, 11950, 0.0, 1.0, -1.0, 2.0, 20, 9, fruits.contains(food.replace(food, food)), 10.0
4, 11951, 0.0, 1.0, -1.0, 2.5, 33, 4, food.replace(food, food).equals(fruits.contains(food)), 13.5
4, 11952, 0.0, 1.0, -1.0, 3.0, 33, 4, food.replace(food, food).equals(fruits.contains(food)), 16.0
4, 11953, 0.0, 1.0, -1.0, 3.5, 33, 6, fruits.contains(food).equals(food.replace(food, food)), 18.5
4, 11954, 0.0, 1.0, -1.0, 4.0, 33, 9, fruits.contains(food).equals(food.replace(food, food)), 21.0
4, 11955, 0.0, 1.0, -1.0, 4.5, 33, 9, fruits.contains(food).equals(food.replace(food, food)), 23.5
4, 11956, 0.0, 1.0, -1.0, 5.0, 42, 3, food.replace(food, food).contains(food.replace(food, food)), 30.0
4, 11957, 0.0, 1.0, -0.5, 0.0, 0, 1, fruits.contains(food), 3.0
4, 11958, 0.0, 1.0, -0.5, 0.5, 11, 6, fruits.contains(food).contains(), 4.0
4, 11959, 0.0, 1.0, -0.5, 1.0, 20, 7, fruits.contains(food.replace(food, food)), 6.5
4, 11960, 0.0, 1.0, -0.5, 1.5, 33, 4, food.replace(food, food).equals(fruits.contains(food)), 9.5
4, 11961, 0.0, 1.0, -0.5, 2.0, 33, 4, food.replace(food, food).equals(fruits.contains(food)), 12.0
4, 11962, 0.0, 1.0, -0.5, 2.5, 33, 6, fruits.contains(food).equals(food.replace(food, food)), 14.5
4, 11963, 0.0, 1.0, -0.5, 3.0, 33, 9, fruits.contains(food).equals(food.replace(food, food)), 17.0
4, 11964, 0.0, 1.0, -0.5, 3.5, 42, 3, food.replace(food, food).contains(food.replace(food, food)), 22.0
4, 11965, 0.0, 1.0, -0.5, 4.0, 42, 3, food.replace(food, food).contains(food.replace(food, food)), 25.0
4, 11966, 0.0, 1.0, -0.5, 4.5, 42, 3, food.replace(food, food).contains(food.replace(food, food)), 28.0
4, 11967, 0.0, 1.0, -0.5, 5.0, 42, 3, food.replace(food, food).contains(food.replace(food, food)), 31.0
4, 11968, 0.0, 1.0, 0.0, 0.0, 9, 5, fruits.contains(food).equals(), 3.0
4, 11969, 0.0, 1.0, 0.0, 0.5, 45, 2, Boolean.valueOf(fruits.contains(food), new Task04().isFruit(food)), 5.5
4, 11970, 0.0, 1.0, 0.0, 1.0, 36, 8, food.replaceAll(food, food).equals(fruits.contains(food)), 8.0
4, 11971, 0.0, 1.0, 0.0, 1.5, 36, 8, food.replaceAll(food, food).equals(fruits.contains(food)), 10.5
4, 11972, 0.0, 1.0, 0.0, 2.0, 45, 4, Boolean.valueOf(fruits.contains(food), new Task04().isFruit(food)), 13.0
4, 11973, 0.0, 1.0, 0.0, 2.5, 50, 3, food.replaceAll(food, food).contains(food.replaceFirst(food, food)), 17.0
4, 11974, 0.0, 1.0, 0.0, 3.0, 50, 3, food.replaceAll(food, food).contains(food.replaceFirst(food, food)), 20.0
4, 11975, 0.0, 1.0, 0.0, 3.5, 50, 3, food.replaceAll(food, food).contains(food.replaceFirst(food, food)), 23.0
4, 11976, 0.0, 1.0, 0.0, 4.0, 50, 3, food.replaceAll(food, food).contains(food.replaceFirst(food, food)), 26.0
4, 11977, 0.0, 1.0, 0.0, 4.5, 50, 3, food.replaceAll(food, food).contains(food.replaceFirst(food, food)), 29.0
4, 11978, 0.0, 1.0, 0.0, 5.0, 50, 3, food.replaceAll(food, food).contains(food.replaceFirst(food, food)), 32.0
