13, 14641, -5.0, 1.0, -5.0, 0.0, 11, 0, logMessage(), -3.0
13, 14642, -5.0, 1.0, -5.0, 0.5, 11, 0, logMessage(), -2.5
13, 14643, -5.0, 1.0, -5.0, 1.0, 11, 0, logMessage(), -2.0
13, 14644, -5.0, 1.0, -5.0, 1.5, 11, 0, logMessage(), -1.5
13, 14645, -5.0, 1.0, -5.0, 2.0, 11, 0, logMessage(), -1.0
13, 14646, -5.0, 1.0, -5.0, 2.5, 11, 0, logMessage(), -0.5
13, 14647, -5.0, 1.0, -5.0, 3.0, 11, 0, logMessage(), 0.0
13, 14648, -5.0, 1.0, -5.0, 3.5, 11, 0, logMessage(), 0.5
13, 14649, -5.0, 1.0, -5.0, 4.0, 11, 0, logMessage(), 1.0
13, 14650, -5.0, 1.0, -5.0, 4.5, 8, 151, Long.parseLong(message), -14.5
13, 14651, -5.0, 1.0, -5.0, 5.0, 8, 152, Long.parseLong(message), -14.0
13, 14652, -5.0, 1.0, -4.5, 0.0, 11, 0, logMessage(), -3.0
13, 14653, -5.0, 1.0, -4.5, 0.5, 11, 0, logMessage(), -2.5
13, 14654, -5.0, 1.0, -4.5, 1.0, 11, 0, logMessage(), -2.0
13, 14655, -5.0, 1.0, -4.5, 1.5, 11, 0, logMessage(), -1.5
13, 14656, -5.0, 1.0, -4.5, 2.0, 11, 0, logMessage(), -1.0
13, 14657, -5.0, 1.0, -4.5, 2.5, 11, 0, logMessage(), -0.5
13, 14658, -5.0, 1.0, -4.5, 3.0, 11, 0, logMessage(), 0.0
13, 14659, -5.0, 1.0, -4.5, 3.5, 11, 0, logMessage(), 0.5
13, 14660, -5.0, 1.0, -4.5, 4.0, 11, 0, logMessage(), 1.0
13, 14661, -5.0, 1.0, -4.5, 4.5, 8, 151, Long.parseLong(message), -13.5
13, 14662, -5.0, 1.0, -4.5, 5.0, 8, 152, Long.parseLong(message), -13.0
13, 14663, -5.0, 1.0, -4.0, 0.0, 11, 0, logMessage(), -3.0
13, 14664, -5.0, 1.0, -4.0, 0.5, 11, 0, logMessage(), -2.5
13, 14665, -5.0, 1.0, -4.0, 1.0, 11, 0, logMessage(), -2.0
13, 14666, -5.0, 1.0, -4.0, 1.5, 11, 0, logMessage(), -1.5
13, 14667, -5.0, 1.0, -4.0, 2.0, 11, 0, logMessage(), -1.0
13, 14668, -5.0, 1.0, -4.0, 2.5, 11, 0, logMessage(), -0.5
13, 14669, -5.0, 1.0, -4.0, 3.0, 11, 0, logMessage(), 0.0
13, 14670, -5.0, 1.0, -4.0, 3.5, 11, 0, logMessage(), 0.5
13, 14671, -5.0, 1.0, -4.0, 4.0, 11, 0, logMessage(), 1.0
13, 14672, -5.0, 1.0, -4.0, 4.5, 8, 151, Long.parseLong(message), -12.5
13, 14673, -5.0, 1.0, -4.0, 5.0, 8, 152, Long.parseLong(message), -12.0
13, 14674, -5.0, 1.0, -3.5, 0.0, 11, 0, logMessage(), -3.0
13, 14675, -5.0, 1.0, -3.5, 0.5, 11, 0, logMessage(), -2.5
13, 14676, -5.0, 1.0, -3.5, 1.0, 11, 0, logMessage(), -2.0
13, 14677, -5.0, 1.0, -3.5, 1.5, 11, 0, logMessage(), -1.5
13, 14678, -5.0, 1.0, -3.5, 2.0, 11, 0, logMessage(), -1.0
13, 14679, -5.0, 1.0, -3.5, 2.5, 11, 0, logMessage(), -0.5
13, 14680, -5.0, 1.0, -3.5, 3.0, 11, 0, logMessage(), 0.0
13, 14681, -5.0, 1.0, -3.5, 3.5, 11, 0, logMessage(), 0.5
13, 14682, -5.0, 1.0, -3.5, 4.0, 11, 0, logMessage(), 1.0
13, 14683, -5.0, 1.0, -3.5, 4.5, 8, 151, Long.parseLong(message), -11.5
13, 14684, -5.0, 1.0, -3.5, 5.0, 8, 152, Long.parseLong(message), -11.0
13, 14685, -5.0, 1.0, -3.0, 0.0, 11, 0, logMessage(), -3.0
13, 14686, -5.0, 1.0, -3.0, 0.5, 11, 0, logMessage(), -2.5
13, 14687, -5.0, 1.0, -3.0, 1.0, 11, 0, logMessage(), -2.0
13, 14688, -5.0, 1.0, -3.0, 1.5, 11, 0, logMessage(), -1.5
13, 14689, -5.0, 1.0, -3.0, 2.0, 11, 0, logMessage(), -1.0
13, 14690, -5.0, 1.0, -3.0, 2.5, 11, 0, logMessage(), -0.5
13, 14691, -5.0, 1.0, -3.0, 3.0, 11, 0, logMessage(), 0.0
13, 14692, -5.0, 1.0, -3.0, 3.5, 11, 0, logMessage(), 0.5
13, 14693, -5.0, 1.0, -3.0, 4.0, 11, 0, logMessage(), 1.0
13, 14694, -5.0, 1.0, -3.0, 4.5, 8, 151, Long.parseLong(message), -10.5
13, 14695, -5.0, 1.0, -3.0, 5.0, 8, 152, Long.parseLong(message), -10.0
13, 14696, -5.0, 1.0, -2.5, 0.0, 11, 0, logMessage(), -3.0
13, 14697, -5.0, 1.0, -2.5, 0.5, 11, 0, logMessage(), -2.5
13, 14698, -5.0, 1.0, -2.5, 1.0, 11, 0, logMessage(), -2.0
13, 14699, -5.0, 1.0, -2.5, 1.5, 11, 0, logMessage(), -1.5
13, 14700, -5.0, 1.0, -2.5, 2.0, 11, 0, logMessage(), -1.0
13, 14701, -5.0, 1.0, -2.5, 2.5, 11, 0, logMessage(), -0.5
13, 14702, -5.0, 1.0, -2.5, 3.0, 11, 0, logMessage(), 0.0
13, 14703, -5.0, 1.0, -2.5, 3.5, 11, 0, logMessage(), 0.5
13, 14704, -5.0, 1.0, -2.5, 4.0, 11, 0, logMessage(), 1.0
13, 14705, -5.0, 1.0, -2.5, 4.5, 8, 151, Long.parseLong(message), -9.5
13, 14706, -5.0, 1.0, -2.5, 5.0, 8, 152, Long.parseLong(message), -9.0
13, 14707, -5.0, 1.0, -2.0, 0.0, 11, 0, logMessage(), -3.0
13, 14708, -5.0, 1.0, -2.0, 0.5, 11, 0, logMessage(), -2.5
13, 14709, -5.0, 1.0, -2.0, 1.0, 11, 0, logMessage(), -2.0
13, 14710, -5.0, 1.0, -2.0, 1.5, 11, 0, logMessage(), -1.5
13, 14711, -5.0, 1.0, -2.0, 2.0, 11, 0, logMessage(), -1.0
13, 14712, -5.0, 1.0, -2.0, 2.5, 11, 0, logMessage(), -0.5
13, 14713, -5.0, 1.0, -2.0, 3.0, 11, 0, logMessage(), 0.0
13, 14714, -5.0, 1.0, -2.0, 3.5, 11, 0, logMessage(), 0.5
13, 14715, -5.0, 1.0, -2.0, 4.0, 11, 0, logMessage(), 1.0
13, 14716, -5.0, 1.0, -2.0, 4.5, 8, 151, Long.parseLong(message), -8.5
13, 14717, -5.0, 1.0, -2.0, 5.0, 8, 152, Long.parseLong(message), -8.0
13, 14718, -5.0, 1.0, -1.5, 0.0, 11, 0, logMessage(), -3.0
13, 14719, -5.0, 1.0, -1.5, 0.5, 11, 0, logMessage(), -2.5
13, 14720, -5.0, 1.0, -1.5, 1.0, 11, 0, logMessage(), -2.0
13, 14721, -5.0, 1.0, -1.5, 1.5, 11, 0, logMessage(), -1.5
13, 14722, -5.0, 1.0, -1.5, 2.0, 11, 0, logMessage(), -1.0
13, 14723, -5.0, 1.0, -1.5, 2.5, 11, 0, logMessage(), -0.5
13, 14724, -5.0, 1.0, -1.5, 3.0, 11, 0, logMessage(), 0.0
13, 14725, -5.0, 1.0, -1.5, 3.5, 11, 0, logMessage(), 0.5
13, 14726, -5.0, 1.0, -1.5, 4.0, 11, 0, logMessage(), 1.0
13, 14727, -5.0, 1.0, -1.5, 4.5, 8, 151, Long.parseLong(message), -7.5
13, 14728, -5.0, 1.0, -1.5, 5.0, 8, 152, Long.parseLong(message), -7.0
13, 14729, -5.0, 1.0, -1.0, 0.0, 11, 0, logMessage(), -3.0
13, 14730, -5.0, 1.0, -1.0, 0.5, 11, 0, logMessage(), -2.5
13, 14731, -5.0, 1.0, -1.0, 1.0, 11, 0, logMessage(), -2.0
13, 14732, -5.0, 1.0, -1.0, 1.5, 11, 0, logMessage(), -1.5
13, 14733, -5.0, 1.0, -1.0, 2.0, 11, 0, logMessage(), -1.0
13, 14734, -5.0, 1.0, -1.0, 2.5, 11, 0, logMessage(), -0.5
13, 14735, -5.0, 1.0, -1.0, 3.0, 11, 0, logMessage(), 0.0
13, 14736, -5.0, 1.0, -1.0, 3.5, 11, 0, logMessage(), 0.5
13, 14737, -5.0, 1.0, -1.0, 4.0, 11, 0, logMessage(), 1.0
13, 14738, -5.0, 1.0, -1.0, 4.5, 8, 151, Long.parseLong(message), -6.5
13, 14739, -5.0, 1.0, -1.0, 5.0, 8, 108, Long.parseLong(message), -6.0
13, 14740, -5.0, 1.0, -0.5, 0.0, 11, 0, logMessage(), -3.0
13, 14741, -5.0, 1.0, -0.5, 0.5, 11, 0, logMessage(), -2.5
13, 14742, -5.0, 1.0, -0.5, 1.0, 11, 0, logMessage(), -2.0
13, 14743, -5.0, 1.0, -0.5, 1.5, 11, 0, logMessage(), -1.5
13, 14744, -5.0, 1.0, -0.5, 2.0, 11, 0, logMessage(), -1.0
13, 14745, -5.0, 1.0, -0.5, 2.5, 11, 0, logMessage(), -0.5
13, 14746, -5.0, 1.0, -0.5, 3.0, 11, 0, logMessage(), 0.0
13, 14747, -5.0, 1.0, -0.5, 3.5, 11, 0, logMessage(), 0.5
13, 14748, -5.0, 1.0, -0.5, 4.0, 11, 0, logMessage(), 1.0
13, 14749, -5.0, 1.0, -0.5, 4.5, 8, 109, Long.parseLong(message), -5.5
13, 14750, -5.0, 1.0, -0.5, 5.0, 8, 74, Long.parseLong(message), -5.0
13, 14751, -5.0, 1.0, 0.0, 0.0, 11, 0, logMessage(), -3.0
13, 14752, -5.0, 1.0, 0.0, 0.5, 11, 0, logMessage(), -2.5
13, 14753, -5.0, 1.0, 0.0, 1.0, 11, 0, logMessage(), -2.0
13, 14754, -5.0, 1.0, 0.0, 1.5, 11, 0, logMessage(), -1.5
13, 14755, -5.0, 1.0, 0.0, 2.0, 11, 0, logMessage(), -1.0
13, 14756, -5.0, 1.0, 0.0, 2.5, 11, 0, logMessage(), -0.5
13, 14757, -5.0, 1.0, 0.0, 3.0, 11, 0, logMessage(), 0.0
13, 14758, -5.0, 1.0, 0.0, 3.5, 11, 0, logMessage(), 0.5
13, 14759, -5.0, 1.0, 0.0, 4.0, 11, 0, logMessage(), 1.0
13, 14760, -5.0, 1.0, 0.0, 4.5, 8, 76, Long.parseLong(message), -4.5
13, 14761, -5.0, 1.0, 0.0, 5.0, 8, 76, Long.parseLong(message), -4.0
13, 14762, -4.5, 1.0, -5.0, 0.0, 11, 0, logMessage(), -2.5
13, 14763, -4.5, 1.0, -5.0, 0.5, 11, 0, logMessage(), -2.0
13, 14764, -4.5, 1.0, -5.0, 1.0, 11, 0, logMessage(), -1.5
13, 14765, -4.5, 1.0, -5.0, 1.5, 11, 0, logMessage(), -1.0
13, 14766, -4.5, 1.0, -5.0, 2.0, 11, 0, logMessage(), -0.5
13, 14767, -4.5, 1.0, -5.0, 2.5, 11, 0, logMessage(), 0.0
13, 14768, -4.5, 1.0, -5.0, 3.0, 11, 0, logMessage(), 0.5
13, 14769, -4.5, 1.0, -5.0, 3.5, 11, 0, logMessage(), 1.0
13, 14770, -4.5, 1.0, -5.0, 4.0, 8, 151, Long.parseLong(message), -14.0
13, 14771, -4.5, 1.0, -5.0, 4.5, 8, 152, Long.parseLong(message), -13.5
13, 14772, -4.5, 1.0, -5.0, 5.0, 8, 153, Long.parseLong(message), -13.0
13, 14773, -4.5, 1.0, -4.5, 0.0, 11, 0, logMessage(), -2.5
13, 14774, -4.5, 1.0, -4.5, 0.5, 11, 0, logMessage(), -2.0
13, 14775, -4.5, 1.0, -4.5, 1.0, 11, 0, logMessage(), -1.5
13, 14776, -4.5, 1.0, -4.5, 1.5, 11, 0, logMessage(), -1.0
13, 14777, -4.5, 1.0, -4.5, 2.0, 11, 0, logMessage(), -0.5
13, 14778, -4.5, 1.0, -4.5, 2.5, 11, 0, logMessage(), 0.0
13, 14779, -4.5, 1.0, -4.5, 3.0, 11, 0, logMessage(), 0.5
13, 14780, -4.5, 1.0, -4.5, 3.5, 11, 0, logMessage(), 1.0
13, 14781, -4.5, 1.0, -4.5, 4.0, 8, 151, Long.parseLong(message), -13.0
13, 14782, -4.5, 1.0, -4.5, 4.5, 8, 152, Long.parseLong(message), -12.5
13, 14783, -4.5, 1.0, -4.5, 5.0, 8, 153, Long.parseLong(message), -12.0
13, 14784, -4.5, 1.0, -4.0, 0.0, 11, 0, logMessage(), -2.5
13, 14785, -4.5, 1.0, -4.0, 0.5, 11, 0, logMessage(), -2.0
13, 14786, -4.5, 1.0, -4.0, 1.0, 11, 0, logMessage(), -1.5
13, 14787, -4.5, 1.0, -4.0, 1.5, 11, 0, logMessage(), -1.0
13, 14788, -4.5, 1.0, -4.0, 2.0, 11, 0, logMessage(), -0.5
13, 14789, -4.5, 1.0, -4.0, 2.5, 11, 0, logMessage(), 0.0
13, 14790, -4.5, 1.0, -4.0, 3.0, 11, 0, logMessage(), 0.5
13, 14791, -4.5, 1.0, -4.0, 3.5, 11, 0, logMessage(), 1.0
13, 14792, -4.5, 1.0, -4.0, 4.0, 8, 151, Long.parseLong(message), -12.0
13, 14793, -4.5, 1.0, -4.0, 4.5, 8, 152, Long.parseLong(message), -11.5
13, 14794, -4.5, 1.0, -4.0, 5.0, 8, 153, Long.parseLong(message), -11.0
13, 14795, -4.5, 1.0, -3.5, 0.0, 11, 0, logMessage(), -2.5
13, 14796, -4.5, 1.0, -3.5, 0.5, 11, 0, logMessage(), -2.0
13, 14797, -4.5, 1.0, -3.5, 1.0, 11, 0, logMessage(), -1.5
13, 14798, -4.5, 1.0, -3.5, 1.5, 11, 0, logMessage(), -1.0
13, 14799, -4.5, 1.0, -3.5, 2.0, 11, 0, logMessage(), -0.5
13, 14800, -4.5, 1.0, -3.5, 2.5, 11, 0, logMessage(), 0.0
13, 14801, -4.5, 1.0, -3.5, 3.0, 11, 0, logMessage(), 0.5
13, 14802, -4.5, 1.0, -3.5, 3.5, 11, 0, logMessage(), 1.0
13, 14803, -4.5, 1.0, -3.5, 4.0, 8, 151, Long.parseLong(message), -11.0
13, 14804, -4.5, 1.0, -3.5, 4.5, 8, 152, Long.parseLong(message), -10.5
13, 14805, -4.5, 1.0, -3.5, 5.0, 8, 153, Long.parseLong(message), -10.0
13, 14806, -4.5, 1.0, -3.0, 0.0, 11, 0, logMessage(), -2.5
13, 14807, -4.5, 1.0, -3.0, 0.5, 11, 0, logMessage(), -2.0
13, 14808, -4.5, 1.0, -3.0, 1.0, 11, 0, logMessage(), -1.5
13, 14809, -4.5, 1.0, -3.0, 1.5, 11, 0, logMessage(), -1.0
13, 14810, -4.5, 1.0, -3.0, 2.0, 11, 0, logMessage(), -0.5
13, 14811, -4.5, 1.0, -3.0, 2.5, 11, 0, logMessage(), 0.0
13, 14812, -4.5, 1.0, -3.0, 3.0, 11, 0, logMessage(), 0.5
13, 14813, -4.5, 1.0, -3.0, 3.5, 11, 0, logMessage(), 1.0
13, 14814, -4.5, 1.0, -3.0, 4.0, 8, 151, Long.parseLong(message), -10.0
13, 14815, -4.5, 1.0, -3.0, 4.5, 8, 152, Long.parseLong(message), -9.5
13, 14816, -4.5, 1.0, -3.0, 5.0, 8, 153, Long.parseLong(message), -9.0
13, 14817, -4.5, 1.0, -2.5, 0.0, 11, 0, logMessage(), -2.5
13, 14818, -4.5, 1.0, -2.5, 0.5, 11, 0, logMessage(), -2.0
13, 14819, -4.5, 1.0, -2.5, 1.0, 11, 0, logMessage(), -1.5
13, 14820, -4.5, 1.0, -2.5, 1.5, 11, 0, logMessage(), -1.0
13, 14821, -4.5, 1.0, -2.5, 2.0, 11, 0, logMessage(), -0.5
13, 14822, -4.5, 1.0, -2.5, 2.5, 11, 0, logMessage(), 0.0
13, 14823, -4.5, 1.0, -2.5, 3.0, 11, 0, logMessage(), 0.5
13, 14824, -4.5, 1.0, -2.5, 3.5, 11, 0, logMessage(), 1.0
13, 14825, -4.5, 1.0, -2.5, 4.0, 8, 151, Long.parseLong(message), -9.0
13, 14826, -4.5, 1.0, -2.5, 4.5, 8, 152, Long.parseLong(message), -8.5
13, 14827, -4.5, 1.0, -2.5, 5.0, 8, 153, Long.parseLong(message), -8.0
13, 14828, -4.5, 1.0, -2.0, 0.0, 11, 0, logMessage(), -2.5
13, 14829, -4.5, 1.0, -2.0, 0.5, 11, 0, logMessage(), -2.0
13, 14830, -4.5, 1.0, -2.0, 1.0, 11, 0, logMessage(), -1.5
13, 14831, -4.5, 1.0, -2.0, 1.5, 11, 0, logMessage(), -1.0
13, 14832, -4.5, 1.0, -2.0, 2.0, 11, 0, logMessage(), -0.5
13, 14833, -4.5, 1.0, -2.0, 2.5, 11, 0, logMessage(), 0.0
13, 14834, -4.5, 1.0, -2.0, 3.0, 11, 0, logMessage(), 0.5
13, 14835, -4.5, 1.0, -2.0, 3.5, 11, 0, logMessage(), 1.0
13, 14836, -4.5, 1.0, -2.0, 4.0, 8, 151, Long.parseLong(message), -8.0
13, 14837, -4.5, 1.0, -2.0, 4.5, 8, 152, Long.parseLong(message), -7.5
13, 14838, -4.5, 1.0, -2.0, 5.0, 8, 153, Long.parseLong(message), -7.0
13, 14839, -4.5, 1.0, -1.5, 0.0, 11, 0, logMessage(), -2.5
13, 14840, -4.5, 1.0, -1.5, 0.5, 11, 0, logMessage(), -2.0
13, 14841, -4.5, 1.0, -1.5, 1.0, 11, 0, logMessage(), -1.5
13, 14842, -4.5, 1.0, -1.5, 1.5, 11, 0, logMessage(), -1.0
13, 14843, -4.5, 1.0, -1.5, 2.0, 11, 0, logMessage(), -0.5
13, 14844, -4.5, 1.0, -1.5, 2.5, 11, 0, logMessage(), 0.0
13, 14845, -4.5, 1.0, -1.5, 3.0, 11, 0, logMessage(), 0.5
13, 14846, -4.5, 1.0, -1.5, 3.5, 11, 0, logMessage(), 1.0
13, 14847, -4.5, 1.0, -1.5, 4.0, 8, 151, Long.parseLong(message), -7.0
13, 14848, -4.5, 1.0, -1.5, 4.5, 8, 152, Long.parseLong(message), -6.5
13, 14849, -4.5, 1.0, -1.5, 5.0, 8, 109, Long.parseLong(message), -6.0
13, 14850, -4.5, 1.0, -1.0, 0.0, 11, 0, logMessage(), -2.5
13, 14851, -4.5, 1.0, -1.0, 0.5, 11, 0, logMessage(), -2.0
13, 14852, -4.5, 1.0, -1.0, 1.0, 11, 0, logMessage(), -1.5
13, 14853, -4.5, 1.0, -1.0, 1.5, 11, 0, logMessage(), -1.0
13, 14854, -4.5, 1.0, -1.0, 2.0, 11, 0, logMessage(), -0.5
13, 14855, -4.5, 1.0, -1.0, 2.5, 11, 0, logMessage(), 0.0
13, 14856, -4.5, 1.0, -1.0, 3.0, 11, 0, logMessage(), 0.5
13, 14857, -4.5, 1.0, -1.0, 3.5, 11, 0, logMessage(), 1.0
13, 14858, -4.5, 1.0, -1.0, 4.0, 8, 151, Long.parseLong(message), -6.0
13, 14859, -4.5, 1.0, -1.0, 4.5, 8, 108, Long.parseLong(message), -5.5
13, 14860, -4.5, 1.0, -1.0, 5.0, 8, 73, Long.parseLong(message), -5.0
13, 14861, -4.5, 1.0, -0.5, 0.0, 11, 0, logMessage(), -2.5
13, 14862, -4.5, 1.0, -0.5, 0.5, 11, 0, logMessage(), -2.0
13, 14863, -4.5, 1.0, -0.5, 1.0, 11, 0, logMessage(), -1.5
13, 14864, -4.5, 1.0, -0.5, 1.5, 11, 0, logMessage(), -1.0
13, 14865, -4.5, 1.0, -0.5, 2.0, 11, 0, logMessage(), -0.5
13, 14866, -4.5, 1.0, -0.5, 2.5, 11, 0, logMessage(), 0.0
13, 14867, -4.5, 1.0, -0.5, 3.0, 11, 0, logMessage(), 0.5
13, 14868, -4.5, 1.0, -0.5, 3.5, 11, 0, logMessage(), 1.0
13, 14869, -4.5, 1.0, -0.5, 4.0, 8, 109, Long.parseLong(message), -5.0
13, 14870, -4.5, 1.0, -0.5, 4.5, 8, 74, Long.parseLong(message), -4.5
13, 14871, -4.5, 1.0, -0.5, 5.0, 8, 74, Long.parseLong(message), -4.0
13, 14872, -4.5, 1.0, 0.0, 0.0, 11, 0, logMessage(), -2.5
13, 14873, -4.5, 1.0, 0.0, 0.5, 11, 0, logMessage(), -2.0
13, 14874, -4.5, 1.0, 0.0, 1.0, 11, 0, logMessage(), -1.5
13, 14875, -4.5, 1.0, 0.0, 1.5, 11, 0, logMessage(), -1.0
13, 14876, -4.5, 1.0, 0.0, 2.0, 11, 0, logMessage(), -0.5
13, 14877, -4.5, 1.0, 0.0, 2.5, 11, 0, logMessage(), 0.0
13, 14878, -4.5, 1.0, 0.0, 3.0, 11, 0, logMessage(), 0.5
13, 14879, -4.5, 1.0, 0.0, 3.5, 11, 0, logMessage(), 1.0
13, 14880, -4.5, 1.0, 0.0, 4.0, 8, 76, Long.parseLong(message), -4.0
13, 14881, -4.5, 1.0, 0.0, 4.5, 8, 76, Long.parseLong(message), -3.5
13, 14882, -4.5, 1.0, 0.0, 5.0, 8, 76, Long.parseLong(message), -3.0
13, 14883, -4.0, 1.0, -5.0, 0.0, 11, 0, logMessage(), -2.0
13, 14884, -4.0, 1.0, -5.0, 0.5, 11, 0, logMessage(), -1.5
13, 14885, -4.0, 1.0, -5.0, 1.0, 11, 0, logMessage(), -1.0
13, 14886, -4.0, 1.0, -5.0, 1.5, 11, 0, logMessage(), -0.5
13, 14887, -4.0, 1.0, -5.0, 2.0, 11, 0, logMessage(), 0.0
13, 14888, -4.0, 1.0, -5.0, 2.5, 11, 0, logMessage(), 0.5
13, 14889, -4.0, 1.0, -5.0, 3.0, 11, 0, logMessage(), 1.0
13, 14890, -4.0, 1.0, -5.0, 3.5, 8, 151, Long.parseLong(message), -13.5
13, 14891, -4.0, 1.0, -5.0, 4.0, 8, 152, Long.parseLong(message), -13.0
13, 14892, -4.0, 1.0, -5.0, 4.5, 8, 153, Long.parseLong(message), -12.5
13, 14893, -4.0, 1.0, -5.0, 5.0, 8, 153, Long.parseLong(message), -12.0
13, 14894, -4.0, 1.0, -4.5, 0.0, 11, 0, logMessage(), -2.0
13, 14895, -4.0, 1.0, -4.5, 0.5, 11, 0, logMessage(), -1.5
13, 14896, -4.0, 1.0, -4.5, 1.0, 11, 0, logMessage(), -1.0
13, 14897, -4.0, 1.0, -4.5, 1.5, 11, 0, logMessage(), -0.5
13, 14898, -4.0, 1.0, -4.5, 2.0, 11, 0, logMessage(), 0.0
13, 14899, -4.0, 1.0, -4.5, 2.5, 11, 0, logMessage(), 0.5
13, 14900, -4.0, 1.0, -4.5, 3.0, 11, 0, logMessage(), 1.0
13, 14901, -4.0, 1.0, -4.5, 3.5, 8, 151, Long.parseLong(message), -12.5
13, 14902, -4.0, 1.0, -4.5, 4.0, 8, 152, Long.parseLong(message), -12.0
13, 14903, -4.0, 1.0, -4.5, 4.5, 8, 153, Long.parseLong(message), -11.5
13, 14904, -4.0, 1.0, -4.5, 5.0, 8, 153, Long.parseLong(message), -11.0
13, 14905, -4.0, 1.0, -4.0, 0.0, 11, 0, logMessage(), -2.0
13, 14906, -4.0, 1.0, -4.0, 0.5, 11, 0, logMessage(), -1.5
13, 14907, -4.0, 1.0, -4.0, 1.0, 11, 0, logMessage(), -1.0
13, 14908, -4.0, 1.0, -4.0, 1.5, 11, 0, logMessage(), -0.5
13, 14909, -4.0, 1.0, -4.0, 2.0, 11, 0, logMessage(), 0.0
13, 14910, -4.0, 1.0, -4.0, 2.5, 11, 0, logMessage(), 0.5
13, 14911, -4.0, 1.0, -4.0, 3.0, 11, 0, logMessage(), 1.0
13, 14912, -4.0, 1.0, -4.0, 3.5, 8, 151, Long.parseLong(message), -11.5
13, 14913, -4.0, 1.0, -4.0, 4.0, 8, 152, Long.parseLong(message), -11.0
13, 14914, -4.0, 1.0, -4.0, 4.5, 8, 153, Long.parseLong(message), -10.5
13, 14915, -4.0, 1.0, -4.0, 5.0, 8, 153, Long.parseLong(message), -10.0
13, 14916, -4.0, 1.0, -3.5, 0.0, 11, 0, logMessage(), -2.0
13, 14917, -4.0, 1.0, -3.5, 0.5, 11, 0, logMessage(), -1.5
13, 14918, -4.0, 1.0, -3.5, 1.0, 11, 0, logMessage(), -1.0
13, 14919, -4.0, 1.0, -3.5, 1.5, 11, 0, logMessage(), -0.5
13, 14920, -4.0, 1.0, -3.5, 2.0, 11, 0, logMessage(), 0.0
13, 14921, -4.0, 1.0, -3.5, 2.5, 11, 0, logMessage(), 0.5
13, 14922, -4.0, 1.0, -3.5, 3.0, 11, 0, logMessage(), 1.0
13, 14923, -4.0, 1.0, -3.5, 3.5, 8, 151, Long.parseLong(message), -10.5
13, 14924, -4.0, 1.0, -3.5, 4.0, 8, 152, Long.parseLong(message), -10.0
13, 14925, -4.0, 1.0, -3.5, 4.5, 8, 153, Long.parseLong(message), -9.5
13, 14926, -4.0, 1.0, -3.5, 5.0, 8, 153, Long.parseLong(message), -9.0
13, 14927, -4.0, 1.0, -3.0, 0.0, 11, 0, logMessage(), -2.0
13, 14928, -4.0, 1.0, -3.0, 0.5, 11, 0, logMessage(), -1.5
13, 14929, -4.0, 1.0, -3.0, 1.0, 11, 0, logMessage(), -1.0
13, 14930, -4.0, 1.0, -3.0, 1.5, 11, 0, logMessage(), -0.5
13, 14931, -4.0, 1.0, -3.0, 2.0, 11, 0, logMessage(), 0.0
13, 14932, -4.0, 1.0, -3.0, 2.5, 11, 0, logMessage(), 0.5
13, 14933, -4.0, 1.0, -3.0, 3.0, 11, 0, logMessage(), 1.0
13, 14934, -4.0, 1.0, -3.0, 3.5, 8, 151, Long.parseLong(message), -9.5
13, 14935, -4.0, 1.0, -3.0, 4.0, 8, 152, Long.parseLong(message), -9.0
13, 14936, -4.0, 1.0, -3.0, 4.5, 8, 153, Long.parseLong(message), -8.5
13, 14937, -4.0, 1.0, -3.0, 5.0, 8, 153, Long.parseLong(message), -8.0
13, 14938, -4.0, 1.0, -2.5, 0.0, 11, 0, logMessage(), -2.0
13, 14939, -4.0, 1.0, -2.5, 0.5, 11, 0, logMessage(), -1.5
13, 14940, -4.0, 1.0, -2.5, 1.0, 11, 0, logMessage(), -1.0
13, 14941, -4.0, 1.0, -2.5, 1.5, 11, 0, logMessage(), -0.5
13, 14942, -4.0, 1.0, -2.5, 2.0, 11, 0, logMessage(), 0.0
13, 14943, -4.0, 1.0, -2.5, 2.5, 11, 0, logMessage(), 0.5
13, 14944, -4.0, 1.0, -2.5, 3.0, 11, 0, logMessage(), 1.0
13, 14945, -4.0, 1.0, -2.5, 3.5, 8, 151, Long.parseLong(message), -8.5
13, 14946, -4.0, 1.0, -2.5, 4.0, 8, 152, Long.parseLong(message), -8.0
13, 14947, -4.0, 1.0, -2.5, 4.5, 8, 153, Long.parseLong(message), -7.5
13, 14948, -4.0, 1.0, -2.5, 5.0, 8, 153, Long.parseLong(message), -7.0
13, 14949, -4.0, 1.0, -2.0, 0.0, 11, 0, logMessage(), -2.0
13, 14950, -4.0, 1.0, -2.0, 0.5, 11, 0, logMessage(), -1.5
13, 14951, -4.0, 1.0, -2.0, 1.0, 11, 0, logMessage(), -1.0
13, 14952, -4.0, 1.0, -2.0, 1.5, 11, 0, logMessage(), -0.5
13, 14953, -4.0, 1.0, -2.0, 2.0, 11, 0, logMessage(), 0.0
13, 14954, -4.0, 1.0, -2.0, 2.5, 11, 0, logMessage(), 0.5
13, 14955, -4.0, 1.0, -2.0, 3.0, 11, 0, logMessage(), 1.0
13, 14956, -4.0, 1.0, -2.0, 3.5, 8, 151, Long.parseLong(message), -7.5
13, 14957, -4.0, 1.0, -2.0, 4.0, 8, 152, Long.parseLong(message), -7.0
13, 14958, -4.0, 1.0, -2.0, 4.5, 8, 153, Long.parseLong(message), -6.5
13, 14959, -4.0, 1.0, -2.0, 5.0, 8, 109, Long.parseLong(message), -6.0
13, 14960, -4.0, 1.0, -1.5, 0.0, 11, 0, logMessage(), -2.0
13, 14961, -4.0, 1.0, -1.5, 0.5, 11, 0, logMessage(), -1.5
13, 14962, -4.0, 1.0, -1.5, 1.0, 11, 0, logMessage(), -1.0
13, 14963, -4.0, 1.0, -1.5, 1.5, 11, 0, logMessage(), -0.5
13, 14964, -4.0, 1.0, -1.5, 2.0, 11, 0, logMessage(), 0.0
13, 14965, -4.0, 1.0, -1.5, 2.5, 11, 0, logMessage(), 0.5
13, 14966, -4.0, 1.0, -1.5, 3.0, 11, 0, logMessage(), 1.0
13, 14967, -4.0, 1.0, -1.5, 3.5, 8, 151, Long.parseLong(message), -6.5
13, 14968, -4.0, 1.0, -1.5, 4.0, 8, 152, Long.parseLong(message), -6.0
13, 14969, -4.0, 1.0, -1.5, 4.5, 8, 109, Long.parseLong(message), -5.5
13, 14970, -4.0, 1.0, -1.5, 5.0, 8, 73, Long.parseLong(message), -5.0
13, 14971, -4.0, 1.0, -1.0, 0.0, 11, 0, logMessage(), -2.0
13, 14972, -4.0, 1.0, -1.0, 0.5, 11, 0, logMessage(), -1.5
13, 14973, -4.0, 1.0, -1.0, 1.0, 11, 0, logMessage(), -1.0
13, 14974, -4.0, 1.0, -1.0, 1.5, 11, 0, logMessage(), -0.5
13, 14975, -4.0, 1.0, -1.0, 2.0, 11, 0, logMessage(), 0.0
13, 14976, -4.0, 1.0, -1.0, 2.5, 11, 0, logMessage(), 0.5
13, 14977, -4.0, 1.0, -1.0, 3.0, 11, 0, logMessage(), 1.0
13, 14978, -4.0, 1.0, -1.0, 3.5, 8, 151, Long.parseLong(message), -5.5
13, 14979, -4.0, 1.0, -1.0, 4.0, 8, 108, Long.parseLong(message), -5.0
13, 14980, -4.0, 1.0, -1.0, 4.5, 8, 73, Long.parseLong(message), -4.5
13, 14981, -4.0, 1.0, -1.0, 5.0, 8, 72, Long.parseLong(message), -4.0
13, 14982, -4.0, 1.0, -0.5, 0.0, 11, 0, logMessage(), -2.0
13, 14983, -4.0, 1.0, -0.5, 0.5, 11, 0, logMessage(), -1.5
13, 14984, -4.0, 1.0, -0.5, 1.0, 11, 0, logMessage(), -1.0
13, 14985, -4.0, 1.0, -0.5, 1.5, 11, 0, logMessage(), -0.5
13, 14986, -4.0, 1.0, -0.5, 2.0, 11, 0, logMessage(), 0.0
13, 14987, -4.0, 1.0, -0.5, 2.5, 11, 0, logMessage(), 0.5
13, 14988, -4.0, 1.0, -0.5, 3.0, 11, 0, logMessage(), 1.0
13, 14989, -4.0, 1.0, -0.5, 3.5, 8, 109, Long.parseLong(message), -4.5
13, 14990, -4.0, 1.0, -0.5, 4.0, 8, 74, Long.parseLong(message), -4.0
13, 14991, -4.0, 1.0, -0.5, 4.5, 8, 74, Long.parseLong(message), -3.5
13, 14992, -4.0, 1.0, -0.5, 5.0, 8, 73, Long.parseLong(message), -3.0
13, 14993, -4.0, 1.0, 0.0, 0.0, 11, 0, logMessage(), -2.0
13, 14994, -4.0, 1.0, 0.0, 0.5, 11, 0, logMessage(), -1.5
13, 14995, -4.0, 1.0, 0.0, 1.0, 11, 0, logMessage(), -1.0
13, 14996, -4.0, 1.0, 0.0, 1.5, 11, 0, logMessage(), -0.5
13, 14997, -4.0, 1.0, 0.0, 2.0, 11, 0, logMessage(), 0.0
13, 14998, -4.0, 1.0, 0.0, 2.5, 11, 0, logMessage(), 0.5
13, 14999, -4.0, 1.0, 0.0, 3.0, 11, 0, logMessage(), 1.0
13, 15000, -4.0, 1.0, 0.0, 3.5, 8, 76, Long.parseLong(message), -3.5
13, 15001, -4.0, 1.0, 0.0, 4.0, 8, 76, Long.parseLong(message), -3.0
13, 15002, -4.0, 1.0, 0.0, 4.5, 8, 76, Long.parseLong(message), -2.5
13, 15003, -4.0, 1.0, 0.0, 5.0, 8, 84, Long.parseLong(message), -2.0
13, 15004, -3.5, 1.0, -5.0, 0.0, 11, 0, logMessage(), -1.5
13, 15005, -3.5, 1.0, -5.0, 0.5, 11, 0, logMessage(), -1.0
13, 15006, -3.5, 1.0, -5.0, 1.0, 11, 0, logMessage(), -0.5
13, 15007, -3.5, 1.0, -5.0, 1.5, 11, 0, logMessage(), 0.0
13, 15008, -3.5, 1.0, -5.0, 2.0, 11, 0, logMessage(), 0.5
13, 15009, -3.5, 1.0, -5.0, 2.5, 11, 0, logMessage(), 1.0
13, 15010, -3.5, 1.0, -5.0, 3.0, 8, 151, Long.parseLong(message), -13.0
13, 15011, -3.5, 1.0, -5.0, 3.5, 8, 152, Long.parseLong(message), -12.5
13, 15012, -3.5, 1.0, -5.0, 4.0, 8, 153, Long.parseLong(message), -12.0
13, 15013, -3.5, 1.0, -5.0, 4.5, 8, 153, Long.parseLong(message), -11.5
13, 15014, -3.5, 1.0, -5.0, 5.0, 8, 153, Long.parseLong(message), -11.0
13, 15015, -3.5, 1.0, -4.5, 0.0, 11, 0, logMessage(), -1.5
13, 15016, -3.5, 1.0, -4.5, 0.5, 11, 0, logMessage(), -1.0
13, 15017, -3.5, 1.0, -4.5, 1.0, 11, 0, logMessage(), -0.5
13, 15018, -3.5, 1.0, -4.5, 1.5, 11, 0, logMessage(), 0.0
13, 15019, -3.5, 1.0, -4.5, 2.0, 11, 0, logMessage(), 0.5
13, 15020, -3.5, 1.0, -4.5, 2.5, 11, 0, logMessage(), 1.0
13, 15021, -3.5, 1.0, -4.5, 3.0, 8, 151, Long.parseLong(message), -12.0
13, 15022, -3.5, 1.0, -4.5, 3.5, 8, 152, Long.parseLong(message), -11.5
13, 15023, -3.5, 1.0, -4.5, 4.0, 8, 153, Long.parseLong(message), -11.0
13, 15024, -3.5, 1.0, -4.5, 4.5, 8, 153, Long.parseLong(message), -10.5
13, 15025, -3.5, 1.0, -4.5, 5.0, 8, 153, Long.parseLong(message), -10.0
13, 15026, -3.5, 1.0, -4.0, 0.0, 11, 0, logMessage(), -1.5
13, 15027, -3.5, 1.0, -4.0, 0.5, 11, 0, logMessage(), -1.0
13, 15028, -3.5, 1.0, -4.0, 1.0, 11, 0, logMessage(), -0.5
13, 15029, -3.5, 1.0, -4.0, 1.5, 11, 0, logMessage(), 0.0
13, 15030, -3.5, 1.0, -4.0, 2.0, 11, 0, logMessage(), 0.5
13, 15031, -3.5, 1.0, -4.0, 2.5, 11, 0, logMessage(), 1.0
13, 15032, -3.5, 1.0, -4.0, 3.0, 8, 151, Long.parseLong(message), -11.0
13, 15033, -3.5, 1.0, -4.0, 3.5, 8, 152, Long.parseLong(message), -10.5
13, 15034, -3.5, 1.0, -4.0, 4.0, 8, 153, Long.parseLong(message), -10.0
13, 15035, -3.5, 1.0, -4.0, 4.5, 8, 153, Long.parseLong(message), -9.5
13, 15036, -3.5, 1.0, -4.0, 5.0, 8, 153, Long.parseLong(message), -9.0
13, 15037, -3.5, 1.0, -3.5, 0.0, 11, 0, logMessage(), -1.5
13, 15038, -3.5, 1.0, -3.5, 0.5, 11, 0, logMessage(), -1.0
13, 15039, -3.5, 1.0, -3.5, 1.0, 11, 0, logMessage(), -0.5
13, 15040, -3.5, 1.0, -3.5, 1.5, 11, 0, logMessage(), 0.0
13, 15041, -3.5, 1.0, -3.5, 2.0, 11, 0, logMessage(), 0.5
13, 15042, -3.5, 1.0, -3.5, 2.5, 11, 0, logMessage(), 1.0
13, 15043, -3.5, 1.0, -3.5, 3.0, 8, 151, Long.parseLong(message), -10.0
13, 15044, -3.5, 1.0, -3.5, 3.5, 8, 152, Long.parseLong(message), -9.5
13, 15045, -3.5, 1.0, -3.5, 4.0, 8, 153, Long.parseLong(message), -9.0
13, 15046, -3.5, 1.0, -3.5, 4.5, 8, 153, Long.parseLong(message), -8.5
13, 15047, -3.5, 1.0, -3.5, 5.0, 8, 153, Long.parseLong(message), -8.0
13, 15048, -3.5, 1.0, -3.0, 0.0, 11, 0, logMessage(), -1.5
13, 15049, -3.5, 1.0, -3.0, 0.5, 11, 0, logMessage(), -1.0
13, 15050, -3.5, 1.0, -3.0, 1.0, 11, 0, logMessage(), -0.5
13, 15051, -3.5, 1.0, -3.0, 1.5, 11, 0, logMessage(), 0.0
13, 15052, -3.5, 1.0, -3.0, 2.0, 11, 0, logMessage(), 0.5
13, 15053, -3.5, 1.0, -3.0, 2.5, 11, 0, logMessage(), 1.0
13, 15054, -3.5, 1.0, -3.0, 3.0, 8, 151, Long.parseLong(message), -9.0
13, 15055, -3.5, 1.0, -3.0, 3.5, 8, 152, Long.parseLong(message), -8.5
13, 15056, -3.5, 1.0, -3.0, 4.0, 8, 153, Long.parseLong(message), -8.0
13, 15057, -3.5, 1.0, -3.0, 4.5, 8, 153, Long.parseLong(message), -7.5
13, 15058, -3.5, 1.0, -3.0, 5.0, 8, 153, Long.parseLong(message), -7.0
13, 15059, -3.5, 1.0, -2.5, 0.0, 11, 0, logMessage(), -1.5
13, 15060, -3.5, 1.0, -2.5, 0.5, 11, 0, logMessage(), -1.0
13, 15061, -3.5, 1.0, -2.5, 1.0, 11, 0, logMessage(), -0.5
13, 15062, -3.5, 1.0, -2.5, 1.5, 11, 0, logMessage(), 0.0
13, 15063, -3.5, 1.0, -2.5, 2.0, 11, 0, logMessage(), 0.5
13, 15064, -3.5, 1.0, -2.5, 2.5, 11, 0, logMessage(), 1.0
13, 15065, -3.5, 1.0, -2.5, 3.0, 8, 151, Long.parseLong(message), -8.0
13, 15066, -3.5, 1.0, -2.5, 3.5, 8, 152, Long.parseLong(message), -7.5
13, 15067, -3.5, 1.0, -2.5, 4.0, 8, 153, Long.parseLong(message), -7.0
13, 15068, -3.5, 1.0, -2.5, 4.5, 8, 153, Long.parseLong(message), -6.5
13, 15069, -3.5, 1.0, -2.5, 5.0, 8, 108, Long.parseLong(message), -6.0
13, 15070, -3.5, 1.0, -2.0, 0.0, 11, 0, logMessage(), -1.5
13, 15071, -3.5, 1.0, -2.0, 0.5, 11, 0, logMessage(), -1.0
13, 15072, -3.5, 1.0, -2.0, 1.0, 11, 0, logMessage(), -0.5
13, 15073, -3.5, 1.0, -2.0, 1.5, 11, 0, logMessage(), 0.0
13, 15074, -3.5, 1.0, -2.0, 2.0, 11, 0, logMessage(), 0.5
13, 15075, -3.5, 1.0, -2.0, 2.5, 11, 0, logMessage(), 1.0
13, 15076, -3.5, 1.0, -2.0, 3.0, 8, 151, Long.parseLong(message), -7.0
13, 15077, -3.5, 1.0, -2.0, 3.5, 8, 152, Long.parseLong(message), -6.5
13, 15078, -3.5, 1.0, -2.0, 4.0, 8, 153, Long.parseLong(message), -6.0
13, 15079, -3.5, 1.0, -2.0, 4.5, 8, 109, Long.parseLong(message), -5.5
13, 15080, -3.5, 1.0, -2.0, 5.0, 8, 73, Long.parseLong(message), -5.0
13, 15081, -3.5, 1.0, -1.5, 0.0, 11, 0, logMessage(), -1.5
13, 15082, -3.5, 1.0, -1.5, 0.5, 11, 0, logMessage(), -1.0
13, 15083, -3.5, 1.0, -1.5, 1.0, 11, 0, logMessage(), -0.5
13, 15084, -3.5, 1.0, -1.5, 1.5, 11, 0, logMessage(), 0.0
13, 15085, -3.5, 1.0, -1.5, 2.0, 11, 0, logMessage(), 0.5
13, 15086, -3.5, 1.0, -1.5, 2.5, 11, 0, logMessage(), 1.0
13, 15087, -3.5, 1.0, -1.5, 3.0, 8, 151, Long.parseLong(message), -6.0
13, 15088, -3.5, 1.0, -1.5, 3.5, 8, 152, Long.parseLong(message), -5.5
13, 15089, -3.5, 1.0, -1.5, 4.0, 8, 109, Long.parseLong(message), -5.0
13, 15090, -3.5, 1.0, -1.5, 4.5, 8, 73, Long.parseLong(message), -4.5
13, 15091, -3.5, 1.0, -1.5, 5.0, 8, 72, Long.parseLong(message), -4.0
13, 15092, -3.5, 1.0, -1.0, 0.0, 11, 0, logMessage(), -1.5
13, 15093, -3.5, 1.0, -1.0, 0.5, 11, 0, logMessage(), -1.0
13, 15094, -3.5, 1.0, -1.0, 1.0, 11, 0, logMessage(), -0.5
13, 15095, -3.5, 1.0, -1.0, 1.5, 11, 0, logMessage(), 0.0
13, 15096, -3.5, 1.0, -1.0, 2.0, 11, 0, logMessage(), 0.5
13, 15097, -3.5, 1.0, -1.0, 2.5, 11, 0, logMessage(), 1.0
13, 15098, -3.5, 1.0, -1.0, 3.0, 8, 151, Long.parseLong(message), -5.0
13, 15099, -3.5, 1.0, -1.0, 3.5, 8, 108, Long.parseLong(message), -4.5
13, 15100, -3.5, 1.0, -1.0, 4.0, 8, 73, Long.parseLong(message), -4.0
13, 15101, -3.5, 1.0, -1.0, 4.5, 8, 72, Long.parseLong(message), -3.5
13, 15102, -3.5, 1.0, -1.0, 5.0, 8, 72, Long.parseLong(message), -3.0
13, 15103, -3.5, 1.0, -0.5, 0.0, 11, 0, logMessage(), -1.5
13, 15104, -3.5, 1.0, -0.5, 0.5, 11, 0, logMessage(), -1.0
13, 15105, -3.5, 1.0, -0.5, 1.0, 11, 0, logMessage(), -0.5
13, 15106, -3.5, 1.0, -0.5, 1.5, 11, 0, logMessage(), 0.0
13, 15107, -3.5, 1.0, -0.5, 2.0, 11, 0, logMessage(), 0.5
13, 15108, -3.5, 1.0, -0.5, 2.5, 11, 0, logMessage(), 1.0
13, 15109, -3.5, 1.0, -0.5, 3.0, 8, 109, Long.parseLong(message), -4.0
13, 15110, -3.5, 1.0, -0.5, 3.5, 8, 74, Long.parseLong(message), -3.5
13, 15111, -3.5, 1.0, -0.5, 4.0, 8, 74, Long.parseLong(message), -3.0
13, 15112, -3.5, 1.0, -0.5, 4.5, 8, 72, Long.parseLong(message), -2.5
13, 15113, -3.5, 1.0, -0.5, 5.0, 8, 77, Long.parseLong(message), -2.0
13, 15114, -3.5, 1.0, 0.0, 0.0, 11, 0, logMessage(), -1.5
13, 15115, -3.5, 1.0, 0.0, 0.5, 11, 0, logMessage(), -1.0
13, 15116, -3.5, 1.0, 0.0, 1.0, 11, 0, logMessage(), -0.5
13, 15117, -3.5, 1.0, 0.0, 1.5, 11, 0, logMessage(), 0.0
13, 15118, -3.5, 1.0, 0.0, 2.0, 11, 0, logMessage(), 0.5
13, 15119, -3.5, 1.0, 0.0, 2.5, 11, 0, logMessage(), 1.0
13, 15120, -3.5, 1.0, 0.0, 3.0, 8, 76, Long.parseLong(message), -3.0
13, 15121, -3.5, 1.0, 0.0, 3.5, 8, 76, Long.parseLong(message), -2.5
13, 15122, -3.5, 1.0, 0.0, 4.0, 8, 75, Long.parseLong(message), -2.0
13, 15123, -3.5, 1.0, 0.0, 4.5, 8, 79, Long.parseLong(message), -1.5
13, 15124, -3.5, 1.0, 0.0, 5.0, 8, 81, Long.parseLong(message), -1.0
13, 15125, -3.0, 1.0, -5.0, 0.0, 11, 0, logMessage(), -1.0
13, 15126, -3.0, 1.0, -5.0, 0.5, 11, 0, logMessage(), -0.5
13, 15127, -3.0, 1.0, -5.0, 1.0, 11, 0, logMessage(), 0.0
13, 15128, -3.0, 1.0, -5.0, 1.5, 11, 0, logMessage(), 0.5
13, 15129, -3.0, 1.0, -5.0, 2.0, 11, 0, logMessage(), 1.0
13, 15130, -3.0, 1.0, -5.0, 2.5, 8, 151, Long.parseLong(message), -12.5
13, 15131, -3.0, 1.0, -5.0, 3.0, 8, 152, Long.parseLong(message), -12.0
13, 15132, -3.0, 1.0, -5.0, 3.5, 8, 153, Long.parseLong(message), -11.5
13, 15133, -3.0, 1.0, -5.0, 4.0, 8, 153, Long.parseLong(message), -11.0
13, 15134, -3.0, 1.0, -5.0, 4.5, 0, 2, log.println(message), 3.0
13, 15135, -3.0, 1.0, -5.0, 5.0, 0, 2, log.println(message), 4.0
13, 15136, -3.0, 1.0, -4.5, 0.0, 11, 0, logMessage(), -1.0
13, 15137, -3.0, 1.0, -4.5, 0.5, 11, 0, logMessage(), -0.5
13, 15138, -3.0, 1.0, -4.5, 1.0, 11, 0, logMessage(), 0.0
13, 15139, -3.0, 1.0, -4.5, 1.5, 11, 0, logMessage(), 0.5
13, 15140, -3.0, 1.0, -4.5, 2.0, 11, 0, logMessage(), 1.0
13, 15141, -3.0, 1.0, -4.5, 2.5, 8, 151, Long.parseLong(message), -11.5
13, 15142, -3.0, 1.0, -4.5, 3.0, 8, 152, Long.parseLong(message), -11.0
13, 15143, -3.0, 1.0, -4.5, 3.5, 8, 153, Long.parseLong(message), -10.5
13, 15144, -3.0, 1.0, -4.5, 4.0, 8, 153, Long.parseLong(message), -10.0
13, 15145, -3.0, 1.0, -4.5, 4.5, 0, 2, log.println(message), 3.0
13, 15146, -3.0, 1.0, -4.5, 5.0, 0, 2, log.println(message), 4.0
13, 15147, -3.0, 1.0, -4.0, 0.0, 11, 0, logMessage(), -1.0
13, 15148, -3.0, 1.0, -4.0, 0.5, 11, 0, logMessage(), -0.5
13, 15149, -3.0, 1.0, -4.0, 1.0, 11, 0, logMessage(), 0.0
13, 15150, -3.0, 1.0, -4.0, 1.5, 11, 0, logMessage(), 0.5
13, 15151, -3.0, 1.0, -4.0, 2.0, 11, 0, logMessage(), 1.0
13, 15152, -3.0, 1.0, -4.0, 2.5, 8, 151, Long.parseLong(message), -10.5
13, 15153, -3.0, 1.0, -4.0, 3.0, 8, 152, Long.parseLong(message), -10.0
13, 15154, -3.0, 1.0, -4.0, 3.5, 8, 153, Long.parseLong(message), -9.5
13, 15155, -3.0, 1.0, -4.0, 4.0, 8, 153, Long.parseLong(message), -9.0
13, 15156, -3.0, 1.0, -4.0, 4.5, 0, 2, log.println(message), 3.0
13, 15157, -3.0, 1.0, -4.0, 5.0, 0, 2, log.println(message), 4.0
13, 15158, -3.0, 1.0, -3.5, 0.0, 11, 0, logMessage(), -1.0
13, 15159, -3.0, 1.0, -3.5, 0.5, 11, 0, logMessage(), -0.5
13, 15160, -3.0, 1.0, -3.5, 1.0, 11, 0, logMessage(), 0.0
13, 15161, -3.0, 1.0, -3.5, 1.5, 11, 0, logMessage(), 0.5
13, 15162, -3.0, 1.0, -3.5, 2.0, 11, 0, logMessage(), 1.0
13, 15163, -3.0, 1.0, -3.5, 2.5, 8, 151, Long.parseLong(message), -9.5
13, 15164, -3.0, 1.0, -3.5, 3.0, 8, 152, Long.parseLong(message), -9.0
13, 15165, -3.0, 1.0, -3.5, 3.5, 8, 153, Long.parseLong(message), -8.5
13, 15166, -3.0, 1.0, -3.5, 4.0, 8, 153, Long.parseLong(message), -8.0
13, 15167, -3.0, 1.0, -3.5, 4.5, 0, 2, log.println(message), 3.0
13, 15168, -3.0, 1.0, -3.5, 5.0, 0, 2, log.println(message), 4.0
13, 15169, -3.0, 1.0, -3.0, 0.0, 11, 0, logMessage(), -1.0
13, 15170, -3.0, 1.0, -3.0, 0.5, 11, 0, logMessage(), -0.5
13, 15171, -3.0, 1.0, -3.0, 1.0, 11, 0, logMessage(), 0.0
13, 15172, -3.0, 1.0, -3.0, 1.5, 11, 0, logMessage(), 0.5
13, 15173, -3.0, 1.0, -3.0, 2.0, 11, 0, logMessage(), 1.0
13, 15174, -3.0, 1.0, -3.0, 2.5, 8, 151, Long.parseLong(message), -8.5
13, 15175, -3.0, 1.0, -3.0, 3.0, 8, 152, Long.parseLong(message), -8.0
13, 15176, -3.0, 1.0, -3.0, 3.5, 8, 153, Long.parseLong(message), -7.5
13, 15177, -3.0, 1.0, -3.0, 4.0, 8, 153, Long.parseLong(message), -7.0
13, 15178, -3.0, 1.0, -3.0, 4.5, 0, 2, log.println(message), 3.0
13, 15179, -3.0, 1.0, -3.0, 5.0, 0, 2, log.println(message), 4.0
13, 15180, -3.0, 1.0, -2.5, 0.0, 11, 0, logMessage(), -1.0
13, 15181, -3.0, 1.0, -2.5, 0.5, 11, 0, logMessage(), -0.5
13, 15182, -3.0, 1.0, -2.5, 1.0, 11, 0, logMessage(), 0.0
13, 15183, -3.0, 1.0, -2.5, 1.5, 11, 0, logMessage(), 0.5
13, 15184, -3.0, 1.0, -2.5, 2.0, 11, 0, logMessage(), 1.0
13, 15185, -3.0, 1.0, -2.5, 2.5, 8, 151, Long.parseLong(message), -7.5
13, 15186, -3.0, 1.0, -2.5, 3.0, 8, 152, Long.parseLong(message), -7.0
13, 15187, -3.0, 1.0, -2.5, 3.5, 8, 153, Long.parseLong(message), -6.5
13, 15188, -3.0, 1.0, -2.5, 4.0, 8, 153, Long.parseLong(message), -6.0
13, 15189, -3.0, 1.0, -2.5, 4.5, 0, 2, log.println(message), 3.0
13, 15190, -3.0, 1.0, -2.5, 5.0, 0, 0, log.println(message), 4.0
13, 15191, -3.0, 1.0, -2.0, 0.0, 11, 0, logMessage(), -1.0
13, 15192, -3.0, 1.0, -2.0, 0.5, 11, 0, logMessage(), -0.5
13, 15193, -3.0, 1.0, -2.0, 1.0, 11, 0, logMessage(), 0.0
13, 15194, -3.0, 1.0, -2.0, 1.5, 11, 0, logMessage(), 0.5
13, 15195, -3.0, 1.0, -2.0, 2.0, 11, 0, logMessage(), 1.0
13, 15196, -3.0, 1.0, -2.0, 2.5, 8, 151, Long.parseLong(message), -6.5
13, 15197, -3.0, 1.0, -2.0, 3.0, 8, 152, Long.parseLong(message), -6.0
13, 15198, -3.0, 1.0, -2.0, 3.5, 8, 153, Long.parseLong(message), -5.5
13, 15199, -3.0, 1.0, -2.0, 4.0, 8, 109, Long.parseLong(message), -5.0
13, 15200, -3.0, 1.0, -2.0, 4.5, 0, 0, log.println(message), 3.0
13, 15201, -3.0, 1.0, -2.0, 5.0, 0, 0, log.println(message), 4.0
13, 15202, -3.0, 1.0, -1.5, 0.0, 11, 0, logMessage(), -1.0
13, 15203, -3.0, 1.0, -1.5, 0.5, 11, 0, logMessage(), -0.5
13, 15204, -3.0, 1.0, -1.5, 1.0, 11, 0, logMessage(), 0.0
13, 15205, -3.0, 1.0, -1.5, 1.5, 11, 0, logMessage(), 0.5
13, 15206, -3.0, 1.0, -1.5, 2.0, 11, 0, logMessage(), 1.0
13, 15207, -3.0, 1.0, -1.5, 2.5, 8, 151, Long.parseLong(message), -5.5
13, 15208, -3.0, 1.0, -1.5, 3.0, 8, 152, Long.parseLong(message), -5.0
13, 15209, -3.0, 1.0, -1.5, 3.5, 8, 109, Long.parseLong(message), -4.5
13, 15210, -3.0, 1.0, -1.5, 4.0, 8, 73, Long.parseLong(message), -4.0
13, 15211, -3.0, 1.0, -1.5, 4.5, 0, 1, log.println(message), 3.0
13, 15212, -3.0, 1.0, -1.5, 5.0, 0, 2, log.println(message), 4.0
13, 15213, -3.0, 1.0, -1.0, 0.0, 11, 0, logMessage(), -1.0
13, 15214, -3.0, 1.0, -1.0, 0.5, 11, 0, logMessage(), -0.5
13, 15215, -3.0, 1.0, -1.0, 1.0, 11, 0, logMessage(), 0.0
13, 15216, -3.0, 1.0, -1.0, 1.5, 11, 0, logMessage(), 0.5
13, 15217, -3.0, 1.0, -1.0, 2.0, 11, 0, logMessage(), 1.0
13, 15218, -3.0, 1.0, -1.0, 2.5, 8, 151, Long.parseLong(message), -4.5
13, 15219, -3.0, 1.0, -1.0, 3.0, 8, 108, Long.parseLong(message), -4.0
13, 15220, -3.0, 1.0, -1.0, 3.5, 8, 73, Long.parseLong(message), -3.5
13, 15221, -3.0, 1.0, -1.0, 4.0, 8, 72, Long.parseLong(message), -3.0
13, 15222, -3.0, 1.0, -1.0, 4.5, 0, 2, log.println(message), 3.0
13, 15223, -3.0, 1.0, -1.0, 5.0, 0, 4, log.println(message), 4.0
13, 15224, -3.0, 1.0, -0.5, 0.0, 11, 0, logMessage(), -1.0
13, 15225, -3.0, 1.0, -0.5, 0.5, 11, 0, logMessage(), -0.5
13, 15226, -3.0, 1.0, -0.5, 1.0, 11, 0, logMessage(), 0.0
13, 15227, -3.0, 1.0, -0.5, 1.5, 11, 0, logMessage(), 0.5
13, 15228, -3.0, 1.0, -0.5, 2.0, 11, 0, logMessage(), 1.0
13, 15229, -3.0, 1.0, -0.5, 2.5, 8, 109, Long.parseLong(message), -3.5
13, 15230, -3.0, 1.0, -0.5, 3.0, 8, 74, Long.parseLong(message), -3.0
13, 15231, -3.0, 1.0, -0.5, 3.5, 8, 74, Long.parseLong(message), -2.5
13, 15232, -3.0, 1.0, -0.5, 4.0, 8, 74, Long.parseLong(message), -2.0
13, 15233, -3.0, 1.0, -0.5, 4.5, 0, 4, log.println(message), 3.0
13, 15234, -3.0, 1.0, -0.5, 5.0, 0, 5, log.println(message), 4.0
13, 15235, -3.0, 1.0, 0.0, 0.0, 11, 0, logMessage(), -1.0
13, 15236, -3.0, 1.0, 0.0, 0.5, 11, 0, logMessage(), -0.5
13, 15237, -3.0, 1.0, 0.0, 1.0, 11, 0, logMessage(), 0.0
13, 15238, -3.0, 1.0, 0.0, 1.5, 11, 0, logMessage(), 0.5
13, 15239, -3.0, 1.0, 0.0, 2.0, 11, 0, logMessage(), 1.0
13, 15240, -3.0, 1.0, 0.0, 2.5, 8, 76, Long.parseLong(message), -2.5
13, 15241, -3.0, 1.0, 0.0, 3.0, 8, 76, Long.parseLong(message), -2.0
13, 15242, -3.0, 1.0, 0.0, 3.5, 8, 84, Long.parseLong(message), -1.5
13, 15243, -3.0, 1.0, 0.0, 4.0, 8, 80, Long.parseLong(message), -1.0
13, 15244, -3.0, 1.0, 0.0, 4.5, 0, 33, log.println(message), 3.0
13, 15245, -3.0, 1.0, 0.0, 5.0, 0, 33, log.println(message), 4.0
13, 15246, -2.5, 1.0, -5.0, 0.0, 11, 0, logMessage(), -0.5
13, 15247, -2.5, 1.0, -5.0, 0.5, 11, 0, logMessage(), 0.0
13, 15248, -2.5, 1.0, -5.0, 1.0, 11, 0, logMessage(), 0.5
13, 15249, -2.5, 1.0, -5.0, 1.5, 11, 0, logMessage(), 1.0
13, 15250, -2.5, 1.0, -5.0, 2.0, 8, 151, Long.parseLong(message), -12.0
13, 15251, -2.5, 1.0, -5.0, 2.5, 8, 152, Long.parseLong(message), -11.5
13, 15252, -2.5, 1.0, -5.0, 3.0, 8, 153, Long.parseLong(message), -11.0
13, 15253, -2.5, 1.0, -5.0, 3.5, 0, 2, log.println(message), 2.5
13, 15254, -2.5, 1.0, -5.0, 4.0, 0, 2, log.println(message), 3.5
13, 15255, -2.5, 1.0, -5.0, 4.5, 0, 2, log.println(message), 4.5
13, 15256, -2.5, 1.0, -5.0, 5.0, 0, 2, log.println(message), 5.5
13, 15257, -2.5, 1.0, -4.5, 0.0, 11, 0, logMessage(), -0.5
13, 15258, -2.5, 1.0, -4.5, 0.5, 11, 0, logMessage(), 0.0
13, 15259, -2.5, 1.0, -4.5, 1.0, 11, 0, logMessage(), 0.5
13, 15260, -2.5, 1.0, -4.5, 1.5, 11, 0, logMessage(), 1.0
13, 15261, -2.5, 1.0, -4.5, 2.0, 8, 151, Long.parseLong(message), -11.0
13, 15262, -2.5, 1.0, -4.5, 2.5, 8, 152, Long.parseLong(message), -10.5
13, 15263, -2.5, 1.0, -4.5, 3.0, 8, 153, Long.parseLong(message), -10.0
13, 15264, -2.5, 1.0, -4.5, 3.5, 0, 2, log.println(message), 2.5
13, 15265, -2.5, 1.0, -4.5, 4.0, 0, 2, log.println(message), 3.5
13, 15266, -2.5, 1.0, -4.5, 4.5, 0, 2, log.println(message), 4.5
13, 15267, -2.5, 1.0, -4.5, 5.0, 0, 2, log.println(message), 5.5
13, 15268, -2.5, 1.0, -4.0, 0.0, 11, 0, logMessage(), -0.5
13, 15269, -2.5, 1.0, -4.0, 0.5, 11, 0, logMessage(), 0.0
13, 15270, -2.5, 1.0, -4.0, 1.0, 11, 0, logMessage(), 0.5
13, 15271, -2.5, 1.0, -4.0, 1.5, 11, 0, logMessage(), 1.0
13, 15272, -2.5, 1.0, -4.0, 2.0, 8, 151, Long.parseLong(message), -10.0
13, 15273, -2.5, 1.0, -4.0, 2.5, 8, 152, Long.parseLong(message), -9.5
13, 15274, -2.5, 1.0, -4.0, 3.0, 8, 153, Long.parseLong(message), -9.0
13, 15275, -2.5, 1.0, -4.0, 3.5, 0, 2, log.println(message), 2.5
13, 15276, -2.5, 1.0, -4.0, 4.0, 0, 2, log.println(message), 3.5
13, 15277, -2.5, 1.0, -4.0, 4.5, 0, 2, log.println(message), 4.5
13, 15278, -2.5, 1.0, -4.0, 5.0, 0, 2, log.println(message), 5.5
13, 15279, -2.5, 1.0, -3.5, 0.0, 11, 0, logMessage(), -0.5
13, 15280, -2.5, 1.0, -3.5, 0.5, 11, 0, logMessage(), 0.0
13, 15281, -2.5, 1.0, -3.5, 1.0, 11, 0, logMessage(), 0.5
13, 15282, -2.5, 1.0, -3.5, 1.5, 11, 0, logMessage(), 1.0
13, 15283, -2.5, 1.0, -3.5, 2.0, 8, 151, Long.parseLong(message), -9.0
13, 15284, -2.5, 1.0, -3.5, 2.5, 8, 152, Long.parseLong(message), -8.5
13, 15285, -2.5, 1.0, -3.5, 3.0, 8, 153, Long.parseLong(message), -8.0
13, 15286, -2.5, 1.0, -3.5, 3.5, 0, 2, log.println(message), 2.5
13, 15287, -2.5, 1.0, -3.5, 4.0, 0, 2, log.println(message), 3.5
13, 15288, -2.5, 1.0, -3.5, 4.5, 0, 2, log.println(message), 4.5
13, 15289, -2.5, 1.0, -3.5, 5.0, 0, 4, log.println(message), 5.5
13, 15290, -2.5, 1.0, -3.0, 0.0, 11, 0, logMessage(), -0.5
13, 15291, -2.5, 1.0, -3.0, 0.5, 11, 0, logMessage(), 0.0
13, 15292, -2.5, 1.0, -3.0, 1.0, 11, 0, logMessage(), 0.5
13, 15293, -2.5, 1.0, -3.0, 1.5, 11, 0, logMessage(), 1.0
13, 15294, -2.5, 1.0, -3.0, 2.0, 8, 151, Long.parseLong(message), -8.0
13, 15295, -2.5, 1.0, -3.0, 2.5, 8, 152, Long.parseLong(message), -7.5
13, 15296, -2.5, 1.0, -3.0, 3.0, 8, 153, Long.parseLong(message), -7.0
13, 15297, -2.5, 1.0, -3.0, 3.5, 0, 2, log.println(message), 2.5
13, 15298, -2.5, 1.0, -3.0, 4.0, 0, 2, log.println(message), 3.5
13, 15299, -2.5, 1.0, -3.0, 4.5, 0, 2, log.println(message), 4.5
13, 15300, -2.5, 1.0, -3.0, 5.0, 0, 0, log.println(message), 5.5
13, 15301, -2.5, 1.0, -2.5, 0.0, 11, 0, logMessage(), -0.5
13, 15302, -2.5, 1.0, -2.5, 0.5, 11, 0, logMessage(), 0.0
13, 15303, -2.5, 1.0, -2.5, 1.0, 11, 0, logMessage(), 0.5
13, 15304, -2.5, 1.0, -2.5, 1.5, 11, 0, logMessage(), 1.0
13, 15305, -2.5, 1.0, -2.5, 2.0, 8, 151, Long.parseLong(message), -7.0
13, 15306, -2.5, 1.0, -2.5, 2.5, 8, 152, Long.parseLong(message), -6.5
13, 15307, -2.5, 1.0, -2.5, 3.0, 8, 153, Long.parseLong(message), -6.0
13, 15308, -2.5, 1.0, -2.5, 3.5, 0, 2, log.println(message), 2.5
13, 15309, -2.5, 1.0, -2.5, 4.0, 0, 2, log.println(message), 3.5
13, 15310, -2.5, 1.0, -2.5, 4.5, 0, 0, log.println(message), 4.5
13, 15311, -2.5, 1.0, -2.5, 5.0, 0, 0, log.println(message), 5.5
13, 15312, -2.5, 1.0, -2.0, 0.0, 11, 0, logMessage(), -0.5
13, 15313, -2.5, 1.0, -2.0, 0.5, 11, 0, logMessage(), 0.0
13, 15314, -2.5, 1.0, -2.0, 1.0, 11, 0, logMessage(), 0.5
13, 15315, -2.5, 1.0, -2.0, 1.5, 11, 0, logMessage(), 1.0
13, 15316, -2.5, 1.0, -2.0, 2.0, 8, 151, Long.parseLong(message), -6.0
13, 15317, -2.5, 1.0, -2.0, 2.5, 8, 152, Long.parseLong(message), -5.5
13, 15318, -2.5, 1.0, -2.0, 3.0, 8, 153, Long.parseLong(message), -5.0
13, 15319, -2.5, 1.0, -2.0, 3.5, 0, 2, log.println(message), 2.5
13, 15320, -2.5, 1.0, -2.0, 4.0, 0, 0, log.println(message), 3.5
13, 15321, -2.5, 1.0, -2.0, 4.5, 0, 0, log.println(message), 4.5
13, 15322, -2.5, 1.0, -2.0, 5.0, 0, 1, log.println(message), 5.5
13, 15323, -2.5, 1.0, -1.5, 0.0, 11, 0, logMessage(), -0.5
13, 15324, -2.5, 1.0, -1.5, 0.5, 11, 0, logMessage(), 0.0
13, 15325, -2.5, 1.0, -1.5, 1.0, 11, 0, logMessage(), 0.5
13, 15326, -2.5, 1.0, -1.5, 1.5, 11, 0, logMessage(), 1.0
13, 15327, -2.5, 1.0, -1.5, 2.0, 8, 151, Long.parseLong(message), -5.0
13, 15328, -2.5, 1.0, -1.5, 2.5, 8, 152, Long.parseLong(message), -4.5
13, 15329, -2.5, 1.0, -1.5, 3.0, 8, 109, Long.parseLong(message), -4.0
13, 15330, -2.5, 1.0, -1.5, 3.5, 0, 0, log.println(message), 2.5
13, 15331, -2.5, 1.0, -1.5, 4.0, 0, 0, log.println(message), 3.5
13, 15332, -2.5, 1.0, -1.5, 4.5, 0, 2, log.println(message), 4.5
13, 15333, -2.5, 1.0, -1.5, 5.0, 0, 4, log.println(message), 5.5
13, 15334, -2.5, 1.0, -1.0, 0.0, 11, 0, logMessage(), -0.5
13, 15335, -2.5, 1.0, -1.0, 0.5, 11, 0, logMessage(), 0.0
13, 15336, -2.5, 1.0, -1.0, 1.0, 11, 0, logMessage(), 0.5
13, 15337, -2.5, 1.0, -1.0, 1.5, 11, 0, logMessage(), 1.0
13, 15338, -2.5, 1.0, -1.0, 2.0, 8, 151, Long.parseLong(message), -4.0
13, 15339, -2.5, 1.0, -1.0, 2.5, 8, 108, Long.parseLong(message), -3.5
13, 15340, -2.5, 1.0, -1.0, 3.0, 8, 73, Long.parseLong(message), -3.0
13, 15341, -2.5, 1.0, -1.0, 3.5, 0, 1, log.println(message), 2.5
13, 15342, -2.5, 1.0, -1.0, 4.0, 0, 2, log.println(message), 3.5
13, 15343, -2.5, 1.0, -1.0, 4.5, 0, 4, log.println(message), 4.5
13, 15344, -2.5, 1.0, -1.0, 5.0, 0, 4, log.println(message), 5.5
13, 15345, -2.5, 1.0, -0.5, 0.0, 11, 0, logMessage(), -0.5
13, 15346, -2.5, 1.0, -0.5, 0.5, 11, 0, logMessage(), 0.0
13, 15347, -2.5, 1.0, -0.5, 1.0, 11, 0, logMessage(), 0.5
13, 15348, -2.5, 1.0, -0.5, 1.5, 11, 0, logMessage(), 1.0
13, 15349, -2.5, 1.0, -0.5, 2.0, 8, 109, Long.parseLong(message), -3.0
13, 15350, -2.5, 1.0, -0.5, 2.5, 8, 74, Long.parseLong(message), -2.5
13, 15351, -2.5, 1.0, -0.5, 3.0, 8, 74, Long.parseLong(message), -2.0
13, 15352, -2.5, 1.0, -0.5, 3.5, 0, 4, log.println(message), 2.5
13, 15353, -2.5, 1.0, -0.5, 4.0, 0, 4, log.println(message), 3.5
13, 15354, -2.5, 1.0, -0.5, 4.5, 0, 6, log.println(message), 4.5
13, 15355, -2.5, 1.0, -0.5, 5.0, 13, 75, message, 3.5
13, 15356, -2.5, 1.0, 0.0, 0.0, 11, 0, logMessage(), -0.5
13, 15357, -2.5, 1.0, 0.0, 0.5, 11, 0, logMessage(), 0.0
13, 15358, -2.5, 1.0, 0.0, 1.0, 11, 0, logMessage(), 0.5
13, 15359, -2.5, 1.0, 0.0, 1.5, 11, 0, logMessage(), 1.0
13, 15360, -2.5, 1.0, 0.0, 2.0, 8, 76, Long.parseLong(message), -2.0
13, 15361, -2.5, 1.0, 0.0, 2.5, 8, 76, Long.parseLong(message), -1.5
13, 15362, -2.5, 1.0, 0.0, 3.0, 8, 79, Long.parseLong(message), -1.0
13, 15363, -2.5, 1.0, 0.0, 3.5, 0, 7, log.println(message), 2.5
13, 15364, -2.5, 1.0, 0.0, 4.0, 0, 33, log.println(message), 3.5
13, 15365, -2.5, 1.0, 0.0, 4.5, 13, 129, message, 3.0
13, 15366, -2.5, 1.0, 0.0, 5.0, 18, 87, Void.TYPE, -2.5
13, 15367, -2.0, 1.0, -5.0, 0.0, 11, 0, logMessage(), 0.0
13, 15368, -2.0, 1.0, -5.0, 0.5, 11, 0, logMessage(), 0.5
13, 15369, -2.0, 1.0, -5.0, 1.0, 11, 0, logMessage(), 1.0
13, 15370, -2.0, 1.0, -5.0, 1.5, 8, 151, Long.parseLong(message), -11.5
13, 15371, -2.0, 1.0, -5.0, 2.0, 8, 152, Long.parseLong(message), -11.0
13, 15372, -2.0, 1.0, -5.0, 2.5, 0, 2, log.println(message), 2.0
13, 15373, -2.0, 1.0, -5.0, 3.0, 0, 2, log.println(message), 3.0
13, 15374, -2.0, 1.0, -5.0, 3.5, 0, 2, log.println(message), 4.0
13, 15375, -2.0, 1.0, -5.0, 4.0, 0, 2, log.println(message), 5.0
13, 15376, -2.0, 1.0, -5.0, 4.5, 0, 2, log.println(message), 6.0
13, 15377, -2.0, 1.0, -5.0, 5.0, 0, 2, log.println(message), 7.0
13, 15378, -2.0, 1.0, -4.5, 0.0, 11, 0, logMessage(), 0.0
13, 15379, -2.0, 1.0, -4.5, 0.5, 11, 0, logMessage(), 0.5
13, 15380, -2.0, 1.0, -4.5, 1.0, 11, 0, logMessage(), 1.0
13, 15381, -2.0, 1.0, -4.5, 1.5, 8, 151, Long.parseLong(message), -10.5
13, 15382, -2.0, 1.0, -4.5, 2.0, 8, 152, Long.parseLong(message), -10.0
13, 15383, -2.0, 1.0, -4.5, 2.5, 0, 2, log.println(message), 2.0
13, 15384, -2.0, 1.0, -4.5, 3.0, 0, 2, log.println(message), 3.0
13, 15385, -2.0, 1.0, -4.5, 3.5, 0, 2, log.println(message), 4.0
13, 15386, -2.0, 1.0, -4.5, 4.0, 0, 2, log.println(message), 5.0
13, 15387, -2.0, 1.0, -4.5, 4.5, 0, 2, log.println(message), 6.0
13, 15388, -2.0, 1.0, -4.5, 5.0, 0, 4, log.println(message), 7.0
13, 15389, -2.0, 1.0, -4.0, 0.0, 11, 0, logMessage(), 0.0
13, 15390, -2.0, 1.0, -4.0, 0.5, 11, 0, logMessage(), 0.5
13, 15391, -2.0, 1.0, -4.0, 1.0, 11, 0, logMessage(), 1.0
13, 15392, -2.0, 1.0, -4.0, 1.5, 8, 151, Long.parseLong(message), -9.5
13, 15393, -2.0, 1.0, -4.0, 2.0, 8, 152, Long.parseLong(message), -9.0
13, 15394, -2.0, 1.0, -4.0, 2.5, 0, 2, log.println(message), 2.0
13, 15395, -2.0, 1.0, -4.0, 3.0, 0, 2, log.println(message), 3.0
13, 15396, -2.0, 1.0, -4.0, 3.5, 0, 2, log.println(message), 4.0
13, 15397, -2.0, 1.0, -4.0, 4.0, 0, 2, log.println(message), 5.0
13, 15398, -2.0, 1.0, -4.0, 4.5, 0, 2, log.println(message), 6.0
13, 15399, -2.0, 1.0, -4.0, 5.0, 0, 4, log.println(message), 7.0
13, 15400, -2.0, 1.0, -3.5, 0.0, 11, 0, logMessage(), 0.0
13, 15401, -2.0, 1.0, -3.5, 0.5, 11, 0, logMessage(), 0.5
13, 15402, -2.0, 1.0, -3.5, 1.0, 11, 0, logMessage(), 1.0
13, 15403, -2.0, 1.0, -3.5, 1.5, 8, 151, Long.parseLong(message), -8.5
13, 15404, -2.0, 1.0, -3.5, 2.0, 8, 152, Long.parseLong(message), -8.0
13, 15405, -2.0, 1.0, -3.5, 2.5, 0, 2, log.println(message), 2.0
13, 15406, -2.0, 1.0, -3.5, 3.0, 0, 2, log.println(message), 3.0
13, 15407, -2.0, 1.0, -3.5, 3.5, 0, 2, log.println(message), 4.0
13, 15408, -2.0, 1.0, -3.5, 4.0, 0, 2, log.println(message), 5.0
13, 15409, -2.0, 1.0, -3.5, 4.5, 0, 4, log.println(message), 6.0
13, 15410, -2.0, 1.0, -3.5, 5.0, 0, 1, log.println(message), 7.0
13, 15411, -2.0, 1.0, -3.0, 0.0, 11, 0, logMessage(), 0.0
13, 15412, -2.0, 1.0, -3.0, 0.5, 11, 0, logMessage(), 0.5
13, 15413, -2.0, 1.0, -3.0, 1.0, 11, 0, logMessage(), 1.0
13, 15414, -2.0, 1.0, -3.0, 1.5, 8, 151, Long.parseLong(message), -7.5
13, 15415, -2.0, 1.0, -3.0, 2.0, 8, 152, Long.parseLong(message), -7.0
13, 15416, -2.0, 1.0, -3.0, 2.5, 0, 2, log.println(message), 2.0
13, 15417, -2.0, 1.0, -3.0, 3.0, 0, 2, log.println(message), 3.0
13, 15418, -2.0, 1.0, -3.0, 3.5, 0, 2, log.println(message), 4.0
13, 15419, -2.0, 1.0, -3.0, 4.0, 0, 2, log.println(message), 5.0
13, 15420, -2.0, 1.0, -3.0, 4.5, 0, 1, log.println(message), 6.0
13, 15421, -2.0, 1.0, -3.0, 5.0, 0, 1, log.println(message), 7.0
13, 15422, -2.0, 1.0, -2.5, 0.0, 11, 0, logMessage(), 0.0
13, 15423, -2.0, 1.0, -2.5, 0.5, 11, 0, logMessage(), 0.5
13, 15424, -2.0, 1.0, -2.5, 1.0, 11, 0, logMessage(), 1.0
13, 15425, -2.0, 1.0, -2.5, 1.5, 8, 151, Long.parseLong(message), -6.5
13, 15426, -2.0, 1.0, -2.5, 2.0, 8, 152, Long.parseLong(message), -6.0
13, 15427, -2.0, 1.0, -2.5, 2.5, 0, 2, log.println(message), 2.0
13, 15428, -2.0, 1.0, -2.5, 3.0, 0, 2, log.println(message), 3.0
13, 15429, -2.0, 1.0, -2.5, 3.5, 0, 2, log.println(message), 4.0
13, 15430, -2.0, 1.0, -2.5, 4.0, 0, 0, log.println(message), 5.0
13, 15431, -2.0, 1.0, -2.5, 4.5, 0, 1, log.println(message), 6.0
13, 15432, -2.0, 1.0, -2.5, 5.0, 0, 1, log.println(message), 7.0
13, 15433, -2.0, 1.0, -2.0, 0.0, 11, 0, logMessage(), 0.0
13, 15434, -2.0, 1.0, -2.0, 0.5, 11, 0, logMessage(), 0.5
13, 15435, -2.0, 1.0, -2.0, 1.0, 11, 0, logMessage(), 1.0
13, 15436, -2.0, 1.0, -2.0, 1.5, 8, 151, Long.parseLong(message), -5.5
13, 15437, -2.0, 1.0, -2.0, 2.0, 8, 152, Long.parseLong(message), -5.0
13, 15438, -2.0, 1.0, -2.0, 2.5, 0, 2, log.println(message), 2.0
13, 15439, -2.0, 1.0, -2.0, 3.0, 0, 2, log.println(message), 3.0
13, 15440, -2.0, 1.0, -2.0, 3.5, 0, 0, log.println(message), 4.0
13, 15441, -2.0, 1.0, -2.0, 4.0, 0, 0, log.println(message), 5.0
13, 15442, -2.0, 1.0, -2.0, 4.5, 0, 1, log.println(message), 6.0
13, 15443, -2.0, 1.0, -2.0, 5.0, 0, 3, log.println(message), 7.0
13, 15444, -2.0, 1.0, -1.5, 0.0, 11, 0, logMessage(), 0.0
13, 15445, -2.0, 1.0, -1.5, 0.5, 11, 0, logMessage(), 0.5
13, 15446, -2.0, 1.0, -1.5, 1.0, 11, 0, logMessage(), 1.0
13, 15447, -2.0, 1.0, -1.5, 1.5, 8, 151, Long.parseLong(message), -4.5
13, 15448, -2.0, 1.0, -1.5, 2.0, 8, 152, Long.parseLong(message), -4.0
13, 15449, -2.0, 1.0, -1.5, 2.5, 0, 2, log.println(message), 2.0
13, 15450, -2.0, 1.0, -1.5, 3.0, 0, 0, log.println(message), 3.0
13, 15451, -2.0, 1.0, -1.5, 3.5, 0, 0, log.println(message), 4.0
13, 15452, -2.0, 1.0, -1.5, 4.0, 0, 1, log.println(message), 5.0
13, 15453, -2.0, 1.0, -1.5, 4.5, 0, 4, log.println(message), 6.0
13, 15454, -2.0, 1.0, -1.5, 5.0, 12, 206, getMessage(), -2.5
13, 15455, -2.0, 1.0, -1.0, 0.0, 11, 0, logMessage(), 0.0
13, 15456, -2.0, 1.0, -1.0, 0.5, 11, 0, logMessage(), 0.5
13, 15457, -2.0, 1.0, -1.0, 1.0, 11, 0, logMessage(), 1.0
13, 15458, -2.0, 1.0, -1.0, 1.5, 8, 151, Long.parseLong(message), -3.5
13, 15459, -2.0, 1.0, -1.0, 2.0, 8, 108, Long.parseLong(message), -3.0
13, 15460, -2.0, 1.0, -1.0, 2.5, 0, 0, log.println(message), 2.0
13, 15461, -2.0, 1.0, -1.0, 3.0, 0, 0, log.println(message), 3.0
13, 15462, -2.0, 1.0, -1.0, 3.5, 0, 2, log.println(message), 4.0
13, 15463, -2.0, 1.0, -1.0, 4.0, 0, 4, log.println(message), 5.0
13, 15464, -2.0, 1.0, -1.0, 4.5, 12, 231, getMessage(), -2.0
13, 15465, -2.0, 1.0, -1.0, 5.0, 13, 88, message, 4.0
13, 15466, -2.0, 1.0, -0.5, 0.0, 11, 0, logMessage(), 0.0
13, 15467, -2.0, 1.0, -0.5, 0.5, 11, 0, logMessage(), 0.5
13, 15468, -2.0, 1.0, -0.5, 1.0, 11, 0, logMessage(), 1.0
13, 15469, -2.0, 1.0, -0.5, 1.5, 8, 109, Long.parseLong(message), -2.5
13, 15470, -2.0, 1.0, -0.5, 2.0, 8, 74, Long.parseLong(message), -2.0
13, 15471, -2.0, 1.0, -0.5, 2.5, 0, 1, log.println(message), 2.0
13, 15472, -2.0, 1.0, -0.5, 3.0, 0, 4, log.println(message), 3.0
13, 15473, -2.0, 1.0, -0.5, 3.5, 0, 4, log.println(message), 4.0
13, 15474, -2.0, 1.0, -0.5, 4.0, 13, 74, message, 3.0
13, 15475, -2.0, 1.0, -0.5, 4.5, 13, 146, message, 3.5
13, 15476, -2.0, 1.0, -0.5, 5.0, 16, 183, log.format(message).println(), 4.5
13, 15477, -2.0, 1.0, 0.0, 0.0, 11, 0, logMessage(), 0.0
13, 15478, -2.0, 1.0, 0.0, 0.5, 11, 0, logMessage(), 0.5
13, 15479, -2.0, 1.0, 0.0, 1.0, 11, 0, logMessage(), 1.0
13, 15480, -2.0, 1.0, 0.0, 1.5, 8, 76, Long.parseLong(message), -1.5
13, 15481, -2.0, 1.0, 0.0, 2.0, 8, 76, Long.parseLong(message), -1.0
13, 15482, -2.0, 1.0, 0.0, 2.5, 0, 4, log.println(message), 2.0
13, 15483, -2.0, 1.0, 0.0, 3.0, 0, 7, log.println(message), 3.0
13, 15484, -2.0, 1.0, 0.0, 3.5, 13, 129, message, 2.5
13, 15485, -2.0, 1.0, 0.0, 4.0, 16, 198, log.format(message).println(), 3.0
13, 15486, -2.0, 1.0, 0.0, 4.5, 18, 122, Void.TYPE, -2.0
13, 15487, -2.0, 1.0, 0.0, 5.0, 18, 127, Void.TYPE, -2.0
13, 15488, -1.5, 1.0, -5.0, 0.0, 11, 0, logMessage(), 0.5
13, 15489, -1.5, 1.0, -5.0, 0.5, 11, 0, logMessage(), 1.0
13, 15490, -1.5, 1.0, -5.0, 1.0, 8, 151, Long.parseLong(message), -11.0
13, 15491, -1.5, 1.0, -5.0, 1.5, 0, 1, log.println(message), 1.5
13, 15492, -1.5, 1.0, -5.0, 2.0, 0, 2, log.println(message), 2.5
13, 15493, -1.5, 1.0, -5.0, 2.5, 0, 2, log.println(message), 3.5
13, 15494, -1.5, 1.0, -5.0, 3.0, 0, 2, log.println(message), 4.5
13, 15495, -1.5, 1.0, -5.0, 3.5, 0, 2, log.println(message), 5.5
13, 15496, -1.5, 1.0, -5.0, 4.0, 0, 2, log.println(message), 6.5
13, 15497, -1.5, 1.0, -5.0, 4.5, 0, 2, log.println(message), 7.5
13, 15498, -1.5, 1.0, -5.0, 5.0, 0, 4, log.println(message), 8.5
13, 15499, -1.5, 1.0, -4.5, 0.0, 11, 0, logMessage(), 0.5
13, 15500, -1.5, 1.0, -4.5, 0.5, 11, 0, logMessage(), 1.0
13, 15501, -1.5, 1.0, -4.5, 1.0, 8, 151, Long.parseLong(message), -10.0
13, 15502, -1.5, 1.0, -4.5, 1.5, 0, 1, log.println(message), 1.5
13, 15503, -1.5, 1.0, -4.5, 2.0, 0, 2, log.println(message), 2.5
13, 15504, -1.5, 1.0, -4.5, 2.5, 0, 2, log.println(message), 3.5
13, 15505, -1.5, 1.0, -4.5, 3.0, 0, 2, log.println(message), 4.5
13, 15506, -1.5, 1.0, -4.5, 3.5, 0, 2, log.println(message), 5.5
13, 15507, -1.5, 1.0, -4.5, 4.0, 0, 2, log.println(message), 6.5
13, 15508, -1.5, 1.0, -4.5, 4.5, 0, 4, log.println(message), 7.5
13, 15509, -1.5, 1.0, -4.5, 5.0, 0, 4, log.println(message), 8.5
13, 15510, -1.5, 1.0, -4.0, 0.0, 11, 0, logMessage(), 0.5
13, 15511, -1.5, 1.0, -4.0, 0.5, 11, 0, logMessage(), 1.0
13, 15512, -1.5, 1.0, -4.0, 1.0, 8, 151, Long.parseLong(message), -9.0
13, 15513, -1.5, 1.0, -4.0, 1.5, 0, 1, log.println(message), 1.5
13, 15514, -1.5, 1.0, -4.0, 2.0, 0, 2, log.println(message), 2.5
13, 15515, -1.5, 1.0, -4.0, 2.5, 0, 2, log.println(message), 3.5
13, 15516, -1.5, 1.0, -4.0, 3.0, 0, 2, log.println(message), 4.5
13, 15517, -1.5, 1.0, -4.0, 3.5, 0, 2, log.println(message), 5.5
13, 15518, -1.5, 1.0, -4.0, 4.0, 0, 2, log.println(message), 6.5
13, 15519, -1.5, 1.0, -4.0, 4.5, 0, 4, log.println(message), 7.5
13, 15520, -1.5, 1.0, -4.0, 5.0, 0, 1, log.println(message), 8.5
13, 15521, -1.5, 1.0, -3.5, 0.0, 11, 0, logMessage(), 0.5
13, 15522, -1.5, 1.0, -3.5, 0.5, 11, 0, logMessage(), 1.0
13, 15523, -1.5, 1.0, -3.5, 1.0, 8, 151, Long.parseLong(message), -8.0
13, 15524, -1.5, 1.0, -3.5, 1.5, 0, 1, log.println(message), 1.5
13, 15525, -1.5, 1.0, -3.5, 2.0, 0, 2, log.println(message), 2.5
13, 15526, -1.5, 1.0, -3.5, 2.5, 0, 2, log.println(message), 3.5
13, 15527, -1.5, 1.0, -3.5, 3.0, 0, 2, log.println(message), 4.5
13, 15528, -1.5, 1.0, -3.5, 3.5, 0, 2, log.println(message), 5.5
13, 15529, -1.5, 1.0, -3.5, 4.0, 0, 4, log.println(message), 6.5
13, 15530, -1.5, 1.0, -3.5, 4.5, 0, 1, log.println(message), 7.5
13, 15531, -1.5, 1.0, -3.5, 5.0, 0, 3, log.println(message), 8.5
13, 15532, -1.5, 1.0, -3.0, 0.0, 11, 0, logMessage(), 0.5
13, 15533, -1.5, 1.0, -3.0, 0.5, 11, 0, logMessage(), 1.0
13, 15534, -1.5, 1.0, -3.0, 1.0, 8, 151, Long.parseLong(message), -7.0
13, 15535, -1.5, 1.0, -3.0, 1.5, 0, 1, log.println(message), 1.5
13, 15536, -1.5, 1.0, -3.0, 2.0, 0, 2, log.println(message), 2.5
13, 15537, -1.5, 1.0, -3.0, 2.5, 0, 2, log.println(message), 3.5
13, 15538, -1.5, 1.0, -3.0, 3.0, 0, 2, log.println(message), 4.5
13, 15539, -1.5, 1.0, -3.0, 3.5, 0, 2, log.println(message), 5.5
13, 15540, -1.5, 1.0, -3.0, 4.0, 0, 1, log.println(message), 6.5
13, 15541, -1.5, 1.0, -3.0, 4.5, 0, 1, log.println(message), 7.5
13, 15542, -1.5, 1.0, -3.0, 5.0, 0, 3, log.println(message), 8.5
13, 15543, -1.5, 1.0, -2.5, 0.0, 11, 0, logMessage(), 0.5
13, 15544, -1.5, 1.0, -2.5, 0.5, 11, 0, logMessage(), 1.0
13, 15545, -1.5, 1.0, -2.5, 1.0, 8, 151, Long.parseLong(message), -6.0
13, 15546, -1.5, 1.0, -2.5, 1.5, 0, 1, log.println(message), 1.5
13, 15547, -1.5, 1.0, -2.5, 2.0, 0, 2, log.println(message), 2.5
13, 15548, -1.5, 1.0, -2.5, 2.5, 0, 2, log.println(message), 3.5
13, 15549, -1.5, 1.0, -2.5, 3.0, 0, 2, log.println(message), 4.5
13, 15550, -1.5, 1.0, -2.5, 3.5, 0, 1, log.println(message), 5.5
13, 15551, -1.5, 1.0, -2.5, 4.0, 0, 1, log.println(message), 6.5
13, 15552, -1.5, 1.0, -2.5, 4.5, 0, 3, log.println(message), 7.5
13, 15553, -1.5, 1.0, -2.5, 5.0, 6, 36, log.println(message).get(), 4.5
13, 15554, -1.5, 1.0, -2.0, 0.0, 11, 0, logMessage(), 0.5
13, 15555, -1.5, 1.0, -2.0, 0.5, 11, 0, logMessage(), 1.0
13, 15556, -1.5, 1.0, -2.0, 1.0, 8, 151, Long.parseLong(message), -5.0
13, 15557, -1.5, 1.0, -2.0, 1.5, 0, 1, log.println(message), 1.5
13, 15558, -1.5, 1.0, -2.0, 2.0, 0, 2, log.println(message), 2.5
13, 15559, -1.5, 1.0, -2.0, 2.5, 0, 2, log.println(message), 3.5
13, 15560, -1.5, 1.0, -2.0, 3.0, 0, 0, log.println(message), 4.5
13, 15561, -1.5, 1.0, -2.0, 3.5, 0, 1, log.println(message), 5.5
13, 15562, -1.5, 1.0, -2.0, 4.0, 0, 1, log.println(message), 6.5
13, 15563, -1.5, 1.0, -2.0, 4.5, 6, 36, log.println(message).get(), 4.0
13, 15564, -1.5, 1.0, -2.0, 5.0, 6, 41, log.println(message).get(), 5.0
13, 15565, -1.5, 1.0, -1.5, 0.0, 11, 0, logMessage(), 0.5
13, 15566, -1.5, 1.0, -1.5, 0.5, 11, 0, logMessage(), 1.0
13, 15567, -1.5, 1.0, -1.5, 1.0, 8, 151, Long.parseLong(message), -4.0
13, 15568, -1.5, 1.0, -1.5, 1.5, 0, 1, log.println(message), 1.5
13, 15569, -1.5, 1.0, -1.5, 2.0, 0, 2, log.println(message), 2.5
13, 15570, -1.5, 1.0, -1.5, 2.5, 0, 0, log.println(message), 3.5
13, 15571, -1.5, 1.0, -1.5, 3.0, 0, 0, log.println(message), 4.5
13, 15572, -1.5, 1.0, -1.5, 3.5, 0, 1, log.println(message), 5.5
13, 15573, -1.5, 1.0, -1.5, 4.0, 6, 37, log.println(message).get(), 3.5
13, 15574, -1.5, 1.0, -1.5, 4.5, 13, 70, message, 4.0
13, 15575, -1.5, 1.0, -1.5, 5.0, 13, 105, message, 4.5
13, 15576, -1.5, 1.0, -1.0, 0.0, 11, 0, logMessage(), 0.5
13, 15577, -1.5, 1.0, -1.0, 0.5, 11, 0, logMessage(), 1.0
13, 15578, -1.5, 1.0, -1.0, 1.0, 8, 151, Long.parseLong(message), -3.0
13, 15579, -1.5, 1.0, -1.0, 1.5, 0, 1, log.println(message), 1.5
13, 15580, -1.5, 1.0, -1.0, 2.0, 0, 0, log.println(message), 2.5
13, 15581, -1.5, 1.0, -1.0, 2.5, 0, 0, log.println(message), 3.5
13, 15582, -1.5, 1.0, -1.0, 3.0, 0, 1, log.println(message), 4.5
13, 15583, -1.5, 1.0, -1.0, 3.5, 12, 206, getMessage(), -1.5
13, 15584, -1.5, 1.0, -1.0, 4.0, 13, 86, message, 3.5
13, 15585, -1.5, 1.0, -1.0, 4.5, 13, 185, message, 4.0
13, 15586, -1.5, 1.0, -1.0, 5.0, 16, 157, log.format(message).println(), 6.0
13, 15587, -1.5, 1.0, -0.5, 0.0, 11, 0, logMessage(), 0.5
13, 15588, -1.5, 1.0, -0.5, 0.5, 11, 0, logMessage(), 1.0
13, 15589, -1.5, 1.0, -0.5, 1.0, 8, 109, Long.parseLong(message), -2.0
13, 15590, -1.5, 1.0, -0.5, 1.5, 0, 0, log.println(message), 1.5
13, 15591, -1.5, 1.0, -0.5, 2.0, 0, 0, log.println(message), 2.5
13, 15592, -1.5, 1.0, -0.5, 2.5, 0, 4, log.println(message), 3.5
13, 15593, -1.5, 1.0, -0.5, 3.0, 13, 68, message, 2.5
13, 15594, -1.5, 1.0, -0.5, 3.5, 13, 146, message, 3.0
13, 15595, -1.5, 1.0, -0.5, 4.0, 16, 151, log.format(message).println(), 4.5
13, 15596, -1.5, 1.0, -0.5, 4.5, 16, 207, log.format(message).println(), 5.5
13, 15597, -1.5, 1.0, -0.5, 5.0, 18, 186, Void.TYPE, -4.0
13, 15598, -1.5, 1.0, 0.0, 0.0, 11, 0, logMessage(), 0.5
13, 15599, -1.5, 1.0, 0.0, 0.5, 11, 0, logMessage(), 1.0
13, 15600, -1.5, 1.0, 0.0, 1.0, 8, 76, Long.parseLong(message), -1.0
13, 15601, -1.5, 1.0, 0.0, 1.5, 0, 1, log.println(message), 1.5
13, 15602, -1.5, 1.0, 0.0, 2.0, 0, 4, log.println(message), 2.5
13, 15603, -1.5, 1.0, 0.0, 2.5, 13, 127, message, 2.0
13, 15604, -1.5, 1.0, 0.0, 3.0, 16, 189, log.format(message).println(), 3.0
13, 15605, -1.5, 1.0, 0.0, 3.5, 16, 224, log.format(message).println(), 4.0
13, 15606, -1.5, 1.0, 0.0, 4.0, 18, 195, Void.TYPE, -1.5
13, 15607, -1.5, 1.0, 0.0, 4.5, 18, 202, Void.TYPE, -1.5
13, 15608, -1.5, 1.0, 0.0, 5.0, 18, 236, Void.TYPE, -1.5
13, 15609, -1.0, 1.0, -5.0, 0.0, 11, 1, logMessage(), 1.0
13, 15610, -1.0, 1.0, -5.0, 0.5, 0, 0, log.println(message), 1.0
13, 15611, -1.0, 1.0, -5.0, 1.0, 0, 0, log.println(message), 2.0
13, 15612, -1.0, 1.0, -5.0, 1.5, 0, 1, log.println(message), 3.0
13, 15613, -1.0, 1.0, -5.0, 2.0, 0, 1, log.println(message), 4.0
13, 15614, -1.0, 1.0, -5.0, 2.5, 0, 1, log.println(message), 5.0
13, 15615, -1.0, 1.0, -5.0, 3.0, 0, 1, log.println(message), 6.0
13, 15616, -1.0, 1.0, -5.0, 3.5, 0, 1, log.println(message), 7.0
13, 15617, -1.0, 1.0, -5.0, 4.0, 0, 1, log.println(message), 8.0
13, 15618, -1.0, 1.0, -5.0, 4.5, 0, 3, log.println(message), 9.0
13, 15619, -1.0, 1.0, -5.0, 5.0, 0, 3, log.println(message), 10.0
13, 15620, -1.0, 1.0, -4.5, 0.0, 11, 1, logMessage(), 1.0
13, 15621, -1.0, 1.0, -4.5, 0.5, 0, 0, log.println(message), 1.0
13, 15622, -1.0, 1.0, -4.5, 1.0, 0, 0, log.println(message), 2.0
13, 15623, -1.0, 1.0, -4.5, 1.5, 0, 1, log.println(message), 3.0
13, 15624, -1.0, 1.0, -4.5, 2.0, 0, 1, log.println(message), 4.0
13, 15625, -1.0, 1.0, -4.5, 2.5, 0, 1, log.println(message), 5.0
13, 15626, -1.0, 1.0, -4.5, 3.0, 0, 1, log.println(message), 6.0
13, 15627, -1.0, 1.0, -4.5, 3.5, 0, 1, log.println(message), 7.0
13, 15628, -1.0, 1.0, -4.5, 4.0, 0, 3, log.println(message), 8.0
13, 15629, -1.0, 1.0, -4.5, 4.5, 0, 3, log.println(message), 9.0
13, 15630, -1.0, 1.0, -4.5, 5.0, 0, 3, log.println(message), 10.0
13, 15631, -1.0, 1.0, -4.0, 0.0, 11, 1, logMessage(), 1.0
13, 15632, -1.0, 1.0, -4.0, 0.5, 0, 0, log.println(message), 1.0
13, 15633, -1.0, 1.0, -4.0, 1.0, 0, 0, log.println(message), 2.0
13, 15634, -1.0, 1.0, -4.0, 1.5, 0, 1, log.println(message), 3.0
13, 15635, -1.0, 1.0, -4.0, 2.0, 0, 1, log.println(message), 4.0
13, 15636, -1.0, 1.0, -4.0, 2.5, 0, 1, log.println(message), 5.0
13, 15637, -1.0, 1.0, -4.0, 3.0, 0, 1, log.println(message), 6.0
13, 15638, -1.0, 1.0, -4.0, 3.5, 0, 1, log.println(message), 7.0
13, 15639, -1.0, 1.0, -4.0, 4.0, 0, 3, log.println(message), 8.0
13, 15640, -1.0, 1.0, -4.0, 4.5, 0, 3, log.println(message), 9.0
13, 15641, -1.0, 1.0, -4.0, 5.0, 0, 3, log.println(message), 10.0
13, 15642, -1.0, 1.0, -3.5, 0.0, 11, 1, logMessage(), 1.0
13, 15643, -1.0, 1.0, -3.5, 0.5, 0, 0, log.println(message), 1.0
13, 15644, -1.0, 1.0, -3.5, 1.0, 0, 0, log.println(message), 2.0
13, 15645, -1.0, 1.0, -3.5, 1.5, 0, 1, log.println(message), 3.0
13, 15646, -1.0, 1.0, -3.5, 2.0, 0, 1, log.println(message), 4.0
13, 15647, -1.0, 1.0, -3.5, 2.5, 0, 1, log.println(message), 5.0
13, 15648, -1.0, 1.0, -3.5, 3.0, 0, 1, log.println(message), 6.0
13, 15649, -1.0, 1.0, -3.5, 3.5, 0, 3, log.println(message), 7.0
13, 15650, -1.0, 1.0, -3.5, 4.0, 0, 3, log.println(message), 8.0
13, 15651, -1.0, 1.0, -3.5, 4.5, 0, 3, log.println(message), 9.0
13, 15652, -1.0, 1.0, -3.5, 5.0, 6, 35, log.println(message).get(), 5.5
13, 15653, -1.0, 1.0, -3.0, 0.0, 11, 1, logMessage(), 1.0
13, 15654, -1.0, 1.0, -3.0, 0.5, 0, 0, log.println(message), 1.0
13, 15655, -1.0, 1.0, -3.0, 1.0, 0, 0, log.println(message), 2.0
13, 15656, -1.0, 1.0, -3.0, 1.5, 0, 1, log.println(message), 3.0
13, 15657, -1.0, 1.0, -3.0, 2.0, 0, 1, log.println(message), 4.0
13, 15658, -1.0, 1.0, -3.0, 2.5, 0, 1, log.println(message), 5.0
13, 15659, -1.0, 1.0, -3.0, 3.0, 0, 1, log.println(message), 6.0
13, 15660, -1.0, 1.0, -3.0, 3.5, 0, 1, log.println(message), 7.0
13, 15661, -1.0, 1.0, -3.0, 4.0, 0, 3, log.println(message), 8.0
13, 15662, -1.0, 1.0, -3.0, 4.5, 6, 35, log.println(message).get(), 5.0
13, 15663, -1.0, 1.0, -3.0, 5.0, 6, 37, log.println(message).get(), 6.0
13, 15664, -1.0, 1.0, -2.5, 0.0, 11, 1, logMessage(), 1.0
13, 15665, -1.0, 1.0, -2.5, 0.5, 0, 0, log.println(message), 1.0
13, 15666, -1.0, 1.0, -2.5, 1.0, 0, 0, log.println(message), 2.0
13, 15667, -1.0, 1.0, -2.5, 1.5, 0, 1, log.println(message), 3.0
13, 15668, -1.0, 1.0, -2.5, 2.0, 0, 1, log.println(message), 4.0
13, 15669, -1.0, 1.0, -2.5, 2.5, 0, 1, log.println(message), 5.0
13, 15670, -1.0, 1.0, -2.5, 3.0, 0, 1, log.println(message), 6.0
13, 15671, -1.0, 1.0, -2.5, 3.5, 0, 3, log.println(message), 7.0
13, 15672, -1.0, 1.0, -2.5, 4.0, 6, 35, log.println(message).get(), 4.5
13, 15673, -1.0, 1.0, -2.5, 4.5, 6, 37, log.println(message).get(), 5.5
13, 15674, -1.0, 1.0, -2.5, 5.0, 6, 53, log.println(message).get(), 6.5
13, 15675, -1.0, 1.0, -2.0, 0.0, 11, 1, logMessage(), 1.0
13, 15676, -1.0, 1.0, -2.0, 0.5, 0, 0, log.println(message), 1.0
13, 15677, -1.0, 1.0, -2.0, 1.0, 0, 0, log.println(message), 2.0
13, 15678, -1.0, 1.0, -2.0, 1.5, 0, 1, log.println(message), 3.0
13, 15679, -1.0, 1.0, -2.0, 2.0, 0, 1, log.println(message), 4.0
13, 15680, -1.0, 1.0, -2.0, 2.5, 0, 1, log.println(message), 5.0
13, 15681, -1.0, 1.0, -2.0, 3.0, 0, 1, log.println(message), 6.0
13, 15682, -1.0, 1.0, -2.0, 3.5, 6, 34, log.println(message).get(), 4.0
13, 15683, -1.0, 1.0, -2.0, 4.0, 6, 37, log.println(message).get(), 5.0
13, 15684, -1.0, 1.0, -2.0, 4.5, 6, 53, log.println(message).get(), 6.0
13, 15685, -1.0, 1.0, -2.0, 5.0, 6, 62, log.println(message).get(), 7.0
13, 15686, -1.0, 1.0, -1.5, 0.0, 11, 1, logMessage(), 1.0
13, 15687, -1.0, 1.0, -1.5, 0.5, 0, 0, log.println(message), 1.0
13, 15688, -1.0, 1.0, -1.5, 1.0, 0, 0, log.println(message), 2.0
13, 15689, -1.0, 1.0, -1.5, 1.5, 0, 1, log.println(message), 3.0
13, 15690, -1.0, 1.0, -1.5, 2.0, 0, 0, log.println(message), 4.0
13, 15691, -1.0, 1.0, -1.5, 2.5, 0, 1, log.println(message), 5.0
13, 15692, -1.0, 1.0, -1.5, 3.0, 6, 32, log.println(message).get(), 3.5
13, 15693, -1.0, 1.0, -1.5, 3.5, 6, 45, log.println(message).get(), 4.5
13, 15694, -1.0, 1.0, -1.5, 4.0, 6, 54, log.println(message).get(), 5.5
13, 15695, -1.0, 1.0, -1.5, 4.5, 13, 203, message, 4.5
13, 15696, -1.0, 1.0, -1.5, 5.0, 14, 241, log.format(message).write(), 5.0
13, 15697, -1.0, 1.0, -1.0, 0.0, 11, 1, logMessage(), 1.0
13, 15698, -1.0, 1.0, -1.0, 0.5, 0, 0, log.println(message), 1.0
13, 15699, -1.0, 1.0, -1.0, 1.0, 0, 0, log.println(message), 2.0
13, 15700, -1.0, 1.0, -1.0, 1.5, 0, 0, log.println(message), 3.0
13, 15701, -1.0, 1.0, -1.0, 2.0, 0, 0, log.println(message), 4.0
13, 15702, -1.0, 1.0, -1.0, 2.5, 6, 26, log.println(message).get(), 3.0
13, 15703, -1.0, 1.0, -1.0, 3.0, 6, 46, log.println(message).get(), 4.0
13, 15704, -1.0, 1.0, -1.0, 3.5, 13, 188, message, 3.5
13, 15705, -1.0, 1.0, -1.0, 4.0, 16, 128, log.format(message).println(), 6.0
13, 15706, -1.0, 1.0, -1.0, 4.5, 16, 170, log.format(message).println(), 7.0
13, 15707, -1.0, 1.0, -1.0, 5.0, 16, 195, log.format(message).println(), 8.0
13, 15708, -1.0, 1.0, -0.5, 0.0, 11, 1, logMessage(), 1.0
13, 15709, -1.0, 1.0, -0.5, 0.5, 0, 0, log.println(message), 1.0
13, 15710, -1.0, 1.0, -0.5, 1.0, 0, 0, log.println(message), 2.0
13, 15711, -1.0, 1.0, -0.5, 1.5, 0, 0, log.println(message), 3.0
13, 15712, -1.0, 1.0, -0.5, 2.0, 6, 17, log.println(message).get(), 2.5
13, 15713, -1.0, 1.0, -0.5, 2.5, 13, 147, message, 2.5
13, 15714, -1.0, 1.0, -0.5, 3.0, 16, 141, log.format(message).println(), 4.5
13, 15715, -1.0, 1.0, -0.5, 3.5, 16, 179, log.format(message).println(), 5.5
13, 15716, -1.0, 1.0, -0.5, 4.0, 18, 225, Void.TYPE, -3.5
13, 15717, -1.0, 1.0, -0.5, 4.5, 27, 191, new Task13().logMessage(message).set(), 10.0
13, 15718, -1.0, 1.0, -0.5, 5.0, 27, 237, new Task13().logMessage(message).set(), 11.5
13, 15719, -1.0, 1.0, 0.0, 0.0, 11, 1, logMessage(), 1.0
13, 15720, -1.0, 1.0, 0.0, 0.5, 0, 0, log.println(message), 1.0
13, 15721, -1.0, 1.0, 0.0, 1.0, 0, 0, log.println(message), 2.0
13, 15722, -1.0, 1.0, 0.0, 1.5, 13, 70, message, 1.5
13, 15723, -1.0, 1.0, 0.0, 2.0, 16, 139, log.format(message).println(), 3.0
13, 15724, -1.0, 1.0, 0.0, 2.5, 18, 181, Void.TYPE, -1.0
13, 15725, -1.0, 1.0, 0.0, 3.0, 18, 200, Void.TYPE, -1.0
13, 15726, -1.0, 1.0, 0.0, 3.5, 30, 249, new Task13().logMessage(message).notify(), 8.5
13, 15727, -1.0, 1.0, 0.0, 4.0, 35, 247, new Task13().logMessage(message).containsKey(), 10.0
13, 15728, -1.0, 1.0, 0.0, 4.5, 40, 85, log.format(message).print(new Task13().logMessage(message)), 17.5
13, 15729, -1.0, 1.0, 0.0, 5.0, 40, 86, log.format(message).print(new Task13().logMessage(message)), 20.0
13, 15730, -0.5, 1.0, -5.0, 0.0, 0, 0, log.println(message), 1.5
13, 15731, -0.5, 1.0, -5.0, 0.5, 0, 0, log.println(message), 2.5
13, 15732, -0.5, 1.0, -5.0, 1.0, 0, 1, log.println(message), 3.5
13, 15733, -0.5, 1.0, -5.0, 1.5, 0, 1, log.println(message), 4.5
13, 15734, -0.5, 1.0, -5.0, 2.0, 0, 1, log.println(message), 5.5
13, 15735, -0.5, 1.0, -5.0, 2.5, 0, 1, log.println(message), 6.5
13, 15736, -0.5, 1.0, -5.0, 3.0, 0, 1, log.println(message), 7.5
13, 15737, -0.5, 1.0, -5.0, 3.5, 0, 3, log.println(message), 8.5
13, 15738, -0.5, 1.0, -5.0, 4.0, 0, 3, log.println(message), 9.5
13, 15739, -0.5, 1.0, -5.0, 4.5, 0, 3, log.println(message), 10.5
13, 15740, -0.5, 1.0, -5.0, 5.0, 0, 3, log.println(message), 11.5
13, 15741, -0.5, 1.0, -4.5, 0.0, 0, 0, log.println(message), 1.5
13, 15742, -0.5, 1.0, -4.5, 0.5, 0, 0, log.println(message), 2.5
13, 15743, -0.5, 1.0, -4.5, 1.0, 0, 1, log.println(message), 3.5
13, 15744, -0.5, 1.0, -4.5, 1.5, 0, 1, log.println(message), 4.5
13, 15745, -0.5, 1.0, -4.5, 2.0, 0, 1, log.println(message), 5.5
13, 15746, -0.5, 1.0, -4.5, 2.5, 0, 1, log.println(message), 6.5
13, 15747, -0.5, 1.0, -4.5, 3.0, 0, 1, log.println(message), 7.5
13, 15748, -0.5, 1.0, -4.5, 3.5, 0, 3, log.println(message), 8.5
13, 15749, -0.5, 1.0, -4.5, 4.0, 0, 3, log.println(message), 9.5
13, 15750, -0.5, 1.0, -4.5, 4.5, 0, 3, log.println(message), 10.5
13, 15751, -0.5, 1.0, -4.5, 5.0, 6, 25, log.println(message).get(), 6.5
13, 15752, -0.5, 1.0, -4.0, 0.0, 0, 0, log.println(message), 1.5
13, 15753, -0.5, 1.0, -4.0, 0.5, 0, 0, log.println(message), 2.5
13, 15754, -0.5, 1.0, -4.0, 1.0, 0, 1, log.println(message), 3.5
13, 15755, -0.5, 1.0, -4.0, 1.5, 0, 1, log.println(message), 4.5
13, 15756, -0.5, 1.0, -4.0, 2.0, 0, 1, log.println(message), 5.5
13, 15757, -0.5, 1.0, -4.0, 2.5, 0, 1, log.println(message), 6.5
13, 15758, -0.5, 1.0, -4.0, 3.0, 0, 3, log.println(message), 7.5
13, 15759, -0.5, 1.0, -4.0, 3.5, 0, 3, log.println(message), 8.5
13, 15760, -0.5, 1.0, -4.0, 4.0, 0, 3, log.println(message), 9.5
13, 15761, -0.5, 1.0, -4.0, 4.5, 6, 25, log.println(message).get(), 6.0
13, 15762, -0.5, 1.0, -4.0, 5.0, 6, 36, log.println(message).get(), 7.0
13, 15763, -0.5, 1.0, -3.5, 0.0, 0, 0, log.println(message), 1.5
13, 15764, -0.5, 1.0, -3.5, 0.5, 0, 0, log.println(message), 2.5
13, 15765, -0.5, 1.0, -3.5, 1.0, 0, 1, log.println(message), 3.5
13, 15766, -0.5, 1.0, -3.5, 1.5, 0, 1, log.println(message), 4.5
13, 15767, -0.5, 1.0, -3.5, 2.0, 0, 1, log.println(message), 5.5
13, 15768, -0.5, 1.0, -3.5, 2.5, 0, 1, log.println(message), 6.5
13, 15769, -0.5, 1.0, -3.5, 3.0, 0, 3, log.println(message), 7.5
13, 15770, -0.5, 1.0, -3.5, 3.5, 0, 3, log.println(message), 8.5
13, 15771, -0.5, 1.0, -3.5, 4.0, 6, 25, log.println(message).get(), 5.5
13, 15772, -0.5, 1.0, -3.5, 4.5, 6, 36, log.println(message).get(), 6.5
13, 15773, -0.5, 1.0, -3.5, 5.0, 6, 40, log.println(message).get(), 7.5
13, 15774, -0.5, 1.0, -3.0, 0.0, 0, 0, log.println(message), 1.5
13, 15775, -0.5, 1.0, -3.0, 0.5, 0, 0, log.println(message), 2.5
13, 15776, -0.5, 1.0, -3.0, 1.0, 0, 1, log.println(message), 3.5
13, 15777, -0.5, 1.0, -3.0, 1.5, 0, 1, log.println(message), 4.5
13, 15778, -0.5, 1.0, -3.0, 2.0, 0, 1, log.println(message), 5.5
13, 15779, -0.5, 1.0, -3.0, 2.5, 0, 3, log.println(message), 6.5
13, 15780, -0.5, 1.0, -3.0, 3.0, 0, 3, log.println(message), 7.5
13, 15781, -0.5, 1.0, -3.0, 3.5, 6, 25, log.println(message).get(), 5.0
13, 15782, -0.5, 1.0, -3.0, 4.0, 6, 36, log.println(message).get(), 6.0
13, 15783, -0.5, 1.0, -3.0, 4.5, 6, 40, log.println(message).get(), 7.0
13, 15784, -0.5, 1.0, -3.0, 5.0, 6, 55, log.println(message).get(), 8.0
13, 15785, -0.5, 1.0, -2.5, 0.0, 0, 0, log.println(message), 1.5
13, 15786, -0.5, 1.0, -2.5, 0.5, 0, 0, log.println(message), 2.5
13, 15787, -0.5, 1.0, -2.5, 1.0, 0, 1, log.println(message), 3.5
13, 15788, -0.5, 1.0, -2.5, 1.5, 0, 1, log.println(message), 4.5
13, 15789, -0.5, 1.0, -2.5, 2.0, 0, 1, log.println(message), 5.5
13, 15790, -0.5, 1.0, -2.5, 2.5, 0, 3, log.println(message), 6.5
13, 15791, -0.5, 1.0, -2.5, 3.0, 6, 22, log.println(message).get(), 4.5
13, 15792, -0.5, 1.0, -2.5, 3.5, 6, 36, log.println(message).get(), 5.5
13, 15793, -0.5, 1.0, -2.5, 4.0, 6, 48, log.println(message).get(), 6.5
13, 15794, -0.5, 1.0, -2.5, 4.5, 6, 56, log.println(message).get(), 7.5
13, 15795, -0.5, 1.0, -2.5, 5.0, 6, 66, log.println(message).get(), 8.5
13, 15796, -0.5, 1.0, -2.0, 0.0, 0, 0, log.println(message), 1.5
13, 15797, -0.5, 1.0, -2.0, 0.5, 0, 0, log.println(message), 2.5
13, 15798, -0.5, 1.0, -2.0, 1.0, 0, 1, log.println(message), 3.5
13, 15799, -0.5, 1.0, -2.0, 1.5, 0, 1, log.println(message), 4.5
13, 15800, -0.5, 1.0, -2.0, 2.0, 0, 1, log.println(message), 5.5
13, 15801, -0.5, 1.0, -2.0, 2.5, 6, 20, log.println(message).get(), 4.0
13, 15802, -0.5, 1.0, -2.0, 3.0, 6, 36, log.println(message).get(), 5.0
13, 15803, -0.5, 1.0, -2.0, 3.5, 6, 49, log.println(message).get(), 6.0
13, 15804, -0.5, 1.0, -2.0, 4.0, 6, 59, log.println(message).get(), 7.0
13, 15805, -0.5, 1.0, -2.0, 4.5, 6, 108, log.println(message).get(), 8.0
13, 15806, -0.5, 1.0, -2.0, 5.0, 7, 136, log.println(message).wait(), 9.0
13, 15807, -0.5, 1.0, -1.5, 0.0, 0, 0, log.println(message), 1.5
13, 15808, -0.5, 1.0, -1.5, 0.5, 0, 0, log.println(message), 2.5
13, 15809, -0.5, 1.0, -1.5, 1.0, 0, 1, log.println(message), 3.5
13, 15810, -0.5, 1.0, -1.5, 1.5, 0, 1, log.println(message), 4.5
13, 15811, -0.5, 1.0, -1.5, 2.0, 6, 18, log.println(message).get(), 3.5
13, 15812, -0.5, 1.0, -1.5, 2.5, 6, 37, log.println(message).get(), 4.5
13, 15813, -0.5, 1.0, -1.5, 3.0, 6, 55, log.println(message).get(), 5.5
13, 15814, -0.5, 1.0, -1.5, 3.5, 6, 91, log.println(message).get(), 6.5
13, 15815, -0.5, 1.0, -1.5, 4.0, 6, 121, log.println(message).get(), 7.5
13, 15816, -0.5, 1.0, -1.5, 4.5, 16, 146, log.format(message).println(), 8.5
13, 15817, -0.5, 1.0, -1.5, 5.0, 16, 163, log.format(message).println(), 9.5
13, 15818, -0.5, 1.0, -1.0, 0.0, 0, 0, log.println(message), 1.5
13, 15819, -0.5, 1.0, -1.0, 0.5, 0, 0, log.println(message), 2.5
13, 15820, -0.5, 1.0, -1.0, 1.0, 0, 0, log.println(message), 3.5
13, 15821, -0.5, 1.0, -1.0, 1.5, 6, 12, log.println(message).get(), 3.0
13, 15822, -0.5, 1.0, -1.0, 2.0, 6, 36, log.println(message).get(), 4.0
13, 15823, -0.5, 1.0, -1.0, 2.5, 6, 85, log.println(message).get(), 5.0
13, 15824, -0.5, 1.0, -1.0, 3.0, 6, 122, log.println(message).get(), 6.0
13, 15825, -0.5, 1.0, -1.0, 3.5, 16, 140, log.format(message).println(), 7.0
13, 15826, -0.5, 1.0, -1.0, 4.0, 16, 197, log.format(message).println(), 8.0
13, 15827, -0.5, 1.0, -1.0, 4.5, 16, 242, log.format(message).println(), 9.0
13, 15828, -0.5, 1.0, -1.0, 5.0, 27, 227, new Task13().logMessage(message).set(), 12.0
13, 15829, -0.5, 1.0, -0.5, 0.0, 0, 0, log.println(message), 1.5
13, 15830, -0.5, 1.0, -0.5, 0.5, 0, 0, log.println(message), 2.5
13, 15831, -0.5, 1.0, -0.5, 1.0, 6, 8, log.println(message).get(), 2.5
13, 15832, -0.5, 1.0, -0.5, 1.5, 6, 46, log.println(message).get(), 3.5
13, 15833, -0.5, 1.0, -0.5, 2.0, 6, 116, log.println(message).get(), 4.5
13, 15834, -0.5, 1.0, -0.5, 2.5, 16, 165, log.format(message).println(), 5.5
13, 15835, -0.5, 1.0, -0.5, 3.0, 27, 194, new Task13().logMessage(message).set(), 7.5
13, 15836, -0.5, 1.0, -0.5, 3.5, 30, 222, new Task13().logMessage(message).equals(), 9.0
13, 15837, -0.5, 1.0, -0.5, 4.0, 40, 78, log.format(message).print(new Task13().logMessage(message)), 16.5
13, 15838, -0.5, 1.0, -0.5, 4.5, 40, 80, log.format(message).print(new Task13().logMessage(message)), 19.0
13, 15839, -0.5, 1.0, -0.5, 5.0, 40, 85, log.format(message).print(new Task13().logMessage(message)), 21.5
13, 15840, -0.5, 1.0, 0.0, 0.0, 6, 2, log.println(logMessage()), 1.5
13, 15841, -0.5, 1.0, 0.0, 0.5, 6, 3, log.println(message).get(), 2.0
13, 15842, -0.5, 1.0, 0.0, 1.0, 6, 52, log.println(message).get(), 3.0
13, 15843, -0.5, 1.0, 0.0, 1.5, 18, 210, Void.TYPE, -0.5
13, 15844, -0.5, 1.0, 0.0, 2.0, 35, 247, new Task13().logMessage(message).containsKey(), 6.0
13, 15845, -0.5, 1.0, 0.0, 2.5, 40, 85, log.format(message).print(new Task13().logMessage(message)), 11.0
13, 15846, -0.5, 1.0, 0.0, 3.0, 40, 86, log.format(message).print(new Task13().logMessage(message)), 13.5
13, 15847, -0.5, 1.0, 0.0, 3.5, 40, 86, log.format(message).print(new Task13().logMessage(message)), 16.0
13, 15848, -0.5, 1.0, 0.0, 4.0, 40, 86, log.format(message).print(new Task13().logMessage(message)), 18.5
13, 15849, -0.5, 1.0, 0.0, 4.5, 40, 86, log.format(message).print(new Task13().logMessage(message)), 21.0
13, 15850, -0.5, 1.0, 0.0, 5.0, 40, 86, log.format(message).print(new Task13().logMessage(message)), 23.5
13, 15851, 0.0, 1.0, -5.0, 0.0, 0, 0, log.println(message), 3.0
13, 15852, 0.0, 1.0, -5.0, 0.5, 0, 1, log.println(message), 4.0
13, 15853, 0.0, 1.0, -5.0, 1.0, 0, 1, log.println(message), 5.0
13, 15854, 0.0, 1.0, -5.0, 1.5, 0, 1, log.println(message), 6.0
13, 15855, 0.0, 1.0, -5.0, 2.0, 0, 1, log.println(message), 7.0
13, 15856, 0.0, 1.0, -5.0, 2.5, 0, 1, log.println(message), 8.0
13, 15857, 0.0, 1.0, -5.0, 3.0, 0, 3, log.println(message), 9.0
13, 15858, 0.0, 1.0, -5.0, 3.5, 0, 3, log.println(message), 10.0
13, 15859, 0.0, 1.0, -5.0, 4.0, 0, 3, log.println(message), 11.0
13, 15860, 0.0, 1.0, -5.0, 4.5, 6, 25, log.println(message).get(), 7.0
13, 15861, 0.0, 1.0, -5.0, 5.0, 6, 37, log.println(message).get(), 8.0
13, 15862, 0.0, 1.0, -4.5, 0.0, 0, 0, log.println(message), 3.0
13, 15863, 0.0, 1.0, -4.5, 0.5, 0, 1, log.println(message), 4.0
13, 15864, 0.0, 1.0, -4.5, 1.0, 0, 1, log.println(message), 5.0
13, 15865, 0.0, 1.0, -4.5, 1.5, 0, 1, log.println(message), 6.0
13, 15866, 0.0, 1.0, -4.5, 2.0, 0, 1, log.println(message), 7.0
13, 15867, 0.0, 1.0, -4.5, 2.5, 0, 3, log.println(message), 8.0
13, 15868, 0.0, 1.0, -4.5, 3.0, 0, 3, log.println(message), 9.0
13, 15869, 0.0, 1.0, -4.5, 3.5, 0, 3, log.println(message), 10.0
13, 15870, 0.0, 1.0, -4.5, 4.0, 6, 25, log.println(message).get(), 6.5
13, 15871, 0.0, 1.0, -4.5, 4.5, 6, 37, log.println(message).get(), 7.5
13, 15872, 0.0, 1.0, -4.5, 5.0, 6, 39, log.println(message).get(), 8.5
13, 15873, 0.0, 1.0, -4.0, 0.0, 0, 0, log.println(message), 3.0
13, 15874, 0.0, 1.0, -4.0, 0.5, 0, 1, log.println(message), 4.0
13, 15875, 0.0, 1.0, -4.0, 1.0, 0, 1, log.println(message), 5.0
13, 15876, 0.0, 1.0, -4.0, 1.5, 0, 1, log.println(message), 6.0
13, 15877, 0.0, 1.0, -4.0, 2.0, 0, 1, log.println(message), 7.0
13, 15878, 0.0, 1.0, -4.0, 2.5, 0, 3, log.println(message), 8.0
13, 15879, 0.0, 1.0, -4.0, 3.0, 0, 3, log.println(message), 9.0
13, 15880, 0.0, 1.0, -4.0, 3.5, 6, 22, log.println(message).get(), 6.0
13, 15881, 0.0, 1.0, -4.0, 4.0, 6, 37, log.println(message).get(), 7.0
13, 15882, 0.0, 1.0, -4.0, 4.5, 6, 39, log.println(message).get(), 8.0
13, 15883, 0.0, 1.0, -4.0, 5.0, 6, 45, log.println(message).get(), 9.0
13, 15884, 0.0, 1.0, -3.5, 0.0, 0, 0, log.println(message), 3.0
13, 15885, 0.0, 1.0, -3.5, 0.5, 0, 1, log.println(message), 4.0
13, 15886, 0.0, 1.0, -3.5, 1.0, 0, 1, log.println(message), 5.0
13, 15887, 0.0, 1.0, -3.5, 1.5, 0, 1, log.println(message), 6.0
13, 15888, 0.0, 1.0, -3.5, 2.0, 0, 3, log.println(message), 7.0
13, 15889, 0.0, 1.0, -3.5, 2.5, 0, 3, log.println(message), 8.0
13, 15890, 0.0, 1.0, -3.5, 3.0, 6, 21, log.println(message).get(), 5.5
13, 15891, 0.0, 1.0, -3.5, 3.5, 6, 37, log.println(message).get(), 6.5
13, 15892, 0.0, 1.0, -3.5, 4.0, 6, 39, log.println(message).get(), 7.5
13, 15893, 0.0, 1.0, -3.5, 4.5, 6, 53, log.println(message).get(), 8.5
13, 15894, 0.0, 1.0, -3.5, 5.0, 6, 57, log.println(message).get(), 9.5
13, 15895, 0.0, 1.0, -3.0, 0.0, 0, 0, log.println(message), 3.0
13, 15896, 0.0, 1.0, -3.0, 0.5, 0, 1, log.println(message), 4.0
13, 15897, 0.0, 1.0, -3.0, 1.0, 0, 1, log.println(message), 5.0
13, 15898, 0.0, 1.0, -3.0, 1.5, 0, 1, log.println(message), 6.0
13, 15899, 0.0, 1.0, -3.0, 2.0, 0, 3, log.println(message), 7.0
13, 15900, 0.0, 1.0, -3.0, 2.5, 6, 21, log.println(message).get(), 5.0
13, 15901, 0.0, 1.0, -3.0, 3.0, 6, 37, log.println(message).get(), 6.0
13, 15902, 0.0, 1.0, -3.0, 3.5, 6, 39, log.println(message).get(), 7.0
13, 15903, 0.0, 1.0, -3.0, 4.0, 6, 54, log.println(message).get(), 8.0
13, 15904, 0.0, 1.0, -3.0, 4.5, 6, 58, log.println(message).get(), 9.0
13, 15905, 0.0, 1.0, -3.0, 5.0, 6, 67, log.println(message).get(), 10.0
13, 15906, 0.0, 1.0, -2.5, 0.0, 0, 0, log.println(message), 3.0
13, 15907, 0.0, 1.0, -2.5, 0.5, 0, 1, log.println(message), 4.0
13, 15908, 0.0, 1.0, -2.5, 1.0, 0, 1, log.println(message), 5.0
13, 15909, 0.0, 1.0, -2.5, 1.5, 0, 3, log.println(message), 6.0
13, 15910, 0.0, 1.0, -2.5, 2.0, 6, 17, log.println(message).get(), 4.5
13, 15911, 0.0, 1.0, -2.5, 2.5, 6, 37, log.println(message).get(), 5.5
13, 15912, 0.0, 1.0, -2.5, 3.0, 6, 43, log.println(message).get(), 6.5
13, 15913, 0.0, 1.0, -2.5, 3.5, 6, 57, log.println(message).get(), 7.5
13, 15914, 0.0, 1.0, -2.5, 4.0, 6, 60, log.println(message).get(), 8.5
13, 15915, 0.0, 1.0, -2.5, 4.5, 6, 101, log.println(message).get(), 9.5
13, 15916, 0.0, 1.0, -2.5, 5.0, 7, 135, log.println(message).wait(), 10.5
13, 15917, 0.0, 1.0, -2.0, 0.0, 0, 0, log.println(message), 3.0
13, 15918, 0.0, 1.0, -2.0, 0.5, 0, 1, log.println(message), 4.0
13, 15919, 0.0, 1.0, -2.0, 1.0, 0, 1, log.println(message), 5.0
13, 15920, 0.0, 1.0, -2.0, 1.5, 6, 13, log.println(message).get(), 4.0
13, 15921, 0.0, 1.0, -2.0, 2.0, 6, 29, log.println(message).get(), 5.0
13, 15922, 0.0, 1.0, -2.0, 2.5, 6, 50, log.println(message).get(), 6.0
13, 15923, 0.0, 1.0, -2.0, 3.0, 6, 58, log.println(message).get(), 7.0
13, 15924, 0.0, 1.0, -2.0, 3.5, 6, 91, log.println(message).get(), 8.0
13, 15925, 0.0, 1.0, -2.0, 4.0, 6, 121, log.println(message).get(), 9.0
13, 15926, 0.0, 1.0, -2.0, 4.5, 7, 146, log.println(message).wait(), 10.0
13, 15927, 0.0, 1.0, -2.0, 5.0, 7, 158, log.println(message).wait(), 11.0
13, 15928, 0.0, 1.0, -1.5, 0.0, 0, 0, log.println(message), 3.0
13, 15929, 0.0, 1.0, -1.5, 0.5, 0, 1, log.println(message), 4.0
13, 15930, 0.0, 1.0, -1.5, 1.0, 6, 10, log.println(message).get(), 3.5
13, 15931, 0.0, 1.0, -1.5, 1.5, 6, 27, log.println(message).get(), 4.5
13, 15932, 0.0, 1.0, -1.5, 2.0, 6, 50, log.println(message).get(), 5.5
13, 15933, 0.0, 1.0, -1.5, 2.5, 6, 89, log.println(message).get(), 6.5
13, 15934, 0.0, 1.0, -1.5, 3.0, 6, 122, log.println(message).get(), 7.5
13, 15935, 0.0, 1.0, -1.5, 3.5, 6, 132, log.println(message).get(), 8.5
13, 15936, 0.0, 1.0, -1.5, 4.0, 7, 173, log.println(message).wait(), 9.5
13, 15937, 0.0, 1.0, -1.5, 4.5, 16, 209, log.format(message).println(), 10.5
13, 15938, 0.0, 1.0, -1.5, 5.0, 16, 220, log.format(message).println(), 11.5
13, 15939, 0.0, 1.0, -1.0, 0.0, 0, 0, log.println(message), 3.0
13, 15940, 0.0, 1.0, -1.0, 0.5, 6, 7, log.println(message).get(), 3.0
13, 15941, 0.0, 1.0, -1.0, 1.0, 6, 19, log.println(message).get(), 4.0
13, 15942, 0.0, 1.0, -1.0, 1.5, 6, 67, log.println(message).get(), 5.0
13, 15943, 0.0, 1.0, -1.0, 2.0, 6, 99, log.println(message).get(), 6.0
13, 15944, 0.0, 1.0, -1.0, 2.5, 6, 145, log.println(message).get(), 7.0
13, 15945, 0.0, 1.0, -1.0, 3.0, 6, 175, log.println(message).get(), 8.0
13, 15946, 0.0, 1.0, -1.0, 3.5, 16, 245, log.format(message).println(), 9.0
13, 15947, 0.0, 1.0, -1.0, 4.0, 29, 230, message.replace(message, message).wait(), 11.0
13, 15948, 0.0, 1.0, -1.0, 4.5, 41, 65, log.format(message).print(message.replace(message, message)), 21.5
13, 15949, 0.0, 1.0, -1.0, 5.0, 41, 67, log.format(message).print(message.replace(message, message)), 24.0
13, 15950, 0.0, 1.0, -0.5, 0.0, 6, 3, log.println(message).get(), 2.5
13, 15951, 0.0, 1.0, -0.5, 0.5, 6, 15, log.println(message).get(), 3.5
13, 15952, 0.0, 1.0, -0.5, 1.0, 6, 81, log.println(message).get(), 4.5
13, 15953, 0.0, 1.0, -0.5, 1.5, 6, 152, log.println(message).get(), 5.5
13, 15954, 0.0, 1.0, -0.5, 2.0, 6, 225, log.println(message).get(), 6.5
13, 15955, 0.0, 1.0, -0.5, 2.5, 41, 70, log.format(message).print(message.replace(message, message)), 13.0
13, 15956, 0.0, 1.0, -0.5, 3.0, 41, 76, log.format(message).print(message.replace(message, message)), 15.5
13, 15957, 0.0, 1.0, -0.5, 3.5, 41, 79, log.format(message).print(message.replace(message, message)), 18.0
13, 15958, 0.0, 1.0, -0.5, 4.0, 41, 80, log.format(message).print(message.replace(message, message)), 20.5
13, 15959, 0.0, 1.0, -0.5, 4.5, 41, 80, log.format(message).print(message.replace(message, message)), 23.0
13, 15960, 0.0, 1.0, -0.5, 5.0, 41, 80, log.format(message).print(message.replace(message, message)), 25.5
13, 15961, 0.0, 1.0, 0.0, 0.0, 18, 21, Void.TYPE, 0.0
13, 15962, 0.0, 1.0, 0.0, 0.5, 6, 191, log.println(message).get(), 4.0
13, 15963, 0.0, 1.0, 0.0, 1.0, 23, 211, message.exec().equals(log.println(message)), 6.0
13, 15964, 0.0, 1.0, 0.0, 1.5, 40, 113, log.format(message).print(new Task13().logMessage(message)), 9.5
13, 15965, 0.0, 1.0, 0.0, 2.0, 40, 113, log.format(message).print(new Task13().logMessage(message)), 12.0
13, 15966, 0.0, 1.0, 0.0, 2.5, 40, 113, log.format(message).print(new Task13().logMessage(message)), 14.5
13, 15967, 0.0, 1.0, 0.0, 3.0, 40, 113, log.format(message).print(new Task13().logMessage(message)), 17.0
13, 15968, 0.0, 1.0, 0.0, 3.5, 40, 113, log.format(message).print(new Task13().logMessage(message)), 19.5
13, 15969, 0.0, 1.0, 0.0, 4.0, 40, 113, log.format(message).print(new Task13().logMessage(message)), 22.0
13, 15970, 0.0, 1.0, 0.0, 4.5, 40, 113, log.format(message).print(new Task13().logMessage(message)), 24.5
13, 15971, 0.0, 1.0, 0.0, 5.0, 40, 113, log.format(message).print(new Task13().logMessage(message)), 27.0
