6, 4500, 18, -1.0, 0.0, -0.5, 0.0, new LinkageError(value)
6, 4501, 5, -1.0, 0.0, -0.5, 0.2, numberNames.put(key, key)
6, 4502, 5, -1.0, 0.0, -0.5, 0.4, numberNames.put(key, key)
6, 4503, 5, -1.0, 0.0, -0.5, 0.6000000000000001, numberNames.put(key, key)
6, 4504, 5, -1.0, 0.0, -0.5, 0.8, numberNames.put(key, key)
6, 4505, 17, -1.0, 0.0, -0.4, 0.0, Integer.signum(key, key)
6, 4506, 18, -1.0, 0.0, -0.4, 0.2, new LinkageError(value)
6, 4507, 17, -1.0, 0.0, -0.4, 0.4, Integer.signum(key, key)
6, 4508, 13, -1.0, 0.0, -0.4, 0.6000000000000001, delete().insert(key, value)
6, 4509, 5, -1.0, 0.0, -0.4, 0.8, numberNames.put(key, key)
6, 4510, 5, -1.0, 0.0, -0.30000000000000004, 0.0, numberNames.put(key, key)
6, 4511, 13, -1.0, 0.0, -0.30000000000000004, 0.2, delete().insert(key, value)
6, 4512, 13, -1.0, 0.0, -0.30000000000000004, 0.4, delete().insert(key, value)
6, 4513, 5, -1.0, 0.0, -0.30000000000000004, 0.6000000000000001, numberNames.put(key, key)
6, 4514, 5, -1.0, 0.0, -0.30000000000000004, 0.8, numberNames.put(key, key)
6, 4515, 18, -1.0, 0.0, -0.20000000000000004, 0.0, new LinkageError(value)
6, 4516, 18, -1.0, 0.0, -0.20000000000000004, 0.2, new LinkageError(value)
6, 4517, 17, -1.0, 0.0, -0.20000000000000004, 0.4, Integer.signum(key, key)
6, 4518, 18, -1.0, 0.0, -0.20000000000000004, 0.6000000000000001, new LinkageError(value)
6, 4519, 5, -1.0, 0.0, -0.20000000000000004, 0.8, numberNames.put(key, key)
6, 4520, 17, -1.0, 0.0, -0.10000000000000003, 0.0, Integer.signum(key, key)
6, 4521, 18, -1.0, 0.0, -0.10000000000000003, 0.2, new LinkageError(value)
6, 4522, 5, -1.0, 0.0, -0.10000000000000003, 0.4, numberNames.put(key, key)
6, 4523, 5, -1.0, 0.0, -0.10000000000000003, 0.6000000000000001, numberNames.put(key, key)
6, 4524, 5, -1.0, 0.0, -0.10000000000000003, 0.8, numberNames.put(key, key)
6, 4525, 22, -1.0, 0.0, -2.7755575615628914E-17, 0.0, Math.tan()
6, 4526, 17, -1.0, 0.0, -2.7755575615628914E-17, 0.2, Integer.signum(key, key)
6, 4527, 17, -1.0, 0.0, -2.7755575615628914E-17, 0.4, Integer.signum(key, key)
6, 4528, 17, -1.0, 0.0, -2.7755575615628914E-17, 0.6000000000000001, Integer.signum(key, key)
6, 4529, 17, -1.0, 0.0, -2.7755575615628914E-17, 0.8, Integer.signum(key, key)
6, 4530, 5, -1.0, 0.4, -0.5, 0.0, numberNames.put(key, key)
6, 4531, 5, -1.0, 0.4, -0.5, 0.2, numberNames.put(key, key)
6, 4532, 5, -1.0, 0.4, -0.5, 0.4, numberNames.put(key, key)
6, 4533, 5, -1.0, 0.4, -0.5, 0.6000000000000001, numberNames.put(key, key)
6, 4534, 5, -1.0, 0.4, -0.5, 0.8, numberNames.put(key, key)
6, 4535, 5, -1.0, 0.4, -0.4, 0.0, numberNames.put(key, key)
6, 4536, 9, -1.0, 0.4, -0.4, 0.2, numberNames.get(key)
6, 4537, 5, -1.0, 0.4, -0.4, 0.4, numberNames.put(key, key)
6, 4538, 9, -1.0, 0.4, -0.4, 0.6000000000000001, numberNames.get(key)
6, 4539, 5, -1.0, 0.4, -0.4, 0.8, numberNames.put(key, key)
6, 4540, 5, -1.0, 0.4, -0.30000000000000004, 0.0, numberNames.put(key, key)
6, 4541, 5, -1.0, 0.4, -0.30000000000000004, 0.2, numberNames.put(key, key)
6, 4542, 5, -1.0, 0.4, -0.30000000000000004, 0.4, numberNames.put(key, key)
6, 4543, 5, -1.0, 0.4, -0.30000000000000004, 0.6000000000000001, numberNames.put(key, key)
6, 4544, 5, -1.0, 0.4, -0.30000000000000004, 0.8, numberNames.put(key, key)
6, 4545, 9, -1.0, 0.4, -0.20000000000000004, 0.0, numberNames.get(key)
6, 4546, 5, -1.0, 0.4, -0.20000000000000004, 0.2, numberNames.put(key, key)
6, 4547, 9, -1.0, 0.4, -0.20000000000000004, 0.4, numberNames.get(key)
6, 4548, 5, -1.0, 0.4, -0.20000000000000004, 0.6000000000000001, numberNames.put(key, key)
6, 4549, 5, -1.0, 0.4, -0.20000000000000004, 0.8, numberNames.put(key, key)
6, 4550, 13, -1.0, 0.4, -0.10000000000000003, 0.0, numberNames.putAll(numberNames)
6, 4551, 5, -1.0, 0.4, -0.10000000000000003, 0.2, numberNames.put(key, key)
6, 4552, 5, -1.0, 0.4, -0.10000000000000003, 0.4, numberNames.put(key, key)
6, 4553, 5, -1.0, 0.4, -0.10000000000000003, 0.6000000000000001, numberNames.put(key, key)
6, 4554, 5, -1.0, 0.4, -0.10000000000000003, 0.8, numberNames.put(key, key)
6, 4555, 13, -1.0, 0.4, -2.7755575615628914E-17, 0.0, numberNames.size()
6, 4556, 13, -1.0, 0.4, -2.7755575615628914E-17, 0.2, numberNames.putAll(numberNames)
6, 4557, 5, -1.0, 0.4, -2.7755575615628914E-17, 0.4, numberNames.put(key, key)
6, 4558, 9, -1.0, 0.4, -2.7755575615628914E-17, 0.6000000000000001, numberNames.get(key)
6, 4559, 10, -1.0, 0.4, -2.7755575615628914E-17, 0.8, numberNames.putAll()
6, 4560, 10, -1.0, 0.8, -0.5, 0.0, numberNames.putAll()
6, 4561, 10, -1.0, 0.8, -0.5, 0.2, numberNames.putAll()
6, 4562, 10, -1.0, 0.8, -0.5, 0.4, numberNames.putAll()
6, 4563, 10, -1.0, 0.8, -0.5, 0.6000000000000001, numberNames.putAll()
6, 4564, 10, -1.0, 0.8, -0.5, 0.8, numberNames.putAll()
6, 4565, 10, -1.0, 0.8, -0.4, 0.0, numberNames.putAll()
6, 4566, 10, -1.0, 0.8, -0.4, 0.2, numberNames.putAll()
6, 4567, 10, -1.0, 0.8, -0.4, 0.4, numberNames.putAll()
6, 4568, 10, -1.0, 0.8, -0.4, 0.6000000000000001, numberNames.putAll()
6, 4569, 10, -1.0, 0.8, -0.4, 0.8, numberNames.putAll()
6, 4570, 10, -1.0, 0.8, -0.30000000000000004, 0.0, numberNames.putAll()
6, 4571, 10, -1.0, 0.8, -0.30000000000000004, 0.2, numberNames.putAll()
6, 4572, 10, -1.0, 0.8, -0.30000000000000004, 0.4, numberNames.putAll()
6, 4573, 10, -1.0, 0.8, -0.30000000000000004, 0.6000000000000001, numberNames.putAll()
6, 4574, 10, -1.0, 0.8, -0.30000000000000004, 0.8, numberNames.putAll()
6, 4575, 10, -1.0, 0.8, -0.20000000000000004, 0.0, numberNames.putAll()
6, 4576, 10, -1.0, 0.8, -0.20000000000000004, 0.2, numberNames.putAll()
6, 4577, 10, -1.0, 0.8, -0.20000000000000004, 0.4, numberNames.putAll()
6, 4578, 10, -1.0, 0.8, -0.20000000000000004, 0.6000000000000001, numberNames.putAll()
6, 4579, 10, -1.0, 0.8, -0.20000000000000004, 0.8, numberNames.putAll()
6, 4580, 10, -1.0, 0.8, -0.10000000000000003, 0.0, numberNames.putAll()
6, 4581, 10, -1.0, 0.8, -0.10000000000000003, 0.2, numberNames.putAll()
6, 4582, 10, -1.0, 0.8, -0.10000000000000003, 0.4, numberNames.putAll()
6, 4583, 10, -1.0, 0.8, -0.10000000000000003, 0.6000000000000001, numberNames.putAll()
6, 4584, 10, -1.0, 0.8, -0.10000000000000003, 0.8, numberNames.putAll()
6, 4585, 10, -1.0, 0.8, -2.7755575615628914E-17, 0.0, numberNames.putAll()
6, 4586, 10, -1.0, 0.8, -2.7755575615628914E-17, 0.2, numberNames.putAll()
6, 4587, 10, -1.0, 0.8, -2.7755575615628914E-17, 0.4, numberNames.putAll()
6, 4588, 10, -1.0, 0.8, -2.7755575615628914E-17, 0.6000000000000001, numberNames.putAll()
6, 4589, 10, -1.0, 0.8, -2.7755575615628914E-17, 0.8, numberNames.putAll()
6, 4590, 10, -1.0, 1.2000000000000002, -0.5, 0.0, numberNames.putAll()
6, 4591, 10, -1.0, 1.2000000000000002, -0.5, 0.2, numberNames.putAll()
6, 4592, 10, -1.0, 1.2000000000000002, -0.5, 0.4, numberNames.putAll()
6, 4593, 10, -1.0, 1.2000000000000002, -0.5, 0.6000000000000001, numberNames.putAll()
6, 4594, 10, -1.0, 1.2000000000000002, -0.5, 0.8, numberNames.putAll()
6, 4595, 10, -1.0, 1.2000000000000002, -0.4, 0.0, numberNames.putAll()
6, 4596, 10, -1.0, 1.2000000000000002, -0.4, 0.2, numberNames.putAll()
6, 4597, 10, -1.0, 1.2000000000000002, -0.4, 0.4, numberNames.putAll()
6, 4598, 10, -1.0, 1.2000000000000002, -0.4, 0.6000000000000001, numberNames.putAll()
6, 4599, 10, -1.0, 1.2000000000000002, -0.4, 0.8, numberNames.putAll()
6, 4600, 10, -1.0, 1.2000000000000002, -0.30000000000000004, 0.0, numberNames.putAll()
6, 4601, 10, -1.0, 1.2000000000000002, -0.30000000000000004, 0.2, numberNames.putAll()
6, 4602, 10, -1.0, 1.2000000000000002, -0.30000000000000004, 0.4, numberNames.putAll()
6, 4603, 10, -1.0, 1.2000000000000002, -0.30000000000000004, 0.6000000000000001, numberNames.putAll()
6, 4604, 10, -1.0, 1.2000000000000002, -0.30000000000000004, 0.8, numberNames.putAll()
6, 4605, 10, -1.0, 1.2000000000000002, -0.20000000000000004, 0.0, numberNames.putAll()
6, 4606, 10, -1.0, 1.2000000000000002, -0.20000000000000004, 0.2, numberNames.putAll()
6, 4607, 10, -1.0, 1.2000000000000002, -0.20000000000000004, 0.4, numberNames.putAll()
6, 4608, 10, -1.0, 1.2000000000000002, -0.20000000000000004, 0.6000000000000001, numberNames.putAll()
6, 4609, 10, -1.0, 1.2000000000000002, -0.20000000000000004, 0.8, numberNames.putAll()
6, 4610, 10, -1.0, 1.2000000000000002, -0.10000000000000003, 0.0, numberNames.putAll()
6, 4611, 10, -1.0, 1.2000000000000002, -0.10000000000000003, 0.2, numberNames.putAll()
6, 4612, 10, -1.0, 1.2000000000000002, -0.10000000000000003, 0.4, numberNames.putAll()
6, 4613, 12, -1.0, 1.2000000000000002, -0.10000000000000003, 0.6000000000000001, numberNames.putAllForCreate()
6, 4614, 13, -1.0, 1.2000000000000002, -0.10000000000000003, 0.8, numberNames.size()
6, 4615, 10, -1.0, 1.2000000000000002, -2.7755575615628914E-17, 0.0, numberNames.putAll()
6, 4616, 10, -1.0, 1.2000000000000002, -2.7755575615628914E-17, 0.2, numberNames.putAll()
6, 4617, 10, -1.0, 1.2000000000000002, -2.7755575615628914E-17, 0.4, numberNames.putAll()
6, 4618, 10, -1.0, 1.2000000000000002, -2.7755575615628914E-17, 0.6000000000000001, numberNames.putAll()
6, 4619, 10, -1.0, 1.2000000000000002, -2.7755575615628914E-17, 0.8, numberNames.putAll()
6, 4620, 10, -1.0, 1.6, -0.5, 0.0, numberNames.putAll()
6, 4621, 10, -1.0, 1.6, -0.5, 0.2, numberNames.putAll()
6, 4622, 10, -1.0, 1.6, -0.5, 0.4, numberNames.putAll()
6, 4623, 10, -1.0, 1.6, -0.5, 0.6000000000000001, numberNames.putAll()
6, 4624, 12, -1.0, 1.6, -0.5, 0.8, numberNames.putAllForCreate()
6, 4625, 10, -1.0, 1.6, -0.4, 0.0, numberNames.putAll()
6, 4626, 10, -1.0, 1.6, -0.4, 0.2, numberNames.putAll()
6, 4627, 10, -1.0, 1.6, -0.4, 0.4, numberNames.putAll()
6, 4628, 10, -1.0, 1.6, -0.4, 0.6000000000000001, numberNames.putAll()
6, 4629, 10, -1.0, 1.6, -0.4, 0.8, numberNames.putAll()
6, 4630, 10, -1.0, 1.6, -0.30000000000000004, 0.0, numberNames.putAll()
6, 4631, 10, -1.0, 1.6, -0.30000000000000004, 0.2, numberNames.putAll()
6, 4632, 10, -1.0, 1.6, -0.30000000000000004, 0.4, numberNames.putAll()
6, 4633, 10, -1.0, 1.6, -0.30000000000000004, 0.6000000000000001, numberNames.putAll()
6, 4634, 10, -1.0, 1.6, -0.30000000000000004, 0.8, numberNames.putAll()
6, 4635, 10, -1.0, 1.6, -0.20000000000000004, 0.0, numberNames.putAll()
6, 4636, 10, -1.0, 1.6, -0.20000000000000004, 0.2, numberNames.putAll()
6, 4637, 10, -1.0, 1.6, -0.20000000000000004, 0.4, numberNames.putAll()
6, 4638, 10, -1.0, 1.6, -0.20000000000000004, 0.6000000000000001, numberNames.putAll()
6, 4639, 10, -1.0, 1.6, -0.20000000000000004, 0.8, numberNames.putAll()
6, 4640, 10, -1.0, 1.6, -0.10000000000000003, 0.0, numberNames.putAll()
6, 4641, 10, -1.0, 1.6, -0.10000000000000003, 0.2, numberNames.putAll()
6, 4642, 10, -1.0, 1.6, -0.10000000000000003, 0.4, numberNames.putAll()
6, 4643, 10, -1.0, 1.6, -0.10000000000000003, 0.6000000000000001, numberNames.putAll()
6, 4644, 10, -1.0, 1.6, -0.10000000000000003, 0.8, numberNames.putAll()
6, 4645, 10, -1.0, 1.6, -2.7755575615628914E-17, 0.0, numberNames.putAll()
6, 4646, 10, -1.0, 1.6, -2.7755575615628914E-17, 0.2, numberNames.putAll()
6, 4647, 10, -1.0, 1.6, -2.7755575615628914E-17, 0.4, numberNames.putAll()
6, 4648, 10, -1.0, 1.6, -2.7755575615628914E-17, 0.6000000000000001, numberNames.putAll()
6, 4649, 10, -1.0, 1.6, -2.7755575615628914E-17, 0.8, numberNames.putAll()
6, 4650, 5, -0.8, 0.0, -0.5, 0.0, numberNames.put(key, key)
6, 4651, 13, -0.8, 0.0, -0.5, 0.2, delete().insert(key, value)
6, 4652, 5, -0.8, 0.0, -0.5, 0.4, numberNames.put(key, key)
6, 4653, 5, -0.8, 0.0, -0.5, 0.6000000000000001, numberNames.put(key, key)
6, 4654, 5, -0.8, 0.0, -0.5, 0.8, numberNames.put(key, key)
6, 4655, 18, -0.8, 0.0, -0.4, 0.0, new LinkageError(value)
6, 4656, 17, -0.8, 0.0, -0.4, 0.2, Integer.signum(key, key)
6, 4657, 17, -0.8, 0.0, -0.4, 0.4, Integer.signum(key, key)
6, 4658, 13, -0.8, 0.0, -0.4, 0.6000000000000001, delete().insert(key, value)
6, 4659, 5, -0.8, 0.0, -0.4, 0.8, numberNames.put(key, key)
6, 4660, 17, -0.8, 0.0, -0.30000000000000004, 0.0, Integer.signum(key, key)
6, 4661, 17, -0.8, 0.0, -0.30000000000000004, 0.2, Integer.signum(key, key)
6, 4662, 13, -0.8, 0.0, -0.30000000000000004, 0.4, delete().insert(key, value)
6, 4663, 5, -0.8, 0.0, -0.30000000000000004, 0.6000000000000001, numberNames.put(key, key)
6, 4664, 5, -0.8, 0.0, -0.30000000000000004, 0.8, numberNames.put(key, key)
6, 4665, 18, -0.8, 0.0, -0.20000000000000004, 0.0, new LinkageError(value)
6, 4666, 17, -0.8, 0.0, -0.20000000000000004, 0.2, Integer.signum(key, key)
6, 4667, 13, -0.8, 0.0, -0.20000000000000004, 0.4, delete().insert(key, value)
6, 4668, 13, -0.8, 0.0, -0.20000000000000004, 0.6000000000000001, delete().insert(key, value)
6, 4669, 5, -0.8, 0.0, -0.20000000000000004, 0.8, numberNames.put(key, key)
6, 4670, 5, -0.8, 0.0, -0.10000000000000003, 0.0, numberNames.put(key, key)
6, 4671, 5, -0.8, 0.0, -0.10000000000000003, 0.2, numberNames.put(key, key)
6, 4672, 17, -0.8, 0.0, -0.10000000000000003, 0.4, Integer.signum(key, key)
6, 4673, 17, -0.8, 0.0, -0.10000000000000003, 0.6000000000000001, Integer.signum(key, key)
6, 4674, 5, -0.8, 0.0, -0.10000000000000003, 0.8, numberNames.put(key, key)
6, 4675, 22, -0.8, 0.0, -2.7755575615628914E-17, 0.0, Math.tan()
6, 4676, 13, -0.8, 0.0, -2.7755575615628914E-17, 0.2, delete().insert(key, value)
6, 4677, 18, -0.8, 0.0, -2.7755575615628914E-17, 0.4, new LinkageError(value)
6, 4678, 13, -0.8, 0.0, -2.7755575615628914E-17, 0.6000000000000001, delete().insert(key, value)
6, 4679, 18, -0.8, 0.0, -2.7755575615628914E-17, 0.8, value.replaceAll(value, value)
6, 4680, 5, -0.8, 0.4, -0.5, 0.0, numberNames.put(key, key)
6, 4681, 5, -0.8, 0.4, -0.5, 0.2, numberNames.put(key, key)
6, 4682, 5, -0.8, 0.4, -0.5, 0.4, numberNames.put(key, key)
6, 4683, 10, -0.8, 0.4, -0.5, 0.6000000000000001, numberNames.putAll()
6, 4684, 10, -0.8, 0.4, -0.5, 0.8, numberNames.putAll()
6, 4685, 18, -0.8, 0.4, -0.4, 0.0, new LinkageError(value)
6, 4686, 5, -0.8, 0.4, -0.4, 0.2, numberNames.put(key, key)
6, 4687, 9, -0.8, 0.4, -0.4, 0.4, numberNames.get(key)
6, 4688, 10, -0.8, 0.4, -0.4, 0.6000000000000001, numberNames.putAll()
6, 4689, 10, -0.8, 0.4, -0.4, 0.8, numberNames.putAll()
6, 4690, 5, -0.8, 0.4, -0.30000000000000004, 0.0, numberNames.put(key, key)
6, 4691, 10, -0.8, 0.4, -0.30000000000000004, 0.2, numberNames.putAll()
6, 4692, 5, -0.8, 0.4, -0.30000000000000004, 0.4, numberNames.put(key, key)
6, 4693, 10, -0.8, 0.4, -0.30000000000000004, 0.6000000000000001, numberNames.putAll()
6, 4694, 10, -0.8, 0.4, -0.30000000000000004, 0.8, numberNames.putAll()
6, 4695, 14, -0.8, 0.4, -0.20000000000000004, 0.0, numberNames.containsValue(key)
6, 4696, 10, -0.8, 0.4, -0.20000000000000004, 0.2, numberNames.putAll()
6, 4697, 5, -0.8, 0.4, -0.20000000000000004, 0.4, numberNames.put(key, key)
6, 4698, 10, -0.8, 0.4, -0.20000000000000004, 0.6000000000000001, numberNames.putAll()
6, 4699, 10, -0.8, 0.4, -0.20000000000000004, 0.8, numberNames.putAll()
6, 4700, 18, -0.8, 0.4, -0.10000000000000003, 0.0, numberNames.equals(putForNullKey())
6, 4701, 9, -0.8, 0.4, -0.10000000000000003, 0.2, numberNames.get(key)
6, 4702, 5, -0.8, 0.4, -0.10000000000000003, 0.4, numberNames.put(key, key)
6, 4703, 10, -0.8, 0.4, -0.10000000000000003, 0.6000000000000001, numberNames.putAll()
6, 4704, 10, -0.8, 0.4, -0.10000000000000003, 0.8, numberNames.putAll()
6, 4705, 20, -0.8, 0.4, -2.7755575615628914E-17, 0.0, putForNullKey()
6, 4706, 10, -0.8, 0.4, -2.7755575615628914E-17, 0.2, numberNames.putAll()
6, 4707, 10, -0.8, 0.4, -2.7755575615628914E-17, 0.4, numberNames.putAll()
6, 4708, 10, -0.8, 0.4, -2.7755575615628914E-17, 0.6000000000000001, numberNames.putAll()
6, 4709, 10, -0.8, 0.4, -2.7755575615628914E-17, 0.8, numberNames.putAll()
6, 4710, 10, -0.8, 0.8, -0.5, 0.0, numberNames.putAll()
6, 4711, 10, -0.8, 0.8, -0.5, 0.2, numberNames.putAll()
6, 4712, 10, -0.8, 0.8, -0.5, 0.4, numberNames.putAll()
6, 4713, 10, -0.8, 0.8, -0.5, 0.6000000000000001, numberNames.putAll()
6, 4714, 10, -0.8, 0.8, -0.5, 0.8, numberNames.putAll()
6, 4715, 10, -0.8, 0.8, -0.4, 0.0, numberNames.putAll()
6, 4716, 10, -0.8, 0.8, -0.4, 0.2, numberNames.putAll()
6, 4717, 10, -0.8, 0.8, -0.4, 0.4, numberNames.putAll()
6, 4718, 10, -0.8, 0.8, -0.4, 0.6000000000000001, numberNames.putAll()
6, 4719, 10, -0.8, 0.8, -0.4, 0.8, numberNames.putAll()
6, 4720, 10, -0.8, 0.8, -0.30000000000000004, 0.0, numberNames.putAll()
6, 4721, 10, -0.8, 0.8, -0.30000000000000004, 0.2, numberNames.putAll()
6, 4722, 10, -0.8, 0.8, -0.30000000000000004, 0.4, numberNames.putAll()
6, 4723, 10, -0.8, 0.8, -0.30000000000000004, 0.6000000000000001, numberNames.putAll()
6, 4724, 10, -0.8, 0.8, -0.30000000000000004, 0.8, numberNames.putAll()
6, 4725, 10, -0.8, 0.8, -0.20000000000000004, 0.0, numberNames.putAll()
6, 4726, 10, -0.8, 0.8, -0.20000000000000004, 0.2, numberNames.putAll()
6, 4727, 10, -0.8, 0.8, -0.20000000000000004, 0.4, numberNames.putAll()
6, 4728, 10, -0.8, 0.8, -0.20000000000000004, 0.6000000000000001, numberNames.putAll()
6, 4729, 12, -0.8, 0.8, -0.20000000000000004, 0.8, numberNames.putAllForCreate()
6, 4730, 10, -0.8, 0.8, -0.10000000000000003, 0.0, numberNames.putAll()
6, 4731, 10, -0.8, 0.8, -0.10000000000000003, 0.2, numberNames.putAll()
6, 4732, 10, -0.8, 0.8, -0.10000000000000003, 0.4, numberNames.putAll()
6, 4733, 10, -0.8, 0.8, -0.10000000000000003, 0.6000000000000001, numberNames.putAll()
6, 4734, 10, -0.8, 0.8, -0.10000000000000003, 0.8, numberNames.putAll()
6, 4735, 10, -0.8, 0.8, -2.7755575615628914E-17, 0.0, numberNames.putAll()
6, 4736, 10, -0.8, 0.8, -2.7755575615628914E-17, 0.2, numberNames.putAll()
6, 4737, 10, -0.8, 0.8, -2.7755575615628914E-17, 0.4, numberNames.putAll()
6, 4738, 10, -0.8, 0.8, -2.7755575615628914E-17, 0.6000000000000001, numberNames.putAll()
6, 4739, 10, -0.8, 0.8, -2.7755575615628914E-17, 0.8, numberNames.putAll()
6, 4740, 10, -0.8, 1.2000000000000002, -0.5, 0.0, numberNames.putAll()
6, 4741, 10, -0.8, 1.2000000000000002, -0.5, 0.2, numberNames.putAll()
6, 4742, 10, -0.8, 1.2000000000000002, -0.5, 0.4, numberNames.putAll()
6, 4743, 10, -0.8, 1.2000000000000002, -0.5, 0.6000000000000001, numberNames.putAll()
6, 4744, 10, -0.8, 1.2000000000000002, -0.5, 0.8, numberNames.putAll()
6, 4745, 10, -0.8, 1.2000000000000002, -0.4, 0.0, numberNames.putAll()
6, 4746, 10, -0.8, 1.2000000000000002, -0.4, 0.2, numberNames.putAll()
6, 4747, 10, -0.8, 1.2000000000000002, -0.4, 0.4, numberNames.putAll()
6, 4748, 10, -0.8, 1.2000000000000002, -0.4, 0.6000000000000001, numberNames.putAll()
6, 4749, 10, -0.8, 1.2000000000000002, -0.4, 0.8, numberNames.putAll()
6, 4750, 10, -0.8, 1.2000000000000002, -0.30000000000000004, 0.0, numberNames.putAll()
6, 4751, 10, -0.8, 1.2000000000000002, -0.30000000000000004, 0.2, numberNames.putAll()
6, 4752, 10, -0.8, 1.2000000000000002, -0.30000000000000004, 0.4, numberNames.putAll()
6, 4753, 12, -0.8, 1.2000000000000002, -0.30000000000000004, 0.6000000000000001, numberNames.putAllForCreate()
6, 4754, 10, -0.8, 1.2000000000000002, -0.30000000000000004, 0.8, numberNames.putAll()
6, 4755, 13, -0.8, 1.2000000000000002, -0.20000000000000004, 0.0, numberNames.putAll(numberNames)
6, 4756, 13, -0.8, 1.2000000000000002, -0.20000000000000004, 0.2, numberNames.size()
6, 4757, 13, -0.8, 1.2000000000000002, -0.20000000000000004, 0.4, numberNames.size()
6, 4758, 13, -0.8, 1.2000000000000002, -0.20000000000000004, 0.6000000000000001, numberNames.putAll(numberNames)
6, 4759, 13, -0.8, 1.2000000000000002, -0.20000000000000004, 0.8, numberNames.size()
6, 4760, 10, -0.8, 1.2000000000000002, -0.10000000000000003, 0.0, numberNames.putAll()
6, 4761, 10, -0.8, 1.2000000000000002, -0.10000000000000003, 0.2, numberNames.putAll()
6, 4762, 10, -0.8, 1.2000000000000002, -0.10000000000000003, 0.4, numberNames.putAll()
6, 4763, 10, -0.8, 1.2000000000000002, -0.10000000000000003, 0.6000000000000001, numberNames.putAll()
6, 4764, 10, -0.8, 1.2000000000000002, -0.10000000000000003, 0.8, numberNames.putAll()
6, 4765, 13, -0.8, 1.2000000000000002, -2.7755575615628914E-17, 0.0, numberNames.putAll().notify()
6, 4766, 13, -0.8, 1.2000000000000002, -2.7755575615628914E-17, 0.2, numberNames.putAll().notify()
6, 4767, 13, -0.8, 1.2000000000000002, -2.7755575615628914E-17, 0.4, numberNames.putAll().notify()
6, 4768, 13, -0.8, 1.2000000000000002, -2.7755575615628914E-17, 0.6000000000000001, numberNames.putAll().notify()
6, 4769, 13, -0.8, 1.2000000000000002, -2.7755575615628914E-17, 0.8, numberNames.putAll(numberNames)
6, 4770, 10, -0.8, 1.6, -0.5, 0.0, numberNames.putAll()
6, 4771, 10, -0.8, 1.6, -0.5, 0.2, numberNames.putAll()
6, 4772, 10, -0.8, 1.6, -0.5, 0.4, numberNames.putAll()
6, 4773, 10, -0.8, 1.6, -0.5, 0.6000000000000001, numberNames.putAll()
6, 4774, 10, -0.8, 1.6, -0.5, 0.8, numberNames.putAll()
6, 4775, 10, -0.8, 1.6, -0.4, 0.0, numberNames.putAll()
6, 4776, 10, -0.8, 1.6, -0.4, 0.2, numberNames.putAll()
6, 4777, 10, -0.8, 1.6, -0.4, 0.4, numberNames.putAll()
6, 4778, 10, -0.8, 1.6, -0.4, 0.6000000000000001, numberNames.putAll()
6, 4779, 10, -0.8, 1.6, -0.4, 0.8, numberNames.putAll()
6, 4780, 10, -0.8, 1.6, -0.30000000000000004, 0.0, numberNames.putAll()
6, 4781, 10, -0.8, 1.6, -0.30000000000000004, 0.2, numberNames.putAll()
6, 4782, 10, -0.8, 1.6, -0.30000000000000004, 0.4, numberNames.putAll()
6, 4783, 10, -0.8, 1.6, -0.30000000000000004, 0.6000000000000001, numberNames.putAll()
6, 4784, 10, -0.8, 1.6, -0.30000000000000004, 0.8, numberNames.putAll()
6, 4785, 10, -0.8, 1.6, -0.20000000000000004, 0.0, numberNames.putAll()
6, 4786, 10, -0.8, 1.6, -0.20000000000000004, 0.2, numberNames.putAll()
6, 4787, 10, -0.8, 1.6, -0.20000000000000004, 0.4, numberNames.putAll()
6, 4788, 10, -0.8, 1.6, -0.20000000000000004, 0.6000000000000001, numberNames.putAll()
6, 4789, 10, -0.8, 1.6, -0.20000000000000004, 0.8, numberNames.putAll()
6, 4790, 10, -0.8, 1.6, -0.10000000000000003, 0.0, numberNames.putAll()
6, 4791, 10, -0.8, 1.6, -0.10000000000000003, 0.2, numberNames.putAll()
6, 4792, 10, -0.8, 1.6, -0.10000000000000003, 0.4, numberNames.putAll()
6, 4793, 10, -0.8, 1.6, -0.10000000000000003, 0.6000000000000001, numberNames.putAll()
6, 4794, 10, -0.8, 1.6, -0.10000000000000003, 0.8, numberNames.putAll()
6, 4795, 10, -0.8, 1.6, -2.7755575615628914E-17, 0.0, numberNames.putAll()
6, 4796, 10, -0.8, 1.6, -2.7755575615628914E-17, 0.2, numberNames.putAll()
6, 4797, 10, -0.8, 1.6, -2.7755575615628914E-17, 0.4, numberNames.putAll()
6, 4798, 10, -0.8, 1.6, -2.7755575615628914E-17, 0.6000000000000001, numberNames.putAll()
6, 4799, 10, -0.8, 1.6, -2.7755575615628914E-17, 0.8, numberNames.putAll()
6, 4800, 5, -0.6000000000000001, 0.0, -0.5, 0.0, numberNames.put(key, key)
6, 4801, 5, -0.6000000000000001, 0.0, -0.5, 0.2, numberNames.put(key, key)
6, 4802, 5, -0.6000000000000001, 0.0, -0.5, 0.4, numberNames.put(key, key)
6, 4803, 18, -0.6000000000000001, 0.0, -0.5, 0.6000000000000001, new LinkageError(value)
6, 4804, 5, -0.6000000000000001, 0.0, -0.5, 0.8, numberNames.put(key, key)
6, 4805, 17, -0.6000000000000001, 0.0, -0.4, 0.0, Integer.signum(key, key)
6, 4806, 17, -0.6000000000000001, 0.0, -0.4, 0.2, Integer.signum(key, key)
6, 4807, 18, -0.6000000000000001, 0.0, -0.4, 0.4, new LinkageError(value)
6, 4808, 18, -0.6000000000000001, 0.0, -0.4, 0.6000000000000001, new LinkageError(value)
6, 4809, 5, -0.6000000000000001, 0.0, -0.4, 0.8, numberNames.put(key, key)
6, 4810, 18, -0.6000000000000001, 0.0, -0.30000000000000004, 0.0, new LinkageError(value)
6, 4811, 13, -0.6000000000000001, 0.0, -0.30000000000000004, 0.2, delete().insert(key, value)
6, 4812, 13, -0.6000000000000001, 0.0, -0.30000000000000004, 0.4, delete().insert(key, value)
6, 4813, 17, -0.6000000000000001, 0.0, -0.30000000000000004, 0.6000000000000001, Integer.signum(key, key)
6, 4814, 5, -0.6000000000000001, 0.0, -0.30000000000000004, 0.8, numberNames.put(key, key)
6, 4815, 18, -0.6000000000000001, 0.0, -0.20000000000000004, 0.0, new LinkageError(value)
6, 4816, 17, -0.6000000000000001, 0.0, -0.20000000000000004, 0.2, Integer.signum(key, key)
6, 4817, 13, -0.6000000000000001, 0.0, -0.20000000000000004, 0.4, delete().insert(key, value)
6, 4818, 17, -0.6000000000000001, 0.0, -0.20000000000000004, 0.6000000000000001, Integer.signum(key, key)
6, 4819, 5, -0.6000000000000001, 0.0, -0.20000000000000004, 0.8, numberNames.put(key, key)
6, 4820, 18, -0.6000000000000001, 0.0, -0.10000000000000003, 0.0, new LinkageError(value)
6, 4821, 13, -0.6000000000000001, 0.0, -0.10000000000000003, 0.2, delete().insert(key, value)
6, 4822, 17, -0.6000000000000001, 0.0, -0.10000000000000003, 0.4, Integer.signum(key, key)
6, 4823, 18, -0.6000000000000001, 0.0, -0.10000000000000003, 0.6000000000000001, new LinkageError(value)
6, 4824, 17, -0.6000000000000001, 0.0, -0.10000000000000003, 0.8, Integer.signum(key, key)
6, 4825, 22, -0.6000000000000001, 0.0, -2.7755575615628914E-17, 0.0, Math.tan()
6, 4826, 13, -0.6000000000000001, 0.0, -2.7755575615628914E-17, 0.2, delete().insert(key, value)
6, 4827, 13, -0.6000000000000001, 0.0, -2.7755575615628914E-17, 0.4, delete().insert(key, value)
6, 4828, 18, -0.6000000000000001, 0.0, -2.7755575615628914E-17, 0.6000000000000001, new LinkageError(value)
6, 4829, 17, -0.6000000000000001, 0.0, -2.7755575615628914E-17, 0.8, Integer.signum(key, key)
6, 4830, 5, -0.6000000000000001, 0.4, -0.5, 0.0, numberNames.put(key, key)
6, 4831, 5, -0.6000000000000001, 0.4, -0.5, 0.2, numberNames.put(key, key)
6, 4832, 10, -0.6000000000000001, 0.4, -0.5, 0.4, numberNames.putAll()
6, 4833, 10, -0.6000000000000001, 0.4, -0.5, 0.6000000000000001, numberNames.putAll()
6, 4834, 10, -0.6000000000000001, 0.4, -0.5, 0.8, numberNames.putAll()
6, 4835, 5, -0.6000000000000001, 0.4, -0.4, 0.0, numberNames.put(key, key)
6, 4836, 5, -0.6000000000000001, 0.4, -0.4, 0.2, numberNames.put(key, key)
6, 4837, 10, -0.6000000000000001, 0.4, -0.4, 0.4, numberNames.putAll()
6, 4838, 10, -0.6000000000000001, 0.4, -0.4, 0.6000000000000001, numberNames.putAll()
6, 4839, 10, -0.6000000000000001, 0.4, -0.4, 0.8, numberNames.putAll()
6, 4840, 5, -0.6000000000000001, 0.4, -0.30000000000000004, 0.0, numberNames.put(key, key)
6, 4841, 5, -0.6000000000000001, 0.4, -0.30000000000000004, 0.2, numberNames.put(key, key)
6, 4842, 10, -0.6000000000000001, 0.4, -0.30000000000000004, 0.4, numberNames.putAll()
6, 4843, 10, -0.6000000000000001, 0.4, -0.30000000000000004, 0.6000000000000001, numberNames.putAll()
6, 4844, 10, -0.6000000000000001, 0.4, -0.30000000000000004, 0.8, numberNames.putAll()
6, 4845, 10, -0.6000000000000001, 0.4, -0.20000000000000004, 0.0, numberNames.putAll()
6, 4846, 9, -0.6000000000000001, 0.4, -0.20000000000000004, 0.2, numberNames.get(key)
6, 4847, 10, -0.6000000000000001, 0.4, -0.20000000000000004, 0.4, numberNames.putAll()
6, 4848, 15, -0.6000000000000001, 0.4, -0.20000000000000004, 0.6000000000000001, numberNames.put(key, key).containsValue()
6, 4849, 12, -0.6000000000000001, 0.4, -0.20000000000000004, 0.8, numberNames.putAllForCreate()
6, 4850, 10, -0.6000000000000001, 0.4, -0.10000000000000003, 0.0, numberNames.putAll()
6, 4851, 10, -0.6000000000000001, 0.4, -0.10000000000000003, 0.2, numberNames.putAll()
6, 4852, 10, -0.6000000000000001, 0.4, -0.10000000000000003, 0.4, numberNames.putAll()
6, 4853, 10, -0.6000000000000001, 0.4, -0.10000000000000003, 0.6000000000000001, numberNames.putAll()
6, 4854, 12, -0.6000000000000001, 0.4, -0.10000000000000003, 0.8, numberNames.putAllForCreate()
6, 4855, 10, -0.6000000000000001, 0.4, -2.7755575615628914E-17, 0.0, numberNames.putAll()
6, 4856, 10, -0.6000000000000001, 0.4, -2.7755575615628914E-17, 0.2, numberNames.putAll()
6, 4857, 10, -0.6000000000000001, 0.4, -2.7755575615628914E-17, 0.4, numberNames.putAll()
6, 4858, 10, -0.6000000000000001, 0.4, -2.7755575615628914E-17, 0.6000000000000001, numberNames.putAll()
6, 4859, 10, -0.6000000000000001, 0.4, -2.7755575615628914E-17, 0.8, numberNames.putAll()
6, 4860, 10, -0.6000000000000001, 0.8, -0.5, 0.0, numberNames.putAll()
6, 4861, 10, -0.6000000000000001, 0.8, -0.5, 0.2, numberNames.putAll()
6, 4862, 10, -0.6000000000000001, 0.8, -0.5, 0.4, numberNames.putAll()
6, 4863, 10, -0.6000000000000001, 0.8, -0.5, 0.6000000000000001, numberNames.putAll()
6, 4864, 10, -0.6000000000000001, 0.8, -0.5, 0.8, numberNames.putAll()
6, 4865, 10, -0.6000000000000001, 0.8, -0.4, 0.0, numberNames.putAll()
6, 4866, 10, -0.6000000000000001, 0.8, -0.4, 0.2, numberNames.putAll()
6, 4867, 10, -0.6000000000000001, 0.8, -0.4, 0.4, numberNames.putAll()
6, 4868, 10, -0.6000000000000001, 0.8, -0.4, 0.6000000000000001, numberNames.putAll()
6, 4869, 10, -0.6000000000000001, 0.8, -0.4, 0.8, numberNames.putAll()
6, 4870, 10, -0.6000000000000001, 0.8, -0.30000000000000004, 0.0, numberNames.putAll()
6, 4871, 10, -0.6000000000000001, 0.8, -0.30000000000000004, 0.2, numberNames.putAll()
6, 4872, 10, -0.6000000000000001, 0.8, -0.30000000000000004, 0.4, numberNames.putAll()
6, 4873, 10, -0.6000000000000001, 0.8, -0.30000000000000004, 0.6000000000000001, numberNames.putAll()
6, 4874, 10, -0.6000000000000001, 0.8, -0.30000000000000004, 0.8, numberNames.putAll()
6, 4875, 10, -0.6000000000000001, 0.8, -0.20000000000000004, 0.0, numberNames.putAll()
6, 4876, 10, -0.6000000000000001, 0.8, -0.20000000000000004, 0.2, numberNames.putAll()
6, 4877, 10, -0.6000000000000001, 0.8, -0.20000000000000004, 0.4, numberNames.putAll()
6, 4878, 10, -0.6000000000000001, 0.8, -0.20000000000000004, 0.6000000000000001, numberNames.putAll()
6, 4879, 10, -0.6000000000000001, 0.8, -0.20000000000000004, 0.8, numberNames.putAll()
6, 4880, 10, -0.6000000000000001, 0.8, -0.10000000000000003, 0.0, numberNames.putAll()
6, 4881, 10, -0.6000000000000001, 0.8, -0.10000000000000003, 0.2, numberNames.putAll()
6, 4882, 10, -0.6000000000000001, 0.8, -0.10000000000000003, 0.4, numberNames.putAll()
6, 4883, 12, -0.6000000000000001, 0.8, -0.10000000000000003, 0.6000000000000001, numberNames.putAllForCreate()
6, 4884, 10, -0.6000000000000001, 0.8, -0.10000000000000003, 0.8, numberNames.putAll()
6, 4885, 10, -0.6000000000000001, 0.8, -2.7755575615628914E-17, 0.0, numberNames.putAll()
6, 4886, 10, -0.6000000000000001, 0.8, -2.7755575615628914E-17, 0.2, numberNames.putAll()
6, 4887, 10, -0.6000000000000001, 0.8, -2.7755575615628914E-17, 0.4, numberNames.putAll()
6, 4888, 10, -0.6000000000000001, 0.8, -2.7755575615628914E-17, 0.6000000000000001, numberNames.putAll()
6, 4889, 13, -0.6000000000000001, 0.8, -2.7755575615628914E-17, 0.8, numberNames.putAll(numberNames)
6, 4890, 10, -0.6000000000000001, 1.2000000000000002, -0.5, 0.0, numberNames.putAll()
6, 4891, 10, -0.6000000000000001, 1.2000000000000002, -0.5, 0.2, numberNames.putAll()
6, 4892, 13, -0.6000000000000001, 1.2000000000000002, -0.5, 0.4, numberNames.putAll(numberNames)
6, 4893, 10, -0.6000000000000001, 1.2000000000000002, -0.5, 0.6000000000000001, numberNames.putAll()
6, 4894, 10, -0.6000000000000001, 1.2000000000000002, -0.5, 0.8, numberNames.putAll()
6, 4895, 13, -0.6000000000000001, 1.2000000000000002, -0.4, 0.0, numberNames.size()
6, 4896, 14, -0.6000000000000001, 1.2000000000000002, -0.4, 0.2, numberNames.size().doubleValue()
6, 4897, 13, -0.6000000000000001, 1.2000000000000002, -0.4, 0.4, numberNames.isEmpty()
6, 4898, 14, -0.6000000000000001, 1.2000000000000002, -0.4, 0.6000000000000001, numberNames.size().doubleValue()
6, 4899, 13, -0.6000000000000001, 1.2000000000000002, -0.4, 0.8, numberNames.size()
6, 4900, 14, -0.6000000000000001, 1.2000000000000002, -0.30000000000000004, 0.0, numberNames.size().doubleValue()
6, 4901, 13, -0.6000000000000001, 1.2000000000000002, -0.30000000000000004, 0.2, numberNames.putAll(numberNames)
6, 4902, 13, -0.6000000000000001, 1.2000000000000002, -0.30000000000000004, 0.4, numberNames.putAll(numberNames)
6, 4903, 10, -0.6000000000000001, 1.2000000000000002, -0.30000000000000004, 0.6000000000000001, numberNames.putAll()
6, 4904, 10, -0.6000000000000001, 1.2000000000000002, -0.30000000000000004, 0.8, numberNames.putAll()
6, 4905, 13, -0.6000000000000001, 1.2000000000000002, -0.20000000000000004, 0.0, numberNames.putAll(numberNames)
6, 4906, 14, -0.6000000000000001, 1.2000000000000002, -0.20000000000000004, 0.2, numberNames.size().doubleValue()
6, 4907, 13, -0.6000000000000001, 1.2000000000000002, -0.20000000000000004, 0.4, numberNames.putAll(numberNames)
6, 4908, 13, -0.6000000000000001, 1.2000000000000002, -0.20000000000000004, 0.6000000000000001, numberNames.putAll(numberNames)
6, 4909, 13, -0.6000000000000001, 1.2000000000000002, -0.20000000000000004, 0.8, numberNames.size()
6, 4910, 14, -0.6000000000000001, 1.2000000000000002, -0.10000000000000003, 0.0, numberNames.putAll().notifyAll()
6, 4911, 13, -0.6000000000000001, 1.2000000000000002, -0.10000000000000003, 0.2, numberNames.isEmpty()
6, 4912, 13, -0.6000000000000001, 1.2000000000000002, -0.10000000000000003, 0.4, numberNames.size()
6, 4913, 13, -0.6000000000000001, 1.2000000000000002, -0.10000000000000003, 0.6000000000000001, numberNames.size()
6, 4914, 13, -0.6000000000000001, 1.2000000000000002, -0.10000000000000003, 0.8, numberNames.size()
6, 4915, 13, -0.6000000000000001, 1.2000000000000002, -2.7755575615628914E-17, 0.0, numberNames.putAll().notify()
6, 4916, 13, -0.6000000000000001, 1.2000000000000002, -2.7755575615628914E-17, 0.2, numberNames.putAll(numberNames)
6, 4917, 13, -0.6000000000000001, 1.2000000000000002, -2.7755575615628914E-17, 0.4, numberNames.putAll().notify()
6, 4918, 13, -0.6000000000000001, 1.2000000000000002, -2.7755575615628914E-17, 0.6000000000000001, numberNames.putAll().notify()
6, 4919, 13, -0.6000000000000001, 1.2000000000000002, -2.7755575615628914E-17, 0.8, numberNames.putAll(numberNames)
6, 4920, 10, -0.6000000000000001, 1.6, -0.5, 0.0, numberNames.putAll()
6, 4921, 10, -0.6000000000000001, 1.6, -0.5, 0.2, numberNames.putAll()
6, 4922, 10, -0.6000000000000001, 1.6, -0.5, 0.4, numberNames.putAll()
6, 4923, 10, -0.6000000000000001, 1.6, -0.5, 0.6000000000000001, numberNames.putAll()
6, 4924, 10, -0.6000000000000001, 1.6, -0.5, 0.8, numberNames.putAll()
6, 4925, 10, -0.6000000000000001, 1.6, -0.4, 0.0, numberNames.putAll()
6, 4926, 10, -0.6000000000000001, 1.6, -0.4, 0.2, numberNames.putAll()
6, 4927, 10, -0.6000000000000001, 1.6, -0.4, 0.4, numberNames.putAll()
6, 4928, 10, -0.6000000000000001, 1.6, -0.4, 0.6000000000000001, numberNames.putAll()
6, 4929, 10, -0.6000000000000001, 1.6, -0.4, 0.8, numberNames.putAll()
6, 4930, 10, -0.6000000000000001, 1.6, -0.30000000000000004, 0.0, numberNames.putAll()
6, 4931, 10, -0.6000000000000001, 1.6, -0.30000000000000004, 0.2, numberNames.putAll()
6, 4932, 10, -0.6000000000000001, 1.6, -0.30000000000000004, 0.4, numberNames.putAll()
6, 4933, 10, -0.6000000000000001, 1.6, -0.30000000000000004, 0.6000000000000001, numberNames.putAll()
6, 4934, 10, -0.6000000000000001, 1.6, -0.30000000000000004, 0.8, numberNames.putAll()
6, 4935, 10, -0.6000000000000001, 1.6, -0.20000000000000004, 0.0, numberNames.putAll()
6, 4936, 10, -0.6000000000000001, 1.6, -0.20000000000000004, 0.2, numberNames.putAll()
6, 4937, 10, -0.6000000000000001, 1.6, -0.20000000000000004, 0.4, numberNames.putAll()
6, 4938, 12, -0.6000000000000001, 1.6, -0.20000000000000004, 0.6000000000000001, numberNames.putAllForCreate()
6, 4939, 10, -0.6000000000000001, 1.6, -0.20000000000000004, 0.8, numberNames.putAll()
6, 4940, 10, -0.6000000000000001, 1.6, -0.10000000000000003, 0.0, numberNames.putAll()
6, 4941, 10, -0.6000000000000001, 1.6, -0.10000000000000003, 0.2, numberNames.putAll()
6, 4942, 10, -0.6000000000000001, 1.6, -0.10000000000000003, 0.4, numberNames.putAll()
6, 4943, 10, -0.6000000000000001, 1.6, -0.10000000000000003, 0.6000000000000001, numberNames.putAll()
6, 4944, 10, -0.6000000000000001, 1.6, -0.10000000000000003, 0.8, numberNames.putAll()
6, 4945, 10, -0.6000000000000001, 1.6, -2.7755575615628914E-17, 0.0, numberNames.putAll()
6, 4946, 10, -0.6000000000000001, 1.6, -2.7755575615628914E-17, 0.2, numberNames.putAll()
6, 4947, 10, -0.6000000000000001, 1.6, -2.7755575615628914E-17, 0.4, numberNames.putAll()
6, 4948, 10, -0.6000000000000001, 1.6, -2.7755575615628914E-17, 0.6000000000000001, numberNames.putAll()
6, 4949, 10, -0.6000000000000001, 1.6, -2.7755575615628914E-17, 0.8, numberNames.putAll()
6, 4950, 5, -0.4000000000000001, 0.0, -0.5, 0.0, numberNames.put(key, key)
6, 4951, 5, -0.4000000000000001, 0.0, -0.5, 0.2, numberNames.put(key, key)
6, 4952, 5, -0.4000000000000001, 0.0, -0.5, 0.4, numberNames.put(key, key)
6, 4953, 5, -0.4000000000000001, 0.0, -0.5, 0.6000000000000001, numberNames.put(key, key)
6, 4954, 15, -0.4000000000000001, 0.0, -0.5, 0.8, value.put(value)
6, 4955, 18, -0.4000000000000001, 0.0, -0.4, 0.0, new LinkageError(value)
6, 4956, 18, -0.4000000000000001, 0.0, -0.4, 0.2, Integer.valueOf(key, value, key)
6, 4957, 5, -0.4000000000000001, 0.0, -0.4, 0.4, numberNames.put(key, key)
6, 4958, 17, -0.4000000000000001, 0.0, -0.4, 0.6000000000000001, key.put(key)
6, 4959, 15, -0.4000000000000001, 0.0, -0.4, 0.8, value.put(value)
6, 4960, 17, -0.4000000000000001, 0.0, -0.30000000000000004, 0.0, Integer.signum(key, key)
6, 4961, 13, -0.4000000000000001, 0.0, -0.30000000000000004, 0.2, delete().insert(key, value)
6, 4962, 5, -0.4000000000000001, 0.0, -0.30000000000000004, 0.4, numberNames.put(key, key)
6, 4963, 17, -0.4000000000000001, 0.0, -0.30000000000000004, 0.6000000000000001, Integer.signum(key, key)
6, 4964, 12, -0.4000000000000001, 0.0, -0.30000000000000004, 0.8, numberNames.putAllForCreate()
6, 4965, 17, -0.4000000000000001, 0.0, -0.20000000000000004, 0.0, Integer.signum(key, key)
6, 4966, 13, -0.4000000000000001, 0.0, -0.20000000000000004, 0.2, delete().insert(key, value)
6, 4967, 5, -0.4000000000000001, 0.0, -0.20000000000000004, 0.4, numberNames.put(key, key)
6, 4968, 17, -0.4000000000000001, 0.0, -0.20000000000000004, 0.6000000000000001, Integer.signum(key, key)
6, 4969, 12, -0.4000000000000001, 0.0, -0.20000000000000004, 0.8, numberNames.putAllForCreate()
6, 4970, 18, -0.4000000000000001, 0.0, -0.10000000000000003, 0.0, new LinkageError(value)
6, 4971, 17, -0.4000000000000001, 0.0, -0.10000000000000003, 0.2, Integer.signum(key, key)
6, 4972, 5, -0.4000000000000001, 0.0, -0.10000000000000003, 0.4, numberNames.put(key, key)
6, 4973, 17, -0.4000000000000001, 0.0, -0.10000000000000003, 0.6000000000000001, Integer.signum(key, key)
6, 4974, 13, -0.4000000000000001, 0.0, -0.10000000000000003, 0.8, numberNames.size()
6, 4975, 18, -0.4000000000000001, 0.0, -2.7755575615628914E-17, 0.0, new LinkageError(value)
6, 4976, 17, -0.4000000000000001, 0.0, -2.7755575615628914E-17, 0.2, Integer.signum(key, key)
6, 4977, 18, -0.4000000000000001, 0.0, -2.7755575615628914E-17, 0.4, new LinkageError(value)
6, 4978, 18, -0.4000000000000001, 0.0, -2.7755575615628914E-17, 0.6000000000000001, value.replaceAll(value, value)
6, 4979, 13, -0.4000000000000001, 0.0, -2.7755575615628914E-17, 0.8, numberNames.size()
6, 4980, 5, -0.4000000000000001, 0.4, -0.5, 0.0, numberNames.put(key, key)
6, 4981, 10, -0.4000000000000001, 0.4, -0.5, 0.2, numberNames.putAll()
6, 4982, 10, -0.4000000000000001, 0.4, -0.5, 0.4, numberNames.putAll()
6, 4983, 10, -0.4000000000000001, 0.4, -0.5, 0.6000000000000001, numberNames.putAll()
6, 4984, 10, -0.4000000000000001, 0.4, -0.5, 0.8, numberNames.putAll()
6, 4985, 10, -0.4000000000000001, 0.4, -0.4, 0.0, numberNames.putAll()
6, 4986, 10, -0.4000000000000001, 0.4, -0.4, 0.2, numberNames.putAll()
6, 4987, 10, -0.4000000000000001, 0.4, -0.4, 0.4, numberNames.putAll()
6, 4988, 13, -0.4000000000000001, 0.4, -0.4, 0.6000000000000001, numberNames.putAll(numberNames)
6, 4989, 13, -0.4000000000000001, 0.4, -0.4, 0.8, numberNames.putAll(numberNames)
6, 4990, 10, -0.4000000000000001, 0.4, -0.30000000000000004, 0.0, numberNames.putAll()
6, 4991, 10, -0.4000000000000001, 0.4, -0.30000000000000004, 0.2, numberNames.putAll()
6, 4992, 10, -0.4000000000000001, 0.4, -0.30000000000000004, 0.4, numberNames.putAll()
6, 4993, 10, -0.4000000000000001, 0.4, -0.30000000000000004, 0.6000000000000001, numberNames.putAll()
6, 4994, 10, -0.4000000000000001, 0.4, -0.30000000000000004, 0.8, numberNames.putAll()
6, 4995, 10, -0.4000000000000001, 0.4, -0.20000000000000004, 0.0, numberNames.putAll()
6, 4996, 10, -0.4000000000000001, 0.4, -0.20000000000000004, 0.2, numberNames.putAll()
6, 4997, 10, -0.4000000000000001, 0.4, -0.20000000000000004, 0.4, numberNames.putAll()
6, 4998, 10, -0.4000000000000001, 0.4, -0.20000000000000004, 0.6000000000000001, numberNames.putAll()
6, 4999, 12, -0.4000000000000001, 0.4, -0.20000000000000004, 0.8, numberNames.putAllForCreate()
6, 5000, 10, -0.4000000000000001, 0.4, -0.10000000000000003, 0.0, numberNames.putAll()
6, 5001, 10, -0.4000000000000001, 0.4, -0.10000000000000003, 0.2, numberNames.putAll()
6, 5002, 10, -0.4000000000000001, 0.4, -0.10000000000000003, 0.4, numberNames.putAll()
6, 5003, 10, -0.4000000000000001, 0.4, -0.10000000000000003, 0.6000000000000001, numberNames.putAll()
6, 5004, 10, -0.4000000000000001, 0.4, -0.10000000000000003, 0.8, numberNames.putAll()
6, 5005, 10, -0.4000000000000001, 0.4, -2.7755575615628914E-17, 0.0, numberNames.putAll()
6, 5006, 10, -0.4000000000000001, 0.4, -2.7755575615628914E-17, 0.2, numberNames.putAll()
6, 5007, 10, -0.4000000000000001, 0.4, -2.7755575615628914E-17, 0.4, numberNames.putAll()
6, 5008, 10, -0.4000000000000001, 0.4, -2.7755575615628914E-17, 0.6000000000000001, numberNames.putAll()
6, 5009, 10, -0.4000000000000001, 0.4, -2.7755575615628914E-17, 0.8, numberNames.putAll()
6, 5010, 10, -0.4000000000000001, 0.8, -0.5, 0.0, numberNames.putAll()
6, 5011, 10, -0.4000000000000001, 0.8, -0.5, 0.2, numberNames.putAll()
6, 5012, 10, -0.4000000000000001, 0.8, -0.5, 0.4, numberNames.putAll()
6, 5013, 13, -0.4000000000000001, 0.8, -0.5, 0.6000000000000001, numberNames.putAll(numberNames)
6, 5014, 10, -0.4000000000000001, 0.8, -0.5, 0.8, numberNames.putAll()
6, 5015, 10, -0.4000000000000001, 0.8, -0.4, 0.0, numberNames.putAll()
6, 5016, 10, -0.4000000000000001, 0.8, -0.4, 0.2, numberNames.putAll()
6, 5017, 10, -0.4000000000000001, 0.8, -0.4, 0.4, numberNames.putAll()
6, 5018, 10, -0.4000000000000001, 0.8, -0.4, 0.6000000000000001, numberNames.putAll()
6, 5019, 13, -0.4000000000000001, 0.8, -0.4, 0.8, numberNames.isEmpty()
6, 5020, 10, -0.4000000000000001, 0.8, -0.30000000000000004, 0.0, numberNames.putAll()
6, 5021, 10, -0.4000000000000001, 0.8, -0.30000000000000004, 0.2, numberNames.putAll()
6, 5022, 10, -0.4000000000000001, 0.8, -0.30000000000000004, 0.4, numberNames.putAll()
6, 5023, 10, -0.4000000000000001, 0.8, -0.30000000000000004, 0.6000000000000001, numberNames.putAll()
6, 5024, 10, -0.4000000000000001, 0.8, -0.30000000000000004, 0.8, numberNames.putAll()
6, 5025, 10, -0.4000000000000001, 0.8, -0.20000000000000004, 0.0, numberNames.putAll()
6, 5026, 10, -0.4000000000000001, 0.8, -0.20000000000000004, 0.2, numberNames.putAll()
6, 5027, 10, -0.4000000000000001, 0.8, -0.20000000000000004, 0.4, numberNames.putAll()
6, 5028, 13, -0.4000000000000001, 0.8, -0.20000000000000004, 0.6000000000000001, numberNames.size()
6, 5029, 13, -0.4000000000000001, 0.8, -0.20000000000000004, 0.8, numberNames.putAll(numberNames)
6, 5030, 10, -0.4000000000000001, 0.8, -0.10000000000000003, 0.0, numberNames.putAll()
6, 5031, 10, -0.4000000000000001, 0.8, -0.10000000000000003, 0.2, numberNames.putAll()
6, 5032, 10, -0.4000000000000001, 0.8, -0.10000000000000003, 0.4, numberNames.putAll()
6, 5033, 10, -0.4000000000000001, 0.8, -0.10000000000000003, 0.6000000000000001, numberNames.putAll()
6, 5034, 13, -0.4000000000000001, 0.8, -0.10000000000000003, 0.8, numberNames.size()
6, 5035, 10, -0.4000000000000001, 0.8, -2.7755575615628914E-17, 0.0, numberNames.putAll()
6, 5036, 10, -0.4000000000000001, 0.8, -2.7755575615628914E-17, 0.2, numberNames.putAll()
6, 5037, 10, -0.4000000000000001, 0.8, -2.7755575615628914E-17, 0.4, numberNames.putAll()
6, 5038, 10, -0.4000000000000001, 0.8, -2.7755575615628914E-17, 0.6000000000000001, numberNames.putAll()
6, 5039, 13, -0.4000000000000001, 0.8, -2.7755575615628914E-17, 0.8, numberNames.size()
6, 5040, 10, -0.4000000000000001, 1.2000000000000002, -0.5, 0.0, numberNames.putAll()
6, 5041, 10, -0.4000000000000001, 1.2000000000000002, -0.5, 0.2, numberNames.putAll()
6, 5042, 10, -0.4000000000000001, 1.2000000000000002, -0.5, 0.4, numberNames.putAll()
6, 5043, 13, -0.4000000000000001, 1.2000000000000002, -0.5, 0.6000000000000001, numberNames.size()
6, 5044, 10, -0.4000000000000001, 1.2000000000000002, -0.5, 0.8, numberNames.putAll()
6, 5045, 13, -0.4000000000000001, 1.2000000000000002, -0.4, 0.0, numberNames.putAll(numberNames)
6, 5046, 14, -0.4000000000000001, 1.2000000000000002, -0.4, 0.2, numberNames.size().doubleValue()
6, 5047, 14, -0.4000000000000001, 1.2000000000000002, -0.4, 0.4, numberNames.size().doubleValue()
6, 5048, 13, -0.4000000000000001, 1.2000000000000002, -0.4, 0.6000000000000001, numberNames.putAll(numberNames)
6, 5049, 15, -0.4000000000000001, 1.2000000000000002, -0.4, 0.8, numberNames.put(key, key).containsKey()
6, 5050, 10, -0.4000000000000001, 1.2000000000000002, -0.30000000000000004, 0.0, numberNames.putAll()
6, 5051, 10, -0.4000000000000001, 1.2000000000000002, -0.30000000000000004, 0.2, numberNames.putAll()
6, 5052, 10, -0.4000000000000001, 1.2000000000000002, -0.30000000000000004, 0.4, numberNames.putAll()
6, 5053, 10, -0.4000000000000001, 1.2000000000000002, -0.30000000000000004, 0.6000000000000001, numberNames.putAll()
6, 5054, 13, -0.4000000000000001, 1.2000000000000002, -0.30000000000000004, 0.8, numberNames.putAll(numberNames)
6, 5055, 10, -0.4000000000000001, 1.2000000000000002, -0.20000000000000004, 0.0, numberNames.putAll()
6, 5056, 12, -0.4000000000000001, 1.2000000000000002, -0.20000000000000004, 0.2, numberNames.putAllForCreate()
6, 5057, 13, -0.4000000000000001, 1.2000000000000002, -0.20000000000000004, 0.4, numberNames.putAll().notify()
6, 5058, 13, -0.4000000000000001, 1.2000000000000002, -0.20000000000000004, 0.6000000000000001, numberNames.size()
6, 5059, 21, -0.4000000000000001, 1.2000000000000002, -0.20000000000000004, 0.8, Enum.valueOf().name()
6, 5060, 13, -0.4000000000000001, 1.2000000000000002, -0.10000000000000003, 0.0, numberNames.putAll(numberNames)
6, 5061, 13, -0.4000000000000001, 1.2000000000000002, -0.10000000000000003, 0.2, numberNames.putAll().notify()
6, 5062, 10, -0.4000000000000001, 1.2000000000000002, -0.10000000000000003, 0.4, numberNames.putAll()
6, 5063, 10, -0.4000000000000001, 1.2000000000000002, -0.10000000000000003, 0.6000000000000001, numberNames.putAll()
6, 5064, 13, -0.4000000000000001, 1.2000000000000002, -0.10000000000000003, 0.8, numberNames.putAll(numberNames)
6, 5065, 10, -0.4000000000000001, 1.2000000000000002, -2.7755575615628914E-17, 0.0, numberNames.putAll()
6, 5066, 10, -0.4000000000000001, 1.2000000000000002, -2.7755575615628914E-17, 0.2, numberNames.putAll()
6, 5067, 10, -0.4000000000000001, 1.2000000000000002, -2.7755575615628914E-17, 0.4, numberNames.putAll()
6, 5068, 10, -0.4000000000000001, 1.2000000000000002, -2.7755575615628914E-17, 0.6000000000000001, numberNames.putAll()
6, 5069, 22, -0.4000000000000001, 1.2000000000000002, -2.7755575615628914E-17, 0.8, String.valueOf()
6, 5070, 10, -0.4000000000000001, 1.6, -0.5, 0.0, numberNames.putAll()
6, 5071, 10, -0.4000000000000001, 1.6, -0.5, 0.2, numberNames.putAll()
6, 5072, 10, -0.4000000000000001, 1.6, -0.5, 0.4, numberNames.putAll()
6, 5073, 10, -0.4000000000000001, 1.6, -0.5, 0.6000000000000001, numberNames.putAll()
6, 5074, 10, -0.4000000000000001, 1.6, -0.5, 0.8, numberNames.putAll()
6, 5075, 10, -0.4000000000000001, 1.6, -0.4, 0.0, numberNames.putAll()
6, 5076, 10, -0.4000000000000001, 1.6, -0.4, 0.2, numberNames.putAll()
6, 5077, 10, -0.4000000000000001, 1.6, -0.4, 0.4, numberNames.putAll()
6, 5078, 10, -0.4000000000000001, 1.6, -0.4, 0.6000000000000001, numberNames.putAll()
6, 5079, 10, -0.4000000000000001, 1.6, -0.4, 0.8, numberNames.putAll()
6, 5080, 10, -0.4000000000000001, 1.6, -0.30000000000000004, 0.0, numberNames.putAll()
6, 5081, 10, -0.4000000000000001, 1.6, -0.30000000000000004, 0.2, numberNames.putAll()
6, 5082, 10, -0.4000000000000001, 1.6, -0.30000000000000004, 0.4, numberNames.putAll()
6, 5083, 10, -0.4000000000000001, 1.6, -0.30000000000000004, 0.6000000000000001, numberNames.putAll()
6, 5084, 10, -0.4000000000000001, 1.6, -0.30000000000000004, 0.8, numberNames.putAll()
6, 5085, 10, -0.4000000000000001, 1.6, -0.20000000000000004, 0.0, numberNames.putAll()
6, 5086, 10, -0.4000000000000001, 1.6, -0.20000000000000004, 0.2, numberNames.putAll()
6, 5087, 10, -0.4000000000000001, 1.6, -0.20000000000000004, 0.4, numberNames.putAll()
6, 5088, 10, -0.4000000000000001, 1.6, -0.20000000000000004, 0.6000000000000001, numberNames.putAll()
6, 5089, 10, -0.4000000000000001, 1.6, -0.20000000000000004, 0.8, numberNames.putAll()
6, 5090, 10, -0.4000000000000001, 1.6, -0.10000000000000003, 0.0, numberNames.putAll()
6, 5091, 10, -0.4000000000000001, 1.6, -0.10000000000000003, 0.2, numberNames.putAll()
6, 5092, 10, -0.4000000000000001, 1.6, -0.10000000000000003, 0.4, numberNames.putAll()
6, 5093, 10, -0.4000000000000001, 1.6, -0.10000000000000003, 0.6000000000000001, numberNames.putAll()
6, 5094, 10, -0.4000000000000001, 1.6, -0.10000000000000003, 0.8, numberNames.putAll()
6, 5095, 10, -0.4000000000000001, 1.6, -2.7755575615628914E-17, 0.0, numberNames.putAll()
6, 5096, 10, -0.4000000000000001, 1.6, -2.7755575615628914E-17, 0.2, numberNames.putAll()
6, 5097, 10, -0.4000000000000001, 1.6, -2.7755575615628914E-17, 0.4, numberNames.putAll()
6, 5098, 10, -0.4000000000000001, 1.6, -2.7755575615628914E-17, 0.6000000000000001, numberNames.putAll()
6, 5099, 13, -0.4000000000000001, 1.6, -2.7755575615628914E-17, 0.8, numberNames.putAll(numberNames)
6, 5100, 5, -0.20000000000000007, 0.0, -0.5, 0.0, numberNames.put(key, key)
6, 5101, 5, -0.20000000000000007, 0.0, -0.5, 0.2, numberNames.put(key, key)
6, 5102, 15, -0.20000000000000007, 0.0, -0.5, 0.4, value.put(value)
6, 5103, 12, -0.20000000000000007, 0.0, -0.5, 0.6000000000000001, numberNames.putAllForCreate()
6, 5104, 21, -0.20000000000000007, 0.0, -0.5, 0.8, Math.scalb(key).intValue()
6, 5105, 5, -0.20000000000000007, 0.0, -0.4, 0.0, numberNames.put(key, key)
6, 5106, 5, -0.20000000000000007, 0.0, -0.4, 0.2, numberNames.put(key, key)
6, 5107, 15, -0.20000000000000007, 0.0, -0.4, 0.4, value.put(value)
6, 5108, 12, -0.20000000000000007, 0.0, -0.4, 0.6000000000000001, numberNames.putAllForCreate()
6, 5109, 13, -0.20000000000000007, 0.0, -0.4, 0.8, numberNames.size()
6, 5110, 5, -0.20000000000000007, 0.0, -0.30000000000000004, 0.0, numberNames.put(key, key)
6, 5111, 5, -0.20000000000000007, 0.0, -0.30000000000000004, 0.2, numberNames.put(key, key)
6, 5112, 15, -0.20000000000000007, 0.0, -0.30000000000000004, 0.4, value.put(value)
6, 5113, 12, -0.20000000000000007, 0.0, -0.30000000000000004, 0.6000000000000001, numberNames.putAllForCreate()
6, 5114, 12, -0.20000000000000007, 0.0, -0.30000000000000004, 0.8, numberNames.putAllForCreate()
6, 5115, 18, -0.20000000000000007, 0.0, -0.20000000000000004, 0.0, new LinkageError(value)
6, 5116, 5, -0.20000000000000007, 0.0, -0.20000000000000004, 0.2, numberNames.put(key, key)
6, 5117, 15, -0.20000000000000007, 0.0, -0.20000000000000004, 0.4, value.put(value)
6, 5118, 13, -0.20000000000000007, 0.0, -0.20000000000000004, 0.6000000000000001, numberNames.size()
6, 5119, 13, -0.20000000000000007, 0.0, -0.20000000000000004, 0.8, numberNames.size()
6, 5120, 18, -0.20000000000000007, 0.0, -0.10000000000000003, 0.0, new LinkageError(value)
6, 5121, 5, -0.20000000000000007, 0.0, -0.10000000000000003, 0.2, numberNames.put(key, key)
6, 5122, 12, -0.20000000000000007, 0.0, -0.10000000000000003, 0.4, numberNames.putAllForCreate()
6, 5123, 12, -0.20000000000000007, 0.0, -0.10000000000000003, 0.6000000000000001, numberNames.putAllForCreate()
6, 5124, 12, -0.20000000000000007, 0.0, -0.10000000000000003, 0.8, numberNames.putAllForCreate()
6, 5125, 17, -0.20000000000000007, 0.0, -2.7755575615628914E-17, 0.0, Integer.signum(key, key)
6, 5126, 18, -0.20000000000000007, 0.0, -2.7755575615628914E-17, 0.2, new LinkageError(value)
6, 5127, 12, -0.20000000000000007, 0.0, -2.7755575615628914E-17, 0.4, numberNames.putAllForCreate()
6, 5128, 12, -0.20000000000000007, 0.0, -2.7755575615628914E-17, 0.6000000000000001, numberNames.putAllForCreate()
6, 5129, 12, -0.20000000000000007, 0.0, -2.7755575615628914E-17, 0.8, numberNames.putAllForCreate()
6, 5130, 10, -0.20000000000000007, 0.4, -0.5, 0.0, numberNames.putAll()
6, 5131, 10, -0.20000000000000007, 0.4, -0.5, 0.2, numberNames.putAll()
6, 5132, 10, -0.20000000000000007, 0.4, -0.5, 0.4, numberNames.putAll()
6, 5133, 10, -0.20000000000000007, 0.4, -0.5, 0.6000000000000001, numberNames.putAll()
6, 5134, 10, -0.20000000000000007, 0.4, -0.5, 0.8, numberNames.putAll()
6, 5135, 10, -0.20000000000000007, 0.4, -0.4, 0.0, numberNames.putAll()
6, 5136, 10, -0.20000000000000007, 0.4, -0.4, 0.2, numberNames.putAll()
6, 5137, 10, -0.20000000000000007, 0.4, -0.4, 0.4, numberNames.putAll()
6, 5138, 13, -0.20000000000000007, 0.4, -0.4, 0.6000000000000001, numberNames.putAll(numberNames)
6, 5139, 10, -0.20000000000000007, 0.4, -0.4, 0.8, numberNames.putAll()
6, 5140, 10, -0.20000000000000007, 0.4, -0.30000000000000004, 0.0, numberNames.putAll()
6, 5141, 10, -0.20000000000000007, 0.4, -0.30000000000000004, 0.2, numberNames.putAll()
6, 5142, 10, -0.20000000000000007, 0.4, -0.30000000000000004, 0.4, numberNames.putAll()
6, 5143, 10, -0.20000000000000007, 0.4, -0.30000000000000004, 0.6000000000000001, numberNames.putAll()
6, 5144, 10, -0.20000000000000007, 0.4, -0.30000000000000004, 0.8, numberNames.putAll()
6, 5145, 10, -0.20000000000000007, 0.4, -0.20000000000000004, 0.0, numberNames.putAll()
6, 5146, 10, -0.20000000000000007, 0.4, -0.20000000000000004, 0.2, numberNames.putAll()
6, 5147, 10, -0.20000000000000007, 0.4, -0.20000000000000004, 0.4, numberNames.putAll()
6, 5148, 10, -0.20000000000000007, 0.4, -0.20000000000000004, 0.6000000000000001, numberNames.putAll()
6, 5149, 13, -0.20000000000000007, 0.4, -0.20000000000000004, 0.8, numberNames.size()
6, 5150, 10, -0.20000000000000007, 0.4, -0.10000000000000003, 0.0, numberNames.putAll()
6, 5151, 10, -0.20000000000000007, 0.4, -0.10000000000000003, 0.2, numberNames.putAll()
6, 5152, 10, -0.20000000000000007, 0.4, -0.10000000000000003, 0.4, numberNames.putAll()
6, 5153, 10, -0.20000000000000007, 0.4, -0.10000000000000003, 0.6000000000000001, numberNames.putAll()
6, 5154, 10, -0.20000000000000007, 0.4, -0.10000000000000003, 0.8, numberNames.putAll()
6, 5155, 10, -0.20000000000000007, 0.4, -2.7755575615628914E-17, 0.0, numberNames.putAll()
6, 5156, 10, -0.20000000000000007, 0.4, -2.7755575615628914E-17, 0.2, numberNames.putAll()
6, 5157, 10, -0.20000000000000007, 0.4, -2.7755575615628914E-17, 0.4, numberNames.putAll()
6, 5158, 10, -0.20000000000000007, 0.4, -2.7755575615628914E-17, 0.6000000000000001, numberNames.putAll()
6, 5159, 10, -0.20000000000000007, 0.4, -2.7755575615628914E-17, 0.8, numberNames.putAll()
6, 5160, 10, -0.20000000000000007, 0.8, -0.5, 0.0, numberNames.putAll()
6, 5161, 10, -0.20000000000000007, 0.8, -0.5, 0.2, numberNames.putAll()
6, 5162, 12, -0.20000000000000007, 0.8, -0.5, 0.4, numberNames.putAllForCreate()
6, 5163, 13, -0.20000000000000007, 0.8, -0.5, 0.6000000000000001, numberNames.putAll(numberNames)
6, 5164, 12, -0.20000000000000007, 0.8, -0.5, 0.8, numberNames.putAllForCreate()
6, 5165, 10, -0.20000000000000007, 0.8, -0.4, 0.0, numberNames.putAll()
6, 5166, 10, -0.20000000000000007, 0.8, -0.4, 0.2, numberNames.putAll()
6, 5167, 10, -0.20000000000000007, 0.8, -0.4, 0.4, numberNames.putAll()
6, 5168, 13, -0.20000000000000007, 0.8, -0.4, 0.6000000000000001, numberNames.putAll(numberNames)
6, 5169, 13, -0.20000000000000007, 0.8, -0.4, 0.8, numberNames.putAll(numberNames)
6, 5170, 10, -0.20000000000000007, 0.8, -0.30000000000000004, 0.0, numberNames.putAll()
6, 5171, 13, -0.20000000000000007, 0.8, -0.30000000000000004, 0.2, numberNames.putAll(numberNames)
6, 5172, 10, -0.20000000000000007, 0.8, -0.30000000000000004, 0.4, numberNames.putAll()
6, 5173, 13, -0.20000000000000007, 0.8, -0.30000000000000004, 0.6000000000000001, numberNames.size()
6, 5174, 12, -0.20000000000000007, 0.8, -0.30000000000000004, 0.8, numberNames.putAllForCreate()
6, 5175, 10, -0.20000000000000007, 0.8, -0.20000000000000004, 0.0, numberNames.putAll()
6, 5176, 10, -0.20000000000000007, 0.8, -0.20000000000000004, 0.2, numberNames.putAll()
6, 5177, 10, -0.20000000000000007, 0.8, -0.20000000000000004, 0.4, numberNames.putAll()
6, 5178, 13, -0.20000000000000007, 0.8, -0.20000000000000004, 0.6000000000000001, numberNames.putAll(numberNames)
6, 5179, 12, -0.20000000000000007, 0.8, -0.20000000000000004, 0.8, numberNames.putAllForCreate()
6, 5180, 10, -0.20000000000000007, 0.8, -0.10000000000000003, 0.0, numberNames.putAll()
6, 5181, 10, -0.20000000000000007, 0.8, -0.10000000000000003, 0.2, numberNames.putAll()
6, 5182, 10, -0.20000000000000007, 0.8, -0.10000000000000003, 0.4, numberNames.putAll()
6, 5183, 13, -0.20000000000000007, 0.8, -0.10000000000000003, 0.6000000000000001, numberNames.isEmpty()
6, 5184, 10, -0.20000000000000007, 0.8, -0.10000000000000003, 0.8, numberNames.putAll()
6, 5185, 10, -0.20000000000000007, 0.8, -2.7755575615628914E-17, 0.0, numberNames.putAll()
6, 5186, 10, -0.20000000000000007, 0.8, -2.7755575615628914E-17, 0.2, numberNames.putAll()
6, 5187, 13, -0.20000000000000007, 0.8, -2.7755575615628914E-17, 0.4, numberNames.putAll(numberNames)
6, 5188, 13, -0.20000000000000007, 0.8, -2.7755575615628914E-17, 0.6000000000000001, numberNames.putAll(numberNames)
6, 5189, 13, -0.20000000000000007, 0.8, -2.7755575615628914E-17, 0.8, numberNames.putAll(numberNames)
6, 5190, 10, -0.20000000000000007, 1.2000000000000002, -0.5, 0.0, numberNames.putAll()
6, 5191, 10, -0.20000000000000007, 1.2000000000000002, -0.5, 0.2, numberNames.putAll()
6, 5192, 10, -0.20000000000000007, 1.2000000000000002, -0.5, 0.4, numberNames.putAll()
6, 5193, 10, -0.20000000000000007, 1.2000000000000002, -0.5, 0.6000000000000001, numberNames.putAll()
6, 5194, 10, -0.20000000000000007, 1.2000000000000002, -0.5, 0.8, numberNames.putAll()
6, 5195, 13, -0.20000000000000007, 1.2000000000000002, -0.4, 0.0, numberNames.putAll(numberNames)
6, 5196, 10, -0.20000000000000007, 1.2000000000000002, -0.4, 0.2, numberNames.putAll()
6, 5197, 13, -0.20000000000000007, 1.2000000000000002, -0.4, 0.4, numberNames.putAll(numberNames)
6, 5198, 13, -0.20000000000000007, 1.2000000000000002, -0.4, 0.6000000000000001, numberNames.isEmpty()
6, 5199, 10, -0.20000000000000007, 1.2000000000000002, -0.4, 0.8, numberNames.putAll()
6, 5200, 10, -0.20000000000000007, 1.2000000000000002, -0.30000000000000004, 0.0, numberNames.putAll()
6, 5201, 10, -0.20000000000000007, 1.2000000000000002, -0.30000000000000004, 0.2, numberNames.putAll()
6, 5202, 10, -0.20000000000000007, 1.2000000000000002, -0.30000000000000004, 0.4, numberNames.putAll()
6, 5203, 10, -0.20000000000000007, 1.2000000000000002, -0.30000000000000004, 0.6000000000000001, numberNames.putAll()
6, 5204, 13, -0.20000000000000007, 1.2000000000000002, -0.30000000000000004, 0.8, numberNames.putAll(numberNames)
6, 5205, 13, -0.20000000000000007, 1.2000000000000002, -0.20000000000000004, 0.0, numberNames.putAll().notify()
6, 5206, 12, -0.20000000000000007, 1.2000000000000002, -0.20000000000000004, 0.2, numberNames.putAllForCreate()
6, 5207, 10, -0.20000000000000007, 1.2000000000000002, -0.20000000000000004, 0.4, numberNames.putAll()
6, 5208, 22, -0.20000000000000007, 1.2000000000000002, -0.20000000000000004, 0.6000000000000001, new Thread(value).run()
6, 5209, 15, -0.20000000000000007, 1.2000000000000002, -0.20000000000000004, 0.8, numberNames.put(key, key).containsKey()
6, 5210, 10, -0.20000000000000007, 1.2000000000000002, -0.10000000000000003, 0.0, numberNames.putAll()
6, 5211, 10, -0.20000000000000007, 1.2000000000000002, -0.10000000000000003, 0.2, numberNames.putAll()
6, 5212, 10, -0.20000000000000007, 1.2000000000000002, -0.10000000000000003, 0.4, numberNames.putAll()
6, 5213, 13, -0.20000000000000007, 1.2000000000000002, -0.10000000000000003, 0.6000000000000001, numberNames.putAll(numberNames)
6, 5214, 19, -0.20000000000000007, 1.2000000000000002, -0.10000000000000003, 0.8, numberNames.putAll(numberNames).wait()
6, 5215, 10, -0.20000000000000007, 1.2000000000000002, -2.7755575615628914E-17, 0.0, numberNames.putAll()
6, 5216, 10, -0.20000000000000007, 1.2000000000000002, -2.7755575615628914E-17, 0.2, numberNames.putAll()
6, 5217, 10, -0.20000000000000007, 1.2000000000000002, -2.7755575615628914E-17, 0.4, numberNames.putAll()
6, 5218, 10, -0.20000000000000007, 1.2000000000000002, -2.7755575615628914E-17, 0.6000000000000001, numberNames.putAll()
6, 5219, 13, -0.20000000000000007, 1.2000000000000002, -2.7755575615628914E-17, 0.8, numberNames.putAll(numberNames)
6, 5220, 10, -0.20000000000000007, 1.6, -0.5, 0.0, numberNames.putAll()
6, 5221, 10, -0.20000000000000007, 1.6, -0.5, 0.2, numberNames.putAll()
6, 5222, 10, -0.20000000000000007, 1.6, -0.5, 0.4, numberNames.putAll()
6, 5223, 13, -0.20000000000000007, 1.6, -0.5, 0.6000000000000001, numberNames.size()
6, 5224, 13, -0.20000000000000007, 1.6, -0.5, 0.8, numberNames.putAll(numberNames)
6, 5225, 10, -0.20000000000000007, 1.6, -0.4, 0.0, numberNames.putAll()
6, 5226, 10, -0.20000000000000007, 1.6, -0.4, 0.2, numberNames.putAll()
6, 5227, 13, -0.20000000000000007, 1.6, -0.4, 0.4, numberNames.putAll(numberNames)
6, 5228, 21, -0.20000000000000007, 1.6, -0.4, 0.6000000000000001, Enum.valueOf().name()
6, 5229, 10, -0.20000000000000007, 1.6, -0.4, 0.8, numberNames.putAll()
6, 5230, 10, -0.20000000000000007, 1.6, -0.30000000000000004, 0.0, numberNames.putAll()
6, 5231, 10, -0.20000000000000007, 1.6, -0.30000000000000004, 0.2, numberNames.putAll()
6, 5232, 10, -0.20000000000000007, 1.6, -0.30000000000000004, 0.4, numberNames.putAll()
6, 5233, 10, -0.20000000000000007, 1.6, -0.30000000000000004, 0.6000000000000001, numberNames.putAll()
6, 5234, 10, -0.20000000000000007, 1.6, -0.30000000000000004, 0.8, numberNames.putAll()
6, 5235, 10, -0.20000000000000007, 1.6, -0.20000000000000004, 0.0, numberNames.putAll()
6, 5236, 10, -0.20000000000000007, 1.6, -0.20000000000000004, 0.2, numberNames.putAll()
6, 5237, 10, -0.20000000000000007, 1.6, -0.20000000000000004, 0.4, numberNames.putAll()
6, 5238, 13, -0.20000000000000007, 1.6, -0.20000000000000004, 0.6000000000000001, numberNames.putAll(numberNames)
6, 5239, 12, -0.20000000000000007, 1.6, -0.20000000000000004, 0.8, numberNames.putAllForCreate()
6, 5240, 10, -0.20000000000000007, 1.6, -0.10000000000000003, 0.0, numberNames.putAll()
6, 5241, 10, -0.20000000000000007, 1.6, -0.10000000000000003, 0.2, numberNames.putAll()
6, 5242, 10, -0.20000000000000007, 1.6, -0.10000000000000003, 0.4, numberNames.putAll()
6, 5243, 12, -0.20000000000000007, 1.6, -0.10000000000000003, 0.6000000000000001, numberNames.putAllForCreate()
6, 5244, 10, -0.20000000000000007, 1.6, -0.10000000000000003, 0.8, numberNames.putAll()
6, 5245, 10, -0.20000000000000007, 1.6, -2.7755575615628914E-17, 0.0, numberNames.putAll()
6, 5246, 10, -0.20000000000000007, 1.6, -2.7755575615628914E-17, 0.2, numberNames.putAll()
6, 5247, 10, -0.20000000000000007, 1.6, -2.7755575615628914E-17, 0.4, numberNames.putAll()
6, 5248, 22, -0.20000000000000007, 1.6, -2.7755575615628914E-17, 0.6000000000000001, String.valueOf()
6, 5249, 13, -0.20000000000000007, 1.6, -2.7755575615628914E-17, 0.8, numberNames.size()
6, 5250, 5, -5.551115123125783E-17, 0.0, -0.5, 0.0, numberNames.put(key, key)
6, 5251, 17, -5.551115123125783E-17, 0.0, -0.5, 0.2, Integer.signum(key, key)
6, 5252, 13, -5.551115123125783E-17, 0.0, -0.5, 0.4, numberNames.isEmpty()
6, 5253, 12, -5.551115123125783E-17, 0.0, -0.5, 0.6000000000000001, numberNames.putAllForCreate()
6, 5254, 12, -5.551115123125783E-17, 0.0, -0.5, 0.8, numberNames.putAllForCreate()
6, 5255, 5, -5.551115123125783E-17, 0.0, -0.4, 0.0, numberNames.put(key, key)
6, 5256, 17, -5.551115123125783E-17, 0.0, -0.4, 0.2, Integer.signum(key, key)
6, 5257, 13, -5.551115123125783E-17, 0.0, -0.4, 0.4, numberNames.putAll(numberNames)
6, 5258, 13, -5.551115123125783E-17, 0.0, -0.4, 0.6000000000000001, numberNames.putAll(numberNames)
6, 5259, 12, -5.551115123125783E-17, 0.0, -0.4, 0.8, numberNames.putAllForCreate()
6, 5260, 5, -5.551115123125783E-17, 0.0, -0.30000000000000004, 0.0, numberNames.put(key, key)
6, 5261, 12, -5.551115123125783E-17, 0.0, -0.30000000000000004, 0.2, numberNames.putAllForCreate()
6, 5262, 12, -5.551115123125783E-17, 0.0, -0.30000000000000004, 0.4, numberNames.putAllForCreate()
6, 5263, 12, -5.551115123125783E-17, 0.0, -0.30000000000000004, 0.6000000000000001, numberNames.putAllForCreate()
6, 5264, 12, -5.551115123125783E-17, 0.0, -0.30000000000000004, 0.8, numberNames.putAllForCreate()
6, 5265, 5, -5.551115123125783E-17, 0.0, -0.20000000000000004, 0.0, numberNames.put(key, key)
6, 5266, 13, -5.551115123125783E-17, 0.0, -0.20000000000000004, 0.2, numberNames.putAll(numberNames)
6, 5267, 12, -5.551115123125783E-17, 0.0, -0.20000000000000004, 0.4, numberNames.putAllForCreate()
6, 5268, 12, -5.551115123125783E-17, 0.0, -0.20000000000000004, 0.6000000000000001, numberNames.putAllForCreate()
6, 5269, 12, -5.551115123125783E-17, 0.0, -0.20000000000000004, 0.8, numberNames.putAllForCreate()
6, 5270, 5, -5.551115123125783E-17, 0.0, -0.10000000000000003, 0.0, numberNames.put(key, key)
6, 5271, 12, -5.551115123125783E-17, 0.0, -0.10000000000000003, 0.2, numberNames.putAllForCreate()
6, 5272, 12, -5.551115123125783E-17, 0.0, -0.10000000000000003, 0.4, numberNames.putAllForCreate()
6, 5273, 12, -5.551115123125783E-17, 0.0, -0.10000000000000003, 0