10, 8100, 17, -1.0, 0.0, -0.5, 0.0, System.load(name())
10, 8101, 17, -1.0, 0.0, -0.5, 0.2, System.load(name())
10, 8102, 17, -1.0, 0.0, -0.5, 0.4, System.load(name())
10, 8103, 17, -1.0, 0.0, -0.5, 0.6000000000000001, System.load(name())
10, 8104, 17, -1.0, 0.0, -0.5, 0.8, System.load(name())
10, 8105, 17, -1.0, 0.0, -0.4, 0.0, System.load(name())
10, 8106, 17, -1.0, 0.0, -0.4, 0.2, System.load(name())
10, 8107, 17, -1.0, 0.0, -0.4, 0.4, System.load(name())
10, 8108, 17, -1.0, 0.0, -0.4, 0.6000000000000001, System.load(name())
10, 8109, 17, -1.0, 0.0, -0.4, 0.8, System.load(name())
10, 8110, 17, -1.0, 0.0, -0.30000000000000004, 0.0, System.load(name())
10, 8111, 17, -1.0, 0.0, -0.30000000000000004, 0.2, System.load(name())
10, 8112, 17, -1.0, 0.0, -0.30000000000000004, 0.4, System.load(name())
10, 8113, 17, -1.0, 0.0, -0.30000000000000004, 0.6000000000000001, System.load(name())
10, 8114, 17, -1.0, 0.0, -0.30000000000000004, 0.8, System.load(name())
10, 8115, 17, -1.0, 0.0, -0.20000000000000004, 0.0, System.load(name())
10, 8116, 17, -1.0, 0.0, -0.20000000000000004, 0.2, System.load(name())
10, 8117, 17, -1.0, 0.0, -0.20000000000000004, 0.4, System.load(name())
10, 8118, 17, -1.0, 0.0, -0.20000000000000004, 0.6000000000000001, System.load(name())
10, 8119, 17, -1.0, 0.0, -0.20000000000000004, 0.8, System.load(name())
10, 8120, 17, -1.0, 0.0, -0.10000000000000003, 0.0, System.load(name())
10, 8121, 17, -1.0, 0.0, -0.10000000000000003, 0.2, System.load(name())
10, 8122, 17, -1.0, 0.0, -0.10000000000000003, 0.4, System.load(name())
10, 8123, 17, -1.0, 0.0, -0.10000000000000003, 0.6000000000000001, System.load(name())
10, 8124, 17, -1.0, 0.0, -0.10000000000000003, 0.8, System.load(name())
10, 8125, 21, -1.0, 0.0, -2.7755575615628914E-17, 0.0, Math.sin(Math.tan())
10, 8126, 21, -1.0, 0.0, -2.7755575615628914E-17, 0.2, Math.sin(Math.tan())
10, 8127, 21, -1.0, 0.0, -2.7755575615628914E-17, 0.4, Math.sin(Math.tan())
10, 8128, 21, -1.0, 0.0, -2.7755575615628914E-17, 0.6000000000000001, Math.sin(Math.tan())
10, 8129, 21, -1.0, 0.0, -2.7755575615628914E-17, 0.8, Math.sin(Math.tan())
10, 8130, 12, -1.0, 0.4, -0.5, 0.0, System.getProperty(getName())
10, 8131, 12, -1.0, 0.4, -0.5, 0.2, System.getProperty(getName())
10, 8132, 12, -1.0, 0.4, -0.5, 0.4, System.getProperty(getName())
10, 8133, 9, -1.0, 0.4, -0.5, 0.6000000000000001, System.getenv(f.getName())
10, 8134, 9, -1.0, 0.4, -0.5, 0.8, System.getenv(f.getName())
10, 8135, 12, -1.0, 0.4, -0.4, 0.0, System.getProperty(getName())
10, 8136, 12, -1.0, 0.4, -0.4, 0.2, System.getProperty(getName())
10, 8137, 12, -1.0, 0.4, -0.4, 0.4, System.getProperty(getName())
10, 8138, 9, -1.0, 0.4, -0.4, 0.6000000000000001, System.getenv(f.getName())
10, 8139, 9, -1.0, 0.4, -0.4, 0.8, System.getenv(f.getName())
10, 8140, 12, -1.0, 0.4, -0.30000000000000004, 0.0, System.getProperty(getName())
10, 8141, 12, -1.0, 0.4, -0.30000000000000004, 0.2, System.getProperty(getName())
10, 8142, 12, -1.0, 0.4, -0.30000000000000004, 0.4, System.getProperty(getName())
10, 8143, 9, -1.0, 0.4, -0.30000000000000004, 0.6000000000000001, System.getenv(f.getName())
10, 8144, 9, -1.0, 0.4, -0.30000000000000004, 0.8, System.getenv(f.getName())
10, 8145, 12, -1.0, 0.4, -0.20000000000000004, 0.0, System.getProperty(getName())
10, 8146, 12, -1.0, 0.4, -0.20000000000000004, 0.2, System.getProperty(getName())
10, 8147, 12, -1.0, 0.4, -0.20000000000000004, 0.4, System.getProperty(getName())
10, 8148, 9, -1.0, 0.4, -0.20000000000000004, 0.6000000000000001, System.getenv(f.getName())
10, 8149, 9, -1.0, 0.4, -0.20000000000000004, 0.8, System.getenv(f.getName())
10, 8150, 12, -1.0, 0.4, -0.10000000000000003, 0.0, System.getProperty(getName())
10, 8151, 12, -1.0, 0.4, -0.10000000000000003, 0.2, System.getProperty(getName())
10, 8152, 12, -1.0, 0.4, -0.10000000000000003, 0.4, System.getProperty(getName())
10, 8153, 9, -1.0, 0.4, -0.10000000000000003, 0.6000000000000001, System.getenv(f.getName())
10, 8154, 9, -1.0, 0.4, -0.10000000000000003, 0.8, System.getenv(f.getName())
10, 8155, 12, -1.0, 0.4, -2.7755575615628914E-17, 0.0, System.getProperty(getName())
10, 8156, 12, -1.0, 0.4, -2.7755575615628914E-17, 0.2, System.getProperty(getName())
10, 8157, 12, -1.0, 0.4, -2.7755575615628914E-17, 0.4, System.getProperty(getName())
10, 8158, 9, -1.0, 0.4, -2.7755575615628914E-17, 0.6000000000000001, System.getenv(f.getName())
10, 8159, 9, -1.0, 0.4, -2.7755575615628914E-17, 0.8, System.getenv(f.getName())
10, 8160, 12, -1.0, 0.8, -0.5, 0.0, System.getProperty(getName())
10, 8161, 9, -1.0, 0.8, -0.5, 0.2, System.getenv(f.getName())
10, 8162, 9, -1.0, 0.8, -0.5, 0.4, System.getenv(f.getName())
10, 8163, 9, -1.0, 0.8, -0.5, 0.6000000000000001, System.getenv(f.getName())
10, 8164, 9, -1.0, 0.8, -0.5, 0.8, System.getenv(f.getName())
10, 8165, 12, -1.0, 0.8, -0.4, 0.0, System.getProperty(getName())
10, 8166, 9, -1.0, 0.8, -0.4, 0.2, System.getenv(f.getName())
10, 8167, 9, -1.0, 0.8, -0.4, 0.4, System.getenv(f.getName())
10, 8168, 9, -1.0, 0.8, -0.4, 0.6000000000000001, System.getenv(f.getName())
10, 8169, 9, -1.0, 0.8, -0.4, 0.8, System.getenv(f.getName())
10, 8170, 12, -1.0, 0.8, -0.30000000000000004, 0.0, System.getProperty(getName())
10, 8171, 9, -1.0, 0.8, -0.30000000000000004, 0.2, System.getenv(f.getName())
10, 8172, 9, -1.0, 0.8, -0.30000000000000004, 0.4, System.getenv(f.getName())
10, 8173, 9, -1.0, 0.8, -0.30000000000000004, 0.6000000000000001, System.getenv(f.getName())
10, 8174, 9, -1.0, 0.8, -0.30000000000000004, 0.8, System.getenv(f.getName())
10, 8175, 12, -1.0, 0.8, -0.20000000000000004, 0.0, System.getProperty(getName())
10, 8176, 9, -1.0, 0.8, -0.20000000000000004, 0.2, System.getenv(f.getName())
10, 8177, 9, -1.0, 0.8, -0.20000000000000004, 0.4, System.getenv(f.getName())
10, 8178, 9, -1.0, 0.8, -0.20000000000000004, 0.6000000000000001, System.getenv(f.getName())
10, 8179, 9, -1.0, 0.8, -0.20000000000000004, 0.8, System.getenv(f.getName())
10, 8180, 12, -1.0, 0.8, -0.10000000000000003, 0.0, System.getProperty(getName())
10, 8181, 9, -1.0, 0.8, -0.10000000000000003, 0.2, System.getenv(f.getName())
10, 8182, 9, -1.0, 0.8, -0.10000000000000003, 0.4, System.getenv(f.getName())
10, 8183, 9, -1.0, 0.8, -0.10000000000000003, 0.6000000000000001, System.getenv(f.getName())
10, 8184, 9, -1.0, 0.8, -0.10000000000000003, 0.8, System.getenv(f.getName())
10, 8185, 12, -1.0, 0.8, -2.7755575615628914E-17, 0.0, System.getProperty(getName())
10, 8186, 9, -1.0, 0.8, -2.7755575615628914E-17, 0.2, System.getenv(f.getName())
10, 8187, 9, -1.0, 0.8, -2.7755575615628914E-17, 0.4, System.getenv(f.getName())
10, 8188, 9, -1.0, 0.8, -2.7755575615628914E-17, 0.6000000000000001, System.getenv(f.getName())
10, 8189, 9, -1.0, 0.8, -2.7755575615628914E-17, 0.8, System.getenv(f.getName())
10, 8190, 9, -1.0, 1.2000000000000002, -0.5, 0.0, System.getenv(f.getName())
10, 8191, 9, -1.0, 1.2000000000000002, -0.5, 0.2, System.getenv(f.getName())
10, 8192, 9, -1.0, 1.2000000000000002, -0.5, 0.4, System.getenv(f.getName())
10, 8193, 9, -1.0, 1.2000000000000002, -0.5, 0.6000000000000001, System.getenv(f.getName())
10, 8194, 9, -1.0, 1.2000000000000002, -0.5, 0.8, System.getenv(f.getName())
10, 8195, 9, -1.0, 1.2000000000000002, -0.4, 0.0, System.getenv(f.getName())
10, 8196, 9, -1.0, 1.2000000000000002, -0.4, 0.2, System.getenv(f.getName())
10, 8197, 9, -1.0, 1.2000000000000002, -0.4, 0.4, System.getenv(f.getName())
10, 8198, 9, -1.0, 1.2000000000000002, -0.4, 0.6000000000000001, System.getenv(f.getName())
10, 8199, 9, -1.0, 1.2000000000000002, -0.4, 0.8, System.getenv(f.getName())
10, 8200, 9, -1.0, 1.2000000000000002, -0.30000000000000004, 0.0, System.getenv(f.getName())
10, 8201, 9, -1.0, 1.2000000000000002, -0.30000000000000004, 0.2, System.getenv(f.getName())
10, 8202, 9, -1.0, 1.2000000000000002, -0.30000000000000004, 0.4, System.getenv(f.getName())
10, 8203, 9, -1.0, 1.2000000000000002, -0.30000000000000004, 0.6000000000000001, System.getenv(f.getName())
10, 8204, 9, -1.0, 1.2000000000000002, -0.30000000000000004, 0.8, System.getenv(f.getName())
10, 8205, 9, -1.0, 1.2000000000000002, -0.20000000000000004, 0.0, System.getenv(f.getName())
10, 8206, 9, -1.0, 1.2000000000000002, -0.20000000000000004, 0.2, System.getenv(f.getName())
10, 8207, 9, -1.0, 1.2000000000000002, -0.20000000000000004, 0.4, System.getenv(f.getName())
10, 8208, 9, -1.0, 1.2000000000000002, -0.20000000000000004, 0.6000000000000001, System.getenv(f.getName())
10, 8209, 9, -1.0, 1.2000000000000002, -0.20000000000000004, 0.8, System.getenv(f.getName())
10, 8210, 9, -1.0, 1.2000000000000002, -0.10000000000000003, 0.0, System.getenv(f.getName())
10, 8211, 9, -1.0, 1.2000000000000002, -0.10000000000000003, 0.2, System.getenv(f.getName())
10, 8212, 9, -1.0, 1.2000000000000002, -0.10000000000000003, 0.4, System.getenv(f.getName())
10, 8213, 9, -1.0, 1.2000000000000002, -0.10000000000000003, 0.6000000000000001, System.getenv(f.getName())
10, 8214, 9, -1.0, 1.2000000000000002, -0.10000000000000003, 0.8, System.getenv(f.getName())
10, 8215, 20, -1.0, 1.2000000000000002, -2.7755575615628914E-17, 0.0, System.setIn()
10, 8216, 9, -1.0, 1.2000000000000002, -2.7755575615628914E-17, 0.2, System.getenv(f.getName())
10, 8217, 9, -1.0, 1.2000000000000002, -2.7755575615628914E-17, 0.4, System.getenv(f.getName())
10, 8218, 9, -1.0, 1.2000000000000002, -2.7755575615628914E-17, 0.6000000000000001, System.getenv(f.getName())
10, 8219, 9, -1.0, 1.2000000000000002, -2.7755575615628914E-17, 0.8, System.getenv(f.getName())
10, 8220, 9, -1.0, 1.6, -0.5, 0.0, System.getenv(f.getName())
10, 8221, 9, -1.0, 1.6, -0.5, 0.2, System.getenv(f.getName())
10, 8222, 9, -1.0, 1.6, -0.5, 0.4, System.getenv(f.getName())
10, 8223, 9, -1.0, 1.6, -0.5, 0.6000000000000001, System.getenv(f.getName())
10, 8224, 9, -1.0, 1.6, -0.5, 0.8, System.getenv(f.getName())
10, 8225, 9, -1.0, 1.6, -0.4, 0.0, System.getenv(f.getName())
10, 8226, 9, -1.0, 1.6, -0.4, 0.2, System.getenv(f.getName())
10, 8227, 9, -1.0, 1.6, -0.4, 0.4, System.getenv(f.getName())
10, 8228, 9, -1.0, 1.6, -0.4, 0.6000000000000001, System.getenv(f.getName())
10, 8229, 9, -1.0, 1.6, -0.4, 0.8, System.getenv(f.getName())
10, 8230, 9, -1.0, 1.6, -0.30000000000000004, 0.0, System.getenv(f.getName())
10, 8231, 9, -1.0, 1.6, -0.30000000000000004, 0.2, System.getenv(f.getName())
10, 8232, 9, -1.0, 1.6, -0.30000000000000004, 0.4, System.getenv(f.getName())
10, 8233, 9, -1.0, 1.6, -0.30000000000000004, 0.6000000000000001, System.getenv(f.getName())
10, 8234, 9, -1.0, 1.6, -0.30000000000000004, 0.8, System.getenv(f.getName())
10, 8235, 9, -1.0, 1.6, -0.20000000000000004, 0.0, System.getenv(f.getName())
10, 8236, 9, -1.0, 1.6, -0.20000000000000004, 0.2, System.getenv(f.getName())
10, 8237, 9, -1.0, 1.6, -0.20000000000000004, 0.4, System.getenv(f.getName())
10, 8238, 9, -1.0, 1.6, -0.20000000000000004, 0.6000000000000001, System.getenv(f.getName())
10, 8239, 9, -1.0, 1.6, -0.20000000000000004, 0.8, System.getenv(f.getName())
10, 8240, 9, -1.0, 1.6, -0.10000000000000003, 0.0, System.getenv(f.getName())
10, 8241, 9, -1.0, 1.6, -0.10000000000000003, 0.2, System.getenv(f.getName())
10, 8242, 9, -1.0, 1.6, -0.10000000000000003, 0.4, System.getenv(f.getName())
10, 8243, 9, -1.0, 1.6, -0.10000000000000003, 0.6000000000000001, System.getenv(f.getName())
10, 8244, 9, -1.0, 1.6, -0.10000000000000003, 0.8, System.getenv(f.getName())
10, 8245, 20, -1.0, 1.6, -2.7755575615628914E-17, 0.0, System.setIn()
10, 8246, 9, -1.0, 1.6, -2.7755575615628914E-17, 0.2, System.getenv(f.getName())
10, 8247, 9, -1.0, 1.6, -2.7755575615628914E-17, 0.4, System.getenv(f.getName())
10, 8248, 9, -1.0, 1.6, -2.7755575615628914E-17, 0.6000000000000001, System.getenv(f.getName())
10, 8249, 9, -1.0, 1.6, -2.7755575615628914E-17, 0.8, System.getenv(f.getName())
10, 8250, 17, -0.8, 0.0, -0.5, 0.0, System.load(name())
10, 8251, 17, -0.8, 0.0, -0.5, 0.2, System.load(name())
10, 8252, 17, -0.8, 0.0, -0.5, 0.4, System.load(name())
10, 8253, 17, -0.8, 0.0, -0.5, 0.6000000000000001, System.load(name())
10, 8254, 17, -0.8, 0.0, -0.5, 0.8, System.load(name())
10, 8255, 17, -0.8, 0.0, -0.4, 0.0, System.load(name())
10, 8256, 17, -0.8, 0.0, -0.4, 0.2, System.load(name())
10, 8257, 17, -0.8, 0.0, -0.4, 0.4, System.load(name())
10, 8258, 17, -0.8, 0.0, -0.4, 0.6000000000000001, System.load(name())
10, 8259, 17, -0.8, 0.0, -0.4, 0.8, System.load(name())
10, 8260, 17, -0.8, 0.0, -0.30000000000000004, 0.0, System.load(name())
10, 8261, 17, -0.8, 0.0, -0.30000000000000004, 0.2, System.load(name())
10, 8262, 17, -0.8, 0.0, -0.30000000000000004, 0.4, System.load(name())
10, 8263, 17, -0.8, 0.0, -0.30000000000000004, 0.6000000000000001, System.load(name())
10, 8264, 17, -0.8, 0.0, -0.30000000000000004, 0.8, System.load(name())
10, 8265, 17, -0.8, 0.0, -0.20000000000000004, 0.0, System.load(name())
10, 8266, 17, -0.8, 0.0, -0.20000000000000004, 0.2, System.load(name())
10, 8267, 17, -0.8, 0.0, -0.20000000000000004, 0.4, System.load(name())
10, 8268, 17, -0.8, 0.0, -0.20000000000000004, 0.6000000000000001, System.load(name())
10, 8269, 17, -0.8, 0.0, -0.20000000000000004, 0.8, System.load(name())
10, 8270, 17, -0.8, 0.0, -0.10000000000000003, 0.0, System.load(name())
10, 8271, 17, -0.8, 0.0, -0.10000000000000003, 0.2, System.load(name())
10, 8272, 17, -0.8, 0.0, -0.10000000000000003, 0.4, System.load(name())
10, 8273, 17, -0.8, 0.0, -0.10000000000000003, 0.6000000000000001, System.load(name())
10, 8274, 17, -0.8, 0.0, -0.10000000000000003, 0.8, System.load(name())
10, 8275, 21, -0.8, 0.0, -2.7755575615628914E-17, 0.0, Math.sin(Math.tan())
10, 8276, 21, -0.8, 0.0, -2.7755575615628914E-17, 0.2, Math.sin(Math.tan())
10, 8277, 21, -0.8, 0.0, -2.7755575615628914E-17, 0.4, Math.sin(Math.tan())
10, 8278, 21, -0.8, 0.0, -2.7755575615628914E-17, 0.6000000000000001, Math.sin(Math.tan())
10, 8279, 21, -0.8, 0.0, -2.7755575615628914E-17, 0.8, Math.sin(Math.tan())
10, 8280, 12, -0.8, 0.4, -0.5, 0.0, System.getProperty(getName())
10, 8281, 12, -0.8, 0.4, -0.5, 0.2, System.getProperty(getName())
10, 8282, 9, -0.8, 0.4, -0.5, 0.4, System.getenv(f.getName())
10, 8283, 9, -0.8, 0.4, -0.5, 0.6000000000000001, System.getenv(f.getName())
10, 8284, 9, -0.8, 0.4, -0.5, 0.8, System.getenv(f.getName())
10, 8285, 12, -0.8, 0.4, -0.4, 0.0, System.getProperty(getName())
10, 8286, 12, -0.8, 0.4, -0.4, 0.2, System.getProperty(getName())
10, 8287, 9, -0.8, 0.4, -0.4, 0.4, System.getenv(f.getName())
10, 8288, 9, -0.8, 0.4, -0.4, 0.6000000000000001, System.getenv(f.getName())
10, 8289, 9, -0.8, 0.4, -0.4, 0.8, System.getenv(f.getName())
10, 8290, 12, -0.8, 0.4, -0.30000000000000004, 0.0, System.getProperty(getName())
10, 8291, 12, -0.8, 0.4, -0.30000000000000004, 0.2, System.getProperty(getName())
10, 8292, 9, -0.8, 0.4, -0.30000000000000004, 0.4, System.getenv(f.getName())
10, 8293, 9, -0.8, 0.4, -0.30000000000000004, 0.6000000000000001, System.getenv(f.getName())
10, 8294, 9, -0.8, 0.4, -0.30000000000000004, 0.8, System.getenv(f.getName())
10, 8295, 12, -0.8, 0.4, -0.20000000000000004, 0.0, System.getProperty(getName())
10, 8296, 12, -0.8, 0.4, -0.20000000000000004, 0.2, System.getProperty(getName())
10, 8297, 9, -0.8, 0.4, -0.20000000000000004, 0.4, System.getenv(f.getName())
10, 8298, 9, -0.8, 0.4, -0.20000000000000004, 0.6000000000000001, System.getenv(f.getName())
10, 8299, 9, -0.8, 0.4, -0.20000000000000004, 0.8, System.getenv(f.getName())
10, 8300, 12, -0.8, 0.4, -0.10000000000000003, 0.0, System.getProperty(getName())
10, 8301, 12, -0.8, 0.4, -0.10000000000000003, 0.2, System.getProperty(getName())
10, 8302, 9, -0.8, 0.4, -0.10000000000000003, 0.4, System.getenv(f.getName())
10, 8303, 9, -0.8, 0.4, -0.10000000000000003, 0.6000000000000001, System.getenv(f.getName())
10, 8304, 9, -0.8, 0.4, -0.10000000000000003, 0.8, System.getenv(f.getName())
10, 8305, 12, -0.8, 0.4, -2.7755575615628914E-17, 0.0, System.getProperty(getName())
10, 8306, 12, -0.8, 0.4, -2.7755575615628914E-17, 0.2, System.getProperty(getName())
10, 8307, 9, -0.8, 0.4, -2.7755575615628914E-17, 0.4, System.getenv(f.getName())
10, 8308, 9, -0.8, 0.4, -2.7755575615628914E-17, 0.6000000000000001, System.getenv(f.getName())
10, 8309, 9, -0.8, 0.4, -2.7755575615628914E-17, 0.8, System.getenv(f.getName())
10, 8310, 9, -0.8, 0.8, -0.5, 0.0, System.getenv(f.getName())
10, 8311, 9, -0.8, 0.8, -0.5, 0.2, System.getenv(f.getName())
10, 8312, 9, -0.8, 0.8, -0.5, 0.4, System.getenv(f.getName())
10, 8313, 9, -0.8, 0.8, -0.5, 0.6000000000000001, System.getenv(f.getName())
10, 8314, 9, -0.8, 0.8, -0.5, 0.8, System.getenv(f.getName())
10, 8315, 9, -0.8, 0.8, -0.4, 0.0, System.getenv(f.getName())
10, 8316, 9, -0.8, 0.8, -0.4, 0.2, System.getenv(f.getName())
10, 8317, 9, -0.8, 0.8, -0.4, 0.4, System.getenv(f.getName())
10, 8318, 9, -0.8, 0.8, -0.4, 0.6000000000000001, System.getenv(f.getName())
10, 8319, 9, -0.8, 0.8, -0.4, 0.8, System.getenv(f.getName())
10, 8320, 9, -0.8, 0.8, -0.30000000000000004, 0.0, System.getenv(f.getName())
10, 8321, 9, -0.8, 0.8, -0.30000000000000004, 0.2, System.getenv(f.getName())
10, 8322, 9, -0.8, 0.8, -0.30000000000000004, 0.4, System.getenv(f.getName())
10, 8323, 9, -0.8, 0.8, -0.30000000000000004, 0.6000000000000001, System.getenv(f.getName())
10, 8324, 9, -0.8, 0.8, -0.30000000000000004, 0.8, System.getenv(f.getName())
10, 8325, 9, -0.8, 0.8, -0.20000000000000004, 0.0, System.getenv(f.getName())
10, 8326, 9, -0.8, 0.8, -0.20000000000000004, 0.2, System.getenv(f.getName())
10, 8327, 9, -0.8, 0.8, -0.20000000000000004, 0.4, System.getenv(f.getName())
10, 8328, 9, -0.8, 0.8, -0.20000000000000004, 0.6000000000000001, System.getenv(f.getName())
10, 8329, 9, -0.8, 0.8, -0.20000000000000004, 0.8, System.getenv(f.getName())
10, 8330, 9, -0.8, 0.8, -0.10000000000000003, 0.0, System.getenv(f.getName())
10, 8331, 9, -0.8, 0.8, -0.10000000000000003, 0.2, System.getenv(f.getName())
10, 8332, 9, -0.8, 0.8, -0.10000000000000003, 0.4, System.getenv(f.getName())
10, 8333, 9, -0.8, 0.8, -0.10000000000000003, 0.6000000000000001, System.getenv(f.getName())
10, 8334, 9, -0.8, 0.8, -0.10000000000000003, 0.8, System.getenv(f.getName())
10, 8335, 12, -0.8, 0.8, -2.7755575615628914E-17, 0.0, System.getProperty(getName())
10, 8336, 9, -0.8, 0.8, -2.7755575615628914E-17, 0.2, System.getenv(f.getName())
10, 8337, 9, -0.8, 0.8, -2.7755575615628914E-17, 0.4, System.getenv(f.getName())
10, 8338, 9, -0.8, 0.8, -2.7755575615628914E-17, 0.6000000000000001, System.getenv(f.getName())
10, 8339, 9, -0.8, 0.8, -2.7755575615628914E-17, 0.8, System.getenv(f.getName())
10, 8340, 9, -0.8, 1.2000000000000002, -0.5, 0.0, System.getenv(f.getName())
10, 8341, 9, -0.8, 1.2000000000000002, -0.5, 0.2, System.getenv(f.getName())
10, 8342, 9, -0.8, 1.2000000000000002, -0.5, 0.4, System.getenv(f.getName())
10, 8343, 9, -0.8, 1.2000000000000002, -0.5, 0.6000000000000001, System.getenv(f.getName())
10, 8344, 9, -0.8, 1.2000000000000002, -0.5, 0.8, System.getenv(f.getName())
10, 8345, 9, -0.8, 1.2000000000000002, -0.4, 0.0, System.getenv(f.getName())
10, 8346, 9, -0.8, 1.2000000000000002, -0.4, 0.2, System.getenv(f.getName())
10, 8347, 9, -0.8, 1.2000000000000002, -0.4, 0.4, System.getenv(f.getName())
10, 8348, 9, -0.8, 1.2000000000000002, -0.4, 0.6000000000000001, System.getenv(f.getName())
10, 8349, 9, -0.8, 1.2000000000000002, -0.4, 0.8, System.getenv(f.getName())
10, 8350, 9, -0.8, 1.2000000000000002, -0.30000000000000004, 0.0, System.getenv(f.getName())
10, 8351, 9, -0.8, 1.2000000000000002, -0.30000000000000004, 0.2, System.getenv(f.getName())
10, 8352, 9, -0.8, 1.2000000000000002, -0.30000000000000004, 0.4, System.getenv(f.getName())
10, 8353, 9, -0.8, 1.2000000000000002, -0.30000000000000004, 0.6000000000000001, System.getenv(f.getName())
10, 8354, 9, -0.8, 1.2000000000000002, -0.30000000000000004, 0.8, System.getenv(f.getName())
10, 8355, 9, -0.8, 1.2000000000000002, -0.20000000000000004, 0.0, System.getenv(f.getName())
10, 8356, 9, -0.8, 1.2000000000000002, -0.20000000000000004, 0.2, System.getenv(f.getName())
10, 8357, 9, -0.8, 1.2000000000000002, -0.20000000000000004, 0.4, System.getenv(f.getName())
10, 8358, 9, -0.8, 1.2000000000000002, -0.20000000000000004, 0.6000000000000001, System.getenv(f.getName())
10, 8359, 9, -0.8, 1.2000000000000002, -0.20000000000000004, 0.8, System.getenv(f.getName())
10, 8360, 9, -0.8, 1.2000000000000002, -0.10000000000000003, 0.0, System.getenv(f.getName())
10, 8361, 9, -0.8, 1.2000000000000002, -0.10000000000000003, 0.2, System.getenv(f.getName())
10, 8362, 9, -0.8, 1.2000000000000002, -0.10000000000000003, 0.4, System.getenv(f.getName())
10, 8363, 9, -0.8, 1.2000000000000002, -0.10000000000000003, 0.6000000000000001, System.getenv(f.getName())
10, 8364, 9, -0.8, 1.2000000000000002, -0.10000000000000003, 0.8, System.getenv(f.getName())
10, 8365, 20, -0.8, 1.2000000000000002, -2.7755575615628914E-17, 0.0, System.setIn()
10, 8366, 9, -0.8, 1.2000000000000002, -2.7755575615628914E-17, 0.2, System.getenv(f.getName())
10, 8367, 9, -0.8, 1.2000000000000002, -2.7755575615628914E-17, 0.4, System.getenv(f.getName())
10, 8368, 9, -0.8, 1.2000000000000002, -2.7755575615628914E-17, 0.6000000000000001, System.getenv(f.getName())
10, 8369, 9, -0.8, 1.2000000000000002, -2.7755575615628914E-17, 0.8, System.getenv(f.getName())
10, 8370, 9, -0.8, 1.6, -0.5, 0.0, System.getenv(f.getName())
10, 8371, 9, -0.8, 1.6, -0.5, 0.2, System.getenv(f.getName())
10, 8372, 9, -0.8, 1.6, -0.5, 0.4, System.getenv(f.getName())
10, 8373, 9, -0.8, 1.6, -0.5, 0.6000000000000001, System.getenv(f.getName())
10, 8374, 9, -0.8, 1.6, -0.5, 0.8, System.getenv(f.getName())
10, 8375, 9, -0.8, 1.6, -0.4, 0.0, System.getenv(f.getName())
10, 8376, 9, -0.8, 1.6, -0.4, 0.2, System.getenv(f.getName())
10, 8377, 9, -0.8, 1.6, -0.4, 0.4, System.getenv(f.getName())
10, 8378, 9, -0.8, 1.6, -0.4, 0.6000000000000001, System.getenv(f.getName())
10, 8379, 9, -0.8, 1.6, -0.4, 0.8, System.getenv(f.getName())
10, 8380, 9, -0.8, 1.6, -0.30000000000000004, 0.0, System.getenv(f.getName())
10, 8381, 9, -0.8, 1.6, -0.30000000000000004, 0.2, System.getenv(f.getName())
10, 8382, 9, -0.8, 1.6, -0.30000000000000004, 0.4, System.getenv(f.getName())
10, 8383, 9, -0.8, 1.6, -0.30000000000000004, 0.6000000000000001, System.getenv(f.getName())
10, 8384, 9, -0.8, 1.6, -0.30000000000000004, 0.8, System.getenv(f.getName())
10, 8385, 9, -0.8, 1.6, -0.20000000000000004, 0.0, System.getenv(f.getName())
10, 8386, 9, -0.8, 1.6, -0.20000000000000004, 0.2, System.getenv(f.getName())
10, 8387, 9, -0.8, 1.6, -0.20000000000000004, 0.4, System.getenv(f.getName())
10, 8388, 9, -0.8, 1.6, -0.20000000000000004, 0.6000000000000001, System.getenv(f.getName())
10, 8389, 9, -0.8, 1.6, -0.20000000000000004, 0.8, System.getenv(f.getName())
10, 8390, 9, -0.8, 1.6, -0.10000000000000003, 0.0, System.getenv(f.getName())
10, 8391, 9, -0.8, 1.6, -0.10000000000000003, 0.2, System.getenv(f.getName())
10, 8392, 9, -0.8, 1.6, -0.10000000000000003, 0.4, System.getenv(f.getName())
10, 8393, 9, -0.8, 1.6, -0.10000000000000003, 0.6000000000000001, System.getenv(f.getName())
10, 8394, 9, -0.8, 1.6, -0.10000000000000003, 0.8, System.getenv(f.getName())
10, 8395, 20, -0.8, 1.6, -2.7755575615628914E-17, 0.0, System.setIn()
10, 8396, 9, -0.8, 1.6, -2.7755575615628914E-17, 0.2, System.getenv(f.getName())
10, 8397, 9, -0.8, 1.6, -2.7755575615628914E-17, 0.4, System.getenv(f.getName())
10, 8398, 9, -0.8, 1.6, -2.7755575615628914E-17, 0.6000000000000001, System.getenv(f.getName())
10, 8399, 9, -0.8, 1.6, -2.7755575615628914E-17, 0.8, System.getenv(f.getName())
10, 8400, 17, -0.6000000000000001, 0.0, -0.5, 0.0, System.load(name())
10, 8401, 17, -0.6000000000000001, 0.0, -0.5, 0.2, System.load(name())
10, 8402, 17, -0.6000000000000001, 0.0, -0.5, 0.4, System.load(name())
10, 8403, 17, -0.6000000000000001, 0.0, -0.5, 0.6000000000000001, System.load(name())
10, 8404, 9, -0.6000000000000001, 0.0, -0.5, 0.8, System.getenv(f.getName())
10, 8405, 17, -0.6000000000000001, 0.0, -0.4, 0.0, System.load(name())
10, 8406, 17, -0.6000000000000001, 0.0, -0.4, 0.2, System.load(name())
10, 8407, 17, -0.6000000000000001, 0.0, -0.4, 0.4, System.load(name())
10, 8408, 17, -0.6000000000000001, 0.0, -0.4, 0.6000000000000001, System.load(name())
10, 8409, 15, -0.6000000000000001, 0.0, -0.4, 0.8, getParent().getName()
10, 8410, 17, -0.6000000000000001, 0.0, -0.30000000000000004, 0.0, System.load(name())
10, 8411, 17, -0.6000000000000001, 0.0, -0.30000000000000004, 0.2, System.load(name())
10, 8412, 17, -0.6000000000000001, 0.0, -0.30000000000000004, 0.4, System.load(name())
10, 8413, 17, -0.6000000000000001, 0.0, -0.30000000000000004, 0.6000000000000001, System.load(name())
10, 8414, 9, -0.6000000000000001, 0.0, -0.30000000000000004, 0.8, System.getenv(f.getName())
10, 8415, 17, -0.6000000000000001, 0.0, -0.20000000000000004, 0.0, System.load(name())
10, 8416, 17, -0.6000000000000001, 0.0, -0.20000000000000004, 0.2, System.load(name())
10, 8417, 17, -0.6000000000000001, 0.0, -0.20000000000000004, 0.4, System.load(name())
10, 8418, 17, -0.6000000000000001, 0.0, -0.20000000000000004, 0.6000000000000001, System.load(name())
10, 8419, 9, -0.6000000000000001, 0.0, -0.20000000000000004, 0.8, System.getenv(f.getName())
10, 8420, 17, -0.6000000000000001, 0.0, -0.10000000000000003, 0.0, System.load(name())
10, 8421, 17, -0.6000000000000001, 0.0, -0.10000000000000003, 0.2, System.load(name())
10, 8422, 17, -0.6000000000000001, 0.0, -0.10000000000000003, 0.4, System.load(name())
10, 8423, 17, -0.6000000000000001, 0.0, -0.10000000000000003, 0.6000000000000001, System.load(name())
10, 8424, 9, -0.6000000000000001, 0.0, -0.10000000000000003, 0.8, System.getenv(f.getName())
10, 8425, 21, -0.6000000000000001, 0.0, -2.7755575615628914E-17, 0.0, Math.sin(Math.tan())
10, 8426, 21, -0.6000000000000001, 0.0, -2.7755575615628914E-17, 0.2, Math.sin(Math.tan())
10, 8427, 21, -0.6000000000000001, 0.0, -2.7755575615628914E-17, 0.4, Math.sin(Math.tan())
10, 8428, 21, -0.6000000000000001, 0.0, -2.7755575615628914E-17, 0.6000000000000001, Math.sin(Math.tan())
10, 8429, 18, -0.6000000000000001, 0.0, -2.7755575615628914E-17, 0.8, String.format(f.getParent())
10, 8430, 12, -0.6000000000000001, 0.4, -0.5, 0.0, System.getProperty(getName())
10, 8431, 9, -0.6000000000000001, 0.4, -0.5, 0.2, System.getenv(f.getName())
10, 8432, 9, -0.6000000000000001, 0.4, -0.5, 0.4, System.getenv(f.getName())
10, 8433, 9, -0.6000000000000001, 0.4, -0.5, 0.6000000000000001, System.getenv(f.getName())
10, 8434, 9, -0.6000000000000001, 0.4, -0.5, 0.8, System.getenv(f.getName())
10, 8435, 12, -0.6000000000000001, 0.4, -0.4, 0.0, System.getProperty(getName())
10, 8436, 9, -0.6000000000000001, 0.4, -0.4, 0.2, System.getenv(f.getName())
10, 8437, 9, -0.6000000000000001, 0.4, -0.4, 0.4, System.getenv(f.getName())
10, 8438, 9, -0.6000000000000001, 0.4, -0.4, 0.6000000000000001, System.getenv(f.getName())
10, 8439, 9, -0.6000000000000001, 0.4, -0.4, 0.8, System.getenv(f.getName())
10, 8440, 12, -0.6000000000000001, 0.4, -0.30000000000000004, 0.0, System.getProperty(getName())
10, 8441, 9, -0.6000000000000001, 0.4, -0.30000000000000004, 0.2, System.getenv(f.getName())
10, 8442, 9, -0.6000000000000001, 0.4, -0.30000000000000004, 0.4, System.getenv(f.getName())
10, 8443, 9, -0.6000000000000001, 0.4, -0.30000000000000004, 0.6000000000000001, System.getenv(f.getName())
10, 8444, 9, -0.6000000000000001, 0.4, -0.30000000000000004, 0.8, System.getenv(f.getName())
10, 8445, 12, -0.6000000000000001, 0.4, -0.20000000000000004, 0.0, System.getProperty(getName())
10, 8446, 9, -0.6000000000000001, 0.4, -0.20000000000000004, 0.2, System.getenv(f.getName())
10, 8447, 9, -0.6000000000000001, 0.4, -0.20000000000000004, 0.4, System.getenv(f.getName())
10, 8448, 9, -0.6000000000000001, 0.4, -0.20000000000000004, 0.6000000000000001, System.getenv(f.getName())
10, 8449, 9, -0.6000000000000001, 0.4, -0.20000000000000004, 0.8, System.getenv(f.getName())
10, 8450, 12, -0.6000000000000001, 0.4, -0.10000000000000003, 0.0, System.getProperty(getName())
10, 8451, 9, -0.6000000000000001, 0.4, -0.10000000000000003, 0.2, System.getenv(f.getName())
10, 8452, 9, -0.6000000000000001, 0.4, -0.10000000000000003, 0.4, System.getenv(f.getName())
10, 8453, 9, -0.6000000000000001, 0.4, -0.10000000000000003, 0.6000000000000001, System.getenv(f.getName())
10, 8454, 9, -0.6000000000000001, 0.4, -0.10000000000000003, 0.8, System.getenv(f.getName())
10, 8455, 12, -0.6000000000000001, 0.4, -2.7755575615628914E-17, 0.0, System.getProperty(getName())
10, 8456, 9, -0.6000000000000001, 0.4, -2.7755575615628914E-17, 0.2, System.getenv(f.getName())
10, 8457, 9, -0.6000000000000001, 0.4, -2.7755575615628914E-17, 0.4, System.getenv(f.getName())
10, 8458, 9, -0.6000000000000001, 0.4, -2.7755575615628914E-17, 0.6000000000000001, System.getenv(f.getName())
10, 8459, 9, -0.6000000000000001, 0.4, -2.7755575615628914E-17, 0.8, System.getenv(f.getName())
10, 8460, 9, -0.6000000000000001, 0.8, -0.5, 0.0, System.getenv(f.getName())
10, 8461, 9, -0.6000000000000001, 0.8, -0.5, 0.2, System.getenv(f.getName())
10, 8462, 9, -0.6000000000000001, 0.8, -0.5, 0.4, System.getenv(f.getName())
10, 8463, 9, -0.6000000000000001, 0.8, -0.5, 0.6000000000000001, System.getenv(f.getName())
10, 8464, 9, -0.6000000000000001, 0.8, -0.5, 0.8, System.getenv(f.getName())
10, 8465, 9, -0.6000000000000001, 0.8, -0.4, 0.0, System.getenv(f.getName())
10, 8466, 9, -0.6000000000000001, 0.8, -0.4, 0.2, System.getenv(f.getName())
10, 8467, 9, -0.6000000000000001, 0.8, -0.4, 0.4, System.getenv(f.getName())
10, 8468, 9, -0.6000000000000001, 0.8, -0.4, 0.6000000000000001, System.getenv(f.getName())
10, 8469, 9, -0.6000000000000001, 0.8, -0.4, 0.8, System.getenv(f.getName())
10, 8470, 9, -0.6000000000000001, 0.8, -0.30000000000000004, 0.0, System.getenv(f.getName())
10, 8471, 9, -0.6000000000000001, 0.8, -0.30000000000000004, 0.2, System.getenv(f.getName())
10, 8472, 9, -0.6000000000000001, 0.8, -0.30000000000000004, 0.4, System.getenv(f.getName())
10, 8473, 9, -0.6000000000000001, 0.8, -0.30000000000000004, 0.6000000000000001, System.getenv(f.getName())
10, 8474, 9, -0.6000000000000001, 0.8, -0.30000000000000004, 0.8, System.getenv(f.getName())
10, 8475, 9, -0.6000000000000001, 0.8, -0.20000000000000004, 0.0, System.getenv(f.getName())
10, 8476, 9, -0.6000000000000001, 0.8, -0.20000000000000004, 0.2, System.getenv(f.getName())
10, 8477, 9, -0.6000000000000001, 0.8, -0.20000000000000004, 0.4, System.getenv(f.getName())
10, 8478, 9, -0.6000000000000001, 0.8, -0.20000000000000004, 0.6000000000000001, System.getenv(f.getName())
10, 8479, 9, -0.6000000000000001, 0.8, -0.20000000000000004, 0.8, System.getenv(f.getName())
10, 8480, 9, -0.6000000000000001, 0.8, -0.10000000000000003, 0.0, System.getenv(f.getName())
10, 8481, 9, -0.6000000000000001, 0.8, -0.10000000000000003, 0.2, System.getenv(f.getName())
10, 8482, 9, -0.6000000000000001, 0.8, -0.10000000000000003, 0.4, System.getenv(f.getName())
10, 8483, 9, -0.6000000000000001, 0.8, -0.10000000000000003, 0.6000000000000001, System.getenv(f.getName())
10, 8484, 9, -0.6000000000000001, 0.8, -0.10000000000000003, 0.8, System.getenv(f.getName())
10, 8485, 20, -0.6000000000000001, 0.8, -2.7755575615628914E-17, 0.0, System.setIn()
10, 8486, 9, -0.6000000000000001, 0.8, -2.7755575615628914E-17, 0.2, System.getenv(f.getName())
10, 8487, 9, -0.6000000000000001, 0.8, -2.7755575615628914E-17, 0.4, System.getenv(f.getName())
10, 8488, 9, -0.6000000000000001, 0.8, -2.7755575615628914E-17, 0.6000000000000001, System.getenv(f.getName())
10, 8489, 9, -0.6000000000000001, 0.8, -2.7755575615628914E-17, 0.8, System.getenv(f.getName())
10, 8490, 9, -0.6000000000000001, 1.2000000000000002, -0.5, 0.0, System.getenv(f.getName())
10, 8491, 9, -0.6000000000000001, 1.2000000000000002, -0.5, 0.2, System.getenv(f.getName())
10, 8492, 9, -0.6000000000000001, 1.2000000000000002, -0.5, 0.4, System.getenv(f.getName())
10, 8493, 9, -0.6000000000000001, 1.2000000000000002, -0.5, 0.6000000000000001, System.getenv(f.getName())
10, 8494, 9, -0.6000000000000001, 1.2000000000000002, -0.5, 0.8, System.getenv(f.getName())
10, 8495, 9, -0.6000000000000001, 1.2000000000000002, -0.4, 0.0, System.getenv(f.getName())
10, 8496, 9, -0.6000000000000001, 1.2000000000000002, -0.4, 0.2, System.getenv(f.getName())
10, 8497, 9, -0.6000000000000001, 1.2000000000000002, -0.4, 0.4, System.getenv(f.getName())
10, 8498, 9, -0.6000000000000001, 1.2000000000000002, -0.4, 0.6000000000000001, System.getenv(f.getName())
10, 8499, 9, -0.6000000000000001, 1.2000000000000002, -0.4, 0.8, System.getenv(f.getName())
10, 8500, 9, -0.6000000000000001, 1.2000000000000002, -0.30000000000000004, 0.0, System.getenv(f.getName())
10, 8501, 9, -0.6000000000000001, 1.2000000000000002, -0.30000000000000004, 0.2, System.getenv(f.getName())
10, 8502, 9, -0.6000000000000001, 1.2000000000000002, -0.30000000000000004, 0.4, System.getenv(f.getName())
10, 8503, 9, -0.6000000000000001, 1.2000000000000002, -0.30000000000000004, 0.6000000000000001, System.getenv(f.getName())
10, 8504, 9, -0.6000000000000001, 1.2000000000000002, -0.30000000000000004, 0.8, System.getenv(f.getName())
10, 8505, 9, -0.6000000000000001, 1.2000000000000002, -0.20000000000000004, 0.0, System.getenv(f.getName())
10, 8506, 9, -0.6000000000000001, 1.2000000000000002, -0.20000000000000004, 0.2, System.getenv(f.getName())
10, 8507, 9, -0.6000000000000001, 1.2000000000000002, -0.20000000000000004, 0.4, System.getenv(f.getName())
10, 8508, 9, -0.6000000000000001, 1.2000000000000002, -0.20000000000000004, 0.6000000000000001, System.getenv(f.getName())
10, 8509, 9, -0.6000000000000001, 1.2000000000000002, -0.20000000000000004, 0.8, System.getenv(f.getName())
10, 8510, 9, -0.6000000000000001, 1.2000000000000002, -0.10000000000000003, 0.0, System.getenv(f.getName())
10, 8511, 9, -0.6000000000000001, 1.2000000000000002, -0.10000000000000003, 0.2, System.getenv(f.getName())
10, 8512, 9, -0.6000000000000001, 1.2000000000000002, -0.10000000000000003, 0.4, System.getenv(f.getName())
10, 8513, 9, -0.6000000000000001, 1.2000000000000002, -0.10000000000000003, 0.6000000000000001, System.getenv(f.getName())
10, 8514, 9, -0.6000000000000001, 1.2000000000000002, -0.10000000000000003, 0.8, System.getenv(f.getName())
10, 8515, 20, -0.6000000000000001, 1.2000000000000002, -2.7755575615628914E-17, 0.0, System.setIn()
10, 8516, 9, -0.6000000000000001, 1.2000000000000002, -2.7755575615628914E-17, 0.2, System.getenv(f.getName())
10, 8517, 9, -0.6000000000000001, 1.2000000000000002, -2.7755575615628914E-17, 0.4, System.getenv(f.getName())
10, 8518, 9, -0.6000000000000001, 1.2000000000000002, -2.7755575615628914E-17, 0.6000000000000001, System.getenv(f.getName())
10, 8519, 9, -0.6000000000000001, 1.2000000000000002, -2.7755575615628914E-17, 0.8, System.getenv(f.getName())
10, 8520, 9, -0.6000000000000001, 1.6, -0.5, 0.0, System.getenv(f.getName())
10, 8521, 9, -0.6000000000000001, 1.6, -0.5, 0.2, System.getenv(f.getName())
10, 8522, 9, -0.6000000000000001, 1.6, -0.5, 0.4, System.getenv(f.getName())
10, 8523, 9, -0.6000000000000001, 1.6, -0.5, 0.6000000000000001, System.getenv(f.getName())
10, 8524, 9, -0.6000000000000001, 1.6, -0.5, 0.8, System.getenv(f.getName())
10, 8525, 9, -0.6000000000000001, 1.6, -0.4, 0.0, System.getenv(f.getName())
10, 8526, 9, -0.6000000000000001, 1.6, -0.4, 0.2, System.getenv(f.getName())
10, 8527, 9, -0.6000000000000001, 1.6, -0.4, 0.4, System.getenv(f.getName())
10, 8528, 9, -0.6000000000000001, 1.6, -0.4, 0.6000000000000001, System.getenv(f.getName())
10, 8529, 9, -0.6000000000000001, 1.6, -0.4, 0.8, System.getenv(f.getName())
10, 8530, 9, -0.6000000000000001, 1.6, -0.30000000000000004, 0.0, System.getenv(f.getName())
10, 8531, 9, -0.6000000000000001, 1.6, -0.30000000000000004, 0.2, System.getenv(f.getName())
10, 8532, 9, -0.6000000000000001, 1.6, -0.30000000000000004, 0.4, System.getenv(f.getName())
10, 8533, 9, -0.6000000000000001, 1.6, -0.30000000000000004, 0.6000000000000001, System.getenv(f.getName())
10, 8534, 9, -0.6000000000000001, 1.6, -0.30000000000000004, 0.8, System.getenv(f.getName())
10, 8535, 9, -0.6000000000000001, 1.6, -0.20000000000000004, 0.0, System.getenv(f.getName())
10, 8536, 9, -0.6000000000000001, 1.6, -0.20000000000000004, 0.2, System.getenv(f.getName())
10, 8537, 9, -0.6000000000000001, 1.6, -0.20000000000000004, 0.4, System.getenv(f.getName())
10, 8538, 9, -0.6000000000000001, 1.6, -0.20000000000000004, 0.6000000000000001, System.getenv(f.getName())
10, 8539, 9, -0.6000000000000001, 1.6, -0.20000000000000004, 0.8, System.getenv(f.getName())
10, 8540, 9, -0.6000000000000001, 1.6, -0.10000000000000003, 0.0, System.getenv(f.getName())
10, 8541, 9, -0.6000000000000001, 1.6, -0.10000000000000003, 0.2, System.getenv(f.getName())
10, 8542, 9, -0.6000000000000001, 1.6, -0.10000000000000003, 0.4, System.getenv(f.getName())
10, 8543, 9, -0.6000000000000001, 1.6, -0.10000000000000003, 0.6000000000000001, System.getenv(f.getName())
10, 8544, 9, -0.6000000000000001, 1.6, -0.10000000000000003, 0.8, System.getenv(f.getName())
10, 8545, 20, -0.6000000000000001, 1.6, -2.7755575615628914E-17, 0.0, System.setIn()
10, 8546, 9, -0.6000000000000001, 1.6, -2.7755575615628914E-17, 0.2, System.getenv(f.getName())
10, 8547, 9, -0.6000000000000001, 1.6, -2.7755575615628914E-17, 0.4, System.getenv(f.getName())
10, 8548, 9, -0.6000000000000001, 1.6, -2.7755575615628914E-17, 0.6000000000000001, System.getenv(f.getName())
10, 8549, 9, -0.6000000000000001, 1.6, -2.7755575615628914E-17, 0.8, System.getenv(f.getName())
10, 8550, 17, -0.4000000000000001, 0.0, -0.5, 0.0, System.load(name())
10, 8551, 17, -0.4000000000000001, 0.0, -0.5, 0.2, System.load(name())
10, 8552, 17, -0.4000000000000001, 0.0, -0.5, 0.4, System.load(name())
10, 8553, 9, -0.4000000000000001, 0.0, -0.5, 0.6000000000000001, System.getenv(f.getName())
10, 8554, 15, -0.4000000000000001, 0.0, -0.5, 0.8, getParent().getName()
10, 8555, 19, -0.4000000000000001, 0.0, -0.4, 0.0, System.setProperty()
10, 8556, 19, -0.4000000000000001, 0.0, -0.4, 0.2, System.setProperty()
10, 8557, 19, -0.4000000000000001, 0.0, -0.4, 0.4, System.setProperty()
10, 8558, 9, -0.4000000000000001, 0.0, -0.4, 0.6000000000000001, System.getenv(f.getName())
10, 8559, 16, -0.4000000000000001, 0.0, -0.4, 0.8, f.getName().equals(f.getName())
10, 8560, 17, -0.4000000000000001, 0.0, -0.30000000000000004, 0.0, System.load(name())
10, 8561, 17, -0.4000000000000001, 0.0, -0.30000000000000004, 0.2, System.load(name())
10, 8562, 17, -0.4000000000000001, 0.0, -0.30000000000000004, 0.4, System.load(name())
10, 8563, 9, -0.4000000000000001, 0.0, -0.30000000000000004, 0.6000000000000001, System.getenv(f.getName())
10, 8564, 15, -0.4000000000000001, 0.0, -0.30000000000000004, 0.8, getParent().getName()
10, 8565, 17, -0.4000000000000001, 0.0, -0.20000000000000004, 0.0, System.load(name())
10, 8566, 17, -0.4000000000000001, 0.0, -0.20000000000000004, 0.2, System.load(name())
10, 8567, 17, -0.4000000000000001, 0.0, -0.20000000000000004, 0.4, System.load(name())
10, 8568, 9, -0.4000000000000001, 0.0, -0.20000000000000004, 0.6000000000000001, System.getenv(f.getName())
10, 8569, 16, -0.4000000000000001, 0.0, -0.20000000000000004, 0.8, f.getName().equals(f.getName())
10, 8570, 17, -0.4000000000000001, 0.0, -0.10000000000000003, 0.0, System.load(name())
10, 8571, 17, -0.4000000000000001, 0.0, -0.10000000000000003, 0.2, System.load(name())
10, 8572, 17, -0.4000000000000001, 0.0, -0.10000000000000003, 0.4, System.load(name())
10, 8573, 16, -0.4000000000000001, 0.0, -0.10000000000000003, 0.6000000000000001, new Throwable(f.getName())
10, 8574, 9, -0.4000000000000001, 0.0, -0.10000000000000003, 0.8, System.getenv(f.getName())
10, 8575, 17, -0.4000000000000001, 0.0, -2.7755575615628914E-17, 0.0, System.load(name())
10, 8576, 17, -0.4000000000000001, 0.0, -2.7755575615628914E-17, 0.2, System.load(name())
10, 8577, 17, -0.4000000000000001, 0.0, -2.7755575615628914E-17, 0.4, System.load(name())
10, 8578, 15, -0.4000000000000001, 0.0, -2.7755575615628914E-17, 0.6000000000000001, getParent().getName()
10, 8579, 15, -0.4000000000000001, 0.0, -2.7755575615628914E-17, 0.8, getParent().getName()
10, 8580, 9, -0.4000000000000001, 0.4, -0.5, 0.0, System.getenv(f.getName())
10, 8581, 9, -0.4000000000000001, 0.4, -0.5, 0.2, System.getenv(f.getName())
10, 8582, 9, -0.4000000000000001, 0.4, -0.5, 0.4, System.getenv(f.getName())
10, 8583, 9, -0.4000000000000001, 0.4, -0.5, 0.6000000000000001, System.getenv(f.getName())
10, 8584, 9, -0.4000000000000001, 0.4, -0.5, 0.8, System.getenv(f.getName())
10, 8585, 9, -0.4000000000000001, 0.4, -0.4, 0.0, System.getenv(f.getName())
10, 8586, 9, -0.4000000000000001, 0.4, -0.4, 0.2, System.getenv(f.getName())
10, 8587, 9, -0.4000000000000001, 0.4, -0.4, 0.4, System.getenv(f.getName())
10, 8588, 9, -0.4000000000000001, 0.4, -0.4, 0.6000000000000001, System.getenv(f.getName())
10, 8589, 9, -0.4000000000000001, 0.4, -0.4, 0.8, System.getenv(f.getName())
10, 8590, 9, -0.4000000000000001, 0.4, -0.30000000000000004, 0.0, System.getenv(f.getName())
10, 8591, 9, -0.4000000000000001, 0.4, -0.30000000000000004, 0.2, System.getenv(f.getName())
10, 8592, 9, -0.4000000000000001, 0.4, -0.30000000000000004, 0.4, System.getenv(f.getName())
10, 8593, 9, -0.4000000000000001, 0.4, -0.30000000000000004, 0.6000000000000001, System.getenv(f.getName())
10, 8594, 9, -0.4000000000000001, 0.4, -0.30000000000000004, 0.8, System.getenv(f.getName())
10, 8595, 9, -0.4000000000000001, 0.4, -0.20000000000000004, 0.0, System.getenv(f.getName())
10, 8596, 9, -0.4000000000000001, 0.4, -0.20000000000000004, 0.2, System.getenv(f.getName())
10, 8597, 9, -0.4000000000000001, 0.4, -0.20000000000000004, 0.4, System.getenv(f.getName())
10, 8598, 9, -0.4000000000000001, 0.4, -0.20000000000000004, 0.6000000000000001, System.getenv(f.getName())
10, 8599, 9, -0.4000000000000001, 0.4, -0.20000000000000004, 0.8, System.getenv(f.getName())
10, 8600, 9, -0.4000000000000001, 0.4, -0.10000000000000003, 0.0, System.getenv(f.getName())
10, 8601, 9, -0.4000000000000001, 0.4, -0.10000000000000003, 0.2, System.getenv(f.getName())
10, 8602, 9, -0.4000000000000001, 0.4, -0.10000000000000003, 0.4, System.getenv(f.getName())
10, 8603, 9, -0.4000000000000001, 0.4, -0.10000000000000003, 0.6000000000000001, System.getenv(f.getName())
10, 8604, 9, -0.4000000000000001, 0.4, -0.10000000000000003, 0.8, System.getenv(f.getName())
10, 8605, 11, -0.4000000000000001, 0.4, -2.7755575615628914E-17, 0.0, System.getenv(getName())
10, 8606, 9, -0.4000000000000001, 0.4, -2.7755575615628914E-17, 0.2, System.getenv(f.getName())
10, 8607, 9, -0.4000000000000001, 0.4, -2.7755575615628914E-17, 0.4, System.getenv(f.getName())
10, 8608, 9, -0.4000000000000001, 0.4, -2.7755575615628914E-17, 0.6000000000000001, System.getenv(f.getName())
10, 8609, 9, -0.4000000000000001, 0.4, -2.7755575615628914E-17, 0.8, System.getenv(f.getName())
10, 8610, 9, -0.4000000000000001, 0.8, -0.5, 0.0, System.getenv(f.getName())
10, 8611, 9, -0.4000000000000001, 0.8, -0.5, 0.2, System.getenv(f.getName())
10, 8612, 9, -0.4000000000000001, 0.8, -0.5, 0.4, System.getenv(f.getName())
10, 8613, 9, -0.4000000000000001, 0.8, -0.5, 0.6000000000000001, System.getenv(f.getName())
10, 8614, 9, -0.4000000000000001, 0.8, -0.5, 0.8, System.getenv(f.getName())
10, 8615, 9, -0.4000000000000001, 0.8, -0.4, 0.0, System.getenv(f.getName())
10, 8616, 9, -0.4000000000000001, 0.8, -0.4, 0.2, System.getenv(f.getName())
10, 8617, 9, -0.4000000000000001, 0.8, -0.4, 0.4, System.getenv(f.getName())
10, 8618, 9, -0.4000000000000001, 0.8, -0.4, 0.6000000000000001, System.getenv(f.getName())
10, 8619, 9, -0.4000000000000001, 0.8, -0.4, 0.8, System.getenv(f.getName())
10, 8620, 9, -0.4000000000000001, 0.8, -0.30000000000000004, 0.0, System.getenv(f.getName())
10, 8621, 9, -0.4000000000000001, 0.8, -0.30000000000000004, 0.2, System.getenv(f.getName())
10, 8622, 9, -0.4000000000000001, 0.8, -0.30000000000000004, 0.4, System.getenv(f.getName())
10, 8623, 9, -0.4000000000000001, 0.8, -0.30000000000000004, 0.6000000000000001, System.getenv(f.getName())
10, 8624, 9, -0.4000000000000001, 0.8, -0.30000000000000004, 0.8, System.getenv(f.getName())
10, 8625, 9, -0.4000000000000001, 0.8, -0.20000000000000004, 0.0, System.getenv(f.getName())
10, 8626, 9, -0.4000000000000001, 0.8, -0.20000000000000004, 0.2, System.getenv(f.getName())
10, 8627, 9, -0.4000000000000001, 0.8, -0.20000000000000004, 0.4, System.getenv(f.getName())
10, 8628, 9, -0.4000000000000001, 0.8, -0.20000000000000004, 0.6000000000000001, System.getenv(f.getName())
10, 8629, 9, -0.4000000000000001, 0.8, -0.20000000000000004, 0.8, System.getenv(f.getName())
10, 8630, 9, -0.4000000000000001, 0.8, -0.10000000000000003, 0.0, System.getenv(f.getName())
10, 8631, 9, -0.4000000000000001, 0.8, -0.10000000000000003, 0.2, System.getenv(f.getName())
10, 8632, 9, -0.4000000000000001, 0.8, -0.10000000000000003, 0.4, System.getenv(f.getName())
10, 8633, 9, -0.4000000000000001, 0.8, -0.10000000000000003, 0.6000000000000001, System.getenv(f.getName())
10, 8634, 9, -0.4000000000000001, 0.8, -0.10000000000000003, 0.8, System.getenv(f.getName())
10, 8635, 20, -0.4000000000000001, 0.8, -2.7755575615628914E-17, 0.0, System.setIn()
10, 8636, 9, -0.4000000000000001, 0.8, -2.7755575615628914E-17, 0.2, System.getenv(f.getName())
10, 8637, 9, -0.4000000000000001, 0.8, -2.7755575615628914E-17, 0.4, System.getenv(f.getName())
10, 8638, 9, -0.4000000000000001, 0.8, -2.7755575615628914E-17, 0.6000000000000001, System.getenv(f.getName())
10, 8639, 9, -0.4000000000000001, 0.8, -2.7755575615628914E-17, 0.8, System.getenv(f.getName())
10, 8640, 9, -0.4000000000000001, 1.2000000000000002, -0.5, 0.0, System.getenv(f.getName())
10, 8641, 9, -0.4000000000000001, 1.2000000000000002, -0.5, 0.2, System.getenv(f.getName())
10, 8642, 9, -0.4000000000000001, 1.2000000000000002, -0.5, 0.4, System.getenv(f.getName())
10, 8643, 9, -0.4000000000000001, 1.2000000000000002, -0.5, 0.6000000000000001, System.getenv(f.getName())
10, 8644, 9, -0.4000000000000001, 1.2000000000000002, -0.5, 0.8, System.getenv(f.getName())
10, 8645, 9, -0.4000000000000001, 1.2000000000000002, -0.4, 0.0, System.getenv(f.getName())
10, 8646, 9, -0.4000000000000001, 1.2000000000000002, -0.4, 0.2, System.getenv(f.getName())
10, 8647, 9, -0.4000000000000001, 1.2000000000000002, -0.4, 0.4, System.getenv(f.getName())
10, 8648, 9, -0.4000000000000001, 1.2000000000000002, -0.4, 0.6000000000000001, System.getenv(f.getName())
10, 8649, 9, -0.4000000000000001, 1.2000000000000002, -0.4, 0.8, System.getenv(f.getName())
10, 8650, 9, -0.4000000000000001, 1.2000000000000002, -0.30000000000000004, 0.0, System.getenv(f.getName())
10, 8651, 9, -0.4000000000000001, 1.2000000000000002, -0.30000000000000004, 0.2, System.getenv(f.getName())
10, 8652, 9, -0.4000000000000001, 1.2000000000000002, -0.30000000000000004, 0.4, System.getenv(f.getName())
10, 8653, 9, -0.4000000000000001, 1.2000000000000002, -0.30000000000000004, 0.6000000000000001, System.getenv(f.getName())
10, 8654, 9, -0.4000000000000001, 1.2000000000000002, -0.30000000000000004, 0.8, System.getenv(f.getName())
10, 8655, 9, -0.4000000000000001, 1.2000000000000002, -0.20000000000000004, 0.0, System.getenv(f.getName())
10, 8656, 9, -0.4000000000000001, 1.2000000000000002, -0.20000000000000004, 0.2, System.getenv(f.getName())
10, 8657, 9, -0.4000000000000001, 1.2000000000000002, -0.20000000000000004, 0.4, System.getenv(f.getName())
10, 8658, 9, -0.4000000000000001, 1.2000000000000002, -0.20000000000000004, 0.6000000000000001, System.getenv(f.getName())
10, 8659, 9, -0.4000000000000001, 1.2000000000000002, -0.20000000000000004, 0.8, System.getenv(f.getName())
10, 8660, 9, -0.4000000000000001, 1.2000000000000002, -0.10000000000000003, 0.0, System.getenv(f.getName())
10, 8661, 9, -0.4000000000000001, 1.2000000000000002, -0.10000000000000003, 0.2, System.getenv(f.getName())
10, 8662, 9, -0.4000000000000001, 1.2000000000000002, -0.10000000000000003, 0.4, System.getenv(f.getName())
10, 8663, 9, -0.4000000000000001, 1.2000000000000002, -0.10000000000000003, 0.6000000000000001, System.getenv(f.getName())
10, 8664, 9, -0.4000000000000001, 1.2000000000000002, -0.10000000000000003, 0.8, System.getenv(f.getName())
10, 8665, 20, -0.4000000000000001, 1.2000000000000002, -2.7755575615628914E-17, 0.0, System.setIn()
10, 8666, 9, -0.4000000000000001, 1.2000000000000002, -2.7755575615628914E-17, 0.2, System.getenv(f.getName())
10, 8667, 9, -0.4000000000000001, 1.2000000000000002, -2.7755575615628914E-17, 0.4, System.getenv(f.getName())
10, 8668, 9, -0.4000000000000001, 1.2000000000000002, -2.7755575615628914E-17, 0.6000000000000001, System.getenv(f.getName())
10, 8669, 9, -0.4000000000000001, 1.2000000000000002, -2.7755575615628914E-17, 0.8, System.getenv(f.getName())
10, 8670, 9, -0.4000000000000001, 1.6, -0.5, 0.0, System.getenv(f.getName())
10, 8671, 9, -0.4000000000000001, 1.6, -0.5, 0.2, System.getenv(f.getName())
10, 8672, 9, -0.4000000000000001, 1.6, -0.5, 0.4, System.getenv(f.getName())
10, 8673, 9, -0.4000000000000001, 1.6, -0.5, 0.6000000000000001, System.getenv(f.getName())
10, 8674, 9, -0.4000000000000001, 1.6, -0.5, 0.8, System.getenv(f.getName())
10, 8675, 9, -0.4000000000000001, 1.6, -0.4, 0.0, System.getenv(f.getName())
10, 8676, 9, -0.4000000000000001, 1.6, -0.4, 0.2, System.getenv(f.getName())
10, 8677, 9, -0.4000000000000001, 1.6, -0.4, 0.4, System.getenv(f.getName())
10, 8678, 9, -0.4000000000000001, 1.6, -0.4, 0.6000000000000001, System.getenv(f.getName())
10, 8679, 9, -0.4000000000000001, 1.6, -0.4, 0.8, System.getenv(f.getName())
10, 8680, 9, -0.4000000000000001, 1.6, -0.30000000000000004, 0.0, System.getenv(f.getName())
10, 8681, 9, -0.4000000000000001, 1.6, -0.30000000000000004, 0.2, System.getenv(f.getName())
10, 8682, 9, -0.4000000000000001, 1.6, -0.30000000000000004, 0.4, System.getenv(f.getName())
10, 8683, 9, -0.4000000000000001, 1.6, -0.30000000000000004, 0.6000000000000001, System.getenv(f.getName())
10, 8684, 9, -0.4000000000000001, 1.6, -0.30000000000000004, 0.8, System.getenv(f.getName())
10, 8685, 9, -0.4000000000000001, 1.6, -0.20000000000000004, 0.0, System.getenv(f.getName())
10, 8686, 9, -0.4000000000000001, 1.6, -0.20000000000000004, 0.2, System.getenv(f.getName())
10, 8687, 9, -0.4000000000000001, 1.6, -0.20000000000000004, 0.4, System.getenv(f.getName())
10, 8688, 9, -0.4000000000000001, 1.6, -0.20000000000000004, 0.6000000000000001, System.getenv(f.getName())
10, 8689, 9, -0.4000000000000001, 1.6, -0.20000000000000004, 0.8, System.getenv(f.getName())
10, 8690, 9, -0.4000000000000001, 1.6, -0.10000000000000003, 0.0, System.getenv(f.getName())
10, 8691, 9, -0.4000000000000001, 1.6, -0.10000000000000003, 0.2, System.getenv(f.getName())
10, 8692, 9, -0.4000000000000001, 1.6, -0.10000000000000003, 0.4, System.getenv(f.getName())
10, 8693, 9, -0.4000000000000001, 1.6, -0.10000000000000003, 0.6000000000000001, System.getenv(f.getName())
10, 8694, 9, -0.4000000000000001, 1.6, -0.10000000000000003, 0.8, System.getenv(f.getName())
10, 8695, 20, -0.4000000000000001, 1.6, -2.7755575615628914E-17, 0.0, System.setIn()
10, 8696, 9, -0.4000000000000001, 1.6, -2.7755575615628914E-17, 0.2, System.getenv(f.getName())
10, 8697, 9, -0.4000000000000001, 1.6, -2.7755575615628914E-17, 0.4, System.getenv(f.getName())
10, 8698, 9, -0.4000000000000001, 1.6, -2.7755575615628914E-17, 0.6000000000000001, System.getenv(f.getName())
10, 8699, 9, -0.4000000000000001, 1.6, -2.7755575615628914E-17, 0.8, System.getenv(f.getName())
10, 8700, 17, -0.20000000000000007, 0.0, -0.5, 0.0, System.load(name())
10, 8701, 17, -0.20000000000000007, 0.0, -0.5, 0.2, System.load(name())
10, 8702, 15, -0.20000000000000007, 0.0, -0.5, 0.4, getParent().getName()
10, 8703, 9, -0.20000000000000007, 0.0, -0.5, 0.6000000000000001, System.getenv(f.getName())
10, 8704, 9, -0.20000000000000007, 0.0, -0.5, 0.8, System.getenv(f.getName())
10, 8705, 17, -0.20000000000000007, 0.0, -0.4, 0.0, System.load(name())
10, 8706, 17, -0.20000000000000007, 0.0, -0.4, 0.2, System.load(name())
10, 8707, 9, -0.20000000000000007, 0.0, -0.4, 0.4, System.getenv(f.getName())
10, 8708, 9, -0.20000000000000007, 0.0, -0.4, 0.6000000000000001, System.getenv(f.getName())
10, 8709, 9, -0.20000000000000007, 0.0, -0.4, 0.8, System.getenv(f.getName())
10, 8710, 17, -0.20000000000000007, 0.0, -0.30000000000000004, 0.0, System.load(name())
10, 8711, 17, -0.20000000000000007, 0.0, -0.30000000000000004, 0.2, System.load(name())
10, 8712, 9, -0.20000000000000007, 0.0, -0.30000000000000004, 0.4, System.getenv(f.getName())
10, 8713, 9, -0.20000000000000007, 0.0, -0.30000000000000004, 0.6000000000000001, System.getenv(f.getName())
10, 8714, 9, -0.20000000000000007, 0.0, -0.30000000000000004, 0.8, System.getenv(f.getName())
10, 8715, 17, -0.20000000000000007, 0.0, -0.20000000000000004, 0.0, System.load(name())
10, 8716, 17, -0.20000000000000007, 0.0, -0.20000000000000004, 0.2, System.load(name())
10, 8717, 9, -0.20000000000000007, 0.0, -0.20000000000000004, 0.4, System.getenv(f.getName())
10, 8718, 9, -0.20000000000000007, 0.0, -0.20000000000000004, 0.6000000000000001, System.getenv(f.getName())
10, 8719, 9, -0.20000000000000007, 0.0, -0.20000000000000004, 0.8, System.getenv(f.getName())
10, 8720, 17, -0.20000000000000007, 0.0, -0.10000000000000003, 0.0, System.load(name())
10, 8721, 17, -0.20000000000000007, 0.0, -0.10000000000000003, 0.2, System.load(name())
10, 8722, 9, -0.20000000000000007, 0.0, -0.10000000000000003, 0.4, System.getenv(f.getName())
10, 8723, 9, -0.20000000000000007, 0.0, -0.10000000000000003, 0.6000000000000001, System.getenv(f.getName())
10, 8724, 9, -0.20000000000000007, 0.0, -0.10000000000000003, 0.8, System.getenv(f.getName())
10, 8725, 17, -0.20000000000000007, 0.0, -2.7755575615628914E-17, 0.0, System.load(name())
10, 8726, 17, -0.20000000000000007, 0.0, -2.7755575615628914E-17, 0.2, System.load(name())
10, 8727, 15, -0.20000000000000007, 0.0, -2.7755575615628914E-17, 0.4, getParent().getName()
10, 8728, 15, -0.20000000000000007, 0.0, -2.7755575615628914E-17, 0.6000000000000001, getParent().getName()
10, 8729, 15, -0.20000000000000007, 0.0, -2.7755575615628914E-17, 0.8, getParent().getName()
10, 8730, 9, -0.20000000000000007, 0.4, -0.5, 0.0, System.getenv(f.getName())
10, 8731, 9, -0.20000000000000007, 0.4, -0.5, 0.2, System.getenv(f.getName())
10, 8732, 9, -0.20000000000000007, 0.4, -0.5, 0.4, System.getenv(f.getName())
10, 8733, 9, -0.20000000000000007, 0.4, -0.5, 0.6000000000000001, System.getenv(f.getName())
10, 8734, 9, -0.20000000000000007, 0.4, -0.5, 0.8, System.getenv(f.getName())
10, 8735, 9, -0.20000000000000007, 0.4, -0.4, 0.0, System.getenv(f.getName())
10, 8736, 9, -0.20000000000000007, 0.4, -0.4, 0.2, System.getenv(f.getName())
10, 8737, 9, -0.20000000000000007, 0.4, -0.4, 0.4, System.getenv(f.getName())
10, 8738, 9, -0.20000000000000007, 0.4, -0.4, 0.6000000000000001, System.getenv(f.getName())
10, 8739, 9, -0.20000000000000007, 0.4, -0.4, 0.8, System.getenv(f.getName())
10, 8740, 9, -0.20000000000000007, 0.4, -0.30000000000000004, 0.0, System.getenv(f.getName())
10, 8741, 9, -0.20000000000000007, 0.4, -0.30000000000000004, 0.2, System.getenv(f.getName())
10, 8742, 9, -0.20000000000000007, 0.4, -0.30000000000000004, 0.4, System.getenv(f.getName())
10, 8743, 9, -0.20000000000000007, 0.4, -0.30000000000000004, 0.6000000000000001, System.getenv(f.getName())
10, 8744, 9, -0.20000000000000007, 0.4, -0.30000000000000004, 0.8, System.getenv(f.getName())
10, 8745, 9, -0.20000000000000007, 0.4, -0.20000000000000004, 0.0, System.getenv(f.getName())
10, 8746, 9, -0.20000000000000007, 0.4, -0.20000000000000004, 0.2, System.getenv(f.getName())
10, 8747, 9, -0.20000000000000007, 0.4, -0.20000000000000004, 0.4, System.getenv(f.getName())
10, 8748, 9, -0.20000000000000007, 0.4, -0.20000000000000004, 0.6000000000000001, System.getenv(f.getName())
10, 8749, 9, -0.20000000000000007, 0.4, -0.20000000000000004, 0.8, System.getenv(f.getName())
10, 8750, 9, -0.20000000000000007, 0.4, -0.10000000000000003, 0.0, System.getenv(f.getName())
10, 8751, 9, -0.20000000000000007, 0.4, -0.10000000000000003, 0.2, System.getenv(f.getName())
10, 8752, 9, -0.20000000000000007, 0.4, -0.10000000000000003, 0.4, System.getenv(f.getName())
10, 8753, 9, -0.20000000000000007, 0.4, -0.10000000000000003, 0.6000000000000001, System.getenv(f.getName())
10, 8754, 9, -0.20000000000000007, 0.4, -0.10000000000000003, 0.8, System.getenv(f.getName())
10, 8755, 18, -0.20000000000000007, 0.4, -2.7755575615628914E-17, 0.0, System.getProperty(getName()).get()
10, 8756, 9, -0.20000000000000007, 0.4, -2.7755575615628914E-17, 0.2, System.getenv(f.getName())
10, 8757, 9, -0.20000000000000007, 0.4, -2.7755575615628914E-17, 0.4, System.getenv(f.getName())
10, 8758, 9, -0.20000000000000007, 0.4, -2.7755575615628914E-17, 0.6000000000000001, System.getenv(f.getName())
10, 8759, 16, -0.20000000000000007, 0.4, -2.7755575615628914E-17, 0.8, new Throwable(f.getName())
10, 8760, 9, -0.20000000000000007, 0.8, -0.5, 0.0, System.getenv(f.getName())
10, 8761, 9, -0.20000000000000007, 0.8, -0.5, 0.2, System.getenv(f.getName())
10, 8762, 9, -0.20000000000000007, 0.8, -0.5, 0.4, System.getenv(f.getName())
10, 8763, 9, -0.20000000000000007, 0.8, -0.5, 0.6000000000000001, System.getenv(f.getName())
10, 8764, 9, -0.20000000000000007, 0.8, -0.5, 0.8, System.getenv(f.getName())
10, 8765, 9, -0.20000000000000007, 0.8, -0.4, 0.0, System.getenv(f.getName())
10, 8766, 9, -0.20000000000000007, 0.8, -0.4, 0.2, System.getenv(f.getName())
10, 8767, 9, -0.20000000000000007, 0.8, -0.4, 0.4, System.getenv(f.getName())
10, 8768, 9, -0.20000000000000007, 0.8, -0.4, 0.6000000000000001, System.getenv(f.getName())
10, 8769, 9, -0.20000000000000007, 0.8, -0.4, 0.8, System.getenv(f.getName())
10, 8770, 9, -0.20000000000000007, 0.8, -0.30000000000000004, 0.0, System.getenv(f.getName())
10, 8771, 9, -0.20000000000000007, 0.8, -0.30000000000000004, 0.2, System.getenv(f.getName())
10, 8772, 9, -0.20000000000000007, 0.8, -0.30000000000000004, 0.4, System.getenv(f.getName())
10, 8773, 9, -0.20000000000000007, 0.8, -0.30000000000000004, 0.6000000000000001, System.getenv(f.getName())
10, 8774, 9, -0.20000000000000007, 0.8, -0.30000000000000004, 0.8, System.getenv(f.getName())
10, 8775, 9, -0.20000000000000007, 0.8, -0.20000000000000004, 0.0, System.getenv(f.getName())
10, 8776, 9, -0.20000000000000007, 0.8, -0.20000000000000004, 0.2, System.getenv(f.getName())
10, 8777, 9, -0.20000000000000007, 0.8, -0.20000000000000004, 0.4, System.getenv(f.getName())
10, 8778, 9, -0.20000000000000007, 0.8, -0.20000000000000004, 0.6000000000000001, System.getenv(f.getName())
10, 8779, 9, -0.20000000000000007, 0.8, -0.20000000000000004, 0.8, System.getenv(f.getName())
10, 8780, 9, -0.20000000000000007, 0.8, -0.10000000000000003, 0.0, System.getenv(f.getName())
10, 8781, 9, -0.20000000000000007, 0.8, -0.10000000000000003, 0.2, System.getenv(f.getName())
10, 8782, 9, -0.20000000000000007, 0.8, -0.10000000000000003, 0.4, System.getenv(f.getName())
10, 8783, 9, -0.20000000000000007, 0.8, -0.10000000000000003, 0.6000000000000001, System.getenv(f.getName())
10, 8784, 9, -0.20000000000000007, 0.8, -0.10000000000000003, 0.8, System.getenv(f.getName())
10, 8785, 20, -0.20000000000000007, 0.8, -2.7755575615628914E-17, 0.0, System.setIn()
10, 8786, 9, -0.20000000000000007, 0.8, -2.7755575615628914E-17, 0.2, System.getenv(f.getName())
10, 8787, 9, -0.20000000000000007, 0.8, -2.7755575615628914E-17, 0.4, System.getenv(f.getName())
10, 8788, 9, -0.20000000000000007, 0.8, -2.7755575615628914E-17, 0.6000000000000001, System.getenv(f.getName())
10, 8789, 9, -0.20000000000000007, 0.8, -2.7755575615628914E-17, 0.8, System.getenv(f.getName())
10, 8790, 9, -0.20000000000000007, 1.2000000000000002, -0.5, 0.0, System.getenv(f.getName())
10, 8791, 9, -0.20000000000000007, 1.2000000000000002, -0.5, 0.2, System.getenv(f.getName())
10, 8792, 9, -0.20000000000000007, 1.2000000000000002, -0.5, 0.4, System.getenv(f.getName())
10, 8793, 9, -0.20000000000000007, 1.2000000000000002, -0.5, 0.6000000000000001, System.getenv(f.getName())
10, 8794, 9, -0.20000000000000007, 1.2000000000000002, -0.5, 0.8, System.getenv(f.getName())
10, 8795, 9, -0.20000000000000007, 1.2000000000000002, -0.4, 0.0, System.getenv(f.getName())
10, 8796, 9, -0.20000000000000007, 1.2000000000000002, -0.4, 0.2, System.getenv(f.getName())
10, 8797, 9, -0.20000000000000007, 1.2000000000000002, -0.4, 0.4, System.getenv(f.getName())
10, 8798, 9, -0.20000000000000007, 1.2000000000000002, -0.4, 0.6000000000000001, System.getenv(f.getName())
10, 8799, 9, -0.20000000000000007, 1.2000000000000002, -0.4, 0.8, System.getenv(f.getName())
10, 8800, 9, -0.20000000000000007, 1.2000000000000002, -0.30000000000000004, 0.0, System.getenv(f.getName())
10, 8801, 9, -0.20000000000000007, 1.2000000000000002, -0.30000000000000004, 0.2, System.getenv(f.getName())
10, 8802, 9, -0.20000000000000007, 1.2000000000000002, -0.30000000000000004, 0.4, System.getenv(f.getName())
10, 8803, 9, -0.20000000000000007, 1.2000000000000002, -0.30000000000000004, 0.6000000000000001, System.getenv(f.getName())
10, 8804, 9, -0.20000000000000007, 1.2000000000000002, -0.30000000000000004, 0.8, System.getenv(f.getName())
10, 8805, 9, -0.20000000000000007, 1.2000000000000002, -0.20000000000000004, 0.0, System.getenv(f.getName())
10, 8806, 9, -0.20000000000000007, 1.2000000000000002, -0.20000000000000004, 0.2, System.getenv(f.getName())
10, 8807, 9, -0.20000000000000007, 1.2000000000000002, -0.20000000000000004, 0.4, System.getenv(f.getName())
10, 8808, 9, -0.20000000000000007, 1.2000000000000002, -0.20000000000000004, 0.6000000000000001, System.getenv(f.getName())
10, 8809, 9, -0.20000000000000007, 1.2000000000000002, -0.20000000000000004, 0.8, System.getenv(f.getName())
10, 8810, 9, -0.20000000000000007, 1.2000000000000002, -0.10000000000000003, 0.0, System.getenv(f.getName())
10, 8811, 9, -0.20000000000000007, 1.2000000000000002, -0.10000000000000003, 0.2, System.getenv(f.getName())
10, 8812, 9, -0.20000000000000007, 1.2000000000000002, -0.10000000000000003, 0.4, System.getenv(f.getName())
10, 8813, 9, -0.20000000000000007, 1.2000000000000002, -0.10000000000000003, 0.6000000000000001, System.getenv(f.getName())
10, 8814, 9, -0.20000000000000007, 1.2000000000000002, -0.10000000000000003, 0.8, System.getenv(f.getName())
10, 8815, 20, -0.20000000000000007, 1.2000000000000002, -2.7755575615628914E-17, 0.0, System.setIn()
10, 8816, 9, -0.20000000000000007, 1.2000000000000002, -2.7755575615628914E-17, 0.2, System.getenv(f.getName())
10, 8817, 9, -0.20000000000000007, 1.2000000000000002, -2.7755575615628914E-17, 0.4, System.getenv(f.getName())
10, 8818, 9, -0.20000000000000007, 1.2000000000000002, -2.7755575615628914E-17, 0.6000000000000001, System.getenv(f.getName())
10, 8819, 9, -0.20000000000000007, 1.2000000000000002, -2.7755575615628914E-17, 0.8, System.getenv(f.getName())
10, 8820, 9, -0.20000000000000007, 1.6, -0.5, 0.0, System.getenv(f.getName())
10, 8821, 9, -0.20000000000000007, 1.6, -0.5, 0.2, System.getenv(f.getName())
10, 8822, 9, -0.20000000000000007, 1.6, -0.5, 0.4, System.getenv(f.getName())
10, 8823, 9, -0.20000000000000007, 1.6, -0.5, 0.6000000000000001, System.getenv(f.getName())
10, 8824, 9, -0.20000000000000007, 1.6, -0.5, 0.8, System.getenv(f.getName())
10, 8825, 9, -0.20000000000000007, 1.6, -0.4, 0.0, System.getenv(f.getName())
10, 8826, 9, -0.20000000000000007, 1.6, -0.4, 0.2, System.getenv(f.getName())
10, 8827, 9, -0.20000000000000007, 1.6, -0.4, 0.4, System.getenv(f.getName())
10, 8828, 9, -0.20000000000000007, 1.6, -0.4, 0.6000000000000001, System.getenv(f.getName())
10, 8829, 9, -0.20000000000000007, 1.6, -0.4, 0.8, System.getenv(f.getName())
10, 8830, 9, -0.20000000000000007, 1.6, -0.30000000000000004, 0.0, System.getenv(f.getName())
10, 8831, 9, -0.20000000000000007, 1.6, -0.30000000000000004, 0.2, System.getenv(f.getName())
10, 8832, 9, -0.20000000000000007, 1.6, -0.30000000000000004, 0.4, System.getenv(f.getName())
10, 8833, 9, -0.20000000000000007, 1.6, -0.30000000000000004, 0.6000000000000001, System.getenv(f.getName())
10, 8834, 9, -0.20000000000000007, 1.6, -0.30000000000000004, 0.8, System.getenv(f.getName())
10, 8835, 9, -0.20000000000000007, 1.6, -0.20000000000000004, 0.0, System.getenv(f.getName())
10, 8836, 9, -0.20000000000000007, 1.6, -0.20000000000000004, 0.2, System.getenv(f.getName())
10, 8837, 9, -0.20000000000000007, 1.6, -0.20000000000000004, 0.4, System.getenv(f.getName())
10, 8838, 9, -0.20000000000000007, 1.6, -0.20000000000000004, 0.6000000000000001, System.getenv(f.getName())
10, 8839, 9, -0.20000000000000007, 1.6, -0.20000000000000004, 0.8, System.getenv(f.getName())
10, 8840, 9, -0.20000000000000007, 1.6, -0.10000000000000003, 0.0, System.getenv(f.getName())
10, 8841, 9, -0.20000000000000007, 1.6, -0.10000000000000003, 0.2, System.getenv(f.getName())
10, 8842, 9, -0.20000000000000007, 1.6, -0.10000000000000003, 0.4, System.getenv(f.getName())
10, 8843, 9, -0.20000000000000007, 1.6, -0.10000000000000003, 0.6000000000000001, System.getenv(f.getName())
10, 8844, 9, -0.20000000000000007, 1.6, -0.10000000000000003, 0.8, System.getenv(f.getName())
10, 8845, 20, -0.20000000000000007, 1.6, -2.7755575615628914E-17, 0.0, System.setIn()
10, 8846, 9, -0.20000000000000007, 1.6, -2.7755575615628914E-17, 0.2, System.getenv(f.getName())
10, 8847, 9, -0.20000000000000007, 1.6, -2.7755575615628914E-17, 0.4, System.getenv(f.getName())
10, 8848, 9, -0.20000000000000007, 1.6, -2.7755575615628914E-17, 0.6000000000000001, System.getenv(f.getName())
10, 88