12, 1331, -5.0, 1.0, -5.0, 0.0, 14, 0, readLine(), -3.0
12, 1332, -5.0, 1.0, -5.0, 0.5, 14, 0, readLine(), -3.0
12, 1333, -5.0, 1.0, -5.0, 1.0, 14, 0, readLine(), -3.0
12, 1334, -5.0, 1.0, -5.0, 1.5, 14, 0, readLine(), -3.0
12, 1335, -5.0, 1.0, -5.0, 2.0, 14, 0, readLine(), -3.0
12, 1336, -5.0, 1.0, -5.0, 2.5, 14, 0, readLine(), -3.0
12, 1337, -5.0, 1.0, -5.0, 3.0, 14, 0, readLine(), -3.0
12, 1338, -5.0, 1.0, -5.0, 3.5, 14, 0, readLine(), -3.0
12, 1339, -5.0, 1.0, -5.0, 4.0, 14, 0, readLine(), -3.0
12, 1340, -5.0, 1.0, -5.0, 4.5, 14, 0, readLine(), -3.0
12, 1341, -5.0, 1.0, -5.0, 5.0, 14, 0, readLine(), -3.0
12, 1342, -5.0, 1.0, -4.5, 0.0, 14, 0, readLine(), -3.0
12, 1343, -5.0, 1.0, -4.5, 0.5, 14, 0, readLine(), -3.0
12, 1344, -5.0, 1.0, -4.5, 1.0, 14, 0, readLine(), -3.0
12, 1345, -5.0, 1.0, -4.5, 1.5, 14, 0, readLine(), -3.0
12, 1346, -5.0, 1.0, -4.5, 2.0, 14, 0, readLine(), -3.0
12, 1347, -5.0, 1.0, -4.5, 2.5, 14, 0, readLine(), -3.0
12, 1348, -5.0, 1.0, -4.5, 3.0, 14, 0, readLine(), -3.0
12, 1349, -5.0, 1.0, -4.5, 3.5, 14, 0, readLine(), -3.0
12, 1350, -5.0, 1.0, -4.5, 4.0, 14, 0, readLine(), -3.0
12, 1351, -5.0, 1.0, -4.5, 4.5, 14, 0, readLine(), -3.0
12, 1352, -5.0, 1.0, -4.5, 5.0, 14, 0, readLine(), -3.0
12, 1353, -5.0, 1.0, -4.0, 0.0, 14, 0, readLine(), -3.0
12, 1354, -5.0, 1.0, -4.0, 0.5, 14, 0, readLine(), -3.0
12, 1355, -5.0, 1.0, -4.0, 1.0, 14, 0, readLine(), -3.0
12, 1356, -5.0, 1.0, -4.0, 1.5, 14, 0, readLine(), -3.0
12, 1357, -5.0, 1.0, -4.0, 2.0, 14, 0, readLine(), -3.0
12, 1358, -5.0, 1.0, -4.0, 2.5, 14, 0, readLine(), -3.0
12, 1359, -5.0, 1.0, -4.0, 3.0, 14, 0, readLine(), -3.0
12, 1360, -5.0, 1.0, -4.0, 3.5, 14, 0, readLine(), -3.0
12, 1361, -5.0, 1.0, -4.0, 4.0, 14, 0, readLine(), -3.0
12, 1362, -5.0, 1.0, -4.0, 4.5, 14, 0, readLine(), -3.0
12, 1363, -5.0, 1.0, -4.0, 5.0, 14, 0, readLine(), -3.0
12, 1364, -5.0, 1.0, -3.5, 0.0, 14, 0, readLine(), -3.0
12, 1365, -5.0, 1.0, -3.5, 0.5, 14, 0, readLine(), -3.0
12, 1366, -5.0, 1.0, -3.5, 1.0, 14, 0, readLine(), -3.0
12, 1367, -5.0, 1.0, -3.5, 1.5, 14, 0, readLine(), -3.0
12, 1368, -5.0, 1.0, -3.5, 2.0, 14, 0, readLine(), -3.0
12, 1369, -5.0, 1.0, -3.5, 2.5, 14, 0, readLine(), -3.0
12, 1370, -5.0, 1.0, -3.5, 3.0, 14, 0, readLine(), -3.0
12, 1371, -5.0, 1.0, -3.5, 3.5, 14, 0, readLine(), -3.0
12, 1372, -5.0, 1.0, -3.5, 4.0, 14, 0, readLine(), -3.0
12, 1373, -5.0, 1.0, -3.5, 4.5, 14, 0, readLine(), -3.0
12, 1374, -5.0, 1.0, -3.5, 5.0, 14, 0, readLine(), -3.0
12, 1375, -5.0, 1.0, -3.0, 0.0, 14, 0, readLine(), -3.0
12, 1376, -5.0, 1.0, -3.0, 0.5, 14, 0, readLine(), -3.0
12, 1377, -5.0, 1.0, -3.0, 1.0, 14, 0, readLine(), -3.0
12, 1378, -5.0, 1.0, -3.0, 1.5, 14, 0, readLine(), -3.0
12, 1379, -5.0, 1.0, -3.0, 2.0, 14, 0, readLine(), -3.0
12, 1380, -5.0, 1.0, -3.0, 2.5, 14, 0, readLine(), -3.0
12, 1381, -5.0, 1.0, -3.0, 3.0, 14, 0, readLine(), -3.0
12, 1382, -5.0, 1.0, -3.0, 3.5, 14, 0, readLine(), -3.0
12, 1383, -5.0, 1.0, -3.0, 4.0, 14, 0, readLine(), -3.0
12, 1384, -5.0, 1.0, -3.0, 4.5, 14, 0, readLine(), -3.0
12, 1385, -5.0, 1.0, -3.0, 5.0, 14, 0, readLine(), -3.0
12, 1386, -5.0, 1.0, -2.5, 0.0, 14, 0, readLine(), -3.0
12, 1387, -5.0, 1.0, -2.5, 0.5, 14, 0, readLine(), -3.0
12, 1388, -5.0, 1.0, -2.5, 1.0, 14, 0, readLine(), -3.0
12, 1389, -5.0, 1.0, -2.5, 1.5, 14, 0, readLine(), -3.0
12, 1390, -5.0, 1.0, -2.5, 2.0, 14, 0, readLine(), -3.0
12, 1391, -5.0, 1.0, -2.5, 2.5, 14, 0, readLine(), -3.0
12, 1392, -5.0, 1.0, -2.5, 3.0, 14, 0, readLine(), -3.0
12, 1393, -5.0, 1.0, -2.5, 3.5, 14, 0, readLine(), -3.0
12, 1394, -5.0, 1.0, -2.5, 4.0, 14, 0, readLine(), -3.0
12, 1395, -5.0, 1.0, -2.5, 4.5, 14, 0, readLine(), -3.0
12, 1396, -5.0, 1.0, -2.5, 5.0, 14, 0, readLine(), -3.0
12, 1397, -5.0, 1.0, -2.0, 0.0, 14, 0, readLine(), -3.0
12, 1398, -5.0, 1.0, -2.0, 0.5, 14, 0, readLine(), -3.0
12, 1399, -5.0, 1.0, -2.0, 1.0, 14, 0, readLine(), -3.0
12, 1400, -5.0, 1.0, -2.0, 1.5, 14, 0, readLine(), -3.0
12, 1401, -5.0, 1.0, -2.0, 2.0, 14, 0, readLine(), -3.0
12, 1402, -5.0, 1.0, -2.0, 2.5, 14, 0, readLine(), -3.0
12, 1403, -5.0, 1.0, -2.0, 3.0, 14, 0, readLine(), -3.0
12, 1404, -5.0, 1.0, -2.0, 3.5, 14, 0, readLine(), -3.0
12, 1405, -5.0, 1.0, -2.0, 4.0, 14, 0, readLine(), -3.0
12, 1406, -5.0, 1.0, -2.0, 4.5, 14, 0, readLine(), -3.0
12, 1407, -5.0, 1.0, -2.0, 5.0, 14, 0, readLine(), -3.0
12, 1408, -5.0, 1.0, -1.5, 0.0, 14, 0, readLine(), -3.0
12, 1409, -5.0, 1.0, -1.5, 0.5, 14, 0, readLine(), -3.0
12, 1410, -5.0, 1.0, -1.5, 1.0, 14, 0, readLine(), -3.0
12, 1411, -5.0, 1.0, -1.5, 1.5, 14, 0, readLine(), -3.0
12, 1412, -5.0, 1.0, -1.5, 2.0, 14, 0, readLine(), -3.0
12, 1413, -5.0, 1.0, -1.5, 2.5, 14, 0, readLine(), -3.0
12, 1414, -5.0, 1.0, -1.5, 3.0, 14, 0, readLine(), -3.0
12, 1415, -5.0, 1.0, -1.5, 3.5, 14, 0, readLine(), -3.0
12, 1416, -5.0, 1.0, -1.5, 4.0, 14, 0, readLine(), -3.0
12, 1417, -5.0, 1.0, -1.5, 4.5, 14, 0, readLine(), -3.0
12, 1418, -5.0, 1.0, -1.5, 5.0, 14, 0, readLine(), -3.0
12, 1419, -5.0, 1.0, -1.0, 0.0, 14, 0, readLine(), -3.0
12, 1420, -5.0, 1.0, -1.0, 0.5, 14, 0, readLine(), -3.0
12, 1421, -5.0, 1.0, -1.0, 1.0, 14, 0, readLine(), -3.0
12, 1422, -5.0, 1.0, -1.0, 1.5, 14, 0, readLine(), -3.0
12, 1423, -5.0, 1.0, -1.0, 2.0, 14, 0, readLine(), -3.0
12, 1424, -5.0, 1.0, -1.0, 2.5, 14, 0, readLine(), -3.0
12, 1425, -5.0, 1.0, -1.0, 3.0, 14, 0, readLine(), -3.0
12, 1426, -5.0, 1.0, -1.0, 3.5, 14, 0, readLine(), -3.0
12, 1427, -5.0, 1.0, -1.0, 4.0, 14, 0, readLine(), -3.0
12, 1428, -5.0, 1.0, -1.0, 4.5, 14, 0, readLine(), -3.0
12, 1429, -5.0, 1.0, -1.0, 5.0, 14, 0, readLine(), -3.0
12, 1430, -5.0, 1.0, -0.5, 0.0, 14, 0, readLine(), -3.0
12, 1431, -5.0, 1.0, -0.5, 0.5, 14, 0, readLine(), -3.0
12, 1432, -5.0, 1.0, -0.5, 1.0, 14, 0, readLine(), -3.0
12, 1433, -5.0, 1.0, -0.5, 1.5, 14, 0, readLine(), -3.0
12, 1434, -5.0, 1.0, -0.5, 2.0, 14, 0, readLine(), -3.0
12, 1435, -5.0, 1.0, -0.5, 2.5, 14, 0, readLine(), -3.0
12, 1436, -5.0, 1.0, -0.5, 3.0, 14, 0, readLine(), -3.0
12, 1437, -5.0, 1.0, -0.5, 3.5, 14, 0, readLine(), -3.0
12, 1438, -5.0, 1.0, -0.5, 4.0, 14, 0, readLine(), -3.0
12, 1439, -5.0, 1.0, -0.5, 4.5, 14, 0, readLine(), -3.0
12, 1440, -5.0, 1.0, -0.5, 5.0, 14, 0, readLine(), -3.0
12, 1441, -5.0, 1.0, 0.0, 0.0, 14, 0, readLine(), -3.0
12, 1442, -5.0, 1.0, 0.0, 0.5, 14, 0, readLine(), -3.0
12, 1443, -5.0, 1.0, 0.0, 1.0, 14, 0, readLine(), -3.0
12, 1444, -5.0, 1.0, 0.0, 1.5, 14, 0, readLine(), -3.0
12, 1445, -5.0, 1.0, 0.0, 2.0, 14, 0, readLine(), -3.0
12, 1446, -5.0, 1.0, 0.0, 2.5, 14, 0, readLine(), -3.0
12, 1447, -5.0, 1.0, 0.0, 3.0, 14, 0, readLine(), -3.0
12, 1448, -5.0, 1.0, 0.0, 3.5, 14, 0, readLine(), -3.0
12, 1449, -5.0, 1.0, 0.0, 4.0, 14, 0, readLine(), -3.0
12, 1450, -5.0, 1.0, 0.0, 4.5, 14, 0, readLine(), -3.0
12, 1451, -5.0, 1.0, 0.0, 5.0, 14, 0, readLine(), -3.0
12, 1452, -4.5, 1.0, -5.0, 0.0, 14, 0, readLine(), -2.5
12, 1453, -4.5, 1.0, -5.0, 0.5, 14, 0, readLine(), -2.5
12, 1454, -4.5, 1.0, -5.0, 1.0, 14, 0, readLine(), -2.5
12, 1455, -4.5, 1.0, -5.0, 1.5, 14, 0, readLine(), -2.5
12, 1456, -4.5, 1.0, -5.0, 2.0, 14, 0, readLine(), -2.5
12, 1457, -4.5, 1.0, -5.0, 2.5, 14, 0, readLine(), -2.5
12, 1458, -4.5, 1.0, -5.0, 3.0, 14, 0, readLine(), -2.5
12, 1459, -4.5, 1.0, -5.0, 3.5, 14, 0, readLine(), -2.5
12, 1460, -4.5, 1.0, -5.0, 4.0, 14, 0, readLine(), -2.5
12, 1461, -4.5, 1.0, -5.0, 4.5, 14, 0, readLine(), -2.5
12, 1462, -4.5, 1.0, -5.0, 5.0, 14, 0, readLine(), -2.5
12, 1463, -4.5, 1.0, -4.5, 0.0, 14, 0, readLine(), -2.5
12, 1464, -4.5, 1.0, -4.5, 0.5, 14, 0, readLine(), -2.5
12, 1465, -4.5, 1.0, -4.5, 1.0, 14, 0, readLine(), -2.5
12, 1466, -4.5, 1.0, -4.5, 1.5, 14, 0, readLine(), -2.5
12, 1467, -4.5, 1.0, -4.5, 2.0, 14, 0, readLine(), -2.5
12, 1468, -4.5, 1.0, -4.5, 2.5, 14, 0, readLine(), -2.5
12, 1469, -4.5, 1.0, -4.5, 3.0, 14, 0, readLine(), -2.5
12, 1470, -4.5, 1.0, -4.5, 3.5, 14, 0, readLine(), -2.5
12, 1471, -4.5, 1.0, -4.5, 4.0, 14, 0, readLine(), -2.5
12, 1472, -4.5, 1.0, -4.5, 4.5, 14, 0, readLine(), -2.5
12, 1473, -4.5, 1.0, -4.5, 5.0, 14, 0, readLine(), -2.5
12, 1474, -4.5, 1.0, -4.0, 0.0, 14, 0, readLine(), -2.5
12, 1475, -4.5, 1.0, -4.0, 0.5, 14, 0, readLine(), -2.5
12, 1476, -4.5, 1.0, -4.0, 1.0, 14, 0, readLine(), -2.5
12, 1477, -4.5, 1.0, -4.0, 1.5, 14, 0, readLine(), -2.5
12, 1478, -4.5, 1.0, -4.0, 2.0, 14, 0, readLine(), -2.5
12, 1479, -4.5, 1.0, -4.0, 2.5, 14, 0, readLine(), -2.5
12, 1480, -4.5, 1.0, -4.0, 3.0, 14, 0, readLine(), -2.5
12, 1481, -4.5, 1.0, -4.0, 3.5, 14, 0, readLine(), -2.5
12, 1482, -4.5, 1.0, -4.0, 4.0, 14, 0, readLine(), -2.5
12, 1483, -4.5, 1.0, -4.0, 4.5, 14, 0, readLine(), -2.5
12, 1484, -4.5, 1.0, -4.0, 5.0, 14, 0, readLine(), -2.5
12, 1485, -4.5, 1.0, -3.5, 0.0, 14, 0, readLine(), -2.5
12, 1486, -4.5, 1.0, -3.5, 0.5, 14, 0, readLine(), -2.5
12, 1487, -4.5, 1.0, -3.5, 1.0, 14, 0, readLine(), -2.5
12, 1488, -4.5, 1.0, -3.5, 1.5, 14, 0, readLine(), -2.5
12, 1489, -4.5, 1.0, -3.5, 2.0, 14, 0, readLine(), -2.5
12, 1490, -4.5, 1.0, -3.5, 2.5, 14, 0, readLine(), -2.5
12, 1491, -4.5, 1.0, -3.5, 3.0, 14, 0, readLine(), -2.5
12, 1492, -4.5, 1.0, -3.5, 3.5, 14, 0, readLine(), -2.5
12, 1493, -4.5, 1.0, -3.5, 4.0, 14, 0, readLine(), -2.5
12, 1494, -4.5, 1.0, -3.5, 4.5, 14, 0, readLine(), -2.5
12, 1495, -4.5, 1.0, -3.5, 5.0, 14, 0, readLine(), -2.5
12, 1496, -4.5, 1.0, -3.0, 0.0, 14, 0, readLine(), -2.5
12, 1497, -4.5, 1.0, -3.0, 0.5, 14, 0, readLine(), -2.5
12, 1498, -4.5, 1.0, -3.0, 1.0, 14, 0, readLine(), -2.5
12, 1499, -4.5, 1.0, -3.0, 1.5, 14, 0, readLine(), -2.5
12, 1500, -4.5, 1.0, -3.0, 2.0, 14, 0, readLine(), -2.5
12, 1501, -4.5, 1.0, -3.0, 2.5, 14, 0, readLine(), -2.5
12, 1502, -4.5, 1.0, -3.0, 3.0, 14, 0, readLine(), -2.5
12, 1503, -4.5, 1.0, -3.0, 3.5, 14, 0, readLine(), -2.5
12, 1504, -4.5, 1.0, -3.0, 4.0, 14, 0, readLine(), -2.5
12, 1505, -4.5, 1.0, -3.0, 4.5, 14, 0, readLine(), -2.5
12, 1506, -4.5, 1.0, -3.0, 5.0, 14, 0, readLine(), -2.5
12, 1507, -4.5, 1.0, -2.5, 0.0, 14, 0, readLine(), -2.5
12, 1508, -4.5, 1.0, -2.5, 0.5, 14, 0, readLine(), -2.5
12, 1509, -4.5, 1.0, -2.5, 1.0, 14, 0, readLine(), -2.5
12, 1510, -4.5, 1.0, -2.5, 1.5, 14, 0, readLine(), -2.5
12, 1511, -4.5, 1.0, -2.5, 2.0, 14, 0, readLine(), -2.5
12, 1512, -4.5, 1.0, -2.5, 2.5, 14, 0, readLine(), -2.5
12, 1513, -4.5, 1.0, -2.5, 3.0, 14, 0, readLine(), -2.5
12, 1514, -4.5, 1.0, -2.5, 3.5, 14, 0, readLine(), -2.5
12, 1515, -4.5, 1.0, -2.5, 4.0, 14, 0, readLine(), -2.5
12, 1516, -4.5, 1.0, -2.5, 4.5, 14, 0, readLine(), -2.5
12, 1517, -4.5, 1.0, -2.5, 5.0, 14, 0, readLine(), -2.5
12, 1518, -4.5, 1.0, -2.0, 0.0, 14, 0, readLine(), -2.5
12, 1519, -4.5, 1.0, -2.0, 0.5, 14, 0, readLine(), -2.5
12, 1520, -4.5, 1.0, -2.0, 1.0, 14, 0, readLine(), -2.5
12, 1521, -4.5, 1.0, -2.0, 1.5, 14, 0, readLine(), -2.5
12, 1522, -4.5, 1.0, -2.0, 2.0, 14, 0, readLine(), -2.5
12, 1523, -4.5, 1.0, -2.0, 2.5, 14, 0, readLine(), -2.5
12, 1524, -4.5, 1.0, -2.0, 3.0, 14, 0, readLine(), -2.5
12, 1525, -4.5, 1.0, -2.0, 3.5, 14, 0, readLine(), -2.5
12, 1526, -4.5, 1.0, -2.0, 4.0, 14, 0, readLine(), -2.5
12, 1527, -4.5, 1.0, -2.0, 4.5, 14, 0, readLine(), -2.5
12, 1528, -4.5, 1.0, -2.0, 5.0, 14, 0, readLine(), -2.5
12, 1529, -4.5, 1.0, -1.5, 0.0, 14, 0, readLine(), -2.5
12, 1530, -4.5, 1.0, -1.5, 0.5, 14, 0, readLine(), -2.5
12, 1531, -4.5, 1.0, -1.5, 1.0, 14, 0, readLine(), -2.5
12, 1532, -4.5, 1.0, -1.5, 1.5, 14, 0, readLine(), -2.5
12, 1533, -4.5, 1.0, -1.5, 2.0, 14, 0, readLine(), -2.5
12, 1534, -4.5, 1.0, -1.5, 2.5, 14, 0, readLine(), -2.5
12, 1535, -4.5, 1.0, -1.5, 3.0, 14, 0, readLine(), -2.5
12, 1536, -4.5, 1.0, -1.5, 3.5, 14, 0, readLine(), -2.5
12, 1537, -4.5, 1.0, -1.5, 4.0, 14, 0, readLine(), -2.5
12, 1538, -4.5, 1.0, -1.5, 4.5, 14, 0, readLine(), -2.5
12, 1539, -4.5, 1.0, -1.5, 5.0, 14, 0, readLine(), -2.5
12, 1540, -4.5, 1.0, -1.0, 0.0, 14, 0, readLine(), -2.5
12, 1541, -4.5, 1.0, -1.0, 0.5, 14, 0, readLine(), -2.5
12, 1542, -4.5, 1.0, -1.0, 1.0, 14, 0, readLine(), -2.5
12, 1543, -4.5, 1.0, -1.0, 1.5, 14, 0, readLine(), -2.5
12, 1544, -4.5, 1.0, -1.0, 2.0, 14, 0, readLine(), -2.5
12, 1545, -4.5, 1.0, -1.0, 2.5, 14, 0, readLine(), -2.5
12, 1546, -4.5, 1.0, -1.0, 3.0, 14, 0, readLine(), -2.5
12, 1547, -4.5, 1.0, -1.0, 3.5, 14, 0, readLine(), -2.5
12, 1548, -4.5, 1.0, -1.0, 4.0, 14, 0, readLine(), -2.5
12, 1549, -4.5, 1.0, -1.0, 4.5, 14, 0, readLine(), -2.5
12, 1550, -4.5, 1.0, -1.0, 5.0, 14, 0, readLine(), -2.5
12, 1551, -4.5, 1.0, -0.5, 0.0, 14, 0, readLine(), -2.5
12, 1552, -4.5, 1.0, -0.5, 0.5, 14, 0, readLine(), -2.5
12, 1553, -4.5, 1.0, -0.5, 1.0, 14, 0, readLine(), -2.5
12, 1554, -4.5, 1.0, -0.5, 1.5, 14, 0, readLine(), -2.5
12, 1555, -4.5, 1.0, -0.5, 2.0, 14, 0, readLine(), -2.5
12, 1556, -4.5, 1.0, -0.5, 2.5, 14, 0, readLine(), -2.5
12, 1557, -4.5, 1.0, -0.5, 3.0, 14, 0, readLine(), -2.5
12, 1558, -4.5, 1.0, -0.5, 3.5, 14, 0, readLine(), -2.5
12, 1559, -4.5, 1.0, -0.5, 4.0, 14, 0, readLine(), -2.5
12, 1560, -4.5, 1.0, -0.5, 4.5, 14, 0, readLine(), -2.5
12, 1561, -4.5, 1.0, -0.5, 5.0, 14, 0, readLine(), -2.5
12, 1562, -4.5, 1.0, 0.0, 0.0, 14, 0, readLine(), -2.5
12, 1563, -4.5, 1.0, 0.0, 0.5, 14, 0, readLine(), -2.5
12, 1564, -4.5, 1.0, 0.0, 1.0, 14, 0, readLine(), -2.5
12, 1565, -4.5, 1.0, 0.0, 1.5, 14, 0, readLine(), -2.5
12, 1566, -4.5, 1.0, 0.0, 2.0, 14, 0, readLine(), -2.5
12, 1567, -4.5, 1.0, 0.0, 2.5, 14, 0, readLine(), -2.5
12, 1568, -4.5, 1.0, 0.0, 3.0, 14, 0, readLine(), -2.5
12, 1569, -4.5, 1.0, 0.0, 3.5, 14, 0, readLine(), -2.5
12, 1570, -4.5, 1.0, 0.0, 4.0, 14, 0, readLine(), -2.5
12, 1571, -4.5, 1.0, 0.0, 4.5, 14, 0, readLine(), -2.5
12, 1572, -4.5, 1.0, 0.0, 5.0, 14, 1, readLine(), -2.5
12, 1573, -4.0, 1.0, -5.0, 0.0, 14, 0, readLine(), -2.0
12, 1574, -4.0, 1.0, -5.0, 0.5, 14, 0, readLine(), -2.0
12, 1575, -4.0, 1.0, -5.0, 1.0, 14, 0, readLine(), -2.0
12, 1576, -4.0, 1.0, -5.0, 1.5, 14, 0, readLine(), -2.0
12, 1577, -4.0, 1.0, -5.0, 2.0, 14, 0, readLine(), -2.0
12, 1578, -4.0, 1.0, -5.0, 2.5, 14, 0, readLine(), -2.0
12, 1579, -4.0, 1.0, -5.0, 3.0, 14, 0, readLine(), -2.0
12, 1580, -4.0, 1.0, -5.0, 3.5, 14, 0, readLine(), -2.0
12, 1581, -4.0, 1.0, -5.0, 4.0, 14, 0, readLine(), -2.0
12, 1582, -4.0, 1.0, -5.0, 4.5, 14, 0, readLine(), -2.0
12, 1583, -4.0, 1.0, -5.0, 5.0, 14, 0, readLine(), -2.0
12, 1584, -4.0, 1.0, -4.5, 0.0, 14, 0, readLine(), -2.0
12, 1585, -4.0, 1.0, -4.5, 0.5, 14, 0, readLine(), -2.0
12, 1586, -4.0, 1.0, -4.5, 1.0, 14, 0, readLine(), -2.0
12, 1587, -4.0, 1.0, -4.5, 1.5, 14, 0, readLine(), -2.0
12, 1588, -4.0, 1.0, -4.5, 2.0, 14, 0, readLine(), -2.0
12, 1589, -4.0, 1.0, -4.5, 2.5, 14, 0, readLine(), -2.0
12, 1590, -4.0, 1.0, -4.5, 3.0, 14, 0, readLine(), -2.0
12, 1591, -4.0, 1.0, -4.5, 3.5, 14, 0, readLine(), -2.0
12, 1592, -4.0, 1.0, -4.5, 4.0, 14, 0, readLine(), -2.0
12, 1593, -4.0, 1.0, -4.5, 4.5, 14, 0, readLine(), -2.0
12, 1594, -4.0, 1.0, -4.5, 5.0, 14, 0, readLine(), -2.0
12, 1595, -4.0, 1.0, -4.0, 0.0, 14, 0, readLine(), -2.0
12, 1596, -4.0, 1.0, -4.0, 0.5, 14, 0, readLine(), -2.0
12, 1597, -4.0, 1.0, -4.0, 1.0, 14, 0, readLine(), -2.0
12, 1598, -4.0, 1.0, -4.0, 1.5, 14, 0, readLine(), -2.0
12, 1599, -4.0, 1.0, -4.0, 2.0, 14, 0, readLine(), -2.0
12, 1600, -4.0, 1.0, -4.0, 2.5, 14, 0, readLine(), -2.0
12, 1601, -4.0, 1.0, -4.0, 3.0, 14, 0, readLine(), -2.0
12, 1602, -4.0, 1.0, -4.0, 3.5, 14, 0, readLine(), -2.0
12, 1603, -4.0, 1.0, -4.0, 4.0, 14, 0, readLine(), -2.0
12, 1604, -4.0, 1.0, -4.0, 4.5, 14, 0, readLine(), -2.0
12, 1605, -4.0, 1.0, -4.0, 5.0, 14, 0, readLine(), -2.0
12, 1606, -4.0, 1.0, -3.5, 0.0, 14, 0, readLine(), -2.0
12, 1607, -4.0, 1.0, -3.5, 0.5, 14, 0, readLine(), -2.0
12, 1608, -4.0, 1.0, -3.5, 1.0, 14, 0, readLine(), -2.0
12, 1609, -4.0, 1.0, -3.5, 1.5, 14, 0, readLine(), -2.0
12, 1610, -4.0, 1.0, -3.5, 2.0, 14, 0, readLine(), -2.0
12, 1611, -4.0, 1.0, -3.5, 2.5, 14, 0, readLine(), -2.0
12, 1612, -4.0, 1.0, -3.5, 3.0, 14, 0, readLine(), -2.0
12, 1613, -4.0, 1.0, -3.5, 3.5, 14, 0, readLine(), -2.0
12, 1614, -4.0, 1.0, -3.5, 4.0, 14, 0, readLine(), -2.0
12, 1615, -4.0, 1.0, -3.5, 4.5, 14, 0, readLine(), -2.0
12, 1616, -4.0, 1.0, -3.5, 5.0, 14, 0, readLine(), -2.0
12, 1617, -4.0, 1.0, -3.0, 0.0, 14, 0, readLine(), -2.0
12, 1618, -4.0, 1.0, -3.0, 0.5, 14, 0, readLine(), -2.0
12, 1619, -4.0, 1.0, -3.0, 1.0, 14, 0, readLine(), -2.0
12, 1620, -4.0, 1.0, -3.0, 1.5, 14, 0, readLine(), -2.0
12, 1621, -4.0, 1.0, -3.0, 2.0, 14, 0, readLine(), -2.0
12, 1622, -4.0, 1.0, -3.0, 2.5, 14, 0, readLine(), -2.0
12, 1623, -4.0, 1.0, -3.0, 3.0, 14, 0, readLine(), -2.0
12, 1624, -4.0, 1.0, -3.0, 3.5, 14, 0, readLine(), -2.0
12, 1625, -4.0, 1.0, -3.0, 4.0, 14, 0, readLine(), -2.0
12, 1626, -4.0, 1.0, -3.0, 4.5, 14, 0, readLine(), -2.0
12, 1627, -4.0, 1.0, -3.0, 5.0, 14, 0, readLine(), -2.0
12, 1628, -4.0, 1.0, -2.5, 0.0, 14, 0, readLine(), -2.0
12, 1629, -4.0, 1.0, -2.5, 0.5, 14, 0, readLine(), -2.0
12, 1630, -4.0, 1.0, -2.5, 1.0, 14, 0, readLine(), -2.0
12, 1631, -4.0, 1.0, -2.5, 1.5, 14, 0, readLine(), -2.0
12, 1632, -4.0, 1.0, -2.5, 2.0, 14, 0, readLine(), -2.0
12, 1633, -4.0, 1.0, -2.5, 2.5, 14, 0, readLine(), -2.0
12, 1634, -4.0, 1.0, -2.5, 3.0, 14, 0, readLine(), -2.0
12, 1635, -4.0, 1.0, -2.5, 3.5, 14, 0, readLine(), -2.0
12, 1636, -4.0, 1.0, -2.5, 4.0, 14, 0, readLine(), -2.0
12, 1637, -4.0, 1.0, -2.5, 4.5, 14, 0, readLine(), -2.0
12, 1638, -4.0, 1.0, -2.5, 5.0, 14, 0, readLine(), -2.0
12, 1639, -4.0, 1.0, -2.0, 0.0, 14, 0, readLine(), -2.0
12, 1640, -4.0, 1.0, -2.0, 0.5, 14, 0, readLine(), -2.0
12, 1641, -4.0, 1.0, -2.0, 1.0, 14, 0, readLine(), -2.0
12, 1642, -4.0, 1.0, -2.0, 1.5, 14, 0, readLine(), -2.0
12, 1643, -4.0, 1.0, -2.0, 2.0, 14, 0, readLine(), -2.0
12, 1644, -4.0, 1.0, -2.0, 2.5, 14, 0, readLine(), -2.0
12, 1645, -4.0, 1.0, -2.0, 3.0, 14, 0, readLine(), -2.0
12, 1646, -4.0, 1.0, -2.0, 3.5, 14, 0, readLine(), -2.0
12, 1647, -4.0, 1.0, -2.0, 4.0, 14, 0, readLine(), -2.0
12, 1648, -4.0, 1.0, -2.0, 4.5, 14, 0, readLine(), -2.0
12, 1649, -4.0, 1.0, -2.0, 5.0, 14, 0, readLine(), -2.0
12, 1650, -4.0, 1.0, -1.5, 0.0, 14, 0, readLine(), -2.0
12, 1651, -4.0, 1.0, -1.5, 0.5, 14, 0, readLine(), -2.0
12, 1652, -4.0, 1.0, -1.5, 1.0, 14, 0, readLine(), -2.0
12, 1653, -4.0, 1.0, -1.5, 1.5, 14, 0, readLine(), -2.0
12, 1654, -4.0, 1.0, -1.5, 2.0, 14, 0, readLine(), -2.0
12, 1655, -4.0, 1.0, -1.5, 2.5, 14, 0, readLine(), -2.0
12, 1656, -4.0, 1.0, -1.5, 3.0, 14, 0, readLine(), -2.0
12, 1657, -4.0, 1.0, -1.5, 3.5, 14, 0, readLine(), -2.0
12, 1658, -4.0, 1.0, -1.5, 4.0, 14, 0, readLine(), -2.0
12, 1659, -4.0, 1.0, -1.5, 4.5, 14, 0, readLine(), -2.0
12, 1660, -4.0, 1.0, -1.5, 5.0, 14, 0, readLine(), -2.0
12, 1661, -4.0, 1.0, -1.0, 0.0, 14, 0, readLine(), -2.0
12, 1662, -4.0, 1.0, -1.0, 0.5, 14, 0, readLine(), -2.0
12, 1663, -4.0, 1.0, -1.0, 1.0, 14, 0, readLine(), -2.0
12, 1664, -4.0, 1.0, -1.0, 1.5, 14, 0, readLine(), -2.0
12, 1665, -4.0, 1.0, -1.0, 2.0, 14, 0, readLine(), -2.0
12, 1666, -4.0, 1.0, -1.0, 2.5, 14, 0, readLine(), -2.0
12, 1667, -4.0, 1.0, -1.0, 3.0, 14, 0, readLine(), -2.0
12, 1668, -4.0, 1.0, -1.0, 3.5, 14, 0, readLine(), -2.0
12, 1669, -4.0, 1.0, -1.0, 4.0, 14, 0, readLine(), -2.0
12, 1670, -4.0, 1.0, -1.0, 4.5, 14, 0, readLine(), -2.0
12, 1671, -4.0, 1.0, -1.0, 5.0, 14, 0, readLine(), -2.0
12, 1672, -4.0, 1.0, -0.5, 0.0, 14, 0, readLine(), -2.0
12, 1673, -4.0, 1.0, -0.5, 0.5, 14, 0, readLine(), -2.0
12, 1674, -4.0, 1.0, -0.5, 1.0, 14, 0, readLine(), -2.0
12, 1675, -4.0, 1.0, -0.5, 1.5, 14, 0, readLine(), -2.0
12, 1676, -4.0, 1.0, -0.5, 2.0, 14, 0, readLine(), -2.0
12, 1677, -4.0, 1.0, -0.5, 2.5, 14, 0, readLine(), -2.0
12, 1678, -4.0, 1.0, -0.5, 3.0, 14, 0, readLine(), -2.0
12, 1679, -4.0, 1.0, -0.5, 3.5, 14, 0, readLine(), -2.0
12, 1680, -4.0, 1.0, -0.5, 4.0, 14, 0, readLine(), -2.0
12, 1681, -4.0, 1.0, -0.5, 4.5, 14, 0, readLine(), -2.0
12, 1682, -4.0, 1.0, -0.5, 5.0, 14, 2, readLine(), -2.0
12, 1683, -4.0, 1.0, 0.0, 0.0, 14, 0, readLine(), -2.0
12, 1684, -4.0, 1.0, 0.0, 0.5, 14, 0, readLine(), -2.0
12, 1685, -4.0, 1.0, 0.0, 1.0, 14, 0, readLine(), -2.0
12, 1686, -4.0, 1.0, 0.0, 1.5, 14, 0, readLine(), -2.0
12, 1687, -4.0, 1.0, 0.0, 2.0, 14, 0, readLine(), -2.0
12, 1688, -4.0, 1.0, 0.0, 2.5, 14, 0, readLine(), -2.0
12, 1689, -4.0, 1.0, 0.0, 3.0, 14, 0, readLine(), -2.0
12, 1690, -4.0, 1.0, 0.0, 3.5, 14, 0, readLine(), -2.0
12, 1691, -4.0, 1.0, 0.0, 4.0, 14, 0, readLine(), -2.0
12, 1692, -4.0, 1.0, 0.0, 4.5, 14, 3, readLine(), -2.0
12, 1693, -4.0, 1.0, 0.0, 5.0, 22, 1, new Task12().getLines(in).add(), 2.0
12, 1694, -3.5, 1.0, -5.0, 0.0, 14, 0, readLine(), -1.5
12, 1695, -3.5, 1.0, -5.0, 0.5, 14, 0, readLine(), -1.5
12, 1696, -3.5, 1.0, -5.0, 1.0, 14, 0, readLine(), -1.5
12, 1697, -3.5, 1.0, -5.0, 1.5, 14, 0, readLine(), -1.5
12, 1698, -3.5, 1.0, -5.0, 2.0, 14, 0, readLine(), -1.5
12, 1699, -3.5, 1.0, -5.0, 2.5, 14, 0, readLine(), -1.5
12, 1700, -3.5, 1.0, -5.0, 3.0, 14, 0, readLine(), -1.5
12, 1701, -3.5, 1.0, -5.0, 3.5, 14, 0, readLine(), -1.5
12, 1702, -3.5, 1.0, -5.0, 4.0, 14, 0, readLine(), -1.5
12, 1703, -3.5, 1.0, -5.0, 4.5, 11, 0, in.readLine(), 0.5
12, 1704, -3.5, 1.0, -5.0, 5.0, 11, 0, in.readLine(), 1.0
12, 1705, -3.5, 1.0, -4.5, 0.0, 14, 0, readLine(), -1.5
12, 1706, -3.5, 1.0, -4.5, 0.5, 14, 0, readLine(), -1.5
12, 1707, -3.5, 1.0, -4.5, 1.0, 14, 0, readLine(), -1.5
12, 1708, -3.5, 1.0, -4.5, 1.5, 14, 0, readLine(), -1.5
12, 1709, -3.5, 1.0, -4.5, 2.0, 14, 0, readLine(), -1.5
12, 1710, -3.5, 1.0, -4.5, 2.5, 14, 0, readLine(), -1.5
12, 1711, -3.5, 1.0, -4.5, 3.0, 14, 0, readLine(), -1.5
12, 1712, -3.5, 1.0, -4.5, 3.5, 14, 0, readLine(), -1.5
12, 1713, -3.5, 1.0, -4.5, 4.0, 14, 0, readLine(), -1.5
12, 1714, -3.5, 1.0, -4.5, 4.5, 11, 0, in.readLine(), 0.5
12, 1715, -3.5, 1.0, -4.5, 5.0, 11, 0, in.readLine(), 1.0
12, 1716, -3.5, 1.0, -4.0, 0.0, 14, 0, readLine(), -1.5
12, 1717, -3.5, 1.0, -4.0, 0.5, 14, 0, readLine(), -1.5
12, 1718, -3.5, 1.0, -4.0, 1.0, 14, 0, readLine(), -1.5
12, 1719, -3.5, 1.0, -4.0, 1.5, 14, 0, readLine(), -1.5
12, 1720, -3.5, 1.0, -4.0, 2.0, 14, 0, readLine(), -1.5
12, 1721, -3.5, 1.0, -4.0, 2.5, 14, 0, readLine(), -1.5
12, 1722, -3.5, 1.0, -4.0, 3.0, 14, 0, readLine(), -1.5
12, 1723, -3.5, 1.0, -4.0, 3.5, 14, 0, readLine(), -1.5
12, 1724, -3.5, 1.0, -4.0, 4.0, 14, 0, readLine(), -1.5
12, 1725, -3.5, 1.0, -4.0, 4.5, 11, 0, in.readLine(), 0.5
12, 1726, -3.5, 1.0, -4.0, 5.0, 11, 0, in.readLine(), 1.0
12, 1727, -3.5, 1.0, -3.5, 0.0, 14, 0, readLine(), -1.5
12, 1728, -3.5, 1.0, -3.5, 0.5, 14, 0, readLine(), -1.5
12, 1729, -3.5, 1.0, -3.5, 1.0, 14, 0, readLine(), -1.5
12, 1730, -3.5, 1.0, -3.5, 1.5, 14, 0, readLine(), -1.5
12, 1731, -3.5, 1.0, -3.5, 2.0, 14, 0, readLine(), -1.5
12, 1732, -3.5, 1.0, -3.5, 2.5, 14, 0, readLine(), -1.5
12, 1733, -3.5, 1.0, -3.5, 3.0, 14, 0, readLine(), -1.5
12, 1734, -3.5, 1.0, -3.5, 3.5, 14, 0, readLine(), -1.5
12, 1735, -3.5, 1.0, -3.5, 4.0, 14, 0, readLine(), -1.5
12, 1736, -3.5, 1.0, -3.5, 4.5, 11, 0, in.readLine(), 0.5
12, 1737, -3.5, 1.0, -3.5, 5.0, 11, 0, in.readLine(), 1.0
12, 1738, -3.5, 1.0, -3.0, 0.0, 14, 0, readLine(), -1.5
12, 1739, -3.5, 1.0, -3.0, 0.5, 14, 0, readLine(), -1.5
12, 1740, -3.5, 1.0, -3.0, 1.0, 14, 0, readLine(), -1.5
12, 1741, -3.5, 1.0, -3.0, 1.5, 14, 0, readLine(), -1.5
12, 1742, -3.5, 1.0, -3.0, 2.0, 14, 0, readLine(), -1.5
12, 1743, -3.5, 1.0, -3.0, 2.5, 14, 0, readLine(), -1.5
12, 1744, -3.5, 1.0, -3.0, 3.0, 14, 0, readLine(), -1.5
12, 1745, -3.5, 1.0, -3.0, 3.5, 14, 0, readLine(), -1.5
12, 1746, -3.5, 1.0, -3.0, 4.0, 14, 0, readLine(), -1.5
12, 1747, -3.5, 1.0, -3.0, 4.5, 11, 0, in.readLine(), 0.5
12, 1748, -3.5, 1.0, -3.0, 5.0, 11, 0, in.readLine(), 1.0
12, 1749, -3.5, 1.0, -2.5, 0.0, 14, 0, readLine(), -1.5
12, 1750, -3.5, 1.0, -2.5, 0.5, 14, 0, readLine(), -1.5
12, 1751, -3.5, 1.0, -2.5, 1.0, 14, 0, readLine(), -1.5
12, 1752, -3.5, 1.0, -2.5, 1.5, 14, 0, readLine(), -1.5
12, 1753, -3.5, 1.0, -2.5, 2.0, 14, 0, readLine(), -1.5
12, 1754, -3.5, 1.0, -2.5, 2.5, 14, 0, readLine(), -1.5
12, 1755, -3.5, 1.0, -2.5, 3.0, 14, 0, readLine(), -1.5
12, 1756, -3.5, 1.0, -2.5, 3.5, 14, 0, readLine(), -1.5
12, 1757, -3.5, 1.0, -2.5, 4.0, 14, 0, readLine(), -1.5
12, 1758, -3.5, 1.0, -2.5, 4.5, 11, 0, in.readLine(), 0.5
12, 1759, -3.5, 1.0, -2.5, 5.0, 11, 0, in.readLine(), 1.0
12, 1760, -3.5, 1.0, -2.0, 0.0, 14, 0, readLine(), -1.5
12, 1761, -3.5, 1.0, -2.0, 0.5, 14, 0, readLine(), -1.5
12, 1762, -3.5, 1.0, -2.0, 1.0, 14, 0, readLine(), -1.5
12, 1763, -3.5, 1.0, -2.0, 1.5, 14, 0, readLine(), -1.5
12, 1764, -3.5, 1.0, -2.0, 2.0, 14, 0, readLine(), -1.5
12, 1765, -3.5, 1.0, -2.0, 2.5, 14, 0, readLine(), -1.5
12, 1766, -3.5, 1.0, -2.0, 3.0, 14, 0, readLine(), -1.5
12, 1767, -3.5, 1.0, -2.0, 3.5, 14, 0, readLine(), -1.5
12, 1768, -3.5, 1.0, -2.0, 4.0, 14, 0, readLine(), -1.5
12, 1769, -3.5, 1.0, -2.0, 4.5, 11, 0, in.readLine(), 0.5
12, 1770, -3.5, 1.0, -2.0, 5.0, 9, 1, in.getLines().add(in.readLine()), 0.5
12, 1771, -3.5, 1.0, -1.5, 0.0, 14, 0, readLine(), -1.5
12, 1772, -3.5, 1.0, -1.5, 0.5, 14, 0, readLine(), -1.5
12, 1773, -3.5, 1.0, -1.5, 1.0, 14, 0, readLine(), -1.5
12, 1774, -3.5, 1.0, -1.5, 1.5, 14, 0, readLine(), -1.5
12, 1775, -3.5, 1.0, -1.5, 2.0, 14, 0, readLine(), -1.5
12, 1776, -3.5, 1.0, -1.5, 2.5, 14, 0, readLine(), -1.5
12, 1777, -3.5, 1.0, -1.5, 3.0, 14, 0, readLine(), -1.5
12, 1778, -3.5, 1.0, -1.5, 3.5, 14, 0, readLine(), -1.5
12, 1779, -3.5, 1.0, -1.5, 4.0, 14, 0, readLine(), -1.5
12, 1780, -3.5, 1.0, -1.5, 4.5, 11, 0, in.readLine(), 0.5
12, 1781, -3.5, 1.0, -1.5, 5.0, 9, 0, in.getLines().add(in.readLine()), 1.0
12, 1782, -3.5, 1.0, -1.0, 0.0, 14, 0, readLine(), -1.5
12, 1783, -3.5, 1.0, -1.0, 0.5, 14, 0, readLine(), -1.5
12, 1784, -3.5, 1.0, -1.0, 1.0, 14, 0, readLine(), -1.5
12, 1785, -3.5, 1.0, -1.0, 1.5, 14, 0, readLine(), -1.5
12, 1786, -3.5, 1.0, -1.0, 2.0, 14, 0, readLine(), -1.5
12, 1787, -3.5, 1.0, -1.0, 2.5, 14, 0, readLine(), -1.5
12, 1788, -3.5, 1.0, -1.0, 3.0, 14, 0, readLine(), -1.5
12, 1789, -3.5, 1.0, -1.0, 3.5, 14, 0, readLine(), -1.5
12, 1790, -3.5, 1.0, -1.0, 4.0, 14, 0, readLine(), -1.5
12, 1791, -3.5, 1.0, -1.0, 4.5, 9, 2, in.getLines().add(in.readLine()), 0.0
12, 1792, -3.5, 1.0, -1.0, 5.0, 11, 0, in.readLine(), 1.0
12, 1793, -3.5, 1.0, -0.5, 0.0, 14, 0, readLine(), -1.5
12, 1794, -3.5, 1.0, -0.5, 0.5, 14, 0, readLine(), -1.5
12, 1795, -3.5, 1.0, -0.5, 1.0, 14, 0, readLine(), -1.5
12, 1796, -3.5, 1.0, -0.5, 1.5, 14, 0, readLine(), -1.5
12, 1797, -3.5, 1.0, -0.5, 2.0, 14, 0, readLine(), -1.5
12, 1798, -3.5, 1.0, -0.5, 2.5, 14, 0, readLine(), -1.5
12, 1799, -3.5, 1.0, -0.5, 3.0, 14, 0, readLine(), -1.5
12, 1800, -3.5, 1.0, -0.5, 3.5, 14, 0, readLine(), -1.5
12, 1801, -3.5, 1.0, -0.5, 4.0, 14, 0, readLine(), -1.5
12, 1802, -3.5, 1.0, -0.5, 4.5, 11, 1, in.readLine(), 0.5
12, 1803, -3.5, 1.0, -0.5, 5.0, 21, 0, new Task12().getLines(in).add(in.readLine()), 2.5
12, 1804, -3.5, 1.0, 0.0, 0.0, 14, 0, readLine(), -1.5
12, 1805, -3.5, 1.0, 0.0, 0.5, 14, 0, readLine(), -1.5
12, 1806, -3.5, 1.0, 0.0, 1.0, 14, 0, readLine(), -1.5
12, 1807, -3.5, 1.0, 0.0, 1.5, 14, 0, readLine(), -1.5
12, 1808, -3.5, 1.0, 0.0, 2.0, 14, 0, readLine(), -1.5
12, 1809, -3.5, 1.0, 0.0, 2.5, 14, 0, readLine(), -1.5
12, 1810, -3.5, 1.0, 0.0, 3.0, 14, 0, readLine(), -1.5
12, 1811, -3.5, 1.0, 0.0, 3.5, 14, 0, readLine(), -1.5
12, 1812, -3.5, 1.0, 0.0, 4.0, 14, 3, readLine(), -1.5
12, 1813, -3.5, 1.0, 0.0, 4.5, 21, 1, new Task12().getLines(in).add(in.readLine()), 2.0
12, 1814, -3.5, 1.0, 0.0, 5.0, 21, 1, new Task12().getLines(in).add(in.readLine()), 4.0
12, 1815, -3.0, 1.0, -5.0, 0.0, 14, 0, readLine(), -1.0
12, 1816, -3.0, 1.0, -5.0, 0.5, 14, 0, readLine(), -1.0
12, 1817, -3.0, 1.0, -5.0, 1.0, 14, 0, readLine(), -1.0
12, 1818, -3.0, 1.0, -5.0, 1.5, 14, 0, readLine(), -1.0
12, 1819, -3.0, 1.0, -5.0, 2.0, 14, 0, readLine(), -1.0
12, 1820, -3.0, 1.0, -5.0, 2.5, 14, 0, readLine(), -1.0
12, 1821, -3.0, 1.0, -5.0, 3.0, 14, 0, readLine(), -1.0
12, 1822, -3.0, 1.0, -5.0, 3.5, 11, 0, in.readLine(), 0.5
12, 1823, -3.0, 1.0, -5.0, 4.0, 11, 0, in.readLine(), 1.0
12, 1824, -3.0, 1.0, -5.0, 4.5, 0, 0, lines.add(in.readLine()), 2.0
12, 1825, -3.0, 1.0, -5.0, 5.0, 0, 0, lines.add(in.readLine()), 3.0
12, 1826, -3.0, 1.0, -4.5, 0.0, 14, 0, readLine(), -1.0
12, 1827, -3.0, 1.0, -4.5, 0.5, 14, 0, readLine(), -1.0
12, 1828, -3.0, 1.0, -4.5, 1.0, 14, 0, readLine(), -1.0
12, 1829, -3.0, 1.0, -4.5, 1.5, 14, 0, readLine(), -1.0
12, 1830, -3.0, 1.0, -4.5, 2.0, 14, 0, readLine(), -1.0
12, 1831, -3.0, 1.0, -4.5, 2.5, 14, 0, readLine(), -1.0
12, 1832, -3.0, 1.0, -4.5, 3.0, 14, 0, readLine(), -1.0
12, 1833, -3.0, 1.0, -4.5, 3.5, 11, 0, in.readLine(), 0.5
12, 1834, -3.0, 1.0, -4.5, 4.0, 11, 0, in.readLine(), 1.0
12, 1835, -3.0, 1.0, -4.5, 4.5, 0, 0, lines.add(in.readLine()), 2.0
12, 1836, -3.0, 1.0, -4.5, 5.0, 0, 0, lines.add(in.readLine()), 3.0
12, 1837, -3.0, 1.0, -4.0, 0.0, 14, 0, readLine(), -1.0
12, 1838, -3.0, 1.0, -4.0, 0.5, 14, 0, readLine(), -1.0
12, 1839, -3.0, 1.0, -4.0, 1.0, 14, 0, readLine(), -1.0
12, 1840, -3.0, 1.0, -4.0, 1.5, 14, 0, readLine(), -1.0
12, 1841, -3.0, 1.0, -4.0, 2.0, 14, 0, readLine(), -1.0
12, 1842, -3.0, 1.0, -4.0, 2.5, 14, 0, readLine(), -1.0
12, 1843, -3.0, 1.0, -4.0, 3.0, 14, 0, readLine(), -1.0
12, 1844, -3.0, 1.0, -4.0, 3.5, 11, 0, in.readLine(), 0.5
12, 1845, -3.0, 1.0, -4.0, 4.0, 11, 0, in.readLine(), 1.0
12, 1846, -3.0, 1.0, -4.0, 4.5, 0, 0, lines.add(in.readLine()), 2.0
12, 1847, -3.0, 1.0, -4.0, 5.0, 0, 0, lines.add(in.readLine()), 3.0
12, 1848, -3.0, 1.0, -3.5, 0.0, 14, 0, readLine(), -1.0
12, 1849, -3.0, 1.0, -3.5, 0.5, 14, 0, readLine(), -1.0
12, 1850, -3.0, 1.0, -3.5, 1.0, 14, 0, readLine(), -1.0
12, 1851, -3.0, 1.0, -3.5, 1.5, 14, 0, readLine(), -1.0
12, 1852, -3.0, 1.0, -3.5, 2.0, 14, 0, readLine(), -1.0
12, 1853, -3.0, 1.0, -3.5, 2.5, 14, 0, readLine(), -1.0
12, 1854, -3.0, 1.0, -3.5, 3.0, 14, 0, readLine(), -1.0
12, 1855, -3.0, 1.0, -3.5, 3.5, 11, 0, in.readLine(), 0.5
12, 1856, -3.0, 1.0, -3.5, 4.0, 11, 0, in.readLine(), 1.0
12, 1857, -3.0, 1.0, -3.5, 4.5, 0, 0, lines.add(in.readLine()), 2.0
12, 1858, -3.0, 1.0, -3.5, 5.0, 0, 0, lines.add(in.readLine()), 3.0
12, 1859, -3.0, 1.0, -3.0, 0.0, 14, 0, readLine(), -1.0
12, 1860, -3.0, 1.0, -3.0, 0.5, 14, 0, readLine(), -1.0
12, 1861, -3.0, 1.0, -3.0, 1.0, 14, 0, readLine(), -1.0
12, 1862, -3.0, 1.0, -3.0, 1.5, 14, 0, readLine(), -1.0
12, 1863, -3.0, 1.0, -3.0, 2.0, 14, 0, readLine(), -1.0
12, 1864, -3.0, 1.0, -3.0, 2.5, 14, 0, readLine(), -1.0
12, 1865, -3.0, 1.0, -3.0, 3.0, 14, 0, readLine(), -1.0
12, 1866, -3.0, 1.0, -3.0, 3.5, 11, 0, in.readLine(), 0.5
12, 1867, -3.0, 1.0, -3.0, 4.0, 11, 0, in.readLine(), 1.0
12, 1868, -3.0, 1.0, -3.0, 4.5, 0, 0, lines.add(in.readLine()), 2.0
12, 1869, -3.0, 1.0, -3.0, 5.0, 0, 0, lines.add(in.readLine()), 3.0
12, 1870, -3.0, 1.0, -2.5, 0.0, 14, 0, readLine(), -1.0
12, 1871, -3.0, 1.0, -2.5, 0.5, 14, 0, readLine(), -1.0
12, 1872, -3.0, 1.0, -2.5, 1.0, 14, 0, readLine(), -1.0
12, 1873, -3.0, 1.0, -2.5, 1.5, 14, 0, readLine(), -1.0
12, 1874, -3.0, 1.0, -2.5, 2.0, 14, 0, readLine(), -1.0
12, 1875, -3.0, 1.0, -2.5, 2.5, 14, 0, readLine(), -1.0
12, 1876, -3.0, 1.0, -2.5, 3.0, 14, 0, readLine(), -1.0
12, 1877, -3.0, 1.0, -2.5, 3.5, 11, 0, in.readLine(), 0.5
12, 1878, -3.0, 1.0, -2.5, 4.0, 11, 0, in.readLine(), 1.0
12, 1879, -3.0, 1.0, -2.5, 4.5, 0, 0, lines.add(in.readLine()), 2.0
12, 1880, -3.0, 1.0, -2.5, 5.0, 9, 0, in.getLines().add(in.readLine()), 2.5
12, 1881, -3.0, 1.0, -2.0, 0.0, 14, 0, readLine(), -1.0
12, 1882, -3.0, 1.0, -2.0, 0.5, 14, 0, readLine(), -1.0
12, 1883, -3.0, 1.0, -2.0, 1.0, 14, 0, readLine(), -1.0
12, 1884, -3.0, 1.0, -2.0, 1.5, 14, 0, readLine(), -1.0
12, 1885, -3.0, 1.0, -2.0, 2.0, 14, 0, readLine(), -1.0
12, 1886, -3.0, 1.0, -2.0, 2.5, 14, 0, readLine(), -1.0
12, 1887, -3.0, 1.0, -2.0, 3.0, 14, 0, readLine(), -1.0
12, 1888, -3.0, 1.0, -2.0, 3.5, 11, 0, in.readLine(), 0.5
12, 1889, -3.0, 1.0, -2.0, 4.0, 11, 0, in.readLine(), 1.0
12, 1890, -3.0, 1.0, -2.0, 4.5, 9, 1, in.getLines().add(in.readLine()), 1.5
12, 1891, -3.0, 1.0, -2.0, 5.0, 9, 0, in.getLines().add(in.readLine()), 3.0
12, 1892, -3.0, 1.0, -1.5, 0.0, 14, 0, readLine(), -1.0
12, 1893, -3.0, 1.0, -1.5, 0.5, 14, 0, readLine(), -1.0
12, 1894, -3.0, 1.0, -1.5, 1.0, 14, 0, readLine(), -1.0
12, 1895, -3.0, 1.0, -1.5, 1.5, 14, 0, readLine(), -1.0
12, 1896, -3.0, 1.0, -1.5, 2.0, 14, 0, readLine(), -1.0
12, 1897, -3.0, 1.0, -1.5, 2.5, 14, 0, readLine(), -1.0
12, 1898, -3.0, 1.0, -1.5, 3.0, 14, 0, readLine(), -1.0
12, 1899, -3.0, 1.0, -1.5, 3.5, 11, 0, in.readLine(), 0.5
12, 1900, -3.0, 1.0, -1.5, 4.0, 9, 1, in.getLines().add(in.readLine()), 0.5
12, 1901, -3.0, 1.0, -1.5, 4.5, 9, 0, in.getLines().add(in.readLine()), 2.0
12, 1902, -3.0, 1.0, -1.5, 5.0, 11, 1, in.readLine(), 2.0
12, 1903, -3.0, 1.0, -1.0, 0.0, 14, 0, readLine(), -1.0
12, 1904, -3.0, 1.0, -1.0, 0.5, 14, 0, readLine(), -1.0
12, 1905, -3.0, 1.0, -1.0, 1.0, 14, 0, readLine(), -1.0
12, 1906, -3.0, 1.0, -1.0, 1.5, 14, 0, readLine(), -1.0
12, 1907, -3.0, 1.0, -1.0, 2.0, 14, 0, readLine(), -1.0
12, 1908, -3.0, 1.0, -1.0, 2.5, 14, 0, readLine(), -1.0
12, 1909, -3.0, 1.0, -1.0, 3.0, 14, 0, readLine(), -1.0
12, 1910, -3.0, 1.0, -1.0, 3.5, 11, 0, in.readLine(), 0.5
12, 1911, -3.0, 1.0, -1.0, 4.0, 9, 0, in.getLines().add(in.readLine()), 1.0
12, 1912, -3.0, 1.0, -1.0, 4.5, 11, 1, in.readLine(), 1.5
12, 1913, -3.0, 1.0, -1.0, 5.0, 11, 4, in.readLine(), 2.0
12, 1914, -3.0, 1.0, -0.5, 0.0, 14, 0, readLine(), -1.0
12, 1915, -3.0, 1.0, -0.5, 0.5, 14, 0, readLine(), -1.0
12, 1916, -3.0, 1.0, -0.5, 1.0, 14, 0, readLine(), -1.0
12, 1917, -3.0, 1.0, -0.5, 1.5, 14, 0, readLine(), -1.0
12, 1918, -3.0, 1.0, -0.5, 2.0, 14, 0, readLine(), -1.0
12, 1919, -3.0, 1.0, -0.5, 2.5, 14, 0, readLine(), -1.0
12, 1920, -3.0, 1.0, -0.5, 3.0, 14, 0, readLine(), -1.0
12, 1921, -3.0, 1.0, -0.5, 3.5, 11, 0, in.readLine(), 0.5
12, 1922, -3.0, 1.0, -0.5, 4.0, 11, 2, in.readLine(), 1.0
12, 1923, -3.0, 1.0, -0.5, 4.5, 21, 0, new Task12().getLines(in).add(in.readLine()), 3.5
12, 1924, -3.0, 1.0, -0.5, 5.0, 21, 0, new Task12().getLines(in).add(in.readLine()), 5.5
12, 1925, -3.0, 1.0, 0.0, 0.0, 14, 0, readLine(), -1.0
12, 1926, -3.0, 1.0, 0.0, 0.5, 14, 0, readLine(), -1.0
12, 1927, -3.0, 1.0, 0.0, 1.0, 14, 0, readLine(), -1.0
12, 1928, -3.0, 1.0, 0.0, 1.5, 14, 0, readLine(), -1.0
12, 1929, -3.0, 1.0, 0.0, 2.0, 14, 0, readLine(), -1.0
12, 1930, -3.0, 1.0, 0.0, 2.5, 14, 0, readLine(), -1.0
12, 1931, -3.0, 1.0, 0.0, 3.0, 14, 0, readLine(), -1.0
12, 1932, -3.0, 1.0, 0.0, 3.5, 21, 1, new Task12().getLines(in).add(in.readLine()), 1.0
12, 1933, -3.0, 1.0, 0.0, 4.0, 21, 1, new Task12().getLines(in).add(in.readLine()), 3.0
12, 1934, -3.0, 1.0, 0.0, 4.5, 21, 0, new Task12().getLines(in).add(in.readLine()), 5.0
12, 1935, -3.0, 1.0, 0.0, 5.0, 21, 0, new Task12().getLines(in).add(in.readLine()), 7.0
12, 1936, -2.5, 1.0, -5.0, 0.0, 14, 0, readLine(), -0.5
12, 1937, -2.5, 1.0, -5.0, 0.5, 14, 0, readLine(), -0.5
12, 1938, -2.5, 1.0, -5.0, 1.0, 14, 0, readLine(), -0.5
12, 1939, -2.5, 1.0, -5.0, 1.5, 14, 0, readLine(), -0.5
12, 1940, -2.5, 1.0, -5.0, 2.0, 14, 0, readLine(), -0.5
12, 1941, -2.5, 1.0, -5.0, 2.5, 11, 0, in.readLine(), 0.5
12, 1942, -2.5, 1.0, -5.0, 3.0, 11, 0, in.readLine(), 1.0
12, 1943, -2.5, 1.0, -5.0, 3.5, 0, 0, lines.add(in.readLine()), 2.0
12, 1944, -2.5, 1.0, -5.0, 4.0, 0, 0, lines.add(in.readLine()), 3.0
12, 1945, -2.5, 1.0, -5.0, 4.5, 0, 0, lines.add(in.readLine()), 4.0
12, 1946, -2.5, 1.0, -5.0, 5.0, 0, 0, lines.add(in.readLine()), 5.0
12, 1947, -2.5, 1.0, -4.5, 0.0, 14, 0, readLine(), -0.5
12, 1948, -2.5, 1.0, -4.5, 0.5, 14, 0, readLine(), -0.5
12, 1949, -2.5, 1.0, -4.5, 1.0, 14, 0, readLine(), -0.5
12, 1950, -2.5, 1.0, -4.5, 1.5, 14, 0, readLine(), -0.5
12, 1951, -2.5, 1.0, -4.5, 2.0, 14, 0, readLine(), -0.5
12, 1952, -2.5, 1.0, -4.5, 2.5, 11, 0, in.readLine(), 0.5
12, 1953, -2.5, 1.0, -4.5, 3.0, 11, 0, in.readLine(), 1.0
12, 1954, -2.5, 1.0, -4.5, 3.5, 0, 0, lines.add(in.readLine()), 2.0
12, 1955, -2.5, 1.0, -4.5, 4.0, 0, 0, lines.add(in.readLine()), 3.0
12, 1956, -2.5, 1.0, -4.5, 4.5, 0, 0, lines.add(in.readLine()), 4.0
12, 1957, -2.5, 1.0, -4.5, 5.0, 0, 0, lines.add(in.readLine()), 5.0
12, 1958, -2.5, 1.0, -4.0, 0.0, 14, 0, readLine(), -0.5
12, 1959, -2.5, 1.0, -4.0, 0.5, 14, 0, readLine(), -0.5
12, 1960, -2.5, 1.0, -4.0, 1.0, 14, 0, readLine(), -0.5
12, 1961, -2.5, 1.0, -4.0, 1.5, 14, 0, readLine(), -0.5
12, 1962, -2.5, 1.0, -4.0, 2.0, 14, 0, readLine(), -0.5
12, 1963, -2.5, 1.0, -4.0, 2.5, 11, 0, in.readLine(), 0.5
12, 1964, -2.5, 1.0, -4.0, 3.0, 11, 0, in.readLine(), 1.0
12, 1965, -2.5, 1.0, -4.0, 3.5, 0, 0, lines.add(in.readLine()), 2.0
12, 1966, -2.5, 1.0, -4.0, 4.0, 0, 0, lines.add(in.readLine()), 3.0
12, 1967, -2.5, 1.0, -4.0, 4.5, 0, 0, lines.add(in.readLine()), 4.0
12, 1968, -2.5, 1.0, -4.0, 5.0, 0, 0, lines.add(in.readLine()), 5.0
12, 1969, -2.5, 1.0, -3.5, 0.0, 14, 0, readLine(), -0.5
12, 1970, -2.5, 1.0, -3.5, 0.5, 14, 0, readLine(), -0.5
12, 1971, -2.5, 1.0, -3.5, 1.0, 14, 0, readLine(), -0.5
12, 1972, -2.5, 1.0, -3.5, 1.5, 14, 0, readLine(), -0.5
12, 1973, -2.5, 1.0, -3.5, 2.0, 14, 0, readLine(), -0.5
12, 1974, -2.5, 1.0, -3.5, 2.5, 11, 0, in.readLine(), 0.5
12, 1975, -2.5, 1.0, -3.5, 3.0, 11, 0, in.readLine(), 1.0
12, 1976, -2.5, 1.0, -3.5, 3.5, 0, 0, lines.add(in.readLine()), 2.0
12, 1977, -2.5, 1.0, -3.5, 4.0, 0, 0, lines.add(in.readLine()), 3.0
12, 1978, -2.5, 1.0, -3.5, 4.5, 0, 0, lines.add(in.readLine()), 4.0
12, 1979, -2.5, 1.0, -3.5, 5.0, 0, 0, lines.add(in.readLine()), 5.0
12, 1980, -2.5, 1.0, -3.0, 0.0, 14, 0, readLine(), -0.5
12, 1981, -2.5, 1.0, -3.0, 0.5, 14, 0, readLine(), -0.5
12, 1982, -2.5, 1.0, -3.0, 1.0, 14, 0, readLine(), -0.5
12, 1983, -2.5, 1.0, -3.0, 1.5, 14, 0, readLine(), -0.5
12, 1984, -2.5, 1.0, -3.0, 2.0, 14, 0, readLine(), -0.5
12, 1985, -2.5, 1.0, -3.0, 2.5, 11, 0, in.readLine(), 0.5
12, 1986, -2.5, 1.0, -3.0, 3.0, 11, 0, in.readLine(), 1.0
12, 1987, -2.5, 1.0, -3.0, 3.5, 0, 0, lines.add(in.readLine()), 2.0
12, 1988, -2.5, 1.0, -3.0, 4.0, 0, 0, lines.add(in.readLine()), 3.0
12, 1989, -2.5, 1.0, -3.0, 4.5, 0, 0, lines.add(in.readLine()), 4.0
12, 1990, -2.5, 1.0, -3.0, 5.0, 9, 0, in.getLines().add(in.readLine()), 4.5
12, 1991, -2.5, 1.0, -2.5, 0.0, 14, 0, readLine(), -0.5
12, 1992, -2.5, 1.0, -2.5, 0.5, 14, 0, readLine(), -0.5
12, 1993, -2.5, 1.0, -2.5, 1.0, 14, 0, readLine(), -0.5
12, 1994, -2.5, 1.0, -2.5, 1.5, 14, 0, readLine(), -0.5
12, 1995, -2.5, 1.0, -2.5, 2.0, 14, 0, readLine(), -0.5
12, 1996, -2.5, 1.0, -2.5, 2.5, 11, 0, in.readLine(), 0.5
12, 1997, -2.5, 1.0, -2.5, 3.0, 11, 0, in.readLine(), 1.0
12, 1998, -2.5, 1.0, -2.5, 3.5, 0, 0, lines.add(in.readLine()), 2.0
12, 1999, -2.5, 1.0, -2.5, 4.0, 0, 0, lines.add(in.readLine()), 3.0
12, 2000, -2.5, 1.0, -2.5, 4.5, 9, 0, in.getLines().add(in.readLine()), 3.5
12, 2001, -2.5, 1.0, -2.5, 5.0, 9, 0, in.getLines().add(in.readLine()), 5.0
12, 2002, -2.5, 1.0, -2.0, 0.0, 14, 0, readLine(), -0.5
12, 2003, -2.5, 1.0, -2.0, 0.5, 14, 0, readLine(), -0.5
12, 2004, -2.5, 1.0, -2.0, 1.0, 14, 0, readLine(), -0.5
12, 2005, -2.5, 1.0, -2.0, 1.5, 14, 0, readLine(), -0.5
12, 2006, -2.5, 1.0, -2.0, 2.0, 14, 0, readLine(), -0.5
12, 2007, -2.5, 1.0, -2.0, 2.5, 11, 0, in.readLine(), 0.5
12, 2008, -2.5, 1.0, -2.0, 3.0, 11, 0, in.readLine(), 1.0
12, 2009, -2.5, 1.0, -2.0, 3.5, 0, 0, lines.add(in.readLine()), 2.0
12, 2010, -2.5, 1.0, -2.0, 4.0, 9, 0, in.getLines().add(in.readLine()), 2.5
12, 2011, -2.5, 1.0, -2.0, 4.5, 9, 0, in.getLines().add(in.readLine()), 4.0
12, 2012, -2.5, 1.0, -2.0, 5.0, 9, 0, in.getLines().add(in.readLine()), 5.5
12, 2013, -2.5, 1.0, -1.5, 0.0, 14, 0, readLine(), -0.5
12, 2014, -2.5, 1.0, -1.5, 0.5, 14, 0, readLine(), -0.5
12, 2015, -2.5, 1.0, -1.5, 1.0, 14, 0, readLine(), -0.5
12, 2016, -2.5, 1.0, -1.5, 1.5, 14, 0, readLine(), -0.5
12, 2017, -2.5, 1.0, -1.5, 2.0, 14, 0, readLine(), -0.5
12, 2018, -2.5, 1.0, -1.5, 2.5, 11, 0, in.readLine(), 0.5
12, 2019, -2.5, 1.0, -1.5, 3.0, 11, 0, in.readLine(), 1.0
12, 2020, -2.5, 1.0, -1.5, 3.5, 9, 1, in.getLines().add(in.readLine()), 1.5
12, 2021, -2.5, 1.0, -1.5, 4.0, 9, 0, in.getLines().add(in.readLine()), 3.0
12, 2022, -2.5, 1.0, -1.5, 4.5, 11, 1, in.readLine(), 2.5
12, 2023, -2.5, 1.0, -1.5, 5.0, 11, 3, in.readLine(), 3.0
12, 2024, -2.5, 1.0, -1.0, 0.0, 14, 0, readLine(), -0.5
12, 2025, -2.5, 1.0, -1.0, 0.5, 14, 0, readLine(), -0.5
12, 2026, -2.5, 1.0, -1.0, 1.0, 14, 0, readLine(), -0.5
12, 2027, -2.5, 1.0, -1.0, 1.5, 14, 0, readLine(), -0.5
12, 2028, -2.5, 1.0, -1.0, 2.0, 14, 0, readLine(), -0.5
12, 2029, -2.5, 1.0, -1.0, 2.5, 11, 0, in.readLine(), 0.5
12, 2030, -2.5, 1.0, -1.0, 3.0, 9, 1, in.getLines().add(in.readLine()), 0.5
12, 2031, -2.5, 1.0, -1.0, 3.5, 9, 0, in.getLines().add(in.readLine()), 2.0
12, 2032, -2.5, 1.0, -1.0, 4.0, 11, 1, in.readLine(), 2.0
12, 2033, -2.5, 1.0, -1.0, 4.5, 21, 0, new Task12().getLines(in).add(in.readLine()), 5.0
12, 2034, -2.5, 1.0, -1.0, 5.0, 21, 0, new Task12().getLines(in).add(in.readLine()), 7.0
12, 2035, -2.5, 1.0, -0.5, 0.0, 14, 0, readLine(), -0.5
12, 2036, -2.5, 1.0, -0.5, 0.5, 14, 0, readLine(), -0.5
12, 2037, -2.5, 1.0, -0.5, 1.0, 14, 0, readLine(), -0.5
12, 2038, -2.5, 1.0, -0.5, 1.5, 14, 0, readLine(), -0.5
12, 2039, -2.5, 1.0, -0.5, 2.0, 14, 0, readLine(), -0.5
12, 2040, -2.5, 1.0, -0.5, 2.5, 11, 0, in.readLine(), 0.5
12, 2041, -2.5, 1.0, -0.5, 3.0, 11, 0, in.readLine(), 1.0
12, 2042, -2.5, 1.0, -0.5, 3.5, 11, 2, in.readLine(), 1.5
12, 2043, -2.5, 1.0, -0.5, 4.0, 21, 0, new Task12().getLines(in).add(in.readLine()), 4.5
12, 2044, -2.5, 1.0, -0.5, 4.5, 21, 0, new Task12().getLines(in).add(in.readLine()), 6.5
12, 2045, -2.5, 1.0, -0.5, 5.0, 21, 0, new Task12().getLines(in).add(in.readLine()), 8.5
12, 2046, -2.5, 1.0, 0.0, 0.0, 14, 0, readLine(), -0.5
12, 2047, -2.5, 1.0, 0.0, 0.5, 14, 0, readLine(), -0.5
12, 2048, -2.5, 1.0, 0.0, 1.0, 14, 0, readLine(), -0.5
12, 2049, -2.5, 1.0, 0.0, 1.5, 14, 0, readLine(), -0.5
12, 2050, -2.5, 1.0, 0.0, 2.0, 14, 0, readLine(), -0.5
12, 2051, -2.5, 1.0, 0.0, 2.5, 11, 2, in.readLine(), 0.5
12, 2052, -2.5, 1.0, 0.0, 3.0, 21, 1, new Task12().getLines(in).add(in.readLine()), 2.0
12, 2053, -2.5, 1.0, 0.0, 3.5, 21, 0, new Task12().getLines(in).add(in.readLine()), 4.0
12, 2054, -2.5, 1.0, 0.0, 4.0, 21, 0, new Task12().getLines(in).add(in.readLine()), 6.0
12, 2055, -2.5, 1.0, 0.0, 4.5, 21, 0, new Task12().getLines(in).add(in.readLine()), 8.0
12, 2056, -2.5, 1.0, 0.0, 5.0, 21, 0, new Task12().getLines(in).add(in.readLine()), 10.0
12, 2057, -2.0, 1.0, -5.0, 0.0, 14, 0, readLine(), 0.0
12, 2058, -2.0, 1.0, -5.0, 0.5, 14, 0, readLine(), 0.0
12, 2059, -2.0, 1.0, -5.0, 1.0, 14, 0, readLine(), 0.0
12, 2060, -2.0, 1.0, -5.0, 1.5, 11, 0, in.readLine(), 0.5
12, 2061, -2.0, 1.0, -5.0, 2.0, 11, 0, in.readLine(), 1.0
12, 2062, -2.0, 1.0, -5.0, 2.5, 0, 0, lines.add(in.readLine()), 2.0
12, 2063, -2.0, 1.0, -5.0, 3.0, 0, 0, lines.add(in.readLine()), 3.0
12, 2064, -2.0, 1.0, -5.0, 3.5, 0, 0, lines.add(in.readLine()), 4.0
12, 2065, -2.0, 1.0, -5.0, 4.0, 0, 0, lines.add(in.readLine()), 5.0
12, 2066, -2.0, 1.0, -5.0, 4.5, 0, 0, lines.add(in.readLine()), 6.0
12, 2067, -2.0, 1.0, -5.0, 5.0, 0, 0, lines.add(in.readLine()), 7.0
12, 2068, -2.0, 1.0, -4.5, 0.0, 14, 0, readLine(), 0.0
12, 2069, -2.0, 1.0, -4.5, 0.5, 14, 0, readLine(), 0.0
12, 2070, -2.0, 1.0, -4.5, 1.0, 14, 0, readLine(), 0.0
12, 2071, -2.0, 1.0, -4.5, 1.5, 11, 0, in.readLine(), 0.5
12, 2072, -2.0, 1.0, -4.5, 2.0, 11, 0, in.readLine(), 1.0
12, 2073, -2.0, 1.0, -4.5, 2.5, 0, 0, lines.add(in.readLine()), 2.0
12, 2074, -2.0, 1.0, -4.5, 3.0, 0, 0, lines.add(in.readLine()), 3.0
12, 2075, -2.0, 1.0, -4.5, 3.5, 0, 0, lines.add(in.readLine()), 4.0
12, 2076, -2.0, 1.0, -4.5, 4.0, 0, 0, lines.add(in.readLine()), 5.0
12, 2077, -2.0, 1.0, -4.5, 4.5, 0, 0, lines.add(in.readLine()), 6.0
12, 2078, -2.0, 1.0, -4.5, 5.0, 0, 0, lines.add(in.readLine()), 7.0
12, 2079, -2.0, 1.0, -4.0, 0.0, 14, 0, readLine(), 0.0
12, 2080, -2.0, 1.0, -4.0, 0.5, 14, 0, readLine(), 0.0
12, 2081, -2.0, 1.0, -4.0, 1.0, 14, 0, readLine(), 0.0
12, 2082, -2.0, 1.0, -4.0, 1.5, 11, 0, in.readLine(), 0.5
12, 2083, -2.0, 1.0, -4.0, 2.0, 11, 0, in.readLine(), 1.0
12, 2084, -2.0, 1.0, -4.0, 2.5, 0, 0, lines.add(in.readLine()), 2.0
12, 2085, -2.0, 1.0, -4.0, 3.0, 0, 0, lines.add(in.readLine()), 3.0
12, 2086, -2.0, 1.0, -4.0, 3.5, 0, 0, lines.add(in.readLine()), 4.0
12, 2087, -2.0, 1.0, -4.0, 4.0, 0, 0, lines.add(in.readLine()), 5.0
12, 2088, -2.0, 1.0, -4.0, 4.5, 0, 0, lines.add(in.readLine()), 6.0
12, 2089, -2.0, 1.0, -4.0, 5.0, 0, 0, lines.add(in.readLine()), 7.0
12, 2090, -2.0, 1.0, -3.5, 0.0, 14, 0, readLine(), 0.0
12, 2091, -2.0, 1.0, -3.5, 0.5, 14, 0, readLine(), 0.0
12, 2092, -2.0, 1.0, -3.5, 1.0, 14, 0, readLine(), 0.0
12, 2093, -2.0, 1.0, -3.5, 1.5, 11, 0, in.readLine(), 0.5
12, 2094, -2.0, 1.0, -3.5, 2.0, 11, 0, in.readLine(), 1.0
12, 2095, -2.0, 1.0, -3.5, 2.5, 0, 0, lines.add(in.readLine()), 2.0
12, 2096, -2.0, 1.0, -3.5, 3.0, 0, 0, lines.add(in.readLine()), 3.0
12, 2097, -2.0, 1.0, -3.5, 3.5, 0, 0, lines.add(in.readLine()), 4.0
12, 2098, -2.0, 1.0, -3.5, 4.0, 0, 0, lines.add(in.readLine()), 5.0
12, 2099, -2.0, 1.0, -3.5, 4.5, 0, 0, lines.add(in.readLine()), 6.0
12, 2100, -2.0, 1.0, -3.5, 5.0, 9, 0, in.getLines().add(in.readLine()), 6.5
12, 2101, -2.0, 1.0, -3.0, 0.0, 14, 0, readLine(), 0.0
12, 2102, -2.0, 1.0, -3.0, 0.5, 14, 0, readLine(), 0.0
12, 2103, -2.0, 1.0, -3.0, 1.0, 14, 0, readLine(), 0.0
12, 2104, -2.0, 1.0, -3.0, 1.5, 11, 0, in.readLine(), 0.5
12, 2105, -2.0, 1.0, -3.0, 2.0, 11, 0, in.readLine(), 1.0
12, 2106, -2.0, 1.0, -3.0, 2.5, 0, 0, lines.add(in.readLine()), 2.0
12, 2107, -2.0, 1.0, -3.0, 3.0, 0, 0, lines.add(in.readLine()), 3.0
12, 2108, -2.0, 1.0, -3.0, 3.5, 0, 0, lines.add(in.readLine()), 4.0
12, 2109, -2.0, 1.0, -3.0, 4.0, 0, 0, lines.add(in.readLine()), 5.0
12, 2110, -2.0, 1.0, -3.0, 4.5, 9, 0, in.getLines().add(in.readLine()), 5.5
12, 2111, -2.0, 1.0, -3.0, 5.0, 9, 0, in.getLines().add(in.readLine()), 7.0
12, 2112, -2.0, 1.0, -2.5, 0.0, 14, 0, readLine(), 0.0
12, 2113, -2.0, 1.0, -2.5, 0.5, 14, 0, readLine(), 0.0
12, 2114, -2.0, 1.0, -2.5, 1.0, 14, 0, readLine(), 0.0
12, 2115, -2.0, 1.0, -2.5, 1.5, 11, 0, in.readLine(), 0.5
12, 2116, -2.0, 1.0, -2.5, 2.0, 11, 0, in.readLine(), 1.0
12, 2117, -2.0, 1.0, -2.5, 2.5, 0, 0, lines.add(in.readLine()), 2.0
12, 2118, -2.0, 1.0, -2.5, 3.0, 0, 0, lines.add(in.readLine()), 3.0
12, 2119, -2.0, 1.0, -2.5, 3.5, 0, 0, lines.add(in.readLine()), 4.0
12, 2120, -2.0, 1.0, -2.5, 4.0, 9, 0, in.getLines().add(in.readLine()), 4.5
12, 2121, -2.0, 1.0, -2.5, 4.5, 9, 0, in.getLines().add(in.readLine()), 6.0
12, 2122, -2.0, 1.0, -2.5, 5.0, 9, 0, in.getLines().add(in.readLine()), 7.5
12, 2123, -2.0, 1.0, -2.0, 0.0, 14, 0, readLine(), 0.0
12, 2124, -2.0, 1.0, -2.0, 0.5, 14, 0, readLine(), 0.0
12, 2125, -2.0, 1.0, -2.0, 1.0, 14, 0, readLine(), 0.0
12, 2126, -2.0, 1.0, -2.0, 1.5, 11, 0, in.readLine(), 0.5
12, 2127, -2.0, 1.0, -2.0, 2.0, 11, 0, in.readLine(), 1.0
12, 2128, -2.0, 1.0, -2.0, 2.5, 0, 0, lines.add(in.readLine()), 2.0
12, 2129, -2.0, 1.0, -2.0, 3.0, 0, 0, lines.add(in.readLine()), 3.0
12, 2130, -2.0, 1.0, -2.0, 3.5, 9, 0, in.getLines().add(in.readLine()), 3.5
12, 2131, -2.0, 1.0, -2.0, 4.0, 9, 0, in.getLines().add(in.readLine()), 5.0
12, 2132, -2.0, 1.0, -2.0, 4.5, 9, 0, in.getLines().add(in.readLine()), 6.5
12, 2133, -2.0, 1.0, -2.0, 5.0, 11, 4, in.readLine(), 4.0
12, 2134, -2.0, 1.0, -1.5, 0.0, 14, 0, readLine(), 0.0
12, 2135, -2.0, 1.0, -1.5, 0.5, 14, 0, readLine(), 0.0
12, 2136, -2.0, 1.0, -1.5, 1.0, 14, 0, readLine(), 0.0
12, 2137, -2.0, 1.0, -1.5, 1.5, 11, 0, in.readLine(), 0.5
12, 2138, -2.0, 1.0, -1.5, 2.0, 11, 0, in.readLine(), 1.0
12, 2139, -2.0, 1.0, -1.5, 2.5, 0, 0, lines.add(in.readLine()), 2.0
12, 2140, -2.0, 1.0, -1.5, 3.0, 9, 0, in.getLines().add(in.readLine()), 2.5
12, 2141, -2.0, 1.0, -1.5, 3.5, 9, 0, in.getLines().add(in.readLine()), 4.0
12, 2142, -2.0, 1.0, -1.5, 4.0, 11, 1, in.readLine(), 3.0
12, 2143, -2.0, 1.0, -1.5, 4.5, 21, 0, new Task12().getLines(in).add(in.readLine()), 6.5
12, 2144, -2.0, 1.0, -1.5, 5.0, 21, 0, new Task12().getLines(in).add(in.readLine()), 8.5
12, 2145, -2.0, 1.0, -1.0, 0.0, 14, 0, readLine(), 0.0
12, 2146, -2.0, 1.0, -1.0, 0.5, 14, 0, readLine(), 0.0
12, 2147, -2.0, 1.0, -1.0, 1.0, 14, 0, readLine(), 0.0
12, 2148, -2.0, 1.0, -1.0, 1.5, 11, 0, in.readLine(), 0.5
12, 2149, -2.0, 1.0, -1.0, 2.0, 11, 0, in.readLine(), 1.0
12, 2150, -2.0, 1.0, -1.0, 2.5, 9, 1, in.getLines().add(in.readLine()), 1.5
12, 2151, -2.0, 1.0, -1.0, 3.0, 9, 0, in.getLines().add(in.readLine()), 3.0
12, 2152, -2.0, 1.0, -1.0, 3.5, 11, 1, in.readLine(), 2.5
12, 2153, -2.0, 1.0, -1.0, 4.0, 21, 0, new Task12().getLines(in).add(in.readLine()), 6.0
12, 2154, -2.0, 1.0, -1.0, 4.5, 21, 0, new Task12().getLines(in).add(in.readLine()), 8.0
12, 2155, -2.0, 1.0, -1.0, 5.0, 21, 0, new Task12().getLines(in).add(in.readLine()), 10.0
12, 2156, -2.0, 1.0, -0.5, 0.0, 14, 0, readLine(), 0.0
12, 2157, -2.0, 1.0, -0.5, 0.5, 14, 0, readLine(), 0.0
12, 2158, -2.0, 1.0, -0.5, 1.0, 14, 0, readLine(), 0.0
12, 2159, -2.0, 1.0, -0.5, 1.5, 11, 0, in.readLine(), 0.5
12, 2160, -2.0, 1.0, -0.5, 2.0, 9, 1, in.getLines().add(in.readLine()), 0.5
12, 2161, -2.0, 1.0, -0.5, 2.5, 11, 0, in.readLine(), 1.5
12, 2162, -2.0, 1.0, -0.5, 3.0, 11, 4, in.readLine(), 2.0
12, 2163, -2.0, 1.0, -0.5, 3.5, 21, 0, new Task12().getLines(in).add(in.readLine()), 5.5
12, 2164, -2.0, 1.0, -0.5, 4.0, 21, 0, new Task12().getLines(in).add(in.readLine()), 7.5
12, 2165, -2.0, 1.0, -0.5, 4.5, 21, 0, new Task12().getLines(in).add(in.readLine()), 9.5
12, 2166, -2.0, 1.0, -0.5, 5.0, 21, 0, new Task12().getLines(in).add(in.readLine()), 11.5
12, 2167, -2.0, 1.0, 0.0, 0.0, 14, 0, readLine(), 0.0
12, 2168, -2.0, 1.0, 0.0, 0.5, 14, 0, readLine(), 0.0
12, 2169, -2.0, 1.0, 0.0, 1.0, 14, 0, readLine(), 0.0
12, 2170, -2.0, 1.0, 0.0, 1.5, 11, 0, in.readLine(), 0.5
12, 2171, -2.0, 1.0, 0.0, 2.0, 11, 1, in.readLine(), 1.0
12, 2172, -2.0, 1.0, 0.0, 2.5, 21, 0, new Task12().getLines(in).add(in.readLine()), 3.0
12, 2173, -2.0, 1.0, 0.0, 3.0, 21, 0, new Task12().getLines(in).add(in.readLine()), 5.0
12, 2174, -2.0, 1.0, 0.0, 3.5, 21, 0, new Task12().getLines(in).add(in.readLine()), 7.0
12, 2175, -2.0, 1.0, 0.0, 4.0, 21, 0, new Task12().getLines(in).add(in.readLine()), 9.0
12, 2176, -2.0, 1.0, 0.0, 4.5, 21, 0, new Task12().getLines(in).add(in.readLine()), 11.0
12, 2177, -2.0, 1.0, 0.0, 5.0, 21, 0, new Task12().getLines(in).add(in.readLine()), 13.0
12, 2178, -1.5, 1.0, -5.0, 0.0, 14, 0, readLine(), 0.5
12, 2179, -1.5, 1.0, -5.0, 0.5, 11, 0, in.readLine(), 0.5
12, 2180, -1.5, 1.0, -5.0, 1.0, 11, 0, in.readLine(), 1.0
12, 2181, -1.5, 1.0, -5.0, 1.5, 0, 0, lines.add(in.readLine()), 2.0
12, 2182, -1.5, 1.0, -5.0, 2.0, 0, 0, lines.add(in.readLine()), 3.0
12, 2183, -1.5, 1.0, -5.0, 2.5, 0, 0, lines.add(in.readLine()), 4.0
12, 2184, -1.5, 1.0, -5.0, 3.0, 0, 0, lines.add(in.readLine()), 5.0
12, 2185, -1.5, 1.0, -5.0, 3.5, 0, 0, lines.add(in.readLine()), 6.0
12, 2186, -1.5, 1.0, -5.0, 4.0, 0, 0, lines.add(in.readLine()), 7.0
12, 2187, -1.5, 1.0, -5.0, 4.5, 0, 0, lines.add(in.readLine()), 8.0
12, 2188, -1.5, 1.0, -5.0, 5.0, 0, 0, lines.add(in.readLine()), 9.0
12, 2189, -1.5, 1.0, -4.5, 0.0, 14, 0, readLine(), 0.5
12, 2190, -1.5, 1.0, -4.5, 0.5, 11, 0, in.readLine(), 0.5
12, 2191, -1.5, 1.0, -4.5, 1.0, 11, 0, in.readLine(), 1.0
12, 2192, -1.5, 1.0, -4.5, 1.5, 0, 0, lines.add(in.readLine()), 2.0
12, 2193, -1.5, 1.0, -4.5, 2.0, 0, 0, lines.add(in.readLine()), 3.0
12, 2194, -1.5, 1.0, -4.5, 2.5, 0, 0, lines.add(in.readLine()), 4.0
12, 2195, -1.5, 1.0, -4.5, 3.0, 0, 0, lines.add(in.readLine()), 5.0
12, 2196, -1.5, 1.0, -4.5, 3.5, 0, 0, lines.add(in.readLine()), 6.0
12, 2197, -1.5, 1.0, -4.5, 4.0, 0, 0, lines.add(in.readLine()), 7.0
12, 2198, -1.5, 1.0, -4.5, 4.5, 0, 0, lines.add(in.readLine()), 8.0
12, 2199, -1.5, 1.0, -4.5, 5.0, 0, 0, lines.add(in.readLine()), 9.0
12, 2200, -1.5, 1.0, -4.0, 0.0, 14, 0, readLine(), 0.5
12, 2201, -1.5, 1.0, -4.0, 0.5, 11, 0, in.readLine(), 0.5
12, 2202, -1.5, 1.0, -4.0, 1.0, 11, 0, in.readLine(), 1.0
12, 2203, -1.5, 1.0, -4.0, 1.5, 0, 0, lines.add(in.readLine()), 2.0
12, 2204, -1.5, 1.0, -4.0, 2.0, 0, 0, lines.add(in.readLine()), 3.0
12, 2205, -1.5, 1.0, -4.0, 2.5, 0, 0, lines.add(in.readLine()), 4.0
12, 2206, -1.5, 1.0, -4.0, 3.0, 0, 0, lines.add(in.readLine()), 5.0
12, 2207, -1.5, 1.0, -4.0, 3.5, 0, 0, lines.add(in.readLine()), 6.0
12, 2208, -1.5, 1.0, -4.0, 4.0, 0, 0, lines.add(in.readLine()), 7.0
12, 2209, -1.5, 1.0, -4.0, 4.5, 0, 0, lines.add(in.readLine()), 8.0
12, 2210, -1.5, 1.0, -4.0, 5.0, 9, 0, in.getLines().add(in.readLine()), 8.5
12, 2211, -1.5, 1.0, -3.5, 0.0, 14, 0, readLine(), 0.5
12, 2212, -1.5, 1.0, -3.5, 0.5, 11, 0, in.readLine(), 0.5
12, 2213, -1.5, 1.0, -3.5, 1.0, 11, 0, in.readLine(), 1.0
12, 2214, -1.5, 1.0, -3.5, 1.5, 0, 0, lines.add(in.readLine()), 2.0
12, 2215, -1.5, 1.0, -3.5, 2.0, 0, 0, lines.add(in.readLine()), 3.0
12, 2216, -1.5, 1.0, -3.5, 2.5, 0, 0, lines.add(in.readLine()), 4.0
12, 2217, -1.5, 1.0, -3.5, 3.0, 0, 0, lines.add(in.readLine()), 5.0
12, 2218, -1.5, 1.0, -3.5, 3.5, 0, 0, lines.add(in.readLine()), 6.0
12, 2219, -1.5, 1.0, -3.5, 4.0, 0, 0, lines.add(in.readLine()), 7.0
12, 2220, -1.5, 1.0, -3.5, 4.5, 9, 0, in.getLines().add(in.readLine()), 7.5
12, 2221, -1.5, 1.0, -3.5, 5.0, 9, 0, in.getLines().add(in.readLine()), 9.0
12, 2222, -1.5, 1.0, -3.0, 0.0, 14, 0, readLine(), 0.5
12, 2223, -1.5, 1.0, -3.0, 0.5, 11, 0, in.readLine(), 0.5
12, 2224, -1.5, 1.0, -3.0, 1.0, 11, 0, in.readLine(), 1.0
12, 2225, -1.5, 1.0, -3.0, 1.5, 0, 0, lines.add(in.readLine()), 2.0
12, 2226, -1.5, 1.0, -3.0, 2.0, 0, 0, lines.add(in.readLine()), 3.0
12, 2227, -1.5, 1.0, -3.0, 2.5, 0, 0, lines.add(in.readLine()), 4.0
12, 2228, -1.5, 1.0, -3.0, 3.0, 0, 0, lines.add(in.readLine()), 5.0
12, 2229, -1.5, 1.0, -3.0, 3.5, 0, 0, lines.add(in.readLine()), 6.0
12, 2230, -1.5, 1.0, -3.0, 4.0, 9, 0, in.getLines().add(in.readLine()), 6.5
12, 2231, -1.5, 1.0, -3.0, 4.5, 9, 0, in.getLines().add(in.readLine()), 8.0
12, 2232, -1.5, 1.0, -3.0, 5.0, 9, 0, in.getLines().add(in.readLine()), 9.5
12, 2233, -1.5, 1.0, -2.5, 0.0, 14, 0, readLine(), 0.5
12, 2234, -1.5, 1.0, -2.5, 0.5, 11, 0, in.readLine(), 0.5
12, 2235, -1.5, 1.0, -2.5, 1.0, 11, 0, in.readLine(), 1.0
12, 2236, -1.5, 1.0, -2.5, 1.5, 0, 0, lines.add(in.readLine()), 2.0
12, 2237, -1.5, 1.0, -2.5, 2.0, 0, 0, lines.add(in.readLine()), 3.0
12, 2238, -1.5, 1.0, -2.5, 2.5, 0, 0, lines.add(in.readLine()), 4.0
12, 2239, -1.5, 1.0, -2.5, 3.0, 0, 0, lines.add(in.readLine()), 5.0
12, 2240, -1.5, 1.0, -2.5, 3.5, 9, 0, in.getLines().add(in.readLine()), 5.5
12, 2241, -1.5, 1.0, -2.5, 4.0, 9, 0, in.getLines().add(in.readLine()), 7.0
12, 2242, -1.5, 1.0, -2.5, 4.5, 9, 0, in.getLines().add(in.readLine()), 8.5
12, 2243, -1.5, 1.0, -2.5, 5.0, 21, 1, new Task12().getLines(in).add(in.readLine()), 8.5
12, 2244, -1.5, 1.0, -2.0, 0.0, 14, 0, readLine(), 0.5
12, 2245, -1.5, 1.0, -2.0, 0.5, 11, 0, in.readLine(), 0.5
12, 2246, -1.5, 1.0, -2.0, 1.0, 11, 0, in.readLine(), 1.0
12, 2247, -1.5, 1.0, -2.0, 1.5, 0, 0, lines.add(in.readLine()), 2.0
12, 2248, -1.5, 1.0, -2.0, 2.0, 0, 0, lines.add(in.readLine()), 3.0
12, 2249, -1.5, 1.0, -2.0, 2.5, 0, 0, lines.add(in.readLine()), 4.0
12, 2250, -1.5, 1.0, -2.0, 3.0, 9, 0, in.getLines().add(in.readLine()), 4.5
12, 2251, -1.5, 1.0, -2.0, 3.5, 9, 0, in.getLines().add(in.readLine()), 6.0
12, 2252, -1.5, 1.0, -2.0, 4.0, 9, 0, in.getLines().add(in.readLine()), 7.5
12, 2253, -1.5, 1.0, -2.0, 4.5, 21, 0, new Task12().getLines(in).add(in.readLine()), 8.0
12, 2254, -1.5, 1.0, -2.0, 5.0, 21, 1, new Task12().getLines(in).add(in.readLine()), 10.0
12, 2255, -1.5, 1.0, -1.5, 0.0, 14, 0, readLine(), 0.5
12, 2256, -1.5, 1.0, -1.5, 0.5, 11, 0, in.readLine(), 0.5
12, 2257, -1.5, 1.0, -1.5, 1.0, 11, 0, in.readLine(), 1.0
12, 2258, -1.5, 1.0, -1.5, 1.5, 0, 0, lines.add(in.readLine()), 2.0
12, 2259, -1.5, 1.0, -1.5, 2.0, 0, 0, lines.add(in.readLine()), 3.0
12, 2260, -1.5, 1.0, -1.5, 2.5, 9, 0, in.getLines().add(in.readLine()), 3.5
12, 2261, -1.5, 1.0, -1.5, 3.0, 9, 0, in.getLines().add(in.readLine()), 5.0
12, 2262, -1.5, 1.0, -1.5, 3.5, 11, 1, in.readLine(), 3.5
12, 2263, -1.5, 1.0, -1.5, 4.0, 21, 0, new Task12().getLines(in).add(in.readLine()), 7.5
12, 2264, -1.5, 1.0, -1.5, 4.5, 21, 0, new Task12().getLines(in).add(in.readLine()), 9.5
12, 2265, -1.5, 1.0, -1.5, 5.0, 21, 0, new Task12().getLines(in).add(in.readLine()), 11.5
12, 2266, -1.5, 1.0, -1.0, 0.0, 14, 0, readLine(), 0.5
12, 2267, -1.5, 1.0, -1.0, 0.5, 11, 0, in.readLine(), 0.5
12, 2268, -1.5, 1.0, -1.0, 1.0, 11, 0, in.readLine(), 1.0
12, 2269, -1.5, 1.0, -1.0, 1.5, 0, 0, lines.add(in.readLine()), 2.0
12, 2270, -1.5, 1.0, -1.0, 2.0, 9, 0, in.getLines().add(in.readLine()), 2.5
12, 2271, -1.5, 1.0, -1.0, 2.5, 9, 0, in.getLines().add(in.readLine()), 4.0
12, 2272, -1.5, 1.0, -1.0, 3.0, 11, 3, in.readLine(), 3.0
12, 2273, -1.5, 1.0, -1.0, 3.5, 21, 0, new Task12().getLines(in).add(in.readLine()), 7.0
12, 2274, -1.5, 1.0, -1.0, 4.0, 21, 0, new Task12().getLines(in).add(in.readLine()), 9.0
12, 2275, -1.5, 1.0, -1.0, 4.5, 21, 0, new Task12().getLines(in).add(in.readLine()), 11.0
12, 2276, -1.5, 1.0, -1.0, 5.0, 21, 0, new Task12().getLines(in).add(in.readLine()), 13.0
12, 2277, -1.5, 1.0, -0.5, 0.0, 14, 0, readLine(), 0.5
12, 2278, -1.5, 1.0, -0.5, 0.5, 11, 0, in.readLine(), 0.5
12, 2279, -1.5, 1.0, -0.5, 1.0, 11, 0, in.readLine(), 1.0
12, 2280, -1.5, 1.0, -0.5, 1.5, 9, 2, in.getLines().add(in.readLine()), 1.5
12, 2281, -1.5, 1.0, -0.5, 2.0, 11, 1, in.readLine(), 2.0
12, 2282, -1.5, 1.0, -0.5, 2.5, 21, 0, new Task12().getLines(in).add(in.readLine()), 4.5
12, 2283, -1.5, 1.0, -0.5, 3.0, 21, 0, new Task12().getLines(in).add(in.readLine()), 6.5
12, 2284, -1.5, 1.0, -0.5, 3.5, 21, 0, new Task12().getLines(in).add(in.readLine()), 8.5
12, 2285, -1.5, 1.0, -0.5, 4.0, 21, 0, new Task12().getLines(in).add(in.readLine()), 10.5
12, 2286, -1.5, 1.0, -0.5, 4.5, 21, 0, new Task12().getLines(in).add(in.readLine()), 12.5
12, 2287, -1.5, 1.0, -0.5, 5.0, 21, 0, new Task12().getLines(in).add(in.readLine()), 14.5
12, 2288, -1.5, 1.0, 0.0, 0.0, 14, 0, readLine(), 0.5
12, 2289, -1.5, 1.0, 0.0, 0.5, 11, 0, in.readLine(), 0.5
12, 2290, -1.5, 1.0, 0.0, 1.0, 9, 4, in.getLines().add(in.readLine()), 0.5
12, 2291, -1.5, 1.0, 0.0, 1.5, 11, 3, in.readLine(), 1.5
12, 2292, -1.5, 1.0, 0.0, 2.0, 21, 0, new Task12().getLines(in).add(in.readLine()), 4.0
12, 2293, -1.5, 1.0, 0.0, 2.5, 21, 0, new Task12().getLines(in).add(in.readLine()), 6.0
12, 2294, -1.5, 1.0, 0.0, 3.0, 21, 0, new Task12().getLines(in).add(in.readLine()), 8.0
12, 2295, -1.5, 1.0, 0.0, 3.5, 21, 0, new Task12().getLines(in).add(in.readLine()), 10.0
12, 2296, -1.5, 1.0, 0.0, 4.0, 21, 0, new Task12().getLines(in).add(in.readLine()), 12.0
12, 2297, -1.5, 1.0, 0.0, 4.5, 21, 0, new Task12().getLines(in).add(in.readLine()), 14.0
12, 2298, -1.5, 1.0, 0.0, 5.0, 21, 0, new Task12().getLines(in).add(in.readLine()), 16.0
12, 2299, -1.0, 1.0, -5.0, 0.0, 11, 0, in.readLine(), 1.0
12, 2300, -1.0, 1.0, -5.0, 0.5, 0, 0, lines.add(in.readLine()), 2.0
12, 2301, -1.0, 1.0, -5.0, 1.0, 0, 0, lines.add(in.readLine()), 3.0
12, 2302, -1.0, 1.0, -5.0, 1.5, 0, 0, lines.add(in.readLine()), 4.0
12, 2303, -1.0, 1.0, -5.0, 2.0, 0, 0, lines.add(in.readLine()), 5.0
12, 2304, -1.0, 1.0, -5.0, 2.5, 0, 0, lines.add(in.readLine()), 6.0
12, 2305, -1.0, 1.0, -5.0, 3.0, 0, 0, lines.add(in.readLine()), 7.0
12, 2306, -1.0, 1.0, -5.0, 3.5, 0, 0, lines.add(in.readLine()), 8.0
12, 2307, -1.0, 1.0, -5.0, 4.0, 0, 0, lines.add(in.readLine()), 9.0
12, 2308, -1.0, 1.0, -5.0, 4.5, 0, 1, lines.add(in.readLine()), 10.0
12, 2309, -1.0, 1.0, -5.0, 5.0, 0, 1, lines.add(in.readLine()), 11.0
12, 2310, -1.0, 1.0, -4.5, 0.0, 11, 0, in.readLine(), 1.0
12, 2311, -1.0, 1.0, -4.5, 0.5, 0, 0, lines.add(in.readLine()), 2.0
12, 2312, -1.0, 1.0, -4.5, 1.0, 0, 0, lines.add(in.readLine()), 3.0
12, 2313, -1.0, 1.0, -4.5, 1.5, 0, 0, lines.add(in.readLine()), 4.0
12, 2314, -1.0, 1.0, -4.5, 2.0, 0, 0, lines.add(in.readLine()), 5.0
12, 2315, -1.0, 1.0, -4.5, 2.5, 0, 0, lines.add(in.readLine()), 6.0
12, 2316, -1.0, 1.0, -4.5, 3.0, 0, 0, lines.add(in.readLine()), 7.0
12, 2317, -1.0, 1.0, -4.5, 3.5, 0, 0, lines.add(in.readLine()), 8.0
12, 2318, -1.0, 1.0, -4.5, 4.0, 0, 0, lines.add(in.readLine()), 9.0
12, 2319, -1.0, 1.0, -4.5, 4.5, 0, 1, lines.add(in.readLine()), 10.0
12, 2320, -1.0, 1.0, -4.5, 5.0, 9, 1, in.getLines().add(in.readLine()), 10.5
12, 2321, -1.0, 1.0, -4.0, 0.0, 11, 0, in.readLine(), 1.0
12, 2322, -1.0, 1.0, -4.0, 0.5, 0, 0, lines.add(in.readLine()), 2.0
12, 2323, -1.0, 1.0, -4.0, 1.0, 0, 0, lines.add(in.readLine()), 3.0
12, 2324, -1.0, 1.0, -4.0, 1.5, 0, 0, lines.add(in.readLine()), 4.0
12, 2325, -1.0, 1.0, -4.0, 2.0, 0, 0, lines.add(in.readLine()), 5.0
12, 2326, -1.0, 1.0, -4.0, 2.5, 0, 0, lines.add(in.readLine()), 6.0
12, 2327, -1.0, 1.0, -4.0, 3.0, 0, 0, lines.add(in.readLine()), 7.0
12, 2328, -1.0, 1.0, -4.0, 3.5, 0, 0, lines.add(in.readLine()), 8.0
12, 2329, -1.0, 1.0, -4.0, 4.0, 0, 0, lines.add(in.readLine()), 9.0
12, 2330, -1.0, 1.0, -4.0, 4.5, 9, 1, in.getLines().add(in.readLine()), 9.5
12, 2331, -1.0, 1.0, -4.0, 5.0, 9, 1, in.getLines().add(in.readLine()), 11.0
12, 2332, -1.0, 1.0, -3.5, 0.0, 11, 0, in.readLine(), 1.0
12, 2333, -1.0, 1.0, -3.5, 0.5, 0, 0, lines.add(in.readLine()), 2.0
12, 2334, -1.0, 1.0, -3.5, 1.0, 0, 0, lines.add(in.readLine()), 3.0
12, 2335, -1.0, 1.0, -3.5, 1.5, 0, 0, lines.add(in.readLine()), 4.0
12, 2336, -1.0, 1.0, -3.5, 2.0, 0, 0, lines.add(in.readLine()), 5.0
12, 2337, -1.0, 1.0, -3.5, 2.5, 0, 0, lines.add(in.readLine()), 6.0
12, 2338, -1.0, 1.0, -3.5, 3.0, 0, 0, lines.add(in.readLine()), 7.0
12, 2339, -1.0, 1.0, -3.5, 3.5, 0, 0, lines.add(in.readLine()), 8.0
12, 2340, -1.0, 1.0, -3.5, 4.0, 9, 1, in.getLines().add(in.readLine()), 8.5
12, 2341, -1.0, 1.0, -3.5, 4.5, 9, 1, in.getLines().add(in.readLine()), 10.0
12, 2342, -1.0, 1.0, -3.5, 5.0, 9, 1, in.getLines().add(in.readLine()), 11.5
12, 2343, -1.0, 1.0, -3.0, 0.0, 11, 0, in.readLine(), 1.0
12, 2344, -1.0, 1.0, -3.0, 0.5, 0, 0, lines.add(in.readLine()), 2.0
12, 2345, -1.0, 1.0, -3.0, 1.0, 0, 0, lines.add(in.readLine()), 3.0
12, 2346, -1.0, 1.0, -3.0, 1.5, 0, 0, lines.add(in.readLine()), 4.0
12, 2347, -1.0, 1.0, -3.0, 2.0, 0, 0, lines.add(in.readLine()), 5.0
12, 2348, -1.0, 1.0, -3.0, 2.5, 0, 0, lines.add(in.readLine()), 6.0
12, 2349, -1.0, 1.0, -3.0, 3.0, 0, 0, lines.add(in.readLine()), 7.0
12, 2350, -1.0, 1.0, -3.0, 3.5, 9, 0, in.getLines().add(in.readLine()), 7.5
12, 2351, -1.0, 1.0, -3.0, 4.0, 9, 1, in.getLines().add(in.readLine()), 9.0
12, 2352, -1.0, 1.0, -3.0, 4.5, 9, 1, in.getLines().add(in.readLine()), 10.5
12, 2353, -1.0, 1.0, -3.0, 5.0, 9, 2, in.getLines().add(in.readLine()), 12.0
12, 2354, -1.0, 1.0, -2.5, 0.0, 11, 0, in.readLine(), 1.0
12, 2355, -1.0, 1.0, -2.5, 0.5, 0, 0, lines.add(in.readLine()), 2.0
12, 2356, -1.0, 1.0, -2.5, 1.0, 0, 0, lines.add(in.readLine()), 3.0
12, 2357, -1.0, 1.0, -2.5, 1.5, 0, 0, lines.add(in.readLine()), 4.0
12, 2358, -1.0, 1.0, -2.5, 2.0, 0, 0, lines.add(in.readLine()), 5.0
12, 2359, -1.0, 1.0, -2.5, 2.5, 0, 0, lines.add(in.readLine()), 6.0
12, 2360, -1.0, 1.0, -2.5, 3.0, 9, 0, in.getLines().add(in.readLine()), 6.5
12, 2361, -1.0, 1.0, -2.5, 3.5, 9, 0, in.getLines().add(in.readLine()), 8.0
12, 2362, -1.0, 1.0, -2.5, 4.0, 9, 1, in.getLines().add(in.readLine()), 9.5
12, 2363, -1.0, 1.0, -2.5, 4.5, 21, 3, new Task12().getLines(in).add(in.readLine()), 9.5
12, 2364, -1.0, 1.0, -2.5, 5.0, 21, 3, new Task12().getLines(in).add(in.readLine()), 11.5
12, 2365, -1.0, 1.0, -2.0, 0.0, 11, 0, in.readLine(), 1.0
12, 2366, -1.0, 1.0, -2.0, 0.5, 0, 0, lines.add(in.readLine()), 2.0
12, 2367, -1.0, 1.0, -2.0, 1.0, 0, 0, lines.add(in.readLine()), 3.0
12, 2368, -1.0, 1.0, -2.0, 1.5, 0, 0, lines.add(in.readLine()), 4.0
12, 2369, -1.0, 1.0, -2.0, 2.0, 0, 0, lines.add(in.readLine()), 5.0
12, 2370, -1.0, 1.0, -2.0, 2.5, 9, 0, in.getLines().add(in.readLine()), 5.5
12, 2371, -1.0, 1.0, -2.0, 3.0, 9, 0, in.getLines().add(in.readLine()), 7.0
12, 2372, -1.0, 1.0, -2.0, 3.5, 9, 0, in.getLines().add(in.readLine()), 8.5
12, 2373, -1.0, 1.0, -2.0, 4.0, 21, 2, new Task12().getLines(in).add(in.readLine()), 9.0
12, 2374, -1.0, 1.0, -2.0, 4.5, 21, 2, new Task12().getLines(in).add(in.readLine()), 11.0
12, 2375, -1.0, 1.0, -2.0, 5.0, 21, 3, new Task12().getLines(in).add(in.readLine()), 13.0
12, 2376, -1.0, 1.0, -1.5, 0.0, 11, 0, in.readLine(), 1.0
12, 2377, -1.0, 1.0, -1.5, 0.5, 0, 0, lines.add(in.readLine()), 2.0
12, 2378, -1.0, 1.0, -1.5, 1.0, 0, 0, lines.add(in.readLine()), 3.0
12, 2379, -1.0, 1.0, -1.5, 1.5, 0, 0, lines.add(in.readLine()), 4.0
12, 2380, -1.0, 1.0, -1.5, 2.0, 9, 0, in.getLines().add(in.readLine()), 4.5
12, 2381, -1.0, 1.0, -1.5, 2.5, 9, 0, in.getLines().add(in.readLine()), 6.0
12, 2382, -1.0, 1.0, -1.5, 3.0, 21, 1, new Task12().getLines(in).add(in.readLine()), 6.5
12, 2383, -1.0, 1.0, -1.5, 3.5, 21, 1, new Task12().getLines(in).add(in.readLine()), 8.5
12, 2384, -1.0, 1.0, -1.5, 4.0, 21, 1, new Task12().getLines(in).add(in.readLine()), 10.5
12, 2385, -1.0, 1.0, -1.5, 4.5, 21, 2, new Task12().getLines(in).add(in.readLine()), 12.5
12, 2386, -1.0, 1.0, -1.5, 5.0, 21, 2, new Task12().getLines(in).add(in.readLine()), 14.5
12, 2387, -1.0, 1.0, -1.0, 0.0, 11, 0, in.readLine(), 1.0
12, 2388, -1.0, 1.0, -1.0, 0.5, 0, 0, lines.add(in.readLine()), 2.0
12, 2389, -1.0, 1.0, -1.0, 1.0, 0, 0, lines.add(in.readLine()), 3.0
12, 2390, -1.0, 1.0, -1.0, 1.5, 9, 0, in.getLines().add(in.readLine()), 3.5
12, 2391, -1.0, 1.0, -1.0, 2.0, 9, 0, in.getLines().add(in.readLine()), 5.0
12, 2392, -1.0, 1.0, -1.0, 2.5, 21, 0, new Task12().getLines(in).add(in.readLine()), 6.0
12, 2393, -1.0, 1.0, -1.0, 3.0, 21, 0, new Task12().getLines(in).add(in.readLine()), 8.0
12, 2394, -1.0, 1.0, -1.0, 3.5, 21, 1, new Task12().getLines(in).add(in.readLine()), 10.0
12, 2395, -1.0, 1.0, -1.0, 4.0, 21, 1, new Task12().getLines(in).add(in.readLine()), 12.0
12, 2396, -1.0, 1.0, -1.0, 4.5, 21, 1, new Task12().getLines(in).add(in.readLine()), 14.0
12, 2397, -1.0, 1.0, -1.0, 5.0, 21, 2, new Task12().getLines(in).add(in.readLine()), 16.0
12, 2398, -1.0, 1.0, -0.5, 0.0, 11, 0, in.readLine(), 1.0
12, 2399, -1.0, 1.0, -0.5, 0.5, 0, 0, lines.add(in.readLine()), 2.0
12, 2400, -1.0, 1.0, -0.5, 1.0, 11, 1, in.readLine(), 2.0
12, 2401, -1.0, 1.0, -0.5, 1.5, 11, 1, in.readLine(), 2.5
12, 2402, -1.0, 1.0, -0.5, 2.0, 21, 0, new Task12().getLines(in).add(in.readLine()), 5.5
12, 2403, -1.0, 1.0, -0.5, 2.5, 21, 0, new Task12().getLines(in).add(in.readLine()), 7.5
12, 2404, -1.0, 1.0, -0.5, 3.0, 21, 0, new Task12().getLines(in).add(in.readLine()), 9.5
12, 2405, -1.0, 1.0, -0.5, 3.5, 21, 1, new Task12().getLines(in).add(in.readLine()), 11.5
12, 2406, -1.0, 1.0, -0.5, 4.0, 21, 1, new Task12().getLines(in).add(in.readLine()), 13.5
12, 2407, -1.0, 1.0, -0.5, 4.5, 21, 1, new Task12().getLines(in).add(in.readLine()), 15.5
12, 2408, -1.0, 1.0, -0.5, 5.0, 21, 1, new Task12().getLines(in).add(in.readLine()), 17.5
12, 2409, -1.0, 1.0, 0.0, 0.0, 11, 1, in.readLine(), 1.0
12, 2410, -1.0, 1.0, 0.0, 0.5, 11, 1, in.readLine(), 1.5
12, 2411, -1.0, 1.0, 0.0, 1.0, 11, 4, in.readLine(), 2.0
12, 2412, -1.0, 1.0, 0.0, 1.5, 21, 0, new Task12().getLines(in).add(in.readLine()), 5.0
12, 2413, -1.0, 1.0, 0.0, 2.0, 21, 0, new Task12().getLines(in).add(in.readLine()), 7.0
12, 2414, -1.0, 1.0, 0.0, 2.5, 21, 0, new Task12().getLines(in).add(in.readLine()), 9.0
12, 2415, -1.0, 1.0, 0.0, 3.0, 21, 0, new Task12().getLines(in).add(in.readLine()), 11.0
12, 2416, -1.0, 1.0, 0.0, 3.5, 21, 1, new Task12().getLines(in).add(in.readLine()), 13.0
12, 2417, -1.0, 1.0, 0.0, 4.0, 21, 1, new Task12().getLines(in).add(in.readLine()), 15.0
12, 2418, -1.0, 1.0, 0.0, 4.5, 21, 1, new Task12().getLines(in).add(in.readLine()), 17.0
12, 2419, -1.0, 1.0, 0.0, 5.0, 21, 1, new Task12().getLines(in).add(in.readLine()), 19.0
12, 2420, -0.5, 1.0, -5.0, 0.0, 0, 0, lines.add(in.readLine()), 3.0
12, 2421, -0.5, 1.0, -5.0, 0.5, 0, 0, lines.add(in.readLine()), 4.0
12, 2422, -0.5, 1.0, -5.0, 1.0, 0, 0, lines.add(in.readLine()), 5.0
12, 2423, -0.5, 1.0, -5.0, 1.5, 0, 0, lines.add(in.readLine()), 6.0
12, 2424, -0.5, 1.0, -5.0, 2.0, 0, 0, lines.add(in.readLine()), 7.0
12, 2425, -0.5, 1.0, -5.0, 2.5, 0, 0, lines.add(in.readLine()), 8.0
12, 2426, -0.5, 1.0, -5.0, 3.0, 0, 0, lines.add(in.readLine()), 9.0
12, 2427, -0.5, 1.0, -5.0, 3.5, 0, 1, lines.add(in.readLine()), 10.0
12, 2428, -0.5, 1.0, -5.0, 4.0, 0, 1, lines.add(in.readLine()), 11.0
12, 2429, -0.5, 1.0, -5.0, 4.5, 0, 1, lines.add(in.readLine()), 12.0
12, 2430, -0.5, 1.0, -5.0, 5.0, 9, 3, in.getLines().add(in.readLine()), 12.5
12, 2431, -0.5, 1.0, -4.5, 0.0, 0, 0, lines.add(in.readLine()), 3.0
12, 2432, -0.5, 1.0, -4.5, 0.5, 0, 0, lines.add(in.readLine()), 4.0
12, 2433, -0.5, 1.0, -4.5, 1.0, 0, 0, lines.add(in.readLine()), 5.0
12, 2434, -0.5, 1.0, -4.5, 1.5, 0, 0, lines.add(in.readLine()), 6.0
12, 2435, -0.5, 1.0, -4.5, 2.0, 0, 0, lines.add(in.readLine()), 7.0
12, 2436, -0.5, 1.0, -4.5, 2.5, 0, 0, lines.add(in.readLine()), 8.0
12, 2437, -0.5, 1.0, -4.5, 3.0, 0, 1, lines.add(in.readLine()), 9.0
12, 2438, -0.5, 1.0, -4.5, 3.5, 0, 1, lines.add(in.readLine()), 10.0
12, 2439, -0.5, 1.0, -4.5, 4.0, 0, 1, lines.add(in.readLine()), 11.0
12, 2440, -0.5, 1.0, -4.5, 4.5, 9, 3, in.getLines().add(in.readLine()), 11.5
12, 2441, -0.5, 1.0, -4.5, 5.0, 9, 3, in.getLines().add(in.readLine()), 13.0
12, 2442, -0.5, 1.0, -4.0, 0.0, 0, 0, lines.add(in.readLine()), 3.0
12, 2443, -0.5, 1.0, -4.0, 0.5, 0, 0, lines.add(in.readLine()), 4.0
12, 2444, -0.5, 1.0, -4.0, 1.0, 0, 0, lines.add(in.readLine()), 5.0
12, 2445, -0.5, 1.0, -4.0, 1.5, 0, 0, lines.add(in.readLine()), 6.0
12, 2446, -0.5, 1.0, -4.0, 2.0, 0, 0, lines.add(in.readLine()), 7.0
12, 2447, -0.5, 1.0, -4.0, 2.5, 0, 0, lines.add(in.readLine()), 8.0
12, 2448, -0.5, 1.0, -4.0, 3.0, 0, 1, lines.add(in.readLine()), 9.0
12, 2449, -0.5, 1.0, -4.0, 3.5, 0, 1, lines.add(in.readLine()), 10.0
12, 2450, -0.5, 1.0, -4.0, 4.0, 9, 3, in.getLines().add(in.readLine()), 10.5
12, 2451, -0.5, 1.0, -4.0, 4.5, 9, 3, in.getLines().add(in.readLine()), 12.0
12, 2452, -0.5, 1.0, -4.0, 5.0, 9, 3, in.getLines().add(in.readLine()), 13.5
12, 2453, -0.5, 1.0, -3.5, 0.0, 0, 0, lines.add(in.readLine()), 3.0
12, 2454, -0.5, 1.0, -3.5, 0.5, 0, 0, lines.add(in.readLine()), 4.0
12, 2455, -0.5, 1.0, -3.5, 1.0, 0, 0, lines.add(in.readLine()), 5.0
12, 2456, -0.5, 1.0, -3.5, 1.5, 0, 0, lines.add(in.readLine()), 6.0
12, 2457, -0.5, 1.0, -3.5, 2.0, 0, 0, lines.add(in.readLine()), 7.0
12, 2458, -0.5, 1.0, -3.5, 2.5, 0, 0, lines.add(in.readLine()), 8.0
12, 2459, -0.5, 1.0, -3.5, 3.0, 0, 1, lines.add(in.readLine()), 9.0
12, 2460, -0.5, 1.0, -3.5, 3.5, 9, 2, in.getLines().add(in.readLine()), 9.5
12, 2461, -0.5, 1.0, -3.5, 4.0, 9, 3, in.getLines().add(in.readLine()), 11.0
12, 2462, -0.5, 1.0, -3.5, 4.5, 9, 3, in.getLines().add(in.readLine()), 12.5
12, 2463, -0.5, 1.0, -3.5, 5.0, 9, 3, in.getLines().add(in.readLine()), 14.0
12, 2464, -0.5, 1.0, -3.0, 0.0, 0, 0, lines.add(in.readLine()), 3.0
12, 2465, -0.5, 1.0, -3.0, 0.5, 0, 0, lines.add(in.readLine()), 4.0
12, 2466, -0.5, 1.0, -3.0, 1.0, 0, 0, lines.add(in.readLine()), 5.0
12, 2467, -0.5, 1.0, -3.0, 1.5, 0, 0, lines.add(in.readLine()), 6.0
12, 2468, -0.5, 1.0, -3.0, 2.0, 0, 0, lines.add(in.readLine()), 7.0
12, 2469, -0.5, 1.0, -3.0, 2.5, 0, 1, lines.add(in.readLine()), 8.0
12, 2470, -0.5, 1.0, -3.0, 3.0, 9, 1, in.getLines().add(in.readLine()), 8.5
12, 2471, -0.5, 1.0, -3.0, 3.5, 9, 2, in.getLines().add(in.readLine()), 10.0
12, 2472, -0.5, 1.0, -3.0, 4.0, 9, 3, in.getLines().add(in.readLine()), 11.5
12, 2473, -0.5, 1.0, -3.0, 4.5, 9, 3, in.getLines().add(in.readLine()), 13.0
12, 2474, -0.5, 1.0, -3.0, 5.0, 21, 4, new Task12().getLines(in).add(in.readLine()), 13.0
12, 2475, -0.5, 1.0, -2.5, 0.0, 0, 0, lines.add(in.readLine()), 3.0
12, 2476, -0.5, 1.0, -2.5, 0.5, 0, 0, lines.add(in.readLine()), 4.0
12, 2477, -0.5, 1.0, -2.5, 1.0, 0, 0, lines.add(in.readLine()), 5.0
12, 2478, -0.5, 1.0, -2.5, 1.5, 0, 0, lines.add(in.readLine()), 6.0
12, 2479, -0.5, 1.0, -2.5, 2.0, 0, 0, lines.add(in.readLine()), 7.0
12, 2480, -0.5, 1.0, -2.5, 2.5, 9, 1, in.getLines().add(in.readLine()), 7.5
12, 2481, -0.5, 1.0, -2.5, 3.0, 9, 2, in.getLines().add(in.readLine()), 9.0
12, 2482, -0.5, 1.0, -2.5, 3.5, 9, 2, in.getLines().add(in.readLine()), 10.5
12, 2483, -0.5, 1.0, -2.5, 4.0, 21, 4, new Task12().getLines(in).add(in.readLine()), 10.5
12, 2484, -0.5, 1.0, -2.5, 4.5, 21, 4, new Task12().getLines(in).add(in.readLine()), 12.5
12, 2485, -0.5, 1.0, -2.5, 5.0, 21, 4, new Task12().getLines(in).add(in.readLine()), 14.5
12, 2486, -0.5, 1.0, -2.0, 0.0, 0, 0, lines.add(in.readLine()), 3.0
12, 2487, -0.5, 1.0, -2.0, 0.5, 0, 0, lines.add(in.readLine()), 4.0
12, 2488, -0.5, 1.0, -2.0, 1.0, 0, 0, lines.add(in.readLine()), 5.0
12, 2489, -0.5, 1.0, -2.0, 1.5, 0, 0, lines.add(in.readLine()), 6.0
12, 2490, -0.5, 1.0, -2.0, 2.0, 9, 1, in.getLines().add(in.readLine()), 6.5
12, 2491, -0.5, 1.0, -2.0, 2.5, 9, 0, in.getLines().add(in.readLine()), 8.0
12, 2492, -0.5, 1.0, -2.0, 3.0, 9, 2, in.getLines().add(in.readLine()), 9.5
12, 2493, -0.5, 1.0, -2.0, 3.5, 21, 4, new Task12().getLines(in).add(in.readLine()), 10.0
12, 2494, -0.5, 1.0, -2.0, 4.0, 21, 4, new Task12().getLines(in).add(in.readLine()), 12.0
12, 2495, -0.5, 1.0, -2.0, 4.5, 21, 4, new Task12().getLines(in).add(in.readLine()), 14.0
12, 2496, -0.5, 1.0, -2.0, 5.0, 21, 4, new Task12().getLines(in).add(in.readLine()), 16.0
12, 2497, -0.5, 1.0, -1.5, 0.0, 0, 0, lines.add(in.readLine()), 3.0
12, 2498, -0.5, 1.0, -1.5, 0.5, 0, 0, lines.add(in.readLine()), 4.0
12, 2499, -0.5, 1.0, -1.5, 1.0, 0, 0, lines.add(in.readLine()), 5.0
12, 2500, -0.5, 1.0, -1.5, 1.5, 9, 0, in.getLines().add(in.readLine()), 5.5
12, 2501, -0.5, 1.0, -1.5, 2.0, 9, 1, in.getLines().add(in.readLine()), 7.0
12, 2502, -0.5, 1.0, -1.5, 2.5, 21, 2, new Task12().getLines(in).add(in.readLine()), 7.5
12, 2503, -0.5, 1.0, -1.5, 3.0, 21, 3, new Task12().getLines(in).add(in.readLine()), 9.5
12, 2504, -0.5, 1.0, -1.5, 3.5, 21, 3, new Task12().getLines(in).add(in.readLine()), 11.5
12, 2505, -0.5, 1.0, -1.5, 4.0, 21, 3, new Task12().getLines(in).add(in.readLine()), 13.5
12, 2506, -0.5, 1.0, -1.5, 4.5, 21, 3, new Task12().getLines(in).add(in.readLine()), 15.5
12, 2507, -0.5, 1.0, -1.5, 5.0, 21, 3, new Task12().getLines(in).add(in.readLine()), 17.5
12, 2508, -0.5, 1.0, -1.0, 0.0, 0, 0, lines.add(in.readLine()), 3.0
12, 2509, -0.5, 1.0, -1.0, 0.5, 0, 0, lines.add(in.readLine()), 4.0
12, 2510, -0.5, 1.0, -1.0, 1.0, 9, 0, in.getLines().add(in.readLine()), 4.5
12, 2511, -0.5, 1.0, -1.0, 1.5, 9, 0, in.getLines().add(in.readLine()), 6.0
12, 2512, -0.5, 1.0, -1.0, 2.0, 21, 2, new Task12().getLines(in).add(in.readLine()), 7.0
12, 2513, -0.5, 1.0, -1.0, 2.5, 21, 2, new Task12().getLines(in).add(in.readLine()), 9.0
12, 2514, -0.5, 1.0, -1.0, 3.0, 21, 2, new Task12().getLines(in).add(in.readLine()), 11.0
12, 2515, -0.5, 1.0, -1.0, 3.5, 21, 3, new Task12().getLines(in).add(in.readLine()), 13.0
12, 2516, -0.5, 1.0, -1.0, 4.0, 21, 3, new Task12().getLines(in).add(in.readLine()), 15.0
12, 2517, -0.5, 1.0, -1.0, 4.5, 21, 3, new Task12().getLines(in).add(in.readLine()), 17.0
12, 2518, -0.5, 1.0, -1.0, 5.0, 21, 3, new Task12().getLines(in).add(in.readLine()), 19.0
12, 2519, -0.5, 1.0, -0.5, 0.0, 0, 0, lines.add(in.readLine()), 3.0
12, 2520, -0.5, 1.0, -0.5, 0.5, 9, 3, lines.add(readLine()).add(), 2.5
12, 2521, -0.5, 1.0, -0.5, 1.0, 19, 2, lines.add(readLine()).equals(in.readLine()), 3.5
12, 2522, -0.5, 1.0, -0.5, 1.5, 21, 0, new Task12().getLines(in).add(in.readLine()), 6.5
12, 2523, -0.5, 1.0, -0.5, 2.0, 21, 1, new Task12().getLines(in).add(in.readLine()), 8.5
12, 2524, -0.5, 1.0, -0.5, 2.5, 21, 2, new Task12().getLines(in).add(in.readLine()), 10.5
12, 2525, -0.5, 1.0, -0.5, 3.0, 21, 2, new Task12().getLines(in).add(in.readLine()), 12.5
12, 2526, -0.5, 1.0, -0.5, 3.5, 21, 3, new Task12().getLines(in).add(in.readLine()), 14.5
12, 2527, -0.5, 1.0, -0.5, 4.0, 21, 3, new Task12().getLines(in).add(in.readLine()), 16.5
12, 2528, -0.5, 1.0, -0.5, 4.5, 21, 3, new Task12().getLines(in).add(in.readLine()), 18.5
12, 2529, -0.5, 1.0, -0.5, 5.0, 21, 3, new Task12().getLines(in).add(in.readLine()), 20.5
12, 2530, -0.5, 1.0, 0.0, 0.0, 12, 0, in.getLines().add(readLine()), 3.0
12, 2531, -0.5, 1.0, 0.0, 0.5, 23, 3, in.readLine().equals(lines.addAll()), 3.5
12, 2532, -0.5, 1.0, 0.0, 1.0, 21, 0, new Task12().getLines(in).add(in.readLine()), 6.0
12, 2533, -0.5, 1.0, 0.0, 1.5, 21, 0, new Task12().getLines(in).add(in.readLine()), 8.0
12, 2534, -0.5, 1.0, 0.0, 2.0, 21, 1, new Task12().getLines(in).add(in.readLine()), 10.0
12, 2535, -0.5, 1.0, 0.0, 2.5, 21, 1, new Task12().getLines(in).add(in.readLine()), 12.0
12, 2536, -0.5, 1.0, 0.0, 3.0, 21, 2, new Task12().getLines(in).add(in.readLine()), 14.0
12, 2537, -0.5, 1.0, 0.0, 3.5, 21, 3, new Task12().getLines(in).add(in.readLine()), 16.0
12, 2538, -0.5, 1.0, 0.0, 4.0, 21, 3, new Task12().getLines(in).add(in.readLine()), 18.0
12, 2539, -0.5, 1.0, 0.0, 4.5, 21, 3, new Task12().getLines(in).add(in.readLine()), 20.0
12, 2540, -0.5, 1.0, 0.0, 5.0, 21, 3, new Task12().getLines(in).add(in.readLine()), 22.0
12, 2541, 0.0, 1.0, -5.0, 0.0, 0, 0, lines.add(in.readLine()), 5.0
12, 2542, 0.0, 1.0, -5.0, 0.5, 0, 0, lines.add(in.readLine()), 6.0
12, 2543, 0.0, 1.0, -5.0, 1.0, 0, 0, lines.add(in.readLine()), 7.0
12, 2544, 0.0, 1.0, -5.0, 1.5, 0, 0, lines.add(in.readLine()), 8.0
12, 2545, 0.0, 1.0, -5.0, 2.0, 0, 1, lines.add(in.readLine()), 9.0
12, 2546, 0.0, 1.0, -5.0, 2.5, 0, 1, lines.add(in.readLine()), 10.0
12, 2547, 0.0, 1.0, -5.0, 3.0, 0, 1, lines.add(in.readLine()), 11.0
12, 2548, 0.0, 1.0, -5.0, 3.5, 0, 2, lines.add(in.readLine()), 12.0
12, 2549, 0.0, 1.0, -5.0, 4.0, 0, 3, lines.add(in.readLine()), 13.0
12, 2550, 0.0, 1.0, -5.0, 4.5, 17, 3, in.getLines().add(lines.add(readLine())), 13.5
12, 2551, 0.0, 1.0, -5.0, 5.0, 17, 3, in.getLines().add(lines.add(readLine())), 15.0
12, 2552, 0.0, 1.0, -4.5, 0.0, 0, 0, lines.add(in.readLine()), 5.0
12, 2553, 0.0, 1.0, -4.5, 0.5, 0, 0, lines.add(in.readLine()), 6.0
12, 2554, 0.0, 1.0, -4.5, 1.0, 0, 0, lines.add(in.readLine()), 7.0
12, 2555, 0.0, 1.0, -4.5, 1.5, 0, 0, lines.add(in.readLine()), 8.0
12, 2556, 0.0, 1.0, -4.5, 2.0, 0, 1, lines.add(in.readLine()), 9.0
12, 2557, 0.0, 1.0, -4.5, 2.5, 0, 1, lines.add(in.readLine()), 10.0
12, 2558, 0.0, 1.0, -4.5, 3.0, 0, 2, lines.add(in.readLine()), 11.0
12, 2559, 0.0, 1.0, -4.5, 3.5, 0, 3, lines.add(in.readLine()), 12.0
12, 2560, 0.0, 1.0, -4.5, 4.0, 17, 3, in.getLines().add(lines.add(readLine())), 12.5
12, 2561, 0.0, 1.0, -4.5, 4.5, 17, 3, in.getLines().add(lines.add(readLine())), 14.0
12, 2562, 0.0, 1.0, -4.5, 5.0, 17, 4, in.getLines().add(lines.add(readLine())), 15.5
12, 2563, 0.0, 1.0, -4.0, 0.0, 0, 0, lines.add(in.readLine()), 5.0
12, 2564, 0.0, 1.0, -4.0, 0.5, 0, 0, lines.add(in.readLine()), 6.0
12, 2565, 0.0, 1.0, -4.0, 1.0, 0, 0, lines.add(in.readLine()), 7.0
12, 2566, 0.0, 1.0, -4.0, 1.5, 0, 1, lines.add(in.readLine()), 8.0
12, 2567, 0.0, 1.0, -4.0, 2.0, 0, 1, lines.add(in.readLine()), 9.0
12, 2568, 0.0, 1.0, -4.0, 2.5, 0, 1, lines.add(in.readLine()), 10.0
12, 2569, 0.0, 1.0, -4.0, 3.0, 0, 2, lines.add(in.readLine()), 11.0
12, 2570, 0.0, 1.0, -4.0, 3.5, 17, 3, in.getLines().add(lines.add(readLine())), 11.5
12, 2571, 0.0, 1.0, -4.0, 4.0, 17, 3, in.getLines().add(lines.add(readLine())), 13.0
12, 2572, 0.0, 1.0, -4.0, 4.5, 17, 3, in.getLines().add(lines.add(readLine())), 14.5
12, 2573, 0.0, 1.0, -4.0, 5.0, 17, 3, in.getLines().add(lines.add(readLine())), 16.0
12, 2574, 0.0, 1.0, -3.5, 0.0, 0, 0, lines.add(in.readLine()), 5.0
12, 2575, 0.0, 1.0, -3.5, 0.5, 0, 0, lines.add(in.readLine()), 6.0
12, 2576, 0.0, 1.0, -3.5, 1.0, 0, 0, lines.add(in.readLine()), 7.0
12, 2577, 0.0, 1.0, -3.5, 1.5, 0, 1, lines.add(in.readLine()), 8.0
12, 2578, 0.0, 1.0, -3.5, 2.0, 0, 1, lines.add(in.readLine()), 9.0
12, 2579, 0.0, 1.0, -3.5, 2.5, 0, 2, lines.add(in.readLine()), 10.0
12, 2580, 0.0, 1.0, -3.5, 3.0, 17, 3, in.getLines().add(lines.add(readLine())), 10.5
12, 2581, 0.0, 1.0, -3.5, 3.5, 17, 3, in.getLines().add(lines.add(readLine())), 12.0
12, 2582, 0.0, 1.0, -3.5, 4.0, 17, 3, in.getLines().add(lines.add(readLine())), 13.5
12, 2583, 0.0, 1.0, -3.5, 4.5, 17, 4, in.getLines().add(lines.add(readLine())), 15.0
12, 2584, 0.0, 1.0, -3.5, 5.0, 33, 3, in.read().insert(in.readLine(), in.read(), in.read()), 19.5
12, 2585, 0.0, 1.0, -3.0, 0.0, 0, 0, lines.add(in.readLine()), 5.0
12, 2586, 0.0, 1.0, -3.0, 0.5, 0, 0, lines.add(in.readLine()), 6.0
12, 2587, 0.0, 1.0, -3.0, 1.0, 0, 0, lines.add(in.readLine()), 7.0
12, 2588, 0.0, 1.0, -3.0, 1.5, 0, 1, lines.add(in.readLine()), 8.0
12, 2589, 0.0, 1.0, -3.0, 2.0, 0, 2, lines.add(in.readLine()), 9.0
12, 2590, 0.0, 1.0, -3.0, 2.5, 17, 3, in.getLines().add(lines.add(readLine())), 9.5
12, 2591, 0.0, 1.0, -3.0, 3.0, 17, 3, in.getLines().add(lines.add(readLine())), 11.0
12, 2592, 0.0, 1.0, -3.0, 3.5, 17, 4, in.getLines().add(lines.add(readLine())), 12.5
12, 2593, 0.0, 1.0, -3.0, 4.0, 17, 4, in.getLines().add(lines.add(readLine())), 14.0
12, 2594, 0.0, 1.0, -3.0, 4.5, 33, 3, in.read().insert(in.readLine(), in.read(), in.read()), 18.0
12, 2595, 0.0, 1.0, -3.0, 5.0, 33, 3, in.read().insert(in.readLine(), in.read(), in.read()), 20.0
12, 2596, 0.0, 1.0, -2.5, 0.0, 0, 0, lines.add(in.readLine()), 5.0
12, 2597, 0.0, 1.0, -2.5, 0.5, 0, 0, lines.add(in.readLine()), 6.0
12, 2598, 0.0, 1.0, -2.5, 1.0, 0, 1, lines.add(in.readLine()), 7.0
12, 2599, 0.0, 1.0, -2.5, 1.5, 0, 0, lines.add(in.readLine()), 8.0
12, 2600, 0.0, 1.0, -2.5, 2.0, 17, 3, in.getLines().add(lines.add(readLine())), 8.5
12, 2601, 0.0, 1.0, -2.5, 2.5, 17, 4, in.getLines().add(lines.add(readLine())), 10.0
12, 2602, 0.0, 1.0, -2.5, 3.0, 17, 4, in.getLines().add(lines.add(readLine())), 11.5
12, 2603, 0.0, 1.0, -2.5, 3.5, 33, 3, in.read().insert(in.readLine(), in.read(), in.read()), 14.5
12, 2604, 0.0, 1.0, -2.5, 4.0, 33, 3, in.read().insert(in.readLine(), in.read(), in.read()), 16.5
12, 2605, 0.0, 1.0, -2.5, 4.5, 33, 3, in.read().insert(in.readLine(), in.read(), in.read()), 18.5
12, 2606, 0.0, 1.0, -2.5, 5.0, 33, 3, in.read().insert(in.readLine(), in.read(), in.read()), 20.5
12, 2607, 0.0, 1.0, -2.0, 0.0, 0, 0, lines.add(in.readLine()), 5.0
12, 2608, 0.0, 1.0, -2.0, 0.5, 0, 0, lines.add(in.readLine()), 6.0
12, 2609, 0.0, 1.0, -2.0, 1.0, 0, 0, lines.add(in.readLine()), 7.0
12, 2610, 0.0, 1.0, -2.0, 1.5, 17, 2, in.getLines().add(lines.add(readLine())), 7.5
12, 2611, 0.0, 1.0, -2.0, 2.0, 17, 4, in.getLines().add(lines.add(readLine())), 9.0
12, 2612, 0.0, 1.0, -2.0, 2.5, 17, 4, in.getLines().add(lines.add(readLine())), 10.5
12, 2613, 0.0, 1.0, -2.0, 3.0, 33, 3, in.read().insert(in.readLine(), in.read(), in.read()), 13.0
12, 2614, 0.0, 1.0, -2.0, 3.5, 33, 3, in.read().insert(in.readLine(), in.read(), in.read()), 15.0
12, 2615, 0.0, 1.0, -2.0, 4.0, 33, 3, in.read().insert(in.readLine(), in.read(), in.read()), 17.0
12, 2616, 0.0, 1.0, -2.0, 4.5, 33, 3, in.read().insert(in.readLine(), in.read(), in.read()), 19.0
12, 2617, 0.0, 1.0, -2.0, 5.0, 33, 3, in.read().insert(in.readLine(), in.read(), in.read()), 21.0
12, 2618, 0.0, 1.0, -1.5, 0.0, 0, 0, lines.add(in.readLine()), 5.0
12, 2619, 0.0, 1.0, -1.5, 0.5, 0, 0, lines.add(in.readLine()), 6.0
12, 2620, 0.0, 1.0, -1.5, 1.0, 17, 2, in.getLines().add(lines.add(readLine())), 6.5
12, 2621, 0.0, 1.0, -1.5, 1.5, 17, 2, in.getLines().add(lines.add(readLine())), 8.0
12, 2622, 0.0, 1.0, -1.5, 2.0, 29, 4, new Task12().getLines(in).add(lines.add(readLine())), 8.5
12, 2623, 0.0, 1.0, -1.5, 2.5, 29, 4, new Task12().getLines(in).add(lines.add(readLine())), 10.5
12, 2624, 0.0, 1.0, -1.5, 3.0, 29, 4, new Task12().getLines(in).add(lines.add(readLine())), 12.5
12, 2625, 0.0, 1.0, -1.5, 3.5, 29, 4, new Task12().getLines(in).add(lines.add(readLine())), 14.5
12, 2626, 0.0, 1.0, -1.5, 4.0, 29, 4, new Task12().getLines(in).add(lines.add(readLine())), 16.5
12, 2627, 0.0, 1.0, -1.5, 4.5, 29, 4, new Task12().getLines(in).add(lines.add(readLine())), 18.5
12, 2628, 0.0, 1.0, -1.5, 5.0, 29, 4, new Task12().getLines(in).add(lines.add(readLine())), 20.5
12, 2629, 0.0, 1.0, -1.0, 0.0, 0, 0, lines.add(in.readLine()), 5.0
12, 2630, 0.0, 1.0, -1.0, 0.5, 17, 1, in.getLines().add(lines.add(readLine())), 5.5
12, 2631, 0.0, 1.0, -1.0, 1.0, 17, 2, in.getLines().add(lines.add(readLine())), 7.0
12, 2632, 0.0, 1.0, -1.0, 1.5, 29, 4, new Task12().getLines(in).add(lines.add(readLine())), 8.0
12, 2633, 0.0, 1.0, -1.0, 2.0, 29, 4, new Task12().getLines(in).add(lines.add(readLine())), 10.0
12, 2634, 0.0, 1.0, -1.0, 2.5, 29, 4, new Task12().getLines(in).add(lines.add(readLine())), 12.0
12, 2635, 0.0, 1.0, -1.0, 3.0, 29, 4, new Task12().getLines(in).add(lines.add(readLine())), 14.0
12, 2636, 0.0, 1.0, -1.0, 3.5, 29, 4, new Task12().getLines(in).add(lines.add(readLine())), 16.0
12, 2637, 0.0, 1.0, -1.0, 4.0, 29, 4, new Task12().getLines(in).add(lines.add(readLine())), 18.0
12, 2638, 0.0, 1.0, -1.0, 4.5, 29, 4, new Task12().getLines(in).add(lines.add(readLine())), 20.0
12, 2639, 0.0, 1.0, -1.0, 5.0, 29, 4, new Task12().getLines(in).add(lines.add(readLine())), 22.0
12, 2640, 0.0, 1.0, -0.5, 0.0, 12, 2, in.getLines().add(readLine()), 4.5
12, 2641, 0.0, 1.0, -0.5, 0.5, 19, 3, lines.add(readLine()).equals(in.readLine()), 5.5
12, 2642, 0.0, 1.0, -0.5, 1.0, 29, 3, new Task12().getLines(in).add(lines.add(readLine())), 7.5
12, 2643, 0.0, 1.0, -0.5, 1.5, 29, 3, new Task12().getLines(in).add(lines.add(readLine())), 9.5
12, 2644, 0.0, 1.0, -0.5, 2.0, 29, 3, new Task12().getLines(in).add(lines.add(readLine())), 11.5
12, 2645, 0.0, 1.0, -0.5, 2.5, 29, 3, new Task12().getLines(in).add(lines.add(readLine())), 13.5
12, 2646, 0.0, 1.0, -0.5, 3.0, 29, 3, new Task12().getLines(in).add(lines.add(readLine())), 15.5
12, 2647, 0.0, 1.0, -0.5, 3.5, 29, 3, new Task12().getLines(in).add(lines.add(readLine())), 17.5
12, 2648, 0.0, 1.0, -0.5, 4.0, 29, 3, new Task12().getLines(in).add(lines.add(readLine())), 19.5
12, 2649, 0.0, 1.0, -0.5, 4.5, 29, 3, new Task12().getLines(in).add(lines.add(readLine())), 21.5
12, 2650, 0.0, 1.0, -0.5, 5.0, 29, 3, new Task12().getLines(in).add(lines.add(readLine())), 23.5
12, 2651, 0.0, 1.0, 0.0, 0.0, 66, 2, new IllegalStateException(readLine(), fillInStackTrace()).equals(lines.add(readLine())), 5.0
12, 2652, 0.0, 1.0, 0.0, 0.5, 32, 4, new Task12().getLines(in).set(lines.add(readLine())), 7.0
12, 2653, 0.0, 1.0, 0.0, 1.0, 29, 4, new Task12().getLines(in).add(lines.add(readLine())), 9.0
12, 2654, 0.0, 1.0, 0.0, 1.5, 32, 4, new Task12().getLines(in).set(lines.add(readLine())), 11.0
12, 2655, 0.0, 1.0, 0.0, 2.0, 32, 4, new Task12().getLines(in).set(lines.add(readLine())), 13.0
12, 2656, 0.0, 1.0, 0.0, 2.5, 32, 4, new Task12().getLines(in).set(lines.add(readLine())), 15.0
12, 2657, 0.0, 1.0, 0.0, 3.0, 32, 4, new Task12().getLines(in).set(lines.add(readLine())), 17.0
12, 2658, 0.0, 1.0, 0.0, 3.5, 32, 4, new Task12().getLines(in).set(lines.add(readLine())), 19.0
12, 2659, 0.0, 1.0, 0.0, 4.0, 32, 4, new Task12().getLines(in).set(lines.add(readLine())), 21.0
12, 2660, 0.0, 1.0, 0.0, 4.5, 32, 4, new Task12().getLines(in).set(lines.add(readLine())), 23.0
12, 2661, 0.0, 1.0, 0.0, 5.0, 32, 4, new Task12().getLines(in).set(lines.add(readLine())), 25.0
