9, 10648, -5.0, 1.0, -5.0, 0.0, 9, 0, charAt(), -3.0
9, 10649, -5.0, 1.0, -5.0, 0.5, 9, 0, charAt(), -3.0
9, 10650, -5.0, 1.0, -5.0, 1.0, 9, 0, charAt(), -3.0
9, 10651, -5.0, 1.0, -5.0, 1.5, 9, 0, charAt(), -3.0
9, 10652, -5.0, 1.0, -5.0, 2.0, 9, 0, charAt(), -3.0
9, 10653, -5.0, 1.0, -5.0, 2.5, 9, 0, charAt(), -3.0
9, 10654, -5.0, 1.0, -5.0, 3.0, 9, 0, charAt(), -3.0
9, 10655, -5.0, 1.0, -5.0, 3.5, 9, 0, charAt(), -3.0
9, 10656, -5.0, 1.0, -5.0, 4.0, 9, 0, charAt(), -3.0
9, 10657, -5.0, 1.0, -5.0, 4.5, 8, 0, i.charAt(), -2.5
9, 10658, -5.0, 1.0, -5.0, 5.0, 8, 0, i.charAt(), -2.0
9, 10659, -5.0, 1.0, -4.5, 0.0, 9, 0, charAt(), -3.0
9, 10660, -5.0, 1.0, -4.5, 0.5, 9, 0, charAt(), -3.0
9, 10661, -5.0, 1.0, -4.5, 1.0, 9, 0, charAt(), -3.0
9, 10662, -5.0, 1.0, -4.5, 1.5, 9, 0, charAt(), -3.0
9, 10663, -5.0, 1.0, -4.5, 2.0, 9, 0, charAt(), -3.0
9, 10664, -5.0, 1.0, -4.5, 2.5, 9, 0, charAt(), -3.0
9, 10665, -5.0, 1.0, -4.5, 3.0, 9, 0, charAt(), -3.0
9, 10666, -5.0, 1.0, -4.5, 3.5, 9, 0, charAt(), -3.0
9, 10667, -5.0, 1.0, -4.5, 4.0, 9, 0, charAt(), -3.0
9, 10668, -5.0, 1.0, -4.5, 4.5, 8, 0, i.charAt(), -2.5
9, 10669, -5.0, 1.0, -4.5, 5.0, 8, 0, i.charAt(), -2.0
9, 10670, -5.0, 1.0, -4.0, 0.0, 9, 0, charAt(), -3.0
9, 10671, -5.0, 1.0, -4.0, 0.5, 9, 0, charAt(), -3.0
9, 10672, -5.0, 1.0, -4.0, 1.0, 9, 0, charAt(), -3.0
9, 10673, -5.0, 1.0, -4.0, 1.5, 9, 0, charAt(), -3.0
9, 10674, -5.0, 1.0, -4.0, 2.0, 9, 0, charAt(), -3.0
9, 10675, -5.0, 1.0, -4.0, 2.5, 9, 0, charAt(), -3.0
9, 10676, -5.0, 1.0, -4.0, 3.0, 9, 0, charAt(), -3.0
9, 10677, -5.0, 1.0, -4.0, 3.5, 9, 0, charAt(), -3.0
9, 10678, -5.0, 1.0, -4.0, 4.0, 9, 0, charAt(), -3.0
9, 10679, -5.0, 1.0, -4.0, 4.5, 8, 0, i.charAt(), -2.5
9, 10680, -5.0, 1.0, -4.0, 5.0, 8, 0, i.charAt(), -2.0
9, 10681, -5.0, 1.0, -3.5, 0.0, 9, 0, charAt(), -3.0
9, 10682, -5.0, 1.0, -3.5, 0.5, 9, 0, charAt(), -3.0
9, 10683, -5.0, 1.0, -3.5, 1.0, 9, 0, charAt(), -3.0
9, 10684, -5.0, 1.0, -3.5, 1.5, 9, 0, charAt(), -3.0
9, 10685, -5.0, 1.0, -3.5, 2.0, 9, 0, charAt(), -3.0
9, 10686, -5.0, 1.0, -3.5, 2.5, 9, 0, charAt(), -3.0
9, 10687, -5.0, 1.0, -3.5, 3.0, 9, 0, charAt(), -3.0
9, 10688, -5.0, 1.0, -3.5, 3.5, 9, 0, charAt(), -3.0
9, 10689, -5.0, 1.0, -3.5, 4.0, 9, 0, charAt(), -3.0
9, 10690, -5.0, 1.0, -3.5, 4.5, 8, 0, i.charAt(), -2.5
9, 10691, -5.0, 1.0, -3.5, 5.0, 8, 0, i.charAt(), -2.0
9, 10692, -5.0, 1.0, -3.0, 0.0, 9, 0, charAt(), -3.0
9, 10693, -5.0, 1.0, -3.0, 0.5, 9, 0, charAt(), -3.0
9, 10694, -5.0, 1.0, -3.0, 1.0, 9, 0, charAt(), -3.0
9, 10695, -5.0, 1.0, -3.0, 1.5, 9, 0, charAt(), -3.0
9, 10696, -5.0, 1.0, -3.0, 2.0, 9, 0, charAt(), -3.0
9, 10697, -5.0, 1.0, -3.0, 2.5, 9, 0, charAt(), -3.0
9, 10698, -5.0, 1.0, -3.0, 3.0, 9, 0, charAt(), -3.0
9, 10699, -5.0, 1.0, -3.0, 3.5, 9, 0, charAt(), -3.0
9, 10700, -5.0, 1.0, -3.0, 4.0, 9, 0, charAt(), -3.0
9, 10701, -5.0, 1.0, -3.0, 4.5, 8, 0, i.charAt(), -2.5
9, 10702, -5.0, 1.0, -3.0, 5.0, 8, 0, i.charAt(), -2.0
9, 10703, -5.0, 1.0, -2.5, 0.0, 9, 0, charAt(), -3.0
9, 10704, -5.0, 1.0, -2.5, 0.5, 9, 0, charAt(), -3.0
9, 10705, -5.0, 1.0, -2.5, 1.0, 9, 0, charAt(), -3.0
9, 10706, -5.0, 1.0, -2.5, 1.5, 9, 0, charAt(), -3.0
9, 10707, -5.0, 1.0, -2.5, 2.0, 9, 0, charAt(), -3.0
9, 10708, -5.0, 1.0, -2.5, 2.5, 9, 0, charAt(), -3.0
9, 10709, -5.0, 1.0, -2.5, 3.0, 9, 0, charAt(), -3.0
9, 10710, -5.0, 1.0, -2.5, 3.5, 9, 0, charAt(), -3.0
9, 10711, -5.0, 1.0, -2.5, 4.0, 9, 0, charAt(), -3.0
9, 10712, -5.0, 1.0, -2.5, 4.5, 8, 0, i.charAt(), -2.5
9, 10713, -5.0, 1.0, -2.5, 5.0, 8, 0, i.charAt(), -2.0
9, 10714, -5.0, 1.0, -2.0, 0.0, 9, 0, charAt(), -3.0
9, 10715, -5.0, 1.0, -2.0, 0.5, 9, 0, charAt(), -3.0
9, 10716, -5.0, 1.0, -2.0, 1.0, 9, 0, charAt(), -3.0
9, 10717, -5.0, 1.0, -2.0, 1.5, 9, 0, charAt(), -3.0
9, 10718, -5.0, 1.0, -2.0, 2.0, 9, 0, charAt(), -3.0
9, 10719, -5.0, 1.0, -2.0, 2.5, 9, 0, charAt(), -3.0
9, 10720, -5.0, 1.0, -2.0, 3.0, 9, 0, charAt(), -3.0
9, 10721, -5.0, 1.0, -2.0, 3.5, 9, 0, charAt(), -3.0
9, 10722, -5.0, 1.0, -2.0, 4.0, 9, 0, charAt(), -3.0
9, 10723, -5.0, 1.0, -2.0, 4.5, 8, 0, i.charAt(), -2.5
9, 10724, -5.0, 1.0, -2.0, 5.0, 8, 0, i.charAt(), -2.0
9, 10725, -5.0, 1.0, -1.5, 0.0, 9, 0, charAt(), -3.0
9, 10726, -5.0, 1.0, -1.5, 0.5, 9, 0, charAt(), -3.0
9, 10727, -5.0, 1.0, -1.5, 1.0, 9, 0, charAt(), -3.0
9, 10728, -5.0, 1.0, -1.5, 1.5, 9, 0, charAt(), -3.0
9, 10729, -5.0, 1.0, -1.5, 2.0, 9, 0, charAt(), -3.0
9, 10730, -5.0, 1.0, -1.5, 2.5, 9, 0, charAt(), -3.0
9, 10731, -5.0, 1.0, -1.5, 3.0, 9, 0, charAt(), -3.0
9, 10732, -5.0, 1.0, -1.5, 3.5, 9, 0, charAt(), -3.0
9, 10733, -5.0, 1.0, -1.5, 4.0, 9, 0, charAt(), -3.0
9, 10734, -5.0, 1.0, -1.5, 4.5, 8, 0, i.charAt(), -2.5
9, 10735, -5.0, 1.0, -1.5, 5.0, 8, 0, i.charAt(), -2.0
9, 10736, -5.0, 1.0, -1.0, 0.0, 9, 0, charAt(), -3.0
9, 10737, -5.0, 1.0, -1.0, 0.5, 9, 0, charAt(), -3.0
9, 10738, -5.0, 1.0, -1.0, 1.0, 9, 0, charAt(), -3.0
9, 10739, -5.0, 1.0, -1.0, 1.5, 9, 0, charAt(), -3.0
9, 10740, -5.0, 1.0, -1.0, 2.0, 9, 0, charAt(), -3.0
9, 10741, -5.0, 1.0, -1.0, 2.5, 9, 0, charAt(), -3.0
9, 10742, -5.0, 1.0, -1.0, 3.0, 9, 0, charAt(), -3.0
9, 10743, -5.0, 1.0, -1.0, 3.5, 9, 0, charAt(), -3.0
9, 10744, -5.0, 1.0, -1.0, 4.0, 9, 0, charAt(), -3.0
9, 10745, -5.0, 1.0, -1.0, 4.5, 8, 0, i.charAt(), -2.5
9, 10746, -5.0, 1.0, -1.0, 5.0, 8, 0, i.charAt(), -2.0
9, 10747, -5.0, 1.0, -0.5, 0.0, 9, 0, charAt(), -3.0
9, 10748, -5.0, 1.0, -0.5, 0.5, 9, 0, charAt(), -3.0
9, 10749, -5.0, 1.0, -0.5, 1.0, 9, 0, charAt(), -3.0
9, 10750, -5.0, 1.0, -0.5, 1.5, 9, 0, charAt(), -3.0
9, 10751, -5.0, 1.0, -0.5, 2.0, 9, 0, charAt(), -3.0
9, 10752, -5.0, 1.0, -0.5, 2.5, 9, 0, charAt(), -3.0
9, 10753, -5.0, 1.0, -0.5, 3.0, 9, 0, charAt(), -3.0
9, 10754, -5.0, 1.0, -0.5, 3.5, 9, 0, charAt(), -3.0
9, 10755, -5.0, 1.0, -0.5, 4.0, 9, 0, charAt(), -3.0
9, 10756, -5.0, 1.0, -0.5, 4.5, 8, 0, i.charAt(), -2.5
9, 10757, -5.0, 1.0, -0.5, 5.0, 8, 0, i.charAt(), -2.0
9, 10758, -5.0, 1.0, 0.0, 0.0, 9, 0, charAt(), -3.0
9, 10759, -5.0, 1.0, 0.0, 0.5, 9, 0, charAt(), -3.0
9, 10760, -5.0, 1.0, 0.0, 1.0, 9, 0, charAt(), -3.0
9, 10761, -5.0, 1.0, 0.0, 1.5, 9, 0, charAt(), -3.0
9, 10762, -5.0, 1.0, 0.0, 2.0, 9, 0, charAt(), -3.0
9, 10763, -5.0, 1.0, 0.0, 2.5, 9, 0, charAt(), -3.0
9, 10764, -5.0, 1.0, 0.0, 3.0, 9, 0, charAt(), -3.0
9, 10765, -5.0, 1.0, 0.0, 3.5, 9, 0, charAt(), -3.0
9, 10766, -5.0, 1.0, 0.0, 4.0, 9, 0, charAt(), -3.0
9, 10767, -5.0, 1.0, 0.0, 4.5, 8, 0, i.charAt(), -2.5
9, 10768, -5.0, 1.0, 0.0, 5.0, 8, 0, i.charAt(), -2.0
9, 10769, -4.5, 1.0, -5.0, 0.0, 9, 0, charAt(), -2.5
9, 10770, -4.5, 1.0, -5.0, 0.5, 9, 0, charAt(), -2.5
9, 10771, -4.5, 1.0, -5.0, 1.0, 9, 0, charAt(), -2.5
9, 10772, -4.5, 1.0, -5.0, 1.5, 9, 0, charAt(), -2.5
9, 10773, -4.5, 1.0, -5.0, 2.0, 9, 0, charAt(), -2.5
9, 10774, -4.5, 1.0, -5.0, 2.5, 9, 0, charAt(), -2.5
9, 10775, -4.5, 1.0, -5.0, 3.0, 9, 0, charAt(), -2.5
9, 10776, -4.5, 1.0, -5.0, 3.5, 9, 0, charAt(), -2.5
9, 10777, -4.5, 1.0, -5.0, 4.0, 8, 0, i.charAt(), -2.0
9, 10778, -4.5, 1.0, -5.0, 4.5, 8, 0, i.charAt(), -1.5
9, 10779, -4.5, 1.0, -5.0, 5.0, 8, 0, i.charAt(), -1.0
9, 10780, -4.5, 1.0, -4.5, 0.0, 9, 0, charAt(), -2.5
9, 10781, -4.5, 1.0, -4.5, 0.5, 9, 0, charAt(), -2.5
9, 10782, -4.5, 1.0, -4.5, 1.0, 9, 0, charAt(), -2.5
9, 10783, -4.5, 1.0, -4.5, 1.5, 9, 0, charAt(), -2.5
9, 10784, -4.5, 1.0, -4.5, 2.0, 9, 0, charAt(), -2.5
9, 10785, -4.5, 1.0, -4.5, 2.5, 9, 0, charAt(), -2.5
9, 10786, -4.5, 1.0, -4.5, 3.0, 9, 0, charAt(), -2.5
9, 10787, -4.5, 1.0, -4.5, 3.5, 9, 0, charAt(), -2.5
9, 10788, -4.5, 1.0, -4.5, 4.0, 8, 0, i.charAt(), -2.0
9, 10789, -4.5, 1.0, -4.5, 4.5, 8, 0, i.charAt(), -1.5
9, 10790, -4.5, 1.0, -4.5, 5.0, 8, 0, i.charAt(), -1.0
9, 10791, -4.5, 1.0, -4.0, 0.0, 9, 0, charAt(), -2.5
9, 10792, -4.5, 1.0, -4.0, 0.5, 9, 0, charAt(), -2.5
9, 10793, -4.5, 1.0, -4.0, 1.0, 9, 0, charAt(), -2.5
9, 10794, -4.5, 1.0, -4.0, 1.5, 9, 0, charAt(), -2.5
9, 10795, -4.5, 1.0, -4.0, 2.0, 9, 0, charAt(), -2.5
9, 10796, -4.5, 1.0, -4.0, 2.5, 9, 0, charAt(), -2.5
9, 10797, -4.5, 1.0, -4.0, 3.0, 9, 0, charAt(), -2.5
9, 10798, -4.5, 1.0, -4.0, 3.5, 9, 0, charAt(), -2.5
9, 10799, -4.5, 1.0, -4.0, 4.0, 8, 0, i.charAt(), -2.0
9, 10800, -4.5, 1.0, -4.0, 4.5, 8, 0, i.charAt(), -1.5
9, 10801, -4.5, 1.0, -4.0, 5.0, 8, 0, i.charAt(), -1.0
9, 10802, -4.5, 1.0, -3.5, 0.0, 9, 0, charAt(), -2.5
9, 10803, -4.5, 1.0, -3.5, 0.5, 9, 0, charAt(), -2.5
9, 10804, -4.5, 1.0, -3.5, 1.0, 9, 0, charAt(), -2.5
9, 10805, -4.5, 1.0, -3.5, 1.5, 9, 0, charAt(), -2.5
9, 10806, -4.5, 1.0, -3.5, 2.0, 9, 0, charAt(), -2.5
9, 10807, -4.5, 1.0, -3.5, 2.5, 9, 0, charAt(), -2.5
9, 10808, -4.5, 1.0, -3.5, 3.0, 9, 0, charAt(), -2.5
9, 10809, -4.5, 1.0, -3.5, 3.5, 9, 0, charAt(), -2.5
9, 10810, -4.5, 1.0, -3.5, 4.0, 8, 0, i.charAt(), -2.0
9, 10811, -4.5, 1.0, -3.5, 4.5, 8, 0, i.charAt(), -1.5
9, 10812, -4.5, 1.0, -3.5, 5.0, 8, 0, i.charAt(), -1.0
9, 10813, -4.5, 1.0, -3.0, 0.0, 9, 0, charAt(), -2.5
9, 10814, -4.5, 1.0, -3.0, 0.5, 9, 0, charAt(), -2.5
9, 10815, -4.5, 1.0, -3.0, 1.0, 9, 0, charAt(), -2.5
9, 10816, -4.5, 1.0, -3.0, 1.5, 9, 0, charAt(), -2.5
9, 10817, -4.5, 1.0, -3.0, 2.0, 9, 0, charAt(), -2.5
9, 10818, -4.5, 1.0, -3.0, 2.5, 9, 0, charAt(), -2.5
9, 10819, -4.5, 1.0, -3.0, 3.0, 9, 0, charAt(), -2.5
9, 10820, -4.5, 1.0, -3.0, 3.5, 9, 0, charAt(), -2.5
9, 10821, -4.5, 1.0, -3.0, 4.0, 8, 0, i.charAt(), -2.0
9, 10822, -4.5, 1.0, -3.0, 4.5, 8, 0, i.charAt(), -1.5
9, 10823, -4.5, 1.0, -3.0, 5.0, 8, 0, i.charAt(), -1.0
9, 10824, -4.5, 1.0, -2.5, 0.0, 9, 0, charAt(), -2.5
9, 10825, -4.5, 1.0, -2.5, 0.5, 9, 0, charAt(), -2.5
9, 10826, -4.5, 1.0, -2.5, 1.0, 9, 0, charAt(), -2.5
9, 10827, -4.5, 1.0, -2.5, 1.5, 9, 0, charAt(), -2.5
9, 10828, -4.5, 1.0, -2.5, 2.0, 9, 0, charAt(), -2.5
9, 10829, -4.5, 1.0, -2.5, 2.5, 9, 0, charAt(), -2.5
9, 10830, -4.5, 1.0, -2.5, 3.0, 9, 0, charAt(), -2.5
9, 10831, -4.5, 1.0, -2.5, 3.5, 9, 0, charAt(), -2.5
9, 10832, -4.5, 1.0, -2.5, 4.0, 8, 0, i.charAt(), -2.0
9, 10833, -4.5, 1.0, -2.5, 4.5, 8, 0, i.charAt(), -1.5
9, 10834, -4.5, 1.0, -2.5, 5.0, 8, 0, i.charAt(), -1.0
9, 10835, -4.5, 1.0, -2.0, 0.0, 9, 0, charAt(), -2.5
9, 10836, -4.5, 1.0, -2.0, 0.5, 9, 0, charAt(), -2.5
9, 10837, -4.5, 1.0, -2.0, 1.0, 9, 0, charAt(), -2.5
9, 10838, -4.5, 1.0, -2.0, 1.5, 9, 0, charAt(), -2.5
9, 10839, -4.5, 1.0, -2.0, 2.0, 9, 0, charAt(), -2.5
9, 10840, -4.5, 1.0, -2.0, 2.5, 9, 0, charAt(), -2.5
9, 10841, -4.5, 1.0, -2.0, 3.0, 9, 0, charAt(), -2.5
9, 10842, -4.5, 1.0, -2.0, 3.5, 9, 0, charAt(), -2.5
9, 10843, -4.5, 1.0, -2.0, 4.0, 8, 0, i.charAt(), -2.0
9, 10844, -4.5, 1.0, -2.0, 4.5, 8, 0, i.charAt(), -1.5
9, 10845, -4.5, 1.0, -2.0, 5.0, 8, 0, i.charAt(), -1.0
9, 10846, -4.5, 1.0, -1.5, 0.0, 9, 0, charAt(), -2.5
9, 10847, -4.5, 1.0, -1.5, 0.5, 9, 0, charAt(), -2.5
9, 10848, -4.5, 1.0, -1.5, 1.0, 9, 0, charAt(), -2.5
9, 10849, -4.5, 1.0, -1.5, 1.5, 9, 0, charAt(), -2.5
9, 10850, -4.5, 1.0, -1.5, 2.0, 9, 0, charAt(), -2.5
9, 10851, -4.5, 1.0, -1.5, 2.5, 9, 0, charAt(), -2.5
9, 10852, -4.5, 1.0, -1.5, 3.0, 9, 0, charAt(), -2.5
9, 10853, -4.5, 1.0, -1.5, 3.5, 9, 0, charAt(), -2.5
9, 10854, -4.5, 1.0, -1.5, 4.0, 8, 0, i.charAt(), -2.0
9, 10855, -4.5, 1.0, -1.5, 4.5, 8, 0, i.charAt(), -1.5
9, 10856, -4.5, 1.0, -1.5, 5.0, 8, 0, i.charAt(), -1.0
9, 10857, -4.5, 1.0, -1.0, 0.0, 9, 0, charAt(), -2.5
9, 10858, -4.5, 1.0, -1.0, 0.5, 9, 0, charAt(), -2.5
9, 10859, -4.5, 1.0, -1.0, 1.0, 9, 0, charAt(), -2.5
9, 10860, -4.5, 1.0, -1.0, 1.5, 9, 0, charAt(), -2.5
9, 10861, -4.5, 1.0, -1.0, 2.0, 9, 0, charAt(), -2.5
9, 10862, -4.5, 1.0, -1.0, 2.5, 9, 0, charAt(), -2.5
9, 10863, -4.5, 1.0, -1.0, 3.0, 9, 0, charAt(), -2.5
9, 10864, -4.5, 1.0, -1.0, 3.5, 9, 0, charAt(), -2.5
9, 10865, -4.5, 1.0, -1.0, 4.0, 8, 0, i.charAt(), -2.0
9, 10866, -4.5, 1.0, -1.0, 4.5, 8, 0, i.charAt(), -1.5
9, 10867, -4.5, 1.0, -1.0, 5.0, 8, 0, i.charAt(), -1.0
9, 10868, -4.5, 1.0, -0.5, 0.0, 9, 0, charAt(), -2.5
9, 10869, -4.5, 1.0, -0.5, 0.5, 9, 0, charAt(), -2.5
9, 10870, -4.5, 1.0, -0.5, 1.0, 9, 0, charAt(), -2.5
9, 10871, -4.5, 1.0, -0.5, 1.5, 9, 0, charAt(), -2.5
9, 10872, -4.5, 1.0, -0.5, 2.0, 9, 0, charAt(), -2.5
9, 10873, -4.5, 1.0, -0.5, 2.5, 9, 0, charAt(), -2.5
9, 10874, -4.5, 1.0, -0.5, 3.0, 9, 0, charAt(), -2.5
9, 10875, -4.5, 1.0, -0.5, 3.5, 9, 0, charAt(), -2.5
9, 10876, -4.5, 1.0, -0.5, 4.0, 8, 0, i.charAt(), -2.0
9, 10877, -4.5, 1.0, -0.5, 4.5, 8, 0, i.charAt(), -1.5
9, 10878, -4.5, 1.0, -0.5, 5.0, 8, 0, i.charAt(), -1.0
9, 10879, -4.5, 1.0, 0.0, 0.0, 9, 0, charAt(), -2.5
9, 10880, -4.5, 1.0, 0.0, 0.5, 9, 0, charAt(), -2.5
9, 10881, -4.5, 1.0, 0.0, 1.0, 9, 0, charAt(), -2.5
9, 10882, -4.5, 1.0, 0.0, 1.5, 9, 0, charAt(), -2.5
9, 10883, -4.5, 1.0, 0.0, 2.0, 9, 0, charAt(), -2.5
9, 10884, -4.5, 1.0, 0.0, 2.5, 9, 0, charAt(), -2.5
9, 10885, -4.5, 1.0, 0.0, 3.0, 9, 0, charAt(), -2.5
9, 10886, -4.5, 1.0, 0.0, 3.5, 9, 0, charAt(), -2.5
9, 10887, -4.5, 1.0, 0.0, 4.0, 8, 0, i.charAt(), -2.0
9, 10888, -4.5, 1.0, 0.0, 4.5, 8, 0, i.charAt(), -1.5
9, 10889, -4.5, 1.0, 0.0, 5.0, 8, 0, i.charAt(), -1.0
9, 10890, -4.0, 1.0, -5.0, 0.0, 9, 0, charAt(), -2.0
9, 10891, -4.0, 1.0, -5.0, 0.5, 9, 0, charAt(), -2.0
9, 10892, -4.0, 1.0, -5.0, 1.0, 9, 0, charAt(), -2.0
9, 10893, -4.0, 1.0, -5.0, 1.5, 9, 0, charAt(), -2.0
9, 10894, -4.0, 1.0, -5.0, 2.0, 9, 0, charAt(), -2.0
9, 10895, -4.0, 1.0, -5.0, 2.5, 9, 0, charAt(), -2.0
9, 10896, -4.0, 1.0, -5.0, 3.0, 9, 0, charAt(), -2.0
9, 10897, -4.0, 1.0, -5.0, 3.5, 8, 0, i.charAt(), -1.5
9, 10898, -4.0, 1.0, -5.0, 4.0, 8, 0, i.charAt(), -1.0
9, 10899, -4.0, 1.0, -5.0, 4.5, 8, 0, i.charAt(), -0.5
9, 10900, -4.0, 1.0, -5.0, 5.0, 8, 0, i.charAt(), 0.0
9, 10901, -4.0, 1.0, -4.5, 0.0, 9, 0, charAt(), -2.0
9, 10902, -4.0, 1.0, -4.5, 0.5, 9, 0, charAt(), -2.0
9, 10903, -4.0, 1.0, -4.5, 1.0, 9, 0, charAt(), -2.0
9, 10904, -4.0, 1.0, -4.5, 1.5, 9, 0, charAt(), -2.0
9, 10905, -4.0, 1.0, -4.5, 2.0, 9, 0, charAt(), -2.0
9, 10906, -4.0, 1.0, -4.5, 2.5, 9, 0, charAt(), -2.0
9, 10907, -4.0, 1.0, -4.5, 3.0, 9, 0, charAt(), -2.0
9, 10908, -4.0, 1.0, -4.5, 3.5, 8, 0, i.charAt(), -1.5
9, 10909, -4.0, 1.0, -4.5, 4.0, 8, 0, i.charAt(), -1.0
9, 10910, -4.0, 1.0, -4.5, 4.5, 8, 0, i.charAt(), -0.5
9, 10911, -4.0, 1.0, -4.5, 5.0, 8, 0, i.charAt(), 0.0
9, 10912, -4.0, 1.0, -4.0, 0.0, 9, 0, charAt(), -2.0
9, 10913, -4.0, 1.0, -4.0, 0.5, 9, 0, charAt(), -2.0
9, 10914, -4.0, 1.0, -4.0, 1.0, 9, 0, charAt(), -2.0
9, 10915, -4.0, 1.0, -4.0, 1.5, 9, 0, charAt(), -2.0
9, 10916, -4.0, 1.0, -4.0, 2.0, 9, 0, charAt(), -2.0
9, 10917, -4.0, 1.0, -4.0, 2.5, 9, 0, charAt(), -2.0
9, 10918, -4.0, 1.0, -4.0, 3.0, 9, 0, charAt(), -2.0
9, 10919, -4.0, 1.0, -4.0, 3.5, 8, 0, i.charAt(), -1.5
9, 10920, -4.0, 1.0, -4.0, 4.0, 8, 0, i.charAt(), -1.0
9, 10921, -4.0, 1.0, -4.0, 4.5, 8, 0, i.charAt(), -0.5
9, 10922, -4.0, 1.0, -4.0, 5.0, 8, 0, i.charAt(), 0.0
9, 10923, -4.0, 1.0, -3.5, 0.0, 9, 0, charAt(), -2.0
9, 10924, -4.0, 1.0, -3.5, 0.5, 9, 0, charAt(), -2.0
9, 10925, -4.0, 1.0, -3.5, 1.0, 9, 0, charAt(), -2.0
9, 10926, -4.0, 1.0, -3.5, 1.5, 9, 0, charAt(), -2.0
9, 10927, -4.0, 1.0, -3.5, 2.0, 9, 0, charAt(), -2.0
9, 10928, -4.0, 1.0, -3.5, 2.5, 9, 0, charAt(), -2.0
9, 10929, -4.0, 1.0, -3.5, 3.0, 9, 0, charAt(), -2.0
9, 10930, -4.0, 1.0, -3.5, 3.5, 8, 0, i.charAt(), -1.5
9, 10931, -4.0, 1.0, -3.5, 4.0, 8, 0, i.charAt(), -1.0
9, 10932, -4.0, 1.0, -3.5, 4.5, 8, 0, i.charAt(), -0.5
9, 10933, -4.0, 1.0, -3.5, 5.0, 8, 0, i.charAt(), 0.0
9, 10934, -4.0, 1.0, -3.0, 0.0, 9, 0, charAt(), -2.0
9, 10935, -4.0, 1.0, -3.0, 0.5, 9, 0, charAt(), -2.0
9, 10936, -4.0, 1.0, -3.0, 1.0, 9, 0, charAt(), -2.0
9, 10937, -4.0, 1.0, -3.0, 1.5, 9, 0, charAt(), -2.0
9, 10938, -4.0, 1.0, -3.0, 2.0, 9, 0, charAt(), -2.0
9, 10939, -4.0, 1.0, -3.0, 2.5, 9, 0, charAt(), -2.0
9, 10940, -4.0, 1.0, -3.0, 3.0, 9, 0, charAt(), -2.0
9, 10941, -4.0, 1.0, -3.0, 3.5, 8, 0, i.charAt(), -1.5
9, 10942, -4.0, 1.0, -3.0, 4.0, 8, 0, i.charAt(), -1.0
9, 10943, -4.0, 1.0, -3.0, 4.5, 8, 0, i.charAt(), -0.5
9, 10944, -4.0, 1.0, -3.0, 5.0, 8, 0, i.charAt(), 0.0
9, 10945, -4.0, 1.0, -2.5, 0.0, 9, 0, charAt(), -2.0
9, 10946, -4.0, 1.0, -2.5, 0.5, 9, 0, charAt(), -2.0
9, 10947, -4.0, 1.0, -2.5, 1.0, 9, 0, charAt(), -2.0
9, 10948, -4.0, 1.0, -2.5, 1.5, 9, 0, charAt(), -2.0
9, 10949, -4.0, 1.0, -2.5, 2.0, 9, 0, charAt(), -2.0
9, 10950, -4.0, 1.0, -2.5, 2.5, 9, 0, charAt(), -2.0
9, 10951, -4.0, 1.0, -2.5, 3.0, 9, 0, charAt(), -2.0
9, 10952, -4.0, 1.0, -2.5, 3.5, 8, 0, i.charAt(), -1.5
9, 10953, -4.0, 1.0, -2.5, 4.0, 8, 0, i.charAt(), -1.0
9, 10954, -4.0, 1.0, -2.5, 4.5, 8, 0, i.charAt(), -0.5
9, 10955, -4.0, 1.0, -2.5, 5.0, 8, 0, i.charAt(), 0.0
9, 10956, -4.0, 1.0, -2.0, 0.0, 9, 0, charAt(), -2.0
9, 10957, -4.0, 1.0, -2.0, 0.5, 9, 0, charAt(), -2.0
9, 10958, -4.0, 1.0, -2.0, 1.0, 9, 0, charAt(), -2.0
9, 10959, -4.0, 1.0, -2.0, 1.5, 9, 0, charAt(), -2.0
9, 10960, -4.0, 1.0, -2.0, 2.0, 9, 0, charAt(), -2.0
9, 10961, -4.0, 1.0, -2.0, 2.5, 9, 0, charAt(), -2.0
9, 10962, -4.0, 1.0, -2.0, 3.0, 9, 0, charAt(), -2.0
9, 10963, -4.0, 1.0, -2.0, 3.5, 8, 0, i.charAt(), -1.5
9, 10964, -4.0, 1.0, -2.0, 4.0, 8, 0, i.charAt(), -1.0
9, 10965, -4.0, 1.0, -2.0, 4.5, 8, 0, i.charAt(), -0.5
9, 10966, -4.0, 1.0, -2.0, 5.0, 8, 0, i.charAt(), 0.0
9, 10967, -4.0, 1.0, -1.5, 0.0, 9, 0, charAt(), -2.0
9, 10968, -4.0, 1.0, -1.5, 0.5, 9, 0, charAt(), -2.0
9, 10969, -4.0, 1.0, -1.5, 1.0, 9, 0, charAt(), -2.0
9, 10970, -4.0, 1.0, -1.5, 1.5, 9, 0, charAt(), -2.0
9, 10971, -4.0, 1.0, -1.5, 2.0, 9, 0, charAt(), -2.0
9, 10972, -4.0, 1.0, -1.5, 2.5, 9, 0, charAt(), -2.0
9, 10973, -4.0, 1.0, -1.5, 3.0, 9, 0, charAt(), -2.0
9, 10974, -4.0, 1.0, -1.5, 3.5, 8, 0, i.charAt(), -1.5
9, 10975, -4.0, 1.0, -1.5, 4.0, 8, 0, i.charAt(), -1.0
9, 10976, -4.0, 1.0, -1.5, 4.5, 8, 0, i.charAt(), -0.5
9, 10977, -4.0, 1.0, -1.5, 5.0, 8, 0, i.charAt(), 0.0
9, 10978, -4.0, 1.0, -1.0, 0.0, 9, 0, charAt(), -2.0
9, 10979, -4.0, 1.0, -1.0, 0.5, 9, 0, charAt(), -2.0
9, 10980, -4.0, 1.0, -1.0, 1.0, 9, 0, charAt(), -2.0
9, 10981, -4.0, 1.0, -1.0, 1.5, 9, 0, charAt(), -2.0
9, 10982, -4.0, 1.0, -1.0, 2.0, 9, 0, charAt(), -2.0
9, 10983, -4.0, 1.0, -1.0, 2.5, 9, 0, charAt(), -2.0
9, 10984, -4.0, 1.0, -1.0, 3.0, 9, 0, charAt(), -2.0
9, 10985, -4.0, 1.0, -1.0, 3.5, 8, 0, i.charAt(), -1.5
9, 10986, -4.0, 1.0, -1.0, 4.0, 8, 0, i.charAt(), -1.0
9, 10987, -4.0, 1.0, -1.0, 4.5, 8, 0, i.charAt(), -0.5
9, 10988, -4.0, 1.0, -1.0, 5.0, 8, 0, i.charAt(), 0.0
9, 10989, -4.0, 1.0, -0.5, 0.0, 9, 0, charAt(), -2.0
9, 10990, -4.0, 1.0, -0.5, 0.5, 9, 0, charAt(), -2.0
9, 10991, -4.0, 1.0, -0.5, 1.0, 9, 0, charAt(), -2.0
9, 10992, -4.0, 1.0, -0.5, 1.5, 9, 0, charAt(), -2.0
9, 10993, -4.0, 1.0, -0.5, 2.0, 9, 0, charAt(), -2.0
9, 10994, -4.0, 1.0, -0.5, 2.5, 9, 0, charAt(), -2.0
9, 10995, -4.0, 1.0, -0.5, 3.0, 9, 0, charAt(), -2.0
9, 10996, -4.0, 1.0, -0.5, 3.5, 8, 0, i.charAt(), -1.5
9, 10997, -4.0, 1.0, -0.5, 4.0, 8, 0, i.charAt(), -1.0
9, 10998, -4.0, 1.0, -0.5, 4.5, 8, 0, i.charAt(), -0.5
9, 10999, -4.0, 1.0, -0.5, 5.0, 8, 0, i.charAt(), 0.0
9, 11000, -4.0, 1.0, 0.0, 0.0, 9, 0, charAt(), -2.0
9, 11001, -4.0, 1.0, 0.0, 0.5, 9, 0, charAt(), -2.0
9, 11002, -4.0, 1.0, 0.0, 1.0, 9, 0, charAt(), -2.0
9, 11003, -4.0, 1.0, 0.0, 1.5, 9, 0, charAt(), -2.0
9, 11004, -4.0, 1.0, 0.0, 2.0, 9, 0, charAt(), -2.0
9, 11005, -4.0, 1.0, 0.0, 2.5, 9, 0, charAt(), -2.0
9, 11006, -4.0, 1.0, 0.0, 3.0, 9, 0, charAt(), -2.0
9, 11007, -4.0, 1.0, 0.0, 3.5, 8, 0, i.charAt(), -1.5
9, 11008, -4.0, 1.0, 0.0, 4.0, 8, 0, i.charAt(), -1.0
9, 11009, -4.0, 1.0, 0.0, 4.5, 8, 0, i.charAt(), -0.5
9, 11010, -4.0, 1.0, 0.0, 5.0, 8, 0, i.charAt(), 0.0
9, 11011, -3.5, 1.0, -5.0, 0.0, 9, 0, charAt(), -1.5
9, 11012, -3.5, 1.0, -5.0, 0.5, 9, 0, charAt(), -1.5
9, 11013, -3.5, 1.0, -5.0, 1.0, 9, 0, charAt(), -1.5
9, 11014, -3.5, 1.0, -5.0, 1.5, 9, 0, charAt(), -1.5
9, 11015, -3.5, 1.0, -5.0, 2.0, 9, 0, charAt(), -1.5
9, 11016, -3.5, 1.0, -5.0, 2.5, 9, 0, charAt(), -1.5
9, 11017, -3.5, 1.0, -5.0, 3.0, 8, 0, i.charAt(), -1.0
9, 11018, -3.5, 1.0, -5.0, 3.5, 8, 0, i.charAt(), -0.5
9, 11019, -3.5, 1.0, -5.0, 4.0, 8, 0, i.charAt(), 0.0
9, 11020, -3.5, 1.0, -5.0, 4.5, 0, 0, message.charAt(i), 2.5
9, 11021, -3.5, 1.0, -5.0, 5.0, 0, 0, message.charAt(i), 3.5
9, 11022, -3.5, 1.0, -4.5, 0.0, 9, 0, charAt(), -1.5
9, 11023, -3.5, 1.0, -4.5, 0.5, 9, 0, charAt(), -1.5
9, 11024, -3.5, 1.0, -4.5, 1.0, 9, 0, charAt(), -1.5
9, 11025, -3.5, 1.0, -4.5, 1.5, 9, 0, charAt(), -1.5
9, 11026, -3.5, 1.0, -4.5, 2.0, 9, 0, charAt(), -1.5
9, 11027, -3.5, 1.0, -4.5, 2.5, 9, 0, charAt(), -1.5
9, 11028, -3.5, 1.0, -4.5, 3.0, 8, 0, i.charAt(), -1.0
9, 11029, -3.5, 1.0, -4.5, 3.5, 8, 0, i.charAt(), -0.5
9, 11030, -3.5, 1.0, -4.5, 4.0, 8, 0, i.charAt(), 0.0
9, 11031, -3.5, 1.0, -4.5, 4.5, 0, 0, message.charAt(i), 2.5
9, 11032, -3.5, 1.0, -4.5, 5.0, 0, 0, message.charAt(i), 3.5
9, 11033, -3.5, 1.0, -4.0, 0.0, 9, 0, charAt(), -1.5
9, 11034, -3.5, 1.0, -4.0, 0.5, 9, 0, charAt(), -1.5
9, 11035, -3.5, 1.0, -4.0, 1.0, 9, 0, charAt(), -1.5
9, 11036, -3.5, 1.0, -4.0, 1.5, 9, 0, charAt(), -1.5
9, 11037, -3.5, 1.0, -4.0, 2.0, 9, 0, charAt(), -1.5
9, 11038, -3.5, 1.0, -4.0, 2.5, 9, 0, charAt(), -1.5
9, 11039, -3.5, 1.0, -4.0, 3.0, 8, 0, i.charAt(), -1.0
9, 11040, -3.5, 1.0, -4.0, 3.5, 8, 0, i.charAt(), -0.5
9, 11041, -3.5, 1.0, -4.0, 4.0, 8, 0, i.charAt(), 0.0
9, 11042, -3.5, 1.0, -4.0, 4.5, 0, 0, message.charAt(i), 2.5
9, 11043, -3.5, 1.0, -4.0, 5.0, 0, 0, message.charAt(i), 3.5
9, 11044, -3.5, 1.0, -3.5, 0.0, 9, 0, charAt(), -1.5
9, 11045, -3.5, 1.0, -3.5, 0.5, 9, 0, charAt(), -1.5
9, 11046, -3.5, 1.0, -3.5, 1.0, 9, 0, charAt(), -1.5
9, 11047, -3.5, 1.0, -3.5, 1.5, 9, 0, charAt(), -1.5
9, 11048, -3.5, 1.0, -3.5, 2.0, 9, 0, charAt(), -1.5
9, 11049, -3.5, 1.0, -3.5, 2.5, 9, 0, charAt(), -1.5
9, 11050, -3.5, 1.0, -3.5, 3.0, 8, 0, i.charAt(), -1.0
9, 11051, -3.5, 1.0, -3.5, 3.5, 8, 0, i.charAt(), -0.5
9, 11052, -3.5, 1.0, -3.5, 4.0, 8, 0, i.charAt(), 0.0
9, 11053, -3.5, 1.0, -3.5, 4.5, 0, 0, message.charAt(i), 2.5
9, 11054, -3.5, 1.0, -3.5, 5.0, 0, 0, message.charAt(i), 3.5
9, 11055, -3.5, 1.0, -3.0, 0.0, 9, 0, charAt(), -1.5
9, 11056, -3.5, 1.0, -3.0, 0.5, 9, 0, charAt(), -1.5
9, 11057, -3.5, 1.0, -3.0, 1.0, 9, 0, charAt(), -1.5
9, 11058, -3.5, 1.0, -3.0, 1.5, 9, 0, charAt(), -1.5
9, 11059, -3.5, 1.0, -3.0, 2.0, 9, 0, charAt(), -1.5
9, 11060, -3.5, 1.0, -3.0, 2.5, 9, 0, charAt(), -1.5
9, 11061, -3.5, 1.0, -3.0, 3.0, 8, 0, i.charAt(), -1.0
9, 11062, -3.5, 1.0, -3.0, 3.5, 8, 0, i.charAt(), -0.5
9, 11063, -3.5, 1.0, -3.0, 4.0, 8, 0, i.charAt(), 0.0
9, 11064, -3.5, 1.0, -3.0, 4.5, 0, 0, message.charAt(i), 2.5
9, 11065, -3.5, 1.0, -3.0, 5.0, 0, 0, message.charAt(i), 3.5
9, 11066, -3.5, 1.0, -2.5, 0.0, 9, 0, charAt(), -1.5
9, 11067, -3.5, 1.0, -2.5, 0.5, 9, 0, charAt(), -1.5
9, 11068, -3.5, 1.0, -2.5, 1.0, 9, 0, charAt(), -1.5
9, 11069, -3.5, 1.0, -2.5, 1.5, 9, 0, charAt(), -1.5
9, 11070, -3.5, 1.0, -2.5, 2.0, 9, 0, charAt(), -1.5
9, 11071, -3.5, 1.0, -2.5, 2.5, 9, 0, charAt(), -1.5
9, 11072, -3.5, 1.0, -2.5, 3.0, 8, 0, i.charAt(), -1.0
9, 11073, -3.5, 1.0, -2.5, 3.5, 8, 0, i.charAt(), -0.5
9, 11074, -3.5, 1.0, -2.5, 4.0, 8, 0, i.charAt(), 0.0
9, 11075, -3.5, 1.0, -2.5, 4.5, 0, 0, message.charAt(i), 2.5
9, 11076, -3.5, 1.0, -2.5, 5.0, 0, 0, message.charAt(i), 3.5
9, 11077, -3.5, 1.0, -2.0, 0.0, 9, 0, charAt(), -1.5
9, 11078, -3.5, 1.0, -2.0, 0.5, 9, 0, charAt(), -1.5
9, 11079, -3.5, 1.0, -2.0, 1.0, 9, 0, charAt(), -1.5
9, 11080, -3.5, 1.0, -2.0, 1.5, 9, 0, charAt(), -1.5
9, 11081, -3.5, 1.0, -2.0, 2.0, 9, 0, charAt(), -1.5
9, 11082, -3.5, 1.0, -2.0, 2.5, 9, 0, charAt(), -1.5
9, 11083, -3.5, 1.0, -2.0, 3.0, 8, 0, i.charAt(), -1.0
9, 11084, -3.5, 1.0, -2.0, 3.5, 8, 0, i.charAt(), -0.5
9, 11085, -3.5, 1.0, -2.0, 4.0, 8, 0, i.charAt(), 0.0
9, 11086, -3.5, 1.0, -2.0, 4.5, 0, 0, message.charAt(i), 2.5
9, 11087, -3.5, 1.0, -2.0, 5.0, 0, 0, message.charAt(i), 3.5
9, 11088, -3.5, 1.0, -1.5, 0.0, 9, 0, charAt(), -1.5
9, 11089, -3.5, 1.0, -1.5, 0.5, 9, 0, charAt(), -1.5
9, 11090, -3.5, 1.0, -1.5, 1.0, 9, 0, charAt(), -1.5
9, 11091, -3.5, 1.0, -1.5, 1.5, 9, 0, charAt(), -1.5
9, 11092, -3.5, 1.0, -1.5, 2.0, 9, 0, charAt(), -1.5
9, 11093, -3.5, 1.0, -1.5, 2.5, 9, 0, charAt(), -1.5
9, 11094, -3.5, 1.0, -1.5, 3.0, 8, 0, i.charAt(), -1.0
9, 11095, -3.5, 1.0, -1.5, 3.5, 8, 0, i.charAt(), -0.5
9, 11096, -3.5, 1.0, -1.5, 4.0, 8, 0, i.charAt(), 0.0
9, 11097, -3.5, 1.0, -1.5, 4.5, 0, 0, message.charAt(i), 2.5
9, 11098, -3.5, 1.0, -1.5, 5.0, 0, 0, message.charAt(i), 3.5
9, 11099, -3.5, 1.0, -1.0, 0.0, 9, 0, charAt(), -1.5
9, 11100, -3.5, 1.0, -1.0, 0.5, 9, 0, charAt(), -1.5
9, 11101, -3.5, 1.0, -1.0, 1.0, 9, 0, charAt(), -1.5
9, 11102, -3.5, 1.0, -1.0, 1.5, 9, 0, charAt(), -1.5
9, 11103, -3.5, 1.0, -1.0, 2.0, 9, 0, charAt(), -1.5
9, 11104, -3.5, 1.0, -1.0, 2.5, 9, 0, charAt(), -1.5
9, 11105, -3.5, 1.0, -1.0, 3.0, 8, 0, i.charAt(), -1.0
9, 11106, -3.5, 1.0, -1.0, 3.5, 8, 0, i.charAt(), -0.5
9, 11107, -3.5, 1.0, -1.0, 4.0, 8, 0, i.charAt(), 0.0
9, 11108, -3.5, 1.0, -1.0, 4.5, 0, 0, message.charAt(i), 2.5
9, 11109, -3.5, 1.0, -1.0, 5.0, 0, 0, message.charAt(i), 3.5
9, 11110, -3.5, 1.0, -0.5, 0.0, 9, 0, charAt(), -1.5
9, 11111, -3.5, 1.0, -0.5, 0.5, 9, 0, charAt(), -1.5
9, 11112, -3.5, 1.0, -0.5, 1.0, 9, 0, charAt(), -1.5
9, 11113, -3.5, 1.0, -0.5, 1.5, 9, 0, charAt(), -1.5
9, 11114, -3.5, 1.0, -0.5, 2.0, 9, 0, charAt(), -1.5
9, 11115, -3.5, 1.0, -0.5, 2.5, 9, 0, charAt(), -1.5
9, 11116, -3.5, 1.0, -0.5, 3.0, 8, 0, i.charAt(), -1.0
9, 11117, -3.5, 1.0, -0.5, 3.5, 8, 0, i.charAt(), -0.5
9, 11118, -3.5, 1.0, -0.5, 4.0, 8, 0, i.charAt(), 0.0
9, 11119, -3.5, 1.0, -0.5, 4.5, 0, 0, message.charAt(i), 2.5
9, 11120, -3.5, 1.0, -0.5, 5.0, 0, 1, message.charAt(i), 3.5
9, 11121, -3.5, 1.0, 0.0, 0.0, 9, 0, charAt(), -1.5
9, 11122, -3.5, 1.0, 0.0, 0.5, 9, 0, charAt(), -1.5
9, 11123, -3.5, 1.0, 0.0, 1.0, 9, 0, charAt(), -1.5
9, 11124, -3.5, 1.0, 0.0, 1.5, 9, 0, charAt(), -1.5
9, 11125, -3.5, 1.0, 0.0, 2.0, 9, 0, charAt(), -1.5
9, 11126, -3.5, 1.0, 0.0, 2.5, 9, 0, charAt(), -1.5
9, 11127, -3.5, 1.0, 0.0, 3.0, 8, 0, i.charAt(), -1.0
9, 11128, -3.5, 1.0, 0.0, 3.5, 8, 0, i.charAt(), -0.5
9, 11129, -3.5, 1.0, 0.0, 4.0, 8, 0, i.charAt(), 0.0
9, 11130, -3.5, 1.0, 0.0, 4.5, 0, 0, message.charAt(i), 2.5
9, 11131, -3.5, 1.0, 0.0, 5.0, 13, 13, charValue(), -2.5
9, 11132, -3.0, 1.0, -5.0, 0.0, 9, 0, charAt(), -1.0
9, 11133, -3.0, 1.0, -5.0, 0.5, 9, 0, charAt(), -1.0
9, 11134, -3.0, 1.0, -5.0, 1.0, 9, 0, charAt(), -1.0
9, 11135, -3.0, 1.0, -5.0, 1.5, 9, 0, charAt(), -1.0
9, 11136, -3.0, 1.0, -5.0, 2.0, 9, 0, charAt(), -1.0
9, 11137, -3.0, 1.0, -5.0, 2.5, 8, 0, i.charAt(), -0.5
9, 11138, -3.0, 1.0, -5.0, 3.0, 8, 0, i.charAt(), 0.0
9, 11139, -3.0, 1.0, -5.0, 3.5, 0, 0, message.charAt(i), 2.0
9, 11140, -3.0, 1.0, -5.0, 4.0, 0, 0, message.charAt(i), 3.0
9, 11141, -3.0, 1.0, -5.0, 4.5, 0, 0, message.charAt(i), 4.0
9, 11142, -3.0, 1.0, -5.0, 5.0, 0, 0, message.charAt(i), 5.0
9, 11143, -3.0, 1.0, -4.5, 0.0, 9, 0, charAt(), -1.0
9, 11144, -3.0, 1.0, -4.5, 0.5, 9, 0, charAt(), -1.0
9, 11145, -3.0, 1.0, -4.5, 1.0, 9, 0, charAt(), -1.0
9, 11146, -3.0, 1.0, -4.5, 1.5, 9, 0, charAt(), -1.0
9, 11147, -3.0, 1.0, -4.5, 2.0, 9, 0, charAt(), -1.0
9, 11148, -3.0, 1.0, -4.5, 2.5, 8, 0, i.charAt(), -0.5
9, 11149, -3.0, 1.0, -4.5, 3.0, 8, 0, i.charAt(), 0.0
9, 11150, -3.0, 1.0, -4.5, 3.5, 0, 0, message.charAt(i), 2.0
9, 11151, -3.0, 1.0, -4.5, 4.0, 0, 0, message.charAt(i), 3.0
9, 11152, -3.0, 1.0, -4.5, 4.5, 0, 0, message.charAt(i), 4.0
9, 11153, -3.0, 1.0, -4.5, 5.0, 0, 0, message.charAt(i), 5.0
9, 11154, -3.0, 1.0, -4.0, 0.0, 9, 0, charAt(), -1.0
9, 11155, -3.0, 1.0, -4.0, 0.5, 9, 0, charAt(), -1.0
9, 11156, -3.0, 1.0, -4.0, 1.0, 9, 0, charAt(), -1.0
9, 11157, -3.0, 1.0, -4.0, 1.5, 9, 0, charAt(), -1.0
9, 11158, -3.0, 1.0, -4.0, 2.0, 9, 0, charAt(), -1.0
9, 11159, -3.0, 1.0, -4.0, 2.5, 8, 0, i.charAt(), -0.5
9, 11160, -3.0, 1.0, -4.0, 3.0, 8, 0, i.charAt(), 0.0
9, 11161, -3.0, 1.0, -4.0, 3.5, 0, 0, message.charAt(i), 2.0
9, 11162, -3.0, 1.0, -4.0, 4.0, 0, 0, message.charAt(i), 3.0
9, 11163, -3.0, 1.0, -4.0, 4.5, 0, 0, message.charAt(i), 4.0
9, 11164, -3.0, 1.0, -4.0, 5.0, 0, 0, message.charAt(i), 5.0
9, 11165, -3.0, 1.0, -3.5, 0.0, 9, 0, charAt(), -1.0
9, 11166, -3.0, 1.0, -3.5, 0.5, 9, 0, charAt(), -1.0
9, 11167, -3.0, 1.0, -3.5, 1.0, 9, 0, charAt(), -1.0
9, 11168, -3.0, 1.0, -3.5, 1.5, 9, 0, charAt(), -1.0
9, 11169, -3.0, 1.0, -3.5, 2.0, 9, 0, charAt(), -1.0
9, 11170, -3.0, 1.0, -3.5, 2.5, 8, 0, i.charAt(), -0.5
9, 11171, -3.0, 1.0, -3.5, 3.0, 8, 0, i.charAt(), 0.0
9, 11172, -3.0, 1.0, -3.5, 3.5, 0, 0, message.charAt(i), 2.0
9, 11173, -3.0, 1.0, -3.5, 4.0, 0, 0, message.charAt(i), 3.0
9, 11174, -3.0, 1.0, -3.5, 4.5, 0, 0, message.charAt(i), 4.0
9, 11175, -3.0, 1.0, -3.5, 5.0, 0, 0, message.charAt(i), 5.0
9, 11176, -3.0, 1.0, -3.0, 0.0, 9, 0, charAt(), -1.0
9, 11177, -3.0, 1.0, -3.0, 0.5, 9, 0, charAt(), -1.0
9, 11178, -3.0, 1.0, -3.0, 1.0, 9, 0, charAt(), -1.0
9, 11179, -3.0, 1.0, -3.0, 1.5, 9, 0, charAt(), -1.0
9, 11180, -3.0, 1.0, -3.0, 2.0, 9, 0, charAt(), -1.0
9, 11181, -3.0, 1.0, -3.0, 2.5, 8, 0, i.charAt(), -0.5
9, 11182, -3.0, 1.0, -3.0, 3.0, 8, 0, i.charAt(), 0.0
9, 11183, -3.0, 1.0, -3.0, 3.5, 0, 0, message.charAt(i), 2.0
9, 11184, -3.0, 1.0, -3.0, 4.0, 0, 0, message.charAt(i), 3.0
9, 11185, -3.0, 1.0, -3.0, 4.5, 0, 0, message.charAt(i), 4.0
9, 11186, -3.0, 1.0, -3.0, 5.0, 0, 0, message.charAt(i), 5.0
9, 11187, -3.0, 1.0, -2.5, 0.0, 9, 0, charAt(), -1.0
9, 11188, -3.0, 1.0, -2.5, 0.5, 9, 0, charAt(), -1.0
9, 11189, -3.0, 1.0, -2.5, 1.0, 9, 0, charAt(), -1.0
9, 11190, -3.0, 1.0, -2.5, 1.5, 9, 0, charAt(), -1.0
9, 11191, -3.0, 1.0, -2.5, 2.0, 9, 0, charAt(), -1.0
9, 11192, -3.0, 1.0, -2.5, 2.5, 8, 0, i.charAt(), -0.5
9, 11193, -3.0, 1.0, -2.5, 3.0, 8, 0, i.charAt(), 0.0
9, 11194, -3.0, 1.0, -2.5, 3.5, 0, 0, message.charAt(i), 2.0
9, 11195, -3.0, 1.0, -2.5, 4.0, 0, 0, message.charAt(i), 3.0
9, 11196, -3.0, 1.0, -2.5, 4.5, 0, 0, message.charAt(i), 4.0
9, 11197, -3.0, 1.0, -2.5, 5.0, 0, 1, message.charAt(i), 5.0
9, 11198, -3.0, 1.0, -2.0, 0.0, 9, 0, charAt(), -1.0
9, 11199, -3.0, 1.0, -2.0, 0.5, 9, 0, charAt(), -1.0
9, 11200, -3.0, 1.0, -2.0, 1.0, 9, 0, charAt(), -1.0
9, 11201, -3.0, 1.0, -2.0, 1.5, 9, 0, charAt(), -1.0
9, 11202, -3.0, 1.0, -2.0, 2.0, 9, 0, charAt(), -1.0
9, 11203, -3.0, 1.0, -2.0, 2.5, 8, 0, i.charAt(), -0.5
9, 11204, -3.0, 1.0, -2.0, 3.0, 8, 0, i.charAt(), 0.0
9, 11205, -3.0, 1.0, -2.0, 3.5, 0, 0, message.charAt(i), 2.0
9, 11206, -3.0, 1.0, -2.0, 4.0, 0, 0, message.charAt(i), 3.0
9, 11207, -3.0, 1.0, -2.0, 4.5, 0, 0, message.charAt(i), 4.0
9, 11208, -3.0, 1.0, -2.0, 5.0, 0, 1, message.charAt(i), 5.0
9, 11209, -3.0, 1.0, -1.5, 0.0, 9, 0, charAt(), -1.0
9, 11210, -3.0, 1.0, -1.5, 0.5, 9, 0, charAt(), -1.0
9, 11211, -3.0, 1.0, -1.5, 1.0, 9, 0, charAt(), -1.0
9, 11212, -3.0, 1.0, -1.5, 1.5, 9, 0, charAt(), -1.0
9, 11213, -3.0, 1.0, -1.5, 2.0, 9, 0, charAt(), -1.0
9, 11214, -3.0, 1.0, -1.5, 2.5, 8, 0, i.charAt(), -0.5
9, 11215, -3.0, 1.0, -1.5, 3.0, 8, 0, i.charAt(), 0.0
9, 11216, -3.0, 1.0, -1.5, 3.5, 0, 0, message.charAt(i), 2.0
9, 11217, -3.0, 1.0, -1.5, 4.0, 0, 0, message.charAt(i), 3.0
9, 11218, -3.0, 1.0, -1.5, 4.5, 0, 0, message.charAt(i), 4.0
9, 11219, -3.0, 1.0, -1.5, 5.0, 0, 1, message.charAt(i), 5.0
9, 11220, -3.0, 1.0, -1.0, 0.0, 9, 0, charAt(), -1.0
9, 11221, -3.0, 1.0, -1.0, 0.5, 9, 0, charAt(), -1.0
9, 11222, -3.0, 1.0, -1.0, 1.0, 9, 0, charAt(), -1.0
9, 11223, -3.0, 1.0, -1.0, 1.5, 9, 0, charAt(), -1.0
9, 11224, -3.0, 1.0, -1.0, 2.0, 9, 0, charAt(), -1.0
9, 11225, -3.0, 1.0, -1.0, 2.5, 8, 0, i.charAt(), -0.5
9, 11226, -3.0, 1.0, -1.0, 3.0, 8, 0, i.charAt(), 0.0
9, 11227, -3.0, 1.0, -1.0, 3.5, 0, 0, message.charAt(i), 2.0
9, 11228, -3.0, 1.0, -1.0, 4.0, 0, 0, message.charAt(i), 3.0
9, 11229, -3.0, 1.0, -1.0, 4.5, 0, 1, message.charAt(i), 4.0
9, 11230, -3.0, 1.0, -1.0, 5.0, 0, 1, message.charAt(i), 5.0
9, 11231, -3.0, 1.0, -0.5, 0.0, 9, 0, charAt(), -1.0
9, 11232, -3.0, 1.0, -0.5, 0.5, 9, 0, charAt(), -1.0
9, 11233, -3.0, 1.0, -0.5, 1.0, 9, 0, charAt(), -1.0
9, 11234, -3.0, 1.0, -0.5, 1.5, 9, 0, charAt(), -1.0
9, 11235, -3.0, 1.0, -0.5, 2.0, 9, 0, charAt(), -1.0
9, 11236, -3.0, 1.0, -0.5, 2.5, 8, 0, i.charAt(), -0.5
9, 11237, -3.0, 1.0, -0.5, 3.0, 8, 0, i.charAt(), 0.0
9, 11238, -3.0, 1.0, -0.5, 3.5, 0, 0, message.charAt(i), 2.0
9, 11239, -3.0, 1.0, -0.5, 4.0, 0, 0, message.charAt(i), 3.0
9, 11240, -3.0, 1.0, -0.5, 4.5, 0, 1, message.charAt(i), 4.0
9, 11241, -3.0, 1.0, -0.5, 5.0, 12, 6, message.charAt(i).charValue(), 1.5
9, 11242, -3.0, 1.0, 0.0, 0.0, 9, 0, charAt(), -1.0
9, 11243, -3.0, 1.0, 0.0, 0.5, 9, 0, charAt(), -1.0
9, 11244, -3.0, 1.0, 0.0, 1.0, 9, 0, charAt(), -1.0
9, 11245, -3.0, 1.0, 0.0, 1.5, 9, 0, charAt(), -1.0
9, 11246, -3.0, 1.0, 0.0, 2.0, 9, 0, charAt(), -1.0
9, 11247, -3.0, 1.0, 0.0, 2.5, 8, 0, i.charAt(), -0.5
9, 11248, -3.0, 1.0, 0.0, 3.0, 8, 0, i.charAt(), 0.0
9, 11249, -3.0, 1.0, 0.0, 3.5, 0, 0, message.charAt(i), 2.0
9, 11250, -3.0, 1.0, 0.0, 4.0, 0, 0, message.charAt(i), 3.0
9, 11251, -3.0, 1.0, 0.0, 4.5, 12, 10, message.charAt(i).charValue(), 1.0
9, 11252, -3.0, 1.0, 0.0, 5.0, 12, 14, message.charAt(i).charValue(), 2.0
9, 11253, -2.5, 1.0, -5.0, 0.0, 9, 0, charAt(), -0.5
9, 11254, -2.5, 1.0, -5.0, 0.5, 9, 0, charAt(), -0.5
9, 11255, -2.5, 1.0, -5.0, 1.0, 9, 0, charAt(), -0.5
9, 11256, -2.5, 1.0, -5.0, 1.5, 9, 0, charAt(), -0.5
9, 11257, -2.5, 1.0, -5.0, 2.0, 8, 0, i.charAt(), 0.0
9, 11258, -2.5, 1.0, -5.0, 2.5, 0, 0, message.charAt(i), 1.5
9, 11259, -2.5, 1.0, -5.0, 3.0, 0, 0, message.charAt(i), 2.5
9, 11260, -2.5, 1.0, -5.0, 3.5, 0, 0, message.charAt(i), 3.5
9, 11261, -2.5, 1.0, -5.0, 4.0, 0, 0, message.charAt(i), 4.5
9, 11262, -2.5, 1.0, -5.0, 4.5, 0, 0, message.charAt(i), 5.5
9, 11263, -2.5, 1.0, -5.0, 5.0, 0, 0, message.charAt(i), 6.5
9, 11264, -2.5, 1.0, -4.5, 0.0, 9, 0, charAt(), -0.5
9, 11265, -2.5, 1.0, -4.5, 0.5, 9, 0, charAt(), -0.5
9, 11266, -2.5, 1.0, -4.5, 1.0, 9, 0, charAt(), -0.5
9, 11267, -2.5, 1.0, -4.5, 1.5, 9, 0, charAt(), -0.5
9, 11268, -2.5, 1.0, -4.5, 2.0, 8, 0, i.charAt(), 0.0
9, 11269, -2.5, 1.0, -4.5, 2.5, 0, 0, message.charAt(i), 1.5
9, 11270, -2.5, 1.0, -4.5, 3.0, 0, 0, message.charAt(i), 2.5
9, 11271, -2.5, 1.0, -4.5, 3.5, 0, 0, message.charAt(i), 3.5
9, 11272, -2.5, 1.0, -4.5, 4.0, 0, 0, message.charAt(i), 4.5
9, 11273, -2.5, 1.0, -4.5, 4.5, 0, 0, message.charAt(i), 5.5
9, 11274, -2.5, 1.0, -4.5, 5.0, 0, 1, message.charAt(i), 6.5
9, 11275, -2.5, 1.0, -4.0, 0.0, 9, 0, charAt(), -0.5
9, 11276, -2.5, 1.0, -4.0, 0.5, 9, 0, charAt(), -0.5
9, 11277, -2.5, 1.0, -4.0, 1.0, 9, 0, charAt(), -0.5
9, 11278, -2.5, 1.0, -4.0, 1.5, 9, 0, charAt(), -0.5
9, 11279, -2.5, 1.0, -4.0, 2.0, 8, 0, i.charAt(), 0.0
9, 11280, -2.5, 1.0, -4.0, 2.5, 0, 0, message.charAt(i), 1.5
9, 11281, -2.5, 1.0, -4.0, 3.0, 0, 0, message.charAt(i), 2.5
9, 11282, -2.5, 1.0, -4.0, 3.5, 0, 0, message.charAt(i), 3.5
9, 11283, -2.5, 1.0, -4.0, 4.0, 0, 0, message.charAt(i), 4.5
9, 11284, -2.5, 1.0, -4.0, 4.5, 0, 0, message.charAt(i), 5.5
9, 11285, -2.5, 1.0, -4.0, 5.0, 0, 1, message.charAt(i), 6.5
9, 11286, -2.5, 1.0, -3.5, 0.0, 9, 0, charAt(), -0.5
9, 11287, -2.5, 1.0, -3.5, 0.5, 9, 0, charAt(), -0.5
9, 11288, -2.5, 1.0, -3.5, 1.0, 9, 0, charAt(), -0.5
9, 11289, -2.5, 1.0, -3.5, 1.5, 9, 0, charAt(), -0.5
9, 11290, -2.5, 1.0, -3.5, 2.0, 8, 0, i.charAt(), 0.0
9, 11291, -2.5, 1.0, -3.5, 2.5, 0, 0, message.charAt(i), 1.5
9, 11292, -2.5, 1.0, -3.5, 3.0, 0, 0, message.charAt(i), 2.5
9, 11293, -2.5, 1.0, -3.5, 3.5, 0, 0, message.charAt(i), 3.5
9, 11294, -2.5, 1.0, -3.5, 4.0, 0, 0, message.charAt(i), 4.5
9, 11295, -2.5, 1.0, -3.5, 4.5, 0, 0, message.charAt(i), 5.5
9, 11296, -2.5, 1.0, -3.5, 5.0, 0, 1, message.charAt(i), 6.5
9, 11297, -2.5, 1.0, -3.0, 0.0, 9, 0, charAt(), -0.5
9, 11298, -2.5, 1.0, -3.0, 0.5, 9, 0, charAt(), -0.5
9, 11299, -2.5, 1.0, -3.0, 1.0, 9, 0, charAt(), -0.5
9, 11300, -2.5, 1.0, -3.0, 1.5, 9, 0, charAt(), -0.5
9, 11301, -2.5, 1.0, -3.0, 2.0, 8, 0, i.charAt(), 0.0
9, 11302, -2.5, 1.0, -3.0, 2.5, 0, 0, message.charAt(i), 1.5
9, 11303, -2.5, 1.0, -3.0, 3.0, 0, 0, message.charAt(i), 2.5
9, 11304, -2.5, 1.0, -3.0, 3.5, 0, 0, message.charAt(i), 3.5
9, 11305, -2.5, 1.0, -3.0, 4.0, 0, 0, message.charAt(i), 4.5
9, 11306, -2.5, 1.0, -3.0, 4.5, 0, 1, message.charAt(i), 5.5
9, 11307, -2.5, 1.0, -3.0, 5.0, 0, 1, message.charAt(i), 6.5
9, 11308, -2.5, 1.0, -2.5, 0.0, 9, 0, charAt(), -0.5
9, 11309, -2.5, 1.0, -2.5, 0.5, 9, 0, charAt(), -0.5
9, 11310, -2.5, 1.0, -2.5, 1.0, 9, 0, charAt(), -0.5
9, 11311, -2.5, 1.0, -2.5, 1.5, 9, 0, charAt(), -0.5
9, 11312, -2.5, 1.0, -2.5, 2.0, 8, 0, i.charAt(), 0.0
9, 11313, -2.5, 1.0, -2.5, 2.5, 0, 0, message.charAt(i), 1.5
9, 11314, -2.5, 1.0, -2.5, 3.0, 0, 0, message.charAt(i), 2.5
9, 11315, -2.5, 1.0, -2.5, 3.5, 0, 0, message.charAt(i), 3.5
9, 11316, -2.5, 1.0, -2.5, 4.0, 0, 0, message.charAt(i), 4.5
9, 11317, -2.5, 1.0, -2.5, 4.5, 0, 1, message.charAt(i), 5.5
9, 11318, -2.5, 1.0, -2.5, 5.0, 0, 1, message.charAt(i), 6.5
9, 11319, -2.5, 1.0, -2.0, 0.0, 9, 0, charAt(), -0.5
9, 11320, -2.5, 1.0, -2.0, 0.5, 9, 0, charAt(), -0.5
9, 11321, -2.5, 1.0, -2.0, 1.0, 9, 0, charAt(), -0.5
9, 11322, -2.5, 1.0, -2.0, 1.5, 9, 0, charAt(), -0.5
9, 11323, -2.5, 1.0, -2.0, 2.0, 8, 0, i.charAt(), 0.0
9, 11324, -2.5, 1.0, -2.0, 2.5, 0, 0, message.charAt(i), 1.5
9, 11325, -2.5, 1.0, -2.0, 3.0, 0, 0, message.charAt(i), 2.5
9, 11326, -2.5, 1.0, -2.0, 3.5, 0, 0, message.charAt(i), 3.5
9, 11327, -2.5, 1.0, -2.0, 4.0, 0, 0, message.charAt(i), 4.5
9, 11328, -2.5, 1.0, -2.0, 4.5, 0, 1, message.charAt(i), 5.5
9, 11329, -2.5, 1.0, -2.0, 5.0, 0, 1, message.charAt(i), 6.5
9, 11330, -2.5, 1.0, -1.5, 0.0, 9, 0, charAt(), -0.5
9, 11331, -2.5, 1.0, -1.5, 0.5, 9, 0, charAt(), -0.5
9, 11332, -2.5, 1.0, -1.5, 1.0, 9, 0, charAt(), -0.5
9, 11333, -2.5, 1.0, -1.5, 1.5, 9, 0, charAt(), -0.5
9, 11334, -2.5, 1.0, -1.5, 2.0, 8, 0, i.charAt(), 0.0
9, 11335, -2.5, 1.0, -1.5, 2.5, 0, 0, message.charAt(i), 1.5
9, 11336, -2.5, 1.0, -1.5, 3.0, 0, 0, message.charAt(i), 2.5
9, 11337, -2.5, 1.0, -1.5, 3.5, 0, 0, message.charAt(i), 3.5
9, 11338, -2.5, 1.0, -1.5, 4.0, 0, 1, message.charAt(i), 4.5
9, 11339, -2.5, 1.0, -1.5, 4.5, 0, 1, message.charAt(i), 5.5
9, 11340, -2.5, 1.0, -1.5, 5.0, 12, 5, message.charAt(i).charValue(), 2.5
9, 11341, -2.5, 1.0, -1.0, 0.0, 9, 0, charAt(), -0.5
9, 11342, -2.5, 1.0, -1.0, 0.5, 9, 0, charAt(), -0.5
9, 11343, -2.5, 1.0, -1.0, 1.0, 9, 0, charAt(), -0.5
9, 11344, -2.5, 1.0, -1.0, 1.5, 9, 0, charAt(), -0.5
9, 11345, -2.5, 1.0, -1.0, 2.0, 8, 0, i.charAt(), 0.0
9, 11346, -2.5, 1.0, -1.0, 2.5, 0, 0, message.charAt(i), 1.5
9, 11347, -2.5, 1.0, -1.0, 3.0, 0, 0, message.charAt(i), 2.5
9, 11348, -2.5, 1.0, -1.0, 3.5, 0, 0, message.charAt(i), 3.5
9, 11349, -2.5, 1.0, -1.0, 4.0, 0, 1, message.charAt(i), 4.5
9, 11350, -2.5, 1.0, -1.0, 4.5, 12, 5, message.charAt(i).charValue(), 2.0
9, 11351, -2.5, 1.0, -1.0, 5.0, 12, 8, message.charAt(i).charValue(), 3.0
9, 11352, -2.5, 1.0, -0.5, 0.0, 9, 0, charAt(), -0.5
9, 11353, -2.5, 1.0, -0.5, 0.5, 9, 0, charAt(), -0.5
9, 11354, -2.5, 1.0, -0.5, 1.0, 9, 0, charAt(), -0.5
9, 11355, -2.5, 1.0, -0.5, 1.5, 9, 0, charAt(), -0.5
9, 11356, -2.5, 1.0, -0.5, 2.0, 8, 0, i.charAt(), 0.0
9, 11357, -2.5, 1.0, -0.5, 2.5, 0, 0, message.charAt(i), 1.5
9, 11358, -2.5, 1.0, -0.5, 3.0, 0, 0, message.charAt(i), 2.5
9, 11359, -2.5, 1.0, -0.5, 3.5, 0, 0, message.charAt(i), 3.5
9, 11360, -2.5, 1.0, -0.5, 4.0, 12, 3, message.charAt(i).charValue(), 1.5
9, 11361, -2.5, 1.0, -0.5, 4.5, 12, 8, message.charAt(i).charValue(), 2.5
9, 11362, -2.5, 1.0, -0.5, 5.0, 12, 9, message.charAt(i).charValue(), 3.5
9, 11363, -2.5, 1.0, 0.0, 0.0, 9, 0, charAt(), -0.5
9, 11364, -2.5, 1.0, 0.0, 0.5, 9, 0, charAt(), -0.5
9, 11365, -2.5, 1.0, 0.0, 1.0, 9, 0, charAt(), -0.5
9, 11366, -2.5, 1.0, 0.0, 1.5, 9, 0, charAt(), -0.5
9, 11367, -2.5, 1.0, 0.0, 2.0, 8, 0, i.charAt(), 0.0
9, 11368, -2.5, 1.0, 0.0, 2.5, 0, 0, message.charAt(i), 1.5
9, 11369, -2.5, 1.0, 0.0, 3.0, 0, 0, message.charAt(i), 2.5
9, 11370, -2.5, 1.0, 0.0, 3.5, 12, 8, message.charAt(i).charValue(), 1.0
9, 11371, -2.5, 1.0, 0.0, 4.0, 12, 14, message.charAt(i).charValue(), 2.0
9, 11372, -2.5, 1.0, 0.0, 4.5, 12, 14, message.charAt(i).charValue(), 3.0
9, 11373, -2.5, 1.0, 0.0, 5.0, 12, 14, message.charAt(i).charValue(), 4.0
9, 11374, -2.0, 1.0, -5.0, 0.0, 9, 0, charAt(), 0.0
9, 11375, -2.0, 1.0, -5.0, 0.5, 9, 0, charAt(), 0.0
9, 11376, -2.0, 1.0, -5.0, 1.0, 9, 0, charAt(), 0.0
9, 11377, -2.0, 1.0, -5.0, 1.5, 0, 0, message.charAt(i), 1.0
9, 11378, -2.0, 1.0, -5.0, 2.0, 0, 0, message.charAt(i), 2.0
9, 11379, -2.0, 1.0, -5.0, 2.5, 0, 0, message.charAt(i), 3.0
9, 11380, -2.0, 1.0, -5.0, 3.0, 0, 0, message.charAt(i), 4.0
9, 11381, -2.0, 1.0, -5.0, 3.5, 0, 0, message.charAt(i), 5.0
9, 11382, -2.0, 1.0, -5.0, 4.0, 0, 0, message.charAt(i), 6.0
9, 11383, -2.0, 1.0, -5.0, 4.5, 0, 1, message.charAt(i), 7.0
9, 11384, -2.0, 1.0, -5.0, 5.0, 0, 1, message.charAt(i), 8.0
9, 11385, -2.0, 1.0, -4.5, 0.0, 9, 0, charAt(), 0.0
9, 11386, -2.0, 1.0, -4.5, 0.5, 9, 0, charAt(), 0.0
9, 11387, -2.0, 1.0, -4.5, 1.0, 9, 0, charAt(), 0.0
9, 11388, -2.0, 1.0, -4.5, 1.5, 0, 0, message.charAt(i), 1.0
9, 11389, -2.0, 1.0, -4.5, 2.0, 0, 0, message.charAt(i), 2.0
9, 11390, -2.0, 1.0, -4.5, 2.5, 0, 0, message.charAt(i), 3.0
9, 11391, -2.0, 1.0, -4.5, 3.0, 0, 0, message.charAt(i), 4.0
9, 11392, -2.0, 1.0, -4.5, 3.5, 0, 0, message.charAt(i), 5.0
9, 11393, -2.0, 1.0, -4.5, 4.0, 0, 0, message.charAt(i), 6.0
9, 11394, -2.0, 1.0, -4.5, 4.5, 0, 1, message.charAt(i), 7.0
9, 11395, -2.0, 1.0, -4.5, 5.0, 0, 1, message.charAt(i), 8.0
9, 11396, -2.0, 1.0, -4.0, 0.0, 9, 0, charAt(), 0.0
9, 11397, -2.0, 1.0, -4.0, 0.5, 9, 0, charAt(), 0.0
9, 11398, -2.0, 1.0, -4.0, 1.0, 9, 0, charAt(), 0.0
9, 11399, -2.0, 1.0, -4.0, 1.5, 0, 0, message.charAt(i), 1.0
9, 11400, -2.0, 1.0, -4.0, 2.0, 0, 0, message.charAt(i), 2.0
9, 11401, -2.0, 1.0, -4.0, 2.5, 0, 0, message.charAt(i), 3.0
9, 11402, -2.0, 1.0, -4.0, 3.0, 0, 0, message.charAt(i), 4.0
9, 11403, -2.0, 1.0, -4.0, 3.5, 0, 0, message.charAt(i), 5.0
9, 11404, -2.0, 1.0, -4.0, 4.0, 0, 0, message.charAt(i), 6.0
9, 11405, -2.0, 1.0, -4.0, 4.5, 0, 1, message.charAt(i), 7.0
9, 11406, -2.0, 1.0, -4.0, 5.0, 0, 1, message.charAt(i), 8.0
9, 11407, -2.0, 1.0, -3.5, 0.0, 9, 0, charAt(), 0.0
9, 11408, -2.0, 1.0, -3.5, 0.5, 9, 0, charAt(), 0.0
9, 11409, -2.0, 1.0, -3.5, 1.0, 9, 0, charAt(), 0.0
9, 11410, -2.0, 1.0, -3.5, 1.5, 0, 0, message.charAt(i), 1.0
9, 11411, -2.0, 1.0, -3.5, 2.0, 0, 0, message.charAt(i), 2.0
9, 11412, -2.0, 1.0, -3.5, 2.5, 0, 0, message.charAt(i), 3.0
9, 11413, -2.0, 1.0, -3.5, 3.0, 0, 0, message.charAt(i), 4.0
9, 11414, -2.0, 1.0, -3.5, 3.5, 0, 0, message.charAt(i), 5.0
9, 11415, -2.0, 1.0, -3.5, 4.0, 0, 1, message.charAt(i), 6.0
9, 11416, -2.0, 1.0, -3.5, 4.5, 0, 1, message.charAt(i), 7.0
9, 11417, -2.0, 1.0, -3.5, 5.0, 0, 1, message.charAt(i), 8.0
9, 11418, -2.0, 1.0, -3.0, 0.0, 9, 0, charAt(), 0.0
9, 11419, -2.0, 1.0, -3.0, 0.5, 9, 0, charAt(), 0.0
9, 11420, -2.0, 1.0, -3.0, 1.0, 9, 0, charAt(), 0.0
9, 11421, -2.0, 1.0, -3.0, 1.5, 0, 0, message.charAt(i), 1.0
9, 11422, -2.0, 1.0, -3.0, 2.0, 0, 0, message.charAt(i), 2.0
9, 11423, -2.0, 1.0, -3.0, 2.5, 0, 0, message.charAt(i), 3.0
9, 11424, -2.0, 1.0, -3.0, 3.0, 0, 0, message.charAt(i), 4.0
9, 11425, -2.0, 1.0, -3.0, 3.5, 0, 0, message.charAt(i), 5.0
9, 11426, -2.0, 1.0, -3.0, 4.0, 0, 1, message.charAt(i), 6.0
9, 11427, -2.0, 1.0, -3.0, 4.5, 0, 1, message.charAt(i), 7.0
9, 11428, -2.0, 1.0, -3.0, 5.0, 0, 1, message.charAt(i), 8.0
9, 11429, -2.0, 1.0, -2.5, 0.0, 9, 0, charAt(), 0.0
9, 11430, -2.0, 1.0, -2.5, 0.5, 9, 0, charAt(), 0.0
9, 11431, -2.0, 1.0, -2.5, 1.0, 9, 0, charAt(), 0.0
9, 11432, -2.0, 1.0, -2.5, 1.5, 0, 0, message.charAt(i), 1.0
9, 11433, -2.0, 1.0, -2.5, 2.0, 0, 0, message.charAt(i), 2.0
9, 11434, -2.0, 1.0, -2.5, 2.5, 0, 0, message.charAt(i), 3.0
9, 11435, -2.0, 1.0, -2.5, 3.0, 0, 0, message.charAt(i), 4.0
9, 11436, -2.0, 1.0, -2.5, 3.5, 0, 0, message.charAt(i), 5.0
9, 11437, -2.0, 1.0, -2.5, 4.0, 0, 1, message.charAt(i), 6.0
9, 11438, -2.0, 1.0, -2.5, 4.5, 0, 1, message.charAt(i), 7.0
9, 11439, -2.0, 1.0, -2.5, 5.0, 0, 1, message.charAt(i), 8.0
9, 11440, -2.0, 1.0, -2.0, 0.0, 9, 0, charAt(), 0.0
9, 11441, -2.0, 1.0, -2.0, 0.5, 9, 0, charAt(), 0.0
9, 11442, -2.0, 1.0, -2.0, 1.0, 9, 0, charAt(), 0.0
9, 11443, -2.0, 1.0, -2.0, 1.5, 0, 0, message.charAt(i), 1.0
9, 11444, -2.0, 1.0, -2.0, 2.0, 0, 0, message.charAt(i), 2.0
9, 11445, -2.0, 1.0, -2.0, 2.5, 0, 0, message.charAt(i), 3.0
9, 11446, -2.0, 1.0, -2.0, 3.0, 0, 0, message.charAt(i), 4.0
9, 11447, -2.0, 1.0, -2.0, 3.5, 0, 1, message.charAt(i), 5.0
9, 11448, -2.0, 1.0, -2.0, 4.0, 0, 1, message.charAt(i), 6.0
9, 11449, -2.0, 1.0, -2.0, 4.5, 0, 1, message.charAt(i), 7.0
9, 11450, -2.0, 1.0, -2.0, 5.0, 12, 5, message.charAt(i).charValue(), 4.0
9, 11451, -2.0, 1.0, -1.5, 0.0, 9, 0, charAt(), 0.0
9, 11452, -2.0, 1.0, -1.5, 0.5, 9, 0, charAt(), 0.0
9, 11453, -2.0, 1.0, -1.5, 1.0, 9, 0, charAt(), 0.0
9, 11454, -2.0, 1.0, -1.5, 1.5, 0, 0, message.charAt(i), 1.0
9, 11455, -2.0, 1.0, -1.5, 2.0, 0, 0, message.charAt(i), 2.0
9, 11456, -2.0, 1.0, -1.5, 2.5, 0, 0, message.charAt(i), 3.0
9, 11457, -2.0, 1.0, -1.5, 3.0, 0, 0, message.charAt(i), 4.0
9, 11458, -2.0, 1.0, -1.5, 3.5, 0, 1, message.charAt(i), 5.0
9, 11459, -2.0, 1.0, -1.5, 4.0, 0, 1, message.charAt(i), 6.0
9, 11460, -2.0, 1.0, -1.5, 4.5, 12, 6, message.charAt(i).charValue(), 3.5
9, 11461, -2.0, 1.0, -1.5, 5.0, 12, 8, message.charAt(i).charValue(), 4.5
9, 11462, -2.0, 1.0, -1.0, 0.0, 9, 0, charAt(), 0.0
9, 11463, -2.0, 1.0, -1.0, 0.5, 9, 0, charAt(), 0.0
9, 11464, -2.0, 1.0, -1.0, 1.0, 9, 0, charAt(), 0.0
9, 11465, -2.0, 1.0, -1.0, 1.5, 0, 0, message.charAt(i), 1.0
9, 11466, -2.0, 1.0, -1.0, 2.0, 0, 0, message.charAt(i), 2.0
9, 11467, -2.0, 1.0, -1.0, 2.5, 0, 0, message.charAt(i), 3.0
9, 11468, -2.0, 1.0, -1.0, 3.0, 0, 0, message.charAt(i), 4.0
9, 11469, -2.0, 1.0, -1.0, 3.5, 0, 1, message.charAt(i), 5.0
9, 11470, -2.0, 1.0, -1.0, 4.0, 12, 6, message.charAt(i).charValue(), 3.0
9, 11471, -2.0, 1.0, -1.0, 4.5, 12, 8, message.charAt(i).charValue(), 4.0
9, 11472, -2.0, 1.0, -1.0, 5.0, 12, 9, message.charAt(i).charValue(), 5.0
9, 11473, -2.0, 1.0, -0.5, 0.0, 9, 0, charAt(), 0.0
9, 11474, -2.0, 1.0, -0.5, 0.5, 9, 0, charAt(), 0.0
9, 11475, -2.0, 1.0, -0.5, 1.0, 9, 0, charAt(), 0.0
9, 11476, -2.0, 1.0, -0.5, 1.5, 0, 0, message.charAt(i), 1.0
9, 11477, -2.0, 1.0, -0.5, 2.0, 0, 0, message.charAt(i), 2.0
9, 11478, -2.0, 1.0, -0.5, 2.5, 0, 0, message.charAt(i), 3.0
9, 11479, -2.0, 1.0, -0.5, 3.0, 0, 1, message.charAt(i), 4.0
9, 11480, -2.0, 1.0, -0.5, 3.5, 12, 6, message.charAt(i).charValue(), 2.5
9, 11481, -2.0, 1.0, -0.5, 4.0, 12, 9, message.charAt(i).charValue(), 3.5
9, 11482, -2.0, 1.0, -0.5, 4.5, 12, 9, message.charAt(i).charValue(), 4.5
9, 11483, -2.0, 1.0, -0.5, 5.0, 12, 9, message.charAt(i).charValue(), 5.5
9, 11484, -2.0, 1.0, 0.0, 0.0, 9, 0, charAt(), 0.0
9, 11485, -2.0, 1.0, 0.0, 0.5, 9, 0, charAt(), 0.0
9, 11486, -2.0, 1.0, 0.0, 1.0, 9, 0, charAt(), 0.0
9, 11487, -2.0, 1.0, 0.0, 1.5, 0, 0, message.charAt(i), 1.0
9, 11488, -2.0, 1.0, 0.0, 2.0, 0, 0, message.charAt(i), 2.0
9, 11489, -2.0, 1.0, 0.0, 2.5, 0, 0, message.charAt(i), 3.0
9, 11490, -2.0, 1.0, 0.0, 3.0, 12, 10, message.charAt(i).charValue(), 2.0
9, 11491, -2.0, 1.0, 0.0, 3.5, 12, 14, message.charAt(i).charValue(), 3.0
9, 11492, -2.0, 1.0, 0.0, 4.0, 12, 14, message.charAt(i).charValue(), 4.0
9, 11493, -2.0, 1.0, 0.0, 4.5, 12, 14, message.charAt(i).charValue(), 5.0
9, 11494, -2.0, 1.0, 0.0, 5.0, 12, 14, message.charAt(i).charValue(), 6.0
9, 11495, -1.5, 1.0, -5.0, 0.0, 9, 0, charAt(), 0.5
9, 11496, -1.5, 1.0, -5.0, 0.5, 0, 0, message.charAt(i), 0.5
9, 11497, -1.5, 1.0, -5.0, 1.0, 0, 0, message.charAt(i), 1.5
9, 11498, -1.5, 1.0, -5.0, 1.5, 0, 0, message.charAt(i), 2.5
9, 11499, -1.5, 1.0, -5.0, 2.0, 0, 0, message.charAt(i), 3.5
9, 11500, -1.5, 1.0, -5.0, 2.5, 0, 0, message.charAt(i), 4.5
9, 11501, -1.5, 1.0, -5.0, 3.0, 0, 0, message.charAt(i), 5.5
9, 11502, -1.5, 1.0, -5.0, 3.5, 0, 0, message.charAt(i), 6.5
9, 11503, -1.5, 1.0, -5.0, 4.0, 0, 1, message.charAt(i), 7.5
9, 11504, -1.5, 1.0, -5.0, 4.5, 0, 1, message.charAt(i), 8.5
9, 11505, -1.5, 1.0, -5.0, 5.0, 0, 1, message.charAt(i), 9.5
9, 11506, -1.5, 1.0, -4.5, 0.0, 9, 0, charAt(), 0.5
9, 11507, -1.5, 1.0, -4.5, 0.5, 0, 0, message.charAt(i), 0.5
9, 11508, -1.5, 1.0, -4.5, 1.0, 0, 0, message.charAt(i), 1.5
9, 11509, -1.5, 1.0, -4.5, 1.5, 0, 0, message.charAt(i), 2.5
9, 11510, -1.5, 1.0, -4.5, 2.0, 0, 0, message.charAt(i), 3.5
9, 11511, -1.5, 1.0, -4.5, 2.5, 0, 0, message.charAt(i), 4.5
9, 11512, -1.5, 1.0, -4.5, 3.0, 0, 0, message.charAt(i), 5.5
9, 11513, -1.5, 1.0, -4.5, 3.5, 0, 0, message.charAt(i), 6.5
9, 11514, -1.5, 1.0, -4.5, 4.0, 0, 1, message.charAt(i), 7.5
9, 11515, -1.5, 1.0, -4.5, 4.5, 0, 1, message.charAt(i), 8.5
9, 11516, -1.5, 1.0, -4.5, 5.0, 0, 1, message.charAt(i), 9.5
9, 11517, -1.5, 1.0, -4.0, 0.0, 9, 0, charAt(), 0.5
9, 11518, -1.5, 1.0, -4.0, 0.5, 0, 0, message.charAt(i), 0.5
9, 11519, -1.5, 1.0, -4.0, 1.0, 0, 0, message.charAt(i), 1.5
9, 11520, -1.5, 1.0, -4.0, 1.5, 0, 0, message.charAt(i), 2.5
9, 11521, -1.5, 1.0, -4.0, 2.0, 0, 0, message.charAt(i), 3.5
9, 11522, -1.5, 1.0, -4.0, 2.5, 0, 0, message.charAt(i), 4.5
9, 11523, -1.5, 1.0, -4.0, 3.0, 0, 0, message.charAt(i), 5.5
9, 11524, -1.5, 1.0, -4.0, 3.5, 0, 1, message.charAt(i), 6.5
9, 11525, -1.5, 1.0, -4.0, 4.0, 0, 1, message.charAt(i), 7.5
9, 11526, -1.5, 1.0, -4.0, 4.5, 0, 1, message.charAt(i), 8.5
9, 11527, -1.5, 1.0, -4.0, 5.0, 0, 1, message.charAt(i), 9.5
9, 11528, -1.5, 1.0, -3.5, 0.0, 9, 0, charAt(), 0.5
9, 11529, -1.5, 1.0, -3.5, 0.5, 0, 0, message.charAt(i), 0.5
9, 11530, -1.5, 1.0, -3.5, 1.0, 0, 0, message.charAt(i), 1.5
9, 11531, -1.5, 1.0, -3.5, 1.5, 0, 0, message.charAt(i), 2.5
9, 11532, -1.5, 1.0, -3.5, 2.0, 0, 0, message.charAt(i), 3.5
9, 11533, -1.5, 1.0, -3.5, 2.5, 0, 0, message.charAt(i), 4.5
9, 11534, -1.5, 1.0, -3.5, 3.0, 0, 0, message.charAt(i), 5.5
9, 11535, -1.5, 1.0, -3.5, 3.5, 0, 1, message.charAt(i), 6.5
9, 11536, -1.5, 1.0, -3.5, 4.0, 0, 1, message.charAt(i), 7.5
9, 11537, -1.5, 1.0, -3.5, 4.5, 0, 1, message.charAt(i), 8.5
9, 11538, -1.5, 1.0, -3.5, 5.0, 0, 1, message.charAt(i), 9.5
9, 11539, -1.5, 1.0, -3.0, 0.0, 9, 0, charAt(), 0.5
9, 11540, -1.5, 1.0, -3.0, 0.5, 0, 0, message.charAt(i), 0.5
9, 11541, -1.5, 1.0, -3.0, 1.0, 0, 0, message.charAt(i), 1.5
9, 11542, -1.5, 1.0, -3.0, 1.5, 0, 0, message.charAt(i), 2.5
9, 11543, -1.5, 1.0, -3.0, 2.0, 0, 0, message.charAt(i), 3.5
9, 11544, -1.5, 1.0, -3.0, 2.5, 0, 0, message.charAt(i), 4.5
9, 11545, -1.5, 1.0, -3.0, 3.0, 0, 0, message.charAt(i), 5.5
9, 11546, -1.5, 1.0, -3.0, 3.5, 0, 1, message.charAt(i), 6.5
9, 11547, -1.5, 1.0, -3.0, 4.0, 0, 1, message.charAt(i), 7.5
9, 11548, -1.5, 1.0, -3.0, 4.5, 0, 1, message.charAt(i), 8.5
9, 11549, -1.5, 1.0, -3.0, 5.0, 12, 5, message.charAt(i).charValue(), 5.0
9, 11550, -1.5, 1.0, -2.5, 0.0, 9, 0, charAt(), 0.5
9, 11551, -1.5, 1.0, -2.5, 0.5, 0, 0, message.charAt(i), 0.5
9, 11552, -1.5, 1.0, -2.5, 1.0, 0, 0, message.charAt(i), 1.5
9, 11553, -1.5, 1.0, -2.5, 1.5, 0, 0, message.charAt(i), 2.5
9, 11554, -1.5, 1.0, -2.5, 2.0, 0, 0, message.charAt(i), 3.5
9, 11555, -1.5, 1.0, -2.5, 2.5, 0, 0, message.charAt(i), 4.5
9, 11556, -1.5, 1.0, -2.5, 3.0, 0, 1, message.charAt(i), 5.5
9, 11557, -1.5, 1.0, -2.5, 3.5, 0, 1, message.charAt(i), 6.5
9, 11558, -1.5, 1.0, -2.5, 4.0, 0, 1, message.charAt(i), 7.5
9, 11559, -1.5, 1.0, -2.5, 4.5, 12, 5, message.charAt(i).charValue(), 4.5
9, 11560, -1.5, 1.0, -2.5, 5.0, 12, 8, message.charAt(i).charValue(), 5.5
9, 11561, -1.5, 1.0, -2.0, 0.0, 9, 0, charAt(), 0.5
9, 11562, -1.5, 1.0, -2.0, 0.5, 0, 0, message.charAt(i), 0.5
9, 11563, -1.5, 1.0, -2.0, 1.0, 0, 0, message.charAt(i), 1.5
9, 11564, -1.5, 1.0, -2.0, 1.5, 0, 0, message.charAt(i), 2.5
9, 11565, -1.5, 1.0, -2.0, 2.0, 0, 0, message.charAt(i), 3.5
9, 11566, -1.5, 1.0, -2.0, 2.5, 0, 0, message.charAt(i), 4.5
9, 11567, -1.5, 1.0, -2.0, 3.0, 0, 1, message.charAt(i), 5.5
9, 11568, -1.5, 1.0, -2.0, 3.5, 0, 1, message.charAt(i), 6.5
9, 11569, -1.5, 1.0, -2.0, 4.0, 12, 5, message.charAt(i).charValue(), 4.0
9, 11570, -1.5, 1.0, -2.0, 4.5, 12, 8, message.charAt(i).charValue(), 5.0
9, 11571, -1.5, 1.0, -2.0, 5.0, 12, 8, message.charAt(i).charValue(), 6.0
9, 11572, -1.5, 1.0, -1.5, 0.0, 9, 0, charAt(), 0.5
9, 11573, -1.5, 1.0, -1.5, 0.5, 0, 0, message.charAt(i), 0.5
9, 11574, -1.5, 1.0, -1.5, 1.0, 0, 0, message.charAt(i), 1.5
9, 11575, -1.5, 1.0, -1.5, 1.5, 0, 0, message.charAt(i), 2.5
9, 11576, -1.5, 1.0, -1.5, 2.0, 0, 0, message.charAt(i), 3.5
9, 11577, -1.5, 1.0, -1.5, 2.5, 0, 0, message.charAt(i), 4.5
9, 11578, -1.5, 1.0, -1.5, 3.0, 0, 1, message.charAt(i), 5.5
9, 11579, -1.5, 1.0, -1.5, 3.5, 12, 5, message.charAt(i).charValue(), 3.5
9, 11580, -1.5, 1.0, -1.5, 4.0, 12, 8, message.charAt(i).charValue(), 4.5
9, 11581, -1.5, 1.0, -1.5, 4.5, 12, 8, message.charAt(i).charValue(), 5.5
9, 11582, -1.5, 1.0, -1.5, 5.0, 12, 8, message.charAt(i).charValue(), 6.5
9, 11583, -1.5, 1.0, -1.0, 0.0, 9, 0, charAt(), 0.5
9, 11584, -1.5, 1.0, -1.0, 0.5, 0, 0, message.charAt(i), 0.5
9, 11585, -1.5, 1.0, -1.0, 1.0, 0, 0, message.charAt(i), 1.5
9, 11586, -1.5, 1.0, -1.0, 1.5, 0, 0, message.charAt(i), 2.5
9, 11587, -1.5, 1.0, -1.0, 2.0, 0, 0, message.charAt(i), 3.5
9, 11588, -1.5, 1.0, -1.0, 2.5, 0, 1, message.charAt(i), 4.5
9, 11589, -1.5, 1.0, -1.0, 3.0, 12, 5, message.charAt(i).charValue(), 3.0
9, 11590, -1.5, 1.0, -1.0, 3.5, 12, 8, message.charAt(i).charValue(), 4.0
9, 11591, -1.5, 1.0, -1.0, 4.0, 12, 8, message.charAt(i).charValue(), 5.0
9, 11592, -1.5, 1.0, -1.0, 4.5, 12, 9, message.charAt(i).charValue(), 6.0
9, 11593, -1.5, 1.0, -1.0, 5.0, 12, 9, message.charAt(i).charValue(), 7.0
9, 11594, -1.5, 1.0, -0.5, 0.0, 9, 0, charAt(), 0.5
9, 11595, -1.5, 1.0, -0.5, 0.5, 0, 0, message.charAt(i), 0.5
9, 11596, -1.5, 1.0, -0.5, 1.0, 0, 0, message.charAt(i), 1.5
9, 11597, -1.5, 1.0, -0.5, 1.5, 0, 0, message.charAt(i), 2.5
9, 11598, -1.5, 1.0, -0.5, 2.0, 0, 0, message.charAt(i), 3.5
9, 11599, -1.5, 1.0, -0.5, 2.5, 12, 3, message.charAt(i).charValue(), 2.5
9, 11600, -1.5, 1.0, -0.5, 3.0, 12, 8, message.charAt(i).charValue(), 3.5
9, 11601, -1.5, 1.0, -0.5, 3.5, 12, 9, message.charAt(i).charValue(), 4.5
9, 11602, -1.5, 1.0, -0.5, 4.0, 12, 9, message.charAt(i).charValue(), 5.5
9, 11603, -1.5, 1.0, -0.5, 4.5, 12, 9, message.charAt(i).charValue(), 6.5
9, 11604, -1.5, 1.0, -0.5, 5.0, 12, 9, message.charAt(i).charValue(), 7.5
9, 11605, -1.5, 1.0, 0.0, 0.0, 9, 0, charAt(), 0.5
9, 11606, -1.5, 1.0, 0.0, 0.5, 0, 0, message.charAt(i), 0.5
9, 11607, -1.5, 1.0, 0.0, 1.0, 0, 0, message.charAt(i), 1.5
9, 11608, -1.5, 1.0, 0.0, 1.5, 0, 0, message.charAt(i), 2.5
9, 11609, -1.5, 1.0, 0.0, 2.0, 12, 8, message.charAt(i).charValue(), 2.0
9, 11610, -1.5, 1.0, 0.0, 2.5, 12, 14, message.charAt(i).charValue(), 3.0
9, 11611, -1.5, 1.0, 0.0, 3.0, 12, 14, message.charAt(i).charValue(), 4.0
9, 11612, -1.5, 1.0, 0.0, 3.5, 12, 14, message.charAt(i).charValue(), 5.0
9, 11613, -1.5, 1.0, 0.0, 4.0, 12, 14, message.charAt(i).charValue(), 6.0
9, 11614, -1.5, 1.0, 0.0, 4.5, 12, 14, message.charAt(i).charValue(), 7.0
9, 11615, -1.5, 1.0, 0.0, 5.0, 12, 14, message.charAt(i).charValue(), 8.0
9, 11616, -1.0, 1.0, -5.0, 0.0, 0, 0, message.charAt(i), 1.0
9, 11617, -1.0, 1.0, -5.0, 0.5, 0, 0, message.charAt(i), 2.0
9, 11618, -1.0, 1.0, -5.0, 1.0, 0, 0, message.charAt(i), 3.0
9, 11619, -1.0, 1.0, -5.0, 1.5, 0, 0, message.charAt(i), 4.0
9, 11620, -1.0, 1.0, -5.0, 2.0, 0, 0, message.charAt(i), 5.0
9, 11621, -1.0, 1.0, -5.0, 2.5, 0, 0, message.charAt(i), 6.0
9, 11622, -1.0, 1.0, -5.0, 3.0, 0, 0, message.charAt(i), 7.0
9, 11623, -1.0, 1.0, -5.0, 3.5, 0, 1, message.charAt(i), 8.0
9, 11624, -1.0, 1.0, -5.0, 4.0, 0, 1, message.charAt(i), 9.0
9, 11625, -1.0, 1.0, -5.0, 4.5, 0, 1, message.charAt(i), 10.0
9, 11626, -1.0, 1.0, -5.0, 5.0, 0, 1, message.charAt(i), 11.0
9, 11627, -1.0, 1.0, -4.5, 0.0, 0, 0, message.charAt(i), 1.0
9, 11628, -1.0, 1.0, -4.5, 0.5, 0, 0, message.charAt(i), 2.0
9, 11629, -1.0, 1.0, -4.5, 1.0, 0, 0, message.charAt(i), 3.0
9, 11630, -1.0, 1.0, -4.5, 1.5, 0, 0, message.charAt(i), 4.0
9, 11631, -1.0, 1.0, -4.5, 2.0, 0, 0, message.charAt(i), 5.0
9, 11632, -1.0, 1.0, -4.5, 2.5, 0, 0, message.charAt(i), 6.0
9, 11633, -1.0, 1.0, -4.5, 3.0, 0, 1, message.charAt(i), 7.0
9, 11634, -1.0, 1.0, -4.5, 3.5, 0, 1, message.charAt(i), 8.0
9, 11635, -1.0, 1.0, -4.5, 4.0, 0, 1, message.charAt(i), 9.0
9, 11636, -1.0, 1.0, -4.5, 4.5, 0, 1, message.charAt(i), 10.0
9, 11637, -1.0, 1.0, -4.5, 5.0, 0, 1, message.charAt(i), 11.0
9, 11638, -1.0, 1.0, -4.0, 0.0, 0, 0, message.charAt(i), 1.0
9, 11639, -1.0, 1.0, -4.0, 0.5, 0, 0, message.charAt(i), 2.0
9, 11640, -1.0, 1.0, -4.0, 1.0, 0, 0, message.charAt(i), 3.0
9, 11641, -1.0, 1.0, -4.0, 1.5, 0, 0, message.charAt(i), 4.0
9, 11642, -1.0, 1.0, -4.0, 2.0, 0, 0, message.charAt(i), 5.0
9, 11643, -1.0, 1.0, -4.0, 2.5, 0, 0, message.charAt(i), 6.0
9, 11644, -1.0, 1.0, -4.0, 3.0, 0, 1, message.charAt(i), 7.0
9, 11645, -1.0, 1.0, -4.0, 3.5, 0, 1, message.charAt(i), 8.0
9, 11646, -1.0, 1.0, -4.0, 4.0, 0, 1, message.charAt(i), 9.0
9, 11647, -1.0, 1.0, -4.0, 4.5, 0, 1, message.charAt(i), 10.0
9, 11648, -1.0, 1.0, -4.0, 5.0, 0, 1, message.charAt(i), 11.0
9, 11649, -1.0, 1.0, -3.5, 0.0, 0, 0, message.charAt(i), 1.0
9, 11650, -1.0, 1.0, -3.5, 0.5, 0, 0, message.charAt(i), 2.0
9, 11651, -1.0, 1.0, -3.5, 1.0, 0, 0, message.charAt(i), 3.0
9, 11652, -1.0, 1.0, -3.5, 1.5, 0, 0, message.charAt(i), 4.0
9, 11653, -1.0, 1.0, -3.5, 2.0, 0, 0, message.charAt(i), 5.0
9, 11654, -1.0, 1.0, -3.5, 2.5, 0, 0, message.charAt(i), 6.0
9, 11655, -1.0, 1.0, -3.5, 3.0, 0, 1, message.charAt(i), 7.0
9, 11656, -1.0, 1.0, -3.5, 3.5, 0, 1, message.charAt(i), 8.0
9, 11657, -1.0, 1.0, -3.5, 4.0, 0, 1, message.charAt(i), 9.0
9, 11658, -1.0, 1.0, -3.5, 4.5, 0, 1, message.charAt(i), 10.0
9, 11659, -1.0, 1.0, -3.5, 5.0, 12, 5, message.charAt(i).charValue(), 6.5
9, 11660, -1.0, 1.0, -3.0, 0.0, 0, 0, message.charAt(i), 1.0
9, 11661, -1.0, 1.0, -3.0, 0.5, 0, 0, message.charAt(i), 2.0
9, 11662, -1.0, 1.0, -3.0, 1.0, 0, 0, message.charAt(i), 3.0
9, 11663, -1.0, 1.0, -3.0, 1.5, 0, 0, message.charAt(i), 4.0
9, 11664, -1.0, 1.0, -3.0, 2.0, 0, 0, message.charAt(i), 5.0
9, 11665, -1.0, 1.0, -3.0, 2.5, 0, 1, message.charAt(i), 6.0
9, 11666, -1.0, 1.0, -3.0, 3.0, 0, 1, message.charAt(i), 7.0
9, 11667, -1.0, 1.0, -3.0, 3.5, 0, 1, message.charAt(i), 8.0
9, 11668, -1.0, 1.0, -3.0, 4.0, 0, 1, message.charAt(i), 9.0
9, 11669, -1.0, 1.0, -3.0, 4.5, 12, 5, message.charAt(i).charValue(), 6.0
9, 11670, -1.0, 1.0, -3.0, 5.0, 12, 8, message.charAt(i).charValue(), 7.0
9, 11671, -1.0, 1.0, -2.5, 0.0, 0, 0, message.charAt(i), 1.0
9, 11672, -1.0, 1.0, -2.5, 0.5, 0, 0, message.charAt(i), 2.0
9, 11673, -1.0, 1.0, -2.5, 1.0, 0, 0, message.charAt(i), 3.0
9, 11674, -1.0, 1.0, -2.5, 1.5, 0, 0, message.charAt(i), 4.0
9, 11675, -1.0, 1.0, -2.5, 2.0, 0, 0, message.charAt(i), 5.0
9, 11676, -1.0, 1.0, -2.5, 2.5, 0, 1, message.charAt(i), 6.0
9, 11677, -1.0, 1.0, -2.5, 3.0, 0, 1, message.charAt(i), 7.0
9, 11678, -1.0, 1.0, -2.5, 3.5, 0, 1, message.charAt(i), 8.0
9, 11679, -1.0, 1.0, -2.5, 4.0, 12, 6, message.charAt(i).charValue(), 5.5
9, 11680, -1.0, 1.0, -2.5, 4.5, 12, 8, message.charAt(i).charValue(), 6.5
9, 11681, -1.0, 1.0, -2.5, 5.0, 12, 8, message.charAt(i).charValue(), 7.5
9, 11682, -1.0, 1.0, -2.0, 0.0, 0, 0, message.charAt(i), 1.0
9, 11683, -1.0, 1.0, -2.0, 0.5, 0, 0, message.charAt(i), 2.0
9, 11684, -1.0, 1.0, -2.0, 1.0, 0, 0, message.charAt(i), 3.0
9, 11685, -1.0, 1.0, -2.0, 1.5, 0, 0, message.charAt(i), 4.0
9, 11686, -1.0, 1.0, -2.0, 2.0, 0, 0, message.charAt(i), 5.0
9, 11687, -1.0, 1.0, -2.0, 2.5, 0, 1, message.charAt(i), 6.0
9, 11688, -1.0, 1.0, -2.0, 3.0, 0, 1, message.charAt(i), 7.0
9, 11689, -1.0, 1.0, -2.0, 3.5, 12, 6, message.charAt(i).charValue(), 5.0
9, 11690, -1.0, 1.0, -2.0, 4.0, 12, 8, message.charAt(i).charValue(), 6.0
9, 11691, -1.0, 1.0, -2.0, 4.5, 12, 8, message.charAt(i).charValue(), 7.0
9, 11692, -1.0, 1.0, -2.0, 5.0, 12, 8, message.charAt(i).charValue(), 8.0
9, 11693, -1.0, 1.0, -1.5, 0.0, 0, 0, message.charAt(i), 1.0
9, 11694, -1.0, 1.0, -1.5, 0.5, 0, 0, message.charAt(i), 2.0
9, 11695, -1.0, 1.0, -1.5, 1.0, 0, 0, message.charAt(i), 3.0
9, 11696, -1.0, 1.0, -1.5, 1.5, 0, 0, message.charAt(i), 4.0
9, 11697, -1.0, 1.0, -1.5, 2.0, 0, 1, message.charAt(i), 5.0
9, 11698, -1.0, 1.0, -1.5, 2.5, 0, 1, message.charAt(i), 6.0
9, 11699, -1.0, 1.0, -1.5, 3.0, 12, 6, message.charAt(i).charValue(), 4.5
9, 11700, -1.0, 1.0, -1.5, 3.5, 12, 8, message.charAt(i).charValue(), 5.5
9, 11701, -1.0, 1.0, -1.5, 4.0, 12, 8, message.charAt(i).charValue(), 6.5
9, 11702, -1.0, 1.0, -1.5, 4.5, 12, 9, message.charAt(i).charValue(), 7.5
9, 11703, -1.0, 1.0, -1.5, 5.0, 12, 9, message.charAt(i).charValue(), 8.5
9, 11704, -1.0, 1.0, -1.0, 0.0, 0, 0, message.charAt(i), 1.0
9, 11705, -1.0, 1.0, -1.0, 0.5, 0, 0, message.charAt(i), 2.0
9, 11706, -1.0, 1.0, -1.0, 1.0, 0, 0, message.charAt(i), 3.0
9, 11707, -1.0, 1.0, -1.0, 1.5, 0, 0, message.charAt(i), 4.0
9, 11708, -1.0, 1.0, -1.0, 2.0, 0, 1, message.charAt(i), 5.0
9, 11709, -1.0, 1.0, -1.0, 2.5, 12, 6, message.charAt(i).charValue(), 4.0
9, 11710, -1.0, 1.0, -1.0, 3.0, 12, 8, message.charAt(i).charValue(), 5.0
9, 11711, -1.0, 1.0, -1.0, 3.5, 12, 9, message.charAt(i).charValue(), 6.0
9, 11712, -1.0, 1.0, -1.0, 4.0, 12, 9, message.charAt(i).charValue(), 7.0
9, 11713, -1.0, 1.0, -1.0, 4.5, 12, 9, message.charAt(i).charValue(), 8.0
9, 11714, -1.0, 1.0, -1.0, 5.0, 12, 9, message.charAt(i).charValue(), 9.0
9, 11715, -1.0, 1.0, -0.5, 0.0, 0, 0, message.charAt(i), 1.0
9, 11716, -1.0, 1.0, -0.5, 0.5, 0, 0, message.charAt(i), 2.0
9, 11717, -1.0, 1.0, -0.5, 1.0, 0, 0, message.charAt(i), 3.0
9, 11718, -1.0, 1.0, -0.5, 1.5, 0, 0, message.charAt(i), 4.0
9, 11719, -1.0, 1.0, -0.5, 2.0, 12, 6, message.charAt(i).charValue(), 3.5
9, 11720, -1.0, 1.0, -0.5, 2.5, 12, 8, message.charAt(i).charValue(), 4.5
9, 11721, -1.0, 1.0, -0.5, 3.0, 12, 9, message.charAt(i).charValue(), 5.5
9, 11722, -1.0, 1.0, -0.5, 3.5, 12, 9, message.charAt(i).charValue(), 6.5
9, 11723, -1.0, 1.0, -0.5, 4.0, 12, 9, message.charAt(i).charValue(), 7.5
9, 11724, -1.0, 1.0, -0.5, 4.5, 12, 9, message.charAt(i).charValue(), 8.5
9, 11725, -1.0, 1.0, -0.5, 5.0, 12, 9, message.charAt(i).charValue(), 9.5
9, 11726, -1.0, 1.0, 0.0, 0.0, 13, 11, charValue(), 0.0
9, 11727, -1.0, 1.0, 0.0, 0.5, 0, 0, message.charAt(i), 2.0
9, 11728, -1.0, 1.0, 0.0, 1.0, 0, 0, message.charAt(i), 3.0
9, 11729, -1.0, 1.0, 0.0, 1.5, 12, 9, message.charAt(i).charValue(), 3.0
9, 11730, -1.0, 1.0, 0.0, 2.0, 12, 14, message.charAt(i).charValue(), 4.0
9, 11731, -1.0, 1.0, 0.0, 2.5, 12, 14, message.charAt(i).charValue(), 5.0
9, 11732, -1.0, 1.0, 0.0, 3.0, 12, 14, message.charAt(i).charValue(), 6.0
9, 11733, -1.0, 1.0, 0.0, 3.5, 12, 14, message.charAt(i).charValue(), 7.0
9, 11734, -1.0, 1.0, 0.0, 4.0, 12, 14, message.charAt(i).charValue(), 8.0
9, 11735, -1.0, 1.0, 0.0, 4.5, 12, 14, message.charAt(i).charValue(), 9.0
9, 11736, -1.0, 1.0, 0.0, 5.0, 12, 14, message.charAt(i).charValue(), 10.0
9, 11737, -0.5, 1.0, -5.0, 0.0, 0, 0, message.charAt(i), 2.5
9, 11738, -0.5, 1.0, -5.0, 0.5, 0, 0, message.charAt(i), 3.5
9, 11739, -0.5, 1.0, -5.0, 1.0, 0, 0, message.charAt(i), 4.5
9, 11740, -0.5, 1.0, -5.0, 1.5, 0, 0, message.charAt(i), 5.5
9, 11741, -0.5, 1.0, -5.0, 2.0, 0, 0, message.charAt(i), 6.5
9, 11742, -0.5, 1.0, -5.0, 2.5, 0, 1, message.charAt(i), 7.5
9, 11743, -0.5, 1.0, -5.0, 3.0, 0, 1, message.charAt(i), 8.5
9, 11744, -0.5, 1.0, -5.0, 3.5, 0, 1, message.charAt(i), 9.5
9, 11745, -0.5, 1.0, -5.0, 4.0, 0, 1, message.charAt(i), 10.5
9, 11746, -0.5, 1.0, -5.0, 4.5, 0, 1, message.charAt(i), 11.5
9, 11747, -0.5, 1.0, -5.0, 5.0, 0, 1, message.charAt(i), 12.5
9, 11748, -0.5, 1.0, -4.5, 0.0, 0, 0, message.charAt(i), 2.5
9, 11749, -0.5, 1.0, -4.5, 0.5, 0, 0, message.charAt(i), 3.5
9, 11750, -0.5, 1.0, -4.5, 1.0, 0, 0, message.charAt(i), 4.5
9, 11751, -0.5, 1.0, -4.5, 1.5, 0, 0, message.charAt(i), 5.5
9, 11752, -0.5, 1.0, -4.5, 2.0, 0, 0, message.charAt(i), 6.5
9, 11753, -0.5, 1.0, -4.5, 2.5, 0, 1, message.charAt(i), 7.5
9, 11754, -0.5, 1.0, -4.5, 3.0, 0, 1, message.charAt(i), 8.5
9, 11755, -0.5, 1.0, -4.5, 3.5, 0, 1, message.charAt(i), 9.5
9, 11756, -0.5, 1.0, -4.5, 4.0, 0, 1, message.charAt(i), 10.5
9, 11757, -0.5, 1.0, -4.5, 4.5, 0, 1, message.charAt(i), 11.5
9, 11758, -0.5, 1.0, -4.5, 5.0, 12, 5, message.charAt(i).charValue(), 7.5
9, 11759, -0.5, 1.0, -4.0, 0.0, 0, 0, message.charAt(i), 2.5
9, 11760, -0.5, 1.0, -4.0, 0.5, 0, 0, message.charAt(i), 3.5
9, 11761, -0.5, 1.0, -4.0, 1.0, 0, 0, message.charAt(i), 4.5
9, 11762, -0.5, 1.0, -4.0, 1.5, 0, 0, message.charAt(i), 5.5
9, 11763, -0.5, 1.0, -4.0, 2.0, 0, 0, message.charAt(i), 6.5
9, 11764, -0.5, 1.0, -4.0, 2.5, 0, 1, message.charAt(i), 7.5
9, 11765, -0.5, 1.0, -4.0, 3.0, 0, 1, message.charAt(i), 8.5
9, 11766, -0.5, 1.0, -4.0, 3.5, 0, 1, message.charAt(i), 9.5
9, 11767, -0.5, 1.0, -4.0, 4.0, 0, 1, message.charAt(i), 10.5
9, 11768, -0.5, 1.0, -4.0, 4.5, 12, 5, message.charAt(i).charValue(), 7.0
9, 11769, -0.5, 1.0, -4.0, 5.0, 12, 5, message.charAt(i).charValue(), 8.0
9, 11770, -0.5, 1.0, -3.5, 0.0, 0, 0, message.charAt(i), 2.5
9, 11771, -0.5, 1.0, -3.5, 0.5, 0, 0, message.charAt(i), 3.5
9, 11772, -0.5, 1.0, -3.5, 1.0, 0, 0, message.charAt(i), 4.5
9, 11773, -0.5, 1.0, -3.5, 1.5, 0, 0, message.charAt(i), 5.5
9, 11774, -0.5, 1.0, -3.5, 2.0, 0, 1, message.charAt(i), 6.5
9, 11775, -0.5, 1.0, -3.5, 2.5, 0, 1, message.charAt(i), 7.5
9, 11776, -0.5, 1.0, -3.5, 3.0, 0, 1, message.charAt(i), 8.5
9, 11777, -0.5, 1.0, -3.5, 3.5, 0, 1, message.charAt(i), 9.5
9, 11778, -0.5, 1.0, -3.5, 4.0, 12, 5, message.charAt(i).charValue(), 6.5
9, 11779, -0.5, 1.0, -3.5, 4.5, 12, 8, message.charAt(i).charValue(), 7.5
9, 11780, -0.5, 1.0, -3.5, 5.0, 12, 8, message.charAt(i).charValue(), 8.5
9, 11781, -0.5, 1.0, -3.0, 0.0, 0, 0, message.charAt(i), 2.5
9, 11782, -0.5, 1.0, -3.0, 0.5, 0, 0, message.charAt(i), 3.5
9, 11783, -0.5, 1.0, -3.0, 1.0, 0, 0, message.charAt(i), 4.5
9, 11784, -0.5, 1.0, -3.0, 1.5, 0, 0, message.charAt(i), 5.5
9, 11785, -0.5, 1.0, -3.0, 2.0, 0, 1, message.charAt(i), 6.5
9, 11786, -0.5, 1.0, -3.0, 2.5, 0, 1, message.charAt(i), 7.5
9, 11787, -0.5, 1.0, -3.0, 3.0, 0, 1, message.charAt(i), 8.5
9, 11788, -0.5, 1.0, -3.0, 3.5, 12, 5, message.charAt(i).charValue(), 6.0
9, 11789, -0.5, 1.0, -3.0, 4.0, 12, 8, message.charAt(i).charValue(), 7.0
9, 11790, -0.5, 1.0, -3.0, 4.5, 12, 8, message.charAt(i).charValue(), 8.0
9, 11791, -0.5, 1.0, -3.0, 5.0, 12, 8, message.charAt(i).charValue(), 9.0
9, 11792, -0.5, 1.0, -2.5, 0.0, 0, 0, message.charAt(i), 2.5
9, 11793, -0.5, 1.0, -2.5, 0.5, 0, 0, message.charAt(i), 3.5
9, 11794, -0.5, 1.0, -2.5, 1.0, 0, 0, message.charAt(i), 4.5
9, 11795, -0.5, 1.0, -2.5, 1.5, 0, 0, message.charAt(i), 5.5
9, 11796, -0.5, 1.0, -2.5, 2.0, 0, 1, message.charAt(i), 6.5
9, 11797, -0.5, 1.0, -2.5, 2.5, 0, 1, message.charAt(i), 7.5
9, 11798, -0.5, 1.0, -2.5, 3.0, 12, 5, message.charAt(i).charValue(), 5.5
9, 11799, -0.5, 1.0, -2.5, 3.5, 12, 8, message.charAt(i).charValue(), 6.5
9, 11800, -0.5, 1.0, -2.5, 4.0, 12, 8, message.charAt(i).charValue(), 7.5
9, 11801, -0.5, 1.0, -2.5, 4.5, 12, 8, message.charAt(i).charValue(), 8.5
9, 11802, -0.5, 1.0, -2.5, 5.0, 12, 8, message.charAt(i).charValue(), 9.5
9, 11803, -0.5, 1.0, -2.0, 0.0, 0, 0, message.charAt(i), 2.5
9, 11804, -0.5, 1.0, -2.0, 0.5, 0, 0, message.charAt(i), 3.5
9, 11805, -0.5, 1.0, -2.0, 1.0, 0, 0, message.charAt(i), 4.5
9, 11806, -0.5, 1.0, -2.0, 1.5, 0, 1, message.charAt(i), 5.5
9, 11807, -0.5, 1.0, -2.0, 2.0, 0, 1, message.charAt(i), 6.5
9, 11808, -0.5, 1.0, -2.0, 2.5, 12, 5, message.charAt(i).charValue(), 5.0
9, 11809, -0.5, 1.0, -2.0, 3.0, 12, 8, message.charAt(i).charValue(), 6.0
9, 11810, -0.5, 1.0, -2.0, 3.5, 12, 8, message.charAt(i).charValue(), 7.0
9, 11811, -0.5, 1.0, -2.0, 4.0, 12, 8, message.charAt(i).charValue(), 8.0
9, 11812, -0.5, 1.0, -2.0, 4.5, 12, 9, message.charAt(i).charValue(), 9.0
9, 11813, -0.5, 1.0, -2.0, 5.0, 12, 9, message.charAt(i).charValue(), 10.0
9, 11814, -0.5, 1.0, -1.5, 0.0, 0, 0, message.charAt(i), 2.5
9, 11815, -0.5, 1.0, -1.5, 0.5, 0, 0, message.charAt(i), 3.5
9, 11816, -0.5, 1.0, -1.5, 1.0, 0, 0, message.charAt(i), 4.5
9, 11817, -0.5, 1.0, -1.5, 1.5, 0, 1, message.charAt(i), 5.5
9, 11818, -0.5, 1.0, -1.5, 2.0, 12, 5, message.charAt(i).charValue(), 4.5
9, 11819, -0.5, 1.0, -1.5, 2.5, 12, 8, message.charAt(i).charValue(), 5.5
9, 11820, -0.5, 1.0, -1.5, 3.0, 12, 8, message.charAt(i).charValue(), 6.5
9, 11821, -0.5, 1.0, -1.5, 3.5, 12, 9, message.charAt(i).charValue(), 7.5
9, 11822, -0.5, 1.0, -1.5, 4.0, 12, 9, message.charAt(i).charValue(), 8.5
9, 11823, -0.5, 1.0, -1.5, 4.5, 12, 9, message.charAt(i).charValue(), 9.5
9, 11824, -0.5, 1.0, -1.5, 5.0, 12, 9, message.charAt(i).charValue(), 10.5
9, 11825, -0.5, 1.0, -1.0, 0.0, 0, 0, message.charAt(i), 2.5
9, 11826, -0.5, 1.0, -1.0, 0.5, 0, 0, message.charAt(i), 3.5
9, 11827, -0.5, 1.0, -1.0, 1.0, 0, 0, message.charAt(i), 4.5
9, 11828, -0.5, 1.0, -1.0, 1.5, 12, 5, message.charAt(i).charValue(), 4.0
9, 11829, -0.5, 1.0, -1.0, 2.0, 12, 8, message.charAt(i).charValue(), 5.0
9, 11830, -0.5, 1.0, -1.0, 2.5, 12, 8, message.charAt(i).charValue(), 6.0
9, 11831, -0.5, 1.0, -1.0, 3.0, 12, 9, message.charAt(i).charValue(), 7.0
9, 11832, -0.5, 1.0, -1.0, 3.5, 12, 9, message.charAt(i).charValue(), 8.0
9, 11833, -0.5, 1.0, -1.0, 4.0, 12, 9, message.charAt(i).charValue(), 9.0
9, 11834, -0.5, 1.0, -1.0, 4.5, 12, 9, message.charAt(i).charValue(), 10.0
9, 11835, -0.5, 1.0, -1.0, 5.0, 12, 9, message.charAt(i).charValue(), 11.0
9, 11836, -0.5, 1.0, -0.5, 0.0, 0, 0, message.charAt(i), 2.5
9, 11837, -0.5, 1.0, -0.5, 0.5, 0, 0, message.charAt(i), 3.5
9, 11838, -0.5, 1.0, -0.5, 1.0, 12, 3, message.charAt(i).charValue(), 3.5
9, 11839, -0.5, 1.0, -0.5, 1.5, 12, 8, message.charAt(i).charValue(), 4.5
9, 11840, -0.5, 1.0, -0.5, 2.0, 12, 9, message.charAt(i).charValue(), 5.5
9, 11841, -0.5, 1.0, -0.5, 2.5, 12, 9, message.charAt(i).charValue(), 6.5
9, 11842, -0.5, 1.0, -0.5, 3.0, 12, 9, message.charAt(i).charValue(), 7.5
9, 11843, -0.5, 1.0, -0.5, 3.5, 12, 9, message.charAt(i).charValue(), 8.5
9, 11844, -0.5, 1.0, -0.5, 4.0, 12, 9, message.charAt(i).charValue(), 9.5
9, 11845, -0.5, 1.0, -0.5, 4.5, 12, 9, message.charAt(i).charValue(), 10.5
9, 11846, -0.5, 1.0, -0.5, 5.0, 12, 9, message.charAt(i).charValue(), 11.5
9, 11847, -0.5, 1.0, 0.0, 0.0, 16, 1, Character.MIN_VALUE, 0.5
9, 11848, -0.5, 1.0, 0.0, 0.5, 12, 6, message.charAt(i).charValue(), 3.0
9, 11849, -0.5, 1.0, 0.0, 1.0, 12, 14, message.charAt(i).charValue(), 4.0
9, 11850, -0.5, 1.0, 0.0, 1.5, 12, 14, message.charAt(i).charValue(), 5.0
9, 11851, -0.5, 1.0, 0.0, 2.0, 12, 14, message.charAt(i).charValue(), 6.0
9, 11852, -0.5, 1.0, 0.0, 2.5, 12, 14, message.charAt(i).charValue(), 7.0
9, 11853, -0.5, 1.0, 0.0, 3.0, 12, 14, message.charAt(i).charValue(), 8.0
9, 11854, -0.5, 1.0, 0.0, 3.5, 12, 14, message.charAt(i).charValue(), 9.0
9, 11855, -0.5, 1.0, 0.0, 4.0, 12, 14, message.charAt(i).charValue(), 10.0
9, 11856, -0.5, 1.0, 0.0, 4.5, 12, 14, message.charAt(i).charValue(), 11.0
9, 11857, -0.5, 1.0, 0.0, 5.0, 12, 14, message.charAt(i).charValue(), 12.0
9, 11858, 0.0, 1.0, -5.0, 0.0, 0, 0, message.charAt(i), 4.0
9, 11859, 0.0, 1.0, -5.0, 0.5, 0, 0, message.charAt(i), 5.0
9, 11860, 0.0, 1.0, -5.0, 1.0, 0, 0, message.charAt(i), 6.0
9, 11861, 0.0, 1.0, -5.0, 1.5, 0, 0, message.charAt(i), 7.0
9, 11862, 0.0, 1.0, -5.0, 2.0, 0, 1, message.charAt(i), 8.0
9, 11863, 0.0, 1.0, -5.0, 2.5, 0, 1, message.charAt(i), 9.0
9, 11864, 0.0, 1.0, -5.0, 3.0, 0, 1, message.charAt(i), 10.0
9, 11865, 0.0, 1.0, -5.0, 3.5, 0, 1, message.charAt(i), 11.0
9, 11866, 0.0, 1.0, -5.0, 4.0, 0, 1, message.charAt(i), 12.0
9, 11867, 0.0, 1.0, -5.0, 4.5, 12, 5, message.charAt(i).charValue(), 8.0
9, 11868, 0.0, 1.0, -5.0, 5.0, 12, 5, message.charAt(i).charValue(), 9.0
9, 11869, 0.0, 1.0, -4.5, 0.0, 0, 0, message.charAt(i), 4.0
9, 11870, 0.0, 1.0, -4.5, 0.5, 0, 0, message.charAt(i), 5.0
9, 11871, 0.0, 1.0, -4.5, 1.0, 0, 0, message.charAt(i), 6.0
9, 11872, 0.0, 1.0, -4.5, 1.5, 0, 0, message.charAt(i), 7.0
9, 11873, 0.0, 1.0, -4.5, 2.0, 0, 1, message.charAt(i), 8.0
9, 11874, 0.0, 1.0, -4.5, 2.5, 0, 1, message.charAt(i), 9.0
9, 11875, 0.0, 1.0, -4.5, 3.0, 0, 1, message.charAt(i), 10.0
9, 11876, 0.0, 1.0, -4.5, 3.5, 0, 1, message.charAt(i), 11.0
9, 11877, 0.0, 1.0, -4.5, 4.0, 12, 5, message.charAt(i).charValue(), 7.5
9, 11878, 0.0, 1.0, -4.5, 4.5, 12, 5, message.charAt(i).charValue(), 8.5
9, 11879, 0.0, 1.0, -4.5, 5.0, 12, 8, message.charAt(i).charValue(), 9.5
9, 11880, 0.0, 1.0, -4.0, 0.0, 0, 0, message.charAt(i), 4.0
9, 11881, 0.0, 1.0, -4.0, 0.5, 0, 0, message.charAt(i), 5.0
9, 11882, 0.0, 1.0, -4.0, 1.0, 0, 0, message.charAt(i), 6.0
9, 11883, 0.0, 1.0, -4.0, 1.5, 0, 1, message.charAt(i), 7.0
9, 11884, 0.0, 1.0, -4.0, 2.0, 0, 1, message.charAt(i), 8.0
9, 11885, 0.0, 1.0, -4.0, 2.5, 0, 1, message.charAt(i), 9.0
9, 11886, 0.0, 1.0, -4.0, 3.0, 0, 1, message.charAt(i), 10.0
9, 11887, 0.0, 1.0, -4.0, 3.5, 12, 5, message.charAt(i).charValue(), 7.0
9, 11888, 0.0, 1.0, -4.0, 4.0, 12, 5, message.charAt(i).charValue(), 8.0
9, 11889, 0.0, 1.0, -4.0, 4.5, 12, 8, message.charAt(i).charValue(), 9.0
9, 11890, 0.0, 1.0, -4.0, 5.0, 12, 8, message.charAt(i).charValue(), 10.0
9, 11891, 0.0, 1.0, -3.5, 0.0, 0, 0, message.charAt(i), 4.0
9, 11892, 0.0, 1.0, -3.5, 0.5, 0, 0, message.charAt(i), 5.0
9, 11893, 0.0, 1.0, -3.5, 1.0, 0, 0, message.charAt(i), 6.0
9, 11894, 0.0, 1.0, -3.5, 1.5, 0, 1, message.charAt(i), 7.0
9, 11895, 0.0, 1.0, -3.5, 2.0, 0, 1, message.charAt(i), 8.0
9, 11896, 0.0, 1.0, -3.5, 2.5, 0, 1, message.charAt(i), 9.0
9, 11897, 0.0, 1.0, -3.5, 3.0, 12, 5, message.charAt(i).charValue(), 6.5
9, 11898, 0.0, 1.0, -3.5, 3.5, 12, 6, message.charAt(i).charValue(), 7.5
9, 11899, 0.0, 1.0, -3.5, 4.0, 12, 8, message.charAt(i).charValue(), 8.5
9, 11900, 0.0, 1.0, -3.5, 4.5, 12, 8, message.charAt(i).charValue(), 9.5
9, 11901, 0.0, 1.0, -3.5, 5.0, 12, 8, message.charAt(i).charValue(), 10.5
9, 11902, 0.0, 1.0, -3.0, 0.0, 0, 0, message.charAt(i), 4.0
9, 11903, 0.0, 1.0, -3.0, 0.5, 0, 0, message.charAt(i), 5.0
9, 11904, 0.0, 1.0, -3.0, 1.0, 0, 0, message.charAt(i), 6.0
9, 11905, 0.0, 1.0, -3.0, 1.5, 0, 1, message.charAt(i), 7.0
9, 11906, 0.0, 1.0, -3.0, 2.0, 0, 1, message.charAt(i), 8.0
9, 11907, 0.0, 1.0, -3.0, 2.5, 12, 5, message.charAt(i).charValue(), 6.0
9, 11908, 0.0, 1.0, -3.0, 3.0, 12, 6, message.charAt(i).charValue(), 7.0
9, 11909, 0.0, 1.0, -3.0, 3.5, 12, 8, message.charAt(i).charValue(), 8.0
9, 11910, 0.0, 1.0, -3.0, 4.0, 12, 8, message.charAt(i).charValue(), 9.0
9, 11911, 0.0, 1.0, -3.0, 4.5, 12, 8, message.charAt(i).charValue(), 10.0
9, 11912, 0.0, 1.0, -3.0, 5.0, 12, 8, message.charAt(i).charValue(), 11.0
9, 11913, 0.0, 1.0, -2.5, 0.0, 0, 0, message.charAt(i), 4.0
9, 11914, 0.0, 1.0, -2.5, 0.5, 0, 0, message.charAt(i), 5.0
9, 11915, 0.0, 1.0, -2.5, 1.0, 0, 1, message.charAt(i), 6.0
9, 11916, 0.0, 1.0, -2.5, 1.5, 0, 1, message.charAt(i), 7.0
9, 11917, 0.0, 1.0, -2.5, 2.0, 12, 5, message.charAt(i).charValue(), 5.5
9, 11918, 0.0, 1.0, -2.5, 2.5, 12, 6, message.charAt(i).charValue(), 6.5
9, 11919, 0.0, 1.0, -2.5, 3.0, 12, 8, message.charAt(i).charValue(), 7.5
9, 11920, 0.0, 1.0, -2.5, 3.5, 12, 8, message.charAt(i).charValue(), 8.5
9, 11921, 0.0, 1.0, -2.5, 4.0, 12, 8, message.charAt(i).charValue(), 9.5
9, 11922, 0.0, 1.0, -2.5, 4.5, 12, 9, message.charAt(i).charValue(), 10.5
9, 11923, 0.0, 1.0, -2.5, 5.0, 12, 9, message.charAt(i).charValue(), 11.5
9, 11924, 0.0, 1.0, -2.0, 0.0, 0, 0, message.charAt(i), 4.0
9, 11925, 0.0, 1.0, -2.0, 0.5, 0, 0, message.charAt(i), 5.0
9, 11926, 0.0, 1.0, -2.0, 1.0, 0, 1, message.charAt(i), 6.0
9, 11927, 0.0, 1.0, -2.0, 1.5, 12, 5, message.charAt(i).charValue(), 5.0
9, 11928, 0.0, 1.0, -2.0, 2.0, 12, 6, message.charAt(i).charValue(), 6.0
9, 11929, 0.0, 1.0, -2.0, 2.5, 12, 8, message.charAt(i).charValue(), 7.0
9, 11930, 0.0, 1.0, -2.0, 3.0, 12, 8, message.charAt(i).charValue(), 8.0
9, 11931, 0.0, 1.0, -2.0, 3.5, 12, 8, message.charAt(i).charValue(), 9.0
9, 11932, 0.0, 1.0, -2.0, 4.0, 12, 9, message.charAt(i).charValue(), 10.0
9, 11933, 0.0, 1.0, -2.0, 4.5, 12, 9, message.charAt(i).charValue(), 11.0
9, 11934, 0.0, 1.0, -2.0, 5.0, 12, 9, message.charAt(i).charValue(), 12.0
9, 11935, 0.0, 1.0, -1.5, 0.0, 0, 0, message.charAt(i), 4.0
9, 11936, 0.0, 1.0, -1.5, 0.5, 0, 0, message.charAt(i), 5.0
9, 11937, 0.0, 1.0, -1.5, 1.0, 12, 5, message.charAt(i).charValue(), 4.5
9, 11938, 0.0, 1.0, -1.5, 1.5, 12, 6, message.charAt(i).charValue(), 5.5
9, 11939, 0.0, 1.0, -1.5, 2.0, 12, 8, message.charAt(i).charValue(), 6.5
9, 11940, 0.0, 1.0, -1.5, 2.5, 12, 8, message.charAt(i).charValue(), 7.5
9, 11941, 0.0, 1.0, -1.5, 3.0, 12, 9, message.charAt(i).charValue(), 8.5
9, 11942, 0.0, 1.0, -1.5, 3.5, 12, 9, message.charAt(i).charValue(), 9.5
9, 11943, 0.0, 1.0, -1.5, 4.0, 12, 9, message.charAt(i).charValue(), 10.5
9, 11944, 0.0, 1.0, -1.5, 4.5, 12, 9, message.charAt(i).charValue(), 11.5
9, 11945, 0.0, 1.0, -1.5, 5.0, 12, 9, message.charAt(i).charValue(), 12.5
9, 11946, 0.0, 1.0, -1.0, 0.0, 0, 0, message.charAt(i), 4.0
9, 11947, 0.0, 1.0, -1.0, 0.5, 12, 2, message.charAt(i).charValue(), 4.0
9, 11948, 0.0, 1.0, -1.0, 1.0, 12, 6, message.charAt(i).charValue(), 5.0
9, 11949, 0.0, 1.0, -1.0, 1.5, 12, 8, message.charAt(i).charValue(), 6.0
9, 11950, 0.0, 1.0, -1.0, 2.0, 12, 9, message.charAt(i).charValue(), 7.0
9, 11951, 0.0, 1.0, -1.0, 2.5, 12, 9, message.charAt(i).charValue(), 8.0
9, 11952, 0.0, 1.0, -1.0, 3.0, 12, 9, message.charAt(i).charValue(), 9.0
9, 11953, 0.0, 1.0, -1.0, 3.5, 12, 9, message.charAt(i).charValue(), 10.0
9, 11954, 0.0, 1.0, -1.0, 4.0, 12, 9, message.charAt(i).charValue(), 11.0
9, 11955, 0.0, 1.0, -1.0, 4.5, 12, 9, message.charAt(i).charValue(), 12.0
9, 11956, 0.0, 1.0, -1.0, 5.0, 12, 9, message.charAt(i).charValue(), 13.0
9, 11957, 0.0, 1.0, -0.5, 0.0, 12, 0, message.charAt(i).charValue(), 3.5
9, 11958, 0.0, 1.0, -0.5, 0.5, 12, 6, message.charAt(i).charValue(), 4.5
9, 11959, 0.0, 1.0, -0.5, 1.0, 12, 9, message.charAt(i).charValue(), 5.5
9, 11960, 0.0, 1.0, -0.5, 1.5, 12, 9, message.charAt(i).charValue(), 6.5
9, 11961, 0.0, 1.0, -0.5, 2.0, 12, 9, message.charAt(i).charValue(), 7.5
9, 11962, 0.0, 1.0, -0.5, 2.5, 12, 9, message.charAt(i).charValue(), 8.5
9, 11963, 0.0, 1.0, -0.5, 3.0, 12, 9, message.charAt(i).charValue(), 9.5
9, 11964, 0.0, 1.0, -0.5, 3.5, 12, 9, message.charAt(i).charValue(), 10.5
9, 11965, 0.0, 1.0, -0.5, 4.0, 12, 9, message.charAt(i).charValue(), 11.5
9, 11966, 0.0, 1.0, -0.5, 4.5, 12, 9, message.charAt(i).charValue(), 12.5
9, 11967, 0.0, 1.0, -0.5, 5.0, 12, 9, message.charAt(i).charValue(), 13.5
9, 11968, 0.0, 1.0, 0.0, 0.0, 16, 0, Character.MIN_VALUE, 1.0
9, 11969, 0.0, 1.0, 0.0, 0.5, 12, 14, message.charAt(i).charValue(), 5.0
9, 11970, 0.0, 1.0, 0.0, 1.0, 12, 14, message.charAt(i).charValue(), 6.0
9, 11971, 0.0, 1.0, 0.0, 1.5, 12, 14, message.charAt(i).charValue(), 7.0
9, 11972, 0.0, 1.0, 0.0, 2.0, 12, 14, message.charAt(i).charValue(), 8.0
9, 11973, 0.0, 1.0, 0.0, 2.5, 12, 14, message.charAt(i).charValue(), 9.0
9, 11974, 0.0, 1.0, 0.0, 3.0, 12, 14, message.charAt(i).charValue(), 10.0
9, 11975, 0.0, 1.0, 0.0, 3.5, 12, 14, message.charAt(i).charValue(), 11.0
9, 11976, 0.0, 1.0, 0.0, 4.0, 12, 14, message.charAt(i).charValue(), 12.0
9, 11977, 0.0, 1.0, 0.0, 4.5, 12, 14, message.charAt(i).charValue(), 13.0
9, 11978, 0.0, 1.0, 0.0, 5.0, 12, 14, message.charAt(i).charValue(), 14.0
