8, 1512, -1.5, 1.0, -1.5, 0.5, 11, Long.decode(nextToken())
8, 1513, -1.5, 1.0, -1.5, 0.7, 9, Byte.decode(st.nextToken())
8, 1514, -1.5, 1.0, -1.5, 0.8999999999999999, 9, Byte.decode(st.nextToken())
8, 1515, -1.5, 1.0, -1.5, 1.0999999999999999, 0, tokens.add(st.nextToken())
8, 1516, -1.5, 1.0, -1.5, 1.2999999999999998, 0, tokens.add(st.nextToken())
8, 1517, -1.5, 1.0, -1.5, 1.4999999999999998, 0, tokens.add(st.nextToken())
8, 1518, -1.5, 1.0, -1.3, 0.5, 11, Long.decode(nextToken())
8, 1519, -1.5, 1.0, -1.3, 0.7, 9, Byte.decode(st.nextToken())
8, 1520, -1.5, 1.0, -1.3, 0.8999999999999999, 9, Byte.decode(st.nextToken())
8, 1521, -1.5, 1.0, -1.3, 1.0999999999999999, 0, tokens.add(st.nextToken())
8, 1522, -1.5, 1.0, -1.3, 1.2999999999999998, 0, tokens.add(st.nextToken())
8, 1523, -1.5, 1.0, -1.3, 1.4999999999999998, 0, tokens.add(st.nextToken())
8, 1524, -1.5, 1.0, -1.1, 0.5, 11, Long.decode(nextToken())
8, 1525, -1.5, 1.0, -1.1, 0.7, 9, Byte.decode(st.nextToken())
8, 1526, -1.5, 1.0, -1.1, 0.8999999999999999, 9, Byte.decode(st.nextToken())
8, 1527, -1.5, 1.0, -1.1, 1.0999999999999999, 0, tokens.add(st.nextToken())
8, 1528, -1.5, 1.0, -1.1, 1.2999999999999998, 0, tokens.add(st.nextToken())
8, 1529, -1.5, 1.0, -1.1, 1.4999999999999998, 0, tokens.add(st.nextToken())
8, 1530, -1.5, 1.0, -0.9000000000000001, 0.5, 11, Long.decode(nextToken())
8, 1531, -1.5, 1.0, -0.9000000000000001, 0.7, 9, Byte.decode(st.nextToken())
8, 1532, -1.5, 1.0, -0.9000000000000001, 0.8999999999999999, 9, Byte.decode(st.nextToken())
8, 1533, -1.5, 1.0, -0.9000000000000001, 1.0999999999999999, 0, tokens.add(st.nextToken())
8, 1534, -1.5, 1.0, -0.9000000000000001, 1.2999999999999998, 0, tokens.add(st.nextToken())
8, 1535, -1.5, 1.0, -0.9000000000000001, 1.4999999999999998, 0, tokens.add(st.nextToken())
8, 1536, -1.5, 1.0, -0.7000000000000002, 0.5, 11, Long.decode(nextToken())
8, 1537, -1.5, 1.0, -0.7000000000000002, 0.7, 9, Byte.decode(st.nextToken())
8, 1538, -1.5, 1.0, -0.7000000000000002, 0.8999999999999999, 9, Byte.decode(st.nextToken())
8, 1539, -1.5, 1.0, -0.7000000000000002, 1.0999999999999999, 0, tokens.add(st.nextToken())
8, 1540, -1.5, 1.0, -0.7000000000000002, 1.2999999999999998, 0, tokens.add(st.nextToken())
8, 1541, -1.5, 1.0, -0.7000000000000002, 1.4999999999999998, 0, tokens.add(st.nextToken())
8, 1542, -1.5, 1.0, -0.5000000000000002, 0.5, 11, Long.decode(nextToken())
8, 1543, -1.5, 1.0, -0.5000000000000002, 0.7, 9, Byte.decode(st.nextToken())
8, 1544, -1.5, 1.0, -0.5000000000000002, 0.8999999999999999, 9, Byte.decode(st.nextToken())
8, 1545, -1.5, 1.0, -0.5000000000000002, 1.0999999999999999, 0, tokens.add(st.nextToken())
8, 1546, -1.5, 1.0, -0.5000000000000002, 1.2999999999999998, 0, tokens.add(st.nextToken())
8, 1547, -1.5, 1.0, -0.5000000000000002, 1.4999999999999998, 0, tokens.add(st.nextToken())
8, 1548, -1.3, 1.0, -1.5, 0.5, 9, Byte.decode(st.nextToken())
8, 1549, -1.3, 1.0, -1.5, 0.7, 0, tokens.add(st.nextToken())
8, 1550, -1.3, 1.0, -1.5, 0.8999999999999999, 0, tokens.add(st.nextToken())
8, 1551, -1.3, 1.0, -1.5, 1.0999999999999999, 0, tokens.add(st.nextToken())
8, 1552, -1.3, 1.0, -1.5, 1.2999999999999998, 0, tokens.add(st.nextToken())
8, 1553, -1.3, 1.0, -1.5, 1.4999999999999998, 0, tokens.add(st.nextToken())
8, 1554, -1.3, 1.0, -1.3, 0.5, 9, Byte.decode(st.nextToken())
8, 1555, -1.3, 1.0, -1.3, 0.7, 0, tokens.add(st.nextToken())
8, 1556, -1.3, 1.0, -1.3, 0.8999999999999999, 0, tokens.add(st.nextToken())
8, 1557, -1.3, 1.0, -1.3, 1.0999999999999999, 0, tokens.add(st.nextToken())
8, 1558, -1.3, 1.0, -1.3, 1.2999999999999998, 0, tokens.add(st.nextToken())
8, 1559, -1.3, 1.0, -1.3, 1.4999999999999998, 0, tokens.add(st.nextToken())
8, 1560, -1.3, 1.0, -1.1, 0.5, 9, Byte.decode(st.nextToken())
8, 1561, -1.3, 1.0, -1.1, 0.7, 0, tokens.add(st.nextToken())
8, 1562, -1.3, 1.0, -1.1, 0.8999999999999999, 0, tokens.add(st.nextToken())
8, 1563, -1.3, 1.0, -1.1, 1.0999999999999999, 0, tokens.add(st.nextToken())
8, 1564, -1.3, 1.0, -1.1, 1.2999999999999998, 0, tokens.add(st.nextToken())
8, 1565, -1.3, 1.0, -1.1, 1.4999999999999998, 0, tokens.add(st.nextToken())
8, 1566, -1.3, 1.0, -0.9000000000000001, 0.5, 9, Byte.decode(st.nextToken())
8, 1567, -1.3, 1.0, -0.9000000000000001, 0.7, 0, tokens.add(st.nextToken())
8, 1568, -1.3, 1.0, -0.9000000000000001, 0.8999999999999999, 0, tokens.add(st.nextToken())
8, 1569, -1.3, 1.0, -0.9000000000000001, 1.0999999999999999, 0, tokens.add(st.nextToken())
8, 1570, -1.3, 1.0, -0.9000000000000001, 1.2999999999999998, 0, tokens.add(st.nextToken())
8, 1571, -1.3, 1.0, -0.9000000000000001, 1.4999999999999998, 0, tokens.add(st.nextToken())
8, 1572, -1.3, 1.0, -0.7000000000000002, 0.5, 9, Byte.decode(st.nextToken())
8, 1573, -1.3, 1.0, -0.7000000000000002, 0.7, 0, tokens.add(st.nextToken())
8, 1574, -1.3, 1.0, -0.7000000000000002, 0.8999999999999999, 0, tokens.add(st.nextToken())
8, 1575, -1.3, 1.0, -0.7000000000000002, 1.0999999999999999, 0, tokens.add(st.nextToken())
8, 1576, -1.3, 1.0, -0.7000000000000002, 1.2999999999999998, 0, tokens.add(st.nextToken())
8, 1577, -1.3, 1.0, -0.7000000000000002, 1.4999999999999998, 0, tokens.add(st.nextToken())
8, 1578, -1.3, 1.0, -0.5000000000000002, 0.5, 9, Byte.decode(st.nextToken())
8, 1579, -1.3, 1.0, -0.5000000000000002, 0.7, 9, Byte.decode(st.nextToken())
8, 1580, -1.3, 1.0, -0.5000000000000002, 0.8999999999999999, 9, Byte.decode(st.nextToken())
8, 1581, -1.3, 1.0, -0.5000000000000002, 1.0999999999999999, 9, Byte.decode(st.nextToken())
8, 1582, -1.3, 1.0, -0.5000000000000002, 1.2999999999999998, 9, Long.decode(st.nextToken())
8, 1583, -1.3, 1.0, -0.5000000000000002, 1.4999999999999998, 9, Long.decode(st.nextToken())
8, 1584, -1.1, 1.0, -1.5, 0.5, 0, tokens.add(st.nextToken())
8, 1585, -1.1, 1.0, -1.5, 0.7, 0, tokens.add(st.nextToken())
8, 1586, -1.1, 1.0, -1.5, 0.8999999999999999, 0, tokens.add(st.nextToken())
8, 1587, -1.1, 1.0, -1.5, 1.0999999999999999, 0, tokens.add(st.nextToken())
8, 1588, -1.1, 1.0, -1.5, 1.2999999999999998, 0, tokens.add(st.nextToken())
8, 1589, -1.1, 1.0, -1.5, 1.4999999999999998, 0, tokens.add(st.nextToken())
8, 1590, -1.1, 1.0, -1.3, 0.5, 0, tokens.add(st.nextToken())
8, 1591, -1.1, 1.0, -1.3, 0.7, 0, tokens.add(st.nextToken())
8, 1592, -1.1, 1.0, -1.3, 0.8999999999999999, 0, tokens.add(st.nextToken())
8, 1593, -1.1, 1.0, -1.3, 1.0999999999999999, 0, tokens.add(st.nextToken())
8, 1594, -1.1, 1.0, -1.3, 1.2999999999999998, 0, tokens.add(st.nextToken())
8, 1595, -1.1, 1.0, -1.3, 1.4999999999999998, 0, tokens.add(st.nextToken())
8, 1596, -1.1, 1.0, -1.1, 0.5, 0, tokens.add(st.nextToken())
8, 1597, -1.1, 1.0, -1.1, 0.7, 0, tokens.add(st.nextToken())
8, 1598, -1.1, 1.0, -1.1, 0.8999999999999999, 0, tokens.add(st.nextToken())
8, 1599, -1.1, 1.0, -1.1, 1.0999999999999999, 0, tokens.add(st.nextToken())
8, 1600, -1.1, 1.0, -1.1, 1.2999999999999998, 0, tokens.add(st.nextToken())
8, 1601, -1.1, 1.0, -1.1, 1.4999999999999998, 0, tokens.add(st.nextToken())
8, 1602, -1.1, 1.0, -0.9000000000000001, 0.5, 0, tokens.add(st.nextToken())
8, 1603, -1.1, 1.0, -0.9000000000000001, 0.7, 0, tokens.add(st.nextToken())
8, 1604, -1.1, 1.0, -0.9000000000000001, 0.8999999999999999, 0, tokens.add(st.nextToken())
8, 1605, -1.1, 1.0, -0.9000000000000001, 1.0999999999999999, 0, tokens.add(st.nextToken())
8, 1606, -1.1, 1.0, -0.9000000000000001, 1.2999999999999998, 0, tokens.add(st.nextToken())
8, 1607, -1.1, 1.0, -0.9000000000000001, 1.4999999999999998, 0, tokens.add(st.nextToken())
8, 1608, -1.1, 1.0, -0.7000000000000002, 0.5, 9, Byte.decode(st.nextToken())
8, 1609, -1.1, 1.0, -0.7000000000000002, 0.7, 9, Byte.decode(st.nextToken())
8, 1610, -1.1, 1.0, -0.7000000000000002, 0.8999999999999999, 9, Byte.decode(st.nextToken())
8, 1611, -1.1, 1.0, -0.7000000000000002, 1.0999999999999999, 9, Long.decode(st.nextToken())
8, 1612, -1.1, 1.0, -0.7000000000000002, 1.2999999999999998, 9, Long.decode(st.nextToken())
8, 1613, -1.1, 1.0, -0.7000000000000002, 1.4999999999999998, 9, Long.decode(st.nextToken())
8, 1614, -1.1, 1.0, -0.5000000000000002, 0.5, 9, Byte.decode(st.nextToken())
8, 1615, -1.1, 1.0, -0.5000000000000002, 0.7, 9, Byte.decode(st.nextToken())
8, 1616, -1.1, 1.0, -0.5000000000000002, 0.8999999999999999, 9, Long.decode(st.nextToken())
8, 1617, -1.1, 1.0, -0.5000000000000002, 1.0999999999999999, 9, Long.decode(st.nextToken())
8, 1618, -1.1, 1.0, -0.5000000000000002, 1.2999999999999998, 9, Long.decode(st.nextToken())
8, 1619, -1.1, 1.0, -0.5000000000000002, 1.4999999999999998, 0, tokens.add(st.nextToken())
8, 1620, -0.9000000000000001, 1.0, -1.5, 0.5, 0, tokens.add(st.nextToken())
8, 1621, -0.9000000000000001, 1.0, -1.5, 0.7, 0, tokens.add(st.nextToken())
8, 1622, -0.9000000000000001, 1.0, -1.5, 0.8999999999999999, 0, tokens.add(st.nextToken())
8, 1623, -0.9000000000000001, 1.0, -1.5, 1.0999999999999999, 0, tokens.add(st.nextToken())
8, 1624, -0.9000000000000001, 1.0, -1.5, 1.2999999999999998, 0, tokens.add(st.nextToken())
8, 1625, -0.9000000000000001, 1.0, -1.5, 1.4999999999999998, 0, tokens.add(st.nextToken())
8, 1626, -0.9000000000000001, 1.0, -1.3, 0.5, 0, tokens.add(st.nextToken())
8, 1627, -0.9000000000000001, 1.0, -1.3, 0.7, 0, tokens.add(st.nextToken())
8, 1628, -0.9000000000000001, 1.0, -1.3, 0.8999999999999999, 0, tokens.add(st.nextToken())
8, 1629, -0.9000000000000001, 1.0, -1.3, 1.0999999999999999, 0, tokens.add(st.nextToken())
8, 1630, -0.9000000000000001, 1.0, -1.3, 1.2999999999999998, 0, tokens.add(st.nextToken())
8, 1631, -0.9000000000000001, 1.0, -1.3, 1.4999999999999998, 0, tokens.add(st.nextToken())
8, 1632, -0.9000000000000001, 1.0, -1.1, 0.5, 0, tokens.add(st.nextToken())
8, 1633, -0.9000000000000001, 1.0, -1.1, 0.7, 0, tokens.add(st.nextToken())
8, 1634, -0.9000000000000001, 1.0, -1.1, 0.8999999999999999, 0, tokens.add(st.nextToken())
8, 1635, -0.9000000000000001, 1.0, -1.1, 1.0999999999999999, 0, tokens.add(st.nextToken())
8, 1636, -0.9000000000000001, 1.0, -1.1, 1.2999999999999998, 0, tokens.add(st.nextToken())
8, 1637, -0.9000000000000001, 1.0, -1.1, 1.4999999999999998, 0, tokens.add(st.nextToken())
8, 1638, -0.9000000000000001, 1.0, -0.9000000000000001, 0.5, 9, tokens.add(nextToken()).set()
8, 1639, -0.9000000000000001, 1.0, -0.9000000000000001, 0.7, 9, tokens.add(nextToken()).set()
8, 1640, -0.9000000000000001, 1.0, -0.9000000000000001, 0.8999999999999999, 9, tokens.add(nextToken()).set()
8, 1641, -0.9000000000000001, 1.0, -0.9000000000000001, 1.0999999999999999, 9, tokens.add(nextToken()).set()
8, 1642, -0.9000000000000001, 1.0, -0.9000000000000001, 1.2999999999999998, 9, tokens.add(nextToken()).set()
8, 1643, -0.9000000000000001, 1.0, -0.9000000000000001, 1.4999999999999998, 9, tokens.add(nextToken()).set()
8, 1644, -0.9000000000000001, 1.0, -0.7000000000000002, 0.5, 9, tokens.add(nextToken()).set()
8, 1645, -0.9000000000000001, 1.0, -0.7000000000000002, 0.7, 9, tokens.add(nextToken()).set()
8, 1646, -0.9000000000000001, 1.0, -0.7000000000000002, 0.8999999999999999, 9, tokens.add(nextToken()).set()
8, 1647, -0.9000000000000001, 1.0, -0.7000000000000002, 1.0999999999999999, 9, tokens.add(nextToken()).set()
8, 1648, -0.9000000000000001, 1.0, -0.7000000000000002, 1.2999999999999998, 9, tokens.add(nextToken()).set()
8, 1649, -0.9000000000000001, 1.0, -0.7000000000000002, 1.4999999999999998, 0, tokens.add(st.nextToken())
8, 1650, -0.9000000000000001, 1.0, -0.5000000000000002, 0.5, 9, tokens.add(nextToken()).set()
8, 1651, -0.9000000000000001, 1.0, -0.5000000000000002, 0.7, 9, tokens.add(nextToken()).set()
8, 1652, -0.9000000000000001, 1.0, -0.5000000000000002, 0.8999999999999999, 9, tokens.add(nextToken()).set()
8, 1653, -0.9000000000000001, 1.0, -0.5000000000000002, 1.0999999999999999, 9, tokens.add(nextToken()).set()
8, 1654, -0.9000000000000001, 1.0, -0.5000000000000002, 1.2999999999999998, 0, tokens.add(st.nextToken())
8, 1655, -0.9000000000000001, 1.0, -0.5000000000000002, 1.4999999999999998, 9, tokens.add(nextToken()).set()
8, 1656, -0.7000000000000002, 1.0, -1.5, 0.5, 0, tokens.add(st.nextToken())
8, 1657, -0.7000000000000002, 1.0, -1.5, 0.7, 0, tokens.add(st.nextToken())
8, 1658, -0.7000000000000002, 1.0, -1.5, 0.8999999999999999, 0, tokens.add(st.nextToken())
8, 1659, -0.7000000000000002, 1.0, -1.5, 1.0999999999999999, 0, tokens.add(st.nextToken())
8, 1660, -0.7000000000000002, 1.0, -1.5, 1.2999999999999998, 0, tokens.add(st.nextToken())
8, 1661, -0.7000000000000002, 1.0, -1.5, 1.4999999999999998, 0, tokens.add(st.nextToken())
8, 1662, -0.7000000000000002, 1.0, -1.3, 0.5, 0, tokens.add(st.nextToken())
8, 1663, -0.7000000000000002, 1.0, -1.3, 0.7, 0, tokens.add(st.nextToken())
8, 1664, -0.7000000000000002, 1.0, -1.3, 0.8999999999999999, 0, tokens.add(st.nextToken())
8, 1665, -0.7000000000000002, 1.0, -1.3, 1.0999999999999999, 0, tokens.add(st.nextToken())
8, 1666, -0.7000000000000002, 1.0, -1.3, 1.2999999999999998, 0, tokens.add(st.nextToken())
8, 1667, -0.7000000000000002, 1.0, -1.3, 1.4999999999999998, 0, tokens.add(st.nextToken())
8, 1668, -0.7000000000000002, 1.0, -1.1, 0.5, 9, tokens.add(nextToken()).set()
8, 1669, -0.7000000000000002, 1.0, -1.1, 0.7, 9, tokens.add(nextToken()).set()
8, 1670, -0.7000000000000002, 1.0, -1.1, 0.8999999999999999, 9, tokens.add(nextToken()).set()
8, 1671, -0.7000000000000002, 1.0, -1.1, 1.0999999999999999, 9, tokens.add(nextToken()).set()
8, 1672, -0.7000000000000002, 1.0, -1.1, 1.2999999999999998, 9, tokens.add(nextToken()).set()
8, 1673, -0.7000000000000002, 1.0, -1.1, 1.4999999999999998, 9, tokens.add(nextToken()).set()
8, 1674, -0.7000000000000002, 1.0, -0.9000000000000001, 0.5, 9, tokens.add(nextToken()).set()
8, 1675, -0.7000000000000002, 1.0, -0.9000000000000001, 0.7, 9, tokens.add(nextToken()).set()
8, 1676, -0.7000000000000002, 1.0, -0.9000000000000001, 0.8999999999999999, 9, tokens.add(nextToken()).set()
8, 1677, -0.7000000000000002, 1.0, -0.9000000000000001, 1.0999999999999999, 9, tokens.add(nextToken()).set()
8, 1678, -0.7000000000000002, 1.0, -0.9000000000000001, 1.2999999999999998, 9, tokens.add(nextToken()).set()
8, 1679, -0.7000000000000002, 1.0, -0.9000000000000001, 1.4999999999999998, 9, tokens.add(nextToken()).set()
8, 1680, -0.7000000000000002, 1.0, -0.7000000000000002, 0.5, 9, tokens.add(nextToken()).set()
8, 1681, -0.7000000000000002, 1.0, -0.7000000000000002, 0.7, 9, tokens.add(nextToken()).set()
8, 1682, -0.7000000000000002, 1.0, -0.7000000000000002, 0.8999999999999999, 9, tokens.add(nextToken()).set()
8, 1683, -0.7000000000000002, 1.0, -0.7000000000000002, 1.0999999999999999, 9, tokens.add(nextToken()).set()
8, 1684, -0.7000000000000002, 1.0, -0.7000000000000002, 1.2999999999999998, 0, tokens.add(st.nextToken())
8, 1685, -0.7000000000000002, 1.0, -0.7000000000000002, 1.4999999999999998, 7, tokens.add(st.nextToken(message))
8, 1686, -0.7000000000000002, 1.0, -0.5000000000000002, 0.5, 9, tokens.add(nextToken()).set()
8, 1687, -0.7000000000000002, 1.0, -0.5000000000000002, 0.7, 9, tokens.add(nextToken()).set()
8, 1688, -0.7000000000000002, 1.0, -0.5000000000000002, 0.8999999999999999, 9, tokens.add(nextToken()).set()
8, 1689, -0.7000000000000002, 1.0, -0.5000000000000002, 1.0999999999999999, 9, tokens.add(nextToken()).set()
8, 1690, -0.7000000000000002, 1.0, -0.5000000000000002, 1.2999999999999998, 9, tokens.add(nextToken()).set()
8, 1691, -0.7000000000000002, 1.0, -0.5000000000000002, 1.4999999999999998, 9, tokens.add(nextToken()).set()
8, 1692, -0.5000000000000002, 1.0, -1.5, 0.5, 0, tokens.add(st.nextToken())
8, 1693, -0.5000000000000002, 1.0, -1.5, 0.7, 0, tokens.add(st.nextToken())
8, 1694, -0.5000000000000002, 1.0, -1.5, 0.8999999999999999, 0, tokens.add(st.nextToken())
8, 1695, -0.5000000000000002, 1.0, -1.5, 1.0999999999999999, 0, tokens.add(st.nextToken())
8, 1696, -0.5000000000000002, 1.0, -1.5, 1.2999999999999998, 0, tokens.add(st.nextToken())
8, 1697, -0.5000000000000002, 1.0, -1.5, 1.4999999999999998, 0, tokens.add(st.nextToken())
8, 1698, -0.5000000000000002, 1.0, -1.3, 0.5, 9, tokens.add(nextToken()).set()
8, 1699, -0.5000000000000002, 1.0, -1.3, 0.7, 9, tokens.add(nextToken()).set()
8, 1700, -0.5000000000000002, 1.0, -1.3, 0.8999999999999999, 9, tokens.add(nextToken()).set()
8, 1701, -0.5000000000000002, 1.0, -1.3, 1.0999999999999999, 9, tokens.add(nextToken()).set()
8, 1702, -0.5000000000000002, 1.0, -1.3, 1.2999999999999998, 9, tokens.add(nextToken()).set()
8, 1703, -0.5000000000000002, 1.0, -1.3, 1.4999999999999998, 9, tokens.add(nextToken()).set()
8, 1704, -0.5000000000000002, 1.0, -1.1, 0.5, 9, tokens.add(nextToken()).set()
8, 1705, -0.5000000000000002, 1.0, -1.1, 0.7, 9, tokens.add(nextToken()).set()
8, 1706, -0.5000000000000002, 1.0, -1.1, 0.8999999999999999, 9, tokens.add(nextToken()).set()
8, 1707, -0.5000000000000002, 1.0, -1.1, 1.0999999999999999, 9, tokens.add(nextToken()).set()
8, 1708, -0.5000000000000002, 1.0, -1.1, 1.2999999999999998, 9, tokens.add(nextToken()).set()
8, 1709, -0.5000000000000002, 1.0, -1.1, 1.4999999999999998, 9, tokens.add(nextToken()).set()
8, 1710, -0.5000000000000002, 1.0, -0.9000000000000001, 0.5, 9, tokens.add(nextToken()).set()
8, 1711, -0.5000000000000002, 1.0, -0.9000000000000001, 0.7, 9, tokens.add(nextToken()).set()
8, 1712, -0.5000000000000002, 1.0, -0.9000000000000001, 0.8999999999999999, 9, tokens.add(nextToken()).set()
8, 1713, -0.5000000000000002, 1.0, -0.9000000000000001, 1.0999999999999999, 9, tokens.add(nextToken()).set()
8, 1714, -0.5000000000000002, 1.0, -0.9000000000000001, 1.2999999999999998, 9, tokens.add(nextToken()).set()
8, 1715, -0.5000000000000002, 1.0, -0.9000000000000001, 1.4999999999999998, 7, tokens.add(st.nextToken(message))
8, 1716, -0.5000000000000002, 1.0, -0.7000000000000002, 0.5, 9, tokens.add(nextToken()).set()
8, 1717, -0.5000000000000002, 1.0, -0.7000000000000002, 0.7, 9, tokens.add(nextToken()).set()
8, 1718, -0.5000000000000002, 1.0, -0.7000000000000002, 0.8999999999999999, 9, tokens.add(nextToken()).set()
8, 1719, -0.5000000000000002, 1.0, -0.7000000000000002, 1.0999999999999999, 0, tokens.add(st.nextToken())
8, 1720, -0.5000000000000002, 1.0, -0.7000000000000002, 1.2999999999999998, 9, tokens.add(nextToken()).set()
8, 1721, -0.5000000000000002, 1.0, -0.7000000000000002, 1.4999999999999998, 9, tokens.add(nextToken()).set()
8, 1722, -0.5000000000000002, 1.0, -0.5000000000000002, 0.5, 9, tokens.add(nextToken()).set()
8, 1723, -0.5000000000000002, 1.0, -0.5000000000000002, 0.7, 9, tokens.add(nextToken()).set()
8, 1724, -0.5000000000000002, 1.0, -0.5000000000000002, 0.8999999999999999, 9, tokens.add(nextToken()).set()
8, 1725, -0.5000000000000002, 1.0, -0.5000000000000002, 1.0999999999999999, 9, tokens.add(nextToken()).set()
8, 1726, -0.5000000000000002, 1.0, -0.5000000000000002, 1.2999999999999998, 9, tokens.add(nextToken()).set()
8, 1727, -0.5000000000000002, 1.0, -0.5000000000000002, 1.4999999999999998, 9, tokens.add(nextToken()).set()
